365
83 98 80 43 17 25 52 97 39 100 71 11 52 15 54 20 41 6 81 94 81 43 14 19 36 14
9948 17640 6597 859 12169 6290 5296 4906 18950 12497 12653 7497 10332 3802 8770 7027 18425 4699 531 19123 15892 5292 1023 7830 6002 3821
3993 3217 5383 15708 3780 16721 2451 17088 17247 17764 9564 4390 1103 9792 14278 1583 5271 16508 19054 96 2728 12853 16034 19605 10510 13301
18400 3312 4481 10655 16564 15629 6559 12880 853 1416 9138 2556 12624 2715 3451 19946 12617 16666 19336 5071 5767 8556 10790 4341 5191 10673
11961 5862 6617 19318 9822 13296 15682 16234 19673 3560 2267 16626 16325 14254 2410 15806 2965 18097 15730 12029 4816 14917 17501 15112 19851 13852
7580 3249 13775 12418 16243 3667 18301 1095 13344 2902 4130 702 136 4518 8772 12914 19585 584 11509 5149 19400 17777 286 3072 3859 5442
6384 8680 15060 2541 4034 15581 19392 6725 7442 4289 13956 4687 7779 12454 8735 17410 2427 2350 8156 1376 17497 15072 17396 605 13187 3988
18128 10700 11415 13142 12121 19664 14205 13147 11609 7476 8641 1655 98 19728 12894 8194 1239 7956 12429 5598 18302 1451 19849 4353 11833 11526
8463 8463 16053 14137 15509 254 110 15993 3630 15454 18049 7824 3352 5058 4691 1576 5314 3387 10452 9784 2227 8253 7329 17186 10848 10865
5997 9376 17302 17025 18853 3212 7483 14487 993 10091 19483 1692 1865 1134 14763 18568 2886 18530 8159 10292 15487 6062 2486 10391 2020 1998
17630 14411 3199 14195 14494 16683 11211 4941 2762 5488 3123 13113 18509 14599 11569 12526 13233 6835 554 1315 16753 17501 9187 3485 18605 5351
6863 4558 12962 14538 15424 7688 1472 12927 5721 4751 16456 3643 8363 15795 3086 4712 11218 119 10062 4162 2601 11289 3609 16720 1854 9609
5993 9512 16712 880 10089 12924 16811 11010 6957 9576 5561 17796 6349 7583 6380 9572 1863 15665 7963 18078 15927 14184 2463 10868 6342 8875
14068 16314 2163 7043 18515 1815 8760 13274 1530 14422 3339 594 147 12831 4609 18305 6931 5646 6331 17789 8501 827 12462 3115 4937 711
243 13387 6326 18442 11312 12873 841 10446 17357 5592 5113 15613 6675 842 13435 9045 1230 5235 9357 7237 17458 1393 2550 2214 8399 7962
11404 13068 1178 15819 4082 9708 16019 12176 3196 11350 6027 2080 19473 15493 12367 45 12076 14636 6042 15736 12720 7738 13761 1102 5769 10694
15146 17187 5833 9306 16266 9304 11140 7934 15523 13725 19445 8558 19818 924 14109 11177 7831 987 16586 18523 6466 8086 8575 8275 11827 4056
3728 6227 10056 9156 5425 10675 14785 15531 5112 1402 8345 16885 6645 1919 10096 676 19967 2341 18220 6325 13702 15368 3011 655 18420 1496
17582 7933 13611 5197 13899 17383 13663 2239 11726 8644 1116 9009 5521 5343 6403 10844 1442 17562 7950 3413 8949 8356 18237 8711 8133 15125
16145 18027 17597 5586 9883 7840 1068 3374 14064 19468 4133 16541 7089 16539 191 1463 12322 2794 15323 7054 14272 6522 4549 19931 19629 16021
19982 8624 16275 7995 16732 7370 18581 5698 6834 6019 17422 18481 17283 2202 784 11326 18 4780 19427 7053 12223 8679 6416 19349 13540 12802
14734 19820 2537 3102 5778 13378 2533 8407 9837 11029 6437 7196 19664 9976 12138 10864 259 18577 12864 10664 4330 6748 19762 9256 8412 13282
13835 10829 5221 4871 659 9468 7953 10572 10744 12334 15253 808 7119 17719 8477 14929 19260 6811 16421 10557 18315 7609 19342 10384 8607 8256
2175 11483 10876 10269 7584 6417 3615 11965 3233 9553 3580 13880 13183 2872 448 175 2989 2459 3522 15643 3484 13834 18810 15766 10949 5128
2272 11808 19016 30 1897 14567 322 17587 1618 15916 12936 12336 3488 16915 17721 11766 9336 19912 441 13874 1827 8103 11436 18187 16759 9529
14621 17534 11143 14129 18959 7902 2563 19379 18861 10299 2354 16393 13922 19781 1862 17097 2599 19015 14291 5066 17523 12408 15465 8142 17020 4090
3602 3129 11669 2272 11128 11329 8816 1762 8663 9315 6815 10113 10186 6836 10921 15952 16700 3345 11798 14404 16634 9049 1337 5307 5501 13570
6714 3800 1047 140 18887 9457 15785 18990 8555 762 6863 100 2019 1450 4175 2252 5375 15519 8108 13570 13750 19415 12141 1067 13932 14202
18342 13696 16716 19051 2459 4681 3681 11659 13550 7527 18384 9654 17163 7879 8270 1711 12908 2192 9921 4741 19528 9298 3553 2281 3740 13147
738 7914 17203 1718 9425 2612 15065 19081 1058 11708 19222 8113 11731 8591 11357 9364 12813 5160 17629 19357 6451 7088 6641 978 12024 11538
7985 17490 5433 5529 11031 12166 6388 13636 19950 9780 201 14653 9717 9922 10139 19003 9457 14807 12635 14718 18219 14908 13755 18484 7680 19529
7871 13359 15475 7389 15647 14025 12972 18706 11712 16498 13934 8164 14232 5385 19427 3491 16170 15525 2145 16572 5153 9475 14269 1214 2119 11450
1551 3493 6026 9928 4628 16305 8630 5400 1544 9404 4746 15339 3488 7971 6187 9140 9279 4151 2102 12650 14446 17016 3365 6121 11431 4341
13902 3850 14882 16445 10716 17396 10987 6025 7617 14703 7553 14931 6329 7573 7071 16965 11485 12164 7960 17461 13160 11852 16243 9137 13906 14661
7153 7920 10536 5993 19997 13204 2652 8019 13449 15226 16123 12156 1786 12159 6783 18807 19828 11683 13095 3797 14926 7502 3022 18583 15554 18056
4814 4429 12089 10066 11071 1121 3535 19986 306 6974 4013 236 14666 18413 6358 19072 4582 2662 8194 11264 6933 1860 10756 8512 13055 5070
13832 10346 12737 4956 3278 7154 16857 7077 10124 366 12775 18719 1044 16581 6049 15145 6510 17994 17858 14250 18925 3563 8276 19083 5265 13398
6876 16390 12613 16389 1367 9267 5123 17452 16328 16729 12632 18844 7446 18217 19895 12049 17982 14582 12946 7492 5735 2808 15494 17606 10295 14693
13439 12698 5240 8054 1315 4120 7909 10782 1980 5518 7096 11793 18573 6600 8839 12057 3906 16122 6491 6388 18024 2029 8538 1751 10944 8761
1852 1831 17710 3373 16931 9912 15355 10215 4944 4948 3382 3936 8059 14637 12955 6688 13456 9811 9407 16820 2950 13745 1197 1261 10369 8796
15609 9609 7631 2688 10614 6965 14298 5632 3118 15899 17408 6808 11503 1348 11774 4231 11176 15898 4284 15443 5899 9384 11145 6520 6888 3002
18770 14312 16699 8311 2412 14695 6606 15603 13249 9505 15581 6170 10437 5143 9478 14110 349 18280 4196 19697 5418 6258 4344 2608 1452 9504
15116 14820 3967 18013 8263 19989 522 13056 16050 2996 5357 9632 8604 6872 14293 351 696 12729 3693 10562 2042 688 17539 2477 10715 6165
5185 14031 3567 11493 2253 8338 15476 11928 16354 10352 369 1551 14805 1669 12780 17047 10605 59 9098 10002 19318 4206 18001 10024 330 7762
5586 565 18969 8651 5943 7155 10709 12939 16873 17050 1287 16239 13158 7005 19187 12146 1511 16519 4885 11984 16026 10935 2973 9979 5458 6689
11839 3375 9962 10960 18764 1786 15452 3538 3821 3665 2560 4210 7025 3014 11825 19884 15016 12053 11193 4617 8772 5222 9259 14947 12930 17044
9774 528 13051 16685 2027 15039 15191 5071 11379 19583 14910 5248 17976 3020 6275 5221 11102 470 10967 10779 9292 8712 5759 648 1613 4453
899 12832 18954 10583 3791 3965 2064 16183 10906 19306 11250 10553 7486 5934 15900 15844 18598 16211 13904 3530 9281 2822 9655 9474 12673 15524
15588 5070 8466 14404 7457 14267 729 4270 1051 8481 16087 3770 3623 18588 954 10610 11818 15337 6784 98 13950 18500 1802 15138 17829 14503
16952 10772 12299 2512 2411 3830 17785 9955 17260 3539 9918 15216 6821 12873 18551 5294 16137 2223 18269 8157 15633 678 19665 15899 4465 8419
8977 11077 11856 3417 14735 2524 2699 13031 12607 8994 10431 10397 14659 16076 16167 12743 7450 3175 11799 11724 2107 1594 18797 17142 6559 18491
2431 17732 5475 9838 4438 8012 7615 10563 14995 3535 11526 7407 9671 12275 10097 18947 2917 12153 7487 7369 14056 16300 9045 8227 8457 4194
2969 6051 5339 14461 16890 16759 10485 7411 13329 13503 9503 10832 11106 11168 3623 464 11882 11518 7000 3593 16225 11705 8698 19480 12545 15653
1835 16697 18998 16524 1978 3334 11561 5635 2563 17666 4863 15172 4489 6528 12892 18074 19391 2564 15151 16640 13151 4521 18109 291 7224 12660
14238 13545 1679 11251 3428 13726 11341 3808 1914 13531 10580 16406 7624 11862 18797 12389 275 13060 18553 15136 17683 1712 14043 5681 14477 6130
5770 12474 1911 3600 1314 19235 6705 5992 6083 14918 5893 17266 6058 472 4619 1800 18806 13135 9320 8623 15233 17708 18610 1393 3415 10191
1659 2722 9780 17127 17567 19783 13631 15580 16688 7803 2641 9244 6775 2879 10214 11355 19674 17706 3669 9600 6980 15999 15354 16773 18759 18314
9917 8795 9700 13587 7564 8844 2979 10974 13616 8223 18303 14424 2259 9141 18696 895 15692 16388 14380 12647 17062 19281 13486 17452 17910 1772
11497 1591 17742 4764 18161 6940 11776 231 368 11735 2901 18362 19141 14540 14672 14202 13881 17781 1100 17942 893 19444 11367 16998 6560 14012
15877 3839 238 571 18552 1241 3844 9718 11262 5802 8815 417 3958 16529 8043 10668 17634 18296 11943 6282 7253 7596 1662 163 19058 15901
16891 494 18812 1068 14351 11423 19243 15201 243 19297 9616 2834 9415 3262 10256 12635 9304 11565 1852 7354 8997 2407 5155 11633 10828 17337
13377 9265 14386 16791 5611 7537 15536 6379 3314 19479 11270 12404 11166 11646 8968 10364 19786 11502 16319 1460 17282 13784 12495 9368 7209 18988
4164 4948 16185 12113 9428 14933 8594 12048 293 11617 19043 6450 19111 7569 6643 12300 14501 11380 567 5917 5552 400 15413 589 15906 5608
11342 5311 16788 18043 16071 14522 6494 19092 1391 168 5117 15825 8836 12044 17088 11482 16772 3616 6098 4534 16097 15194 8733 17305 2961 12464
9583 4429 5023 9034 5778 13514 6147 9564 10857 10902 6308 19505 2543 11705 16158 19969 6349 4387 8846 14357 1935 14838 2233 88 9991 15675
6068 2803 11118 343 9155 11877 11594 14610 15483 5743 14852 5637 13278 13210 12061 2933 9847 17389 15620 18026 17022 12489 5180 4206 9652 17369
9593 18132 7458 13352 11236 15878 17777 17691 13073 7665 14627 16373 8253 454 9170 15680 19310 5593 3650 1497 9562 11629 9134 15554 8191 6234
17907 14554 6360 7017 14253 5674 11355 8082 8674 6698 10256 175 16200 9129 8734 4886 7667 10811 780 4336 8421 5557 6508 3722 5297 17347
5645 1134 9996 18671 6254 10185 11434 5575 15832 14886 12363 10062 12310 13552 10790 19801 97 2498 10313 14414 4843 9533 7326 13145 18171 13247
1923 13582 7448 9253 2138 19190 11543 15684 2255 1024 13928 9393 5035 7496 2757 10397 18192 7664 13419 4814 3390 5385 3398 1137 11274 8968
14152 9148 10881 6053 2361 10562 496 11937 4422 10275 11718 13699 17020 5438 19660 6362 5082 12344 10238 7023 7177 19145 12787 3427 14287 15685
7558 2059 13600 7699 19880 9363 17052 16320 10429 13534 17764 5661 9668 13070 2707 9413 3481 12356 671 17094 1768 12054 5695 5903 11757 6138
6869 9833 3751 15735 6946 766 16006 11966 813 13207 15097 6913 4951 16318 6507 2587 13465 14579 6959 7422 9040 19157 8636 5799 5412 6151
18198 15706 3039 12030 18714 575 17842 17863 4722 3985 7158 16527 5787 919 5028 9234 4123 12566 8060 6721 5042 14906 8556 11244 7770 7827
14761 14702 17434 12014 19744 3558 15233 7537 18667 10551 14195 8197 16020 18481 9512 7690 7895 6958 11619 11751 1958 11271 7768 226 12672 15399
3867 7918 8944 19501 7028 15967 9800 9449 17466 3275 11470 12186 8780 10140 886 6101 15116 6785 9600 14598 11493 9280 15476 12143 9495 8749
16973 12202 19494 6669 10732 7297 8723 15705 10731 2338 6515 15030 126 4814 19630 8584 17599 3335 2795 12179 8420 17259 5673 17850 2715 16468
11559 11428 1302 8113 12100 12136 18476 10292 6204 14842 18735 8678 9488 10339 16602 14443 6476 803 4939 17430 6517 12830 19301 5486 9819 15568
7150 5054 909 17241 18444 4901 7505 17703 2763 10214 6693 4036 17523 2251 4578 12722 14738 18386 7091 18895 8238 17287 10554 9960 14781 19715
2063 9824 1763 12092 385 12151 6182 5117 1315 11875 7030 10451 4506 292 10069 13622 7792 6918 8910 8702 3405 15168 15451 16107 2635 11146
16558 18775 9974 4338 10422 18550 19984 11269 16630 17038 2582 6507 18548 10603 16527 17144 19230 667 4381 17692 13103 8205 820 8873 1928 13670
13531 5001 14936 11146 8666 19265 13115 1750 19288 13329 8136 8420 4268 4558 1774 5835 6983 7099 11584 14536 19151 5820 4937 6496 995 15288
17604 13435 2346 462 14659 15836 2992 10979 14322 15452 505 17108 2539 4267 5566 4601 16262 6250 11900 8737 7015 16186 681 19563 13078 14697
9180 18073 9335 6925 13078 14381 11659 12874 15487 9565 18250 6250 14791 2705 8590 6616 3544 14127 15915 4177 6884 12048 10686 503 6570 6127
14130 9446 14773 10203 6151 17202 16345 14059 13249 18261 10642 14180 11244 14937 4739 8297 18932 6765 19235 16779 12375 11203 3511 8216 17531 12016
7861 14218 14641 5241 16668 12361 12845 19964 6521 5534 12049 12836 8946 15477 15884 98 6058 9938 8606 1006 3581 4142 16686 15198 6979 13406
16966 15755 10433 13770 11047 19497 7654 19031 4817 17688 975 8881 6056 13888 8180 8405 553 10348 16082 4445 16673 17804 12188 8894 16707 9719
6370 16378 1072 298 6014 7185 18337 57 4802 11594 5067 17401 11179 1933 1145 5509 104 11223 11267 12247 8347 13879 4126 16773 18391 1501
858 6632 18385 1791 16408 12628 15528 15359 6396 8030 13231 6328 13570 10650 7189 17676 5426 4863 3220 1193 11223 2591 6412 15382 7173 9972
15699 12931 604 9345 4124 17133 13928 14796 15687 16718 6873 11584 19177 19119 14063 6686 11679 571 11409 7365 13314 19243 4779 1179 4619 19247
2505 15373 19830 16668 13044 5544 6887 536 3824 1200 10415 6338 19766 19874 13822 4080 14659 8729 17612 4075 4430 14596 7667 16809 6289 6687
8775 11419 1156 13584 18590 13948 2975 12261 17256 1920 1581 10801 6777 13843 8719 10645 16295 13587 2179 9833 16738 18480 17948 3982 5093 8495
8007 4233 1111 18533 3934 2415 5707 19269 1381 16839 8573 9850 11231 13715 19999 2609 2523 15624 2361 9515 17249 18314 5066 12065 5046 10207
7385 2036 9234 3127 14961 81 19977 884 12588 2348 13362 12449 2429 13333 18382 11544 4499 17305 4742 9577 12230 8919 13458 5047 15761 18548
311 4978 14959 11310 2677 9835 15295 13858 10304 981 11030 19147 10216 17106 10499 1530 16209 9468 8534 3515 19031 19624 6852 13415 10084 452
411 6133 11849 7419 494 7582 9197 12702 6147 186 5459 9987 18631 11665 7147 6193 19439 12869 14371 7051 15756 726 15950 10081 16228 15350
10235 2191 1139 2455 18680 5999 11330 4086 14599 11790 12762 2643 15171 2691 3722 8415 11440 12872 14857 90 18549 18201 16602 7963 13332 12361
6699 7282 16604 3875 7728 18485 11811 12288 5367 8143 9343 8501 1630 8948 1990 1724 12292 14754 11123 2157 19696 3939 6547 2892 4413 12651
9976 2686 18701 12677 18332 9381 2024 1121 12238 4646 8986 13526 2703 6843 15201 658 10685 7265 5038 12805 13322 7574 15347 5950 19352 7288
19569 9373 13822 15498 8663 6719 15385 14956 17285 11454 13872 9454 12983 1544 16515 12137 8219 10926 10478 15288 6483 18364 8188 8241 9746 5077
2226 19976 376 14547 9089 4262 7664 7756 14309 19517 10328 8242 2509 14974 6534 2345 12587 18970 9564 12882 13634 6052 6497 4015 13503 15926
3808 7443 5661 7888 13130 18741 15069 411 13806 4673 7914 6470 9105 19604 19527 7671 8943 13196 15026 5008 17152 4559 2663 6067 2809 10658
15235 19785 2728 3010 5870 9919 95 1510 11603 15776 4763 12438 1186 1726 19004 6365 9740 7657 4524 17943 15151 8603 19753 12919 5271 10847
11567 5958 11068 3771 13392 19948 7198 4816 5375 2119 12774 193 16326 9786 12705 6773 8917 10107 10816 7656 14848 18744 11625 7188 13469 16351
4893 9642 11934 5880 813 13128 4648 7536 9748 18917 9844 9687 11607 4408 2831 4886 6574 4435 16185 15072 13999 6024 2974 5105 11425 12153
810 7916 19911 7519 16370 1859 15199 19143 17432 1811 15086 6125 14764 14501 4779 15355 11211 15255 107 2869 13150 19782 3768 9390 5444 11009
4472 19580 1235 484 14694 13027 12351 16703 8885 14378 10690 2179 3206 19705 15157 12679 7981 5195 3592 5073 14296 3867 18010 8626 9928 10747
15848 9168 19497 8504 1517 4823 8223 4077 6012 9886 10523 9735 3556 16309 7383 2681 4227 19113 6915 10593 12494 9384 18444 19812 8443 11985
1502 7739 9004 17914 12836 18535 3434 12706 17641 7809 18049 9341 4270 402 7443 12849 5617 13333 4175 7615 5629 8131 4484 19623 12871 559
12982 15325 19723 8471 17423 1536 13223 12455 14868 17730 17406 1475 16659 13427 11650 7999 2638 11098 18989 19858 6809 17840 6934 10886 4421 8643
16779 7382 14852 13167 17323 5539 17722 3447 17831 4157 8056 10117 2438 4200 4502 8917 18833 1778 5055 964 9277 1430 15702 2778 15883 4198
12922 4390 492 17368 10571 1034 7874 10069 16390 14288 13889 19206 14875 12638 19656 15141 3957 14785 11074 7928 13955 1137 19981 1193 8410 1961
2613 9581 2726 6722 2677 1381 18365 1443 13642 1039 14728 13189 18293 16800 3006 2607 2155 9157 6793 9653 10131 7268 14541 3206 19548 16649
1134 14288 11048 19203 16624 3312 19702 9283 4286 5957 12992 6513 4784 14339 14508 12293 14339 11585 9114 1938 14580 2770 8406 11610 11255 16786
872 4734 6922 16207 13504 13415 2618 17530 4354 12312 17082 2706 3081 2361 10221 19642 3762 16064 17405 15654 14149 3044 8700 15443 11788 374
11206 2265 8331 9154 1923 4750 13885 13755 552 7546 16068 5891 6960 6816 18782 6907 11715 603 13936 2727 18210 392 6914 2701 8520 7008
19443 17164 18314 3734 1671 439 4523 5343 11053 9071 1001 4569 2424 16312 13845 4464 6445 15239 4250 3826 2275 14196 19828 9800 11205 13179
13790 2479 17959 16822 4150 1900 10797 6099 10988 1740 5749 1207 7396 16723 4820 4177 318 7725 17664 6487 11574 13592 19428 12953 424 5418
2169 19302 5482 707 2670 17722 14881 8566 5094 16947 12181 18598 3889 8153 19725 13752 9126 19185 13385 14058 5432 18501 8875 7237 19787 11528
9881 7502 17153 17430 10612 5672 9188 2880 6977 2082 3201 10841 11210 5046 13163 9738 14431 11278 4632 10016 12630 5993 15668 2969 8566 669
3738 3957 7875 9919 10059 14710 3899 19542 6133 6655 4657 17717 15074 7945 760 5332 3637 10117 12420 14028 457 4695 6106 8818 8325 1754
2448 6555 15478 12004 3467 15457 5511 1596 12190 18777 11951 13230 16511 10835 14200 11124 9784 15825 4713 3023 407 16790 917 2019 12355 2274
18200 14143 19208 885 2886 9845 13677 5678 12778 19026 1233 10827 12979 15772 5743 11391 3282 16629 5174 1130 17635 2540 10156 7608 12204 6041
16078 19988 5921 19060 4574 4407 7133 2129 4966 17917 9902 15712 2595 18452 598 12813 15595 7399 9197 7092 8545 4901 10389 4118 15531 7815
10857 18017 13532 3256 8346 2595 5016 4179 17965 19117 4376 9637 15003 13654 10758 19798 13351 18796 1174 19032 16962 9667 3296 17080 14810 14136
3859 4932 18789 14960 10064 6405 8382 12109 1884 1255 7865 16656 15241 19763 7862 5138 19232 4416 10316 204 5518 4131 18742 1344 11039 5999
4723 3196 14201 1440 1130 5492 6004 14265 12152 13019 1415 3312 3678 19676 15365 19520 7592 6573 12997 18429 9801 200 16656 3028 19194 16932
6242 3839 19310 10931 17670 14568 1258 7468 9376 14899 5266 929 951 5659 6680 18463 6158 15873 7546 6120 2188 19753 15028 7890 3253 257
19905 17501 15461 5384 6817 7280 12122 800 60 15576 18237 16548 10894 7237 5263 17176 6392 3917 1922 1849 19362 3804 6026 2677 5186 16391
7025 6857 2607 19694 648 14273 19109 1075 2119 13387 10871 649 8960 1502 16022 14917 1148 14462 3148 10473 1843 9670 5095 369 18062 12664
18697 12932 15622 3007 2670 2795 3746 19364 675 11761 2269 14634 14921 16668 1632 9886 14316 6510 15246 6239 4155 4034 13018 13030 8390 4075
17164 5487 3794 4273 14603 13799 19850 9577 17848 8261 14591 13402 4293 9314 732 15270 12410 3221 16724 14052 52 12176 15100 3649 13303 18891
6703 11172 19790 17660 19016 944 16534 4391 7978 4230 472 19635 18356 16920 19258 7315 7305 19583 39 2710 13173 6159 5071 10202 10360 18783
7576 13860 2252 3017 9446 7756 19551 6189 9566 18217 18784 9213 9407 2818 16360 4017 4224 15191 2909 8346 6646 18499 19828 12685 13523 1061
10548 4773 7962 19440 11190 9302 11859 14484 4867 11590 9511 18421 9238 18577 2668 16256 11985 9816 15393 10514 370 15315 10760 613 9795 17176
12189 5357 6916 17513 13350 283 9825 18634 9604 19772 17779 14946 7440 6418 1839 16185 7346 18257 6249 1320 16731 9939 589 5646 17597 5525
1907 9085 13833 8314 505 6023 704 16021 8395 4202 502 4781 4185 4104 2985 7319 19295 5302 14094 5080 9045 17053 10726 16235 12542 968
10231 11518 7363 10110 19327 17571 16883 15568 15541 14967 2744 12130 19038 19215 15067 3246 10348 5188 2093 6251 11613 13911 12966 14730 4060 11455
2345 19542 5687 10122 9758 18001 17140 6473 14116 13335 14010 15557 7024 562 18111 6728 17467 7466 16151 14167 18775 19351 13986 1756 9376 17467
14387 17200 8625 19617 13069 17884 17892 3434 1512 4189 14069 17295 5435 12139 15064 8221 1838 9780 3684 8247 14566 15013 18917 5302 10124 8422
7211 12478 8057 9059 2947 2674 8298 16104 4938 14003 14217 19209 10669 4836 14083 12112 6919 8484 3568 14214 18512 16963 8352 9649 17525 10546
17081 7076 19604 17932 4062 6379 16174 15469 8383 2594 19237 8527 4307 3324 1513 13169 9142 6632 6299 1839 4230 3733 16203 1248 11977 12408
10215 16511 6563 4120 11574 1804 15914 3648 8288 4235 3768 9222 11921 6212 19083 13379 12835 19814 14002 3453 13532 31 8433 7898 10937 16
15768 13836 2054 8073 13043 17700 12566 19569 2414 16401 12902 8015 775 14477 15997 8075 9672 12176 15566 12793 9446 1091 8635 9387 835 5427
18760 15563 12970 5758 186 15304 10057 14575 18426 7171 9181 4237 16163 13285 3757 15952 7481 18780 13359 12711 13055 13755 19202 6674 12976 1379
5018 17913 13775 13423 16372 11109 8148 3730 1756 8341 3762 5865 2421 6739 6086 2775 8255 16716 8702 5959 18815 11201 12683 1072 2769 3804
2581 16767 5534 9714 16830 1756 12192 1909 15933 17224 4130 15160 2758 5134 164 19739 10780 11306 8771 11933 11127 17543 158 10052 489 1013
189 2985 6780 9239 8487 15621 11152 3020 6917 17832 8499 5041 2004 4169 1262 7019 3072 12755 19322 5032 13007 5313 2603 18698 10999 8356
6517 17972 9900 11526 18862 13076 8071 11427 18034 2707 16966 14626 5160 10389 10602 9096 15653 9149 1557 4082 18848 1619 1265 5766 234 19527
4218 14322 14862 13590 10650 925 18980 4313 11457 2665 14333 12942 14266 10035 19196 16360 16040 4047 14723 16331 16112 18195 4318 16950 16257 8134
6224 10455 855 19703 3912 12230 12193 1273 7562 14052 12708 16526 10682 3886 3691 0 9624 3589 1771 15583 13297 10400 431 5836 3529 13203
18952 3259 6118 19312 14946 14152 3177 16544 19689 13256 14739 18915 4485 6632 19933 16075 10426 2769 11080 986 15298 6901 11546 18256 9286 4273
2654 1640 14615 18555 2686 15464 7523 11243 11077 11475 9369 18155 17627 12125 17407 19725 15160 1222 10678 15381 18270 2178 1793 18060 2856 958
8051 10516 9308 12039 10345 11357 11922 14676 9887 14583 3164 4215 14830 12995 534 1845 989 9991 7419 4255 7469 13633 2378 5391 10350 14634
18360 12748 6170 16830 12493 14940 7775 10477 739 2731 12286 2351 4192 7570 10212 10110 8337 11427 3255 7490 6137 9838 824 14846 7383 19351
14748 16306 16095 10346 12773 10627 9665 16488 12927 6465 18825 8355 4781 14422 17286 12386 9759 10060 6534 18921 10607 13603 17755 3680 13328 11762
8177 4528 611 10051 18603 10644 10028 4220 16699 6119 969 12950 14015 9561 8891 12351 3731 6891 16541 13788 15632 11283 19964 19402 3823 7596
14310 8983 11038 10884 10893 7500 16938 7907 7783 16039 1707 4168 5333 13661 5390 12636 16275 11250 12234 25 16642 12722 12040 1862 17919 10422
19032 13619 5053 3165 18980 9965 10619 8740 2588 1423 4315 8732 10427 17303 2769 10745 19184 16163 5586 6137 8855 19892 11889 3573 18299 3274
10789 5865 3179 5775 5970 4927 3294 12563 11676 4001 7181 18425 19996 14551 1310 18265 3587 640 6727 18818 7688 19994 2866 15869 3538 19003
13432 10079 17404 16228 9570 685 4387 10369 9494 2162 80 11816 3132 18365 325 14553 13421 14654 12648 7522 13679 14049 9945 9652 1075 19006
7483 4925 16807 18597 19864 4274 3566 10271 3866 7267 6422 7814 13256 12296 19984 295 7356 19413 1600 7265 14534 13458 19444 5722 6317 19042
4197 5661 7010 11261 17234 3581 3260 8440 3349 5863 15781 16950 19825 19691 6252 13256 5959 19841 12164 13550 12357 16652 8122 4161 4906 10374
15347 4079 13787 789 7567 13147 8953 14897 13085 3818 47 1995 2850 11226 16430 10720 19072 14908 3893 16092 8962 6952 5432 8942 19056 8050
15249 675 6921 10499 5597 1680 13626 3068 14461 15382 8845 2662 2323 7777 17699 8210 19752 10355 7035 13438 17216 11386 278 13421 5707 19879
14172 341 1078 15360 4457 3229 1364 19361 18220 3990 10610 10079 18343 11115 5736 18070 11871 19096 19963 19612 19814 16443 13248 10203 2893 4919
7796 15425 6598 12847 5085 2928 8448 17161 10041 19609 1619 5499 7971 2882 17200 9645 6259 6792 10703 17037 9531 18149 12290 14004 4061 5784
19270 9902 11903 4340 16904 9825 17243 10074 9116 11962 17185 9937 14057 1407 19737 15599 5903 17207 9992 14023 2763 26 1414 18638 18098 17229
17749 10160 616 15511 10631 16130 13782 15350 7476 3041 17857 11467 8401 10911 16625 714 14467 16566 5670 1680 7354 5982 11306 14031 12314 17564
5842 604 7149 19811 8172 10540 18592 15075 12902 12112 526 55 14243 279 7046 12107 10000 17090 10494 2452 4947 16195 14931 19832 16677 12813
973 1819 443 14344 19678 684 242 19911 19922 7897 8910 11335 13268 12746 2324 9454 6099 12661 7610 9097 6529 17622 6240 19837 10176 5539
17722 8393 2497 5877 10816 12156 15100 9746 7820 13921 19281 13689 7537 18183 938 4664 1819 7436 15316 294 3887 6431 19319 11726 13709 1103
9895 2310 18753 7873 19581 16462 14894 10847 10569 17173 885 3162 14085 1387 5510 5452 11808 3570 18266 18381 12553 4069 11777 9292 18943 9293
1633 16430 18498 6904 13054 16103 2016 4108 18906 4459 6633 9185 5499 7732 19929 19421 10520 5172 5175 13119 16014 2453 11782 18625 13438 18917
5569 6200 2525 3008 12317 9108 3208 2683 2333 7912 9701 18454 7411 9987 17232 7297 2925 14145 19685 7206 1939 9472 11785 1069 929 7352
2546 2369 4794 1464 2508 18841 12986 13752 13452 17106 5443 16753 1379 19076 4437 2642 4489 2211 1052 2225 2991 3811 17185 14565 9427 10092
17800 239 8154 13930 18857 9209 1076 7318 17492 18989 833 10872 11659 3395 9168 2787 19998 11931 14103 826 17055 15619 18953 17429 19813 19919
18914 10838 4415 185 3074 13836 18686 5807 8671 9948 1706 13291 4805 3457 10949 2003 3585 6481 4580 19537 12676 18646 1158 16309 9864 10867
14045 919 10259 3095 2731 6273 2090 7040 11547 11995 13763 6728 15009 14925 18675 10676 7443 1158 17455 5298 2938 11832 4043 14022 10802 4066
14650 10774 14740 1021 509 17865 12980 3606 17871 12950 6034 7063 13694 9891 15989 3774 12485 5342 18236 6438 12313 83 1057 9346 18459 9919
10172 3809 3194 11417 16702 12349 7611 11607 14896 18226 13483 12954 971 11842 10111 9507 11677 9382 18413 11396 15839 14020 3520 15703 6888 4209
12337 18076 3008 6459 1291 16520 19272 462 16508 8186 3793 13029 18989 5938 18201 13303 6987 12840 7317 16163 17895 12627 828 5977 15238 14807
8285 8981 9533 14935 12274 6507 3956 18575 1717 14359 8345 18102 5541 4698 6670 5048 9835 18212 1241 18666 3101 10526 2350 18257 13716 3
16274 16559 3282 14467 207 19406 5941 18918 11627 18002 10103 1428 19842 5650 14769 10061 1600 2521 6631 6181 7501 1299 6257 16962 221 6954
843 14367 1179 11689 5264 17088 6088 16634 15303 10626 1613 10520 13739 6352 13091 5974 16460 6720 1573 4709 7007 9004 11482 14211 18672 19012
4276 11755 4270 18264 18245 12426 6344 1429 1634 14145 15744 12928 1378 13901 15142 19814 1438 19230 8361 67 18415 4914 7275 16738 3473 9737
18894 17945 18380 19021 17595 10724 12984 14380 10914 17781 4141 19798 18237 13629 2770 15513 3129 19126 16593 2158 13483 16121 19916 11112 16999 956
17021 1071 15918 3928 16531 1931 2759 14077 7999 7864 1415 4029 17095 10526 14033 3399 15055 5724 2753 6125 19574 5452 18715 9556 12349 18347
6845 5987 15276 7508 3420 912 17497 18780 1799 1475 12562 15492 707 6788 4907 6620 13602 194 16680 18726 17394 12308 11158 405 16698 8392
5755 16994 5639 5338 5651 9385 17827 1952 8157 15761 16855 14451 15578 4325 5644 7995 1556 15933 15043 5041 9329 17490 10651 4503 14666 7654
6866 10237 10949 1349 13093 8040 1133 2384 10602 12040 5765 16659 18458 2284 9261 14643 7279 2339 8580 3172 1095 719 6315 15834 19585 5668
16647 13872 2072 8569 11494 4442 17190 17089 7846 725 11745 56 2438 2266 18761 9419 12947 2739 5742 8755 13934 13553 4773 15664 15004 6587
5081 7750 3414 10004 2627 4857 14734 8178 790 17305 5030 9642 15358 19921 12170 7210 2249 5721 3320 3881 16553 6126 5312 13023 12751 14345
4168 15955 15898 19167 1408 16100 2988 12077 16963 13583 9998 4681 17095 9764 12271 990 19432 10236 498 11214 6737 3330 12185 19258 5334 2373
3427 9607 13038 470 14622 2404 6709 3215 3008 14773 12086 18416 1566 13085 16573 13789 7621 12112 8528 94 18000 14900 5132 6665 14051 8125
6665 3757 989 16677 16369 11040 4996 1596 15981 12865 15373 5443 6894 5779 5660 2119 12672 2883 14653 15184 16171 1667 5703 342 11484 12027
13271 2850 19771 6656 5903 19763 4464 14072 4246 12473 18597 4419 16155 5322 17033 18332 4086 12797 6797 15734 7686 19172 9437 9027 17542 552
634 6340 2339 4687 18550 68 188 254 1759 4310 12739 1634 18207 14192 8003 2807 16952 5570 4582 7855 9118 8182 8686 1460 13309 11059
19050 15716 16746 6195 7107 17068 17644 5649 19279 14328 18452 16557 11185 10992 41 643 16698 12181 2787 12677 14508 17512 8133 19715 19278 7966
8553 17342 8984 5481 14810 15090 13041 10597 19556 3239 15948 841 1570 6584 332 408 18964 14819 1275 11641 14999 7486 2238 12303 13595 15532
420 12670 10301 8932 7666 8925 3579 2833 6546 7281 7126 15260 3028 4509 10728 16106 323 9749 8836 1260 12280 19555 11501 229 17155 3271
18934 8335 2041 15088 2551 1055 12887 8249 12425 16372 18716 2873 6683 10408 92 16422 7122 19436 14820 15799 654 8039 12098 10776 5605 3642
8360 11600 13612 11370 8484 15848 9034 168 1941 12421 3459 13310 8418 9887 16605 10722 13366 10088 19434 7181 10596 4745 12371 11123 14453 9169
10743 1465 1381 11682 13369 18447 12147 7644 254 18236 16119 13843 607 4176 17642 19576 14567 12181 2978 6881 9123 2185 10081 10849 2830 3960
7930 13473 15011 18707 11217 18040 19823 17003 7968 13092 10174 6360 16419 11859 8192 5480 13893 2949 6486 3066 9770 2468 3537 4548 15572 10820
7358 19022 1834 12405 9795 12477 2415 15205 14849 5912 3112 19596 17650 9389 9277 10289 12263 2610 16885 11743 10983 9563 1586 9512 14208 5992
17153 1328 17229 3668 1455 14007 14042 2900 8597 4412 19995 6919 16219 13202 3380 249 3669 5429 10155 18773 11852 10048 12958 5239 7960 15614
6607 8602 4258 13795 19712 645 13092 4460 2732 12096 4876 10597 9657 11032 13453 10174 2868 1992 6536 444 5209 13391 18938 3178 1418 9837
18143 5021 7403 5740 7560 2858 13110 8604 13469 2179 7163 16616 1183 10551 15818 523 3556 18925 4074 7140 1092 12745 11194 11777 11577 18234
18786 15126 19798 6749 6660 4251 256 17625 4450 9766 12780 6028 17327 3008 5190 4648 6630 715 16147 14631 2010 11883 19474 15400 683 8413
19077 12798 13218 12896 16992 19111 6175 9199 7934 3253 17598 11419 17008 4660 9410 3321 19885 4196 16701 17161 12655 17983 978 13228 4775 3266
5674 4053 5775 5099 18959 10719 15105 16381 4319 13700 3647 13023 2810 4887 2931 15558 5685 3862 5400 26 9414 4813 16795 9038 17648 11401
7358 10675 18240 8666 15749 6128 1748 10292 18164 5713 16961 5896 1361 182 11805 1953 7703 10739 17077 10170 9516 102 19738 18756 8982 12437
2076 13162 7646 7275 17716 505 19655 2198 3469 5966 8919 4788 4123 16634 18131 13364 18483 14893 12357 9287 16679 9464 13178 12710 7447 17751
12363 10686 8922 17575 11388 3123 16463 11346 17058 17695 17401 12797 8668 12850 13258 11122 7657 378 16875 754 19888 9979 5682 675 9709 2222
18826 17695 16865 2124 13935 14132 18402 9226 10466 11235 5136 3555 16634 10791 17194 4170 13279 19518 10342 16054 13861 15814 6386 18657 15016 11733
7363 701 8998 14564 2125 62 19677 13687 16126 16102 3643 13120 18684 3204 8742 13155 10118 4173 17341 16646 18443 8736 3218 12779 19112 15581
10293 15337 4693 7301 8012 6789 17319 3161 15224 2365 5620 10348 18372 15603 8484 16358 6992 2913 5770 8620 11914 18130 12367 18937 15232 9539
1406 6856 18819 18891 13424 19928 19640 5026 11799 14381 14932 18763 7180 4648 13289 15030 1966 14794 6886 1811 12938 19945 2433 18759 16044 748
18267 4598 2215 15562 11728 9023 17882 4223 11647 12240 1120 15771 5087 14603 8649 15283 11116 7711 6791 11772 18053 12291 12570 12853 10795 17268
3475 12288 17951 469 18710 14771 14471 1598 18100 11960 18348 3780 13796 12232 14589 13811 1995 13950 16034 7764 6845 13005 1897 531 18938 5067
15915 9460 17823 3516 19606 12552 11998 11632 17618 14760 1334 18218 8634 19092 9197 18309 8357 18862 15849 10244 19546 433 11079 6865 14422 6440
19161 10438 12594 13564 1894 10749 11019 14452 19681 15065 18976 1034 2190 5157 12529 624 6941 18443 16298 1739 8282 3453 13988 3273 1345 16373
19032 589 4210 6444 6320 8003 19662 4426 6620 2559 2400 13746 2660 12104 2420 16611 11463 14486 12446 10919 2925 895 11234 15692 11061 13673
11077 4588 1715 6182 2454 11212 16616 11837 11053 17718 10067 14374 7720 1660 14024 8358 16319 10755 19215 3972 19995 11800 18247 9357 7185 15811
17230 7116 13906 18999 10038 16552 8626 11559 9098 15658 12868 16988 2932 4744 7533 9304 4031 2718 11644 8767 13092 2259 14863 16124 472 10889
994 950 16586 18451 8178 15653 17305 17978 8278 17789 7745 12032 17012 4966 14940 11395 6604 6552 325 15557 7658 293 2254 7850 7367 10529
5581 7200 6432 18406 13892 2165 3086 18845 4966 11459 4180 3392 1454 10714 7166 5303 2010 20 19970 3637 3207 441 6473 3710 18108 17534
8965 857 13912 3485 13237 2394 9874 14866 14742 17756 199 8332 10050 814 9017 5632 2883 8805 12192 14876 18508 6215 18896 13831 9924 8980
9056 3606 19926 13176 6038 13044 14106 17525 9788 15084 14154 17850 12154 5456 11108 19994 16573 6730 18428 9414 18183 6821 19260 5114 5680 15294
5984 14171 18446 11464 17109 17149 18641 16673 15836 17876 6566 19542 9370 19886 66 6713 14771 3806 2214 7266 9549 2817 18527 1098 17516 12310
10868 15347 11278 5133 12858 16929 9910 7672 6376 1425 19892 4368 2762 485 8413 16186 19859 15433 15985 8034 11454 19885 4550 8103 1571 19085
11382 16941 13692 5033 18771 5923 8764 17473 12507 19758 13926 12513 18449 16477 6506 3730 17727 11255 16732 11379 8540 19005 1888 15861 15323 18704
3821 11696 17586 11137 4633 13615 9850 5685 14396 5132 635 13183 17381 10296 14496 8661 7129 12948 15232 7807 13696 16289 19278 12075 8226 8068
12718 10399 11577 11112 18012 9754 509 1956 13072 17157 6482 5674 15115 10729 5766 6439 15069 1356 15338 17537 311 11660 19496 2506 16592 13966
9035 7331 7034 14125 7829 13201 3145 13912 1268 13581 15268 17320 9403 8064 5337 16474 9836 5819 6590 17357 2737 12920 5350 6370 6094 6647
4698 14934 18822 10702 19913 4400 2907 8713 12223 12741 4830 5905 14469 4722 18431 5267 12903 9527 15224 12784 18601 16048 9985 11252 8192 8822
5649 6071 2178 17405 5477 1731 3519 3492 1162 13445 3700 135 10429 8764 9413 18912 5463 15099 18358 2159 7911 15716 19251 4915 10909 12261
7108 5768 12764 13088 417 16153 3747 15079 15324 9368 6143 9375 18816 13578 9791 2833 391 18304 9914 7833 12853 11827 14759 17941 14714 12932
3205 13605 8768 2361 16680 3602 5455 10486 17576 13923 18834 11098 15656 6020 19444 1877 3027 11899 15568 13416 7643 5952 18487 2643 14794 7955
6615 13174 18141 4738 16662 11412 587 653 5066 13967 11016 3164 11684 14869 9691 253 18213 17023 7793 13143 13530 12322 19014 15782 1005 5242
11755 17536 2643 9991 8335 11464 7506 10649 8226 11213 14477 6922 18258 10790 12589 2713 3346 12610 13077 14281 1957 14853 2949 11799 12415 5191
16930 2179 2705 5687 5518 17330 576 8457 8529 10445 5504 16393 17755 9521 837 18545 17309 7543 9886 7926 3322 10844 19901 14950 16505 13620
4887 13287 7059 11233 17 17400 10691 15327 19656 10205 8964 7708 16549 10576 15262 19256 18276 6521 12091 14500 18930 9296 9818 18395 9578 2383
10443 7580 4385 19777 15405 4009 6712 6686 6870 10453 13693 8683 16463 12843 19821 7057 2011 1415 16884 623 4747 9509 17994 3460 15011 17285
19918 2277 11586 19645 8978 19475 2310 12684 4435 3291 14613 10381 6226 13056 3197 5297 7019 11276 9482 11620 1160 17016 16592 8802 7709 8481
18580 15156 7489 16350 11820 1621 7028 18353 14081 8954 9868 451 9146 2588 5121 3016 2407 8495 13381 1874 3486 3855 2579 6563 7922 13823
7924 15550 4674 10445 5328 19442 19477 11406 11232 19182 2463 1173 7824 2130 2002 8612 6662 1883 1734 8853 13697 3661 3671 9401 19421 14312
12292 19493 7516 5769 11532 10645 18433 5493 5337 1082 15807 4345 7677 12344 16801 7453 7379 17314 4615 7717 1915 9794 10959 3655 17169 11805
8554 12361 14556 3393 982 9313 14561 4815 18504 15996 18761 717 16494 10086 17937 5668 12861 12772 16259 6670 4631 18704 18838 12317 19539 14436
6295 13545 3333 5224 3399 131 16689 13938 10075 18677 7278 15149 2762 9387 12043 2191 14462 10815 19208 19341 1547 15228 12767 7337 6969 17829
2129 7772 16727 19022 17968 5493 15587 6565 15724 7112 8770 19099 1828 13555 7161 12422 12608 15144 1689 5904 11311 7255 12396 6078 2627 15129
14007 4013 3460 6349 6428 3538 18057 18783 3525 10850 19557 13313 18809 10676 14487 17189 10473 4480 8470 19508 7338 9081 4588 6576 2699 3917
15087 17737 17034 17483 2490 18142 2707 19703 19712 10380 3553 15911 18041 5381 2827 19962 9874 11207 14722 8314 6077 5197 296 1937 18226 12320
2825 16346 3307 9276 7314 8367 5331 8926 10535 4586 8639 8846 2242 1316 16392 19591 12467 5463 10515 12333 5809 16486 17934 9309 3812 8034
15218 5060 1394 4703 13438 9795 5628 1311 19055 13185 1884 11340 17009 1187 13847 7720 17385 11765 14718 16108 6837 16145 3231 7138 15465 5588
13368 4358 11720 7064 2270 9757 2270 2520 15582 2979 19255 14107 4500 936 349 3249 9381 15005 1488 6784 8052 14472 7984 9319 13974 17549
13627 12904 2438 6128 19910 9596 16540 16856 12291 11719 11739 19079 3346 8873 19991 351 18512 4689 5312 13637 15513 13865 14832 19446 12011 8446
12660 16887 16789 15401 14931 1409 3323 1185 7624 6860 11239 5598 18178 15180 11181 9701 11736 15044 11807 7311 3226 3692 8107 13863 3928 11850
6344 14008 17566 7444 8431 10310 11759 19233 5443 4915 15519 18467 14876 2331 19286 1069 4292 11095 13696 3590 19717 6512 19774 10761 3574 10487
6873 8938 16112 16612 11729 18611 19992 14079 8362 9072 19612 9603 11848 11973 6374 16598 15490 1255 5859 17636 16471 4984 2509 1208 15413 5713
4729 11134 6780 1199 9491 15282 8855 501 10756 8502 3535 10978 10242 8600 9085 1303 10833 15980 4340 16312 6301 11975 17598 9467 14208 12068
3990 8156 11910 18560 8236 134 5071 17134 671 8996 16769 1066 100 10179 10440 12709 8136 19978 15898 16420 1361 4928 3411 19100 2506 11087
1510 18392 9693 10652 2501 18195 17561 6865 18780 378 4394 12994 18455 13103 8855 7935 3070 6263 6422 9649 3067 3440 10245 16297 16424 4046
8147 16303 7913 18877 12860 18652 12938 18471 5300 12959 9696 10828 1201 2159 18586 8908 14720 5099 7610 5907 4553 5498 6657 10216 15254 19892
4880 12662 11334 6738 13909 18104 1848 3808 10555 12630 10626 14791 10064 3975 14807 15435 14049 9086 18693 11820 11912 4407 17274 14320 12503 15498
1979 6751 12552 5678 16367 398 12131 5402 5465 18461 10410 15937 6258 5384 13740 931 14799 16238 4718 13431 14940 14083 13502 11605 5686 11843
6965 12328 19316 4124 9914 18167 13352 1336 2553 19808 10862 11865 3522 6898 7699 859 16787 3780 16562 11432 16267 2829 4020 17729 542 1296
17149 10757 16406 3920 10711 2253 15725 6830 14092 8280 5328 9603 10725 8388 2885 5099 16501 6329 11894 18431 10129 4617 7923 5424 1120 4117
3109 12300 9885 15538 9259 12537 3486 78 13054 18762 8265 6396 10316 15838 17147 18090 2456 10085 8396 11790 16492 12130 17317 16913 9056 16148
12702 10755 5085 18515 16149 8970 7703 16108 10241 7045 428 5909 6864 9285 4933 13916 678 18821 7538 176 798 19077 13239 6840 3000 1076
2121 7644 8376 354 9346 14435 17963 2300 7316 7475 1742 17312 2374 2688 15083 13836 17874 14030 2150 6852 13801 232 11339 11057 13300 7488
11756 6733 15490 15053 15038 3541 1012 4480 8177 14611 10865 18441 7923 9113 18577 17844 9159 4847 17970 16535 13465 6484 17939 9739 13689 4589
12569 11367 4497 13866 16615 9501 12167 3150 14782 8783 1100 19675 17833 5752 16145 17949 14605 1060 7808 4793 13663 15853 3185 558 8096 13484
6220 7522 1898 15228 6506 7211 12359 15021 1059 10017 7772 15838 10293 15463 16528 11714 16014 7850 7306 19092 15208 2350 6184 15645 3042 4356
13648 8880 17329 6143 15025 4802 2612 16437 4630 19559 6935 4757 12076 17367 19058 7949 11790 15601 9016 12595 4895 9070 1100 17123 10238 13260
3768 11975 6698 9992 4870 1831 6910 7237 10464 5415 8978 18659 4819 10325 8455 317 18865 11633 8813 474 14967 18807 10979 10066 11533 13560
16113 14610 737 5682 14456 13043 6148 2036 8969 7958 194 16227 18993 7886 11521 17702 10781 18253 6279 6966 15865 728 5954 16493 13776 8931
12895 461 7926 15130 571 4520 5692 7673 9648 15956 17774 8595 16178 5262 13669 13861 6553 8256 8454 4292 8020 19198 1067 14225 8674 5616
9156 13969 12338 19256 172 4197 10613 19724 4093 864 19558 12737 10520 8657 19004 8475 2988 6471 5443 8888 2537 6461 3930 6392 18580 7151
3317 10614 9406 19371 449 15293 10520 19063 17175 6633 11054 1383 19939 4903 15252 3783 12702 13873 9978 16210 5309 586 438 17982 9499 15948
2142 11528 7704 18342 15805 12633 18293 6602 15153 2502 15386 18395 3338 15600 102 10209 19836 7821 15 9554 7673 3750 4511 18793 4545 15352
8074 10497 8399 8501 14741 19936 14293 17100 18031 4029 10236 7557 16369 1897 12247 9740 3255 11089 12785 5377 5155 10829 13857 1696 12424 11935
13086 2779 16591 1581 1201 17613 19312 12711 14451 19757 7669 14900 11418 14012 18197 3834 1207 4297 13456 1977 6926 14521 2316 8701 13987 5034
14477 9311 4000 17418 10224 14057 5695 2293 16770 1928 17183 10053 14102 18552 12854 678 7412 11279 2978 18423 3722 16053 1461 6717 5042 14889
765 6756 3608 11810 19068 12872 3821 7659 19281 11234 12589 13937 7332 8938 6016 19909 18560 12200 4150 13763 16405 7669 12113 42 18767 2789
12447 13191 9981 11437 1403 7666 844 4978 2689 11282 6409 8644 10955 18568 1595 12947 4250 7866 5699 16267 14906 9276 6646 1891 8084 6606
14121 13652 14129 8864 3048 6383 2702 1538 12434 5965 10774 11414 15975 4279 11699 7919 11172 3398 8784 6373 13122 9340 7659 10601 19052 6649
14672 19507 3807 13787 2805 18587 15557 16070 15061 2630 713 9091 5131 2924 18700 19083 4557 11122 18508 8538 276 16744 2311 4719 16862 13018
79 16831 690 12973 13670 14012 11611 648 14642 19473 3783 15521 12804 4332 14571 4467 2253 19528 1359 17274 13898 7830 16661 13967 18141 15470
8204 2974 7423 12907 18625 7449 13380 3910 16202 4522 7074 11605 8974 5932 10907 2780 15139 3579 12813 19980 4038 14160 156 15258 6230 5349
9561 15153 13636 11420 9996 14602 17331 13983 6680 11978 12047 15496 36 14401 15277 11177 9766 17181 6377 929 7704 17267 18905 17998 14935 14292
18872 15932 13708 12824 9881 3100 11994 17688 18755 7738 10621 13065 18584 12167 2298 19820 8567 17107 237 10841 2144 12124 5368 3538 18178 1941
13195 18731 124 3700 4393 17764 9510 1158 19595 6124 10950 9336 3190 10212 18200 5328 5244 18537 9690 2220 15737 7571 5033 5307 9247 15267
18309 802 5526 12695 12057 7259 14712 15538 19046 3328 18318 3269 8121 7141 15579 1910 2435 14372 17435 7024 8544 8611 14205 14099 6345 15807
12800 3720 17939 10796 4162 18219 8170 612 11105 14982 16703 4914 7451 8960 9246 3823 7544 17499 16853 3721 100 375 18450 1620 8151 3107
19320 12109 11279 863 7699 5178 14789 17306 13234 19615 19823 14412 10376 18507 15240 12415 16135 13876 4858 10497 13808 14608 3394 10214 7943 10495
3551 1881 4228 11680 14265 9111 14203 2101 13945 18352 10894 4064 5247 17609 8681 16526 15765 3538 15637 6636 19893 17094 1163 4559 9442 1725
5405 12618 10512 2029 17089 14984 620 2653 10190 15361 14788 9415 5928 17067 6643 6213 9797 4110 3382 7158 10349 4974 18955 15589 1661 18484
15386 9569 17863 14202 18254 2868 3347 14788 14399 10936 4705 14770 4167 1284 17814 3014 6587 5191 2764 3137 3205 6268 18839 11774 3097 14581
14869 18897 5796 18526 3697 15757 15351 317 17347 13771 5513 85 4350 2095 10738 9862 2126 9557 1313 6499 4687 12176 18951 11568 12487 10275
14139 19177 5278 13445 9129 7205 1618 9329 8434 16016 8162 10394 1386 8327 8304 17960 2843 8751 1773 16947 7237 11316 17616 7679 19183 14195
5307 8199 14624 5724 11609 1724 12991 4457 19829 7808 8612 12804 314 11847 14352 3522 4376 79 18834 14155 18753 7040 4412 1608 9531 5966
6871 9484 14099 2711 8572 13572 8216 1670 1937 4598 17090 1704 7377 255 19948 13219 9586 5419 16249 2506 1098 7402 6674 18511 9487 3856
11555 9548 16083 484 18588 11784 17836 7928 19754 17713 629 6370 551 19621 6107 6557 10918 6835 7432 16442 17058 7215 4727 13748 4573 960
9971 19448 5536 2697 16035 11096 14237 12121 13502 19458 13543 5605 6045 7926 11201 865 17471 8803 10443 14561 11053 14762 10512 6257 15869 15526
6059 9371 3991 18546 2321 19153 17306 19432 105 19958 12372 1424 5251 5100 18249 96 13102 19749 19655 15193 3605 13373 401 6105 14961 5377
17609 18610 16361 14545 6326 2030 19655 16253 14782 5993 5010 10506 11856 13796 16491 2254 12107 15599 10662 3772 4067 8749 2050 9790 1971 1470
14971 9579 5106 7616 8979 16904 10255 9299 3427 2570 3999 7173 17847 17027 13040 12668 82 19550 11606 8804 14909 10807 2122 2258 16844 1439
7910 16796 11587 883 1714 1142 10678 17362 17344 10438 7224 19457 10360 17978 17649 7397 3874 13521 11340 19792 8932 15630 8777 15187 10412 4815
17697 8930 3982 19758 16785 7892 5643 4561 10642 6759 12531 7482 896 11260 13387 7420 10344 12495 17050 4842 980 12869 12772 13855 16211 8145
3988 12493 3274 3159 18493 18470 3411 13920 9607 4645 4205 917 8706 5711 11619 13610 13715 6602 6070 1585 7820 4688 14276 18332 11748 15313
14492 4539 12762 11841 10328 11238 3904 1272 3706 12781 10320 13933 4317 12194 10712 17062 16170 4678 14160 3770 11661 1747 15551 18233 11599 18248
2142 6753 17544 14028 5053 6361 13333 19736 10560 10146 19846 10975 4410 2664 15679 3608 11105 14389 9721 10359 17545 15718 936 301 1158 6874
8352 982 16598 10619 8489 12666 7319 3792 6926 5661 13803 1945 11539 11873 11174 8435 13445 133 13982 8227 6269 19345 2635 17682 9138 12895
11979 2019 17687 12717 2826 887 13980 8024 2016 818 5112 7375 4638 9612 19464 19024 11871 11885 14684 11202 11784 1496 12897 11734 8735 11044
8699 10759 14246 1862 9476 11165 11745 7106 18675 17176 7817 18083 10316 3107 2727 8907 16485 4434 18058 17670 18187 14475 2460 16168 16561 6513
708 16573 2973 11500 19545 16936 11774 9911 18254 10944 18240 15642 18819 7980 2355 6856 4723 19936 11773 11173 408 6150 18284 17525 14654 3932
19183 7445 17569 19915 16169 2696 6478 18084 18129 10057 11636 13595 11134 4245 129 7731 16001 12214 16042 15496 5875 9302 10630 18274 15869 10432
12550 7639 4165 1445 6413 4720 15929 5924 3569 15695 19858 8023 7526 8832 3384 16798 2159 7590 18343 2978 15369 1923 11884 484 12625 6657
15219 8335 18602 10061 9101 10152 15600 3698 11689 745 7724 784 13256 9615 14945 8783 1109 2235 11598 3004 12475 14381 10511 6338 8559 3137
13477 9046 3575 4911 16706 12689 9091 2329 19618 851 17587 13096 1603 18595 9591 10829 11635 11492 7381 12536 10977 8739 17332 2587 14399 11748
4135 16848 11476 19209 19993 1966 7187 9023 5825 1201 9053 6072 13575 13511 10522 13939 12316 2536 17073 9618 13 14352 12710 16719 16946 17561
602 2027 17205 5057 19360 18610 3097 8918 6186 4008 12655 19460 7874 12234 574 6255 8921 7206 1086 1582 17507 9269 16790 14951 1970 9811
1086 15908 18650 18035 2221 17281 2946 885 4108 14080 3161 11335 11651 6313 11761 635 10407 3345 1383 14689 10850 16203 15674 19374 3644 12942
10436 19863 5455 14912 2675 756 17384 6927 13368 7795 9349 18406 10634 16792 16293 764 13235 4412 10983 469 14055 5055 13175 1981 18718 14935
15567 5371 19909 2829 5524 870 5362 2301 14879 18679 14013 13166 11743 10378 16174 8162 4610 2285 5164 7478 5759 4582 10434 3026 3034 19004
12760 6391 8217 18633 9414 17439 12040 2568 17116 12877 8697 17924 18232 7347 17 15682 18730 2487 17448 18724 14276 10180 18752 3089 18000 14262
13036 19914 8677 15591 10978 4491 6734 6237 1255 17655 19662 16982 16200 2021 18272 1089 17711 735 16540 13528 4106 14929 15980 13929 12185 9521
17692 5834 9187 1259 3330 6867 1924 19869 3536 7498 2931 7174 7664 14187 18630 6887 9734 17431 17564 16649 14856 464 16490 283 14738 10260
15707 18464 818 7066 14593 3294 10495 13941 11468 5035 19639 8883 14067 10952 5750 8677 2926 37 5135 9441 17729 442 1923 7746 19123 14088
14534 6400 3199 7326 15468 19277 14310 8644 12992 17314 12064 19600 6248 13265 1845 11325 169 10745 7342 13472 601 1765 5645 5537 18127 10522
19195 8633 388 17260 9677 12703 11562 19062 18198 13261 16178 13278 2793 19316 11212 4207 6477 1555 13313 598 4316 9579 13094 8573 18373 332
18310 16263 6876 18152 3373 17232 14572 931 17840 14482 17952 19397 3000 3528 4036 14005 19948 12261 336 3141 11734 1628 5639 12684 12830 14757
2129 9039 3425 13721 1449 13892 6726 15592 11151 15915 12487 15532 2511 3024 8073 14650 10136 10912 19806 14279 641 11321 4392 17010 17951 372
6610 1645 6152 15798 13171 10397 4733 12451 5595 4524 12891 17491 4257 2578 17145 10368 2583 14316 19790 3829 17505 6904 5768 14986 16616 8120
2565 4963 13049 11476 8857 17690 13882 12590 19201 6972 3749 14071 10273 17071 5567 11619 2103 18653 13864 18210 15799 6333 6125 2760 5867 7862
10175 1879 18809 14574 16195 2845 13796 18887 18234 11061 14606 18055 18122 9241 9904 2970 4229 10016 6178 6971 11848 350 12616 680 19953 18730
12056 17178 10719 1858 17793 8913 16201 294 8992 7325 3459 18394 12517 18567 5514 10537 18182 12956 3465 7118 1741 7534 12395 2339 6376 18261
9230 4251 18653 5962 3571 6243 9812 17872 9144 10141 8381 10968 14838 18319 19334 19181 8782 15163 17786 10670 14766 16242 18541 19178 14536 5767
4315 5515 5741 16184 11996 7994 2544 16668 11131 10116 791 663 11184 13346 7421 8162 9630 18714 3252 7016 864 12677 16744 2098 1076 1384
13259 11456 1552 578 16313 3373 5634 10302 19190 7203 18137 9506 8942 697 8664 6124 10748 14333 10257 14173 18419 18973 754 2775 3588 16411
11443 5297 16292 112 17837 18500 17357 17337 19413 4289 374 11174 10205 9739 1482 18148 6658 12836 11323 1071 17045 4576 6518 12251 19322 5794
5310 3155 9606 13254 18038 18481 13236 16865 19539 15103 9701 11582 3877 10909 8947 9923 3632 16456 11899 16480 15957 8644 7347 1614 5295 17769
14894 8258 10688 9473 11632 18711 512 804 18832 16075 583 1891 8405 14654 18392 11187 10676 1337 19639 14798 15541 7299 18913 15299 19400 9178
8264 2506 17977 6077 18285 2864 19072 13254 15334 8154 4888 13114 15807 19953 13585 536 16627 11996 18103 3236 8890 12957 9572 8041 13861 16546
11313 5006 15458 19503 4906 12523 9976 7471 15833 3969 6694 12194 10132 9663 6246 8241 11691 14736 5399 19654 9136 18993 1151 9812 1026 6940
19496 7301 19472 10320 3617 5470 9887 17019 7744 7978 10757 1559 9514 9632 2553 12099 6296 13504 13154 19626 13773 17346 1508 9785 8451 7526
16463 3415 2917 13212 2373 5657 7091 16705 9532 13077 16643 50 11766 6153 5815 1238 17062 380 14085 9390 9333 1970 326 987 12203 10161
5774 10854 18758 3577 15539 4792 10449 12648 12282 18338 12113 2015 7269 9535 13243 8428 5988 18407 8822 15800 14273 5335 13607 3185 3452 8836
5969 7529 7984 15839 18837 13976 18284 18404 10813 18729 5617 18388 15699 4920 15720 8343 19257 7234 443 13267 14519 7713 3447 8242 7289 8724
11076 2897 895 16812 17644 14450 3958 11693 11956 18053 14051 16665 13819 5791 1921 11736 7210 324 727 17899 6702 18747 4365 16272 1463 16241
11833 1957 18182 1170 167 8133 6552 2595 10616 2561 4519 18143 1551 17591 7553 12152 7263 821 11777 735 7544 12274 1328 18008 14524 2094
19477 13744 13274 6400 10347 5693 2052 12491 16804 7219 2031 9998 11123 3826 1778 2515 17537 7031 707 18156 3932 1650 18349 6760 6100 18670
18179 18734 13857 3427 13228 8637 15589 18286 19315 17747 10683 1335 13027 14738 14734 15991 11481 8049 17400 203 9851 2080 4773 1958 9789 1615
4531 5191 1456 11974 2655 165 6483 432 13547 17845 19023 16031 16330 9039 6906 10300 16791 13291 2956 4647 10923 16476 19049 13403 7039 18254
10416 10574 2524 17817 1730 5221 10 12880 11865 19266 4844 18993 4825 13332 3470 2094 9572 10743 13107 5120 16612 3889 1227 2307 18725 3978
12682 15332 18386 4705 5124 13748 5184 7036 3999 1677 16050 11832 1131 7833 10724 2436 3702 16669 9143 16896 9102 11011 1240 3851 312 16194
1718 3967 127 15115 14899 1344 4637 17538 10763 3745 9395 12728 14856 12837 13502 4758 9088 4771 15519 233 2340 18190 3906 5972 2868 11380
13057 10254 1432 5410 19917 839 4883 11251 9591 10555 330 4505 8208 19240 17372 12975 2012 9087 11537 614 15383 18176 3021 3775 11943 9920
11951 12427 9906 4719 2448 12390 7085 19447 2848 4874 16071 2419 4271 11059 16873 2304 14320 376 2337 8719 13511 16023 19650 12103 8565 1281
13957 13304 8070 16555 10391 1619 12066 18318 15618 5463 19077 6434 13321 8651 15394 6526 9557 7448 12256 6251 13817 10514 4734 8387 10151 17429
12402 2905 14836 11844 1240 18813 19946 11365 7296 14437 8633 17744 529 8186 1526 4085 7599 18289 11331 5339 8676 9359 4189 12933 11532 13829
5605 15514 13365 13386 13937 12044 12571 761 6012 9791 11746 796 8115 9851 12826 2452 14967 10939 2639 8287 16599 8201 5612 4392 15435 10218
10205 14005 6437 15177 5560 11271 12165 19099 3708 7115 13816 14453 14729 17357 8129 5182 18766 2475 19488 19427 11890 18536 17175 6964 4457 15521
10190 12066 16025 14644 16773 6802 12017 12338 2373 2804 13589 5551 9502 2751 7011 6792 12532 3011 4749 3361 13417 18523 13478 12401 10535 82
