365
65 9 99 35 14 18 71 43 24 15 40 2 48 31 97 53 52 49 55 95 94 11 92 83 54 76
4658 13981 6454 18069 11560 2522 3739 70 16456 15404 15231 13718 18735 8738 18020 16021 16101 7100 14232 7286 16578 16789 11562 4526 14620 13395
2796 18445 14028 19266 7189 10769 13698 18974 18622 13559 17213 8804 17376 9622 4317 5317 19404 8267 8893 3110 15295 1985 15033 18867 15948 18899
3950 18651 6152 16975 1003 16858 17206 19442 15945 10320 19743 7125 5563 8501 7736 8259 9323 11232 13779 9971 11960 12109 19179 7819 4303 1886
8443 14179 7995 5176 17369 14027 8097 19559 7539 16822 13592 15659 1955 19756 6468 11463 12706 7998 13555 10140 1210 19825 11011 18996 12993 11642
3966 14754 1493 16533 18449 9919 10183 19225 18443 9521 12762 2094 17212 8403 8508 6556 11372 8060 13013 4190 11432 2353 9107 19199 15124 17853
14772 5984 9427 5873 16810 1936 17564 11649 9165 10426 3489 16209 11437 11053 5558 15215 9602 16678 15113 5768 2913 4807 14661 17958 1253 17808
9601 17500 17098 19493 18140 2221 1326 3603 7324 1999 17457 12736 6783 6031 19576 10811 7571 16285 15556 10372 4277 10772 11626 2543 51 17232
16228 7435 11536 14021 257 5535 14129 4450 18969 9304 14032 3185 1627 1428 1360 5724 14402 14390 5826 9217 1175 17731 18483 14803 9387 6089
7674 14592 2038 19238 13218 3877 14753 11161 9179 17242 17505 3385 10129 8454 3890 7141 18585 13696 11208 8986 3199 5538 17741 16204 14471 3677
1148 5495 9329 10410 18199 1174 12283 14170 17499 13162 10507 7874 17110 9615 3977 4960 4719 5877 13101 7278 14296 987 1105 5834 9109 13843
10963 13832 12943 18831 15800 15330 11460 14102 10098 75 11081 54 5365 7841 12549 11462 16502 12867 12598 17071 18998 4345 2066 9572 15663 14243
19532 1047 11039 10224 10968 12959 10851 17205 2694 2312 14897 19976 13296 4778 703 14 13712 17300 12679 1440 11949 2483 6067 6287 12667 10865
8930 7261 784 14060 2824 1097 12198 18264 1354 12060 13922 15264 8051 12159 17450 17378 16006 8958 11397 18920 3524 7674 566 16536 4410 9992
4851 4512 17717 18973 73 6710 15399 19549 819 14874 1840 16498 5057 5932 8527 4288 17836 7403 12174 19874 11014 4089 9487 17851 776 14826
5577 8226 1227 4754 1480 501 15943 19931 562 15373 15673 3572 11151 11181 1353 9522 16437 4422 13816 3479 16713 19016 9723 7792 12066 19947
7489 15964 19107 9615 1373 13673 17473 3411 8561 4107 2482 16700 5423 19234 19702 8138 13552 4379 15494 19440 6877 17678 4733 4050 9390 1322
16444 316 14421 8996 16486 13830 3578 17981 19734 17665 17044 5717 13468 13184 6070 18835 18419 10088 2209 17831 3113 12473 3498 622 5909 8254
2417 6485 15469 6962 4509 467 2667 2983 6417 3951 14294 7546 9623 13874 15198 18325 2542 6442 125 2233 4318 12333 1569 6121 5515 2608
14473 2528 9820 7485 787 48 15473 4647 4662 16250 3183 17667 14067 6320 12602 14969 16519 118 14287 10278 16273 15841 9847 4573 16868 11801
13404 3593 6521 3995 1970 19502 9304 5191 5345 6038 3060 15199 3692 3093 1351 8986 10029 11564 2886 1823 18159 11096 12863 2834 16452 13896
16914 6102 8532 18101 16808 18162 14528 9753 5169 1126 4185 6937 18824 1781 12358 17740 9211 8905 15485 3649 18468 16384 1301 13403 15000 8235
10107 11852 290 14552 6364 15251 19813 6748 2011 3874 132 410 4602 2951 5112 11729 15312 886 215 8847 908 2624 3549 16359 3529 15002
4124 18588 1049 4864 546 12988 19614 5216 11782 16092 18128 13503 5506 4668 19196 1818 5466 4098 988 2857 10063 7335 9170 8126 27 14082
12322 1511 7557 14089 4065 12026 15222 19589 589 18501 12319 13988 16402 11592 7365 11496 10169 5699 5598 15736 9259 14094 12150 3267 7132 19249
13534 18858 3709 7315 4453 17188 5059 18564 14864 412 19798 6969 13950 19557 3029 86 1914 11367 17459 2429 5030 4286 16822 4670 255 754
16134 17080 3085 7044 4177 15634 14142 4514 12768 19297 10747 13564 345 17438 14228 126 6809 16394 82 17598 2186 19602 6150 9637 7143 4762
15456 14618 7314 19657 17042 9034 2882 10208 17886 6746 15704 13551 3377 14024 17396 19373 9591 16609 9042 4907 18332 19118 16285 17983 2416 6770
3273 17559 18042 11705 5886 15747 16263 12649 7132 14760 488 18359 19474 6772 18499 8809 14300 1295 12343 1564 6913 942 5167 13317 14348 3020
6153 14914 2400 15841 18014 4929 15274 2353 11914 9907 4253 16698 11764 11573 6565 15739 105 7407 8378 16425 3875 6812 1542 12120 4116 19913
14381 413 17520 7683 17599 11508 8602 11730 9553 13793 19860 12141 5625 9994 19235 5465 19184 16658 19497 19998 168 13341 10008 11984 13422 14816
14895 8737 7177 343 4889 18521 1397 6144 15837 7019 6972 4503 9296 17370 2743 13072 7879 10293 14637 2613 12450 18598 12958 15879 11301 11048
15876 8572 12158 3949 4808 3112 10113 12302 18924 663 6592 18857 12309 2030 15504 6728 17036 10356 13037 18194 13590 10810 3452 2966 12237 6770
7132 6914 10532 16020 423 6192 14612 1029 5255 15165 17920 14776 11706 14454 3278 14242 724 245 15349 16136 6664 3402 15449 7645 11763 17391
4828 9540 7264 11805 6158 7343 82 1303 18313 15839 2625 11787 9788 18772 11365 3492 5192 10917 16413 19515 1521 2414 18492 9177 3458 1553
14887 15432 7239 19777 7359 13725 10770 8172 12317 3673 18615 9999 13619 5900 17861 12388 3038 14641 2544 977 5027 9092 14780 6390 10788 7285
18968 2842 7155 14267 15048 9938 9968 2110 15376 13114 16982 9387 17912 3261 5932 9033 17817 19616 18992 5602 15757 2217 3877 6299 12760 19705
10364 5219 5566 8307 14592 17662 830 6864 5870 5843 5500 1493 14635 4191 18204 12475 9488 19160 7140 14823 10219 3152 18950 11034 16644 3567
17092 14019 13147 14845 3861 1141 7625 8945 788 9181 14582 8769 15492 10308 3805 9309 4052 4696 10352 17354 11746 14103 2760 14118 21 12886
17282 13153 5116 10080 4629 560 9461 14406 18316 13081 10510 15474 11510 15733 3585 14792 8803 10731 15275 4536 10004 2703 10700 14258 947 17237
13275 16502 16989 15778 19217 664 14508 5434 15994 8214 12158 5917 18830 3314 4621 9617 2606 11112 6241 11851 19458 2041 15941 7992 12000 7862
11657 18853 18136 5573 19983 17906 3595 12217 11347 2544 19754 17393 1782 12112 8939 13643 15794 9116 12746 10802 9748 8858 6117 12802 19130 15170
8005 12307 16119 11563 18052 1899 19600 2348 15172 4300 4972 560 5393 17757 10447 2676 15128 16372 11798 8260 8638 12242 7629 6428 19172 5986
9620 12470 9659 19375 12190 15913 447 470 19080 10812 4513 15797 7088 8677 4884 18722 16558 16510 18951 14911 2102 19148 13854 4954 4264 18225
13282 13153 8241 8353 12034 18947 15912 19128 11490 728 10320 9571 677 15163 15711 16727 2430 11208 1055 11257 17760 1482 2891 1847 1874 6239
18307 4342 18727 18491 13852 6659 11120 13876 11366 15344 6660 15577 17828 14054 19936 6763 5347 15034 19252 18074 5280 16213 19911 11197 11268 15217
4397 8960 8040 10842 8914 7866 17303 4859 1489 7579 12230 9017 5480 5301 19653 15127 114 4942 12940 693 4319 12187 10082 3329 146 18511
283 17303 17603 8137 8748 16113 18354 12061 1881 6236 7095 537 16458 13608 17955 16866 216 11997 8037 19471 18367 13030 4335 15014 12690 18371
19461 11429 64 10079 4560 19483 15200 18102 4303 8427 15340 6141 18237 18122 1253 5125 1983 3503 6335 17178 14447 17267 16530 9737 18668 13157
13518 15143 17952 16780 8318 19888 10206 3850 12933 172 243 12190 14502 10077 13063 12752 3177 19031 2628 2068 11385 15322 18149 18417 1685 10499
17302 6267 109 14567 9610 2280 9836 18733 1483 19388 15439 8324 5871 13194 19746 13877 693 4446 16511 5556 16479 2097 13453 2385 8499 18428
408 9347 7013 6962 13431 4353 5348 5587 14728 15530 2739 8089 15120 4784 14599 7714 14726 18184 9240 16757 2500 18721 13524 19452 12935 16953
11906 12724 13962 7106 11029 5809 5026 2788 13700 19865 6960 2053 13799 9049 895 14915 13806 6344 3936 1932 19191 17056 9764 3964 1658 3024
13282 2081 1766 15555 5327 3437 10015 4775 18060 13968 8426 2476 8716 16958 12123 4828 14770 3510 14736 10059 4381 3088 17275 2184 11852 15059
2760 15792 16857 11681 17428 1730 1761 8293 19860 19492 2120 16492 546 18968 19371 12713 16667 14226 9189 1936 13004 15895 11375 3891 9791 18830
6966 2368 3709 2179 14160 10983 18083 16050 16437 706 7888 2774 2448 16575 12482 18262 13272 9214 14622 10817 18716 711 18555 19538 262 4445
8454 15752 19586 4273 4540 9297 10114 7417 17672 18632 5844 4444 745 19681 11297 14082 7774 14970 12684 12758 6265 13014 1406 9883 8659 1129
17935 4753 6821 6264 1727 2574 11417 18985 7334 8718 3944 9127 7825 5494 18949 3098 18655 2817 4179 3711 8547 1488 1341 3077 15647 6535
16949 4792 5224 5077 1636 14575 205 8917 18701 13833 10061 5451 8077 14483 16180 16824 15442 16847 12273 6847 2478 425 13431 5364 9524 17812
3044 19895 16442 18695 289 2742 2500 10295 14991 15345 8431 13947 5425 9698 1670 16749 794 816 16125 8290 19818 15061 4356 11645 16267 8163
5934 7617 16574 5886 9290 842 12256 13643 14840 15942 16907 2904 4461 19225 15386 2452 6183 3518 6628 12299 19186 6339 14665 4736 6947 5754
12527 19918 13368 12248 19377 16651 3699 16154 11446 8687 12813 14349 18603 12828 11428 824 16198 2901 13253 3688 11944 2844 2710 11346 16796 218
8465 5183 8802 11830 15802 16971 2082 2425 18765 6067 11181 10488 6462 2637 13324 3968 5646 326 6107 19751 474 3681 7125 16200 1275 6938
12500 8280 10988 17700 18521 17504 17081 11267 8363 1185 13009 6687 3028 13197 9799 17995 2802 4383 19283 4529 17227 9894 2899 10943 8831 75
10665 5935 1835 18806 15537 1679 14819 9092 17320 7640 17999 17035 409 4227 19818 7116 12123 15593 10832 5888 3575 2667 13917 19615 2048 4278
18736 18181 9325 12854 10475 9435 9814 2741 5395 14946 1763 9981 1380 14347 18046 16403 17536 12079 7836 15753 1976 9646 17505 19911 11282 10512
18015 6373 7460 377 5761 16010 11077 500 953 6616 5670 18183 18454 1576 10262 2826 5091 17758 16597 3691 18556 18109 493 11153 9106 16657
4422 19516 4359 4783 15610 8863 4472 14101 15595 19282 6773 16921 2855 14557 6197 16533 6230 9117 2492 903 10630 19337 17406 7212 19533 14523
14941 2868 18936 13503 18946 5062 6726 15835 2927 8407 7794 1130 17562 16448 7092 4369 3424 12153 14068 16617 15845 10974 7409 6397 7775 14711
17280 701 1755 19048 16865 7523 7923 2949 12179 10883 4292 3263 7851 18500 17953 19113 11566 11159 10375 13046 16109 1811 13844 19522 12151 19576
16275 5991 6806 12773 16880 2014 4249 10404 11628 6567 10171 16834 7769 320 3405 427 8768 821 18756 18516 13200 14736 774 5611 3672 13645
2632 9662 168 11132 6809 2548 15127 1056 4491 5379 12025 14841 875 7916 4298 1820 5957 6050 14988 16881 6084 6408 18093 19684 10723 4968
16045 11880 10796 3444 17400 14817 4449 17416 433 5516 13154 16837 1562 6323 12448 7926 774 18969 17802 6783 14176 15226 11339 220 5322 4275
8655 5571 3548 12553 14720 11269 7031 2858 12206 12962 9676 5563 16665 6241 12920 11165 3362 11129 10867 15636 266 18317 2110 5373 6637 9462
10887 12918 11058 19620 13188 19467 9267 7545 3042 8741 15719 6975 18085 18555 11613 6610 16134 7737 16086 12797 4835 6666 6761 1095 18828 8067
18416 3710 1124 16463 19321 9814 8473 8330 13923 12043 13884 18267 3524 6992 12932 10596 9221 11670 9277 11286 18882 11438 5191 19596 1481 17701
15504 10153 16539 19439 873 7889 8004 13358 5158 6372 1054 1604 1938 13246 12905 14108 15249 5170 743 9321 15606 6563 16368 17886 8489 11643
8830 16244 7586 7864 14653 8371 17633 321 3282 8994 9755 8681 2777 16725 1160 12053 18614 6680 6997 10758 15225 17789 16876 7231 9415 7440
8360 6334 9880 7635 11773 14313 17687 4501 8386 12186 2421 10362 3648 583 5881 237 17240 734 13537 5333 14696 14694 3076 11962 15980 4112
3029 15486 14576 18049 17458 19880 19370 18521 18961 12806 556 4406 17690 7357 10076 13022 13385 8426 10696 18169 10028 151 11745 6325 19534 11296
5538 4388 6092 12518 1146 19548 14913 18057 9611 12337 19493 8410 2960 12919 10771 6135 19170 8955 7088 13622 17743 7750 2990 19228 18581 10737
13697 3192 12504 15404 17019 9570 15558 5653 15248 7842 5640 9227 10997 13373 12830 11105 9650 15432 14295 9244 12052 4990 7204 16590 16686 5397
14986 11710 18850 1050 7008 5174 11831 1007 2161 17472 1287 12961 19243 4962 18884 11237 12270 19297 6632 3396 16274 8190 11109 13202 18468 13779
1353 1839 19132 19080 11980 16874 15400 3687 12477 6930 10006 4129 6449 10891 18625 2902 12602 18197 15594 17155 497 15952 17073 985 18964 18984
11019 3640 8567 9930 7008 8548 9592 11044 2273 957 17395 4831 12006 495 1245 7012 7370 19036 8865 11651 19061 2825 8233 4951 4588 3696
19078 12545 1495 15388 5023 10691 6576 12138 9953 1941 1257 9857 14183 16430 11602 6486 15823 2831 9198 3868 10489 5655 7301 2948 14791 8073
31 3574 18701 17685 577 4070 13501 6116 4114 2700 10547 18963 14872 3206 17000 65 125 12599 582 2507 851 6291 13827 9701 3939 19197
14254 4552 19400 8898 12506 105 13319 1901 7300 7427 3903 10565 13713 1781 14324 4950 5840 8596 12952 44 17856 10419 1498 9730 67 11375
8504 7415 7379 9098 12056 3370 2077 18719 12267 3805 5611 9967 12316 14976 15465 12743 7073 6156 14667 5060 12744 9362 3210 11601 10021 9983
8211 10513 9761 15761 5152 7194 12462 2807 15683 2791 5246 19446 19390 6886 366 4509 17637 18828 17703 10661 8677 17233 9773 4451 18928 16393
13839 16082 8954 10232 10189 3247 16447 6073 16299 7326 13632 8500 6177 15768 10027 1935 9288 4457 16762 1547 8765 18557 3264 12625 13953 18979
9912 18802 951 16120 585 719 9363 6601 1214 4434 4793 974 16308 247 9217 657 19470 10365 15808 3449 1658 16645 10507 19325 10807 2990
6054 3483 7446 11848 16085 14513 8011 16447 281 9728 603 6118 13849 263 66 14721 3458 10185 2947 19920 15373 9943 14302 5099 4905 5433
16787 10737 4639 6293 9686 10388 15382 1497 3629 10133 3410 13963 17286 2644 12064 4173 13447 13988 19993 12974 11946 9933 15254 3521 16793 12073
9556 17427 6882 11356 10390 5914 4166 9766 16692 7074 6435 9866 10496 17941 15200 17498 8935 3307 3301 18954 11679 11074 9690 10480 11764 2172
17007 18233 17049 17949 114 11009 8429 18413 6377 12294 10590 12790 2952 9667 11126 19834 19602 609 1437 8236 10498 12389 1991 16737 12974 5986
2028 8875 6798 13377 1767 10476 18063 12064 13845 8005 13893 19436 1632 7399 9458 3592 8590 18446 2345 13548 8624 710 8058 19989 15602 15758
14802 6474 11101 16682 12972 6518 14366 7032 7546 12747 4403 3751 6838 14156 5867 11940 4824 9806 14822 7413 4662 12931 1063 13309 17647 18291
3473 16996 18861 4547 8312 11709 15050 18530 15159 11768 1649 5400 8051 9207 8490 18130 4633 9458 966 19000 15121 8656 19499 1114 3923 3584
9063 14188 19609 5271 8167 17526 17206 10339 1122 18806 4574 19626 3147 9627 18665 6056 16839 19242 4764 4964 574 13571 574 8365 3051 19303
19382 10264 6049 1518 7460 4779 8377 8967 274 2633 10487 11371 5653 19413 13707 6203 16348 5461 13268 6121 5632 16365 3730 13151 5253 15840
17155 12388 13762 7015 15354 18064 15082 580 12689 12950 5280 9834 3717 10214 270 17195 9952 18324 14768 19031 11304 8793 16924 15324 5828 1424
6980 2090 15016 9295 7359 9501 19526 6765 9648 16293 8006 13973 7390 5814 6862 3375 6811 12663 7201 5521 8411 19346 14391 4367 2930 10567
12162 19943 13705 9543 15105 3328 12982 16650 14891 19905 8571 17819 7733 14960 9818 11194 1946 10657 18723 7298 494 16295 2227 12258 14561 15799
227 11882 7267 13192 5196 15202 9907 8546 11907 9866 16232 7560 177 0 3151 15801 4192 6097 5266 14541 19229 12392 17113 17814 2911 11030
11764 18901 16105 5599 11549 5388 12239 9923 1659 10847 13719 1381 1718 4149 3252 6754 4392 5319 12036 6643 2734 6101 7605 493 14126 2646
15661 10061 4859 1151 2459 9069 17241 6165 14518 17471 2183 8414 8362 15307 17357 14214 16795 1013 147 6489 6866 5951 14147 17205 15735 15869
17833 2888 15095 11822 5262 11984 15436 11969 15809 755 493 2169 13568 400 16155 17805 3034 12644 7426 11673 3888 14436 10667 12611 13320 8050
5675 19928 18290 19416 11956 3084 11472 10991 10466 13765 425 19624 12577 17830 8181 15796 12385 1500 11472 19173 714 15536 16524 13000 4084 10435
13502 7917 7687 12095 1423 13207 18048 3935 1990 14493 2800 5550 18220 8233 12963 14711 17691 11351 1332 1341 848 6904 12599 14705 4894 90
5878 14010 15950 6351 19882 16878 2670 781 18837 18061 19353 4274 3993 10805 10182 15364 4094 4133 11003 17144 16636 10364 17100 6175 19365 16153
14389 5129 1279 4211 19099 7576 3149 12545 6682 15324 4253 6679 10750 19122 3941 10785 10021 7863 8110 261 10776 5790 11869 9119 13983 10993
7315 9788 5957 5005 10079 12770 10383 17639 9734 7041 14657 4573 643 15738 2522 7360 12658 2977 1490 16629 14809 16370 12958 5502 1240 8692
17918 1243 9111 13606 14141 13279 9565 14406 11232 15156 8646 4762 2738 13627 8565 17434 18441 6356 3826 10026 13431 5844 1114 12863 1421 1248
15651 334 7257 394 7860 3839 916 9514 2116 8150 8532 1695 15614 1157 7689 11901 4530 18145 1373 9692 11263 15039 19527 9506 10803 6686
4371 13171 7390 3227 10630 18083 1438 14888 10748 17971 19858 9149 1996 8901 8061 17907 7270 16979 4411 5520 1524 2104 5732 1158 11260 8958
12266 12954 9758 14826 17753 12838 6536 5137 1093 4040 12830 5615 10740 5142 15197 6474 7594 10609 13436 9602 15232 9388 9648 15926 13885 12770
19701 8682 3477 2198 7570 4547 5657 10276 6572 583 6184 17348 16133 6344 10050 4021 14086 1119 19747 3637 19072 2137 9093 12973 6366 17929
14703 18697 6085 8826 11970 4286 1934 640 18666 6022 3704 17975 8895 6526 13192 437 3976 14328 10604 14029 3916 10808 14081 12581 677 1550
6740 10830 2561 18229 1884 11252 11038 15585 16257 8719 17638 8968 16338 15321 19505 19022 12635 13921 19956 5839 19268 13399 11657 7970 17754 19415
7235 7869 8093 16587 376 10298 11523 11610 7768 12476 2252 8750 10968 15124 18612 3925 3197 19375 11278 9458 3301 19561 5850 4214 7942 15552
2224 4214 12594 10466 5836 10430 17934 9748 1032 10605 19317 8437 13496 16998 18209 19335 8276 10716 12634 18428 1915 18610 12860 10219 15925 5232
319 19521 829 10423 3532 5227 18191 13819 15871 16472 2986 9087 12039 16951 12435 3800 6931 518 11097 13609 10845 16563 4962 8720 4414 12868
14916 4864 13890 14864 17009 2571 16202 2576 19441 10934 1671 10197 16571 5350 3665 15561 7829 10116 9196 6408 10774 13712 10020 15503 19530 13405
15938 10862 20 1103 12594 2990 10753 12175 5882 18480 2590 17435 16390 7821 3812 317 4456 17411 12041 12839 1607 16835 3058 10147 7412 10803
15884 8579 8989 19534 975 15769 15723 17397 12152 7323 15240 10522 16279 15113 19474 12563 14505 2069 18039 18896 17667 3095 2093 12962 9496 18100
19961 17744 15330 2081 664 9040 14369 6779 16223 8163 14852 6798 6788 15121 9909 14950 19158 2946 15975 11334 3741 11385 9795 11954 8574 10643
16385 12304 2459 11204 9839 310 7709 3167 14901 10534 4027 4206 16012 4358 4949 1498 457 11489 6846 9351 2466 10953 9692 18817 6808 8579
8408 956 8475 9778 3121 12073 18625 13693 18421 10578 8033 12827 18438 13748 8744 6803 16054 5057 7473 3899 12258 5122 4685 627 677 18319
15572 13988 13493 10151 2259 13677 7398 7233 12469 14458 7853 9779 18226 13720 10949 4000 1688 19223 17867 19719 19976 4234 5470 14311 16127 8925
18723 5033 7578 15190 10846 9520 13828 4788 16822 1420 1484 13956 3475 13898 10761 4794 10711 15522 12814 5620 11341 12065 17387 7723 294 18720
19862 3853 14436 6995 14956 18963 19084 4956 77 14369 7810 3526 788 3201 1624 659 13539 7797 12291 7575 17211 6379 19814 5844 10755 16403
16145 19426 10352 1787 4270 15082 4177 4483 12344 16352 15015 4698 14816 17254 17050 10408 16427 11140 1646 715 15943 1905 19264 13375 11396 14966
7586 18394 17467 5371 9837 11203 7942 10488 804 18455 6742 16234 10860 7720 10992 8814 3431 6415 19185 19469 17973 14992 19551 9064 14891 14781
13994 17976 19049 6881 14552 18162 13317 10169 17506 11532 1253 17172 8550 7911 6338 10167 13463 19290 8738 15450 19138 3246 13287 10530 3809 11499
18910 12817 15204 16018 230 18132 18819 11450 8154 4974 965 5709 14029 1891 17872 1228 11594 1798 8554 11759 16717 3091 17718 13107 15973 7402
11874 18624 7708 10158 4363 4382 19630 6895 6256 12655 9435 10198 17511 18529 12795 10565 4482 15543 5992 1651 8411 4146 6232 18537 3363 16975
9430 1015 1046 16035 17334 11124 3861 2172 19328 14898 1439 2576 12807 2520 9839 5210 2535 932 5323 8290 1354 2675 14643 13619 9322 5615
18124 10283 7061 4887 6140 15681 16102 8106 14047 8644 14669 3804 18641 6575 14230 12301 12089 5670 19107 11404 9330 18480 18965 17295 4302 15417
11222 2862 9655 7434 18006 3016 10236 14585 7306 18399 905 10822 14202 5493 5192 17532 15050 17153 9850 9044 16062 12295 15249 17607 6534 10009
1527 12045 8004 2208 14644 15644 14563 12490 9776 18227 1367 14585 2653 3128 19371 14790 16910 18107 19596 6079 6173 4458 7070 19641 2482 18832
16807 8801 363 62 1777 7622 16904 3631 16635 7541 8477 15541 8120 39 8271 19248 13572 8487 12779 2066 6445 3477 11626 12674 4587 3577
13055 1842 12630 5970 18255 11979 8501 15756 9908 14037 15818 2936 13363 5637 14522 11900 19148 9392 17656 7332 10411 9681 18667 16102 18654 581
7323 11191 13708 13409 650 13597 4848 1985 540 5119 11792 15041 12863 2501 1576 19208 13496 9123 2585 1097 7733 8487 8155 14299 16305 13808
206 2295 12258 3532 16122 15342 19215 19638 5229 1678 13392 1948 982 5261 1082 6019 3136 8684 2376 918 19599 16840 13008 4078 5303 9749
3907 6522 13300 17684 1485 9794 16615 18086 5730 10658 18214 13702 4800 3950 8692 18617 5492 15529 11011 3121 5488 12430 12947 5303 13834 17091
16938 12362 5981 8280 8246 11523 2297 11847 4323 11002 15006 1665 16175 1499 19243 2157 17673 18520 8764 13520 16830 8 17056 1852 4800 2098
12278 14502 10108 9910 5396 8347 18511 17359 8381 19166 7659 14332 3313 10183 18322 3401 18752 15794 18420 8808 18741 644 6190 18501 1606 19878
15826 9574 13085 12994 11779 19972 17616 12230 2365 369 50 5622 12676 14693 894 13359 7207 4241 16920 13739 11301 10339 19532 15520 8258 11353
14464 6640 8451 9028 3374 8496 13688 18318 12494 12999 3612 919 6827 7243 4235 5392 9297 14017 18040 1666 9632 4479 2469 8160 15982 14998
6585 11284 187 10670 5228 16299 19704 10705 15395 16395 18600 3489 18170 107 4681 17939 9132 6457 144 2997 5316 10135 5472 14688 18150 6095
5564 13405 3587 2731 15653 5096 7487 10765 8832 4757 19490 2024 6871 6240 14254 7946 3429 11254 3948 17471 3786 4805 7913 18341 3294 6937
15404 15619 13185 9515 16010 14326 7931 17368 10049 17701 12171 1920 471 7278 4219 8445 12772 12456 341 10298 943 9274 5812 8526 2194 4813
8378 19081 5006 12226 19368 11192 2607 12641 18871 8886 1551 8934 18653 18827 878 2248 5391 3902 8298 3190 14720 16985 9859 13397 18816 12103
19789 12331 9236 1627 2590 14793 13350 5807 7669 5079 5314 3363 5219 18810 6506 15661 2791 1612 2568 9029 16124 17016 18584 9906 3848 6914
18245 457 841 12586 10408 6384 6906 4365 19341 5296 326 13236 732 7132 15374 9882 16671 16590 14751 18543 5143 19528 8236 10713 1431 6777
19611 19792 8139 15908 13062 2648 19149 11661 2670 19936 11328 17484 2734 4339 593 9531 10790 133 13949 14472 4687 17575 3144 16535 11487 15432
9714 16651 21 8282 18892 12167 7826 7545 6906 6784 16371 12337 11786 8319 13285 10345 13399 16833 12544 2171 8315 9420 6555 13026 18151 19172
1648 7324 439 14364 3334 5785 7760 12036 1054 5764 929 16485 10257 16728 3749 8940 2568 2472 1539 3810 12792 523 8659 1420 9802 850
11061 18141 10759 12470 7374 7993 9640 16345 514 19226 2411 12745 5537 7774 17865 13234 9346 2506 18026 1094 18593 14812 17614 6892 8573 3081
345 19461 4263 8708 17592 8941 12491 13884 8635 1059 18021 14589 10537 654 9591 2145 6233 16937 13424 5939 8651 4750 5221 10594 18644 11453
9728 8787 19296 14074 13549 13011 18582 2098 16846 3625 15712 16493 11224 18120 9076 13658 6454 13861 1083 12804 18362 9065 5961 15245 7053 11716
2168 12332 19324 7613 6801 3660 2009 18636 16251 8641 9205 16230 16974 18420 1717 10231 8097 15832 8791 5057 14596 15948 2767 2633 5499 3314
10988 5926 19827 15441 3461 12965 18449 15900 3491 17723 7478 18083 12831 12199 5791 15962 7384 11450 16556 8445 12295 3681 4804 5442 19556 3634
6665 15798 2163 17193 1924 7726 6793 15069 11059 11585 7981 1865 6924 9209 19475 8346 10373 12810 2852 3700 17508 16702 1064 15126 14591 10585
9182 4204 18611 14495 14478 18270 3107 570 16981 7391 19478 17131 14671 1874 19320 12390 7053 11281 15253 9978 18345 4046 13838 9139 18665 15299
6034 2003 6405 15054 19118 9173 6778 1361 1471 10542 9518 6461 18865 10471 10628 6365 14551 14289 15614 16321 7403 18973 113 6299 855 15043
4709 11649 6243 14463 1211 16163 18331 5556 15653 4598 2930 7628 9221 16514 10276 6464 6982 12039 16968 1433 19507 14285 13285 7492 10078 14243
11118 18576 8962 8590 5525 1747 12130 8542 18516 3688 2983 11192 11247 11711 6381 12990 18498 7071 6215 10865 13320 14413 2335 8234 11157 6911
12597 3056 9644 13995 3986 5893 3946 15394 3375 7178 116 8520 12413 7724 555 18939 13338 10868 11471 2381 19050 13480 6214 14868 10263 697
11108 9110 14018 10874 6451 2459 19885 5961 15516 18380 4014 12808 10400 816 13120 8309 19599 443 477 4987 18667 5081 3822 19671 6632 1802
7558 15751 8221 2942 8424 3217 8865 5468 5202 19581 6906 17080 16878 4836 18121 1995 16822 12859 19671 17953 13729 3801 12051 14720 2666 18732
1669 18418 13216 6659 2104 10111 12237 7323 6818 8447 2969 5025 17678 13908 12848 16348 15257 18326 17838 18218 7034 10162 14250 5856 5758 3577
16293 5450 7685 819 7097 6513 5655 18592 3246 11361 17165 591 3329 9390 15560 16954 1154 5729 16630 17518 10879 16979 5981 17120 11419 1345
12466 11324 11864 17815 18570 2651 16839 15090 8293 13945 8453 8187 1390 13548 4195 12824 10159 10980 11803 9517 7622 11789 13791 14835 8444 11910
7400 18825 8570 4788 4383 14645 8675 10037 6833 9477 19211 4894 15795 10128 3292 5991 2683 15690 9879 16660 13864 3038 14813 4223 17557 7308
530 17083 7706 5913 16528 18901 9645 3122 8216 4541 19055 12807 5621 10212 16141 4460 1146 11605 1883 15376 9572 8171 9851 18519 13079 16521
3622 16181 17147 13497 4648 800 8742 15178 2220 11270 2946 19286 4925 15336 12105 13080 19693 630 18082 2182 9048 838 1687 9819 16461 1439
8704 3729 8380 45 16829 18939 13057 13279 14413 4546 17370 7544 2672 1184 110 17439 10295 9065 3693 2932 16387 17536 15791 1887 1465 18376
18100 12282 16822 6120 19291 2798 11168 16547 14011 16719 19950 1484 891 10135 18063 9991 3429 11203 4449 1237 8766 13193 630 17298 6187 3248
10560 19842 16765 15491 6736 9750 16925 8395 19927 726 17940 15802 16256 10903 13233 4535 8732 1595 11767 9813 5217 17652 11411 13795 16530 9636
3895 16467 17471 18166 19116 18918 18306 8525 2906 5492 9444 11547 14223 13753 13552 5574 134 6510 11151 1704 550 3918 16343 17989 4371 9394
11132 13701 17890 9237 11128 16296 5841 10467 7540 16540 3015 10101 12911 3418 18522 1565 9041 18179 6184 4734 8294 17852 14101 2540 2215 4410
12661 2388 1722 19194 12787 18380 9738 2939 8116 7107 8405 19131 19203 333 15689 5113 8338 4247 14947 357 19487 12064 2927 19166 11614 15980
881 653 15309 3395 8655 9350 13238 15876 18987 16731 7426 9913 4944 4284 15974 17895 95 9662 11985 15825 8849 11795 10847 16582 11454 12553
12991 15814 2847 15975 4867 3810 3712 9155 15244 11085 10295 10057 8494 2730 3526 11573 16852 4654 8916 3902 14468 362 6781 18425 12846 8968
18401 4208 13399 8445 7849 6982 3896 6141 13742 8988 8708 2551 10498 4398 9120 19147 343 17852 3316 12362 1314 12524 13591 2401 9534 7284
18015 12378 4905 2144 6828 16178 7730 9901 9650 10980 8361 13049 19945 14086 15405 2995 11661 12878 2726 17179 4485 10976 15328 2321 16034 10930
17897 8103 8966 2531 11019 8317 1698 19498 14208 6888 17647 11102 19680 12408 5653 19055 1877 7702 13115 174 19625 10629 11056 15953 4470 3109
5851 11195 15962 5056 5893 14507 19804 19490 8120 9276 7655 10344 11037 9662 13742 8492 5862 10740 2664 7983 536 3692 12669 4301 12197 8480
19389 11501 6068 12115 3373 13504 5792 16415 1591 15432 3926 5149 6514 5097 2774 5745 14390 7407 12274 9987 13960 11714 19573 18129 12038 10684
2272 13110 12586 2310 5448 11625 6356 694 13918 16739 6068 955 18700 19739 6451 8793 7988 12088 9451 14302 8033 18290 19786 1195 14060 14994
19747 18074 4868 12359 8054 10683 3049 7580 18634 7324 11625 19349 14390 21 10834 11826 9156 3022 18142 14118 9208 3758 10929 18944 5787 7725
19037 6536 8827 6083 6942 19605 16361 19977 4085 4876 11184 8520 10484 14985 4687 11906 9232 16153 13135 1446 14230 19534 14176 11560 9433 1672
5600 1889 14423 19591 15723 17597 586 2361 8066 9114 9143 15926 1480 13029 17912 17675 2391 2043 13261 15636 1892 18510 15538 19999 11679 7410
17421 9018 6062 10212 13153 12731 3526 14782 2430 13814 12713 4884 1269 19210 18198 15694 6794 19286 347 5946 19662 3835 811 1623 1669 15025
16825 19434 4641 7692 8387 6298 10261 11462 7079 12940 6438 1113 7478 8477 11387 5226 16336 18482 659 13758 6434 8641 18338 1121 890 19431
6775 7070 609 14361 17052 5052 16696 16072 17690 17701 16649 11476 12858 8556 11318 2095 11454 2547 15756 16869 10219 15094 7544 4508 9938 5239
7099 18231 9213 5806 10912 19320 8650 3754 14921 3320 8227 2352 12070 13016 3923 9159 6280 2199 14431 17845 3685 1121 7011 3842 5595 11580
14748 6168 7901 18308 1966 8565 3137 13535 18206 4849 5326 19287 3400 14604 14411 1863 4172 8007 5161 4323 5289 18130 11282 14291 4273 11081
11821 2360 8890 3007 11705 856 19766 19078 1124 3802 1384 5284 6462 16994 5118 4092 15986 343 19563 1492 12626 4831 19698 13913 9145 19756
16182 16413 4878 13367 16549 12866 1135 18457 8200 3473 1111 3028 19610 14292 19686 260 3007 2783 12134 14596 7730 19 6328 19301 15736 1360
2878 19225 3655 9782 18408 14986 16943 3751 9670 5350 10798 7935 10515 15511 5021 10518 7752 11708 19769 3397 3178 10977 11743 11754 15466 2106
17374 11000 5512 18934 7082 4898 13382 14860 17394 18584 10527 16083 1813 16522 17448 9593 14895 6737 2563 14691 17883 18081 3091 14711 17763 16077
4988 19310 8966 10399 14916 4584 19183 15410 13458 19660 4905 19122 11299 6315 6689 471 5163 16643 2400 2203 1130 6459 12272 8287 8839 11613
16801 4977 10361 15743 19225 92 12951 2736 2138 6712 7391 3776 15302 16943 15867 357 3776 6532 10251 11760 8168 17540 4888 2446 16320 10069
9507 14411 5434 3087 1060 1489 13585 12676 14110 12107 14212 13318 12431 2981 14343 15589 2823 17220 16632 5384 4067 14892 8733 1938 670 8901
7006 16513 18157 7114 17255 9965 17642 1962 5724 10796 8963 12679 9015 10505 11212 7590 9329 11476 11964 19972 19910 17409 19642 1306 11165 3287
19206 19386 2241 12712 6619 3023 5066 1595 14268 16551 3822 19728 9018 19192 12188 5520 13242 11924 7931 1853 15089 19199 9996 4267 11259 10681
18222 15587 19222 17027 14043 12229 17104 11947 3216 89 1757 8578 7365 5501 14246 1005 3270 5039 970 19654 6953 496 4323 14697 6558 342
14242 11698 16171 9131 7898 17614 17222 16158 9916 10496 2588 14080 18537 11166 2988 7694 19960 3951 14205 9961 4186 9060 5823 17457 12025 8053
16907 1775 19770 5190 8137 8500 13095 7348 4833 19503 6867 13842 12812 7693 11058 13419 16478 9826 7842 18342 775 10940 10312 3405 2216 1184
2327 17080 18862 11626 15012 5261 10127 17281 16843 15057 19476 15444 11931 7874 19046 777 14610 789 11364 12621 10321 13254 7167 19047 16943 15149
8812 12078 1238 12774 324 6960 150 7352 37 5381 2981 4421 15656 6827 8011 11758 19199 18666 9980 2328 2707 1353 3969 12073 13373 6595
19624 5581 8545 5186 12825 3855 4687 18710 16901 6071 16589 17226 4795 129 13370 14615 10290 12000 5441 522 12028 13301 5454 11663 14263 9221
18311 4366 2961 574 2295 14506 16089 18343 11355 14342 6870 7160 9999 18754 16700 16582 1901 4454 14537 4489 4024 17402 4045 8023 15368 17155
10832 12745 15442 2590 14371 3022 17845 2850 11769 3035 3614 17752 11695 15806 4252 15645 3310 16014 1840 4022 10591 13288 10893 1106 16956 5587
18007 10331 5897 9557 874 19363 1532 7703 3160 17785 13965 13980 3055 10832 11710 9002 5107 5820 13391 2929 16942 10346 4266 7972 14424 9714
12725 17202 4633 7636 7410 15577 10945 10252 15997 11914 16305 4752 7237 17479 9054 14029 10769 6062 1875 17480 16450 4741 19530 19266 18675 4106
10359 13336 17869 3838 13630 12172 5979 13734 2403 14184 67 5457 12575 8463 2405 6160 3883 1977 13478 15804 16777 19490 18048 16030 19763 8815
8082 3666 12810 4372 11344 14115 16967 18121 7778 6368 2568 15340 8998 3395 13810 8232 14088 4064 11111 15225 18689 3135 18579 5314 18124 16624
683 4123 18904 18055 17120 463 4512 11725 8624 18177 18559 14878 2134 1484 5455 2495 4746 1293 11677 14327 13050 17229 6746 19120 13573 12102
14321 8710 12285 19021 667 7961 15417 11363 15099 13158 5720 2475 17494 16444 14397 4804 11270 17917 3133 17347 18978 16945 17095 4239 14211 5057
2727 16754 12510 14777 6353 18038 3416 505 19490 5549 8321 3971 9801 16404 5976 17171 9135 2719 5368 8938 15323 11745 5106 14239 9935 7007
11961 18502 11298 15383 14647 7012 6892 5985 9587 11801 18733 18104 3489 13893 17438 3537 16281 15254 13094 8315 1786 18594 6612 5814 6376 12504
15173 9213 9422 6018 18909 5535 3585 1477 1808 18526 720 271 16611 5411 7082 9989 17801 11813 11053 18471 15060 11800 16053 18588 15095 14744
1561 14505 8321 654 568 11729 12415 19473 8281 7738 14338 8012 12592 2914 7784 17518 3664 16797 6166 16617 3487 2041 4469 1049 14249 15723
3777 3605 15195 787 6629 19382 8638 8986 9159 16948 1236 13919 13071 16091 19899 18614 2794 7386 3568 10321 1122 14385 15996 11057 5584 4936
9360 15911 4197 11096 14562 17743 2822 125 7123 10292 15526 6650 3097 11681 10381 18161 7177 19589 6763 14524 14877 15645 4151 17233 17523 2776
2367 16921 7157 3383 5240 12514 18922 2359 4392 15567 10785 19219 11183 6908 16019 6706 18414 18706 15060 4991 17918 7220 9739 18474 7950 19899
11972 4344 10895 2116 16257 6136 601 15306 18482 17302 2897 2879 9432 4332 879 2286 18744 2080 2538 6468 3711 3687 14844 18235 5418 715
8027 14526 14294 18594 10480 803 17972 14192 18812 10703 14421 9529 18324 2808 8150 14121 4441 18811 2206 5107 7129 10547 12612 10093 14655 17255
5555 8172 5701 12559 4120 13667 5984 12658 19207 17004 4294 11637 1262 3173 14710 681 12237 3167 546 2262 1769 5358 18271 8736 11610 4247
10189 10861 6739 16652 3531 578 5305 9981 5085 13922 15318 13376 12602 2016 5791 13254 2813 15233 1638 9851 19283 12372 19416 9869 6252 12377
2859 5768 12110 13452 7258 10462 7111 11479 5137 12838 3323 11746 12339 17086 13713 1445 3433 15558 11288 10095 7183 13675 5044 8840 10824 19470
4193 14465 6653 3436 18935 18074 7434 10718 17007 17403 17559 19399 16172 8730 17178 10584 2275 3235 9656 2420 10692 16854 2880 19246 15867 16460
1682 7492 6190 5505 12795 11246 9007 15123 7764 10433 10262 6301 18076 11869 8135 12046 8519 1420 1755 4436 9028 4904 18234 6035 422 14836
3823 2815 1995 6404 6311 10446 14058 1395 12824 6101 7204 1562 9502 15592 16949 957 10934 13548 169 9593 13944 4950 1319 16105 1878 1243
3345 19454 10177 11111 18953 10404 4006 14961 15856 2335 5975 12868 1989 2497 8619 1018 2009 9675 6591 19479 17410 13536 9959 8169 12912 5678
406 3127 7370 5092 10116 17503 18725 10089 7874 17798 3401 19914 14286 17744 9618 5852 10357 8134 13338 9448 18751 9758 13750 1219 15502 3036
3939 9148 18975 11375 6515 13184 14541 6179 18104 7141 4211 2595 1054 1247 11572 3636 11526 13644 7844 16360 7650 3066 7959 5766 8749 4296
7223 2245 19233 17193 12546 8547 14272 8738 8720 10928 13686 18331 5025 18484 16554 14378 17174 5576 9272 15931 15910 13246 14255 18788 13724 888
7548 4114 6235 9916 14269 5420 17923 2153 3669 10280 3777 882 15887 13577 14805 6845 10050 3904 4203 9539 6828 19374 3061 17586 12601 12736
13357 12559 4663 8760 667 19402 12188 4882 3563 4495 5660 10958 13453 9549 260 13232 5434 224 14391 8685 15145 74 5050 19402 17808 10140
12089 13642 6928 19092 460 13728 19041 15799 19856 17950 777 7730 13963 7191 1872 19886 17304 95 6547 13306 6618 18902 8556 14270 14152 11014
14538 10528 10205 10737 247 3503 1625 10829 15303 17998 12136 14148 15928 6703 785 1422 186 3998 11092 19955 1184 3768 1278 18293 2372 13436
13850 5083 2655 18348 15466 6753 10173 14688 12184 18673 14663 10173 16186 12882 16609 3725 6119 15474 11453 13386 7343 15706 6991 18389 4152 13776
18878 18732 19297 14065 3938 11256 10482 9478 6857 95 13996 7817 15446 11547 12578 1153 8698 4807 14514 5117 6768 10097 9369 2347 2624 4634
11718 783 4575 6027 17075 9837 19408 8842 8516 16088 13945 1363 1808 12862 6358 13890 10185 17729 17452 1207 9458 11806 73 4664 8967 13354
8007 17287 13923 14004 15437 14492 7916 18596 19512 13590 6534 5820 15919 16150 16424 19078 10733 5999 4005 19311 7786 11941 9331 14190 10978 8106
2243 18653 1541 5838 15789 5366 8239 7452 6375 1248 17483 2954 14697 9389 10517 16865 12189 2797 9037 14332 6728 10419 19776 8849 4183 6060
10320 17993 19329 7701 8915 8183 18411 18110 15697 8973 8541 4068 17883 17468 8933 11097 15707 15400 4485 1974 17646 3701 7557 16734 13461 6806
5384 2377 535 15692 13311 16171 408 4342 8345 12647 7794 1116 18857 2847 18999 9432 10603 12093 15650 2928 9467 6502 19247 11980 4101 6737
6195 16007 7371 11737 16021 16190 14978 2359 15913 12099 9848 9352 12546 10655 3761 12850 10412 19473 12380 15430 10882 8275 19259 15422 12369 3819
1742 18081 8577 4678 17903 1509 12773 19060 4612 17109 8881 6018 17532 16547 7855 2177 6295 3803 5068 14806 12504 15851 18597 8504 560 18838
16024 6666 19506 4399 4937 15051 7028 10193 14085 16054 19255 14480 16440 12855 7809 1671 14817 10320 12574 8191 4934 1743 13266 17343 17145 7852
17490 2840 11469 16865 19275 19520 1792 10041 8523 1601 5918 17312 19202 5308 16984 9477 4221 5611 11235 12476 17304 11157 3312 1340 3314 10897
14024 19884 8265 16213 19074 1332 10118 1820 18017 8124 11713 14196 19802 11589 5768 10354 1807 9405 2273 18575 19369 14558 5403 6100 9274 14196
10361 6106 8520 19156 5591 15377 5921 14786 17826 16513 15232 19231 5133 16436 6780 625 4739 15710 12418 3297 9146 291 14839 19118 13005 13354
11823 4576 16344 10194 12011 18093 11083 13267 8583 2177 16353 12324 18593 4010 16806 10385 18169 186 7841 11091 17860 18041 6104 13798 2367 9700
16990 6692 14426 11547 6553 10583 16944 3775 13329 12652 8146 1457 7803 5994 9736 19279 19409 3961 19583 10549 2551 582 15013 558 4740 143
12493 18197 2158 17496 3354 6312 7232 8330 11042 4239 2444 7893 16700 613 6795 17324 12311 19486 6455 8900 13333 5201 17509 5534 6901 8750
7644 3454 3020 6775 15163 173 10459 2469 15640 7366 5170 19207 5850 3711 12430 1248 9626 18448 16770 4666 2598 1149 319 9026 1033 16788
19461 17830 18173 13361 10707 11189 896 4425 2058 11214 15871 16281 1887 11064 13245 16658 4804 5181 6066 8159 3541 17701 5282 2729 18368 14913
10229 5232 19158 2975 5246 17090 5098 12149 15104 6442 890 4397 5527 3283 10405 9243 4227 350 19437 3044 18463 10716 6331 2060 10632 9375
3286 8345 4560 1456 3704 7160 14406 9827 13297 16212 17684 2040 6582 14488 15860 2068 9875 1833 5590 6829 6778 4076 7879 5096 13108 13
17309 7540 4138 2863 9527 3715 10973 5776 6364 7007 12073 7209 19025 4825 8212 9888 13933 17775 8864 9761 3087 10999 11117 8326 9966 17739
9950 13133 11610 9204 12676 11783 15217 11336 18228 16253 13267 3480 373 7566 14626 12210 17562 5531 10955 2264 4810 18215 8987 5339 10680 3751
10691 9273 14536 17917 6410 4868 14202 1578 7665 14090 14767 17401 9392 5335 8548 8482 17483 955 3265 11175 18254 11926 17592 13491 14605 8956
15465 4377 1158 10587 14060 4249 10700 3752 953 18962 8972 19578 12723 3800 18929 4523 5453 8588 13362 3107 16785 7697 7734 19969 2160 16384
2653 16289 10646 14416 10289 18127 9978 1275 17889 4274 13717 15885 18614 9965 9222 11761 10972 10367 11933 10799 18014 14999 11535 7012 6788 14644
1 371 11481 17765 3586 5926 10922 1417 3038 14602 17789 2554 6068 15032 18701 9674 650 15115 2700 3403 19353 1723 9614 19692 7329 15900
19604 12234 3284 13634 6875 7533 3063 5992 1916 957 8405 912 12064 6278 3243 19571 6433 9757 14016 13360 14568 18016 16815 11272 5381 617
6318 17091 17344 2862 14504 13959 2068 2845 2136 18677 86 10044 7452 2586 5859 5472 6086 12451 4358 773 2240 13008 19616 12203 3694 7893
6966 678 4260 14740 2720 15899 3558 18223 17115 19641 15867 5361 19288 16308 11146 13109 4405 2356 1056 12218 5423 10205 14753 13466 13217 7494
16353 9654 3970 19952 8965 13407 8601 7240 6161 9126 6643 4696 7570 1553 8227 10388 11097 14599 15382 14756 17553 14611 14811 10081 14836 919
9448 3181 11218 19289 1659 13314 15598 17971 4506 15656 7231 397 2814 459 12498 1149 11201 7262 15741 18513 19439 12848 877 6148 18664 1023
2795 3122 17788 5591 11097 10302 16775 6272 16280 19690 17140 12260 9274 6723 12471 1746 7963 2167 10366 12266 5962 16917 16607 457 8213 17911
12512 8921 5394 2067 3829 14888 9466 3469 12402 1787 19423 18687 19896 9235 10439 1332 12871 10237 8259 11473 17172 11569 13750 3934 2825 10299
5160 7747 16031 18143 14346 16835 13819 4278 19531 6055 19086 16166 12082 4445 10329 4117 16284 1671 18135 14753 5869 5831 11005 1885 10771 3077
14949 8251 6752 12016 2992 14393 18789 11188 2290 16099 1510 3731 17398 15679 19290 14571 8828 4116 12171 2140 1408 8969 8181 14549 2129 5736
5594 3391 14409 11198 14112 1752 18374 8672 5198 13746 12633 6366 1200 16006 8038 2627 11402 8324 7751 10609 15625 12864 17202 18982 16155 16107
5152 13465 19476 10198 16830 5824 7442 11300 9858 13889 4543 9840 17163 13383 11668 13597 9404 571 18623 14980 14654 7353 5592 3603 2187 3050
18381 3152 7438 3929 7788 5739 12891 10941 7804 8344 17769 2004 12833 3756 18529 11777 8181 1416 1707 584 2127 17825 3091 16515 5327 17773
17804 13654 15742 10774 17186 5302 10935 15778 1467 5005 756 10260 12711 17804 3355 2827 9448 13146 2174 16364 795 19694 8389 2185 12705 15097
9767 11778 4259 17508 2663 4869 2293 7520 7220 7720 973 16620 10273 3821 14343 59 3899 6011 9129 17516 17963 8129 13095 19626 3561 3402
19782 5594 1908 15938 15630 13131 3212 11686 10036 12307 9842 7629 3993 14871 18422 18533 15000 18807 13777 17893 9893 3637 492 6563 8750 5591
16964 895 7370 16287 16996 10733 12431 17504 10392 5506 5425 15153 2696 4647 17482 19638 744 710 2993 1917 19007 17133 18025 3083 7912 15603
11140 16064 7622 1818 3145 6439 445 14798 12476 17603 15627 13567 3505 19730 5200 7893 19615 5916 17640 6832 9485 364 17880 11898 5809 1886
420 17490 18209 12945 16610 322 4114 11838 394 14092 7039 3649 12919 10171 1676 18216 15010 8043 767 3621 7350 11881 15648 4351 19991 9230
2189 1466 11721 11498 8472 3857 2106 10059 16293 8845 921 6266 9802 10779 510 9815 7902 4441 6139 10052 16711 8404 11546 6189 19885 11494
124 78 13605 2861 17674 4239 799 18405 12472 13311 15063 16444 10574 14722 5920 17781 2831 17088 5997 1615 8427 11890 18527 15176 1294 10454
467 10468 110 18202 15432 5505 17364 5309 18165 2408 15142 9601 2700 9845 13981 3851 14744 16614 11366 7203 8464 18432 8710 7656 13055 16359
12886 8419 14948 18234 9077 744 19608 1677 13236 11331 3493 5080 12396 17806 1405 16310 6115 18120 12103 11110 11052 9412 17480 6064 19936 15581
15735 15926 4976 9215 5530 1122 17778 4525 5848 4658 10141 459 13096 1041 5540 8310 17113 4918 10300 15944 797 8848 13930 13782 7634 7408
4395 18061 18840 5449 16087 2237 17950 17468 3325 9572 15914 18205 8563 13401 5063 15698 18327 3095 14977 2651 12890 6457 148 403 10501 10865
3148 14318 15467 2199 17281 19713 6289 10602 11807 10113 5710 10191 15811 17583 8435 11328 8706 4422 10323 2423 19006 7129 6457 224 17167 8837
12334 14013 15046 2173 7342 960 5483 8515 12872 13453 16430 465 2122 10270 535 7109 8113 19467 18113 19333 18264 5860 9869 15533 1776 14750
12525 7495 14561 1826 14009 1944 3440 15609 2822 8084 11568 13012 8649 10241 17511 5061 11140 3408 1328 14117 7270 14915 7464 19719 7848 4467
6116 3872 14272 5632 623 9286 6565 19498 14213 10893 3604 10156 9033 18201 6967 11015 10819 7769 974 5797 3653 14456 10938 5487 7840 3939
18063 19257 3538 14753 4060 17990 3949 16823 7219 12055 11425 2478 16 11464 17299 12641 17929 8832 3473 13070 18405 7444 12000 17921 13053 7141
271 19550 6255 1237 13781 15301 10354 3105 5358 11911 14122 1293 15840 7011 19817 9014 13676 83 9685 13511 308 7880 11906 19189 5534 11845
543 16607 1970 6778 15562 153 11311 4129 911 15250 6823 18906 6892 14057 8213 10566 8533 19412 3485 8715 13486 6866 6956 8188 16296 3770
11717 12237 16373 14268 14363 1090 3617 5152 10562 19138 10326 2826 17303 18751 6764 15493 11506 12897 19247 2716 4270 18300 16915 2583 17591 18836
8988 7230 14369 18263 10138 17623 8679 13131 1054 4299 19798 16404 11460 18286 7846 3378 2837 14130 10114 296 5429 11546 8054 5728 8742 14953
17200 7912 18621 19498 17259 19273 16084 16740 17832 5603 7227 8003 18497 4942 4878 13596 13258 6380 719 16493 11179 7602 11138 13777 15993 10121
3307 6639 18735 10735 15097 16040 18851 2266 9196 12511 12098 11790 5437 16291 17279 14178 19531 14541 18917 9893 6416 5650 4387 16868 18200 16009
16543 1951 10530 101 17969 18000 5440 4461 1472 8991 214 19947 13853 18676 19058 11120 10026 15113 10389 14360 14977 19779 15806 17287 781 10381
626 7462 17883 18834 1593 13271 9237 17186 16916 19463 5208 15327 12116 2880 14981 3392 19113 2542 15359 17051 14307 19496 6355 17231 13447 5959
11943 14829 11030 14980 10671 5963 10881 7005 18244 17874 3179 9447 105 12459 14089 11269 10473 6445 3238 10115 8176 11664 3348 10422 795 1763
2124 11006 1764 11542 19464 6510 11962 2677 15634 8523 16210 6439 12367 13060 16246 11298 1930 2135 1641 11638 15479 12733 16638 4594 11337 9011
16428 6844 3926 4576 2945 986 7948 6626 13658 5779 9179 18995 18691 9847 4436 7627 4803 17855 3387 619 221 13166 10580 9019 7339 2417
1600 17924 6215 12824 13308 9149 8747 9265 8136 3963 2185 10756 15547 9144 15541 10467 8191 9088 12760 9702 16459 14601 4737 4389 14362 10124
11689 394 14892 15199 6437 18260 3646 11406 8867 9649 17499 11911 3443 5366 10553 10950 1232 14286 16821 7243 16543 15532 6644 1046 13530 10497
19634 9398 10768 890 7463 14880 14918 16908 2531 10224 11882 3920 18804 6750 5408 2889 12355 4549 9787 360 8810 12203 18516 3892 344 1980
11911 17408 7345 16989 5030 19813 284 12384 11770 11045 16754 11927 13586 13892 8698 4943 11869 13989 11983 3700 17038 288 7237 13870 11186 8028
13763 16689 8840 15334 641 15664 3081 19586 5498 19233 1912 1980 3524 16290 9887 4171 5968 14753 19099 5517 3816 4575 5014 15728 13114 8598
4777 3636 7742 18100 1589 13569 19363 3344 2146 17383 4752 18975 15524 17506 3490 18438 104 7459 17094 19306 18440 4401 9688 7933 13747 7424
17627 6883 12221 1149 8538 18926 8683 15810 13265 9759 8812 2307 15799 19120 10150 12565 14527 4980 19842 18226 19378 7114 7752 14056 8914 13826
9509 17613 969 9549 6115 7573 5959 14288 17989 3231 94 10843 18754 9520 5958 8481 18945 19089 16802 6702 8312 19806 4783 7848 666 18045
8061 9242 17622 19995 13403 12632 17898 11114 14045 5381 12402 3057 13678 6932 855 19818 3816 4829 1292 1214 3736 9603 4624 10167 18417 8734
4738 6462 9309 9652 12005 12191 3803 3521 14571 5467 2447 4549 18942 19126 4648 8991 3767 4789 12288 3914 19734 10066 9704 17714 19052 12948
16879 16070 12672 6153 10880 1427 15453 2315 7149 4537 2218 8476 15135 17471 14206 10222 706 17516 14951 3837 3071 10664 4612 19090 12987 443
9747 9706 9270 4307 7318 16114 10825 13383 11980 221 2272 10571 18670 15359 6634 5996 4115 4563 8144 14101 14664 18731 11991 5801 14521 11937
2288 11878 1963 1361 4392 11615 2485 14265 7576 8270 8214 1197 11703 2802 8197 10328 2673 19759 18173 18835 13997 3427 1693 814 16445 6165
15028 115 13665 4710 12129 988 3676 15978 9290 594 17430 685 13104 18928 9451 19380 6838 10377 15376 15438 16319 16340 11935 13823 17200 11469
663 13960 11030 17734 18947 15926 12878 14885 19132 7473 2929 15348 10488 8520 5411 786 4290 684 3201 6711 11178 3684 844 15250 1314 16216
8247 5573 19374 13515 5852 832 16016 18353 2390 17814 14774 6422 1255 1533 12686 14516 18256 9099 16654 1846 6746 14130 4722 12295 9062 14786
3540 10377 11313 15741 16864 11821 2233 18738 6466 11010 4179 15528 17521 13802 7602 17073 18822 16686 8303 3924 4291 3493 2733 18993 391 10393
12689 5432 7467 2614 2908 6117 5676 2684 8382 11516 14288 12058 1409 6927 18326 10913 136 3002 4277 366 8830 1194 12856 3797 10780 2919
17679 11223 5876 6257 9090 17040 11602 17377 17776 10869 7915 3733 16815 4979 5355 6334 12271 19612 4181 1881 14271 17689 10316 4716 4530 5983
16941 12364 15938 17880 16141 491 8098 11 9320 7528 14886 19169 3105 4042 11834 98 1329 13168 5992 10190 5793 19547 10625 10726 11772 9068
14801 15955 7682 8837 1024 618 13737 14627 10273 10517 1824 5783 9491 17100 13060 345 8161 18571 18893 967 10394 12673 7886 19033 15953 16530
9882 15756 11520 166 19244 2340 13321 4995 15317 15311 10019 6241 1903 9497 14869 5120 18802 17509 13294 4717 7506 806 8304 11998 5037 13524
1890 8042 4091 3506 8837 10509 7091 14034 7973 19788 14051 497 12595 8146 19113 16080 7953 18114 11099 17911 10884 14435 18291 447 8025 1462
12825 16842 11884 12537 19044 6713 7103 11768 16656 11875 17291 8262 1801 16779 6853 16028 626 14616 10595 1332 14648 11273 4087 10723 7297 16489
8656 10785 8457 1614 10271 10927 18344 9071 17357 17610 4406 2521 1738 18316 18290 12204 19081 5117 16638 19983 11576 12766 2766 13491 4852 4861
19026 3885 1287 18658 11904 15150 15900 14467 1700 14658 9582 2162 11414 19729 8517 4101 15012 13232 3841 15438 18036 985 12536 11084 486 1194
17589 19016 662 10960 8786 13574 1923 15538 605 13068 13334 1251 6904 1902 16876 13239 2668 3156 18538 13620 10129 7316 4126 8245 19062 15938
17313 30 12979 5931 12782 2209 15296 11435 10117 11812 16811 7408 10582 14907 10660 11306 13448 1224 10920 224 8947 7982 2985 160 18696 13895
902 16687 15122 10695 16183 13090 8395 2462 17251 15458 4597 16976 11627 14951 13685 5810 10756 18621 4630 7468 7398 7753 8392 19348 16735 605
7119 16911 10570 8416 16378 4298 13317 12950 14051 19307 7750 6816 9256 3522 4647 186 1267 4558 9599 9313 13377 15594 4093 13695 10030 9987
7403 9490 4874 3178 4319 19267 13112 14449 16403 7251 11269 15402 16105 15321 577 7433 19190 642 4187 3914 8623 13135 16267 12923 7026 13851
14290 4434 1902 19734 8734 13518 1034 19065 9434 15580 9338 10714 3013 7543 4659 14597 5093 2326 14262 5971 10401 7062 19789 8186 15453 13083
1039 12370 11211 1506 3548 440 1126 8674 13452 13628 7670 6419 683 16940 7585 12737 14431 8310 13625 16355 17718 11157 10275 15121 2744 9081
8193 8654 17222 2080 769 7987 17710 4495 5228 6923 2027 8188 13666 7002 4389 12367 1207 12881 3595 12573 9925 11666 1440 10564 13525 9321
10230 9088 2348 12015 5474 18085 11815 17373 8154 17844 7140 12457 16393 5739 17757 17786 11969 12602 11218 12217 296 5983 1384 2266 776 2648
5053 19972 9853 18681 17181 8383 9710 9586 14327 8904 19186 8173 1968 16663 10682 5242 4959 12779 10736 9539 5166 4861 11661 974 15607 5640
664 17108 15549 18638 2385 15864 13222 11032 6117 3086 6789 15163 18550 15727 9909 7307 18086 9154 8880 11024 5672 1780 11147 18457 17484 18921
19710 10628 19857 12163 13303 3108 2508 17682 4359 7533 12223 1837 16678 6256 107 13261 15168 6821 6931 14988 18794 8332 12263 14566 9488 4823
7005 16889 17271 16634 16241 10689 7406 16143 6403 17721 10988 1561 19092 1181 969 10543 17590 3365 3374 6317 4029 12152 13633 7826 15349 9617
17828 5553 12450 1127 768 19463 3108 16355 14201 1026 13354 10097 9548 6829 14807 17604 14070 6447 16450 5149 15671 18497 7263 11031 6782 13980
14317 5591 10897 11450 14303 4540 17817 495 1108 14558 12927 16584 16671 19548 18429 8953 14667 10835 2002 19437 4599 18737 2069 17928 12616 12107
6848 9163 12320 8888 2244 14589 4534 10519 6676 887 8457 16542 5769 11377 961 6107 14926 8781 4340 8751 5037 8250 189 8817 2443 8586
11555 11437 5684 12518 12684 11584 3263 9708 16506 16545 16706 6652 11200 11063 8865 11156 9646 5003 2461 9957 2531 13184 2658 13925 18424 923
18809 9235 11018 12001 1190 14036 17123 16503 18813 17287 7054 2696 6747 12840 11170 2170 8944 8932 17738 3282 5491 12289 924 2410 9434 5870
10696 12777 11977 8369 14050 15173 3649 18253 12210 1400 17151 13732 10543 17307 18178 1447 3373 8210 17008 5652 19472 19035 7451 777 8601 10349
3368 265 393 6579 2402 5337 12528 2081 6779 17105 13714 5760 2813 15317 16740 779 18446 9216 16930 12275 16267 18022 15332 9677 2652 4769
1963 2347 6868 15296 11161 2066 18380 8238 16669 418 13861 6191 12039 13162 6328 5171 3722 7720 7509 11548 57 18502 18189 2849 1344 5272
9418 698 16633 13016 6056 15485 10599 8936 15317 6460 1035 17908 4490 19281 9027 1692 5293 17234 6834 11137 1037 14215 19029 4028 13555 18116
11383 12126 11290 14770 10670 19279 18825 3663 5484 16022 16834 7924 16428 18046 7821 706 12205 10800 16158 7952 18269 16317 19497 8484 11970 9089
13701 12658 19684 18872 9361 5977 3373 2072 10426 16316 10790 2833 7530 130 8882 17146 510 1704 12616 12445 14879 15422 9694 18498 13240 19664
4773 19871 13410 12911 2277 11257 18945 1770 19210 540 3325 15187 12133 13730 2213 16452 12404 2217 15122 3803 16365 7135 16621 1564 12401 2220
15842 11286 12842 1901 2134 14831 17299 17340 790 11802 8152 14588 6715 2257 5555 15045 5038 13237 11929 14772 7259 18423 13922 18274 12257 7311
11485 16072 5173 13245 4981 4140 1654 6394 10358 2050 13134 3233 19627 12098 13562 19338 4107 19299 13582 9959 15227 11893 2203 6583 7088 15810
8778 7166 11301 6728 16009 1951 5798 17523 4124 4717 13937 2800 5753 17352 3600 13190 2746 1491 9341 13336 19070 18607 2364 4785 10142 14190
