365
70 8 66 46 59 4 21 98 67 1 31 38 74 36 96 44 50 89 54 60 68 70 33 99 5 1
2831 13587 9929 7783 12482 18230 13040 7589 14442 11507 12566 7005 18917 17876 481 7932 5409 4261 18285 17555 7017 17593 1808 5065 19400 4068
8836 18898 1827 10324 12991 1671 16619 1817 12094 18451 984 14234 8296 6091 11456 18606 527 8950 3094 4313 16505 11920 18942 19544 13719 18976
1910 19937 10911 2183 388 8656 12762 11550 10316 17388 4710 4236 19299 19638 8402 5062 13534 6423 19945 7586 4924 18889 5281 8755 4241 11243
15017 18156 16719 14506 13001 12284 10838 11631 17647 6341 3282 17459 2414 18803 3873 2958 394 9332 9681 19500 11089 11715 10800 12336 9253 5186
15686 4910 14281 18934 1350 14777 2273 18982 18662 1732 17116 10747 13616 6421 11416 16414 3265 12110 582 10501 19730 8258 8186 14717 4610 18201
11298 15183 11859 18728 19963 10861 1952 4926 19185 9671 11629 17976 17182 3131 324 7783 84 1052 18442 7206 9872 4864 3245 8331 515 3585
18837 5335 10265 7511 3240 7931 17879 39 8224 924 5425 2723 1601 9063 18865 10225 292 5236 4462 502 1397 16960 3336 16387 12127 10975
14835 14392 16238 10067 6134 12579 5535 10791 16904 8064 9898 12050 15128 12715 19025 12114 8995 1682 17293 19899 13413 15391 4076 6423 17843 2693
4175 14972 19976 10561 12248 3965 10016 6135 2272 5775 2782 8764 10800 13743 7766 13604 16089 10705 13854 8598 6602 14363 6632 4327 7302 10298
7772 14809 17647 19974 18417 11105 9500 15646 19627 3227 14421 17445 3769 7257 11173 1168 10649 10241 16971 16407 2702 232 12997 15321 17199 10886
18090 19569 11142 4122 9430 10720 11294 9358 10722 8268 16022 4074 13390 3800 18700 12721 14730 2589 3149 10121 2228 517 13698 1966 7729 6456
15100 997 13300 13423 668 14743 9567 6279 19919 10926 19128 15571 8716 13768 6087 19203 15401 4463 13739 13035 13678 8383 7984 18921 7084 16480
8603 10680 15305 14231 2672 5108 10007 4917 1897 19708 9360 14050 6357 12774 18124 3423 1717 15415 7143 17171 7104 3754 15167 1964 1613 7459
9296 18538 6655 4585 11421 1114 15621 5586 3469 10570 15764 821 775 6116 6309 2304 6305 13361 11079 9540 2752 18376 4196 9835 12217 17547
12280 13227 8376 13763 16647 1295 5952 9626 12723 16073 16373 16276 1793 16030 14010 8669 5255 2153 10120 15704 14046 9419 4355 1422 18050 2778
16090 18397 9009 7355 12540 6679 7575 1269 11400 4582 4401 5199 14117 7543 14572 7754 14443 9773 10659 9339 9843 8268 12830 15244 12293 16842
3961 4420 10171 12702 1400 3569 1949 18700 17130 8604 3044 7267 765 17527 16003 16867 15336 2112 17344 8761 8189 16001 7609 9528 6201 14310
6762 6836 3566 17937 10616 4617 12828 18681 16392 4698 4656 15238 16101 11191 14427 12838 18292 17593 16683 12974 19666 14288 131 4350 2462 7691
7241 5602 8100 10011 265 8650 11449 6814 11963 17818 13937 19597 10419 14791 5434 5857 12711 1040 7055 12061 5249 3345 8908 19127 12682 15688
3537 11134 19908 14449 12763 7446 10924 4842 160 4135 17440 16504 13860 12898 16629 6320 14139 3096 18099 12890 12594 17747 12129 14049 2351 16846
208 8726 4472 7354 17849 432 12298 11395 2000 12162 10116 6358 2137 12441 12462 17110 1251 11331 8953 2704 15676 14394 10332 19194 353 17156
16792 10137 11677 881 11868 751 1897 17077 2886 10838 15138 15576 17430 15225 5130 13309 18931 4828 78 10075 10073 17808 15 7201 6372 2410
4435 14124 17162 1681 6045 12679 15271 4562 7188 17512 10467 18437 6360 1238 13888 11116 13904 15971 7863 6853 16762 14292 16465 16904 12445 8133
7280 11873 9888 16205 6209 15577 11245 17873 2230 2723 9400 16972 4016 7541 6986 3071 11497 2106 14015 3111 19449 7205 2092 12720 9049 4577
9917 784 16969 19966 8330 18976 18465 4236 3423 2688 13073 10018 5019 5637 4764 8920 4119 9344 11689 12029 8777 1954 17820 1588 15902 1806
10788 5986 1169 4117 1409 2951 15183 18489 11633 4271 5016 9921 11664 7436 16782 10653 10122 4848 3761 6700 3127 11195 3427 395 4679 13149
4641 1631 3168 6062 3277 16323 9649 12735 3016 11819 13177 11660 3749 9303 18889 13511 7873 9782 10495 19889 4022 17779 16146 17508 16731 6131
17722 10227 8476 11095 3828 19749 6301 14880 1552 16010 1975 9056 4443 19498 6055 942 14534 19014 10124 355 14334 12857 19689 2751 19785 18406
19997 2271 6648 8935 8879 946 19777 8681 5018 15520 2032 2864 10997 6050 13386 9000 925 3909 13846 1055 1061 3585 456 5887 2828 9069
11099 12395 5693 17416 117 2494 11382 9153 9652 11983 16803 3340 990 371 18970 676 17804 14130 15834 14626 16293 17465 19770 7318 9213 1529
19815 19276 3198 13714 2641 14308 7120 16079 18082 9549 10243 2676 18506 9618 6495 9704 18374 297 13393 14168 12714 9956 17167 18267 19391 15499
11040 5102 19445 5233 7622 5442 18826 14911 13585 254 16127 1568 1678 6658 564 15152 19403 7801 1334 4537 4971 13844 14069 4431 13876 8874
6721 15348 19894 10532 11942 1005 15996 7953 11374 11007 13057 910 7537 2316 15564 9183 2497 8626 15949 170 6935 12077 13018 4233 5892 230
11648 17916 16586 16796 11920 11613 6694 2904 18547 7462 8933 17092 9639 10526 13033 10332 13893 2864 15985 615 13552 3234 543 3175 13456 13706
17007 6399 9578 17093 15093 5994 1687 9229 15940 11962 6066 17470 16515 2872 2596 3219 4945 6125 12433 6591 16465 6013 3524 3625 4024 9248
351 6729 11352 11477 9893 5078 19574 12663 7875 15818 15517 13548 1440 11511 6815 3397 6772 2270 15501 8123 9934 17028 13798 11914 16919 17158
7231 13052 5451 5290 13595 17676 11714 7711 16300 19717 15665 5494 6713 5771 10353 2814 8581 8371 11479 8654 17030 5437 16837 15395 4200 12173
7390 17994 18577 17769 13472 1961 538 10253 14489 5366 13889 1089 4347 1570 18390 4690 9720 4397 12522 7812 2496 15463 8492 15687 4973 16593
6436 16822 15932 6631 17493 1971 9054 3719 97 9832 887 8376 13723 2559 4225 15657 18561 11859 19857 12414 18575 8978 14614 5718 19025 9657
13583 7226 8623 1112 11572 19343 18902 8931 11351 1358 1638 10023 17038 14943 10242 16355 2253 4933 16596 6783 18675 17575 19341 11037 1821 17984
19904 17248 9163 19250 9981 8177 1156 11990 5849 16008 4810 19622 13172 12260 14745 727 12321 14322 8661 13738 19089 11193 16817 9021 15883 13708
5132 894 7422 7915 8010 13384 4299 16941 8788 2203 4600 8840 10800 2064 18221 11668 4684 3493 5689 5761 2361 84 14368 12841 10627 9718
1458 17072 13195 6255 17228 881 4646 6951 11501 15598 4056 4202 5197 15182 16470 19485 6337 8571 5167 14172 19374 10497 19176 18923 15966 7649
4350 8677 14880 12154 5128 17717 11169 2937 10706 12216 12098 19637 1534 10786 2537 12526 16589 13403 18572 1437 19675 11504 5154 14162 906 12194
11674 3956 3398 18399 12429 5997 670 9503 13564 1441 1487 5524 12436 9796 17882 3649 8599 13218 5145 11582 1157 9503 19534 14577 18563 8731
19258 19890 5373 6328 19937 4058 4881 1732 9941 12465 19787 238 1187 2492 9799 9610 16455 12226 17938 8729 15663 12367 17020 18590 11583 6527
3363 13828 12315 3588 2801 18838 7768 9853 12979 7809 18963 8909 1025 19169 6343 14522 4687 16847 18902 17530 11578 10279 14693 9999 2615 14616
1718 16018 14313 408 3765 9753 13442 7987 16606 1731 13985 19124 6552 12852 9042 16086 12891 7640 11013 15755 12458 9919 4646 11730 19255 12830
13280 8238 528 6827 13879 19828 16625 19182 4801 19693 12314 11665 7371 3452 11790 16493 7761 2204 3803 3046 11632 9801 15390 7020 6373 18825
10517 8540 8083 6364 16652 3835 7306 10288 11951 16711 11383 4945 5886 9767 241 11726 13263 12805 8215 9446 6153 18937 15975 18151 8597 734
15756 16718 13907 11932 5985 19172 11911 19719 17489 5 12925 14512 5118 19530 2977 4915 17769 8400 17775 598 17104 15600 6666 5725 7831 11055
3940 16563 9251 11261 2061 15818 15963 14951 3476 8201 13838 18304 14439 12840 16192 14633 16377 18784 2589 2351 10602 12288 17706 4545 10781 3372
11561 2548 13071 13982 13838 10514 9775 1813 5250 6477 7108 1440 12710 17922 14448 15925 18388 17837 17680 5029 17926 16576 8291 8423 2707 2126
5015 2286 13004 1245 17200 7768 6133 11637 10124 12477 14248 18854 18106 3000 3983 19602 10523 13781 929 18468 13091 9785 18594 18824 4754 19597
11881 19513 16393 18718 18399 6243 2320 6928 13977 6029 4710 13847 13758 10345 9734 9665 2861 19786 19450 11764 13360 6419 866 14370 12081 10307
5576 10158 14627 3595 9594 3026 11816 8150 18299 15608 6923 590 16929 11043 19869 716 4359 2934 8571 19354 15444 16923 6655 13591 15614 15380
14858 18683 9606 2259 13445 18507 13705 4355 12920 11308 1345 14498 10527 16947 14881 12208 8481 8058 8341 19487 16038 10445 5254 12674 9137 17153
12179 4392 3476 4625 18075 15064 14414 7382 7082 7882 15321 15846 8896 15316 14963 9404 16374 9540 12971 10153 7246 15981 10774 16096 13543 6678
19363 16228 7008 24 15207 17599 14795 1940 13035 19641 4030 7753 1794 17484 5563 298 19445 18547 11536 15646 10940 18152 11570 3102 9592 16861
10688 2582 14215 17795 892 14493 2442 18673 16493 3168 19100 13572 9116 2851 2578 14793 19831 6306 11661 7624 14433 18831 5305 3816 2309 11507
4691 10516 10245 4675 12285 11665 14377 6305 10411 302 6739 4720 14670 18598 2452 15862 16073 13319 5044 12042 832 1129 303 13251 9319 15744
18492 8933 10502 311 18571 17440 1183 10346 12046 8670 18600 15731 19101 1607 6337 18989 16952 18092 7104 6131 19447 14579 692 9414 348 10982
3294 5043 5908 18956 7060 18025 13471 9547 3306 14137 5530 11728 7751 12936 1677 13800 16281 18167 8093 220 568 19332 11342 4763 7488 3554
11635 8951 4391 19584 6387 15348 19183 18823 5002 8663 5125 5562 7314 18292 7290 556 6007 11266 15089 1056 17693 16164 1491 7200 73 8503
5977 10453 3138 11954 1186 16380 4905 1782 12484 1682 5531 19576 5313 13084 19522 1990 16088 16645 8663 16645 5416 7377 11169 16913 2270 5914
12455 19084 8289 19705 2853 11750 4196 7336 14037 9515 12972 5793 17770 282 11166 6795 15043 2097 6782 10852 193 8902 17454 7640 3506 169
3946 16200 7561 10110 6480 7203 17969 3384 28 11257 3978 2804 4558 10257 17653 3485 3156 3053 1582 8828 2036 17501 8662 12269 3349 15829
1321 10913 7019 10371 17133 10386 15274 1998 802 11933 17065 9702 5777 6475 17488 2610 1655 14659 17293 5769 3839 19767 19614 11935 5420 17162
4629 9920 377 3202 5778 10099 15908 10248 13557 9245 17468 19316 7992 12224 6974 1410 8433 689 17444 16676 10678 4677 15283 14651 6486 14001
261 16594 7448 14471 1173 5774 19185 3288 6699 19096 6572 18391 14224 14211 11330 9251 18473 14174 7755 2193 19738 4593 7200 12745 13937 14776
16209 17122 8519 16009 15134 16058 2637 3961 8518 12079 6507 10833 420 18076 11539 18865 10902 5632 18010 16968 7560 9562 9393 8156 16369 19571
10023 19405 14140 6170 19708 17198 2596 9343 19422 8987 18587 1499 8104 1833 14702 16803 8176 19307 15901 2283 1399 18267 2927 18259 2265 17758
1948 9691 11808 8585 3828 8605 8865 6529 12803 13474 5406 10382 1343 314 14204 19049 5064 7665 3892 8172 14669 15481 12427 18320 12329 17546
17280 10566 12339 19365 12114 15300 16516 239 14450 5707 6369 8024 9040 3859 4330 9611 6590 9636 5337 18643 9175 15535 19453 14020 15396 4896
10944 7316 9824 2592 10596 14445 3678 10777 13473 6850 16309 15037 4011 9001 11110 3073 19342 6551 1805 7493 7569 13480 621 983 18189 166
6848 17514 10316 1804 18223 19702 15905 6592 2594 10318 14009 19260 10024 674 14742 10553 2247 445 18481 8328 2292 3010 1490 8765 4881 13115
4880 19791 17727 16252 6097 9591 432 3111 10781 18631 2792 10691 18642 5763 10406 8168 14416 452 6103 3555 15460 3562 5850 16388 18807 2226
16632 12506 155 9486 15459 16387 1231 11802 5130 19274 10020 13655 17593 4857 6776 14609 18280 5401 2247 11501 4497 9485 13227 13501 10876 6815
12971 19407 2291 18050 12633 2347 4984 19546 11908 18698 15509 208 18848 1534 2916 19090 12451 8393 10683 15483 15424 19498 12474 1132 6362 13706
1873 19285 18485 16861 15210 11556 16165 14855 14639 3562 19012 8994 17641 3099 1983 8838 6894 8189 18008 2082 9294 7770 9091 9142 1258 13333
3513 10207 1665 404 17293 19868 4571 17469 7382 15508 7639 11860 2628 15283 14314 4459 7560 15913 1844 6982 3603 13870 18051 2032 6431 15854
10620 1900 13648 9423 15747 10883 3842 13323 8600 4258 8692 13315 4794 11257 18181 17099 6819 3161 596 13977 11177 10993 9346 7242 10696 7956
15044 7144 14255 3663 4063 4157 7846 6838 544 10428 10810 17976 11853 16286 11561 222 25 9042 11989 288 19168 17772 8894 7083 9091 151
14050 9983 17562 5484 2419 15193 9492 6495 12037 1700 4391 18010 1851 12707 5556 19045 19701 12900 8287 4944 7299 11337 9990 15450 3727 15923
17907 16378 15011 252 9622 18175 16420 17655 3173 2463 3583 14271 14395 8178 12590 11041 3355 95 14509 18719 19603 15782 19912 10071 3821 4686
1288 7218 4826 18457 13733 29 6913 14793 8727 17248 19654 2495 10428 4017 11903 9080 16165 7260 10010 1284 7121 9514 14179 7736 12154 1972
6692 10814 4984 18593 8465 3666 4375 13776 16288 13711 19006 190 16286 17716 11623 11118 5435 12605 5770 16131 9077 8503 15179 8407 1766 201
12919 18364 3651 6381 13632 8857 604 17315 19875 7363 4584 16632 1424 5099 2606 1338 17463 11213 13235 9932 1389 17671 18031 5859 18265 10236
7335 5322 8853 15239 8808 12291 16087 17369 637 4128 18250 14474 14636 14708 11266 8346 3122 6901 17571 12806 19192 17858 19379 16357 4033 16640
16744 16714 15327 13671 8676 6219 1745 8487 7054 17554 995 12778 13378 14332 8430 16984 13593 9947 6524 13142 18772 3858 9111 9456 6515 7871
7652 11869 13239 12283 18625 18356 9451 8439 16014 14608 1153 17643 2761 14405 9479 309 4006 14946 19369 10619 8810 9027 697 141 13897 17207
5769 664 10324 4112 1309 6558 15007 6449 3818 923 17006 7559 10691 11874 3405 15755 2354 7155 16892 3660 1023 5636 1123 15385 113 7408
4368 6540 11693 12414 11753 9023 5976 17548 10966 15411 19192 17522 7393 5769 13103 12456 15057 2915 11600 778 1256 1251 7998 6065 14236 1497
9078 15127 12289 7670 9339 3514 9708 13984 9361 3260 12083 17263 6061 17041 9491 18956 2701 12623 17551 14816 18588 8373 5075 7981 1945 751
1974 4403 19263 14936 18777 10306 6369 13330 4112 12445 364 12220 5772 16965 6970 19667 4125 15357 3970 5520 8810 15506 18118 13020 16126 18200
12493 4794 19163 16321 857 19096 9773 3657 7980 2897 10339 8543 11810 16040 8409 15687 10731 6215 9607 8310 12002 12078 2869 18316 2964 2940
12441 10153 8315 8156 6165 6870 13090 18352 19724 10526 3784 8609 5224 5781 11495 17710 1132 18591 6820 15975 13031 4906 11908 7780 4131 16974
13914 16588 15832 8197 7909 951 17838 8039 5169 17366 12589 11985 4834 16727 4249 5229 8411 10733 7489 2149 7869 3896 8861 14034 18089 4618
17436 18086 536 2916 15188 13570 10763 9216 15114 3966 1303 8185 9565 13541 6351 10701 7541 2534 3008 19210 992 6228 19195 4956 13876 7472
7037 8916 10362 14511 15898 3031 3461 15696 15939 16311 6731 9618 17869 10704 5005 5409 224 19196 4699 12575 2321 7331 27 12800 18133 3282
11690 14228 16000 6227 1047 15012 15944 19115 9771 6069 8060 5949 1048 11674 10941 16833 10654 2896 11838 2601 5129 1325 1901 2761 2832 1672
1761 9706 19624 16801 13918 16458 6600 1344 8849 14142 17811 10694 14539 690 4836 3352 13996 3874 12830 6591 4536 2863 7709 14200 19084 8425
12028 5979 1330 4671 8475 8992 1110 12842 19869 4248 7464 18338 16068 11047 3011 10158 5250 6390 746 16503 4376 19494 6746 18618 7781 3444
16071 12903 1694 16909 10042 654 13495 17004 17647 8200 13279 18423 7787 1080 10809 18933 15993 13442 19276 8342 16162 9328 17675 12998 14378 7108
19229 12338 5926 10562 14922 19570 3117 18508 15388 12688 19689 6069 11160 8811 15066 10742 84 7226 4501 15880 2579 6801 6365 4142 11186 6002
9186 13564 728 7352 19880 15412 19520 17289 9902 5190 7032 10008 17174 6987 10962 13095 5654 3048 12318 1006 3512 9887 11441 18762 12344 11075
3745 16584 3524 16758 15658 16656 10516 1808 16452 16216 19315 3947 16630 18648 2662 9235 167 11237 3052 16839 19346 16228 3721 8468 19395 136
24 7809 12065 13100 5343 14277 4863 11949 6949 7952 9003 19532 7412 11124 8400 1087 18672 8284 6534 16377 18284 13058 16799 11598 16703 6267
16100 16400 15635 9972 10245 3976 663 13190 4440 6703 11367 19996 15373 1109 7414 3371 6279 7250 13127 727 5142 1282 7893 15385 4385 7761
4397 12149 9433 10312 653 2697 7808 3889 8513 14102 4972 18486 18670 7328 12647 19544 1882 11719 8475 16498 2494 6485 18896 19496 19664 13123
11085 13804 13299 10902 2531 16237 14277 6352 12437 19358 12849 19095 8245 8803 12452 13165 18134 6894 15546 12118 14203 5091 18090 7716 9226 8713
5668 1863 1098 11045 6125 11345 7780 17969 17585 17262 5331 10732 5332 2874 14841 11833 562 12412 19974 127 13901 654 18536 6772 921 7925
3245 18111 6160 17717 11067 10678 17845 13909 15638 2158 7344 11744 1363 14788 6351 14514 637 2690 18019 19659 8009 456 16117 987 8957 18740
16475 18340 12061 8563 18176 11530 7445 4399 13917 10699 14352 16259 12249 14069 4606 11868 13756 2415 14520 778 3243 1940 19689 2406 4624 4778
11375 5749 9409 6146 3046 1007 5229 19212 3885 14246 5268 17522 9704 12407 14887 2690 16984 6164 19602 2660 14566 17023 13905 15396 1396 17696
17168 7105 825 1771 4522 10827 14952 8493 2592 2262 9116 8515 2505 15143 12396 19412 19588 4480 6264 7696 15766 8265 11764 15299 6859 16953
17462 14464 12625 12178 3870 18626 9025 5916 10322 4465 11823 14380 14727 16156 16468 3690 17363 12077 9795 4813 11302 4671 19677 4258 18955 12954
11234 5651 13597 19997 8456 14997 13307 14304 17498 14826 9287 2996 15418 1801 8617 3688 10193 3869 15075 6834 9216 19461 9836 10621 7074 4533
4453 5173 7917 92 15241 109 14745 6398 19331 7484 13770 13219 12580 5758 18077 4576 18377 12450 553 1907 18568 16633 3909 13212 15855 7777
4156 10434 11904 13820 10021 17488 446 7915 16177 13534 9451 2557 4133 11619 19808 1764 8585 5407 17388 15977 19482 15454 9028 2574 10966 18432
11601 9659 4444 9791 3832 17157 12062 2463 17733 7483 5860 4320 19478 18448 4552 7865 12984 1485 15599 119 8295 16134 18197 710 7878 4979
18179 7323 351 10497 19158 17878 351 8280 11010 13113 12841 11372 9991 5159 9594 12393 6231 18463 2494 11701 7646 17110 6346 19687 13822 11371
15868 11889 11510 5803 13099 1025 11998 12613 384 1939 12898 18323 15990 16077 16829 11712 14078 2363 16248 19179 3902 16740 1502 16742 1587 4083
11748 10560 5163 6323 14926 4473 2355 1282 4402 16703 9361 14097 973 12371 10185 3783 6958 5298 19108 13959 16631 8591 7263 5992 19128 18743
11920 17378 2449 9079 19105 1422 18291 9674 18779 12802 5540 3332 5007 7873 14389 11299 14562 8808 16361 3719 1070 15844 16659 12375 17912 2816
18564 3369 19741 14150 3654 12887 13322 13771 15341 11861 11830 934 1252 6678 13079 10233 878 10993 1301 17560 19257 2299 11639 10030 14040 12842
7504 14371 1010 16809 18322 12920 4904 16585 1865 7011 4228 2757 13169 2337 11185 2624 16655 14817 14277 19918 18656 17146 9838 3306 8082 7987
18168 6666 6723 8002 19368 3241 17373 14807 19194 10077 10179 6437 1777 3804 445 2278 10386 8973 4118 8838 7240 3114 17890 6338 16306 12586
4870 2338 15139 10426 6220 7926 13306 2042 18608 8431 13797 13393 9447 19840 8723 15606 2616 8701 16505 18032 6977 12763 8332 9444 11299 2045
6159 9769 1829 14312 1631 11413 17312 9774 4011 13016 9583 12427 14871 6951 18102 15851 5006 10488 14446 712 11275 18511 13143 13394 13478 14683
11672 6344 10791 15701 18534 17333 16214 4637 9697 2534 10546 14698 9112 12558 9349 9464 19052 15905 2217 13114 18514 18413 12854 2250 3615 404
15632 17152 3549 11319 1579 17793 19471 16231 2086 6744 16624 18243 4924 4461 2085 6633 14909 12010 19063 2881 15203 8580 5565 5489 15077 8093
14108 11534 19498 6613 14462 16012 3869 8492 13536 1221 3046 15311 9908 10237 7991 13612 1989 7820 6958 8693 5856 1940 6454 11423 7651 15277
12087 2142 4284 16355 19229 3162 5485 6419 6388 1193 16561 2538 4389 11265 7751 510 2732 19593 6101 12454 10757 14170 19495 7647 6425 3941
10617 14609 8289 8206 8356 8218 574 14751 2560 10097 3523 1721 2372 6780 5987 11388 984 5503 2915 15444 3503 12493 4006 9042 17230 18619
3327 663 17324 16838 812 11908 4474 913 2830 19157 8711 11626 2741 8169 7083 6436 10209 6523 14722 2072 13127 11410 9223 1401 14686 18941
4204 12416 12103 11533 2377 8739 9787 19644 11753 4804 8942 11865 19227 11283 7162 15631 19389 5192 9838 16994 9405 15423 11968 13148 6485 17670
1656 11836 11404 11256 1669 18082 9780 17084 1477 842 16463 10576 12015 13798 17664 12701 18922 6992 9454 10459 15351 7782 13827 11174 17540 12545
19029 7683 19319 13743 19115 18452 13477 13723 11311 6182 16649 6001 14546 17237 19346 10957 14899 2401 8133 15618 15754 5874 12756 4440 15252 16384
16233 1596 8878 14802 10715 14536 19033 14904 2749 15468 5940 1978 11107 2990 55 13087 14190 741 4808 8311 12362 17499 12759 17639 16486 6655
19876 954 13111 10612 17093 7974 7867 9814 9365 14288 18053 505 5551 7479 4874 19729 11681 7871 16644 7544 16324 16744 10729 861 10304 7550
4773 16370 12265 18894 11170 16204 12724 9231 7902 9735 5248 2217 13757 12707 18507 5600 3779 7001 18930 8932 14424 975 19646 19513 14100 13128
4935 5178 9856 1119 5963 10525 7683 16926 7169 11161 6274 4191 2825 12542 7817 7713 11967 19523 204 4282 140 807 1911 15808 10356 4293
15952 3517 11148 11977 5508 8140 14058 15708 6604 13321 4246 15771 5971 10777 5674 14493 7708 10950 10201 5737 19648 14126 18590 14931 14102 3055
4561 10506 11503 10398 15721 446 1524 10846 16639 16232 8482 14530 3677 11564 15914 7517 13069 2495 12393 65 12491 6280 7335 13834 6080 14131
2089 7692 13678 1713 786 14353 18279 12753 1850 4468 17173 363 15017 645 602 10221 4534 6580 18093 1106 937 894 14103 7876 18109 10319
3971 10477 17590 9964 4719 46 8450 11501 8139 2199 15266 507 2706 5056 10096 17671 4718 3218 3533 16705 1987 1306 15866 7459 10386 3349
14097 6408 12002 3005 12777 19475 13101 7552 1660 19301 18522 15018 1481 17544 7078 12712 623 6868 7217 3504 6751 19712 19463 2618 17565 16446
8746 19382 17889 12481 13004 6614 9232 6045 16853 12922 7375 4086 12798 11461 3280 17494 17585 13169 7794 900 5410 1217 10475 15576 744 17070
17847 11544 6958 10180 12482 19715 586 2230 10315 17944 11541 1233 10757 17180 4451 18725 19289 17087 4348 2244 9531 1163 17110 642 729 19468
5661 5733 6033 19817 2540 10075 176 8458 8568 12259 16160 13156 10385 15402 14696 4226 10437 4126 5277 14410 15674 16179 19112 14861 18208 2722
6385 12939 8509 6865 2174 6610 9906 4237 12404 15791 13346 8165 9776 3402 18750 6896 7420 18735 8292 16429 10102 4774 18334 10495 19704 8964
9647 1185 19651 9208 11509 16562 981 5488 10810 15818 4496 19544 7714 16798 17726 9770 12152 13365 19549 15119 8842 16465 19810 17227 9489 13810
18585 1973 5383 841 17753 14667 18249 3780 6325 1217 17343 3208 2354 384 15305 4379 17702 17775 17480 11423 3537 17386 15047 17315 9741 13203
104 9329 10596 5608 17432 3639 10506 10204 14787 3110 2267 17352 1207 17877 10851 5720 4603 1391 1665 3318 11763 14441 14238 814 7973 133
13642 17497 10317 4190 19617 474 4446 17563 9961 16662 14913 11882 10567 9904 12589 9311 3662 13446 14055 12387 17277 1816 6601 9654 15860 2003
8034 5185 6625 4228 9228 2274 3987 921 8728 12423 3680 9391 520 17891 18421 7382 17259 6288 16187 16914 19764 6660 14246 13437 12000 16575
3676 1526 1581 3989 9356 6553 17771 1143 6730 6043 18888 10388 2173 9613 7664 1019 6356 11219 4807 13225 6780 355 17169 5146 4390 12828
6074 13824 4135 7581 16520 581 12094 18662 436 12323 3113 19678 12012 10344 4214 4075 4172 14432 12408 18426 18931 16864 18172 992 3271 60
18988 2379 11044 2195 11764 19325 5443 17902 2695 13918 9280 19061 18408 19492 13171 8482 14961 10520 13136 7535 10739 10899 3527 19946 11659 14789
16932 17632 9982 8864 12354 3362 13381 3247 3055 8549 16747 6194 15752 8538 15471 9676 4267 12062 11443 14864 2094 1084 9086 2374 15 11988
4232 15715 11361 4791 11248 16613 14614 7637 17644 12927 4253 1932 14282 9265 10351 15714 15142 331 1358 19140 16627 1961 1325 5606 7266 605
18169 15241 14736 10111 16931 2084 4386 11551 8609 19107 12488 7305 13781 6237 8595 17218 6798 14265 17607 3116 14192 8392 7444 11560 17609 14389
18442 14065 11897 14949 7501 19390 16783 17227 5059 16455 8390 14040 3405 5999 15332 6083 2988 549 10519 15842 14762 2072 6676 5554 13956 12259
1253 11414 8483 2185 4426 17512 8685 17610 4459 3888 11522 15100 12509 12810 12706 15578 13411 5019 8211 12644 13199 13909 4482 17051 18958 592
4492 16075 15166 5512 14359 19714 5610 4566 18933 9886 42 9512 19889 13292 3870 2868 13828 16676 13584 3023 714 10171 14637 19137 2282 15068
3818 17004 4348 17415 186 11706 1524 9379 15018 13655 19289 2995 2108 4825 11429 9887 6967 17305 1259 16504 9317 11134 13331 1289 12595 7297
9285 12064 13537 15402 15786 2758 17003 13606 11523 10084 4063 4162 2065 19164 13944 13854 6275 8758 8629 2475 18594 2715 10920 7362 11375 18224
7604 2978 14961 19236 5845 10692 3240 6803 8643 15406 13854 115 5207 4851 4690 1774 13191 14147 9716 3969 1302 19403 17513 8520 7957 2987
6299 4210 226 16675 19342 1905 3854 4228 16924 8908 1511 5883 5186 12121 3922 3437 3095 18680 1431 9424 10693 1635 257 5514 7624 17033
12335 1149 6106 13321 16653 8982 9183 12525 19827 2383 9255 4618 15847 11820 4517 2114 19921 3573 920 19279 11295 10845 18271 1973 6320 16953
1155 15272 16757 16841 6339 17970 15008 1924 10135 19274 13246 4381 19253 7694 3141 17321 2960 4620 3560 3490 18431 13280 1539 6445 15952 5541
18584 8931 5526 5726 6579 15147 17939 17198 2638 2916 4596 12187 8438 9501 9251 16117 4961 19713 3037 14139 11821 13079 2551 4398 14325 19891
9541 18063 3438 5936 11463 17219 7141 8684 6892 19459 2135 10163 11684 10139 4470 4990 2379 14230 3416 14812 4037 18407 6031 18381 14112 19549
1699 1567 15968 1287 4800 5688 7074 4332 13228 853 7603 944 1992 7721 9560 1478 2517 5595 7270 3476 19836 7529 1245 15038 18014 7517
15085 9437 15655 15562 11615 9689 12020 984 1523 19728 3334 6073 18319 7275 2188 15281 3754 11091 16091 3944 19316 1665 19348 12734 18021 7306
14788 4042 15056 6141 4478 8547 15542 17387 17494 15515 16453 15345 7619 2190 9651 14313 5798 17112 11145 13769 19102 12698 15865 18008 8915 8474
14489 4796 19874 10720 653 5934 19519 2629 15615 5746 6648 8555 11939 1982 17748 5838 18654 3612 4227 1984 18904 10066 10755 37 8938 19553
11600 12862 18426 643 1505 18353 11094 17826 11563 10039 5032 7296 18985 9573 11014 12532 6093 15161 6390 10490 4952 18359 12146 6183 4678 18962
6265 8341 5009 15695 11360 13627 2401 2616 16557 16706 1546 9697 9806 15765 18821 2201 14916 15215 3483 2879 19786 2793 16677 9306 18325 7139
3858 15322 3365 17565 6627 18782 2577 10804 19263 14780 3783 14961 3811 12191 10805 17413 16377 19900 6081 17095 899 16572 10237 2048 2811 6877
15909 1808 13015 7632 5459 16038 8 12673 722 8724 3351 4563 6733 9006 4528 2280 13429 12442 7235 15145 13563 4236 10330 18688 11913 4023
17531 17413 14732 1781 8220 3157 10955 16598 2704 15855 1298 2166 19065 11689 909 6150 10583 865 11207 1888 4825 7044 12445 4502 19336 11833
6010 13916 10022 14827 2136 1491 9007 14224 9948 3584 17231 10676 6409 17396 757 4519 19052 13620 13874 19159 19687 4209 2312 11941 14476 14356
13210 4186 18217 12819 19357 3598 19457 12205 4641 2887 7572 18343 15129 416 281 898 1014 19744 12685 5500 10147 18286 17949 8136 10698 14248
10029 12433 4173 10796 19510 482 18387 18798 10639 2587 6311 19420 14594 8138 8487 18786 19814 11323 6946 1630 10771 3258 7215 18274 606 18883
3465 2370 17570 9754 4044 8775 4588 7936 281 15586 19412 4004 12131 17574 5703 17302 3719 19745 7765 6234 12723 18075 10012 2417 18046 9209
14662 12372 15161 4785 11324 14757 12955 15355 13192 9160 17466 9661 1457 756 15775 19153 1592 17984 15160 12876 5006 8540 1702 9015 988 13106
8264 15724 14361 3073 12599 11001 12677 8979 8743 17791 2451 6123 19676 12759 13524 11684 17607 18112 7922 4465 16536 7141 4817 4592 3589 6084
19361 19088 10938 10558 1893 4115 17096 3665 13568 18346 138 18263 5073 11797 18438 9484 17695 19772 3845 9931 6584 6169 17047 18863 13633 13810
4543 16335 6036 3910 14051 6954 569 10039 14070 18652 11026 9123 18214 12560 10759 10691 15490 13513 4144 2337 19184 1847 11783 2491 10022 2007
6786 11830 19516 10094 8198 4928 14745 17657 2410 16922 8404 19534 505 13835 9130 1109 8928 16225 2444 6081 14789 3133 19059 11773 494 9052
4438 17372 15726 18925 7474 3636 8889 10654 14050 1168 11731 1875 5198 14998 10816 3585 14261 7482 10299 14197 19963 1615 10027 10271 18935 17578
7419 19603 14816 16516 1158 14195 293 8074 8488 15085 2537 9269 8721 4283 1773 14322 11031 8647 13165 17785 7767 19441 9833 16858 15063 5570
11883 7054 18445 16718 16371 16620 4043 2914 17216 10540 519 5454 17373 11054 13155 15613 9089 7444 4933 2651 439 687 429 11315 17467 14582
17509 14736 7693 8212 9767 7967 2407 18967 7301 12771 3921 1693 12966 14152 13062 15428 4119 8329 9147 19440 16807 7225 19160 7072 12373 12653
2171 11134 9037 105 1577 4719 1678 13303 4382 10948 8115 12546 18359 4660 18536 14196 18556 6284 6636 8664 5246 4477 16951 10302 12084 13834
1646 16579 5539 17801 4822 19055 10915 1792 16666 18942 19441 2652 11030 14557 18611 2401 12991 3882 16495 4113 9325 2910 17877 5698 2056 15264
19958 18780 10001 5253 10605 1107 9576 15903 19493 6412 12724 17587 14962 9084 1990 19291 6600 4304 17630 1371 19380 14906 6883 8733 963 1092
2844 10469 15292 1363 1406 5144 9126 17129 11307 3279 1627 131 4202 7630 11852 13615 5 149 13068 6900 87 17992 11618 11149 1629 18632
17568 15336 9195 16298 9867 6967 5451 587 7752 3134 1979 8914 16678 12840 16035 19717 1138 14035 10353 15050 14051 7378 6219 14063 18964 1735
5053 2723 17141 2318 8345 7999 13421 19075 5572 921 10682 1542 214 3430 15382 13016 1068 12124 969 2353 18109 13313 15522 15173 2913 9243
18867 11914 5352 3940 3686 10367 12418 2459 15345 16659 18063 5367 1583 2553 5833 11097 13533 4962 5434 1966 13818 267 9302 14819 14069 2434
14742 7105 3095 5521 10536 5963 2464 11776 12412 10698 5601 2534 3718 16011 3322 1096 4461 10437 11766 1916 1087 12823 17110 6744 13441 5047
17510 4878 165 16590 15792 13776 198 16223 16849 3357 16527 2901 19730 1313 7031 7846 17519 8684 9610 8878 2863 790 6815 6596 10426 3143
6816 14652 6173 7699 17930 12668 11308 14712 16201 18289 2986 14366 17908 16826 5712 765 9860 717 18401 17723 16614 4557 9085 17600 1416 5294
8627 208 12210 11658 8264 3938 13839 14545 18903 2458 7007 2734 15751 12275 12597 13550 13396 2156 665 4273 11494 11208 9644 8248 2940 6859
18857 11307 525 17572 4788 965 4713 19939 4333 11491 4506 16893 13317 4975 17528 16486 15517 16990 2707 10840 19960 6701 1006 1869 7752 19748
8133 1911 18936 805 3898 10296 11671 8055 297 4477 11664 5402 9677 16968 18319 14015 13270 8751 7307 18390 13967 1505 9684 4018 4907 12399
4099 4796 11550 19375 5688 13996 16652 5788 3276 3980 17526 10172 18650 12294 17682 7584 17266 7813 16709 19686 14504 12080 3943 12681 7039 1518
1685 826 9851 16597 10979 15904 16444 3413 2514 9956 15783 2334 16401 10788 3972 8705 486 3422 11463 17368 11711 17860 5020 5448 12093 17689
8117 4358 11069 8125 9130 13583 5068 15178 9203 15150 5950 13252 9240 10148 7582 10009 7913 14198 5207 17481 12508 15789 4845 11733 259 6509
16592 13680 12247 4344 11745 2313 7278 10968 12918 16935 7700 1775 1815 11616 12012 18034 17420 4098 1030 3956 7465 2455 15493 1772 3647 739
16624 8060 16079 7451 13431 16995 15074 3867 12049 867 18447 18718 4810 2803 11444 987 15820 15894 14136 14423 11726 7929 16808 19008 3741 13743
17063 6880 5218 16898 10242 5783 2901 11544 19739 11582 16850 6048 12168 9110 15825 6718 4583 16664 4799 6801 3877 4119 18024 1882 11801 16250
9334 17318 701 7414 12158 11250 8783 6421 6688 2550 2673 13625 16981 4715 16006 13385 1261 19509 10316 1421 13939 15221 18642 12576 10664 4924
18738 7338 3233 10814 12557 17227 16029 8171 3000 5510 18383 5546 9562 19760 7853 11211 2999 7800 5836 11573 19829 5798 8823 17388 9686 9779
3794 14441 1766 486 4610 11987 12242 7113 17525 17166 2562 13195 8064 11543 3638 19446 5142 4922 3143 18138 639 14811 18750 17047 5843 12835
13362 14137 6031 15888 6893 4480 3785 12109 11966 6608 11108 13069 7219 523 5929 2009 5218 7030 6672 4151 2619 16444 6984 6026 1900 14617
7771 8507 19393 625 3570 1147 9052 12815 3446 19455 19475 13511 17036 17528 17848 3933 17226 16175 5403 19217 15430 5479 8332 2803 3980 17416
16655 15352 5239 85 14970 19399 5657 6400 13849 18543 16846 1271 12135 18874 3080 16610 16315 5485 8690 583 15550 13193 15861 7272 15949 1171
16980 9241 15682 6083 8249 17891 10934 394 13344 3294 19652 11279 11496 3874 17009 1932 6083 7852 14023 5652 7677 4642 14017 4512 14987 3218
5318 2794 3774 11679 6292 119 19508 7720 18253 14733 19460 1541 2556 10027 596 19337 6478 1709 15477 8077 5077 11683 7262 17637 780 16806
9918 2900 13802 4551 13944 10200 5455 12197 12750 14921 18213 7429 18005 5914 772 10495 13951 6289 11231 4935 14782 10697 12151 11419 13050 13515
15335 6916 743 2433 19251 535 18394 4215 15993 692 13708 18612 10156 16580 13083 5896 15028 19949 568 2121 15151 4453 7518 447 15644 7738
9624 15154 13500 4731 823 8039 19530 17193 18841 15820 18041 6251 5556 14703 15931 1931 1507 12494 16510 10433 14799 14643 6425 15619 13688 8923
14620 10985 14814 10095 18334 1758 1167 3302 3935 13808 15409 18332 16006 3314 17436 14589 4985 15535 14667 1417 8081 16097 2853 6316 3301 16658
2209 9633 4920 19364 3348 316 8522 5547 9592 2439 14929 4121 8836 4255 248 2462 10916 16734 784 17445 1450 16127 14902 8720 12610 9507
1283 18713 8410 13291 17247 12522 17315 163 10850 3061 5573 4818 16216 3787 2764 5106 3711 14625 5476 19742 5137 9269 3183 4719 9111 17453
5616 3864 19902 12033 5201 5472 11557 9427 3564 8314 1827 9613 10410 11671 13180 13831 5496 10020 15813 8292 8838 2517 8745 564 9565 10754
62 17011 13605 13351 6052 14639 6083 12660 13299 3091 11754 8737 4167 1538 7654 12545 11421 18825 1378 5256 809 9668 19528 8402 13731 11551
15375 12107 3607 3560 727 2237 18744 16281 339 16582 19930 3924 8852 14916 320 614 19605 1038 14116 5561 4584 11877 6370 9924 4380 6591
6522 18134 10090 861 374 9036 2766 19464 12292 7761 17074 13990 4879 11744 3381 12156 916 13946 6438 4449 15201 11408 16429 2220 7092 17837
8641 7419 10793 1148 10901 2198 9442 17210 18746 10709 3895 10495 5974 1705 78 13786 6605 15082 7014 11995 10294 2156 18421 2303 9395 8329
3703 2089 9834 5823 9232 10183 13565 9003 6543 11403 18063 15251 16449 1187 889 9987 14319 7965 19231 6806 7346 16658 13682 16393 13801 14897
1965 16721 15936 19615 14448 9161 1455 8637 5139 9903 9928 7008 5756 7635 5656 4454 16055 7370 2176 17886 11081 19733 5872 10070 18406 19467
922 1278 10461 9207 17371 3116 2015 10770 10148 9799 5044 2202 8852 1029 8308 19343 2028 8510 89 4518 9567 10564 11 15873 11451 16486
15135 16284 11371 16253 19346 2603 16305 2778 2199 14513 13390 8920 13145 13702 19873 2628 3219 3122 7777 18731 17120 18379 19539 9845 510 12013
6482 14977 10875 11772 12644 9538 10323 9631 2079 11931 14292 9624 3002 17015 17106 11926 11383 19946 16936 13561 17737 7379 13371 10344 2667 16182
11423 14211 6816 16309 6953 13685 11539 5462 5364 3243 3470 14490 657 16493 10327 14961 6442 3502 471 13577 11778 6610 9258 14324 7397 14772
7421 8531 18899 6513 14519 10857 3871 9240 7987 10805 19728 13257 4883 12169 16100 17664 16094 16868 10249 18420 11502 1602 13919 13458 1915 19942
14227 10187 6655 17394 14785 1008 18265 4394 15338 9897 8796 7917 5089 1632 8722 14901 8296 466 16617 14374 14218 1732 3813 86 7316 357
13410 4334 10265 15307 11926 16904 16869 15863 789 14264 14332 3147 16715 2303 554 15307 7244 5474 5614 593 2099 16104 5927 10410 11259 13813
695 9708 12171 6604 9914 4569 13722 14691 18606 374 5503 13703 15607 10889 7259 5545 15682 3688 10071 5999 4396 2926 5502 9456 14212 343
10376 11958 18188 4380 2390 15857 16748 11577 12032 6828 18115 5009 8048 5744 16224 14988 7271 11537 16931 10499 5089 12270 11272 7998 5794 14755
18188 12120 9876 4260 10666 5310 17006 5601 7686 8684 4884 8889 17813 13675 19852 13628 2784 17845 16076 16007 8179 13219 5749 10543 10913 15500
17342 7130 18950 9160 16382 1373 936 4419 1947 15145 7678 19595 5940 1095 4203 7455 10267 5111 14035 17481 9206 17725 16583 2260 15450 2042
14052 7944 11697 3750 7267 13955 11471 882 16328 2356 11135 6239 12808 1383 8181 4057 3370 17082 4029 1489 13908 15545 5307 11432 11605 18692
7467 15538 17197 14067 19450 18434 5953 12915 18582 11035 535 19112 8486 17354 5271 8299 12722 16879 4566 9253 16570 4300 11447 15910 16947 13233
6983 9400 9178 18185 8013 15011 13182 14245 10907 11926 13531 18010 9219 7918 800 6682 13775 821 19802 15855 14839 4378 12839 7656 6373 13715
921 17611 12821 6358 1148 6414 16261 9120 9754 349 9648 7438 38 11209 13175 12023 18933 13666 417 1594 17767 6817 2326 15504 2737 12519
2178 17115 19274 11641 17818 7625 7271 17216 83 7855 3135 9896 12487 4494 6216 9045 14607 12720 9673 916 977 779 8035 17939 7078 15350
7709 9275 18048 6730 7696 8442 14953 95 4655 19816 10677 117 291 5513 1471 16049 1934 14256 3994 12343 8014 3064 14007 9298 8559 16402
18337 14292 13492 17932 16622 1948 4901 17632 11831 18509 8539 5064 9989 19736 13716 3839 12733 4380 1030 3149 8037 4122 2692 11943 6575 12108
10836 19007 4268 854 8848 12142 7084 4303 15616 8555 10725 12350 17847 1658 7522 12754 12334 11657 922 18553 18693 4176 16890 8714 17605 8924
14531 16430 5268 4933 3803 519 15983 11088 9760 6010 16013 4041 12901 5889 5809 14734 9488 6751 18361 17501 13193 19320 4314 11423 17994 14324
15855 13466 8396 5112 18497 12269 14554 15702 9082 2839 3077 15213 19940 4775 1399 13401 9765 12350 2217 14982 6847 9458 16214 15475 16951 15450
2481 18432 9494 12508 16882 3799 19687 7347 15913 10509 2079 2781 976 11845 6714 6228 10581 7059 18780 8710 15580 90 318 12849 16 5606
7760 8281 14815 15904 6725 13052 1360 5512 6907 1163 309 15686 3355 15566 19573 17369 13762 19250 6660 16538 561 17019 9524 8477 1434 8401
7472 18261 12366 6885 19640 8662 4616 4581 10490 6393 16057 18454 2097 12654 4682 9185 14044 5192 18659 812 15412 14117 14388 1945 4848 11671
7881 291 15460 10631 13158 12053 3762 5455 8593 13355 19600 12095 13086 11066 9277 16316 17102 4756 595 745 12578 6085 4610 1729 11856 11502
3107 19901 885 16041 1562 2805 7398 9790 2511 14606 2060 2333 16189 5440 936 17192 19260 51 18761 13904 1526 13127 7851 13465 19650 19971
17724 2011 10457 9130 2456 11823 17326 15430 15960 5580 14874 656 8465 18447 6481 2270 210 6696 4609 7012 12688 3622 2801 9441 653 3173
12449 1336 16999 5280 12427 330 2617 16491 12501 2804 17384 8065 2265 1421 9352 12870 12179 3226 4573 19317 14943 1176 7495 19864 10644 917
9403 5726 16526 10973 4730 2330 275 9317 2863 16245 2388 8344 15454 8319 16005 17414 13413 3516 17344 4403 7119 5401 12491 11164 7465 7743
2634 17372 15662 18473 14212 14086 11256 11287 10842 10971 11734 15902 1439 9612 10557 7495 17086 13761 10934 1711 5972 19286 7658 16681 14312 8083
6888 9861 10618 10690 17373 13148 6482 19794 14413 855 12044 7850 16059 19936 10625 3289 12892 3981 13593 10133 1692 17641 8748 7716 17425 13914
11256 17023 17275 16865 13550 4577 5309 10725 11266 6970 9255 1327 11766 19028 8769 14382 18334 9543 16454 3879 11435 1264 3082 12980 13529 15268
10164 10774 8802 9003 14743 16649 15269 9881 7426 19854 205 7388 2929 2514 7888 16055 4356 19167 11343 17559 5806 9883 12812 18254 2587 16834
14744 5319 15040 6855 19264 9352 724 16246 18658 4749 863 4710 17336 7565 8451 13603 2055 3352 10416 11796 9982 14814 588 7499 18611 19066
311 4305 6644 17069 19635 15656 7684 16374 12281 824 889 2224 14249 19287 14481 16173 8032 4852 19669 7858 16807 13355 3369 7768 1011 3543
7090 1570 2951 654 11498 1508 746 4079 5422 12373 15112 3790 14778 10533 14211 6712 17844 9269 1121 10315 18241 14134 9618 477 13012 2580
8250 16893 15024 3660 1325 14846 8649 2104 130 10056 9932 15798 15428 13804 17240 2382 16635 11159 18223 6020 12943 420 8584 16110 5899 18368
4297 5282 7796 4381 16987 11492 6965 11521 1348 16459 12820 3080 2015 18978 4723 15519 10155 5737 13310 13297 6325 19145 11348 10653 7469 1824
6712 9135 2422 4433 4773 18950 1343 10516 382 18096 6363 16989 1695 11131 5313 14728 4297 18875 18014 2480 19097 9200 19427 13070 18406 5771
11710 6624 8107 7706 4751 8258 10760 1139 15120 3258 8059 8148 6242 15989 6417 12116 17677 3844 13814 15910 5909 6206 3277 17867 3887 7553
18515 13840 19600 19085 11861 7764 15386 11700 12336 5161 5212 15962 7135 4915 6636 8095 15971 7150 17164 15490 951 16714 2361 13791 11943 13838
7388 8165 10572 13081 9023 6666 13830 9151 13564 2214 18460 7174 12522 1206 4303 15624 8697 17159 17573 5589 15174 11111 18813 3624 225 18408
6887 1845 15533 15268 3849 13636 16408 16939 4017 19530 6581 19830 16733 12420 5418 17815 7209 2549 11580 7589 277 8820 13745 11579 6741 17750
1574 13958 16598 18777 763 15832 1077 1032 17573 12835 18470 9356 2400 2919 5006 2516 3009 12899 1236 5596 3752 15659 14140 14002 17729 4325
19831 14634 15883 5766 18062 5442 1430 10661 8007 16743 7836 17129 12094 964 9147 17260 1793 11344 17825 17641 16084 12794 11735 10899 14212 13552
6943 469 19639 552 6252 16346 7016 17522 12459 18885 18704 6497 14764 9670 4826 16242 12327 8678 10963 17306 2959 6390 18360 12633 4148 11150
9798 4413 7052 19146 18867 6780 15429 12887 7015 16617 9823 11197 7467 17631 6670 16344 3897 18612 656 4216 11954 8645 14282 19444 13170 6280
18443 5090 14927 11582 4171 15108 3542 498 2366 16908 2734 3773 3090 107 1260 1593 1085 19973 9109 3636 4258 17670 15514 10134 4547 8344
4968 11518 7359 2626 6838 556 14965 19489 12243 3599 6728 14503 637 13862 17021 1737 19052 1616 7644 1727 14791 3296 18803 13241 13071 10091
10700 5520 6442 7550 15199 191 506 19653 15577 12955 16501 7020 19601 576 2528 11766 9212 9524 2624 17451 8846 13689 14986 5640 12713 4113
8731 14757 13576 17883 12734 18123 12668 12475 11878 5056 19566 14390 14564 2184 3436 19122 17422 7748 11476 16308 17823 1383 3263 10516 19354 14890
14403 11881 14130 18176 4034 19279 11828 15359 5005 4480 9554 2725 18684 2349 19254 9936 12384 6006 7501 601 9227 12930 13154 19746 6653 12125
17944 17095 8964 13321 692 16321 8793 6854 17015 8821 12197 6287 2044 4215 15190 9448 18708 1982 18390 15895 16600 13871 14096 13021 767 7655
17718 14048 1537 12613 4325 133 13266 8207 16495 6082 15937 15003 5448 19438 1922 11773 10093 11372 11387 14378 3270 8876 11034 17835 9838 8200
12958 10573 5803 14095 18916 9540 3243 19133 18141 17990 17656 12555 12246 18576 18193 14405 17211 3825 18830 4974 13931 17449 8511 2110 14604 5199
6482 16320 1635 14453 15762 13837 13468 12888 6899 14545 13132 7387 12997 4149 8890 14234 1424 12116 16776 8791 11033 6102 15584 16112 10011 8680
7879 14847 11550 14313 10056 13729 588 8186 4065 14868 7089 11036 11704 9369 11724 11807 9310 10823 4010 2725 2562 15076 17986 4398 6843 7220
16451 12917 15154 10645 15767 15050 485 1400 16684 8000 7022 17190 2294 16325 1464 8303 16561 16887 15738 14131 5851 11102 12792 12638 9895 10670
602 18680 15801 1030 15752 14905 15575 17773 6741 19892 19728 2942 12539 12487 16771 9628 6027 18128 14040 1365 9631 17006 3555 763 7378 9526
14934 5575 674 11624 17467 7530 11778 2551 1183 9554 2180 3921 13536 826 4106 5325 12237 15622 15854 8737 13868 1601 2814 6906 2798 6414
19534 16323 8302 16437 11994 7634 16295 15604 5452 6223 13893 14979 6667 11932 1022 12151 8798 3823 9193 1253 13465 13803 8363 4382 18149 13540
5519 10445 18761 7951 16702 1930 18084 2539 6720 17305 17868 15055 8876 10544 16753 15319 14958 663 13715 3554 10347 19411 6162 4904 7794 10351
18947 9253 270 102 6331 2324 15057 17659 2865 6330 4985 15259 19078 14351 8672 17003 4038 4233 6084 17419 15473 12811 4752 2147 7932 3828
5214 4095 13786 3226 18779 17480 8370 13621 895 3779 10201 2309 2165 7761 19082 11830 6388 1460 16677 17108 6800 17497 13229 10766 13976 5508
6659 3495 1023 5450 6540 14678 18694 18968 1538 5675 4217 15067 694 19950 6934 4271 11942 675 14559 19139 19320 11516 19054 3564 13283 15980
12633 621 13429 17125 1407 12904 5022 16460 7254 8525 2985 2844 15640 16820 2745 11916 19141 7354 6170 2651 13446 47 8383 5512 32 3898
17701 12983 1215 9394 6879 8273 13907 11482 9211 2759 9926 8138 7339 16576 6758 17013 10814 14433 12684 17807 15535 14914 7084 5599 1423 5905
9312 2052 12830 9048 17483 7083 1924 14459 10561 18940 2017 563 4898 4845 2826 2439 13397 4309 8733 9652 14218 5633 2985 18466 5777 9786
4173 12320 6740 18038 5461 7275 3941 3977 8803 7325 16880 13383 4492 15824 87 2539 2619 15161 625 10290 16828 14829 10125 12401 698 5171
1174 17912 11406 7757 7387 16715 15913 3817 15675 15591 444 11597 3826 18696 3951 9871 15927 8718 5586 11938 2173 6653 2275 12615 3710 13649
956 5772 10607 6784 6188 7990 17797 1169 18959 6855 11997 7442 1134 9513 15526 8611 19463 18274 454 14828 13055 11984 9180 16964 9837 2530
6340 19316 3922 15490 14946 3442 6440 12898 7975 11491 13823 11642 19018 346 10804 13217 1421 15439 2807 14125 100 154 6415 18593 15542 10960
14204 14248 5542 9150 15914 13816 4942 19285 12278 744 851 11484 19232 16074 5679 16698 3205 4070 15817 10867 9325 16955 1088 13376 6969 6428
762 7981 8669 3250 10598 7678 9507 7955 11017 12850 2724 19119 12330 15569 15807 4125 555 12630 8375 11767 18230 4485 11990 1091 451 14372
10943 3429 8343 15741 19572 9092 7558 3404 8223 8250 8526 4438 11797 14939 3732 19244 332 3938 1486 17987 7055 7064 13007 13694 9826 8435
5565 5348 3538 6120 8874 17132 18406 15015 12943 13378 7318 14822 13646 3727 2243 10476 617 10087 14630 7162 13713 12469 11600 17114 16364 11465
9236 5732 5819 11403 13016 8321 19324 15322 19747 14298 11640 10537 122 2038 9465 16182 16804 5161 1117 5516 16455 3700 18896 15971 8545 7904
14746 5374 17104 14994 18773 15469 18347 11812 15332 9086 8063 15397 5583 13889 7295 6040 2486 6365 10397 12550 11082 5813 1335 368 4156 15852
1561 7530 12103 18110 4642 10092 5455 3747 19085 2866 17642 9129 5008 13693 1859 9940 6561 923 7251 15462 3373 7813 2367 2925 5013 16570
211 12708 11722 8664 8970 13495 17499 15602 19476 7296 15850 17865 11776 17944 16211 16013 15889 19725 16090 2496 131 6996 8769 15727 7623 6723
18890 15507 1420 2544 13536 2071 16211 9646 15745 15348 15972 7343 15096 2590 17928 589 11787 12600 9389 11167 5742 9549 7414 6198 3939 13433
17645 7871 2569 16250 7104 18251 15139 14407 13091 12784 11695 13068 14608 2178 4653 18547 16481 7056 3119 8930 8646 8292 10996 3560 9071 16015
8576 771 16779 2786 11220 18912 11046 11887 3749 3390 8440 5066 13817 2986 12357 16069 7924 18887 2982 17391 6183 13816 12950 1823 18411 772
4472 389 19684 19018 5363 15937 7436 8788 9450 4747 17407 5463 6974 2338 7167 12760 12161 8995 3818 9673 8678 12096 413 15694 18863 5394
10466 17777 17684 14190 10517 16570 19690 17137 11169 9875 2945 9544 2065 6466 10649 5750 17225 13665 9919 242 5234 19137 13565 15176 11698 19621
158 16911 16034 13822 1145 8123 19309 12885 4480 12084 10563 4024 4171 10513 1060 10688 12231 19881 9996 16520 14979 16430 3625 17282 7213 9501
15466 15897 13986 15534 13435 12186 12912 5439 17966 3086 92 15888 11266 9608 2627 17179 19104 14359 17248 3557 19513 13422 14898 12896 516 6826
10789 9565 18727 18464 16605 1536 4252 12717 15457 6018 11420 15494 15604 7240 8940 13287 2129 10212 6772 10498 5583 14234 17803 14955 106 13971
13084 4752 12892 664 3414 16455 16202 14206 19426 3010 17576 11871 6173 7898 11789 15577 528 4232 16698 7716 7831 17358 14371 4760 7504 10999
5170 16563 9351 18729 14501 15030 7347 16369 272 12406 2626 9272 5893 13802 15467 7772 342 19759 3259 16186 4248 1017 526 4558 17061 16371
18985 5832 13826 3803 8508 19712 13473 19728 852 11732 10973 5237 18028 12118 3704 3334 12060 6314 16882 3954 276 1267 18284 5480 15129 14497
5097 18191 6927 18078 6677 13940 8231 15381 17200 12631 3201 8290 19658 19267 17873 8532 11924 10217 6582 18298 18079 14508 4313 6816 19660 3128
10029 16598 10487 17835 13161 5842 17507 256 6038 8140 14420 4041 13666 15659 5194 13672 4307 15072 8243 13886 13 2060 14687 3781 15382 2444
15145 12862 18256 11526 16929 1591 14995 5365 2436 15992 11168 6021 7339 18228 955 13675 789 3870 9936 2430 12278 7232 19655 882 10091 11783
9725 6713 8048 611 19213 3014 17239 19201 11353 16955 13790 13580 7664 13479 1995 6430 2610 6916 17123 16240 9715 4055 15869 10565 12057 15043
9215 9009 18915 15845 6537 19658 8964 5306 13791 1154 1621 7683 5214 7294 17268 3278 2167 17432 16515 9856 11082 4370 8044 6253 7180 7393
837 15901 13854 9260 5455 15945 14775 19771 16545 13649 11417 4139 1012 7966 427 15883 2069 12637 6647 2432 4998 8629 9873 20 18740 7406
13397 11321 18099 3156 19558 16981 18829 15926 1136 12673 11515 1687 3153 2712 19812 16644 5560 3088 15226 5064 16906 17015 16835 9622 19966 1326
111 10978 12879 3310 6834 12789 16846 1730 15480 11834 4571 5459 5345 7262 4875 9772 15259 14847 2695 15161 700 8961 442 11418 8965 14289
13120 8612 3237 16984 11027 13463 16854 11540 7858 12160 8739 5060 18512 11342 1320 15212 18047 14194 11780 4617 13527 918 4688 10066 12342 14924
7055 5904 17476 2334 6122 14615 2053 3156 8607 3992 18408 7967 1992 4825 329 16993 5493 12932 10983 19853 8456 7927 7814 10637 4837 8691
11612 19863 17186 8987 8237 2406 205 5604 13701 8512 18370 11210 9438 5086 15287 4220 4331 10852 13027 2087 16149 14651 4127 2048 6444 10959
13467 6277 18931 19991 15982 11341 10591 6426 4641 980 8523 6679 13030 5126 17518 5207 8224 14467 4147 4105 16945 4590 15580 18746 46 7359
5252 287 9713 16608 8179 599 4211 11844 9526 3347 7190 8835 16548 19629 5185 543 1443 2861 11867 683 15915 11914 6881 11479 10795 4366
19469 17898 3492 13830 18615 7251 2727 11957 18422 18146 10108 14308 7915 13749 5256 6652 1552 13814 9775 13686 13317 2614 3649 10190 10000 7279
16760 2299 18756 7822 19783 1436 17401 4771 17551 9175 14486 13344 19916 8557 6001 16092 10558 10895 7695 12804 8291 3165 879 7783 14038 11186
4080 12675 3723 8073 16145 5818 9787 13785 16484 1706 17954 11869 15176 6264 8216 13521 2841 7310 15141 10253 7962 2769 9411 688 13589 1214
17373 11212 1026 1035 18013 9062 6353 3741 3184 13331 16811 632 18431 1344 66 3409 9419 6311 7516 18942 17700 14295 19952 3791 2792 4819
12576 17515 10789 7326 2757 13337 19693 8729 3495 18000 16679 6839 18659 515 19371 51 6860 988 8284 10343 6262 11651 13306 17602 17635 13917
5203 15792 7680 14795 18975 11186 15244 10238 18159 4409 2021 5086 12902 12409 11689 19099 17306 923 12826 3351 14437 7795 10686 6138 10014 11956
19926 19683 4152 4713 322 5906 8302 6089 9455 13617 9470 19255 18857 17727 8805 15405 11746 4042 12103 8091 862 18303 6226 17995 804 9778
4819 805 203 2134 6409 11030 4940 6844 1212 17757 14008 7741 12691 4486 7622 3186 8593 11991 10942 7794 4405 8021 18049 17213 15388 4457
1551 16725 7753 11733 6646 2236 16272 7407 3332 16879 1354 14550 2727 10379 18710 7473 6657 19223 4360 1875 16529 16652 6268 18269 8124 4026
3891 12380 2065 19881 2557 5321 5227 5052 8217 8688 15599 4331 4172 10147 4326 14000 13352 16552 16207 18878 11493 19408 14581 7659 16937 1831
4917 6734 7900 1271 8227 17284 7759 8890 13622 6950 12914 6167 18265 12298 7500 11819 14441 11045 8990 10124 5950 9003 18448 19757 4281 8862
10396 6386 19549 12325 19503 11631 19406 2300 16727 6809 16542 1837 2661 15886 2492 17871 8584 9021 375 9375 2917 3160 2425 1366 10149 11265
15207 996 4757 4027 3287 8210 2576 15025 19880 16408 13655 10196 14365 3849 4817 6761 2576 14596 1805 19810 10178 16638 2599 3611 14815 4441
6249 17856 7854 14761 12295 7345 7573 19738 8049 9676 6804 4315 7268 49 247 17860 6012 4218 10380 7697 16675 19435 16727 14039 10220 14213
13578 8769 13291 15222 1982 5233 19948 11202 12151 5897 13272 4905 8468 15505 4554 7501 17002 4584 4908 11649 13834 18081 17221 16076 2184 18731
19566 5140 15974 2177 11901 7078 538 16133 7022 10361 6911 6603 3750 19664 19571 19742 1806 14014 580 1795 19853 7457 8974 7058 13894 4859
11601 17922 15913 14062 14737 15169 2634 10310 3555 2527 14813 8336 14918 19773 3886 17570 10971 8348 10820 9036 17100 15446 485 4067 223 19117
12580 425 16713 16240 11675 19950 4566 13471 471 11061 5973 12970 2442 11001 17014 14277 7748 4374 10889 12555 10374 13579 13484 3294 15505 14716
11554 9647 15819 9198 11886 50 9163 12051 15785 10643 13150 9016 5998 1438 12529 17641 2155 8302 4242 5414 183 18410 14875 14955 6873 2016
11862 1814 6676 219 19918 18187 14322 14914 6034 17395 11661 14633 2126 15516 14801 7835 8058 9114 5128 12415 619 16267 3013 16344 19087 10690
14527 17647 19701 19756 3203 5138 4397 885 16424 7941 15715 3613 2577 5011 15182 11802 12459 13070 17035 13345 2527 7968 1172 16547 15385 9439
6850 13158 13537 19795 13172 13220 3575 559 9007 14114 2049 17541 1600 12518 6841 5602 9193 6985 2395 15159 3111 1784 17803 19423 8409 644
5572 8595 13947 14362 16412 3193 4265 4238 18333 16767 18585 12384 19649 5784 7243 4822 19982 9692 10459 13281 958 15895 8436 4768 4397 18542
8507 1308 15475 4125 19977 6152 8056 18134 11013 11284 6035 12868 11519 14412 18255 3271 16583 7536 17697 19482 4217 15255 3271 9942 5837 19511
11739 12478 11591 4268 7145 8532 17441 15142 11204 19456 13039 12759 10471 2240 1532 4979 9778 15911 894 1252 696 6489 18424 772 6242 4003
