365
12 88 81 32 88 52 8 51 33 53 94 64 82 16 12 100 62 3 97 2 64 23 36 39 48 41
17833 18354 19764 6153 11551 17586 6901 5311 9666 389 19695 1891 1493 11409 19784 14113 19171 12340 7246 14964 17897 17149 11207 120 17857 783
904 6437 11427 114 4369 1440 6313 2512 6708 3883 12553 7103 15276 2545 11479 4817 6669 3728 4738 3820 3068 1908 3712 19233 3844 3574
14488 7393 6699 3511 5873 139 2332 4764 17581 16296 11888 10209 2082 17227 7808 15099 7367 9886 1880 11038 3574 2858 12099 707 7771 1148
10802 4253 12753 227 5932 17316 7378 15233 11490 9825 4864 1184 15474 786 5629 10997 17943 19432 6336 12585 11010 3652 10997 5951 1284 3114
11297 2099 16883 16429 2876 9804 5356 13759 581 18876 10915 11008 9574 18132 51 8657 7271 12187 3175 11603 4662 17569 16647 4017 16434 18385
10481 10097 4495 1761 17474 6528 7920 7024 5684 1123 19499 2088 16623 19553 3142 3829 8213 16202 11402 15300 3375 13782 18692 9161 19766 11329
15976 5947 18137 18146 15382 13607 18006 18542 3126 19625 5735 2446 14448 9454 11628 15943 13249 12049 16281 3828 14109 6825 17621 6023 648 8952
2174 10101 1502 3296 14576 12631 17205 4260 2983 6305 2960 12537 1405 6887 16065 16751 14832 6842 12534 14624 152 14584 4243 9425 12125 16643
4258 12245 3206 18825 2699 18931 18947 10946 1554 11593 3464 10846 19916 12097 13530 14183 15586 19131 6307 17516 13782 18182 17590 7410 19007 7047
5675 1960 14203 921 15731 10880 4935 16807 7711 19398 9701 4114 7213 16038 14224 527 15412 12518 8760 12620 298 17367 3653 2245 11443 12451
14422 16965 5108 7244 13944 946 3842 2990 19072 565 11332 7473 4149 382 18975 13462 2305 6645 16749 19174 8962 4668 13761 15115 4521 9506
8633 5687 8864 15351 19747 19887 15350 10925 10490 229 14448 9792 4724 18282 7788 3673 7168 12523 18965 4757 2581 5334 8687 17035 9113 15300
3256 6361 17837 8437 19617 19631 8149 1210 11901 17486 16077 2412 12690 11212 4637 4666 364 4580 2321 1563 8076 12254 233 6684 13089 1910
3187 10601 16872 5740 7469 927 12059 10793 11404 15398 7127 3999 2674 11436 16019 12417 7068 14679 3184 1260 3092 17946 15329 5612 2429 3012
8250 11564 6824 11789 15245 18455 5608 4314 17521 998 11824 14498 15274 13076 16590 5214 11094 7386 17171 14839 11692 6065 10592 3324 242 6898
269 8352 15095 10060 10138 1989 6824 5608 1115 3918 13721 7623 10314 16794 12617 69 12082 19792 19593 2477 1882 17533 5837 2710 13672 8356
17155 3680 4424 7002 14496 590 5763 9655 8715 3981 2294 12227 8680 1897 8555 18295 10006 17917 6415 7803 7075 14761 10363 15182 8671 1487
18989 5965 7286 2583 15320 10531 12918 17506 18254 2680 7623 1346 7580 7118 10143 13784 17453 17060 4268 19960 17536 13813 4818 2599 18456 15312
3043 11587 11956 5012 9598 8629 16207 13303 6626 18237 9804 4856 13071 4036 1744 14064 9263 5567 7374 12356 10719 5573 13270 12048 13138 3224
6139 7645 4262 17125 1849 10283 16901 1601 17870 11735 12988 17244 19411 11559 12281 19575 16994 28 16883 14465 9842 14669 2847 14294 16102 18430
8311 9222 14624 5764 3311 8983 7592 16061 6588 2071 8388 19556 14628 10454 16836 13207 11932 14313 10738 9602 4249 11089 1987 17193 1463 1571
19833 2590 3638 14880 12588 3057 9151 17230 5719 13485 18963 10406 4781 4703 2428 10430 10101 6129 11583 11028 872 16998 7183 6359 5940 18265
18334 4782 14460 11074 14376 8871 18336 15989 5119 15170 7875 16116 14641 11678 15221 11728 16980 12680 3600 10222 17898 1284 19787 9820 3014 2302
16457 5400 11732 8105 17752 1352 11661 12481 6703 15983 15983 18689 13586 242 8060 16343 8642 13791 2255 7632 13521 11260 1056 18859 11750 12347
4504 17565 1947 9570 7779 15278 9678 1872 4635 10099 7613 8112 7516 3256 11108 6840 12828 1806 9889 12418 15205 14879 14532 16503 294 19426
9257 16751 10194 4815 15108 2135 16279 5016 17242 1235 8221 5872 15473 6515 5610 18017 15229 19002 8415 14113 14661 9338 11022 17581 8308 1025
716 2076 18084 10541 18511 1511 17188 16880 4963 13103 920 16057 12329 4466 10977 16249 13635 5260 5097 694 2664 5257 19019 10314 7790 11887
9999 4434 2280 15208 10044 14455 2295 8550 12228 3521 18083 12821 4949 11909 15186 13608 5916 8142 9861 15017 780 18513 18368 18807 7205 17425
1414 12585 5796 8361 10193 11917 624 14299 16416 19396 7473 6249 3650 6531 13145 14180 466 15074 14661 8154 6038 7115 7012 17475 1933 16741
12591 10151 14587 2736 9408 16224 15899 9941 8413 10752 18685 11412 8181 295 6350 19659 6484 6798 16503 11116 2756 16574 13862 6288 4682 305
11375 19233 5673 6706 6027 3768 7391 6325 17277 13267 16722 10931 14920 13703 6156 4786 8854 2537 13979 8309 18618 14175 7982 16134 2955 8910
728 8442 4791 19219 5814 5997 16324 8697 11430 5454 19949 89 577 9240 8162 1987 15081 14962 8799 10890 5128 14852 7872 19418 2430 18257
7813 13281 13099 1961 15373 4084 11918 2848 17815 12175 10891 16466 19130 11187 3762 19638 4263 15561 6768 13437 15036 15216 16950 8236 9619 16680
10716 8474 12859 14277 4492 11301 4017 14123 5258 14362 16108 16779 19031 7063 5099 5759 8076 5949 10828 14921 13307 18551 612 19811 5335 17360
15192 3622 15361 18391 9842 17153 9112 7353 14583 2276 17013 10324 16664 8683 4858 4520 12935 11760 8451 6548 18144 1753 3553 15197 1480 16967
5853 19771 15081 5861 6131 17517 16537 3325 17762 11833 13590 16001 18348 8343 8800 16870 13672 553 19895 10018 11234 15927 14560 5427 1394 18500
6586 17519 19319 16033 12031 2283 4140 6266 3614 13439 6279 8190 8351 14596 16484 7349 10672 9685 16129 19678 17762 4254 15023 9103 12117 2293
12029 8146 2922 19718 16111 18433 16480 8084 6600 15857 17907 18716 19652 19774 17006 11126 2904 13900 1757 7530 534 16572 12966 18621 5972 14905
10875 118 10049 5230 7155 12234 15493 14368 13276 15341 15830 17073 10983 15670 5734 16122 5472 4362 9482 13230 15650 7402 9723 17472 18341 12868
5950 8636 11228 1806 19613 19135 13994 18264 12827 19817 16220 15184 373 135 16345 9285 3968 7078 7083 6251 20 16514 2415 6591 18433 9573
18148 19865 8137 18567 343 6339 19991 1659 17262 488 16988 16498 14668 1085 1513 919 12841 1684 19494 16184 6695 6209 16218 2924 3954 11424
14986 15882 6910 12835 4931 11105 16137 10488 14471 2881 18152 18657 220 4106 6313 11832 6818 17356 7550 9425 4829 11507 10689 16840 7228 12022
736 626 10880 19791 13857 12017 8446 13563 8832 7193 11007 426 7890 1877 15161 10821 8877 1707 8330 12414 3729 8094 12879 12589 5584 5154
7776 19669 11115 6951 8567 16538 17550 14616 10853 13343 7139 9993 3555 12922 464 12055 8232 6340 3952 4521 14215 14594 19954 18984 2225 10810
1237 6616 19782 7156 10150 12495 8176 7573 17197 7430 12645 15163 1195 456 17470 9102 15922 16110 506 3666 11281 9524 16219 481 13447 3709
16262 14554 16092 14170 14158 493 6163 627 4439 6716 15318 7946 18895 14266 11529 5600 4449 6608 1270 19650 8134 11928 16057 18383 4259 9151
3332 7062 303 2983 19734 3110 7860 17959 3520 16391 6509 2179 12867 12480 18008 14267 13079 7257 667 12160 17325 5821 649 19712 15979 9586
8076 14555 10643 14828 4158 4775 2949 9381 11742 9047 4510 5262 3022 8752 4063 14092 824 2615 12652 9404 12114 3898 5211 8455 7548 9600
516 12798 13894 7235 6388 9214 4399 10762 12548 13254 17313 11332 300 17094 8461 4101 18570 8208 18767 16296 19564 15808 1398 7773 7014 713
7215 17060 16751 7228 3768 1031 3340 5021 7992 6278 18001 17403 15283 4321 34 7722 19488 11975 8727 15978 7257 11937 9904 15070 13242 9139
835 7012 5131 12992 5742 17345 6287 5744 340 9654 3620 18760 10393 4777 5214 5927 15831 3506 17676 12041 935 9128 14236 14142 12859 19774
3810 6733 10469 15717 4968 903 15195 15532 14274 19726 13848 12890 9580 7532 5146 18564 3268 18073 18428 4083 2391 10247 2061 11883 8189 1763
12148 5126 6048 5985 1471 17535 245 17027 19029 15444 11399 5606 6677 5236 676 13209 11050 16211 1735 4439 16446 17590 14632 6934 3557 761
8874 12683 1064 11460 7478 7880 17491 5170 14937 2777 13785 7248 6988 15985 6784 6261 1805 4018 18222 5831 11580 1995 4505 934 14609 10529
2709 14912 16785 13988 1715 11567 18620 7261 19845 14977 6213 18462 5364 1683 7376 6409 17710 8424 2240 18135 7246 6645 4352 4648 9786 11832
7030 12989 19595 6021 16688 6982 6212 18719 5546 13854 17295 7443 10568 3555 18300 12262 5067 11583 6370 2509 2426 15817 16800 2914 6081 8637
8330 12380 8830 17239 6932 9817 14486 486 18097 9794 6251 7200 13848 18836 13563 8472 14479 18705 1031 12830 491 18953 14247 19452 9828 12352
2281 17783 6565 11072 6945 4619 3090 4819 11587 17000 1506 1421 16267 14561 14457 15176 12147 18465 898 5526 15049 18823 15398 513 14126 19901
8985 6863 3227 6777 12505 11029 3523 18215 4860 18750 15727 14049 14686 4358 3076 18234 6563 10297 7959 2586 10315 14073 3143 10101 3285 11553
15934 18451 1012 3190 15992 6738 19344 14991 19339 7841 2728 15542 14525 1607 10393 13488 4325 19584 14716 4874 9488 2767 9614 1812 2390 5757
9942 19870 17737 9480 8972 5852 10426 1396 10777 2046 7969 2823 14959 18928 11992 3561 11223 500 14616 3371 16031 16505 11312 16544 5085 17282
4286 4551 12334 549 6623 19017 8846 959 14162 11305 15595 6959 3562 13030 15908 10615 5360 2022 16017 1300 7905 17644 6473 12126 12228 5252
9604 951 2890 6476 6498 12020 3542 6650 10208 6368 10984 891 6088 1970 6417 1482 11221 5228 749 2505 13519 14935 11411 469 5175 1523
19686 14561 15054 17974 11527 9351 10449 5149 3311 10753 2178 9416 7894 19944 3157 15595 5277 4658 7051 17174 12075 1756 8428 1944 13391 12671
15648 4426 14562 6769 18902 15201 19854 4009 9960 6027 18245 4132 14683 1997 7611 14895 8592 15980 15564 9919 9477 3976 3390 11813 2125 5794
8553 18830 5394 2245 16610 8827 10735 13596 19614 4496 13126 1505 3641 15077 14113 9711 17587 19735 9695 13771 11917 11024 10941 6750 7470 12595
16277 6796 2371 4679 12855 2367 3652 6433 5908 695 10428 11139 13688 16590 9116 11519 12984 11984 1176 4619 11033 5359 17594 32 3589 7309
18025 10349 5689 1706 7124 4582 3226 3485 15352 16276 4783 432 6204 16480 11570 7017 1385 99 17106 13 13083 16746 17114 13879 8967 12101
2666 6702 4126 2044 3074 13102 965 11554 5826 16709 9386 1790 14785 5395 3261 17298 10387 19258 10034 9521 6245 5203 6492 13989 13745 10298
6539 7685 10426 12705 18991 17528 11730 5921 7030 6995 2813 15761 1883 16720 8264 10718 4212 14910 14630 1191 6091 8677 11125 7935 329 9515
1290 19789 12429 6117 1468 11634 4079 13682 330 4202 735 4132 3940 16435 4429 956 3726 10054 2512 9178 3610 10040 17053 16232 17837 15382
53 9296 19927 17302 3755 13214 462 750 12217 18676 19234 13095 11345 4540 10969 5957 12161 13713 4073 10760 3456 16511 10038 945 1553 19226
7662 378 7972 12237 1090 14597 19806 10332 4475 9737 4753 9681 3960 14059 3386 2583 4154 1512 10471 5650 5023 7030 19399 5817 16112 6638
15348 15960 9771 17162 10853 17377 13389 15590 18217 10822 19692 13106 12702 2927 6803 14301 19426 520 1216 4265 13191 18103 255 13755 10074 16577
14045 8041 17783 13224 3217 12141 2745 10206 15400 3497 18579 18152 19962 18183 19824 1811 18875 15064 17348 17675 5240 350 1595 7845 10830 19557
14725 8237 4114 702 16936 11342 3776 6682 16399 126 2521 11386 18179 3299 17300 6398 19117 7838 15251 11509 17434 14935 16887 986 14843 4712
1860 14933 11643 17202 8475 16890 15379 17889 4572 10197 9491 3116 19062 15144 3590 1195 13809 16773 5700 360 17312 11717 2524 15057 10092 9687
5663 321 10828 5933 570 10736 1021 19287 18910 8638 8143 9379 18176 8002 3331 15871 9431 16697 15801 19258 13052 4514 8103 14908 3618 19775
11309 29 19675 18328 4179 14923 2234 17517 7765 3580 11329 3545 1944 7742 1500 12557 12826 8910 10601 8949 18355 12807 16465 2367 3471 3641
3176 13874 298 6480 16037 2498 14003 17122 11467 19154 19165 16426 8276 3246 3343 18535 3644 2707 8064 1096 2858 17207 5216 16185 13932 5076
15742 16989 17268 12325 11776 58 10860 18016 15951 3038 12013 4248 4740 10733 16687 844 19071 724 14469 18677 2201 3180 7455 18931 7632 2279
9182 8272 10761 16717 15182 14418 10523 6761 8801 2645 3530 7916 14670 3394 10061 12642 7454 4256 15709 9385 3705 136 1800 18311 13818 14531
13338 1731 17396 552 2427 12492 7004 978 3981 2498 14022 5840 14079 10137 10676 4497 13579 11210 13717 7533 19782 10956 6164 7473 14233 4271
14898 13301 4648 10441 19421 4541 11390 3483 3176 17511 9834 3776 9946 12661 14559 7709 442 6425 11305 12957 6608 2938 1826 2464 15232 11805
16379 2788 5135 10024 1218 15074 16393 12620 14392 5191 4858 16173 1661 11114 4088 7595 4001 13835 175 6444 12429 11800 13197 14180 19097 13279
2988 9448 10478 4663 11444 7568 19751 5899 1199 10122 17027 3101 17659 8414 7124 9400 14568 16609 17334 3395 14845 8579 11272 4889 8883 19620
9977 16321 2827 18972 5157 4282 19409 10242 15294 6259 15916 5340 12145 602 16119 3010 11326 18101 12010 18975 8078 14 2733 12468 13487 15346
9191 5306 10497 9522 18715 8500 5228 18943 17953 8299 3441 3537 6609 2986 7378 12654 4215 18810 16713 16667 16776 6480 9957 15303 12619 14337
232 3569 3967 15839 4091 11346 3355 829 15686 1469 16436 12198 14704 11895 2005 1533 2793 12853 972 18111 17126 19746 5811 12802 9112 10152
12962 7191 17732 12507 10925 1460 4368 17020 19292 19919 3460 5071 11458 2080 10469 6253 12404 4505 6367 19795 6557 17448 14540 8858 3380 6784
15399 948 16536 13693 11053 3180 13672 15245 2697 2271 9035 8000 1275 13033 17428 9713 16928 326 17560 12023 14426 14995 15315 16891 11553 15638
5323 15098 3402 10010 7870 11127 1620 11813 5734 19180 16493 6160 12075 767 19838 3306 2179 9773 8416 15837 12876 6356 19764 963 1052 8397
17687 15173 2432 8316 4547 13720 8868 4420 12485 15749 4117 6272 10888 9779 8414 11748 3859 18182 12810 3791 4394 13938 11500 19789 7766 11014
11590 15065 17056 6737 4440 15190 1156 15740 14654 15478 1676 6346 16470 10339 1409 12156 3014 3560 13216 3486 15211 4158 3717 14385 12337 1103
10653 17934 7854 5808 14273 4902 6708 15366 14193 16388 8549 16374 5064 827 5552 13693 4376 5345 19616 13453 19291 18391 17342 8515 19008 9402
13977 12955 10442 10032 2828 9560 1882 10793 6389 8887 10420 9835 11870 5928 685 18042 9960 16629 1777 17259 10581 14137 7940 5670 15833 1506
3391 10771 4958 4964 4306 15384 10664 7599 8400 10270 11841 9907 10577 19345 19841 18396 11266 15266 8794 11181 17460 2906 4658 1223 14151 11425
13816 15972 9530 20000 6418 8171 15412 18032 2385 17460 16900 10900 10033 5371 5884 6038 14899 2147 15577 17088 12684 7959 7121 10898 5608 3225
9895 7081 5874 19730 14153 10089 16799 4657 17923 17457 5930 14273 4823 7666 18070 5177 13946 17988 18306 17368 4817 4435 18443 10199 14864 5801
5777 6760 19542 1240 11800 19368 14346 16596 370 561 17650 6883 18404 10573 20000 15163 7618 1221 8440 15913 8915 19070 18479 7651 18657 17094
14083 9578 18203 12719 9244 19563 14921 14501 223 19011 7896 6869 4577 5780 7239 17808 1819 17118 7463 1130 10341 17961 13214 11008 1474 3911
3467 1552 4912 9407 3676 10709 2742 13379 14874 6629 6169 4024 14359 6866 4842 9448 1297 13974 17035 15548 2748 18674 6336 13153 17138 19404
7101 6410 5688 9831 18237 12249 10352 3143 8601 10568 10928 14850 9023 10844 1629 19626 5899 9158 7958 14881 2354 15862 9170 8860 13205 969
3100 15115 6223 16440 14726 13518 10685 19976 4677 16990 6395 1739 3143 6220 9017 12228 14598 2151 11275 6264 5128 18758 11392 16203 8480 3122
7711 12831 15852 15870 14654 1047 17254 11233 15945 10444 2911 19499 13658 4748 2715 18127 1645 13115 5928 8097 9180 12064 7634 12393 9963 13041
6347 10465 2524 4360 721 18357 6697 19982 19384 5119 8800 18980 12878 9893 10067 8936 18713 17419 16839 17102 12377 10308 10903 14839 11074 16761
12973 17958 19093 7614 3150 7561 5009 1063 18685 2067 18639 6407 5115 913 18780 6209 1160 5742 10608 17426 7720 6044 19378 17604 16726 19960
8201 5174 11080 1808 19483 8248 14360 5820 5839 13139 8341 2816 11398 11679 6063 2745 14240 8705 10258 19371 1834 4033 13223 985 16809 1706
160 69 8652 2728 4020 187 8479 1250 9533 3825 15033 2346 4469 12525 824 8820 6174 8569 14737 6747 938 10076 7617 13929 19700 9862
7874 16735 2892 4125 4318 9162 3527 2337 18959 5477 6986 18994 18121 12511 5259 17235 11732 6020 1901 17566 18357 18007 16724 12308 11139 763
8512 18023 12424 11691 9077 10090 12511 3814 15504 9354 15530 8362 18785 19153 5844 7229 9400 16213 5016 6066 19563 14561 7356 6502 3956 18503
10528 7720 7106 3951 2376 16508 11802 5272 1105 5956 13678 12293 8850 4575 1602 4733 11892 2303 1105 1462 2861 2113 16243 5039 14172 7507
7172 2751 2012 18470 811 12485 10169 15369 3914 7729 5303 4426 9311 2809 3126 4817 15009 13417 15772 12414 5740 16891 11469 13073 18542 6326
17675 11103 17420 5498 8130 8680 3916 19023 8623 221 14536 5184 19349 12010 19667 19424 18735 16693 6867 2151 10637 824 9810 15082 8562 10866
11590 19829 18946 4537 9340 1898 13198 18587 2456 8233 3946 13566 1510 11213 7542 6311 9434 8916 11557 14348 1570 17566 16472 2618 7629 16217
4723 5426 13250 10961 14738 19075 12237 461 13024 13207 8055 705 11465 11768 2549 13819 18547 2158 18444 4195 4175 19728 16799 15412 5289 15883
3248 15344 19694 15099 6559 257 5183 19674 3427 14181 11134 16789 12073 8872 6474 18955 11932 15583 13249 3241 16614 3068 17534 8207 15379 10273
17431 4910 18678 16003 11182 9670 9778 16893 8472 8433 18709 7137 5587 2537 19559 18788 17463 9940 4007 15950 3111 5782 13460 6916 3153 3797
2425 12567 13887 3142 1308 2113 472 5089 10537 2832 8046 7586 8909 9487 16785 13007 5937 17038 17695 19377 3542 14953 6763 45 16508 7682
14407 19772 8377 3516 16005 17826 19384 13860 9771 4049 16603 19357 2305 3952 14488 526 15343 10102 400 15700 5254 9267 11925 5995 4824 3124
1606 8925 18869 14444 5866 6610 15416 15189 19964 9278 2355 9701 4900 17672 4267 12843 18540 7669 4899 12795 5949 4373 1836 77 1260 8708
14162 12132 14666 7732 13528 6072 2525 3382 15695 11778 15908 14884 166 14326 14547 160 11412 328 17953 13129 9593 18622 7823 13863 2329 16219
1356 1288 4237 13009 14818 8388 8085 19584 12471 7803 14569 16464 17742 7722 10503 12301 17738 1881 2065 2245 14056 13308 17736 1965 17300 1894
9097 12004 14347 17922 8107 5225 16596 6799 12578 10446 11517 180 401 1478 15603 19528 8839 11265 3373 7059 19477 14549 3646 6007 13756 17746
18267 18779 4750 5902 15783 3428 12777 8299 9831 17045 14129 18644 13169 9903 9156 13060 11941 16391 3339 15684 16767 11960 17257 14266 18800 3306
2558 10292 4885 10543 11420 14526 2083 5374 5236 17070 15500 5127 2098 3638 15983 947 8012 9288 8090 15946 3132 12426 10440 3291 1096 2378
2501 12354 6484 2033 16064 6077 19118 13407 17734 13542 19480 19374 846 1332 7194 17161 5338 18561 8763 8311 13736 17239 7081 10552 5706 3251
2130 18018 6781 2728 12629 8433 6129 19139 8292 1140 16159 11107 3129 5613 3825 9022 8742 6291 12688 14807 12761 11261 858 13788 12406 7131
14091 1492 5514 11272 4774 12402 4405 4799 12739 11371 1360 3659 10500 5362 12451 3210 18828 16789 13117 4389 2542 18819 15021 15087 3757 9865
5693 11966 9800 15816 19228 6676 17495 2680 6475 10871 14729 13116 3664 7374 1606 14211 7293 869 1982 10670 10451 10638 10477 588 11002 12859
2821 14217 4822 5536 13523 8140 7467 8194 2953 4441 5211 15722 3755 9362 5667 224 14150 15820 10516 15323 18762 1808 14419 14437 16554 11106
4488 16792 9569 6971 19034 2279 15833 12144 11739 12636 18313 4243 7862 9049 18683 19532 10342 12448 5341 2857 15192 15073 5423 16895 17248 7797
1997 16695 16683 10038 2768 17672 10623 7640 19713 19607 4169 15251 19328 5062 7217 10357 15447 12817 11534 6056 11839 8102 9858 1899 15055 2841
5981 15534 15024 2054 1405 15058 689 16309 1822 15432 4393 19894 2573 11094 10895 1 14470 2817 167 15289 6211 18916 11032 16134 9585 9445
9368 7257 13009 7284 9035 11326 14244 4555 6323 7770 4225 17030 18405 466 6833 764 3001 5074 18292 875 3882 17786 7702 4226 4109 281
6803 7393 5294 4824 11253 16206 229 6724 1431 15375 6412 10282 14309 7213 5238 4634 3430 1946 18720 15028 4633 6178 13905 10758 9017 5864
16159 14358 6955 14467 11549 5222 6807 6498 3835 11466 1755 8911 5534 11085 13909 1651 6671 10699 5558 19079 14785 12695 4111 17510 10864 16271
15031 2350 19247 10899 11146 17680 3101 2888 19651 5763 14143 15220 19504 1187 13931 10932 18317 11470 9864 18979 10972 12421 14973 7018 13161 7069
4392 3803 824 2179 13470 4415 17336 4428 19943 11711 2621 17721 981 12891 5150 6738 10863 15493 6818 3015 6859 18939 4642 1203 19909 4207
7871 10660 12301 19887 18522 8529 13835 15443 12668 631 11908 7792 16194 1732 6131 15888 256 6419 18360 11207 19021 13352 11738 19244 11834 2790
8354 5010 14178 3276 1028 11984 18416 5797 13040 11005 15914 15245 12203 8312 11524 16521 175 6840 9800 10756 16452 5381 7815 6828 1959 18439
2532 14919 19686 2775 17002 7192 14190 5139 368 13761 18326 9065 11715 2947 10813 13496 6287 3444 17290 16279 10276 8158 15610 8015 6476 16759
19948 19339 18106 14115 12802 3152 13585 10342 17214 10567 3663 11447 7413 653 17059 8263 19691 13699 19609 1567 17532 13732 13974 14131 7237 11433
17786 12026 12350 9095 2066 12335 15702 12567 11484 1615 11045 4792 17122 8650 4123 9096 5300 11308 9323 4834 11104 18978 1603 12908 8771 17077
14137 2455 4182 1372 12164 4375 18795 8937 17800 9836 8888 6187 6175 5567 514 16370 3668 8141 2754 7680 11857 12504 14777 2285 9475 7830
17578 17456 7250 11544 7448 5957 11013 13911 13389 4248 15200 16138 3697 13120 5047 19025 11418 14278 16769 15462 17788 7426 8359 745 899 4165
19527 11628 19523 16231 17541 9338 17192 2357 15720 4692 12915 14179 12715 3560 4640 9189 7957 1510 5807 14668 17257 18540 4146 3683 13465 14860
4138 15390 13367 6723 2087 11789 9368 14836 8817 1185 15146 9359 16677 15055 2300 16041 15682 7814 16921 3232 3515 17297 11840 16075 15490 10513
6789 2760 15907 8151 11834 18125 1938 1407 10956 368 14847 14453 3052 6967 4809 7006 7657 8613 12070 9173 10608 6138 18455 13442 8708 13389
2327 7106 12052 12089 10192 3331 11920 18929 15514 18670 9589 18753 19362 15964 12325 4283 10498 4058 9918 11825 16785 16913 10464 16567 1229 1234
14972 2331 8334 6827 1140 19980 9620 7990 3118 13444 16330 11999 12920 8077 4346 9628 8358 10105 280 12561 17376 17594 13804 5852 413 2042
1379 12687 5556 8809 10593 18026 497 11712 17158 9570 13240 16170 11716 18975 5219 8726 13781 9528 14569 12894 16516 5866 5585 10130 18810 9892
18456 13539 7257 9829 15672 6479 16393 3311 15723 8834 17651 2685 9601 17917 19215 15643 9313 17287 6463 3386 10693 1024 2715 12753 3017 5892
13124 6153 7988 18188 2991 1684 12307 18143 17877 7071 11421 371 10767 7880 17409 1585 3680 15081 9055 3899 12487 6668 14830 6623 16084 952
17574 16206 5177 19532 9996 1692 7120 1926 5779 15464 15933 14277 4620 13231 2688 17466 4237 6493 7220 12675 16143 18280 4923 8313 5205 19186
18167 2835 14922 6215 16334 9449 8431 12141 18287 13272 1995 14758 5126 19563 11528 14569 5328 7961 3139 3781 15356 17357 18110 10788 15351 5141
7772 7979 4808 17678 7625 13152 2307 10634 3465 15113 19915 11524 1671 14269 11413 15302 341 12111 18335 6656 14506 15249 17827 2832 18137 17221
13588 418 9158 10900 1727 18725 7902 10170 16385 5087 15760 7223 18065 10034 6847 2824 6894 17735 8936 16694 5877 8767 15496 5731 13673 9086
3645 14141 4463 4494 4460 18618 14972 17257 17648 6223 12704 1835 8243 147 13437 9231 15334 18897 8439 6676 4371 5752 525 2193 16844 3584
19481 3606 359 5944 15124 19598 18863 14302 708 17255 117 5206 18747 10584 18885 15094 16706 2229 6119 4191 5039 17497 18908 14937 2221 2047
4999 19229 5384 18053 7040 17463 2508 11373 7780 14734 19458 1455 18614 6908 8852 3788 412 1316 1542 1550 19077 2075 7415 17477 18675 16914
12982 11523 6402 7992 880 13807 12541 6998 10136 14744 11778 13551 7300 6733 10894 5838 3785 3204 18152 12120 5437 19416 13803 17381 5533 13566
8547 18706 2752 16946 6499 709 1441 5529 2954 18865 11156 5840 6483 2039 19815 1431 4710 11512 3851 12215 3643 287 14938 7785 12300 6053
16668 6309 8551 14235 18118 7320 12599 2625 12248 1990 13048 5435 15372 18764 7264 13811 18897 10731 17552 841 13095 13367 138 3827 13727 3532
6597 5429 12968 18996 8758 2519 11594 13526 890 5119 1870 19851 3186 18120 19923 9331 19121 6815 9021 11265 18450 6005 10775 12165 17229 3835
13875 13641 17321 13980 15026 7081 4017 5497 18925 9488 5827 68 10011 11193 6194 1056 1107 13479 17824 2711 12358 1018 4880 11322 17309 18399
18347 16082 668 3980 331 19068 15076 16740 1854 17593 15094 9228 599 17395 398 19920 14271 12550 17165 14694 7952 2259 291 4375 7900 9430
4980 9880 12698 16124 12284 11934 16588 17121 4797 7689 12863 6537 4335 13994 3271 3166 703 1125 11606 14412 19420 8989 18268 188 18854 13411
13482 7607 89 13586 4588 141 12057 13736 16992 2968 412 7702 9702 13738 8284 7688 14625 18404 3402 8847 16014 12738 3808 10645 13880 10448
6589 15415 17000 19696 12199 9115 8625 19609 19466 4699 11702 17953 6848 2577 18557 15557 7397 17955 3673 17425 7708 18901 7885 14455 5166 15554
9715 3595 673 13311 13513 17857 19297 5283 3865 19880 4289 9613 12397 6215 11550 11195 9028 18489 7415 1400 14839 4023 645 16937 13158 8691
13089 4316 1664 611 743 10983 481 17111 5077 5426 6203 9118 19999 16813 16002 9928 7990 4804 17032 745 8994 1661 4980 13425 8779 17119
8114 7790 5474 11759 11307 1055 13928 6828 3778 15020 1724 17797 3363 12509 18789 13576 4887 6428 17775 15247 1500 19588 254 13895 18589 10996
17843 916 3406 3944 14355 9501 12341 16115 174 19124 14557 13579 1017 4118 6447 15381 13460 9622 4170 13614 7285 8106 7846 11271 1242 16752
8420 13155 19399 19348 14697 241 4551 2190 2033 3112 12880 8474 11445 14218 17589 16852 3651 12340 3721 1929 2403 19504 2058 5586 807 19862
6108 4867 7813 9811 7216 19149 15060 14308 999 10506 13943 6443 18966 12141 3478 5457 13631 9303 18572 13334 12524 47 12953 19340 5956 19757
19527 18155 6868 12495 10031 14209 19978 4519 9552 4782 3612 2339 4585 9289 1617 2000 7567 5282 1418 7933 1551 6368 12274 9102 6743 12652
6879 5634 14039 7814 14147 17553 9827 2206 1700 13025 18945 9237 19008 2860 1155 9810 18978 14251 2191 12751 12719 18251 9511 8561 7361 385
11262 14190 6086 3302 7515 10408 629 19629 11985 6489 7209 4852 10872 15510 11518 16847 19014 3418 5335 14265 3323 17706 2027 18396 3068 13403
12138 1522 13643 18621 14454 14320 12812 3696 3870 1634 10518 15232 4360 19808 385 440 3375 9447 9776 3713 17773 13390 4580 5342 8401 9325
18382 18223 332 2882 4105 13139 4232 17483 4497 3097 420 17710 8724 5944 4422 9330 8351 13128 5490 2150 763 895 242 3271 5673 13343
13811 14454 3409 17203 11006 13839 11230 19384 5629 3892 14548 4337 18172 4185 8110 5708 8376 2574 6604 8199 18368 17366 2563 19165 212 6495
4171 10534 2993 1176 19731 9449 13391 7184 12724 10155 4281 9534 10742 17353 12236 7680 11937 14636 10029 975 18307 5063 6231 17177 15162 12957
7014 3470 11965 12013 16915 569 2683 12490 1732 13307 323 11588 13109 11070 17124 10522 9311 8682 10410 9380 18045 16001 3011 10907 9854 6274
5443 8766 14245 3241 13530 1029 4473 14524 13155 13034 2246 8676 12961 19189 3225 9605 6318 19579 18141 6570 11027 17648 9141 1072 7787 18140
273 13104 12520 10500 8342 8437 10356 16772 324 9946 5055 732 6726 15162 4355 8564 2148 13183 2695 6761 4766 9653 4588 370 14195 16968
1896 10986 10006 1280 10562 6334 12302 7480 13791 18092 13053 763 1187 2327 3863 18089 17339 15068 8727 18438 218 18316 1492 3557 14333 14271
16628 16902 1223 3770 10907 17131 16190 16307 16129 17966 5203 8092 5442 10755 10552 14470 6924 13764 228 178 4153 14884 2065 18971 3547 12576
14292 19599 1888 2680 10554 3478 8934 5775 8157 18595 11203 12378 12027 15675 1042 9603 15729 18461 2359 2459 15580 2727 12238 924 6703 19208
1380 3704 18074 3353 3976 2076 4245 3349 12795 3112 9595 732 3455 13598 7009 10668 19842 8976 15886 16076 12612 1898 19913 7266 18686 8415
2385 11555 1394 4978 5703 4589 7688 5177 12296 17014 9785 14855 16945 4844 1700 3923 3779 5615 6760 17794 7448 18926 14630 3710 17040 16730
18030 2735 12061 6554 16056 9428 12647 8740 15822 17706 1275 11607 5029 16446 18840 19913 3366 18037 19741 12123 14967 17657 2135 7919 9586 12656
19656 6691 11491 18833 15123 6126 17661 12761 18228 7441 10992 16560 15943 17492 943 7269 15339 4951 1247 17351 8451 3056 8704 4363 10476 15847
16115 13280 12110 19974 13577 592 13325 4121 16857 6839 12934 3716 17198 2315 16701 18906 5685 5540 16757 18026 14567 2166 10366 3722 19099 4778
10106 18566 9732 18799 11793 14728 763 16434 6079 1786 13243 9865 825 18547 14909 18634 7244 5528 8185 2443 19614 98 11581 12565 16650 15356
5988 17379 14092 5399 10908 19819 14603 3943 15946 19011 13491 18607 3885 10470 8745 9998 10217 11321 18425 17995 6529 6339 18189 5125 12951 3928
11363 1828 4546 11304 10602 14934 19342 6571 13722 684 15055 1922 634 2415 11795 12294 14977 15086 17081 253 15835 9337 19792 2957 17236 3389
18912 5767 14851 16412 10099 3967 12119 7738 6051 18768 3988 16855 8978 5872 3561 11663 822 4396 13362 259 17863 14843 13317 5214 19374 11004
13733 11952 3376 2607 10408 9749 18084 9318 11486 5053 18909 10159 14960 15975 5014 7970 9742 16641 9922 9085 5878 12558 9500 12311 13035 7788
4544 17761 7067 8240 901 3423 7097 1574 16364 7203 15077 15159 7156 1729 14107 15676 14983 14936 4920 6362 8618 6766 18281 18669 9699 15048
13690 8914 9790 1268 16535 1608 16161 18959 7867 4896 4043 13411 6726 3392 9667 7664 9653 12520 12278 14082 8465 5762 19235 8014 1094 19777
17866 9231 1669 11371 16993 2980 13500 4425 16667 5791 11484 877 3461 11113 3095 11611 1000 7628 14632 2463 3260 11216 1978 13196 2682 19567
18251 15658 13372 12282 3389 15935 10114 13606 1246 15075 6048 16065 12144 5678 15907 16076 12471 16379 12290 5772 6239 9455 13059 10116 264 10360
16230 11296 10914 18677 17244 4383 4787 2305 690 2775 14122 93 15053 13192 825 15645 10506 10748 3144 403 2659 12697 14655 10659 6024 5777
14192 15588 10559 19465 13318 8618 6183 10226 2754 17193 1889 11118 12825 16571 14141 15055 18240 7997 418 544 18201 18495 6879 869 11884 6695
19221 12225 665 15287 182 14071 17515 6177 11517 8290 6067 114 9911 10948 9447 10738 10434 12398 10707 9976 1069 17613 10514 6373 7199 13457
4737 12664 12234 19893 10674 8713 8879 16651 12909 1103 1554 10390 6603 1802 13996 1609 5377 7033 10149 6594 9220 7964 5322 6918 5896 4478
5174 10964 17729 10734 18252 4342 17368 6416 16530 15143 9877 16672 5379 19497 10546 10419 16691 2153 8613 17755 6981 19754 14791 10435 2053 3828
7160 2485 12366 3666 6993 19401 7576 2441 16764 15175 6817 6661 16462 8883 19189 806 596 7947 5992 11612 6483 11780 15799 14501 9105 10794
9442 6900 1580 469 1512 10243 498 12990 1640 12892 14008 11587 5279 14024 19440 19772 2531 14147 18365 827 12169 10348 1590 10025 19947 17299
10512 2768 1968 14049 8681 12985 18738 13809 6212 11284 7115 13049 3432 2755 5501 1472 4542 1960 14989 10234 6336 9657 13773 15687 5039 16310
11053 19760 4918 8374 9196 2890 11075 1653 8290 13011 17923 14700 16887 10710 172 11979 10510 3508 1524 5247 6920 5651 12828 5782 17149 13373
12643 19782 17192 3027 17072 9407 587 8366 2494 3386 13679 19619 11986 17084 8106 17596 4216 16490 15511 11104 4867 18053 13768 7214 5887 2153
2464 2739 8245 3644 16418 9403 17029 8578 13168 19905 15931 1395 1655 2575 14535 19352 6961 14733 13083 19558 12399 337 10274 19553 9015 6093
1544 11302 19216 11896 9937 14008 10795 6913 10892 3801 8592 15224 10508 3333 6497 4030 707 12001 1324 10043 1566 18555 14026 11533 3615 580
4859 19109 8498 3984 7850 19502 16902 1464 12167 12253 12772 15843 7933 13240 19218 1509 6946 5039 5332 1733 14072 2829 7338 8347 17181 14096
421 13806 3439 17076 12670 7540 7983 13457 13175 748 944 10791 19785 12696 19015 4729 17893 19065 18111 4311 377 6394 4548 17059 8349 3964
6532 13628 11463 16028 9286 2961 17155 11983 12435 14171 11886 3383 9724 1852 19527 6919 13473 19605 180 7242 8759 2882 14656 12233 9992 6894
10722 18719 12673 10457 7833 12971 209 5774 407 2140 14704 3299 2768 8871 893 2145 996 17611 231 19277 4933 3741 19289 16287 8038 3301
8162 12802 18999 810 3349 7085 16098 13961 3432 12503 18817 8092 1714 1164 15740 18247 1763 15656 17153 14077 12120 11994 10923 15852 13090 17466
4860 8784 19467 15168 3126 13167 13949 15172 9225 10868 11491 10566 471 18787 5587 11703 3791 9849 19715 4321 2700 5107 3389 15992 11582 10418
15232 11746 14569 13572 12973 14459 16290 11455 8880 2121 2779 15377 12970 19760 15818 4318 5277 17329 10281 5772 6779 14696 4924 11323 15397 12644
14076 1772 13747 5626 2486 14195 6422 13004 8073 2959 19915 1416 3552 1694 14481 15905 6714 14958 19844 4447 18146 1729 15471 2325 2636 10722
11865 1268 14809 12666 18576 17815 4948 7219 3218 30 10435 19864 348 4291 15330 2776 1553 15227 4527 6780 3288 17691 121 10460 2912 900
14787 13285 4029 17978 16750 11494 6121 3843 9516 3408 394 10988 11387 18919 10880 14391 2038 9413 12510 2199 15511 11241 791 3030 9586 5674
4735 5879 5407 13566 13603 6293 3113 19221 4184 14198 775 11669 10219 14922 7987 16077 607 1905 5075 6616 1510 17668 7888 10450 13611 16680
15059 12212 11586 10478 19498 4795 15034 4524 1316 8068 12497 9051 14695 8850 4775 13661 4768 6468 2312 3757 17046 8878 2861 13837 11522 16689
3072 9283 12891 9991 18943 16068 17357 5812 3989 8652 4863 6797 7339 13930 8766 7973 3395 8491 18349 559 17875 9138 19018 9369 14107 2282
3109 11341 8359 6390 5940 8934 628 18474 5435 15795 2668 3853 5401 15529 9684 10778 16577 1500 11293 16737 6247 16655 3962 1701 17987 11712
12180 6569 14120 1685 11473 1090 9933 3202 10719 19535 4404 14899 2010 6421 132 17462 9707 7471 6464 13235 14240 11491 15700 5490 13298 13867
17354 4854 10640 9344 6169 7546 13426 10751 1172 200 17887 17259 18493 1969 2440 14755 3896 16740 8737 13828 18495 2669 14860 13818 5511 2199
10164 13 14675 5969 532 16727 3194 3767 5630 13657 4096 4931 2221 16947 112 6199 14307 10408 8162 16329 5865 9809 9959 8965 4609 19354
8879 10936 1561 4786 883 18580 8510 4493 15170 4384 18449 5886 18381 14117 10804 12390 7302 8811 4975 15104 19770 11676 10365 6849 12591 17205
17130 13892 18655 293 17748 17303 8628 15507 1368 15203 5154 7056 13230 17013 19807 7252 8841 10253 17805 2631 7513 4100 7352 12602 5041 9492
6637 14121 9402 18975 5189 8023 17050 490 4421 7017 10906 17449 8579 7716 4153 10599 10696 13380 16389 6109 19333 9538 14901 9744 13077 10417
16899 15841 15312 3204 1710 12354 7644 1493 7576 14505 11968 1098 12394 19925 7385 1793 5247 7704 10954 8096 18807 12544 1135 4452 6831 3595
19964 13746 11254 9855 10067 5782 6714 1483 18682 4035 6761 16137 2696 2018 2191 17503 10365 17769 19495 19108 989 14551 16640 9049 449 19197
7821 13023 8772 7434 16325 2668 9141 3967 7310 9497 3894 17231 5118 17395 8672 10012 2873 18276 19168 5306 6381 12378 5635 9462 7312 11875
4022 5352 9950 2686 14871 1487 11120 14371 6978 12173 18876 2513 12295 15564 4940 1805 12683 4498 16546 1519 16563 15464 18677 2744 15874 10195
14822 13680 18589 13456 17568 11345 18541 17839 9357 1205 10624 9723 19407 8714 15865 14231 5262 9713 3811 3716 8971 19518 12237 1101 6143 2961
5464 1982 19983 19415 2865 11882 14880 16740 8483 882 17185 14739 14562 3229 6998 5415 12341 4301 8929 13129 16099 14397 17465 18962 937 1849
15508 12225 16091 16494 3400 13075 170 16391 14748 5923 11360 2761 8208 11107 18854 9140 1707 8156 12951 4144 672 6811 6051 3874 14543 15453
17920 1945 19734 1054 13623 13307 8089 14524 12752 1590 3450 17863 1553 19125 8885 4881 16711 2973 18724 11575 1087 8412 19873 9405 5383 2338
12118 1667 11720 15740 11701 16788 12017 10793 4168 14375 11904 5069 13308 13863 8028 7477 4804 514 13449 675 13223 8034 14566 10822 3182 711
3959 2342 3097 13488 7659 5892 9722 6555 12254 6647 17353 11174 9254 12866 4265 5577 10112 3897 16761 3522 19708 6303 13368 14959 3127 5966
18016 9178 9766 9920 13555 11107 13098 9488 6658 11697 18943 3016 18802 569 576 16798 1093 7561 3123 990 8205 683 11178 15725 11964 19709
13481 2872 3820 7090 4709 17555 8173 7315 13366 6654 10393 5495 8544 18860 16924 1768 16763 419 11557 3635 11455 9040 3008 10475 16964 1436
3446 8958 3013 11248 8377 8096 1941 4477 6432 16706 5649 12871 14631 15851 15104 17419 18508 9587 1714 6487 13154 16510 7810 1018 14238 2485
8843 7063 17260 3593 9197 12433 10262 5558 1487 2438 2785 19727 15993 14921 8983 19381 18465 9330 11702 18710 974 2830 19835 17531 6574 17990
16055 11087 806 8824 17562 6773 12598 677 18542 14628 2500 3908 9591 13086 17394 723 12756 13872 18549 16592 3448 8601 15546 1628 12666 13870
14255 14243 7855 19753 19360 5445 5752 317 17424 17804 8871 19016 5576 14449 11884 15815 9576 7229 7115 3083 12333 7904 3410 15831 8993 3948
17231 5366 3206 9509 3059 7043 5291 4176 10661 16879 1827 2950 15636 16806 11518 18471 19847 4484 10325 5477 10930 15937 5440 15710 2576 43
3250 18518 7629 14921 1112 8846 16680 2932 1617 1807 6825 8721 8525 11056 8206 13302 18102 264 6111 10931 14751 9441 4163 7224 11184 10296
6204 6684 6043 1853 4760 6851 19333 4889 5765 8205 11811 2962 11608 5007 13561 12296 1803 6860 9638 971 11831 13645 13393 10429 9724 1834
1459 13693 9745 15627 8319 8517 704 4739 16985 16491 6043 6669 9385 1447 13526 98 18318 8949 15811 3115 1444 2777 2029 15865 4424 13646
4451 11102 3717 248 6308 7576 3304 13850 11100 19433 8051 3385 14760 14085 816 2008 10179 4154 3343 4633 10635 16792 12802 15780 9034 9234
15592 5864 6029 4867 11772 9567 17010 13353 16383 11467 12068 17714 6700 11506 16442 13964 17802 8186 18008 12661 7651 6836 4472 9230 12585 4917
3519 11292 896 13224 9258 8274 16487 13871 1788 16053 17570 11194 6803 12290 1341 16785 18070 11601 9701 357 5211 16880 7040 7597 610 15730
12572 9165 8347 18307 6633 1910 18298 14880 19551 10523 6221 12332 5127 557 7278 1060 9219 19791 10888 6415 16545 424 13262 16877 9759 3913
6017 4224 18561 605 8796 19546 16940 13632 1750 2971 8694 17517 18980 5041 1305 18725 4401 17279 7515 18842 11020 17052 19683 2791 12085 10261
7978 6689 11357 10557 18392 19909 241 18649 10613 15107 19928 4969 11841 4550 18371 4709 5463 19173 17524 8782 10233 10030 9665 17780 17181 7482
5695 4022 7987 3619 11674 7939 13878 5175 16900 10824 15218 13814 9855 10821 11891 10658 13193 16054 3711 3426 4699 13072 17107 10449 3547 15311
10040 5388 13903 18282 6115 6755 6950 1387 19699 15127 3265 10130 5903 10036 14635 18760 14899 7830 4937 16104 15168 14637 16810 13174 11140 288
14479 16766 14947 7692 17190 1200 18686 3195 5616 9124 15830 14212 11507 17136 17899 14456 10455 12735 18492 9302 3817 10636 2842 18046 10764 1427
15716 781 4069 16749 4057 2732 4249 18500 6663 12363 4243 13318 7568 18369 12331 17855 11829 14894 10510 6227 12707 15993 10339 3512 8177 3412
11196 6794 14684 18867 14472 8267 1897 16741 13479 19613 7393 11436 12794 16975 12581 8937 17181 568 19714 19128 7282 15624 19572 3370 15477 219
7540 14844 3583 1395 3541 5786 6938 14416 16451 19072 1970 19890 15610 16361 18188 17680 7068 12017 11667 9402 3423 1816 3136 7446 18585 10603
1672 5881 12132 4862 3652 2492 16883 7306 19668 17726 18123 5381 18035 12357 13426 5328 8229 11130 12667 7076 18539 16313 14006 1214 6701 18199
15799 15212 4617 2293 9754 5198 12990 2629 7478 5257 2 7040 9768 5309 5980 2741 8832 16128 8163 9798 15105 8896 19204 4240 19456 9933
4636 6735 11103 19832 14907 1571 8713 14923 11775 4840 11121 15463 19061 16515 12264 11156 10476 18338 6055 11202 470 11807 16910 13273 18185 19245
10187 9967 1913 4897 10205 9146 8610 19250 10189 5491 7944 13206 5318 15336 12579 6326 17442 4556 9942 6061 15868 6517 4958 9985 6555 10161
16087 11510 17515 2299 17059 3888 13592 6280 16278 4872 14284 9203 6315 11105 13193 5418 6033 17507 22 16440 13194 762 10374 15562 19723 15473
18630 11356 14641 15153 16208 16658 14168 3250 4550 5837 12732 19244 8419 1674 9168 10318 14311 15964 11630 8353 6395 716 12580 6295 13776 16718
18629 6000 13254 3548 16197 8442 4371 15978 7581 11754 13586 4704 7009 17321 18310 2510 8557 805 10374 16970 4858 17368 7747 7229 11239 7190
7452 5880 18856 12253 13873 11608 11560 3579 19642 16085 19406 147 17337 9497 17327 17288 15662 11764 18417 8525 16405 16930 17726 459 16902 14265
9064 9869 2826 15918 11347 6569 14943 19726 7323 6162 15180 16840 18786 4043 17178 14810 2511 5310 17886 17107 13402 19226 4272 3417 11386 18104
13531 2922 6259 12994 4748 9779 7777 10967 17760 19016 5203 15729 16278 5768 3865 9369 16639 4428 17750 7343 6830 17161 6326 3339 1292 8860
10814 16251 3429 14209 16534 5216 158 409 6558 3773 3046 15596 14425 12359 3381 15919 5201 823 10188 6657 16452 5183 5574 3861 13094 12353
12280 18254 13750 5058 13078 5394 3601 4399 14142 4782 11622 4592 4491 16686 8052 17736 8909 2661 11942 12805 18088 16551 1590 7706 10714 15632
14506 1002 16432 6512 12729 12973 9484 2988 320 15877 1531 16537 369 2336 2084 11009 15188 17359 8070 4914 13737 17717 14536 17077 19036 3154
6018 17914 7919 2457 12942 8411 18084 19407 16563 16228 6578 11705 19901 15019 11168 3696 2014 13736 11726 16888 14250 57 16200 9439 18192 13948
509 10792 4412 15434 15705 19611 3590 11684 856 10990 7009 14926 12279 7000 15972 13329 18676 13221 18195 9922 3776 19607 10967 13892 6408 3976
13920 18137 9981 9706 1783 3282 13094 7039 5929 2918 17760 11539 6147 11808 14934 10984 10561 10166 18363 8259 11886 13478 10029 17353 5470 5568
14946 12203 3444 8359 3364 19490 19043 10890 10030 6909 11975 10977 18934 1369 11913 3255 3742 17044 3711 12921 10725 14366 18839 5220 3416 13302
9821 17884 18021 9628 10164 17959 8739 17189 5605 6737 12941 7791 9495 14290 1380 10537 18848 12987 12472 7668 1196 395 3306 6419 16702 11222
5407 10703 8478 13839 211 14552 11177 3428 824 16274 2283 1735 11886 9487 1591 9213 17007 12661 11534 13278 14631 15407 753 7472 15918 4695
9063 5450 16278 9242 5147 3381 14688 6908 7571 5333 19813 13246 2535 15633 6205 2077 8386 6443 13671 5186 14248 6675 12191 11806 6280 2866
12093 2754 9463 8869 11713 18242 13512 18003 17236 1945 3920 2342 14174 10625 9422 8187 917 6089 3457 15230 74 15735 17997 16108 10985 2891
7943 1845 5390 9549 108 12938 8051 16196 15641 2037 4301 16167 12786 6114 14116 1854 18198 6498 17449 5507 16722 9169 17492 12800 10839 18031
19778 19992 1639 8051 7969 12972 9756 1309 15679 8862 11372 1099 13200 17741 6994 32 7740 9219 5626 11754 19587 3121 581 13200 2969 16808
14220 7082 9672 11664 12683 5484 12742 17560 1365 11593 3597 3187 18030 7783 6876 17346 2253 11052 4968 13338 16095 2183 8779 17767 2333 15010
8797 41 7757 17214 11802 12349 13516 9030 194 15538 9815 12028 6095 2511 15602 12711 13596 8778 16615 10494 11984 889 12292 10041 14762 17846
10090 1554 13403 5830 10397 3036 10952 18490 11005 19342 4162 3205 13624 15420 10797 10790 16410 14594 14648 15910 6232 10692 19333 13424 13349 7456
9695 7458 17392 14549 10334 3840 2859 1539 8288 135 15520 12956 7733 13661 7143 5929 3029 3718 9366 17492 15455 4771 1699 15828 5087 17265
19031 19991 13384 10852 5538 17977 14778 4878 3280 12991 5183 11623 9735 12445 16968 18634 16488 10184 16311 1708 1395 6950 6281 1746 10338 15203
11288 3198 1629 4766 19065 2128 3883 19008 9773 19636 16181 11504 15931 1885 17299 13524 9805 6929 13454 15659 6073 18839 1808 16129 19069 2893
16687 14107 7082 19402 9957 10925 11056 12836 18678 7535 11484 14772 17012 9735 17070 9785 1042 15192 7141 1410 13360 3865 5014 9884 18249 19740
5887 2835 3847 18419 9228 17065 6770 7044 2653 8555 5533 6930 13011 13045 1812 16496 15896 1599 15182 18789 14466 10739 7416 5993 15783 6688
5937 4211 1291 1034 16512 411 6248 18162 4483 7408 18468 16265 11293 7303 13302 19315 6225 18515 15452 18272 12292 2965 17305 18603 7319 11471
8125 8375 10429 11533 7415 17522 18042 642 8081 9662 8246 6283 11675 12457 17235 9195 7618 18687 19663 6814 10664 11178 1322 8860 18371 17777
5179 8689 18551 5360 4247 19992 11931 15764 17984 18010 2568 10690 19261 6289 11944 6235 1722 9816 4310 19956 16307 12932 11188 2183 16355 17108
16132 5554 14698 11239 15589 4798 10441 1132 8546 5879 15693 4859 12260 13076 1085 11001 7537 18662 4699 442 3179 8857 18802 17932 15472 4714
13680 4086 4794 14824 12918 7468 4945 13516 9261 10553 12467 14148 14825 8694 13328 17531 2238 2688 16682 14087 11292 5020 9626 9624 16326 15102
8134 19841 19055 12340 1518 7328 2578 14133 15854 8392 13282 7292 5916 13850 15636 17342 17599 17299 4336 3705 5062 9403 7310 18771 2529 6259
3706 3375 17104 17191 9736 8458 12268 8684 5965 4985 9031 17402 15853 5846 7194 1591 17214 17239 18182 4898 15859 2357 5893 758 3663 14760
2058 6740 6497 14825 19066 13744 1108 9462 10392 6071 3801 8509 1424 17694 15325 15122 15822 16529 2820 17998 17867 2199 626 18131 18648 5179
19383 16081 719 2485 10959 12614 1444 9476 18119 9278 14564 13627 3257 13780 3295 8063 14398 6607 6456 19081 16454 6522 1268 8538 10993 14066
5913 19150 10078 8521 8044 4281 19332 19554 6554 19882 11235 218 7640 2167 14758 5046 16013 10852 4043 17552 9950 10381 14581 15425 14776 710
1497 16152 2147 5907 19360 6612 14709 14498 8573 2847 467 18511 15984 15877 2096 9272 18738 13886 2274 16373 14372 17872 2527 16007 16996 13897
4761 9014 5640 8915 9125 12619 13975 1702 8941 2914 17351 10824 3828 17534 17276 8134 10102 1410 5554 8242 10212 4020 4828 17336 1326 17744
6931 5561 15361 3177 12513 11610 14162 9642 6782 11694 2772 12733 5124 10343 1063 2659 7356 9657 5340 13697 1848 4221 822 18581 18619 4155
17957 12731 996 983 7062 6683 7791 7568 16562 176 16001 17790 19178 2065 10540 4983 17831 8579 14024 15713 10706 4006 18688 330 18098 8175
17445 6 6199 13250 12097 16362 9865 4220 18576 19252 3694 14497 19629 3543 11159 4076 2555 15584 5906 16441 6731 14093 18287 964 755 397
12614 19901 8382 10868 8478 15818 14015 4118 2565 15099 3291 5070 5968 13833 13151 5955 17959 2201 19372 11635 10145 17849 14692 18119 847 2123
2497 12393 11007 12698 13136 4420 1692 11817 18200 4513 6412 5718 5973 15751 13897 12116 1228 3151 3752 5374 1373 5873 12253 14347 7556 18257
4551 16640 16362 19648 1692 9888 14471 3941 16962 17559 9924 2396 15320 878 1579 6593 4067 5019 5774 6382 5299 18156 15022 6803 6609 12946
3570 8589 4637 5224 714 1271 14567 11769 10996 3897 7639 7979 11399 16018 18936 3513 15293 7673 7534 19662 11909 6276 16646 7893 1937 14301
7128 19499 16888 4746 17053 10086 17367 13679 5858 6103 2801 2643 16025 7110 18983 19556 2639 6146 13140 9462 910 9049 1426 19215 5339 9940
13755 17582 15690 8438 6720 767 837 2555 946 290 3749 974 7878 7414 9414 104 18388 14345 11249 14754 1465 16436 14919 7916 18694 17037
8433 1994 11597 2581 7219 15359 12691 3200 15189 18049 5852 11007 12628 1789 10903 607 13404 14350 13740 2899 9386 8929 13814 3953 19133 17287
9171 7195 7399 6533 1678 3419 8268 10088 7010 11632 9884 10955 3338 2922 12762 17117 16655 2909 5914 6544 13264 7839 7530 4637 18378 17617
8083 13040 5247 9371 4280 2348 18197 9862 2232 13020 6749 18653 10881 14768 11461 12962 8954 9377 16717 17528 10914 16659 6912 4133 15691 19028
14086 14997 13017 9111 11551 6829 10398 16871 7680 13944 16925 18818 4126 15385 17699 912 7539 817 15858 13353 16691 4640 527 19526 1146 9019
4585 3085 9944 16909 15303 16910 11967 10252 780 16359 6614 10347 7754 14472 13982 18652 16510 11458 3510 3028 11871 11051 9043 17769 3197 19179
10712 12366 8151 4747 5668 7774 4852 17022 9225 16854 9210 17199 12934 4998 7835 4386 15300 12709 12451 1883 7981 16157 18 14487 17604 11195
9827 9703 18824 10242 18100 14402 18897 11208 18942 2629 4088 16809 11189 12751 3570 5154 18082 19557 14261 15564 2889 15757 19928 11712 3059 17700
12628 12461 14517 7453 18976 3388 9231 17310 3725 12501 17446 1353 3995 8198 7326 13431 9987 2036 13927 15920 1565 16413 3142 3993 12003 13040
19535 13108 6586 5989 14398 1474 19350 5996 9760 17948 8679 338 16055 16741 2784 1631 3524 856 15182 3746 9955 837 6678 19152 12678 12052
2754 16440 230 15987 17660 8457 1713 15198 16518 9399 17248 17940 16987 726 8050 12356 17796 14592 613 3578 138 16811 442 1060 17803 9134
12410 13054 712 7386 9587 10841 17355 16186 17048 13271 12994 4524 18920 17017 8732 5562 8998 8900 13875 7465 6817 18550 5749 18963 12372 12154
17741 5049 14892 15689 1185 6357 14765 15174 10567 3004 15813 9653 13610 2391 11645 5365 18971 5779 9499 1878 5649 17893 6549 13883 15814 10708
8788 17182 18114 19352 19192 10009 17959 19083 4503 2308 15654 13986 19972 13979 4628 677 6732 2810 10770 7983 15183 8774 4600 12782 9239 16805
5075 9363 13801 19819 19367 1112 18126 18259 17857 11118 4964 2565 19214 2364 7511 9520 15342 16675 15131 10378 8929 9746 5652 1482 17652 14315
4897 16071 15564 7729 5969 9193 5506 140 12013 8909 6531 17591 13773 17404 13437 2498 8421 18 8732 4859 14418 6803 213 10740 2822 13356
7629 15333 2233 3939 16826 19466 14347 17637 6640 8149 19282 4796 2968 17044 13430 12256 7616 16521 18444 19438 8848 14807 17264 1925 13828 157
15952 733 18814 4896 11564 6249 14728 14365 7975 5284 19279 15076 11600 18411 3579 5838 19679 9016 719 3352 1545 19704 12904 12456 8498 18203
10912 8362 19124 17844 14662 6526 5534 6583 12981 12093 12627 4446 18789 16882 6032 16942 13193 17663 9195 5407 12639 9386 8208 7934 10350 503
10280 3227 2254 9032 4066 4198 16242 17184 8166 782 5522 12068 42 3532 16579 2074 4879 17202 14139 19805 4181 13570 5737 18409 9112 18560
9948 3433 2210 10090 9869 4302 12781 4243 14728 5130 9028 16476 6783 18075 4562 9181 13162 2330 11115 16066 12257 14577 9242 120 13753 17573
6064 16857 7067 8586 10815 8444 19654 11575 6358 16075 17578 8092 11524 5507 16618 6929 7505 14560 17919 14167 13007 19219 12693 8109 19221 12257
13553 17448 12581 702 466 6655 15309 15819 3348 18567 333 10965 1741 11653 250 10474 6488 17115 14958 15890 9726 8911 8325 2758 2329 13003
6731 10447 11362 13881 11921 753 7349 8353 1483 18234 6077 7339 5447 15861 11993 12573 12210 11127 15625 5312 13043 9617 18294 15948 4186 17398
18396 10005 15765 17288 9633 19066 15366 7408 147 1023 3050 1925 3629 5220 8848 7868 4584 13650 11639 6936 17108 3996 9037 11861 365 4543
10350 18221 3922 5134 16545 13165 10550 10853 19909 8936 6981 18824 15618 10902 13856 13451 10807 2256 4826 1366 2528 16326 4332 3940 15602 3437
7963 12545 1129 9504 19848 10347 17806 13973 19330 6438 10545 730 11087 4538 2077 2975 5761 17366 10539 2383 9137 333 13057 15966 13883 12594
8146 13607 17851 12433 10041 7015 2594 15447 1849 4143 10088 1611 14837 13281 17479 15009 1594 8081 10069 8213 10344 12204 8951 7433 10546 17090
6521 19217 8625 16623 18359 16123 11079 18185 12741 12837 7162 3025 416 4805 11425 7746 4975 15302 18068 7570 12461 4391 12591 5823 13710 6199
5645 8355 16561 7356 14429 3633 18313 6047 149 8962 2819 18713 9184 17543 1912 9751 14156 8094 3328 9271 10956 11778 10280 9241 14703 9003
2806 18971 3836 4514 18103 6954 923 5936 11687 6095 19719 18347 6240 8592 11094 7586 5493 8640 4677 2963 322 257 9970 5546 14681 13434
4126 9869 19492 5339 202 643 18128 3001 18433 18222 18547 1892 11086 5132 16893 7974 17741 7365 8283 14547 15758 2393 18275 1245 7454 12308
14303 11582 3167 3902 16645 6393 19588 16507 8311 18804 948 12928 3240 16978 15493 6998 11626 14367 14700 10 1604 16345 3412 12490 3946 18993
13889 5605 2730 11143 10308 6157 19667 18776 7884 4417 17691 9673 10250 18055 1334 16311 12266 13015 6029 12761 15436 5953 15938 18984 2066 11272
5995 1872 1727 17815 13128 8102 4075 10431 8205 11291 15041 2173 17837 6678 875 7748 6892 15098 15674 19456 18465 9297 13514 16392 13811 12950
8307 15534 7975 12839 9163 5189 7171 13450 12698 940 14609 6062 14537 9748 7758 5144 15951 18277 3275 12856 1848 2069 15405 6414 3254 14818
16277 941 13709 3493 9800 3368 3921 16313 9491 7382 13707 6316 13896 9807 5220 5325 5586 10848 12206 4446 16584 15770 13653 7450 10915 17443
8457 12101 11041 1495 5526 17080 1906 7873 13895 4669 441 6809 15856 4936 11634 3051 13040 658 16337 10871 11280 17853 3790 7506 6436 15985
16309 18909 18901 14787 11934 541 4830 11328 4583 3727 16334 8017 13959 2345 11446 9480 19034 19910 2803 19186 5558 19083 12583 16796 17553 7191
13344 8177 4553 2392 14967 10914 5731 18287 1632 16239 12062 15685 17224 19133 8736 11835 14795 18322 3092 8066 5848 1984 13528 3171 8926 15199
12949 12718 796 1575 5 3850 16148 13019 10696 15824 17612 955 14216 9945 16178 11451 9133 18851 801 12581 19141 3308 19275 4208 8048 19931
13483 593 1930 14332 12335 8082 17013 1620 15459 11532 4242 1853 5646 6593 16819 12218 3181 57 16747 3413 660 3483 18113 1711 10778 17060
16091 1895 5866 12168 248 17617 12286 13638 11603 7118 8143 17552 7696 12509 18912 14144 5795 10368 3555 12117 5435 12555 17843 9490 2934 6789
9350 15577 12125 15836 3740 14015 1308 14472 11899 11331 5293 13985 8917 13606 6276 2503 18883 12603 3053 4915 17388 11095 19815 5202 5402 16375
15070 16512 19108 15562 16153 13695 10392 12469 15393 11499 12190 12441 3491 11745 13159 1865 2096 11418 15765 15201 12817 3656 19618 14247 7161 2327
10344 18115 9843 6167 5160 18876 1880 3799 18378 15714 2559 13601 11504 16023 17681 1572 11934 19054 19240 6387 7827 7025 17339 10920 19497 5730
2358 11578 15166 190 934 13674 19483 5508 13858 11557 18383 12943 5868 15563 7529 4624 12726 4245 10281 15494 4371 5266 5326 1345 1899 17684
