365
42 3 14 31 6 14 62 27 74 96 60 17 75 47 12 38 73 50 64 39 2 9 8 32 37 28
15745 17784 18544 17764 10028 12872 2470 7567 14 9577 7220 4686 5371 17778 18175 16936 559 1327 10322 9248 19119 6168 12804 11279 275 14990
13542 3972 8965 11127 13339 6366 2656 636 9241 12741 5726 14501 8091 3801 1953 2309 5192 16193 5855 17913 16213 11927 4525 17396 5590 12158
3166 19545 12291 14988 9363 18020 7183 727 12060 8748 17238 15454 779 4626 2693 359 12266 8732 17007 9421 16594 7934 565 2598 6874 842
3383 9670 4413 13702 6834 18408 1960 19454 8457 10089 16435 7772 18466 19401 10796 14986 13016 850 555 19777 17287 10691 7845 12725 15 7533
17767 2229 12529 6638 605 10681 12219 8298 11508 11945 171 10856 7804 7375 14694 15193 17230 2401 974 1323 6190 15332 7874 18149 13908 3170
11445 18407 11074 18890 11152 18073 1749 19007 12416 12662 1929 11171 16838 13821 1482 16344 13689 15901 18356 13496 10588 17695 12881 13904 5399 5155
4528 18949 1879 10249 13805 15779 3107 7158 7225 7418 7302 9341 10274 1667 10027 11362 663 8599 10084 2695 18114 19265 8205 11630 2086 18807
1194 11225 4605 13457 18868 9620 11673 5757 4035 5742 17012 2331 8775 18190 14131 14797 8633 7827 9532 14347 10301 18648 8451 19850 14341 7402
6171 18739 7398 16649 7821 12294 19733 11551 13200 6979 7008 11506 7278 9256 16876 15954 2281 10784 3202 2917 15392 1543 16478 18807 2759 2878
3304 19694 15057 8471 11521 17111 2586 17336 2759 15132 19849 9051 2449 13657 18343 14024 17455 18180 17712 6262 15710 1342 4369 10309 4148 12479
14769 19730 9286 19582 10119 3957 5294 2285 1682 7931 15293 13601 2701 9651 580 4407 5025 191 4079 16454 15420 14012 14448 6732 10764 18451
7510 2303 16890 566 14841 2738 13330 12789 15568 2867 15890 5445 11345 19260 15937 6785 4106 19603 14925 9510 8322 1785 156 8088 16641 8122
12850 15484 13746 18682 6894 2731 14706 1703 7568 16138 6846 13643 2773 3112 14847 9117 17316 19200 19007 12900 3020 6076 18742 11305 5460 15390
19508 11258 3398 17834 5310 13768 10671 10636 7007 10377 9098 11369 15122 16234 1767 9514 7400 7974 1301 15862 18346 15422 14071 10387 16109 7699
4096 1130 10332 8037 17314 6922 110 6688 3555 16903 6744 14177 19308 13741 8000 14355 7666 8935 14263 13624 2851 9233 10161 7326 18652 6470
1559 18180 18678 5071 14988 11502 2485 11082 12249 6367 9646 15622 12100 17391 12901 11871 983 12789 9456 3364 404 973 10010 11483 1862 4005
12992 18569 8331 8178 2613 1148 11481 5569 13305 882 12234 18644 6680 5195 4340 4333 11579 13333 15782 7495 12355 10002 2986 17224 18087 13771
7921 15615 10357 18476 7760 2233 3350 15428 565 16132 9751 7424 782 5092 13654 14865 2167 18850 122 6750 13194 4764 14282 8121 7648 19308
19167 5653 17345 9616 7130 10077 7438 8316 15540 16840 18261 17199 8545 16959 1160 5855 5141 15878 2324 13476 9737 15665 5956 6947 376 9826
11355 16913 12176 9862 5087 14254 16810 8806 7743 15969 16202 9069 10505 287 19300 12448 8287 9825 3125 3234 13726 12800 12709 9563 12248 13000
8523 19681 12555 3053 7521 7579 13480 15649 5995 8392 7277 508 7792 7142 14956 7869 3576 18689 8624 14733 2202 18315 18916 3958 17264 14914
15073 6549 10522 11864 18926 13032 7988 204 2686 18476 2237 19686 3770 10803 11874 14380 17993 15829 9826 10110 2728 6879 1830 11723 18993 19013
3819 9211 2077 10545 12966 17633 7584 2026 15508 10223 4641 7145 18572 12346 16259 8117 12914 2864 1758 14066 17994 17479 15166 3569 3288 16119
14046 9695 19559 3924 9677 12092 14134 13514 13759 13765 3259 3910 16081 6051 12057 5294 2287 6863 5631 6233 9088 13557 11081 15462 13422 1546
773 7091 14388 19861 5393 10829 18195 8605 15313 12291 2839 6810 8411 18346 368 16174 14608 18995 461 10667 2824 12108 5505 9056 12123 3205
18666 10423 19479 15068 5413 18771 9726 11211 18445 1101 13685 6819 2394 10680 19671 17785 9436 4102 14862 2632 15023 4604 13666 15772 18288 9025
8907 17282 3778 11606 13956 13039 3725 341 11935 6437 12639 13442 4823 5812 15009 3998 3991 13014 11092 9735 3356 12720 3459 2551 4572 12743
12983 15539 6996 7599 19093 18157 15651 10906 10663 13202 16244 3870 1975 3720 14701 14534 16300 11906 1724 17292 7932 8367 4227 8414 17146 12943
8120 15892 16416 1978 6072 1576 3042 14560 18977 15520 13297 4875 17766 16148 7651 18869 19506 18566 4175 8733 8004 5607 2417 17991 2644 18217
7113 12846 114 17580 2210 10516 3213 18331 10324 17454 16898 7661 10867 456 5085 387 18897 4650 3045 3661 4943 14153 7199 1161 809 3612
14912 14564 13807 5751 19961 3878 55 11340 753 9071 18542 6601 7434 1563 12415 1911 2368 19747 4464 15073 7874 4361 7863 3142 12678 16652
12766 10752 9004 13818 1693 1908 7412 11645 7541 8313 1371 16234 17651 13424 457 9234 2104 12780 14307 11335 15191 8531 1313 8450 14654 13368
7366 7818 875 3446 5628 8864 3856 2433 12550 9979 8267 13501 16596 8170 13707 18072 10193 14805 17180 6686 10670 3922 5989 8619 12208 2000
11957 8923 5668 4765 18303 2803 11933 1951 9035 205 14719 9066 15063 13702 4380 4414 876 18266 3244 14441 453 3082 10781 7550 10358 640
5476 14717 16129 3373 5937 13405 14240 10115 12210 11183 17545 578 3802 334 18171 1911 16493 10555 19830 6606 11357 11020 16488 2645 543 14038
2315 8741 9401 18144 13183 558 13284 3881 850 2587 17493 4392 12860 12658 9022 12195 8792 41 6109 7201 1356 16280 19454 17940 6324 19826
7028 3595 4962 4004 5387 6199 5761 16810 16545 3410 2958 18907 16949 2762 8858 18782 19233 4347 16985 13948 12278 2024 7530 5976 18476 6039
14348 13997 1325 12394 812 9676 12206 15954 12850 3901 3887 2663 7015 5385 653 19437 6893 6135 18635 4649 2836 17649 6482 7967 2104 11514
5684 6633 11018 16967 1842 18925 3654 3645 5155 2116 1639 15017 8587 908 1857 19315 14002 15509 19700 12136 14257 841 4645 15804 4288 19623
19018 4858 15915 15313 5399 6538 9350 4561 9876 1944 5841 15826 4705 12911 9205 271 5883 7324 5300 10837 13275 10008 12775 12229 11008 15092
5590 10830 1224 16593 942 10239 2777 5824 3416 19343 14699 8345 16247 7530 1237 3962 16387 14773 6254 12210 12728 13442 3578 9500 12089 10963
402 12085 3247 4022 14904 8329 14135 2814 3632 9647 4053 16082 301 12440 18756 1988 15674 18131 7700 15392 15343 665 9993 12931 972 2673
16260 15433 15578 2658 5866 13053 6090 14062 11010 18078 2583 9098 3748 3570 4612 11372 4993 18327 8294 824 12748 5756 13364 8096 1584 17835
12624 1356 11213 7091 6576 4612 9874 11675 13630 3473 14103 15630 7952 10900 15056 7877 11861 1166 15957 3873 1089 18849 16881 15704 7110 12771
16808 2788 13791 2554 19933 15176 13714 16353 7095 18694 7367 15614 6956 9074 14106 8022 17098 8086 8535 3741 19048 6416 11928 12071 9595 11326
15847 6614 5716 14327 4048 8345 19977 11100 17389 19566 10033 10374 15476 6014 488 11816 18776 8128 10486 19676 10436 14147 746 6119 1871 10129
17655 5270 8354 14257 3115 6758 6327 13619 18951 741 13091 9216 16877 8081 17004 2993 9526 2272 16915 13011 4804 5121 10438 5507 13058 16865
16045 17020 2475 459 13257 10694 11048 13174 8399 5990 14772 8647 8428 13760 12474 2860 14902 15650 5801 1202 14988 12686 5443 6371 609 19001
14787 2488 14672 5269 10082 10674 3820 11353 1464 10861 14744 16297 10686 3422 3615 18574 4766 16288 3569 10577 19306 8927 12067 19665 16702 17806
7360 19058 717 18909 14012 12231 13890 4030 16841 663 18230 265 8727 4018 10743 3737 2270 14904 9630 1769 10222 7073 16122 19227 5990 716
4141 4277 14112 10226 19747 15257 12363 2735 13762 19402 19761 5203 5140 13671 15031 15649 7082 2583 6529 8382 7691 8141 15606 15262 7183 17364
13325 5637 10729 12080 1648 7637 12034 9456 6017 3082 12359 5431 9006 11105 11726 17424 6449 14504 10067 9239 933 9896 13160 17897 7168 1303
7718 18232 3432 7840 16154 16345 11883 13047 18588 3519 15804 14248 8480 17307 18966 7445 3599 16569 1767 16407 6948 2780 8314 599 16507 19980
5616 2675 6182 15788 15859 10428 19563 3632 10624 16610 14162 2666 1590 4960 832 19343 7478 14715 7283 17914 17427 7188 14114 17200 17657 2112
11992 2337 11820 8163 6292 1668 5127 19656 12354 12431 11666 1778 2521 12612 8073 15573 7121 5717 17282 1105 13586 5923 4783 2672 2906 4065
14357 11959 1891 18203 11478 4786 3365 12137 93 11477 12098 15572 3273 16964 18966 3475 5381 6816 7251 30 18267 7887 6565 15458 14728 4039
10272 10587 6528 19015 4573 16763 18785 18212 4342 2694 18896 12616 6163 14698 5833 15212 7253 1003 17021 13012 16807 4007 16396 11381 15362 4400
13725 18563 18578 14064 16523 10347 9754 5306 9119 2003 12231 835 19748 14207 10289 575 12384 10210 13611 14270 5986 5178 0 16011 11574 2433
16436 3978 216 8163 5109 361 19802 10910 3371 9588 12435 7652 19718 4805 8890 1056 11607 10661 14063 14829 16613 14524 582 6244 11944 8487
6426 6085 17096 18992 12288 11822 19795 3311 3764 1840 9191 11054 12732 10733 16287 10570 5116 8811 15465 6489 2358 5579 12047 1669 819 17909
667 7810 13246 6647 6600 19027 13303 467 2919 11853 2083 5900 9730 19688 14747 19446 10055 7210 10304 12513 19462 4567 18528 9468 7032 12772
9115 2535 3510 17007 2983 5048 9454 9255 15081 14740 17012 3749 3449 14582 7768 3550 635 4541 8265 12047 5211 7579 154 18579 18721 7157
13191 173 15917 16265 453 6020 15281 11376 15840 10965 18145 15486 5265 794 19341 219 18338 7756 8154 7717 2700 8339 3487 1430 10440 19634
9037 12910 3501 7319 19255 9712 16254 14514 7359 14139 1036 4925 8085 18966 12124 17623 17851 5027 9024 1782 5142 9500 1515 17281 15253 15315
1146 9828 5957 1364 3951 14307 4159 3958 15698 15068 8519 7574 7355 12698 3503 8487 7664 4907 11073 19623 12369 6995 11192 13941 15689 8120
13979 19950 7338 615 14332 8360 4426 1200 3595 12961 9704 936 7289 17355 6153 19469 19031 9020 5118 10755 5308 634 10501 18411 18409 12016
12000 10852 6306 9791 10704 9600 1790 7131 3222 2223 19233 4894 2209 18774 388 4720 5936 7999 18872 7166 17387 11786 5957 10703 706 5748
18789 1281 13573 17829 2331 16179 10933 16778 15594 7952 8971 12568 18812 2081 11783 13376 1862 19878 11771 17299 2044 18023 11586 18819 488 18441
14504 4936 18680 2721 18291 1609 6895 10195 10101 2838 13114 7849 13712 7107 15845 1065 9324 1489 3523 7504 6271 2842 8653 14586 18466 19993
1628 17975 5892 6947 2486 5991 19691 2531 18244 17058 2104 16089 6517 9729 1145 7268 729 13668 19956 16546 10366 11750 15937 13433 630 9006
7079 5764 1203 14669 6133 4473 8317 13518 3386 7487 6549 15034 3798 13867 8195 7629 15031 1177 7090 11716 4015 3390 17527 18905 18294 4742
9507 4437 6921 19601 1017 3833 804 16223 13309 19103 18202 3444 15953 3643 17748 7411 1532 9572 13416 19447 7118 16736 11081 13698 6224 9292
17486 17606 14871 15751 14179 7443 6817 18278 8781 19296 6525 16504 3011 18073 7945 17337 7308 13768 3618 14377 10034 19232 12008 4055 17914 15169
9957 5432 17656 11866 14226 18708 17599 2308 2465 18199 12096 3762 18244 19617 10542 2986 214 4817 11248 11719 16669 18623 3489 11240 12693 13244
503 19504 2198 4585 9792 9821 13132 6644 3352 14882 8928 17056 12839 474 4307 1715 12792 10814 2198 7305 14580 1862 13361 16843 11484 2623
7590 16083 10761 13828 2450 1460 3402 9277 10049 9107 1370 16017 8866 5046 1583 15018 10065 6316 7816 8862 8036 13003 2657 17473 7418 16742
5667 2629 6468 4483 3093 5966 5392 1314 6069 8667 19861 5961 8415 12775 7233 13591 2827 626 2900 12969 13211 14423 7756 9942 2296 1832
8488 2871 17143 16101 759 18246 14046 16639 19544 12798 16446 303 1440 3390 2909 14374 8657 5450 1762 1033 7037 8591 13167 17481 5646 11067
7093 4751 7767 12331 9015 12905 705 9612 12604 6898 19123 3165 15391 9012 378 7564 247 14201 13907 17024 6123 5080 11759 8766 8712 11862
2017 2437 12758 17471 3760 12148 14634 9433 15883 16882 710 17274 7322 13422 9978 7851 4797 218 3498 15007 10149 3992 7085 10631 5510 12098
15763 1960 8711 13111 10731 16290 5217 19749 14396 474 1896 17536 18676 3655 2686 10525 1632 4399 12128 7624 7994 4100 9005 10546 3333 14116
10076 4390 17619 19657 10611 8306 5444 6730 6343 11718 11105 6253 3420 15634 12571 7329 5822 6126 6275 16613 4375 13932 13614 10480 7600 7429
11684 10618 505 2656 19101 3179 19328 7977 12003 4483 11663 7570 5508 1431 9626 9710 9812 14920 10610 7027 14740 14181 14143 4470 18695 3479
19705 4453 13102 13166 2494 2853 11457 15315 14454 4206 5798 16168 8733 3346 4347 14490 4375 3216 95 3460 7279 14212 14851 16098 12559 14973
1751 14082 9882 10116 13321 1398 9707 7214 13334 2611 4090 7031 9998 9584 11338 12669 676 4027 3517 19198 19306 5258 16219 19678 278 1678
17345 16847 1782 15771 11662 1705 927 7781 5338 11657 1099 7951 18269 15706 11136 19693 7904 5514 3452 1063 15310 17135 15407 18717 19086 19859
3929 975 9861 13032 16552 2534 3874 11956 6963 12032 17066 16815 10124 19647 14838 6325 14008 7017 4559 1348 1731 5234 16064 13765 7153 5150
5678 16370 14157 19888 3848 1264 7072 3490 17749 679 35 6012 9476 1585 4496 12311 1878 11842 5667 5731 340 5554 4748 2683 7907 18369
3594 16587 16450 16532 18290 10800 10299 5313 3668 8227 16248 13064 8929 12952 19517 759 12074 11615 10636 4231 16190 9351 16570 3476 16888 16928
18449 13794 17403 5664 19385 10238 14282 12306 2816 1894 12783 9030 15549 2804 2546 19161 7154 17268 13026 17233 7268 2210 18918 15450 16906 16472
4859 14536 4580 3199 6959 639 15823 6063 6935 15111 7167 18580 11782 4655 8200 15317 4880 9843 19801 17443 3331 15267 10784 9676 3415 2408
14574 1997 17955 19028 5674 18296 11944 4997 10295 15820 11496 19073 15011 12022 19076 8546 3570 15960 3486 3557 6187 15657 16085 14027 6129 14560
6970 19811 13826 17199 460 5950 10256 12144 1389 6478 18260 12187 12782 17016 973 15407 7464 158 11448 18778 3772 2306 10718 10747 13673 8431
8942 5288 13364 1660 12186 19111 11334 550 19193 4775 3886 13373 12038 16851 10528 12296 13624 18843 4705 326 10581 11521 5090 5151 677 2854
5776 2779 6257 15386 4200 1902 7033 581 6760 13462 5239 18265 16548 17596 19746 4177 15977 16065 16636 9924 10479 17429 3025 7205 16940 4974
7177 13985 4579 16033 13047 15394 11610 17061 15757 12300 6399 9959 1017 8776 19166 2987 14746 16739 17775 1702 890 6690 10725 12089 8494 8516
14130 9773 18686 13175 14269 13724 12436 9683 17186 5314 12406 6967 2489 6304 14127 14036 14665 201 5073 130 250 2969 6418 3266 17753 1017
13973 1078 6807 2032 2655 18534 15288 18535 8990 16822 17799 579 8990 8221 15888 3183 2775 1859 6609 10656 4309 22 2301 13649 14867 3902
11231 16555 15563 13026 2953 17343 19642 1292 4211 9591 403 6880 3849 6368 10262 18897 14488 19587 11884 15630 766 8314 8176 10488 1453 10897
7692 11327 8968 11301 4406 15982 10793 9831 12524 19884 1185 9412 5455 854 7530 17919 6008 7450 270 19323 17924 1632 14055 13112 4427 1313
17603 15499 18236 13174 6399 11926 15042 176 7155 627 4485 2046 10839 18548 10322 6830 19140 5684 2601 9852 18247 6084 3549 4310 3232 12861
4387 13322 8910 18581 19153 3673 17986 4587 16165 13094 15296 1865 5103 15886 10161 19315 16760 5458 2881 6045 9730 7717 9812 8613 6098 1593
15152 14301 18632 653 4339 3206 8203 15173 6451 8122 9910 12074 15674 8047 15057 15664 4713 19649 12830 19422 8780 19115 11848 15494 3189 1614
4132 11864 12593 10702 7347 5217 1165 7749 10417 19170 19679 1782 12003 4310 14772 1253 10574 18513 11255 2841 12091 19883 14197 2569 9789 2376
796 16235 2966 14237 3568 8078 9512 14592 12387 14712 2025 7333 11258 16131 19574 3930 7931 2687 9816 16295 9512 6474 17285 461 19679 956
7712 9206 9424 4899 19229 5770 3797 2403 364 225 2829 5166 8224 17233 13260 19213 1545 9643 3825 2126 9874 3205 2112 7893 2071 16802
14002 5794 4213 1030 2359 6185 7898 7056 4714 14817 18262 19312 9989 8635 2651 18144 6055 6794 10798 14722 2666 7781 2716 15103 12190 6411
13328 16216 18969 1464 4426 18565 14961 11078 13794 8698 14478 16590 5720 18475 7532 4840 4023 18550 9269 12385 5903 1251 312 6396 9419 961
11344 17512 12069 1343 18467 5410 3676 11947 1267 7910 354 7694 12651 8995 11890 6616 13568 18393 10031 1237 4985 697 3919 776 10320 12294
17828 4170 15326 16761 1861 11692 16772 4404 3078 10718 1608 9765 5377 13268 16813 18031 19005 1524 7176 7530 46 15343 6485 16202 13190 3905
4359 9023 16647 13466 10657 4034 14502 19239 16591 9261 381 11222 15428 3744 1144 19809 10563 5169 6915 11808 8575 11165 7357 16139 3275 9088
1493 2903 11967 13710 1447 10766 19959 19526 2401 9486 6546 19348 8375 14718 1504 8467 14726 9993 19273 17449 9530 9426 15077 16729 254 3577
3554 8052 10429 6399 2075 10058 19225 12511 5200 4117 2654 3857 17726 15804 9281 11235 9985 12444 4391 1842 16237 11449 4376 7549 6194 7581
12084 151 706 88 13274 16009 12436 18233 17017 5757 4145 218 8457 2996 18580 5162 763 15349 4128 7706 7889 16479 5603 10939 15055 15498
14775 5409 16001 7942 6182 14460 3685 10093 13101 15611 12913 8587 5378 7532 19382 7516 12307 8410 19540 13379 7413 12481 17587 5053 18415 2878
1552 5473 1991 10833 5921 593 8285 14041 12980 2049 5996 12346 11488 19543 99 19641 12078 19146 17281 3464 12467 19592 1121 15381 12143 17784
18846 4842 15071 14308 17854 10244 1397 2375 14993 12303 9749 3504 9249 7357 5014 15688 5380 14770 4687 18693 4869 1071 9906 6472 7113 16103
7814 17742 10909 1423 60 13129 6051 12784 10271 17350 13653 2195 3264 7353 16633 7745 8607 7277 2088 3396 19280 7820 3356 14686 18763 12523
8789 15327 8161 5163 4311 2722 14832 14622 18429 12284 12167 13675 17600 19319 6493 12056 15448 19178 17563 8177 15307 11228 17569 19465 5161 3052
10896 3064 8394 8427 8148 10759 4363 19740 11413 9852 7817 8948 2757 18437 10571 1991 340 4243 15154 13307 7148 18344 5034 7850 12390 2260
13960 16105 17278 10413 5960 19151 15100 14196 8932 2000 14798 9482 17690 14746 5654 8849 10132 9582 134 19364 8038 16841 617 19769 5765 7375
17341 15934 9697 14373 5613 8877 17137 19004 4508 7361 4816 2160 5602 19369 13173 10749 18110 12804 18663 17798 13701 9726 18167 16937 12726 3440
8512 8707 5220 10229 15521 5791 3071 8785 826 14103 10980 537 9707 2240 17990 15236 7369 13282 13609 19705 2440 15033 18253 6865 15223 15106
2298 12549 11603 19659 15103 18549 86 15763 11403 2599 13852 5893 7060 17514 775 11276 7498 13768 6139 6718 19145 10107 1270 14060 12264 5495
5327 16299 6239 10159 18462 11348 15818 12025 8747 14637 5999 16612 4816 2394 1942 17455 8929 16213 4246 8946 17232 8140 4851 19045 3227 14638
17404 17454 5810 8291 9179 5702 4867 4512 16557 14259 3763 9099 8385 18562 17 17877 5911 15923 8130 3698 9837 2170 5856 15621 18825 11517
2645 7877 9565 17258 7185 2658 16323 11407 4927 16103 13137 5575 9452 2581 11964 19047 14207 7634 4792 19810 4691 17163 3178 8532 8538 13128
15296 1436 18973 11554 2831 5946 9058 18553 2252 2294 12474 6666 15398 3621 13855 17053 17765 18133 8137 462 13008 12247 15314 13624 9027 13981
8133 16117 3734 5284 19325 7560 18567 15808 2603 1650 8799 1906 13651 15648 19219 4710 8000 9311 2559 9378 783 18762 3278 8305 1671 4295
7054 5653 4727 12588 6520 17788 13686 7040 9726 1897 14498 9430 1013 10812 4579 6105 11175 14358 8695 17913 18671 6388 4773 19370 15386 17116
678 10607 7667 17178 6697 6213 9383 3430 5300 13464 13894 5686 1558 7170 13704 15253 7138 18555 15570 2990 2827 2221 5368 15031 4255 4991
15979 19004 19396 17431 13711 17685 17267 1241 13212 13831 8655 2905 17479 17152 8332 11677 11861 4696 17247 12448 11072 257 9608 17544 13326 13998
5072 16452 10209 3830 12792 14222 4783 10427 504 1448 13738 16798 7926 11759 7421 3973 14610 1381 14806 10868 1277 17853 14464 6233 2471 8590
7913 15717 6074 11762 11716 19551 9783 18337 2274 5657 16726 6872 10157 5500 17038 9539 13107 4977 9321 192 3818 362 19816 5564 3549 12891
8833 4857 2253 17972 18343 18778 6991 1073 18301 10293 13484 12077 13662 15356 9098 18142 2297 18038 18877 45 999 13216 14353 12243 8914 4049
19541 6428 1869 344 15855 19227 13304 18811 8912 17439 8920 714 18957 7791 14830 12005 4732 12078 16919 6637 13243 17444 11800 19139 2902 15017
16147 6864 16500 5826 6229 3067 5975 12816 18250 7315 9789 3107 4621 12906 10767 1832 7729 4597 18012 16688 13341 5854 6426 2041 17330 10087
18816 12307 1832 12160 10961 18532 2869 15810 9812 16546 11556 2341 16014 7128 12625 6565 465 615 19845 12657 10569 2721 13046 9494 2180 10815
12481 5218 16143 1241 11860 17215 12793 10177 18961 19415 10242 11618 16262 10607 18935 683 12511 10457 12385 9341 17420 4583 173 3179 11957 12514
360 8833 6415 1720 6669 11570 10192 13871 7243 8829 19306 843 16096 12589 5878 5787 5703 12727 9373 342 4845 8064 12151 6505 15241 13014
19340 16452 7711 15248 9676 2079 12933 7695 19686 8011 14436 417 14889 15017 14480 550 7160 354 16958 11284 18701 15072 16527 5186 19912 12238
8320 5884 14809 214 10706 17101 19539 10720 1065 2348 19484 5922 18213 10198 13526 15343 19293 1979 6222 13778 10158 7071 17507 5514 5571 14313
575 17208 17851 7482 6630 14749 7419 6591 6368 12516 1960 11865 10568 6779 11181 6226 19263 10714 6601 17855 5474 4286 2202 3270 10508 4273
10113 17658 9905 18700 10349 2581 2053 18518 10168 17352 11128 17735 11015 5751 3127 19713 4176 3077 8364 11277 2258 8817 12486 16244 15320 18879
16890 674 6218 10911 10849 3472 17734 8109 5469 7242 12603 4343 12243 567 1069 11530 7798 9474 12576 8309 18350 5774 12685 1065 7302 11166
1991 2870 14469 2165 12078 4036 16182 5447 2624 7416 17062 11322 2958 14355 13125 14793 465 5050 17889 2944 6187 4710 11105 10620 10236 14273
12066 12651 11361 18703 6834 5495 1836 7455 13357 3667 5436 9767 7485 5007 10873 4479 16410 11131 4206 2822 17095 12062 16650 4744 19203 15919
13650 17494 19560 2755 4464 3737 10625 3486 19034 18809 8852 18630 8631 8418 7761 17576 12591 4879 16585 8692 15310 13750 6536 15502 8800 13384
19075 9260 3946 1292 10900 15678 18569 10025 15630 5966 384 19476 13350 13861 13020 16371 13182 16664 2581 15167 6204 6718 10865 9860 1366 17584
7629 15060 11741 18764 753 9590 9776 15530 4524 19254 17375 14112 15514 13201 2491 5908 16041 11855 772 16136 8683 18158 10322 1925 10970 2240
16688 6819 15223 15474 8337 13605 6300 18535 14536 19931 2655 16073 13109 10773 17957 8447 12288 14110 19680 12868 4840 2822 5858 13753 12082 1399
19849 4176 19214 871 2929 13743 18698 15946 13789 16828 10899 17946 2324 5441 10431 16985 15388 14772 3552 11124 993 1811 2080 3521 7596 17229
1608 11618 9496 3722 5682 14994 5957 16474 10047 9402 3570 19419 13030 8345 19682 736 17150 12030 2507 18059 11533 15974 2564 12630 19922 17511
9127 5848 10792 15387 9508 16954 18885 17310 11240 6479 6452 7446 8512 9469 15221 16849 19013 15531 9372 17523 2389 5510 9202 12669 1028 11232
9856 3674 8770 11419 17036 14798 13303 227 17711 1351 14949 13277 12743 5037 8690 7097 13171 8835 14943 5198 9855 11754 4699 8261 18497 17403
17587 15478 8688 13647 9002 9442 7857 12993 11009 5495 6164 2354 8253 18805 12739 639 5417 13909 4271 5456 13916 11305 15807 4533 2089 17979
16126 300 12186 13836 19651 5514 12611 19165 10555 15792 19015 8020 7559 10083 3135 8752 3528 3067 7510 6986 6365 15871 658 1095 15099 589
18367 10433 8588 13352 19749 5140 13456 7513 11126 3107 16342 14836 5418 9339 3495 10514 8790 5439 19354 15788 2832 10129 8840 19762 6687 5149
761 12609 17674 9902 14167 17542 10401 11811 10627 9443 7817 6887 16701 14798 13599 2758 6493 6185 18318 4390 1074 9929 115 3845 18410 12331
12651 13096 10436 1916 17742 5719 15721 6945 3393 15412 4117 3580 2282 5916 57 11209 1354 5643 4561 13088 10148 14943 4436 970 6109 2134
748 15893 5986 3574 14960 5396 19332 12137 12126 2904 15854 11128 6877 12240 8298 6821 6930 4711 17737 8069 17555 13742 20 14240 17573 4795
13702 18282 16184 17012 15903 12229 15839 1750 5738 12377 4284 7622 17323 11166 8688 17755 101 899 19635 12526 3732 8244 13692 14423 3748 1820
108 6949 14222 11899 8300 2026 9786 816 14458 19081 6265 19375 10528 12656 6144 7503 6267 3880 12546 15049 7943 15887 14345 18242 7545 15190
11055 13657 11797 17605 11831 17795 4920 8392 17903 7973 19730 16602 78 205 864 8680 7607 15232 5597 9334 15537 14977 19927 7712 8037 6708
19637 2015 6564 117 9990 17398 6047 15802 6126 7132 7156 17858 7337 14370 19804 16379 4451 6880 10666 17187 16255 15629 13508 19296 3990 3374
14518 10946 18875 7409 6370 7271 1700 11247 2682 1364 3214 1829 14192 1271 13707 3332 13854 9526 6636 4125 509 13992 14690 18781 14567 18922
11383 1244 10665 97 14444 7807 3721 14333 9701 2434 9387 17690 13985 2576 6935 3248 5783 17677 17948 8934 7028 6407 12361 6917 6517 7078
79 17728 13783 3745 15994 15910 14359 8018 8216 545 181 9452 10894 7082 4041 1501 3735 17210 17867 6657 17809 11743 2302 3032 16966 8696
8339 2270 8405 605 3179 12417 18330 17411 12704 7785 12649 17794 4197 13400 14223 8295 5614 17330 9392 18729 4232 978 17057 17899 14754 12142
9609 17310 8978 9193 6886 14454 18898 3657 6260 3409 5437 15312 12557 17296 12216 12098 10709 7833 2560 4003 15110 3553 15285 17856 12410 7333
14140 19066 14781 1039 9221 19974 4114 13221 17857 19236 5454 4745 15187 17211 9856 5730 16924 8015 10305 8765 5504 7982 19073 18426 18023 11349
14395 10561 17091 13488 2415 14418 14214 8581 209 13340 15925 8379 10233 18989 3560 13704 15046 6751 19764 15442 15171 3049 5648 19 16542 15645
15306 14903 6023 4108 7376 3614 2706 17661 17414 12718 18662 17181 4335 16981 15091 7962 8939 10408 2804 10261 8231 7102 4881 10341 3293 497
5951 8325 5909 10667 3888 12325 2946 8857 2848 3650 3007 13358 10610 11935 14517 12478 13896 13450 1741 8371 19640 11101 1023 14107 4626 5175
17851 13352 564 11715 18901 14630 14118 12734 5633 11428 18051 7092 5302 19243 18267 10781 12030 1366 16585 2616 19877 10760 12948 11304 3971 1079
2449 9585 4014 15107 6419 8531 11132 18021 17483 1524 13678 4966 3186 15794 14421 15769 3243 14677 6370 555 1712 5699 4926 15032 1461 19211
14871 12726 5374 9484 6819 18515 8584 15423 12370 4131 19789 11427 14084 11316 9225 13238 7313 12893 4459 19725 14322 4517 2398 16055 4459 8597
14433 6174 8401 12401 13889 5802 13841 17187 13128 15514 6528 14573 16773 3866 8481 19806 13905 15622 15639 14284 7403 15844 7119 9225 7000 7284
4617 236 15077 14390 18342 12822 2020 12366 5726 19546 16344 15474 19547 7035 14782 16990 16087 15296 19218 14185 4666 3677 7207 4760 4859 13767
15465 11240 19618 590 16790 18065 8043 2877 6198 14104 13865 14966 670 12137 5517 6972 10540 9229 16373 19755 4558 5504 3111 15973 1125 3055
16686 19588 1125 18382 8131 11368 1495 1190 7190 1126 1205 9152 19186 2326 16610 5277 7119 15430 11211 18396 14056 447 18110 11378 102 7316
19829 2363 6653 17915 9264 8577 4300 16320 2927 1918 1993 10143 6224 2892 18666 12699 5322 19241 6292 3365 8866 10960 3385 13561 17504 12414
11376 7560 4886 7682 16325 233 4360 13985 11948 3850 3601 11781 4297 5056 3710 585 5296 19323 11070 12264 7986 14866 17579 7104 8814 3337
9704 4885 12482 15941 5256 7944 16390 19358 2442 9591 8810 843 1793 18183 5058 2264 13343 19783 532 14942 2559 5667 6413 15069 6799 6396
16845 5021 19990 69 14575 5768 16753 18414 12942 15110 2465 19354 17882 6355 9996 18700 6350 9848 9118 14071 3437 1949 666 7347 15707 1791
2503 13709 8915 16732 18660 15359 12947 2579 16609 19636 713 18978 10713 8088 14267 1836 17830 5938 4045 9393 7356 6965 6696 5110 1040 19959
2112 6991 17549 15008 16210 3873 15446 3616 15685 12318 18421 6639 11469 17509 9421 8594 7503 16047 9917 8524 17528 8306 15355 1965 2393 6578
715 19447 12645 2231 6059 10456 13674 18584 7492 3371 13154 6581 16135 3268 2373 18794 13912 3206 19313 8701 12643 17888 1571 10358 10596 19560
11468 14549 19291 13239 19740 1804 12204 8569 6893 16544 19116 4346 4264 6100 4388 3700 1491 7757 10902 4501 3825 5716 10751 19345 14345 3425
3639 6383 5966 15350 8793 19714 7027 1657 12971 10627 17425 19637 6641 3690 763 11626 1667 10931 17164 16113 19992 16236 16070 14655 8705 9005
17641 7666 16055 1712 5408 13595 10658 6625 12295 16046 2251 4305 6642 9679 12941 2262 9866 12822 11946 17432 9964 18290 5290 9318 2027 11551
7301 17999 7986 9918 15576 16230 4358 14610 2566 12209 7080 11316 9502 18007 12906 14789 2771 1756 6118 8506 13353 3909 16744 17868 9743 11090
17210 16920 4241 1596 12061 5545 18145 2543 567 12180 6292 9751 423 18092 6065 3810 14964 2730 16656 9055 18425 4556 6390 12760 8256 16565
2019 7536 6277 12805 17330 1192 13974 1450 13910 11619 15424 18473 6626 16975 5859 10836 16733 15925 16901 3073 446 7356 16371 3382 9776 13728
17021 5214 9209 15025 10722 11093 9415 4679 33 5319 16035 13915 8858 17449 8696 12710 2092 18574 18244 12083 2643 13648 10184 9100 16908 1767
1081 19548 8915 13621 18936 3192 16766 11986 15910 1368 14849 7280 13291 13690 861 7655 18560 7429 17447 19120 19421 14754 14920 2227 18525 14054
6693 2061 12724 10256 17328 14419 4215 7515 7327 14149 11168 14890 17040 18293 5823 16702 9284 2453 4006 2932 17158 12994 455 4519 366 18868
4447 2083 11850 10257 1225 10547 5504 6742 2967 12830 450 4390 15898 2575 9914 8575 2046 2240 3028 19277 17202 4664 5115 15429 3338 13836
8780 14977 2277 5957 9012 3113 18803 11070 18999 17253 5523 3853 15341 990 19539 524 2002 1118 12081 8378 1387 5624 6408 19116 9832 11440
13349 12721 9251 1523 19156 6884 7701 18643 6268 19710 13232 1981 2252 15339 14986 10512 8536 3435 12831 5711 9297 19436 17145 6301 771 19993
15015 9885 12907 14305 5002 12700 8352 13976 10206 1674 5143 11750 5768 16067 8468 4584 17072 4839 12902 14451 3073 3669 11651 6932 2206 19039
13 4905 15065 19082 18148 5203 400 5671 6999 17873 11966 2679 3406 19920 342 720 252 3232 3476 19168 6127 3398 9846 13827 13010 19649
1006 7614 10603 10042 12330 5136 14258 12568 2574 6072 4639 14522 18275 14280 913 4901 9383 5328 9667 17060 9264 3359 14857 19445 14135 16073
15930 15997 9889 8771 15332 3119 18848 17996 14489 8673 11847 2253 5544 13640 1607 18288 9299 14111 3814 4131 17513 13643 2091 3399 11955 2441
18904 5741 16987 290 4065 4128 4712 9872 6541 2071 6471 19323 15212 2116 15566 7690 17253 10395 16414 13662 12444 11322 18654 18488 12395 19607
5715 18838 6770 5523 14954 12971 14250 16208 8150 17593 10452 14308 17590 12466 7632 10134 1827 10257 1196 13500 2542 17147 5855 9031 9480 11179
6267 6160 14975 9793 6931 17103 4860 4432 15594 1450 5483 3766 8550 8952 9256 7907 16457 16291 6301 4793 9720 9694 14899 10812 5535 1820
11036 13178 3296 2025 5292 520 4732 8777 15025 2027 2730 15567 3616 2184 16127 16007 2533 14270 16709 5428 5763 12989 11540 6844 748 13581
6762 12637 17725 13794 17860 6491 18924 1540 11073 1761 7374 3999 16528 17583 6054 19027 17828 19838 18318 19771 4753 6915 17473 377 19233 4823
6157 1646 4368 15648 11734 14377 2554 19215 11318 13421 11289 14106 8449 2759 3264 10060 6401 15249 16974 372 15631 990 9341 8715 7638 9019
9963 16327 2985 17281 18565 16695 15579 8652 3691 7131 45 10521 13231 12644 14643 15719 2071 3019 9127 1179 13872 10008 12587 3115 12862 13756
15007 16688 15936 17327 7857 14017 10158 16689 17177 12324 10852 3509 6955 8765 19046 11933 19722 18107 14655 1374 10107 11429 7076 17033 7527 17955
15884 4004 4459 3226 8752 8192 1421 6865 10960 13386 16601 11573 3248 18797 14268 12318 15829 2793 5016 191 18666 1320 15059 339 447 6512
19667 1226 1132 4921 19929 2982 14464 19138 3264 5987 16501 11454 529 19740 6300 1333 17096 1411 14896 4463 6800 14630 15619 17716 18281 9999
18513 2476 22 19527 11050 13487 18958 9497 12669 625 7103 13685 19503 8892 11465 1640 16904 17082 15066 14272 9366 9344 15359 7512 11965 11285
5429 2015 19843 3798 7418 18918 6842 1551 5 8169 14382 16963 669 8588 10254 6728 9396 11003 2618 13317 5628 3017 15938 13799 6157 6125
19375 15023 10376 4450 14551 16516 2545 584 13433 9383 3037 9044 17799 1724 19826 18565 9147 15273 5263 1370 10989 14366 13634 5766 9891 9400
9580 1330 3055 1059 17488 15707 8054 7657 6778 6061 2129 2070 12043 10465 4486 757 5292 13006 2407 12253 1766 6477 5507 15191 10873 6814
1321 4622 4606 16512 2467 13306 12938 1132 17366 19985 18945 17635 12001 1183 6805 3558 36 16764 3204 5786 2770 6182 5297 779 681 17770
12747 10490 8881 2108 8239 16022 19331 12192 5774 17764 5386 4013 15723 19812 14441 13570 14400 18179 7516 10153 11626 15219 18391 10215 3858 11321
16406 6742 5418 15784 11416 19252 3844 2549 15686 10865 10917 8568 14444 14207 515 4511 7232 16282 19538 18280 9887 10971 12309 567 13641 14314
9487 6686 14750 12108 5422 8919 16447 13822 17132 10527 3914 4939 17461 12628 13237 943 16734 11546 3777 14530 4236 16343 622 1450 19067 10382
5207 11594 10537 19498 1761 18217 1842 13549 2179 5699 17995 3474 17178 10973 4284 10331 19754 229 10859 13471 12982 522 3991 8040 12314 14161
7480 13113 3432 3411 14399 19292 18677 7425 5622 10631 1193 15088 2037 10479 14821 4281 6172 19196 4711 9728 4163 4936 16795 4506 2743 13073
1636 803 688 1299 7405 4915 9089 8722 1511 19066 18112 5322 7910 13929 5535 544 16045 16979 11329 14393 8020 8186 9632 13678 17810 13900
18595 6491 2564 14304 867 8079 14279 15309 4014 16690 15231 3352 16570 16695 4509 7102 13467 16127 1405 9876 15324 16660 14700 15979 3914 2910
10752 10122 996 5065 12211 15254 16996 19827 9532 5726 12561 12554 4673 17723 1837 5273 5549 4846 11006 385 10689 5965 17357 4272 3509 5144
940 17455 3637 1034 12586 8156 15195 16552 15681 6851 3938 15708 2686 2331 3302 3251 5207 6798 16246 7355 17376 7585 14234 15374 19277 3302
10666 11077 3942 16718 13875 19545 5331 3836 17999 17763 4161 17967 6965 9865 16606 7938 9428 11801 7958 14000 18244 3762 19600 2713 9208 4962
2586 5152 9633 15903 1246 10719 2314 4675 5311 8159 7833 11921 1366 6939 3404 6424 2550 3772 13789 9871 7440 13848 2225 1661 14312 6023
18367 5814 15152 3366 9747 13549 11455 12823 15776 8599 18903 4939 8559 13142 5008 4591 18713 9957 13115 17239 14304 19417 6476 14524 15889 6823
18225 7593 10404 9718 19818 2436 15025 14748 672 45 1594 2801 5756 5085 3632 8327 9934 7091 16044 11007 9661 15685 13153 5455 14382 14514
17141 9709 17076 3948 5006 10778 15591 14636 12659 10174 15669 16133 917 13668 8374 4959 14927 18143 17772 10046 3043 9372 19617 16114 5020 8661
9047 18713 14229 6445 1937 10275 7565 3030 19140 12586 14241 15589 19523 16986 14356 14035 8691 12808 15143 6397 4744 6195 1962 4039 1401 19096
19642 10082 1698 4688 10267 8089 12328 14106 5239 4772 15976 16772 17087 5991 17540 17842 17011 17323 16378 12818 1589 15867 8012 15193 12738 10278
16585 10461 9259 3237 6854 16158 7068 12751 4890 14729 1040 19545 18290 4142 14399 7360 1026 15212 14323 11960 8397 14823 2711 12574 1741 10572
1223 19014 3918 11729 16713 17949 14660 9486 7433 1897 9716 18120 12076 18694 11295 16688 4010 3354 4475 12319 8190 13350 1534 1805 18494 11201
18477 14278 1378 14148 512 12421 15688 16764 5503 9945 3029 19877 13171 15713 16468 14721 11048 6265 16357 7806 6792 7663 17140 3423 14813 16110
2715 15266 11479 11664 3929 6925 19993 19397 18300 5502 1007 7147 6979 19484 19664 8957 12174 2520 16743 12716 17555 18066 18776 376 4144 9123
9388 1178 2812 16789 13744 19594 694 14772 1319 16455 12637 3864 74 7500 16742 7317 1815 18223 18257 4566 10400 11987 16989 9153 4126 15893
15140 893 13643 3714 11383 6576 16031 4729 17123 3116 15683 5593 3755 18994 17207 13208 17880 9724 10587 8514 4388 8694 743 13841 14914 11799
4202 18837 7391 7651 14158 10377 14301 9254 1024 17757 7711 9674 5447 4763 11932 9591 13687 753 15647 1503 18589 19460 12873 16153 9427 2543
13237 8140 11823 5349 13834 19478 16758 87 13811 7823 14040 16226 2935 3254 248 11924 12674 6263 9619 9968 16208 561 7485 2464 2825 9630
2289 6142 1894 11284 12035 1867 18063 19396 1907 13029 16443 3169 16923 18578 8641 4198 15711 2015 13632 16067 4634 13340 18821 3778 6669 7337
17123 17287 8097 18777 15163 4916 667 2043 7208 5127 8528 18401 18361 4612 8370 4248 19741 12684 19759 16306 1106 2532 10924 8578 5209 10001
100 3722 9761 15129 17384 16970 17378 8069 19264 2365 126 2971 7658 13170 18246 5626 1535 14966 456 14795 9879 7201 12910 19904 15081 17925
4923 13386 18081 8397 17473 15096 5555 16339 13212 18494 9599 15556 5456 9451 6212 16951 12888 18176 7125 4909 6804 13144 8358 13361 2613 14365
4953 15230 5411 7961 6541 9788 5653 9923 6467 2104 2139 8363 2109 465 897 9232 1279 16385 18919 12995 10259 16254 1787 7553 1023 1236
8475 12703 7733 9414 19275 6007 3051 15196 2074 11635 18561 5018 16875 3934 7714 12955 3759 1616 12696 16696 16643 14997 10058 7619 15472 14878
5001 16712 2137 15707 14236 15072 9092 16863 753 17909 5400 711 7384 4546 18511 2694 6731 7033 19956 4044 15939 3925 12119 569 13204 5924
6579 7040 12693 3610 16717 5944 8173 12612 14850 10399 9667 9070 11378 6499 10386 18666 5137 9510 13659 325 9504 8872 6167 12420 8421 15204
11123 2315 10267 10925 19754 17631 4376 18316 2148 12436 16152 2283 7084 13347 19730 16032 2491 19345 18379 15871 2654 17741 13018 17631 6163 4501
12498 15698 13928 18614 8958 8042 8299 16916 16964 16696 3451 11228 15920 8978 18025 9293 14961 1695 104 5961 9096 13843 16249 2331 4456 14585
12636 4497 13501 19841 7059 8165 17228 17139 5624 11637 12256 1191 8591 7907 18587 16548 4864 12506 8467 17278 15415 13155 12716 11007 3500 13387
12336 13722 2681 14843 207 4324 1497 4050 14460 19888 14622 13450 9145 15477 3568 9271 8720 4748 11603 16035 16902 17983 8099 9818 9863 1881
16481 12755 15723 2678 12072 4567 13682 944 9142 11349 12002 15770 362 12075 4993 16193 16873 9212 8773 18144 12855 16563 18007 3181 10002 298
2651 18660 14354 4017 2358 14751 15171 12660 5741 6520 12855 11714 13382 7873 6893 11532 9307 16054 19760 6266 10936 741 5553 11735 264 17236
11159 10890 15690 6383 12366 10923 14653 15097 14872 4577 2191 14411 1920 4318 13474 47 129 11041 15450 5681 5894 10866 16718 405 17144 489
18638 2578 8976 13561 14539 15386 10226 6940 10352 7729 13432 486 11795 4586 15063 19281 11418 17537 12064 17418 2690 10002 38 3694 17186 19648
1722 10024 12694 18002 10480 17197 13882 7508 6417 9830 13590 10583 9511 18740 1659 19645 8692 3960 8338 11400 9364 7125 19955 8475 12592 13916
16298 12438 13776 6510 10458 4343 1476 7792 12162 9328 6221 357 5281 19861 14546 12373 6879 5872 562 541 1895 10268 2274 14480 15530 7086
5729 9902 19803 13360 17743 691 10396 17085 11362 18180 16254 7673 13745 18581 606 15788 4104 17306 13119 3963 6123 6535 15574 14226 6407 18345
19853 11527 5398 6735 12570 18465 3658 5526 11129 13988 18112 14454 8933 19414 18227 8199 7818 11668 13484 3295 4392 4018 6279 1364 15395 16522
1812 16517 18106 10218 11375 15577 13407 12582 11496 10727 7723 8725 13929 14881 5421 16037 9856 1220 5344 5591 7541 18960 6306 13755 11335 15864
10096 10406 7733 6131 5210 13947 12403 15202 11609 10909 8270 9382 11952 7970 17177 964 6379 1245 11735 13476 8137 18273 18944 14576 406 19323
19163 4141 3224 16280 1578 18522 11173 2026 1646 17247 6483 18932 12621 13444 18317 5742 2509 6403 113 13692 16454 6279 9976 13605 15664 2346
10178 6178 9755 1922 1378 4121 15001 15820 10042 18269 1564 17339 2162 9019 18045 6582 6956 15350 18838 1892 9694 11094 10799 4771 13311 5176
16714 14518 10170 16229 3730 4620 4419 18156 14463 8175 12691 9079 12930 15578 9368 18277 12 14064 4501 13008 9543 17150 17972 7166 17145 11126
13111 8138 7895 2009 6741 3638 17352 1604 10914 6574 15998 4645 17922 15630 11636 2042 12617 7098 1109 610 5572 16418 8719 9310 8690 16014
16043 14279 11439 1962 13721 17858 1035 17536 5435 5095 19949 14576 18770 9455 3153 6700 3095 5297 58 7352 11805 18676 5 1124 10407 6735
13244 9378 15509 7226 15719 12555 7793 5916 14329 18427 4012 17136 451 7913 18121 10931 1833 14982 14709 17368 2323 11419 13359 15264 1187 2136
8002 5391 4484 9522 18754 3587 6941 19204 18966 3690 7514 12958 14898 2527 2484 799 11558 14995 4539 9047 2053 12895 3038 6803 5809 4108
18047 17689 19259 16021 7695 6573 19550 1888 1146 13886 2007 4070 15134 10006 2546 3608 16074 4684 16678 11021 18557 2265 3806 2030 10423 891
528 12574 5121 17283 6286 1731 734 12285 805 394 13237 3578 7911 19725 8138 3665 13636 14514 1693 14035 16906 11020 14140 18929 7714 14859
13988 9213 17194 12017 17796 13700 8902 14793 7639 302 14472 13237 11419 18374 13787 18707 1566 19012 14025 695 9015 4195 6699 872 8708 5593
11182 6920 5406 3363 152 16097 1517 19462 15512 4369 520 3332 17823 11203 4874 16888 982 631 16320 11209 5482 11557 19171 6048 18776 1365
10151 14294 18222 823 1685 17544 1532 11488 368 9621 680 5799 2320 3861 10387 13767 1291 18286 4552 12390 8312 553 18266 11973 11304 11705
18419 2565 5445 1344 7864 559 15794 156 124 16408 16168 19450 18498 16606 12728 7503 5008 1218 5825 2723 19273 6598 1075 3643 5955 2293
6359 3654 15189 14773 11464 11601 11526 13053 3144 1633 19024 4428 3927 10641 18275 10546 1562 3920 16252 14595 3137 3238 14597 11733 17820 17090
18986 9301 18349 1448 18274 9239 796 11067 5703 8911 6032 3259 11182 14244 14893 3119 4520 5084 14919 14856 17179 8711 15430 12361 3493 11430
1713 19321 4913 4444 687 9648 6696 14989 11905 8046 15078 15877 17735 213 13192 19817 2507 13358 10904 6445 9978 1183 1806 9012 11780 19301
2170 18323 13448 8982 15989 9319 16566 19367 10875 12524 11133 11545 13156 10208 9635 2184 17989 13485 14056 19363 3560 6207 14426 11728 1035 9795
9171 17422 7708 5614 13191 21 16266 19356 17372 15917 12915 16930 3696 8837 6211 14004 5812 9637 17471 17049 5895 15128 1090 11699 5404 13119
8438 5251 8353 17614 13008 6126 65 5005 3170 871 10559 18373 4415 15827 7670 8116 3641 15735 6507 2260 16085 737 15746 13051 5619 7644
4367 17482 5143 7607 6074 18221 16364 5405 1752 3137 11472 10757 2793 18714 19661 16935 852 687 13455 5681 17564 12986 10113 7572 765 9933
10269 6496 13185 15485 19606 3700 12177 10383 7040 1233 15472 5567 1815 10266 18470 14583 7446 11457 2683 17291 17289 14314 4922 1215 7484 5224
6775 8775 15252 389 9349 3131 10683 8726 13547 16474 9673 5510 19928 19936 1739 15322 8561 17057 19090 3031 12714 17053 13116 19631 139 10614
17157 10096 4343 6805 19037 12038 8681 3114 3775 18804 4918 6357 8628 7223 16748 851 12481 1044 15954 9539 14733 15821 17328 12478 9922 2107
17830 4705 13120 7823 5100 14158 14799 13518 16783 12182 15996 5928 17787 2059 15729 7934 11949 11192 7523 2990 14650 16759 927 8369 16644 12809
2659 16695 15409 3186 3277 5125 11038 15443 11803 9609 15061 17142 342 12842 568 16325 12981 7845 17884 12186 7029 12123 605 11688 4534 8458
30 3976 4630 5559 16065 17081 16180 8006 15794 18937 768 1806 11886 527 12409 6500 19483 5396 17978 19427 7169 9939 14957 785 6387 7404
16078 3118 248 14805 17913 16506 8618 9522 5594 113 5204 7671 3659 2515 15562 17909 17841 18202 8093 11259 3067 8622 8340 18064 5267 19896
2807 16162 8954 13961 4619 5536 19970 3622 6445 4185 1257 10925 13878 6646 5584 11950 15759 4975 5528 16873 17382 3184 18994 3469 15283 14084
4483 7397 10031 1660 16512 1386 6649 8110 17274 14222 3408 15006 2095 7597 11157 11519 17131 17244 6926 12346 5274 12295 891 18399 19170 6610
18940 745 15671 3093 16738 15376 1696 16232 10033 15134 15819 338 1860 2313 15050 16208 5995 15237 636 3831 4329 7090 19268 8965 3379 1344
12613 14132 12032 17375 10091 189 7845 12849 2856 19695 1490 6441 15820 13487 5967 4893 7104 2795 8105 10111 9338 13303 19195 19532 2729 2550
2919 10178 3862 1869 19495 19095 15306 19779 7481 16688 299 9616 762 18544 10900 1672 1210 17488 18057 9320 15531 4696 18274 11590 4218 16992
16681 448 7253 19458 533 7910 16132 13291 7904 953 17239 12289 1410 19080 3996 11042 6436 8171 14163 2493 19057 13126 14531 19371 13743 15425
10720 18245 16 10160 19851 11032 15711 5491 16395 13306 5433 6832 19538 2640 5450 5403 9290 16655 12905 6679 14874 5070 11532 1533 19753 6075
8819 3302 15493 15769 603 14894 19043 19011 18539 1652 13497 17290 123 16960 363 1687 2549 2962 13553 17390 18655 9798 1332 7678 7635 18562
14096 3863 19535 17954 3411 7909 9275 16682 8087 18804 3968 2884 15702 12980 9604 6366 13839 5017 3369 2183 3759 14726 15267 8845 18330 10178
10912 2457 17008 3511 12849 15781 16785 8219 12619 14873 5730 15670 18801 5207 13592 7570 11605 8838 4153 200 4352 19248 12332 14188 19496 5115
19210 1313 6366 12967 7551 5348 15373 15459 6709 16474 7859 6005 15614 1352 3422 11800 4990 3461 6242 16420 8595 6967 14378 6835 16606 7634
17089 19427 3384 13924 3314 6621 2747 7892 3314 4570 12409 6465 8019 17510 6734 17615 382 1079 7061 9186 13965 16016 8267 16336 14547 348
16191 17591 18506 7044 19050 13160 19845 3929 6738 9218 67 11254 14111 13491 5388 6674 552 7014 13025 4716 17804 2612 13085 11515 4262 13785
19301 12737 15869 15709 2378 12689 5881 7127 3444 3624 12112 9152 16804 1642 5151 445 5766 6991 11448 15221 13212 3037 8173 17559 12948 12557
18184 8846 18603 4859 10095 7741 11828 19577 6897 18681 12804 6260 9123 18620 5049 14607 5150 13688 3464 19077 1434 12195 7284 9590 19675 2465
5299 10024 609 5043 10965 8338 8626 14632 9503 609 4477 14524 7589 3966 19580 10793 9687 16171 12721 4862 17833 896 9164 1619 2763 16137
11677 6471 1055 3198 3791 886 11960 6545 6482 2067 16749 7133 9610 6376 19031 14161 2625 15298 16159 13102 12484 2898 15190 7399 12898 18790
72 10644 17216 8126 10969 13494 17231 1366 14945 2349 17523 7200 1762 908 12132 752 17765 3490 12574 8854 1692 14282 9059 8659 9784 15666
6836 1397 6143 14488 9681 12768 15214 9049 1525 10631 12628 8882 11632 2646 608 18323 17283 958 4101 13467 5305 6493 4794 3292 5927 11091
14783 4176 14226 9326 17057 13465 15899 10588 12834 6309 5930 17476 8849 10737 17548 1194 2874 11930 19151 8122 17819 15857 7719 7391 4765 19020
12143 612 10062 15597 10774 17189 1572 5036 4505 2946 8778 8008 8337 3713 3854 5715 3059 6011 11491 2405 19526 14057 18797 12387 13992 16059
9979 9620 676 1624 10055 3932 9060 10191 10044 12786 17307 12679 12571 15650 6515 867 9162 18715 14897 7870 8175 7165 14065 12981 4776 19774
8740 12091 9445 1925 11897 13016 19389 10402 11025 18127 14979 6194 535 3792 6172 4439 16787 9974 17507 18309 19282 15630 506 18501 10302 5429
2675 331 14692 2834 7864 10336 16669 15925 7494 13761 14845 3362 5935 10315 14186 11670 748 7197 13422 4171 11979 5550 12356 8203 763 1012
19580 6963 15219 13400 16176 16254 8048 2150 12863 16872 4603 8657 16410 18177 13355 5446 15129 3751 4798 2739 13482 8655 6823 8275 4859 11765
16902 10094 14430 16837 12781 3969 7558 15794 3019 12915 18359 16930 10032 1435 5541 17849 13227 10511 12108 13099 5751 929 7870 14325 10275 11627
3161 7618 13724 11236 11649 14612 3445 5703 16814 18695 13000 16050 18733 5402 19686 19774 8365 9688 10568 14479 603 2957 451 14177 13278 9063
7711 13028 2414 15471 10708 15799 1250 9731 15291 10743 19813 9474 668 18617 18799 10610 18148 5896 133 15330 19702 1407 17694 19353 18446 9483
19649 15850 17134 18100 19855 17653 3858 17287 13439 950 2871 14267 3974 13051 12118 15974 5380 1653 7549 9241 3240 6561 19199 19095 19406 3397
18006 8154 10410 4398 17877 8263 11702 7426 14059 19359 2359 14184 6556 8065 19509 19701 4008 13201 18702 18806 189 16460 15827 18370 9391 13089
6097 11689 17370 10032 1448 7970 17836 1608 13696 5014 290 6814 3662 12173 6676 16578 18730 6751 16965 3212 19567 7797 5193 3722 1122 5814
8234 15455 14207 3203 17867 12897 1713 4784 16340 4130 10393 16069 18700 11091 887 1035 11539 11748 1718 19316 11049 15652 589 15146 11283 12221
15332 1850 18907 18492 14113 15400 18807 12318 13892 15120 18188 6125 14874 18008 9577 17089 5940 2317 13432 6278 325 4976 3861 15068 19432 19257
19354 4065 19289 2048 6191 1498 3539 3360 14610 8702 747 4252 14468 11375 8314 10614 11325 5661 14076 7131 6151 8920 12043 700 2696 6390
8739 14999 9746 4709 5593 10217 3507 11380 2801 3258 12747 16426 8925 5611 7563 4888 1004 3712 8135 6519 991 9628 7561 2298 97 17013
10112 15106 1834 15161 12837 17122 641 10156 12034 15694 8774 17173 8762 9390 10026 6283 13099 15259 3505 7700 2584 5294 15681 1303 10017 1503
1212 8032 827 6775 9514 1765 3894 5915 10954 18497 12946 4065 6950 8251 10940 12038 1756 15659 11383 1472 4380 11313 6103 4646 13613 4770
13164 4115 12046 2157 8923 14834 7624 15910 14464 7393 12229 13977 5511 11236 17520 4125 4691 12636 17703 3204 12974 3182 18814 16583 13185 180
19423 9480 11294 17016 5579 12246 19225 2432 8634 5377 19656 5801 16715 18608 7665 2467 17249 13573 7161 15956 18052 16446 16550 9922 10515 9021
12447 2127 3280 6397 9838 4183 8117 18236 14065 4601 11793 18531 19327 7271 7486 1371 13340 11044 12121 755 1471 11447 6511 10760 6410 1084
15144 5926 3570 7225 1652 13730 7257 17389 2280 4283 14814 19031 3005 19454 6966 12006 14173 2956 18889 17285 14839 3407 712 13582 17738 15897
8257 16427 16921 2942 8124 4741 12796 13704 13502 18954 18060 16791 1900 19457 4526 15403 14264 800 10539 1195 17382 10660 3976 3778 13421 12084
8595 11790 9132 12054 19692 16881 11580 15549 15020 9297 18752 16006 5931 17203 4680 17277 13538 4298 282 3567 18460 14671 16469 6217 9093 18477
11142 7425 18920 4207 19252 11968 4047 7456 10198 17033 18640 1622 1808 14010 2621 8994 8893 13780 18570 9921 3396 5195 595 3401 3950 4858
18697 4863 19785 2754 2442 7151 3218 15175 10021 4286 18174 8291 10031 11717 583 3879 2305 2833 18998 8333 10099 8454 17516 15614 15422 17725
17944 958 18011 12686 16279 17897 970 202 7923 13621 17645 15711 18908 8977 12813 355 9681 1449 11165 9292 17172 14177 15859 6573 10323 4649
13505 8256 14199 18727 5724 9100 9891 12215 3849 219 6361 14203 7084 4967 14047 4962 3777 17579 1322 18319 6244 13947 8245 822 15030 8399
12456 15824 11746 9598 13237 10072 1525 11359 7447 9994 10624 4475 3045 17404 19003 4854 4276 4409 6023 5580 13828 102 19994 18955 15079 7166
5392 14591 14147 5482 5157 939 11522 9615 15743 11646 13735 16510 16768 8670 10878 11751 1941 17405 7025 17005 17696 14710 7001 15307 7159 17383
355 11085 10105 5833 12927 17001 8591 2812 5913 1302 5374 17055 6723 9929 10204 6281 14933 7667 14611 4881 8516 3605 9314 16988 17365 17217
2126 7964 16787 8676 19659 18901 9945 11863 6150 9168 18896 2969 18358 4389 10866 14377 7393 5898 8007 19253 2919 4976 1369 12556 8964 14290
10391 14545 9794 685 1688 1936 6982 9621 15491 19252 15516 17042 6622 12785 1460 6198 11079 25 18278 3032 5862 17670 6496 12930 12284 12849
2322 16743 11037 19337 9064 10045 15063 13266 8485 16200 1816 11173 15349 9522 11122 10342 13676 8032 15637 16815 18552 11501 17442 5033 10499 15833
6041 720 14562 10750 18308 415 18435 17119 5033 17734 5478 2079 8493 7508 13713 7053 19380 17570 6040 2259 156 10216 6413 1939 8813 18479
12251 14062 12819 6931 8935 1601 13873 9037 12909 18005 2092 7759 14957 7245 15706 13199 14534 3431 15781 15771 18454 188 18552 4092 4637 4026
19666 17371 17488 14245 17225 1239 745 18447 10577 193 2604 19369 14620 1219 17929 6400 11114 18380 14922 14012 2954 13085 17005 4117 2876 6690
8614 13947 6669 11821 17657 15803 9442 14552 14234 2082 3255 13141 396 16947 10246 11032 15122 9625 14761 659 17331 10352 5920 6972 16950 2472
12722 9481 9660 4696 9814 19434 11330 14788 3220 4598 14909 8465 19065 19075 942 9363 19807 5876 7900 14837 11032 14814 16904 3097 5563 11888
4265 333 10138 12756 16534 14537 12152 7391 11454 10589 6255 5022 18303 3889 8073 16630 4838 16326 556 9987 10503 7217 5795 3873 13783 11033
13039 15991 2456 13165 11303 3958 5736 1849 9564 4487 12127 10995 7663 8179 8598 15023 18835 14160 4684 15423 4110 15433 2420 5666 19290 7904
9496 18392 11738 8572 18749 11477 3583 10445 19962 19146 19248 12758 3335 18765 17139 9249 10914 2785 8521 9036 12271 11998 8357 9806 1872 1855
14529 12473 16759 5015 7604 958 14010 14986 1758 16285 7357 13864 8806 17343 1170 5880 18922 8589 3174 7304 7292 2496 11745 14856 7214 4102
2142 2754 14316 6547 19492 3554 3551 15030 15436 9922 7049 11690 6838 16521 18801 11441 253 11853 3556 9089 7026 1395 3922 15208 18807 7461
15048 7322 18303 12042 10528 6615 18443 11351 14836 16907 1241 10542 16615 9651 14674 19985 18354 4047 15986 15981 8617 3121 13216 12623 7018 157
869 9920 2088 3040 8632 3298 6409 12902 10958 3846 3329 13535 1792 1602 898 4583 12317 23 17786 6932 11817 207 1729 206 9305 1135
19736 993 8131 11671 6950 6711 17799 1019 12991 1574 12999 15193 39 14489 16048 1398 11273 6995 5679 18017 2216 7172 16167 15406 18029 12933
327 12192 15736 10968 7569 19241 15305 18410 6406 11630 3808 1403 18606 8006 5391 13759 3443 3781 4149 18371 19322 13602 1522 7451 1720 16102
606 2714 7297 6455 9673 9535 18516 404 2857 19199 2668 18469 16003 4033 496 3852 2273 15375 15226 13747 7888 9720 17456 7345 4477 11693
13063 8254 16900 6919 13311 14997 12196 3536 14734 3571 14724 17741 4782 1355 15633 11222 8711 4942 19337 17151 15020 2627 5272 2973 14545 1021
13806 15411 1333 5216 9809 4708 11024 16420 10715 13295 12808 2532 14361 15676 16233 305 7424 5419 14440 5584 3616 10731 12470 4777 1459 1989
3784 19245 1647 3654 12542 18064 17166 15923 261 18488 9753 13179 18842 18291 7104 15112 6915 8030 4355 15523 15714 19317 12267 3454 8227 17777
2977 10405 12880 18183 1933 18293 277 10365 16951 17869 2420 10905 8772 14214 10748 18997 176 12858 16870 4996 11168 4581 8591 14807 2543 2282
632 696 14602 2623 13548 9012 15966 11965 9697 6713 19777 3229 7401 9109 2027 19402 4700 18552 18533 17539 18129 15727 2680 17274 232 2575
