365
13 18 63 36 78 11 79 49 70 54 24 12 26 100 9 63 35 67 0 17 17 86 73 93 99 33
7359 5592 18980 132 11591 15474 6839 14177 18749 9304 4143 2497 19779 2784 7205 4730 14289 5881 17148 14405 9735 6340 19114 5412 8210 17393
1698 13741 6227 19721 13258 12172 14146 16845 11155 3082 4999 15621 12764 15009 12007 13535 12563 1155 19281 5442 9077 2307 6427 18297 1929 7429
10620 6223 9541 129 15174 3126 4443 2725 19761 4923 10086 18256 11475 8922 15609 439 2365 12416 13102 9801 14358 15721 427 14307 13910 14595
1247 6859 4303 18940 14504 6076 10272 14886 19336 12926 19371 19004 4444 10361 7998 3857 14243 3021 10317 3114 6248 5085 10080 523 12234 7546
6974 11908 10103 1911 10824 4301 18189 9503 18695 9999 4522 10765 17372 8634 12540 7881 7498 6781 13202 253 13414 2585 6970 1871 2213 9930
12276 14056 12399 15644 9820 3583 13517 866 18320 15535 14110 17620 16855 9488 3717 14754 8531 7757 6170 10613 10744 18010 18784 18235 15173 577
19255 18029 17938 19060 17867 11907 8069 15251 4409 19458 1426 5280 8173 4318 16638 9076 7096 3728 17270 11493 3547 6837 19398 5326 3720 7384
5092 19379 19325 16118 1943 18771 9097 11933 16789 13236 2702 18989 4802 15234 11734 3377 1066 15920 7677 17406 10398 9246 7169 4481 11623 12342
17246 19555 6864 8710 1216 8817 7541 3553 1057 3028 19477 12892 12567 14073 425 1628 123 2981 14963 3347 2363 4876 14722 19274 18555 18777
5758 19505 11161 12642 4764 3885 19916 12875 8289 11353 3283 12819 13347 421 10011 3000 3940 14040 19048 15984 2762 19966 7445 6610 18009 15079
17386 2512 19138 1786 9783 17849 9096 2899 17992 8622 5405 3323 928 15623 10026 10978 18699 859 19616 1304 18451 2418 7506 12156 12040 135
17706 5240 408 928 2208 6496 11941 15842 1100 18322 19070 13329 12615 15915 15689 7200 4462 3132 9169 15454 7581 9346 3289 7502 5354 17580
4059 9067 15155 14024 17366 1423 15634 13908 2712 16889 12400 9220 10413 19006 7783 4195 2867 4723 18 14737 6509 18504 13844 14461 17972 4161
8925 9562 12440 6978 11165 18653 17290 19653 18041 17438 4588 19275 19083 9281 2596 8648 19834 1026 18338 9124 1985 2513 4169 1393 6803 11548
11302 11181 11258 16370 83 5679 7778 16377 19939 15977 6957 13282 6684 17080 19126 10036 4443 5583 12348 664 1730 19781 18872 6407 3773 3730
17030 1427 19603 891 4779 1173 9133 7828 7848 9694 376 15710 19665 14752 220 17806 15129 16239 9295 1240 2585 3311 4275 1017 13944 6878
2973 6032 3642 3152 19453 3800 8950 8695 19246 13227 9219 62 15751 14909 14816 5372 10118 6480 14678 10565 4965 18279 18055 5075 14109 17043
3248 14459 11560 9770 16332 16302 4333 16065 18429 4939 7593 14119 2596 10568 12203 3928 5435 10426 9191 7062 19828 18555 8355 10881 3563 19251
14304 10946 5107 17623 7468 8637 299 19064 7178 11563 14795 1112 6410 8250 11469 18460 7530 15804 10078 7690 4037 13485 488 19734 13720 19693
10549 11476 12312 8382 1806 15025 4061 13396 2152 19331 8938 19361 9310 345 15679 8116 16377 12146 19848 12336 11692 4398 4954 13691 12831 10501
14117 1551 17366 8955 4439 4202 3107 18199 15963 930 18628 4399 4766 190 5904 9159 12984 14090 19976 2725 8645 170 8653 12463 16179 2006
2925 5158 12541 12220 19437 3475 17026 8864 1147 944 4398 10422 8943 3822 7843 14356 13342 92 7553 4665 7459 5335 7001 15419 500 19382
13552 9009 16941 8420 1754 9811 18475 16332 6402 15658 8547 19685 6986 15297 8919 950 7097 4578 1898 1477 5835 10703 11324 14339 1144 5711
2034 6052 7760 19418 18995 12731 17932 4577 8650 2712 17049 13699 10408 17263 19437 7582 18813 2043 18125 13171 4205 15965 982 18934 5376 2977
10767 5565 6871 11946 3483 725 2803 10729 19668 6941 2942 1999 10359 110 2927 969 15447 4844 11679 16439 2996 6970 5848 10601 7269 8288
10085 12759 921 13700 380 2786 2296 19013 5385 10351 5177 3717 9299 11771 11066 16135 3687 16977 10426 16841 17179 18505 7766 12435 19590 6519
6515 6477 14 10610 2569 12686 18700 20 9310 2611 7473 17792 13354 7959 19432 2875 79 19335 4434 9919 521 10650 3344 15803 18864 14106
912 16744 15461 13227 14638 4867 14278 4591 15771 11318 13113 14122 11122 5185 11137 8542 14043 3531 13314 8773 1086 8149 6209 3419 1360 5799
14096 14962 14741 10306 12403 1038 16443 17331 9769 11657 8028 13581 6413 16036 1767 10095 18720 8114 4118 15907 5316 12975 2111 9938 4218 10130
1506 4858 8627 8265 14522 18872 17133 13318 8322 6950 18574 492 4248 15790 10991 814 4898 5478 12846 6068 19279 9786 7164 4279 1041 1797
18984 19557 19361 6730 2817 7305 4237 15311 10970 15132 7650 6507 5610 12876 2138 10138 12881 13052 7250 12829 4133 5765 2054 10207 14889 7268
19540 5147 6467 16627 2160 18426 11700 9113 944 1257 7270 6707 1691 1443 18205 7803 8282 13520 7103 9268 17291 5743 5792 9224 9075 2036
15262 7172 18375 10149 10439 10073 16103 2322 2004 11298 1304 9646 13219 16131 598 14995 16669 6796 10629 15411 2128 16545 7749 10196 4919 7396
3305 15022 11915 11977 6936 11931 3516 19198 9963 19764 14818 15673 16434 10591 19169 1140 18220 15502 19000 3760 341 5187 13851 4817 8485 4668
2082 14373 4386 9369 3866 16338 7871 6305 19695 15320 10469 16284 10196 2383 7851 1282 13386 13105 18111 12697 15811 12081 992 12238 16895 19674
9836 14878 13348 1735 15377 16777 11789 11890 16800 14890 2601 1344 7599 4381 13417 7408 14366 11717 12217 2095 16056 18034 4442 2939 4061 16009
11876 1312 11041 6302 1536 16825 15842 9337 14446 4449 13122 8690 13630 17477 8580 4281 8262 4638 219 13160 5015 979 17186 6459 1405 10419
17964 6703 14437 16784 7008 16949 1090 18521 312 19627 6079 6557 978 13230 6820 3147 8829 1404 11911 537 8543 18813 16461 12564 18822 8784
18947 4919 3728 17447 5089 14644 11471 13771 16637 3104 4380 13055 17057 11433 18074 12555 11592 3640 1514 11650 8694 16526 13480 8055 13581 4511
12448 12737 15971 11194 11301 13520 9382 14741 19036 13593 6770 8130 7518 13659 19537 7573 8550 3779 3498 16687 874 7111 1979 2602 7509 9734
15862 19848 1752 13525 14501 5572 11360 2261 2703 9123 16637 3155 10331 3361 6402 4034 13607 14446 19125 2084 504 13145 16228 10363 16992 2635
7846 3478 3511 15795 10209 1756 2391 17082 11730 4281 9932 644 10059 14150 322 2798 8622 5869 13911 11511 12924 6040 3680 18270 2476 19091
3725 10868 11134 18469 1009 7143 423 11910 1035 4931 7107 15248 16229 18834 15683 11186 11099 11978 17732 1703 16538 3156 931 18530 2646 4499
6595 7017 8092 4943 12592 1855 3547 19268 14443 17242 10581 11498 16901 8442 1810 19830 14135 9463 12842 15636 1474 1036 716 13503 18465 4889
19964 11807 2491 13221 14193 18316 10291 19561 7166 14659 18378 18717 14920 13875 18376 677 10496 8088 15159 12228 17565 4650 9906 7185 10845 13065
15725 15253 1543 13665 4496 12386 14674 13625 9273 18862 324 3923 3247 12123 4638 1943 11114 14611 4833 17363 16792 5649 12061 14066 16586 10123
11515 2225 4129 4259 2414 9352 5448 14708 4295 13234 12708 10258 2676 11592 1008 8759 6753 6819 15329 662 19995 8661 2080 6865 18199 2480
14486 9014 2218 8382 18379 12696 17875 14561 19024 2494 6444 2403 700 1008 2734 16329 10925 16323 2252 16506 18246 16148 16051 19115 11474 9983
17848 8964 15819 19036 9438 15274 5793 12107 8838 13048 1568 16273 18331 15080 13713 16741 19815 2794 15707 328 5208 16839 7043 19379 11105 13701
6432 6995 11211 8034 3766 15577 9703 13396 12304 1348 19497 12622 358 10880 10846 3238 8597 8609 18993 19998 14880 15375 7860 10916 10834 13031
3871 963 18580 6726 16524 777 17470 4748 14319 14123 17262 17649 16954 11133 13859 13746 10669 5186 651 12666 19503 18778 16035 4409 7837 9223
18065 1657 19344 18146 2997 6798 2849 5012 10336 15423 4362 12377 4742 2883 8515 17331 6132 15920 15240 10398 2904 1666 7856 10664 19580 17976
1907 7118 11465 11359 2098 827 8720 7727 7862 11889 10420 2562 13455 6570 2482 1929 447 16229 18074 1448 14800 8358 5988 11255 18192 8409
396 7296 13977 12358 12437 11045 11442 14716 1451 7248 4926 9746 12091 5965 776 19669 4138 2548 5317 15426 17290 12362 7103 8319 11068 8967
4602 8904 13149 17221 17081 1829 8557 19840 6216 12448 1626 19814 6483 4050 18327 19074 13157 3423 5569 4704 19227 8540 15547 16100 5119 12763
13984 3269 9283 1817 434 1176 14484 3882 17243 4045 300 12239 9204 11280 15569 530 10674 11565 18221 14573 12595 3090 2917 965 19643 6230
19981 13210 4199 4658 6193 721 3148 15218 2548 2705 16144 19595 7123 112 3498 10909 11429 15743 3591 9283 10691 18004 11314 8633 16938 1631
1809 19568 15402 3068 8090 19166 19184 2009 6577 8179 6159 16212 19346 18333 11949 19895 4328 10856 18089 2795 5367 18092 305 3372 1029 16653
10313 2448 195 18788 8163 16542 11328 19801 8764 2717 6336 5073 1173 4888 13390 3631 19901 9108 9395 9819 8175 8299 2657 18429 3148 2346
7587 5021 13839 16317 15201 13877 19314 8450 2775 18202 14641 7581 9061 10231 19015 18515 13615 16192 18088 15980 14875 10084 10047 9501 3910 19126
5829 18965 12277 3327 19067 92 10399 8529 19175 17076 123 6911 18415 9836 16520 3264 10805 19897 4523 10586 9269 8681 13394 6984 543 12021
14210 5284 17473 14222 150 14354 15522 10982 3536 12824 18889 15507 14868 4142 4332 17534 14190 8301 11438 14514 4382 8592 6525 16322 15739 2138
13442 18626 12125 17075 16974 2677 19033 2014 18109 86 17259 3419 14378 12293 9525 10130 15246 1695 14704 12473 5717 11046 11275 1313 1079 1324
13204 13379 17875 7958 2667 10086 3760 8538 17514 12717 1561 484 5616 16911 18419 1659 16553 16817 13036 4755 19977 5414 479 15828 4841 4464
10455 18837 17507 11705 11492 4884 16642 15803 18890 3295 13561 695 15824 3886 16033 18152 12913 788 1881 3571 6899 18179 11024 12952 16293 5771
844 4390 17318 16412 14317 7533 5238 706 10693 304 11594 13911 6116 16936 10156 11196 1536 19773 7415 12673 15675 14425 9082 5393 5725 5910
6915 2705 10678 7622 17281 7518 11461 9839 12093 15086 15594 9532 17533 5231 13314 6474 9539 18186 18254 8044 7485 5784 585 17495 19289 19364
2755 440 16882 19087 5799 13629 16960 13874 14673 17983 17387 3317 10544 16751 13507 13654 13370 19568 19083 4597 631 417 10898 18374 8462 10247
10578 9170 6143 8207 2887 7437 12473 16002 5604 19978 12035 11835 17186 15201 17228 19495 978 18448 18305 12642 16921 8975 1697 5715 7260 7291
8803 569 11569 14881 14288 11314 14453 2830 3660 15775 12611 10560 2916 18911 19865 3335 2009 16961 17706 3746 13533 12433 3009 10475 14229 18383
14892 3127 18110 7811 3505 1315 2180 4694 5766 10417 9257 16823 2824 1710 5492 9803 6715 7264 7089 19450 6300 8722 2577 12948 17211 2685
7510 9851 17202 14073 6288 6643 12847 15822 1617 13407 13127 9528 14080 6622 15381 830 4822 12108 16588 4580 14779 14498 18732 12085 19412 4351
9950 3423 7989 10057 13927 13533 9671 7535 13342 9407 3779 15184 6873 1319 11975 5738 12064 1243 475 15678 18063 16004 15421 11237 449 15257
11377 18699 13153 2594 8506 6716 7168 7793 183 15725 8516 9022 5173 12756 13807 6019 18247 3621 17316 11014 17962 2645 13485 12251 9434 18785
4648 2346 6459 11990 5359 17582 3844 12688 7678 9580 12807 15181 10105 6263 7029 759 10511 13647 7224 15430 12869 8190 2182 19470 14139 1060
14986 6500 6513 1419 2812 395 1522 14540 8009 260 912 12766 7572 3167 2896 11696 10789 9779 12147 598 12363 16005 12849 8861 18661 16893
16442 17469 13050 6473 3153 11294 11226 8555 5718 19697 14084 124 14289 2894 11750 12728 955 4092 11802 9075 17592 14350 6955 9260 19634 4586
8795 6555 15768 13668 4113 13850 4135 56 7778 8249 8499 4727 17730 5435 15775 16864 9788 15384 4002 15642 18474 3193 19968 11195 16702 8455
14766 19533 5935 12887 11 10432 19716 8608 16073 1112 2963 11510 1672 13158 18107 16370 6905 14286 14510 6018 16910 13685 8443 7172 5117 17146
1767 7665 10091 16250 1817 3298 12100 10628 8662 12772 13802 5629 4225 16229 4079 1572 15826 18675 1875 19075 17185 18068 10491 10842 2205 672
10584 11690 11821 16447 9575 18384 19949 10038 13125 14165 17174 4846 5853 5795 1271 18641 15565 13335 5843 15925 12454 15121 8804 5814 18352 19757
19788 2375 3481 12697 11868 12838 14756 5794 10753 13454 12274 2874 7513 16956 16908 14145 5122 7343 19355 18159 19216 14141 16290 5916 4875 11358
9543 14774 7910 17673 1415 4207 14711 120 4823 9915 6379 7065 19313 17573 16510 2862 19892 3109 10979 17353 12022 12906 17341 18188 19837 19844
393 1714 18786 11791 6305 10074 388 1429 7852 18505 2623 9427 12928 12789 18975 4366 4382 18718 16426 17647 11347 14639 6954 9371 19494 14232
1946 13755 2424 3565 1051 19919 692 17882 916 4583 8675 12846 1617 17956 18042 779 5824 15936 6279 7863 5610 2987 6248 7196 18929 1323
7154 10697 18428 19887 2074 19649 15742 9795 6935 19287 6141 8849 4605 468 1775 2435 3848 1006 5649 1962 17637 5278 19691 1928 17807 6717
8458 16571 80 13733 1649 15135 4371 15085 6762 8609 14619 2805 8598 19088 8987 3407 10675 10316 15082 733 14551 8938 120 6187 18734 8576
5705 10404 3520 11884 15342 8844 16376 18617 882 5883 3494 4775 387 19550 1130 3716 1548 10921 18211 17679 18049 13656 9255 1455 11025 943
2591 278 10931 6954 8923 14860 2540 15629 2490 10320 4549 17267 18024 6352 12652 7786 17354 5989 9136 18420 16419 12310 5868 12326 2505 13797
12803 18530 19738 14243 19300 16238 3259 4604 5629 11224 3566 4218 19237 4613 9422 8062 169 18192 9364 10244 4041 10759 13110 8111 16798 18676
12987 31 16599 2256 2693 6783 17948 15343 16789 1771 16914 9106 11823 2865 15084 11715 14228 15685 18314 11828 3710 14898 15075 11254 18245 19396
15277 4045 14577 5639 7893 17231 10528 2505 18962 9285 18618 1876 13380 11442 5091 11313 2863 3854 17075 2680 10788 19231 18301 11245 11031 6641
8245 5250 4736 13340 4979 2220 12466 6823 12801 10404 3271 14876 3623 2661 3287 7263 12016 5382 17830 18904 4105 2473 8850 9801 6742 16073
18515 2757 8504 13654 5177 1825 3777 12192 13514 7604 15138 18826 18753 19065 4467 7095 1973 6593 12623 16809 18767 11535 5747 11889 17462 17786
18484 15220 6829 19009 6017 12003 11364 6180 15330 11269 12549 16303 7375 17375 1145 8399 6441 12538 7571 7945 15401 1386 5295 13709 3582 4939
14775 9331 15769 14729 19636 4481 5016 15526 15259 12649 13407 6545 18697 5135 4203 6284 3020 12182 6966 4083 4722 16708 2199 17321 16590 4172
17990 14365 1328 859 856 14954 13003 19046 1040 11527 7130 6555 4338 8163 16273 8654 5327 15163 7689 10803 14146 7052 9480 2698 6435 11792
1956 2811 17615 15671 7279 18757 15323 12606 18973 5970 1820 4134 8012 4674 2683 7018 19285 5024 19596 17368 1778 5985 12318 16663 19478 11506
11205 11558 12923 7073 19606 9886 3948 5142 18749 10088 9158 16530 8153 8601 9980 4635 8861 18215 15368 13124 7235 17945 2386 3784 6717 3414
4036 13831 5052 14449 1843 5070 2302 11226 3739 4194 9130 18630 18938 6655 7458 6680 17528 3813 11422 11487 5889 11513 6778 1678 17384 13390
19933 3225 1251 10558 16073 4477 5084 9892 10338 11871 18175 17367 2014 15125 14702 15939 11698 13469 1757 10758 14240 7209 13560 17078 16503 8256
5635 17091 1192 17529 19012 15781 790 18935 7816 19470 19682 616 12179 9760 2047 2597 15899 9302 15485 15440 6739 7702 10245 13738 10174 8372
10328 9279 110 8862 9504 3102 5631 19977 2648 15524 18417 14964 1113 13893 6043 15623 4758 16274 4922 14379 2838 17179 12760 7065 18931 16839
12350 16068 9964 8888 6192 16507 17801 2853 1192 8326 2231 9433 3042 16161 11684 3171 8140 6904 14201 7230 10376 6883 520 10335 15731 10970
16044 12214 2133 16176 8102 860 18932 6232 12291 9204 9692 5265 11418 8540 17862 17163 17916 11406 3189 9832 7178 6955 11006 6700 8134 14766
17554 3562 3085 19509 3429 14628 10690 15121 1561 6944 17363 7021 18712 6007 1035 17462 10512 8123 11597 14809 13327 964 7215 12659 12330 3994
6634 17286 18894 15381 199 11737 1523 18909 16451 6481 16572 19336 17154 16090 1013 17034 18724 13267 2087 18811 1218 6448 17976 16985 17773 8915
15553 3081 12849 7008 14935 10942 13659 7149 5240 19733 16332 10145 19086 2090 17454 7883 4059 9776 6652 14900 19693 17243 9991 13142 5762 10803
3425 4429 17340 15293 13686 10063 7986 662 15324 10896 19257 277 18680 18801 9469 14657 9772 5310 1809 363 6398 14072 16801 4979 19047 19534
9274 2573 328 18586 1188 5959 16591 1405 9595 3176 9145 18457 6528 13471 9806 14421 1921 3166 13938 608 2746 8668 15818 1098 13196 2519
11195 15684 6672 5661 8492 6571 5446 8659 16253 4778 10083 8912 5134 17746 12783 17113 558 5512 7961 12556 9537 5711 11326 6539 7525 3157
14877 3857 9809 11551 13971 763 7190 9310 211 13554 4160 8449 17801 14403 13509 14460 7402 18312 6138 15461 9749 15741 15224 390 7444 8362
7311 6103 4619 15286 5534 13279 4654 9583 5011 12405 15927 9962 17525 5362 4575 5468 14123 11525 10766 2500 5242 18430 11286 9693 19794 9583
10490 4543 16575 6734 18101 3187 3707 12119 5944 2371 19186 3822 13959 6749 3229 6402 1215 5219 12370 8017 16712 2262 18300 16138 9012 15640
4753 1375 12834 12863 2089 5607 13943 6487 14497 15732 3263 3003 9655 6991 2833 19715 5552 12300 5616 18673 18785 1847 12610 8261 376 15980
2617 4645 12241 19826 17849 19170 19866 14903 4178 1733 3659 15138 5748 19254 13060 11900 15018 4391 14127 16347 10729 12822 18554 17888 8283 10866
9620 7242 15735 14118 9917 12673 6379 17918 8580 11255 17020 16832 14591 15644 8594 1177 2425 18510 7688 8085 6759 13459 2570 636 11929 8992
12007 9995 14523 16181 8249 11166 13148 10021 3394 4603 1715 6952 7427 8796 11476 3335 14867 12847 10699 220 1329 529 15247 5691 12136 4995
2567 9895 12719 5325 9121 8480 11797 2822 19957 10794 17319 6712 16034 5679 13966 3402 11259 3645 8050 2173 12137 2064 3456 4253 19625 6368
553 10398 15125 11641 4378 18555 18807 13052 8246 16469 13002 15892 2753 9824 5454 12678 6402 14269 1883 9030 8953 3809 11983 19119 18957 18758
17172 11087 10516 9743 17038 1263 9052 5091 7149 15180 19901 9578 6825 14041 14743 15274 3977 8907 430 6974 2492 5362 4106 1294 3835 4950
11408 2082 14251 19050 9679 4833 4003 11789 15924 7678 11917 12954 13423 1553 1264 13943 14494 16023 19183 14737 19452 640 9435 12003 1325 1452
6181 373 1449 10682 6506 4711 9197 1891 6147 2985 8336 14612 10133 15993 11468 19457 13330 13717 13170 12619 9203 13567 554 19198 8713 15190
6199 14241 15082 12160 17843 13109 411 14535 17235 13139 7038 16437 10554 19605 16475 3077 11895 8055 16223 19927 16773 8319 645 261 2970 18101
16825 17593 10036 3823 2350 15852 14118 11288 7005 19163 2212 3829 4451 2389 14126 3093 4993 11073 8602 746 12351 6497 7549 5635 11712 4562
10906 10107 14016 12217 12571 3492 8455 15727 6249 16629 16423 12292 9785 8153 3739 9821 18998 3612 17286 13600 7083 7405 15173 8928 15728 6221
6808 19351 1750 16257 8138 513 5421 11955 9313 8292 1801 4288 19031 14663 9294 18045 5038 5968 5470 105 4438 2227 4656 2608 125 19730
3217 13059 10410 11386 16482 13063 4742 12970 15811 7007 15723 2914 7412 7360 12994 6901 15946 15779 8175 19112 13302 12974 4706 10547 1874 2139
2664 3734 17026 14870 1665 16848 12843 19713 100 17182 2761 3198 17745 19234 3168 10893 1442 18913 1346 15396 12590 9329 8326 2696 9528 7416
16804 15625 5420 14974 14725 7841 3918 4611 8918 12027 7402 16417 3477 8508 12754 8428 14575 13673 18201 6966 7147 1221 7477 19215 247 7450
18477 11173 711 8175 16571 783 1771 6208 16902 7297 15456 6842 4010 14641 9852 6893 19743 18846 9508 1584 14940 7811 7399 405 14660 10949
16901 7138 18836 10584 2735 418 13098 2773 12747 3232 9793 5429 616 15164 18288 18013 18847 19548 13259 18242 6543 5126 18482 12711 9058 1182
15099 2361 6752 11154 17522 18123 11596 8422 9421 4507 12544 13738 16506 13667 2606 10472 13798 15380 9202 14832 7967 14948 704 16320 10110 15701
14549 11580 8685 10682 7192 18419 679 3745 8473 8510 18613 13469 13909 16060 18417 4137 2977 6755 15839 11841 15479 11367 19987 19760 19277 11520
9332 19551 1218 2761 5009 18344 13819 8136 2263 1447 6182 18642 10421 10953 6353 13437 228 10113 18313 7749 16126 5204 11510 5778 7793 8109
13957 4830 5563 8861 2359 14098 10647 3820 50 1106 15069 13310 9771 8395 13629 294 18423 12811 5551 7501 18758 13195 1358 153 14469 11231
13786 14332 16481 10576 19880 11518 13511 3527 8110 1386 4602 7356 14448 12401 17434 7496 9562 11429 3181 259 701 16581 16642 3718 15541 6113
18057 11096 17221 1128 5718 19258 18357 3124 11562 5122 8962 19891 11800 16109 12560 14922 16706 1089 15512 9093 18402 834 6122 18966 4557 3500
10882 9787 13757 18079 13573 7867 19947 19189 6959 10146 4308 4617 19953 14978 3364 8757 13390 1990 12965 10382 2137 61 1835 3824 2430 6013
1934 17065 17930 12938 4964 7115 17707 8007 14820 16155 4052 5168 9695 6066 2539 5787 6090 3650 356 15955 15112 18278 10866 12163 15471 7541
3140 16192 949 7304 19300 16765 2821 9671 8838 12779 9138 8354 9972 19009 14712 19668 17304 5850 3872 18420 13090 5236 15211 13939 10588 13378
13220 8467 12433 5583 225 8343 11710 10667 15724 2523 19211 7420 4070 6217 8497 4601 1787 2744 17961 19268 11035 1209 17531 16324 8495 8666
14466 14909 4892 12643 11485 5244 2182 753 10288 7989 9521 18420 934 10977 8655 17910 17629 8458 8571 18631 11723 15078 15230 19174 58 9228
4025 6019 15063 10249 14927 19964 17646 13363 16325 19243 5357 7742 18774 12926 14060 9548 13856 3338 3412 2468 3549 9929 114 17610 8466 15523
9762 4963 2063 16635 19506 15666 8167 8894 1184 11053 19585 15211 9199 11982 18078 6471 5022 1740 14227 18972 816 14708 14170 10963 15093 13692
1099 16761 17475 12581 19825 14951 10038 8891 6838 6918 10350 10303 15364 10594 5267 3673 3897 11356 1566 17107 15731 12118 19458 10876 11784 19018
1563 11426 5255 16960 7658 9938 11731 12428 14778 13153 11213 2871 11173 10174 3363 4808 18850 731 1100 16974 2285 7500 8680 18926 14307 16385
14581 5360 12261 10129 18027 14715 15945 17740 5242 1789 12467 15607 17558 17782 12820 1770 4048 2179 8564 18368 6596 18300 17322 2408 1275 14832
19545 15789 16462 3474 18651 2290 13452 16785 8667 83 14214 10270 4009 667 12548 14867 11153 4197 5737 15405 5743 16652 7013 13852 2412 5875
15100 11649 18297 10425 12773 2166 5491 3975 12972 16960 1306 12747 15692 7521 10582 13279 12193 3936 12160 11470 19281 8903 4715 13009 15588 5059
295 15205 15752 6845 10212 9698 3421 7087 2468 12951 1484 18763 17194 12649 380 18340 13804 12933 473 13015 5279 16530 19869 19820 1376 3738
18319 9381 13797 14517 74 17318 11029 16678 15859 16818 14828 3594 7854 881 1355 7598 17343 18491 892 8223 10488 18172 5603 15959 9492 6673
18938 3941 9813 14347 1056 15764 5310 15871 16794 19089 10474 9863 18170 6966 2998 10026 572 15584 6276 19681 18772 10284 7043 17560 3038 10033
5823 18996 11526 7881 12796 14743 14615 17407 488 7893 13947 19816 19162 8599 9888 17340 16559 16913 12338 15874 13663 8735 1532 8650 16707 5841
5805 16259 15929 5977 10167 22 1178 12786 7369 1890 6028 10453 17848 10851 2219 17258 19410 12060 2333 10969 1152 9878 15824 7202 7798 8346
1744 12931 10851 15561 9047 4011 15421 13878 13009 3598 9907 3992 11256 16813 6579 1115 2167 6009 11020 2378 2106 12917 6610 6015 5777 17134
9825 16781 10641 8830 5892 14016 5335 907 16581 14965 4725 4455 10299 14660 8242 18664 3861 948 16571 2155 13558 18821 13921 4845 13521 8412
371 8072 5423 7948 6313 19746 1815 11129 634 11019 13565 7949 17895 4034 3858 15706 2640 16059 6353 8898 12626 19680 17956 7666 19383 11612
7602 7018 14858 1458 1435 10933 3845 2187 5676 3304 9875 8578 2562 1880 3834 12771 16081 4385 16809 10982 6516 7637 12830 15985 272 5629
17086 17394 13478 11323 17325 18255 8153 15174 1092 8654 8311 134 2292 4377 12193 15035 944 11914 19755 5204 18674 10376 2350 1356 15247 11511
9916 9907 1673 10212 12805 1335 2512 7079 11352 7812 18543 3129 3514 1917 17367 463 368 18775 7187 7588 5951 19859 13408 6532 5829 5410
12672 3826 18283 14427 18916 3666 3641 18076 19732 4871 8707 18648 14784 18340 14681 19741 11355 14479 8742 3959 9697 7322 15065 18008 10433 18963
2381 12321 55 15563 3672 18039 1040 10417 884 1855 8067 8113 1394 17130 13043 17228 10025 4444 3139 17081 9101 9862 19697 3153 7016 482
4280 3484 7469 12918 2790 11797 9178 7986 3846 4013 5851 14339 1663 14940 858 9778 16881 15999 15675 5415 12267 9 17612 3009 18130 9071
9272 14606 9639 13345 9328 2735 3427 2693 6608 10642 5900 17687 16464 14190 15866 912 645 18008 4004 16665 2578 8107 10898 17258 10178 17542
9045 3851 7796 17601 1130 15747 5023 19975 7152 13828 17179 11605 11693 4669 3428 17292 9394 1621 6478 5414 10305 11585 16045 4717 4696 473
15466 13269 1607 7929 14984 3319 17840 17904 12173 2504 16207 9468 7561 1482 2958 4996 14851 10702 3334 16939 4803 4058 4295 11983 11712 17006
13265 8029 19492 19129 4154 10547 7177 7131 5112 12879 2903 14143 17207 12683 10945 11995 19938 12767 12929 6154 17602 16683 18975 17212 4258 9035
1228 1230 16231 3516 13995 13879 5712 13989 6178 7324 17773 13861 6837 9143 14847 1143 488 16238 11843 3016 2439 8765 18150 7661 3636 9926
14192 11317 9707 16240 13821 17763 14193 1837 4665 6566 754 8863 5161 14591 6413 5088 9570 2040 7459 7442 176 18562 4509 6867 15647 9676
12991 18908 11829 666 10005 1027 5236 579 8042 1957 7788 19690 19120 4853 674 11138 9359 17898 4414 4949 17965 5960 12215 16287 3188 10146
15750 16869 2936 856 15599 11962 8985 6853 6511 19792 8447 18187 3134 10242 7946 6082 2055 5131 1874 17729 16629 958 16194 10203 2088 4286
18021 18358 13325 8784 13445 9907 9361 4164 1104 18674 6130 15608 18859 12531 16115 17037 1361 15473 11059 19945 42 2689 530 12506 12122 694
4167 11906 1167 14741 19353 12299 7734 18039 3720 142 18681 5640 16132 14447 17324 13644 9123 4543 4061 7505 14275 7558 13807 6917 10147 17503
1714 3574 14789 9057 5249 4275 9148 13063 10344 14042 10808 9107 12653 10511 1531 14640 5280 18849 2190 12193 11763 1564 18794 19691 2030 14152
17851 19931 13250 2384 4485 5881 13043 10751 16269 6623 2726 15048 19925 3798 11592 14344 290 4142 923 595 5484 7066 8750 3006 11728 5071
10867 12174 13223 9941 3907 1219 4478 7550 19919 2521 10321 3228 9981 14185 19797 1262 13341 4047 18607 7097 10172 2236 16978 19487 17426 4096
4919 17971 13251 16630 5151 3521 8554 1118 13487 11140 16414 16141 12750 6967 12070 14714 19534 4440 11183 9923 3000 15977 12916 7140 11488 13900
11089 12841 4557 9325 12158 7904 8705 14509 15503 4033 12262 6452 12291 9714 16559 16533 3055 14477 12912 14989 8172 9326 19810 19207 1266 6023
3267 10842 12694 15277 6873 16518 9275 13737 2036 13242 17262 16342 10596 6276 12841 909 5659 18792 17256 11245 2980 15814 12375 14630 19007 14788
14002 5345 18328 9398 3981 9436 10760 4656 15391 9494 4246 16340 7372 17216 10103 17439 13743 7188 15623 12803 11021 1388 19658 17777 10602 10424
12378 7701 726 11399 14810 17208 1110 5146 9484 13905 8938 18811 1651 4116 7187 15417 8147 18255 1498 579 19998 14328 5871 2854 13433 3005
230 16387 12325 3953 9401 12224 4174 17231 17839 794 15402 11968 3562 3007 17683 9193 18841 3121 16083 5737 11354 5400 1175 6590 8649 16585
5553 15685 7935 447 3424 498 3669 3814 11592 7402 9345 4270 11020 3575 12360 8074 12292 7126 16073 15526 6533 5746 19564 17012 9373 8909
5804 10226 17889 19901 15224 16899 17847 15496 6013 19937 8833 13629 13567 14519 19440 4798 94 7125 11917 17812 15051 12229 11359 18718 5149 9484
18118 19461 13875 14495 6349 13380 18668 7848 17368 3522 9181 8330 19843 13686 150 4478 15717 4568 1373 19805 1206 1268 7819 10298 1355 5286
12962 11914 19804 3424 15873 9449 11444 10076 11162 13880 19488 1061 8867 1516 6641 9698 19057 19516 18081 848 16536 4724 8637 823 6291 3453
11798 3150 12148 12360 18257 1174 9267 10944 14141 6672 17551 14649 18911 14895 19453 19518 3697 6194 18159 19665 15070 16987 15876 19450 4816 18683
12127 10519 10625 3282 16988 1177 9322 6640 17262 11164 12561 19687 18465 1284 3509 10819 3271 8449 12456 12182 4483 1431 3482 19357 17096 19186
12603 7936 13252 8763 14094 7845 12952 3415 6554 5626 5104 14945 17192 14603 7693 14373 19565 15365 12341 16539 16210 9200 13972 2464 729 11285
10823 5936 10452 18970 18731 19113 14047 2025 10298 6639 5969 13456 11476 8380 18240 19556 8432 2604 18493 14964 2199 5803 12294 6033 2242 11068
15256 15833 10776 14412 284 12674 5182 16588 17721 18866 19950 3314 9122 18142 10085 17445 1037 824 3379 17749 7501 2033 19008 16624 1683 3550
10694 6346 19629 9349 19220 10788 15058 18146 8376 1389 4751 731 18787 4705 11553 16110 13228 19759 2765 7418 7600 13874 16707 19369 11737 3162
13301 17306 17863 8206 18812 5682 13157 11794 10910 775 11902 10864 6282 7098 12270 18189 2838 19790 19195 6645 11646 8635 8287 6513 17603 14038
137 6437 1813 10642 4747 5198 12150 8411 1717 19162 16154 18174 3982 5848 16985 10950 19141 15509 12933 19200 8586 9919 9449 17058 7568 17703
8068 11712 5975 19132 7740 2527 18290 6566 16441 16571 8109 16178 4983 13590 16040 1473 2104 18216 3104 401 19698 9105 10204 8222 17952 1171
2672 3948 14517 10640 4626 5144 1538 13716 6338 7853 4657 2549 8891 1927 15757 126 9044 9999 6941 15727 7415 12842 13640 13552 5608 2830
8000 1942 19549 2091 17975 7578 16395 16917 11309 15604 17836 19597 3056 15173 1587 3385 13311 13241 9443 1423 15942 18174 18118 2643 11674 1164
1887 9447 11676 8919 1523 8425 8105 17960 11260 2823 12078 10310 14703 15020 12573 19857 9219 16346 13526 4394 13356 5062 4818 3513 18976 9865
307 11527 8152 1351 16030 15941 6684 13013 5661 3214 7352 6697 2214 4327 1915 19154 9197 16658 16231 2713 14492 10186 8261 9126 18281 1097
3449 12317 1085 11994 9213 11393 7532 2500 15766 18270 8965 18792 6864 2402 419 14009 5082 15826 11676 9213 12766 3743 10895 16933 962 5818
13099 13857 12536 388 9262 1504 3034 12897 13337 15143 19777 8543 1765 6361 14968 15494 17209 1311 9847 3867 482 14627 1779 12924 14401 1248
8686 6445 15870 910 3757 13921 12764 18688 325 19824 11778 9093 15853 16501 4801 13144 13455 14916 5391 4995 4682 15816 77 7826 5842 8832
11150 18063 5762 18662 8749 2757 10674 1691 8578 1288 259 3665 8120 9371 15330 14289 3340 19778 1733 13376 10622 16190 13190 5938 6878 3730
5831 6764 6299 13646 18395 2030 18896 11915 12199 7654 16310 5207 17387 14562 4643 5014 5027 2699 19504 1472 6955 8366 14560 14732 12346 3761
8973 3716 16617 13132 18675 5212 11334 8453 8816 9971 11840 17897 19294 17827 3320 1241 2282 17835 13637 8792 2469 18704 3915 14566 16325 15480
11598 14992 13373 6347 998 13591 2155 11792 15581 19439 2856 13094 3553 14882 13435 512 17068 17642 15673 15651 8472 18140 16343 16401 4108 1665
10139 4313 19023 17595 7245 14565 6312 2650 5971 5313 15013 19653 8982 19933 17095 12196 12348 19635 6684 15865 9709 3624 6147 11452 14816 238
1615 3195 5030 351 18708 12465 4183 12507 17843 4215 5843 12359 11381 10740 4962 9435 1712 12005 15300 1672 11283 12283 5995 18219 18967 15969
12533 1322 12421 3155 7288 12564 18506 9357 8455 11046 18074 16952 1431 13637 948 15660 8871 12184 18593 15617 3226 7948 1805 15371 6536 11268
15470 14852 8475 1643 15103 4544 12765 11091 3818 17613 6185 8675 15983 15330 15205 16091 9497 5637 1568 337 16773 14580 14945 19876 11864 1791
12512 18750 12082 18112 13247 4805 16166 16348 12567 7857 7379 19260 5914 18104 164 5264 19433 1202 5829 13458 3769 2804 16102 5939 3868 12667
3782 2090 17892 11063 13510 1603 12536 17904 3934 788 16155 5526 2725 17942 17271 17433 12622 3330 1218 7926 14096 12457 17581 10386 8579 9132
13990 4794 16562 14807 19648 14630 2657 2591 690 14149 12831 17233 6424 6134 1013 17322 13862 8694 7001 5441 5677 16888 7530 2506 13895 2650
14597 3469 11864 16636 969 10558 465 12291 7980 6156 10284 9478 233 16319 13679 15578 7998 5610 487 19704 3642 14066 4285 2522 13147 18710
10618 17146 8651 1225 17631 429 14851 13119 1934 16153 8026 7183 12174 9607 17110 6605 5133 2201 1513 5352 12217 12372 6232 916 6607 9795
9866 4073 11901 18672 1779 2937 3925 4920 4099 14230 15698 13177 946 16286 11378 3371 1601 2830 18332 1367 5335 17694 2621 14582 19907 2400
14283 16016 15961 4491 9931 3617 10639 18283 13427 13775 7404 3027 14080 18708 1742 8846 5741 8334 11833 12641 17884 17358 11684 14213 5422 18506
9436 11252 7187 16193 5589 13107 17556 5630 10462 17801 17396 3709 17330 16698 3276 6303 13879 13692 4779 6211 16424 11437 18291 9340 2199 2083
4102 1959 4946 8039 3643 13171 9014 19305 1465 15160 18447 12193 4898 19638 13578 18197 13709 4238 11305 4522 9207 15542 7256 18242 12286 9035
11764 458 13250 18785 7375 8236 16854 12789 1824 322 1024 596 6069 18410 19276 5650 3780 1967 10998 15795 16378 13389 6045 8015 18731 6792
9736 16359 13563 16839 8157 1816 577 12074 7880 6724 11943 9612 16093 9581 14830 8604 5733 17696 9298 5560 19482 12051 19461 1256 13092 19115
19157 18640 2238 12318 7405 13766 7315 885 11826 2370 11364 12204 11430 10427 18789 16760 19820 2641 18969 9104 839 11303 6783 1936 18115 18179
8265 13681 433 9575 5946 12283 9868 10325 9012 4783 9258 17014 17994 17406 7161 11223 6593 11119 12242 9401 13914 13808 5816 7581 15045 10412
18321 2002 4528 4953 17985 8785 1717 11736 15853 6877 16265 10238 17382 19995 18498 17564 13534 2790 1350 17137 17134 16799 19781 4997 8499 10115
19695 16319 11872 15477 13712 10732 13400 2436 12581 1805 483 12570 2975 7932 8436 4468 8153 15988 2341 2233 19711 19185 3065 12497 13040 31
3255 5858 18325 15148 17744 8767 4375 15921 19871 19819 12473 14724 7609 2064 5168 18137 9586 3446 4538 6218 4435 14248 5914 19776 11437 18061
11160 18433 11045 12202 14953 15684 11120 7491 6393 19714 17632 9648 2303 11555 15754 14232 17251 2018 15164 3157 15353 9684 14366 8688 17068 7658
970 7570 2634 14736 9848 12419 3750 9611 2747 16203 3407 14663 3787 114 1965 17241 4165 16566 16677 10211 14996 2576 2233 973 873 16883
8323 6431 18719 5481 7425 7310 2930 18485 6022 16973 18008 11580 852 11669 16243 11812 15676 1438 2702 13797 19009 6753 14542 15167 1563 18664
5115 364 8916 10636 5152 349 13240 19523 19422 16011 285 14288 18747 2640 11506 14676 18065 11698 5324 18429 15434 4929 12870 18221 10400 10049
12607 6519 4155 14898 3954 15000 3696 4937 7235 8987 15620 16954 789 17294 12028 7776 3070 15026 14061 9983 10547 13329 10205 1508 5022 11932
4306 16188 10050 8334 4674 9469 18176 7889 18632 2356 12833 13007 13711 13801 9415 11210 14270 11074 11693 19615 8179 7673 10114 16156 14604 3818
6949 12265 7396 10983 14101 3101 13133 2840 11147 12444 1278 2968 19859 12506 18422 7850 8389 10416 13006 10171 7667 14323 17090 18026 15271 17313
16798 14062 13628 16583 8747 19195 8298 9275 183 16069 597 15341 15040 10118 19507 14450 7971 10444 3669 8764 17159 19863 14767 10365 13445 3751
7494 15504 6593 7279 5159 11690 7676 12843 485 11571 14770 14418 7186 385 8363 13934 17922 9521 2324 16373 8467 15240 1669 15454 16313 15465
17597 15081 7786 2364 12631 5019 8767 14284 14638 5113 3770 5727 10675 17652 1781 16633 14027 4805 11672 5785 14123 7448 11947 16740 8440 6644
11097 15207 6476 16623 16808 12353 19197 19240 388 2285 4215 5524 14308 15904 5345 1380 10977 14133 9017 3826 6583 17527 10506 17350 10916 14992
10767 12197 10635 11010 18781 8979 1860 12624 17368 15223 6135 2112 1699 13024 14118 11859 17374 7860 2188 6670 18270 11964 1924 18180 1894 12557
3873 16554 17927 19988 2240 7066 15244 1502 416 8675 18449 19900 14853 2282 12221 2973 1949 18171 17960 3876 2874 1318 10972 17148 13993 2550
10419 18648 10029 10491 1115 17236 13151 17402 6996 6686 7015 3426 12788 4131 3655 888 3048 9554 17445 9732 16356 8700 8376 162 12716 1164
13753 10063 9429 12391 3167 5444 4280 8652 4825 7178 3100 7467 2357 13098 1895 8079 18371 3 11091 16148 8005 5238 10618 17394 12819 9788
16902 9759 2772 13236 13905 10685 19148 9344 4480 11488 18936 17560 11981 7169 18702 4986 7822 2379 2152 10918 4088 18698 5051 19919 14560 1277
12055 7072 17837 19359 4566 13559 7287 18341 15522 6003 5827 19571 1187 11510 8465 2770 3388 14522 4484 13600 12213 10448 7547 13666 6794 6039
4886 2821 302 3899 17655 16595 11547 12408 17174 2796 17341 4167 15674 19524 17830 16703 3567 10524 12503 18997 1355 9281 7847 12445 13630 5281
60 1020 16906 12236 4865 14119 310 8641 15948 16088 13453 14182 1386 18930 11870 12286 4103 1475 9292 6796 1050 18886 7709 17257 7411 5879
5042 7420 1053 17595 11981 12744 4981 5956 1103 10287 7227 8057 2268 12254 8180 3430 1022 4672 8333 11312 9297 12619 13155 11066 2483 7343
1899 9923 14702 7814 965 12418 174 19816 674 8842 13349 11216 19100 17203 5388 4760 4711 2363 11018 7027 9780 3681 11059 10179 6311 10919
2499 15959 181 13187 14039 9076 14837 16891 10413 1996 1168 3581 16302 1261 18247 15036 13033 16801 883 866 12762 6822 12507 1440 6100 2746
7130 11562 17453 5792 18674 15760 16973 3930 5081 2255 6124 16365 12258 9209 18201 6719 1339 6285 4464 11326 1490 11000 8426 3097 10492 9101
2060 17348 18600 19707 13467 6207 6321 9343 11069 13967 13867 9423 16649 14807 14979 3111 16105 12314 14373 18028 15782 7271 19950 13911 7491 14636
3163 2947 3703 18124 19827 18428 9631 1693 1150 14983 1921 11936 8564 2442 2913 5464 13584 13909 17054 4977 1002 8691 11177 15753 7023 17854
7573 8536 4674 8281 5952 17312 874 14719 5841 18966 10797 13541 18785 11503 19148 8560 12320 7816 12493 16783 17917 7724 19887 2991 18913 9754
18559 1147 13288 2660 19136 5160 14606 13416 17162 9086 16177 5573 11338 9931 16275 12898 3116 3106 15467 10262 1135 13571 11417 10210 9426 13338
5342 3947 2388 19561 10806 15247 10280 19520 10425 13304 534 9740 17052 4415 5665 12262 9922 19778 11870 3246 12453 6948 3317 17573 1801 19611
5063 8508 16951 991 9707 6201 19088 18214 4163 10562 5537 14659 6246 18552 10277 12649 14063 11268 6744 9299 11375 9263 10924 18631 18930 14455
8449 17692 1407 16354 5691 2477 5900 13085 10708 14499 5905 16622 12953 6203 11322 5229 6543 11470 6859 5655 7026 12065 5782 8658 11784 7092
6725 17005 6004 4729 18308 13295 12691 8641 14254 4783 18364 1280 16065 2159 10321 9831 18525 3705 17672 19285 1357 823 6343 1371 11103 956
19834 5158 9784 9497 14226 12722 9741 16463 6952 16997 2105 211 7582 10337 19937 15491 19084 17756 14249 15321 17095 15169 667 18491 154 9122
5519 286 18258 16878 19903 268 15359 11824 11534 5126 15596 5734 15332 19277 14502 5965 12090 10001 235 4574 2773 8812 3069 1100 3213 8441
12801 15834 9315 12970 2442 17939 10607 6408 16731 16676 17635 5880 17485 4011 15348 4895 3606 5603 18469 10150 14754 9223 15762 4425 18693 9144
9247 3258 15702 12799 15413 10476 2509 11915 1446 11029 2033 16687 5137 10571 1213 8399 7063 15730 15278 16718 11233 6381 6431 17728 12102 13422
6919 8020 543 17670 15412 4496 5903 5333 17279 2790 6270 17310 4073 13795 3098 2802 16892 7302 1236 15593 19401 4921 10805 7082 8800 5902
4242 18577 5465 9855 15317 10625 16787 9512 6497 12049 932 18614 12199 17206 6940 11564 19998 933 15082 13846 10410 1568 16965 12316 18205 4339
19885 10805 10112 15522 11759 3287 8939 2288 551 11840 4477 12892 4544 10947 6398 2740 6455 2823 6750 8930 7207 14301 17229 6889 8574 9567
16199 12815 6228 295 17953 2015 14269 6927 7297 12841 12851 15123 257 2800 4011 4573 1212 12040 9609 6493 12699 18171 15048 316 10698 5549
17937 7765 1830 14121 9093 18627 14114 15218 15048 17066 3648 12515 8521 11678 10096 15453 19191 15324 11986 14795 4398 2541 15197 19680 14080 8191
11822 13998 13460 5861 3646 5939 18771 9255 11714 9474 7813 17280 7531 15957 5000 13887 19389 14354 18076 10682 13325 895 8759 14173 16970 9823
3183 11118 11136 14681 11829 17498 11889 3589 7418 6861 4890 8892 2042 17941 6932 10720 10148 10129 7518 2286 14631 8494 16628 6883 4763 15952
10802 13536 19817 6940 423 9584 5911 17396 1244 4563 16350 10030 8841 4095 16476 8378 2400 5712 14402 18247 19252 6215 7542 13569 10070 16312
8051 2244 12494 19637 16194 630 3455 9216 3306 2676 2273 18661 14917 18729 19378 8802 12798 15846 8739 10431 17212 3071 9674 5396 8075 7777
13930 8969 1875 18181 2770 4348 19561 6904 9777 14351 9750 2550 15600 6090 3620 12979 7795 3372 10289 8171 11567 9738 14950 12421 1844 11085
18990 4360 14537 15959 15183 12698 14816 2654 5990 699 518 12950 1289 7692 11886 3989 10897 4299 6133 2598 7683 18075 9335 13140 5586 11709
18593 4979 3569 7582 18048 8836 14805 10601 6760 16363 10840 10812 5577 4112 16606 5287 7458 7719 12807 4004 2882 13808 14191 15597 3121 16390
2608 12567 7175 13136 8688 16457 16933 7202 7061 10640 1121 9375 3633 1639 10653 14253 13288 4717 16210 19563 16049 15448 7127 10057 9453 8373
12910 11362 12053 11339 5743 148 14272 10894 13797 15255 11265 4308 13137 4220 9476 9075 16817 5100 15304 7646 140 11719 12976 5569 17421 6192
6084 11173 13538 18432 6539 19726 18283 15085 4829 18084 16807 19093 7274 14798 6328 1960 19829 3805 4440 15838 18064 5270 11064 2582 12027 10078
6450 9812 6602 16996 7644 7441 18801 18350 2707 5141 9512 4888 9482 3138 1748 16087 19056 14559 7450 14655 6843 13566 19602 5217 13220 12241
12927 18530 12881 8028 1273 13436 17193 16126 10734 17666 946 753 16213 4690 17844 12294 11248 3316 17137 569 7727 15372 12694 16877 4471 4237
18167 16608 9712 6314 19348 7787 13844 14518 10171 6259 2185 14553 7861 1217 4591 4612 6421 12761 16665 7707 318 14605 2328 2722 1625 16575
4094 7790 17892 14963 17485 13985 8642 17363 19382 2119 13043 19412 12297 6955 11444 3635 1624 16830 5961 1697 1370 11839 2737 7505 11830 7188
16897 15295 19079 13475 5419 9120 17007 2183 334 3985 13256 18641 483 16197 11198 9566 19318 5753 9683 10778 19912 17935 582 5878 8324 2401
7572 8431 2208 17459 858 2371 3753 15595 6288 13405 636 15983 18212 19488 1118 5773 12550 3869 5580 16571 18701 10687 7969 2710 14342 19096
8070 17809 2707 2676 1806 2556 874 5713 19587 2456 6308 13687 7774 1524 12919 18734 4459 3601 15641 15301 2618 9665 740 7256 5459 12627
4656 5617 3830 2176 4673 10850 17451 152 7503 4394 3547 102 11311 14550 12242 18618 17210 11120 2826 1515 6814 4098 1012 1190 4282 2483
518 12129 3430 16071 5382 3077 5770 6422 11087 6376 2202 4511 10947 9527 19364 8820 14859 13347 11698 15348 11068 9764 14281 7474 6656 404
1141 4820 8288 14730 10698 17832 12272 15553 7796 1800 14814 13760 1641 5787 7177 4374 14403 7468 15795 3415 14117 16170 2887 8676 19278 11601
16115 18848 6172 10883 843 269 18534 9645 17398 10837 5498 14932 10212 11966 9273 18180 14301 11620 14470 3220 1051 8252 10605 18659 16744 4306
17641 604 5852 3917 4343 18747 4860 15671 3268 7230 10264 14510 15140 4119 1207 176 16535 16040 10852 8064 15132 10319 5565 5891 5405 3392
4348 5436 5106 2651 5824 10840 5888 14610 2016 687 14658 484 6549 4926 14043 8388 15222 13597 5067 5726 8892 16256 1658 3163 19088 13873
13025 1345 19624 14005 18772 12888 5947 10213 2966 13104 8041 13187 291 1116 13416 6338 3091 9927 1609 14526 2436 3628 14320 12166 12855 9272
12707 7700 13061 663 8018 17881 2821 13635 3890 19012 1876 15969 9676 3638 1269 6045 18907 2008 10499 19397 7969 2622 8989 3980 16718 2611
16368 7787 4431 2121 11052 3918 4020 13695 18174 8134 2115 8589 6909 17991 8528 18671 15430 16237 17658 6880 5476 16922 2100 10332 871 18739
1242 11753 18126 15116 18894 3900 12688 7481 11265 2068 12628 16809 6427 2929 1132 9937 462 15377 19588 10290 18821 10642 15467 6332 19923 12655
7381 10474 460 1741 5322 14189 17489 6035 17833 2643 15187 18629 16421 9669 10104 6098 15428 17163 5413 3901 13141 3821 16926 11341 19865 4745
17937 3453 16370 1250 4633 17597 16303 18040 13173 15113 2780 8046 12565 12475 11576 13068 3051 5597 16586 18053 17284 11340 16703 11915 3474 12820
2995 12852 6839 11807 10731 11001 9404 10788 14354 17556 3717 11636 4642 10144 13818 2719 4753 2236 4154 17172 3540 3696 17006 15385 682 16654
11160 8962 9345 8069 5966 4817 9868 7892 16881 7183 11490 9710 12762 15173 15784 14313 16992 8691 8993 1214 8276 19258 7019 7433 11493 17807
9056 19945 862 7892 10020 13535 15481 19737 8924 3567 13921 11308 9587 8946 12659 10563 14510 15109 6892 3631 15994 16111 9316 4775 135 7755
1774 17769 7143 15649 8355 3726 6010 5378 13298 10290 6111 1644 11859 19416 4841 4299 18188 18087 3385 17385 6322 17438 17772 5487 18986 10330
15628 6447 17884 7225 9069 615 14411 898 8634 4347 2761 16919 15854 1283 12170 5902 1623 5224 7651 9061 17291 8585 4121 17013 18347 16340
8130 1361 9481 18719 4728 10657 6893 13838 15011 4864 6320 2620 13371 412 10996 4998 4338 741 13366 3089 3198 5063 9713 8456 8832 9309
18918 7564 17745 2943 11890 5124 10529 16496 4122 11260 13175 3707 17826 943 18935 2492 9815 4718 5834 13738 4887 5731 4640 834 680 12078
11702 16318 11434 6514 10813 17738 16242 10448 6297 4661 8038 6670 10112 8951 3129 18509 13176 5410 1901 728 3237 8143 1525 4234 2568 13723
18196 13178 5376 17569 3581 16329 5159 8838 18865 4736 3033 8106 6177 6959 18384 7797 9022 11884 5834 500 5628 6956 12017 8210 840 2953
15486 12877 5303 12149 3664 4337 15007 9992 14726 10210 17507 14415 9410 11665 1828 1065 10710 5115 9477 16030 2836 19903 11722 11625 19410 3147
14251 5298 15534 19349 5937 5922 19252 6510 11393 6667 17525 8585 17086 5016 5497 7758 5945 13576 19298 12850 14979 18023 7902 6815 15958 7106
11644 14862 7811 16693 7849 19019 1125 14107 12679 12308 14889 1037 12021 5837 8986 16741 12055 2425 3721 11488 3642 11776 17729 13245 10560 5263
5432 12792 2378 604 13241 10832 9176 6167 2698 1178 8702 12578 10752 6644 386 15893 5870 166 2183 18719 300 9704 10907 2037 5020 1932
8761 7905 17741 9574 2363 4787 9426 5880 3606 11567 14303 7900 17087 4833 387 12037 14219 8992 7574 15197 3898 3104 11886 926 3046 7374
7156 14287 4926 740 6018 1198 11938 12682 940 10356 453 17687 1642 11721 3566 7818 18475 11740 3113 24 4849 3557 2111 4779 8138 10701
18082 1109 14100 11090 16144 15807 9344 4702 1326 9617 10011 6375 12316 16325 19486 1873 13997 21 481 16195 1086 9755 8219 19635 18570 7794
10760 18348 15160 10702 18721 803 15908 11791 19206 7878 9240 9869 14645 19090 12972 19119 4619 8983 14309 11775 13192 6311 3012 473 13757 275
3902 16798 6406 12712 10885 7912 13358 624 6929 9636 11638 6285 6223 6813 9909 17014 856 16713 3352 7499 14255 334 1443 19639 7967 1236
19718 11809 10636 11815 6830 6602 19351 9162 17991 1962 14441 914 8319 19632 16556 1332 19375 14125 8670 13629 19301 11365 678 3413 12429 11260
3282 4266 9613 8622 15231 16104 17204 14789 5060 7960 12846 6945 15934 18113 7804 14962 14896 6850 4347 19287 16677 5722 12769 4391 10759 15374
19032 13983 8524 9231 8628 11281 15393 9955 19542 13067 15266 4841 12346 179 15039 10730 7678 18806 18521 15546 1990 14866 11385 17286 6965 4024
11929 4004 14265 2199 6554 1814 17378 239 3579 1658 11634 4493 11150 984 13489 10605 4229 11359 7781 10727 3182 8280 13786 11509 222 19289
5632 2594 18330 15143 12244 15952 10744 12517 8999 8327 17988 14024 7253 9499 5750 11307 8989 8876 1352 4373 18496 19872 1314 5744 13997 10581
14523 11235 8454 4163 2184 2274 693 4764 6632 11818 12744 12266 5579 1460 14973 14650 2581 633 17638 15623 1305 11572 8587 19276 10737 6464
14699 18271 11763 13596 11883 4215 15007 9300 7096 17078 13000 7504 14912 5540 13215 18435 6576 14955 2407 3279 11394 5818 8644 19647 225 13177
8203 3982 18985 19410 4933 16268 624 12900 19078 2949 3706 15003 3091 1508 13467 1525 5837 12257 2193 4786 5378 17250 16631 2676 14380 13142
6502 9115 11994 16871 14981 6728 11644 3736 4773 19127 13841 8060 18667 18351 2952 14606 4741 14439 4615 17274 6231 14636 18298 11783 374 1152
8863 17917 11014 14607 16629 10754 19155 19135 3906 5372 8736 3622 2118 13980 18603 5909 5030 2559 12518 2357 10034 3064 1805 6812 16442 7074
18638 5614 17184 5696 1052 2368 17823 17010 8606 13967 2472 8393 19842 15530 11654 5525 2574 1455 13613 12925 15458 7176 7572 9218 17769 13013
4396 4647 5774 2016 2060 18842 14013 9503 37 2060 19453 12709 11904 3012 12926 4194 14436 8962 8944 16012 6641 11141 2384 748 11560 12674
18354 16552 10424 14290 16856 17596 12545 14145 6104 13795 16748 2544 13525 1277 14713 9395 13561 19237 4081 11542 18270 7602 6815 840 18812 7692
513 18371 4542 219 2097 18738 17618 16764 6320 6929 4491 4423 5359 15587 6148 10509 13808 1288 5361 1690 13787 13067 3105 8810 16758 10059
12400 9571 3806 2659 18485 4712 14252 3102 1139 16849 13474 2166 18882 15272 14546 8020 13719 7057 12729 19492 12415 1906 4601 859 2000 14520
5129 8133 10450 332 7315 14951 356 19105 14141 17900 8887 9293 12431 6495 948 9990 17744 6072 6464 18556 18850 4753 14970 12649 584 1136
7719 1426 8854 16463 9726 5741 11796 14647 4112 17351 908 11645 17647 17222 7322 8553 1401 9093 14716 12722 8918 7301 13098 5731 6390 9287
15510 10622 3643 19488 12189 14971 16656 6967 3069 15569 19570 17729 175 12136 10376 18617 5918 8239 19415 18577 17161 19559 16051 9797 18024 2740
9177 18320 937 6538 17152 5500 17661 11527 508 19684 9098 18843 8313 10485 7421 11736 11468 4275 648 17735 2887 18379 17288 2489 12833 14515
6776 651 19446 14108 13752 2836 16781 4338 18889 10748 19388 474 19752 2660 2165 11563 1039 4687 19046 4507 4699 2735 2556 2279 8896 18650
19875 16547 5805 15311 16878 6264 18835 13400 17509 18909 18175 10561 1081 3901 16842 2851 15956 11851 9890 8823 11517 19978 17246 16166 2481 11566
1977 3080 11956 7990 397 18704 16417 5591 11401 11392 19225 1622 1734 3335 15021 11990 17239 2127 4108 379 11257 12418 16931 2183 17615 161
2176 15711 9618 12511 15438 19911 6782 18210 4119 6988 16965 6109 13001 7252 16629 12837 9941 11450 11283 13388 17292 14604 16453 3309 6771 14765
10059 13926 12952 9448 11957 12361 188 16919 12874 2711 1356 15930 8438 15488 13484 1931 5504 2240 12128 12834 3257 5298 19050 12405 99 5382
1720 12702 5472 19502 295 850 3072 17859 13618 16213 9072 154 18832 9526 1743 16676 17313 3837 5534 16996 670 4778 19870 17049 1436 11947
12265 799 14517 19134 1892 17464 19821 19788 8132 2408 14712 11939 10553 9584 1110 11981 11367 4269 10516 14457 947 17987 12407 524 11741 15505
1792 11609 5963 8695 13142 10523 3631 14960 12912 2314 3963 1121 6463 3239 11234 5892 17428 9792 15901 2301 13706 12707 732 11858 9528 15100
209 17573 13162 3708 14170 17952 3482 5432 17292 4952 16938 15496 4918 11886 15037 1584 2701 10979 12426 6535 12784 16801 3925 1339 8986 4972
5488 7679 16014 17577 6997 8601 4476 17724 2056 758 16687 805 11397 18397 4967 1126 11506 16805 12248 15577 13834 5109 12046 18435 1893 5210
5834 19956 16945 13802 17823 9624 14586 7948 6356 11107 6930 2641 643 13778 8109 12420 19375 8703 4008 1426 18023 8006 2671 1844 14009 18327
18689 2408 1618 5392 1855 10274 6547 17821 1077 14484 2299 6898 7815 12091 2785 6415 7726 11686 13181 17256 18572 5386 13875 2809 16070 18168
12936 1074 251 9161 6517 8750 14710 6914 5698 9377 6293 16065 8058 12265 17196 18928 10860 10503 14092 6086 15625 9846 8977 16029 18756 5299
16729 7117 2738 16037 911 12929 1664 5730 10172 205 7069 2532 19050 16807 729 12272 11714 3038 18102 16287 12001 19594 17382 2778 7428 19809
19296 10714 13699 13854 10386 13090 18386 1701 1366 14527 5701 7894 3433 2310 13028 5399 7859 2540 6017 16981 9542 16822 8499 18351 292 17737
19968 16873 3406 19156 5167 19414 6887 11055 12076 728 14837 15904 6526 6898 3328 9970 14869 4317 178 411 12896 15144 10505 16479 3808 15707
3809 9319 19692 18634 3441 11924 18182 1354 12889 16209 11803 5478 13380 15036 19736 10485 17393 10864 9547 16261 18835 559 17858 14644 4383 5783
9177 7407 19000 1552 16810 2242 11103 8705 15743 428 6082 16978 2005 14275 4167 6490 4322 6118 9575 10826 19463 10301 11182 16315 18151 1188
6893 12974 19054 14275 6900 16986 7127 4713 13567 16689 6753 19134 7344 18108 16210 6402 2301 11399 10251 7908 6152 14475 6960 11634 6416 13345
19653 11669 18662 2850 11440 3698 4154 9704 7876 14556 14082 17554 46 14037 7756 12753 5270 1288 13628 19355 10636 1526 19844 4538 11641 13730
117 17985 10967 8058 19038 6972 14859 12255 5336 10585 8747 10783 16877 8629 1698 1163 7376 11981 13469 9248 19403 4626 18329 284 2092 620
13692 13740 11310 7334 2145 7415 8697 3514 1667 2964 6735 244 3818 17158 11627 9469 10079 19262 4592 18848 18433 10401 8020 10400 18133 3936
14322 1938 14194 734 6634 14093 5176 3099 9006 11377 15671 399 2206 9140 14228 5990 15727 11639 7851 17909 10680 1001 12135 18807 11325 16956
7505 15486 16896 19112 11168 9986 9090 4267 15573 9649 16338 18560 291 16275 13354 16451 4281 8284 305 16687 16600 15033 8785 4215 12461 10878
4624 4900 15432 5082 17554 14614 17106 8247 16988 12622 15737 10222 16473 14936 2694 12961 4771 666 4261 8048 16790 1882 11729 2665 4187 6411
1624 15075 4477 4039 9612 12736 11625 11981 15965 5444 19745 3172 16155 16930 14609 11599 9492 14744 10568 4979 1885 18344 5969 7429 6605 18576
4160 11250 927 15682 376 18626 14831 15579 13471 3152 17432 5276 14932 16464 18847 16854 11050 1971 8168 16152 9459 1566 15523 172 15932 1064
15422 141 12843 2367 17796 135 6994 15261 15733 6180 10407 1687 2620 13369 3352 16141 2983 19173 12666 10003 14653 14700 3562 7163 12952 12697
12374 19812 8452 8243 5833 11376 15430 6449 355 8566 12988 4611 17177 14443 5849 15723 11865 17676 17821 14931 16824 17312 9916 16880 19453 16257
12122 5864 7763 9910 16041 18722 8805 5503 11292 12592 542 17043 4864 16249 3599 12793 4602 16886 11137 11354 3753 19561 8627 14674 2021 18503
8706 12585 12904 6170 18982 9802 1881 13272 11097 17997 13831 18494 184 3717 8524 10370 18924 5389 7816 1664 1970 13161 17997 15870 10851 19337
1871 9054 9240 9446 11716 1474 4721 5039 7658 6426 13843 19867 14126 16608 6119 6951 1196 628 8016 7925 16333 16523 1564 1791 4594 10257
