365
56 79 87 64 19 20 44 59 39 98 53 92 36 76 57 90 37 93 89 85 39 24 95 58 94 69
15919 4846 13980 15857 7201 9188 16984 3661 15035 14863 19252 13062 17942 7247 3322 11808 1907 8145 11922 19375 15717 15276 18232 19935 8090 4134
15754 3246 1879 4758 194 17785 8692 19679 19863 999 12479 16237 2316 13778 18885 10786 6933 13865 13298 12889 9182 7126 12222 3611 11920 1971
15961 8846 9108 17361 10044 11949 6858 7317 14419 19593 17931 15676 8054 15026 5530 14881 10808 918 16303 3119 11414 11276 9217 4781 4657 4949
15124 1856 1204 18042 18273 12154 13920 18942 13916 12134 7621 6840 10734 15910 10244 4137 11936 2945 14827 9542 3841 16492 3610 12137 14606 12857
1578 13182 2527 19807 14806 9726 16666 3263 6546 6739 19945 3874 16930 15697 15177 8615 8364 6013 15907 10470 15922 12727 18106 1942 9418 13120
4432 8036 10010 14930 10827 595 3781 18209 13199 16412 5583 4218 5992 5525 17326 18607 10561 6695 16268 4177 863 17266 3299 16158 9603 940
10757 8687 8900 18321 13371 2622 2842 10764 6449 9596 3639 8508 18959 14259 6410 14438 7122 13941 12536 19872 10850 14480 6684 16063 4934 12413
14711 304 16926 7644 1032 5059 6243 13066 6970 14026 4960 12853 19406 15865 16287 5519 17389 7575 3000 18208 16889 6626 880 10495 8160 14120
5130 13006 5610 150 7507 1466 15325 9063 5792 4355 5567 1029 1553 103 12745 19647 5477 10607 10261 14653 5653 11921 14957 11685 9808 10684
14467 18526 2992 8246 17466 4716 7761 4362 5505 5408 7663 1246 10337 565 3986 15754 10800 7470 1411 8538 9158 3067 16722 16671 12847 9995
12165 3443 497 17225 11949 16253 10591 10153 1197 18192 5760 7962 8112 6710 4901 1313 5643 13199 6491 14752 13834 15232 9232 14935 16230 5335
18275 8482 804 15527 8086 10709 17920 11133 2279 17858 12412 5878 14555 7830 4175 2008 8659 9597 18146 7336 6020 10989 17483 15432 2251 13201
349 14326 8502 7631 13864 11862 3003 5499 14776 11086 14669 6648 3563 17450 10821 18053 4697 12802 6840 6503 9848 18529 19491 4640 3450 7307
6370 10078 3087 11286 12309 8837 18735 8534 4728 16726 12640 10238 14020 10980 16250 3927 11308 6872 8893 12998 1893 13690 12614 771 17669 15606
14814 2626 2570 17660 1052 8297 3318 674 15640 17529 383 870 12079 15754 15179 13266 1105 19677 15525 15686 2284 9304 12834 9267 13787 3468
14601 11350 18798 13642 5341 3026 14910 1941 13095 717 19599 13060 12988 13956 3864 3662 8212 4243 168 18055 16111 10056 4696 11106 18947 1145
18874 8348 14092 18499 805 4751 16225 15914 4970 13975 17743 5090 4669 2015 12432 10872 3859 4330 1326 19846 17494 1786 15723 6182 1360 18751
19312 9764 9033 3661 8250 1827 7400 8436 389 10626 18699 10750 5143 19023 4471 14451 17101 3829 2542 19600 10902 18742 5626 3604 10799 1739
13018 13236 4676 1923 388 14279 6372 6780 17218 19790 8504 2060 2669 7633 8471 16672 10154 11777 18399 19588 5528 15150 4198 6247 10063 1176
8726 13259 12757 10356 15050 8362 4028 5155 13053 8619 5911 1519 13430 2590 13087 8950 17414 9786 13082 10104 128 1599 8051 4198 13977 8535
15796 16841 12110 11790 6098 9775 6577 19685 5491 245 5045 8765 12051 15915 17632 4892 7824 11137 9333 6968 5171 18006 2245 19635 6944 16310
17580 15349 16800 9004 16020 8672 1045 3728 9854 6824 13131 16947 12922 15740 1199 14156 4918 1948 17362 10932 12243 11651 6595 9082 321 5924
6088 5327 13123 7370 2487 17955 13226 7858 19999 6514 6612 447 3228 5182 2566 14938 17466 6230 15117 17953 3732 485 17980 15212 11465 19087
1550 1759 14714 8960 19655 2346 6024 9821 8084 15289 17040 15914 6865 10159 15655 3456 15008 16252 6687 15973 18043 12081 14109 11536 8205 12827
1116 14604 17932 19320 12806 11327 10805 4440 16783 358 5807 8172 15138 2724 4542 8128 396 3818 15657 17118 4466 15867 2019 16840 13899 17818
2728 15168 18979 11469 13943 7033 1316 7553 12646 11011 16916 17798 2925 2100 9711 4908 14085 2898 17954 3398 6770 5004 17420 12045 1000 18767
8407 2044 11197 16278 12173 4425 6759 9843 19946 1761 9984 7889 284 10575 5631 4068 9828 12394 785 1422 1740 4151 9696 7782 54 1463
4955 18777 1430 1009 1885 1824 13094 7214 18729 16183 3896 4073 11859 13336 18195 16053 10342 3999 19495 1613 2145 4134 3138 2042 5702 12677
7993 15979 1747 2311 11554 13740 11692 16928 14953 1416 3513 11920 9054 14694 11933 17349 14427 12985 1918 13111 8400 1234 12911 15536 9076 18402
2334 3959 7374 17091 12249 16601 16617 14080 7985 4613 14508 436 34 5431 1282 3491 3734 6525 17655 2820 9861 10503 16002 8270 19781 12087
11407 15363 16529 19929 11446 13405 4113 12702 19780 13431 13382 3570 12413 13366 10750 9779 7247 6236 11842 974 18829 18873 690 19306 5351 16418
17947 7833 4106 8766 10057 327 10347 8310 13240 4813 8423 18060 8700 18890 8257 17628 9770 3670 12287 310 17611 13406 19052 14296 10464 9414
2591 16932 2911 9502 13401 5464 19545 17189 15884 4370 2149 4803 10265 219 13799 9036 2792 11280 7841 2991 12438 4251 19287 17405 18819 19534
7190 12696 16755 13369 16039 7423 19810 7917 5147 15381 1336 7990 15520 12145 12913 18163 10887 7831 5728 15581 1473 516 254 8636 6592 3632
7453 7739 14960 173 11194 18709 15197 1664 6382 14845 15618 7434 12357 15815 8871 1416 14761 8265 15048 11977 1535 7532 9572 18368 18836 18116
3611 7859 13806 7176 13529 13018 6422 10726 6027 8724 17062 2309 10382 10804 9436 17647 13399 2595 12686 2468 7310 9910 18094 14666 2073 16378
15701 18215 18045 18868 8902 11151 3315 10726 4340 15769 13489 14617 15726 4566 8300 12760 12643 5686 2439 18130 554 12662 19263 531 4613 15593
14456 10617 4060 14880 1514 13769 19894 19480 12310 18761 19615 12673 3572 686 10213 2548 13762 7693 11577 8022 7531 6279 2734 18857 7776 12056
10695 8425 1254 8569 808 16106 18281 11279 2371 16751 14655 8223 2747 3366 633 8530 16723 3688 9875 8895 6651 2934 14644 17541 11042 5527
14233 15069 4945 19770 16234 13257 10183 817 9712 15588 19980 17181 286 7627 19281 2401 17266 19928 14726 14844 6167 7529 15244 13254 16431 16130
7720 3700 8253 4535 10260 6827 9553 17618 15008 18489 17383 9057 8721 16265 16317 7035 14013 1963 1803 6296 6694 10903 12319 2050 1818 19555
19794 3678 4797 5767 15832 13295 16872 12916 3389 18897 18299 8831 7550 14599 6262 2391 9446 4679 10078 14310 2513 14056 12500 4965 9932 5817
2873 8329 14581 18703 4237 12966 19379 17481 4865 17510 10411 17170 12364 1096 12256 1368 18796 58 5118 14532 5993 5891 13822 9513 1315 4025
18865 3097 9808 3135 4512 1472 869 1018 12162 16961 8405 13904 7025 5216 19530 2310 3357 4435 1075 6704 6361 4246 13328 8019 2636 14241
6237 8511 1352 15959 17865 10838 12132 8665 19163 18341 17656 16770 11596 1640 18330 3724 5169 9525 13533 15921 7989 3666 164 5155 8061 1729
10323 18221 15699 12904 10394 1564 16757 90 4453 19672 8757 9148 10184 2693 8289 11861 15356 8776 17804 900 2896 14312 12914 1290 5650 2397
14601 12657 1060 1392 13083 16241 19839 17625 2639 11390 13080 15445 14989 5602 11972 7417 16001 8817 19282 19508 17855 9968 1889 19302 3421 3742
5415 14991 18676 9815 16401 14451 18037 17908 7393 10399 12738 4808 4289 4785 7631 18994 15901 11489 4325 1922 14799 11681 10941 13559 19696 3003
17887 16450 6064 9196 5869 10340 19633 3843 11159 8486 9174 17712 17828 10894 12357 8577 12202 16573 11681 2501 2253 16826 378 7444 3090 12552
13643 1618 1168 13267 10031 1171 4305 17137 17856 8978 16417 8740 18554 2800 7931 12649 16873 16337 10539 15103 14154 13634 10165 11220 4652 17920
19846 17519 9809 17578 12003 15582 8278 17195 8237 12394 2574 17879 13321 16519 6748 16317 10281 14558 8826 17893 18840 7000 5508 625 13028 4497
11825 5965 6008 4386 11248 7957 11712 16662 4002 18052 597 12722 12597 4758 5459 15253 18655 7754 17622 17079 14466 880 14679 19456 846 19861
13438 677 16267 13176 3992 762 7703 9403 6717 17328 10424 17080 19214 16434 18313 10258 17316 9522 17755 15856 19519 11494 2810 13811 18870 2088
19503 3617 11828 1169 14014 6603 5231 7150 10627 12161 17528 2157 16492 2597 9612 822 18671 14992 13417 9622 1238 18746 17297 18714 13567 10770
18496 530 18331 4587 7128 2946 7731 9544 18107 13164 13767 13349 15614 8562 8690 8717 15831 12031 9819 5246 9110 6636 7868 11109 18698 11024
54 6133 18108 8142 7756 12084 16360 19062 16257 5118 9740 2084 9154 2113 18790 8849 6860 8828 16404 4593 19598 18724 16866 19953 19347 11640
5062 5276 15640 3785 7025 18977 19998 13119 4057 8123 9604 6638 6940 8153 6930 6998 19556 17078 1035 15232 15142 4323 18767 3372 2083 1893
14970 11837 6578 6872 866 15840 1955 12014 1402 19696 19608 16548 11541 12305 12106 9721 4736 17882 10050 16666 17886 3009 15072 3072 7296 3635
18166 11333 12555 9994 3491 19442 19893 2717 13980 6193 1949 8922 19456 11759 16076 18876 4240 17173 4168 19482 12446 3134 9129 18087 10341 742
12898 13554 1933 10851 5713 159 18537 16669 12002 14686 2886 15085 6981 17267 8141 5408 16063 17003 14370 12611 398 15054 17574 16748 12280 13774
18818 19796 17750 408 15918 3058 1810 1745 10984 17081 15099 14927 14023 12585 600 9074 14496 6923 18024 5862 15452 2913 18548 11732 8321 3521
14049 3078 2148 11155 11684 14528 9238 16539 9266 888 8670 10641 16966 8739 1659 4689 16887 1010 16699 4883 5053 9978 19741 11268 5626 17524
13991 9759 5022 16083 15463 4461 9770 16561 12187 2949 7454 17764 7563 14216 1346 13123 5792 7673 6800 3038 19061 14314 6478 14859 9647 8556
18433 3942 18855 19597 2999 8819 3073 13468 12731 12405 16852 7638 4169 376 13501 7148 1190 1890 18087 16368 4024 16268 5719 19273 5805 13764
19474 11834 215 13705 12774 18131 7021 14403 9751 3513 18999 1530 14534 16907 9002 5206 9047 5395 1619 14580 15620 11706 19999 9038 11653 354
16411 2600 2167 12709 18535 5992 18596 16731 1160 17440 16297 8261 10881 9698 9241 385 15789 14934 17805 19044 6486 14581 10463 1419 14648 3611
11870 16389 11471 9076 6499 10046 18893 5305 1284 953 17084 16555 1540 9605 16504 10524 16070 7451 13977 11481 1586 11263 6839 5692 10797 10861
3082 18166 638 6371 5900 15288 13297 13683 5921 13347 3273 10782 7036 9305 4569 7975 13895 10269 10756 14715 2606 18358 7418 17111 5025 18372
13870 16746 582 15258 14143 3615 18278 16119 9775 5709 10460 4528 4509 3549 1509 10783 13535 6060 12544 16848 15645 19311 11987 1687 11991 6188
15000 5484 1712 4812 11636 5761 1451 3534 3139 14974 15470 5962 3726 468 15453 11485 12314 17884 3790 4126 17062 18027 6434 5708 14921 3688
11194 19538 1988 3494 18930 1948 12630 13383 18807 2523 6999 8826 3276 9355 19826 8677 6585 15187 15737 1644 16943 4208 4701 11387 12898 9275
8668 12107 13542 17332 15610 13913 19288 100 17682 7492 7804 6717 15856 8058 12418 4502 9013 2039 9360 9789 16765 5255 14737 4963 14886 18456
13526 4877 11516 15148 251 19300 12016 6999 17312 4719 3676 10717 19941 7892 4462 4655 6126 19726 2937 6578 19445 17019 14328 6780 121 4044
4158 2221 18483 11578 16773 5927 597 16239 15541 9856 11034 1503 8762 11352 8217 9832 13336 8908 18338 2942 14817 8847 13644 10827 13795 1008
4393 853 6773 13613 15527 19174 6753 18921 2386 5707 11189 5593 635 17613 19129 12824 13917 11838 16251 16698 2304 10717 19950 4824 15195 12511
15492 19851 14595 889 3466 17417 15799 8376 11154 9866 10436 7181 7764 10380 2488 4777 10693 275 12198 11796 12188 10313 15727 10832 500 2523
18075 2114 8173 1337 13231 17124 7178 4266 2201 8070 7922 19909 8620 216 3976 7262 18571 11153 13708 5103 401 10234 12113 5062 11348 9106
19889 7741 3205 6514 18115 13492 10470 1072 19313 14991 13251 15530 11165 15647 12456 10578 19811 11012 15663 531 10435 2225 4445 17824 7909 4068
8677 18533 5557 5064 14901 15865 12385 9624 13844 19977 3209 106 16976 10002 8505 17960 15393 11488 668 5956 10696 2578 10393 2424 243 12610
4042 12271 9148 9229 19889 12062 17417 4425 9055 9519 11107 10912 10144 3261 15655 8010 10769 17480 11852 8331 13842 135 14041 3998 2858 14926
15643 5133 887 8515 1988 464 14220 18755 16930 18687 854 13077 3470 6994 5351 16596 18665 6327 17411 17542 730 5457 7624 7915 14229 8040
8501 6805 13778 2239 1222 578 12719 15829 18757 5941 6776 2689 16081 7375 476 1297 4229 9856 4557 11809 5700 18313 12437 19918 3291 19603
366 19827 5732 8869 12093 14862 11104 16976 18082 12366 4516 10422 13960 18170 7330 8104 15647 5800 16848 15948 14405 2973 14511 6006 15822 8326
3851 6757 12661 18993 16550 11727 5556 16481 9802 14389 894 17993 14597 15793 14762 7671 15770 421 7716 506 14645 15056 13578 3477 4608 14248
19640 4229 9643 6542 4503 13804 16877 6459 4815 9390 11449 44 10664 17251 1811 7889 6843 11032 12982 11882 18677 19794 1088 10222 436 13765
2016 1456 16703 13026 19920 15285 1808 4702 1140 2951 10383 16428 16575 9981 14460 16750 8884 4706 7550 3294 11593 8849 7290 10974 3955 9161
15685 10683 17776 17170 12543 15450 150 10573 12495 4776 18132 17646 4243 11963 4125 4970 4944 5635 8213 6895 9298 8370 9865 19154 14578 1676
311 13971 13592 14 4645 3145 14087 19553 5074 13703 5522 9517 10760 7731 3937 3997 541 11458 17500 4884 5438 5550 7582 13373 4611 2556
13406 9110 10061 18296 752 5604 5326 18466 17683 10676 15085 11636 4890 7477 6309 11856 746 5945 3520 17106 19675 10882 10649 16189 5799 16749
16913 602 6288 12725 15702 9816 19416 11483 9419 17125 16760 14483 15240 3199 15080 18444 9248 1995 483 4544 10922 5784 6420 10475 16124 474
13948 7849 2150 1912 52 11554 9253 2607 983 19780 7622 10894 5609 14267 5140 4901 6165 9995 11135 17343 10425 10420 17031 12413 10452 8106
10856 128 1175 13534 121 9429 17349 7072 15319 14745 2595 8258 1409 6307 1954 14265 9670 12418 17360 9971 4048 99 8402 15175 5180 15316
12539 17423 19819 12972 13009 8603 4720 6552 7165 19673 18229 1741 4769 5075 11319 3526 7226 9808 18059 14086 2386 18196 2582 9228 9231 7958
340 16894 13619 17975 7319 4764 9053 19188 1660 7416 7816 3563 9325 9776 204 13579 8346 11003 4020 18398 128 11470 16620 8741 12842 4115
11142 4568 11853 3203 13293 2282 3377 15888 7515 17360 10822 8322 1355 14872 13771 6245 11415 6149 7545 15407 16558 14988 15300 8287 14060 4262
47 4643 12505 2751 5172 14179 17171 17976 18043 14403 11764 8655 12905 8093 12397 13516 504 6613 5586 3370 13061 6630 17387 4500 4495 5894
17396 13321 5809 14946 10638 4875 16190 12612 17377 17995 4642 3328 17953 6456 10772 5206 19588 4248 19041 19104 10483 3496 634 6733 9682 15627
8371 17588 3885 16000 14508 16451 17930 2439 2381 8393 10375 16614 9681 6876 14498 3518 10449 19928 9877 6898 44 5990 15207 5901 8566 9376
2673 15476 8214 4829 1798 18304 12024 1809 2480 19965 12306 13732 10812 12180 19588 7017 12049 14259 900 2998 14601 11166 1611 9739 18419 10099
19096 13506 11648 9570 17972 18806 10295 6242 14389 3516 8925 5679 999 9186 14437 18444 13163 584 511 3699 4837 11103 10863 7675 7476 5628
18230 14782 15133 16016 3892 14014 1356 11508 8583 19577 837 17498 13345 1085 14410 3740 3189 3040 134 9164 5452 4136 4286 9006 15075 13220
2005 1055 19798 6267 9512 6287 8989 18133 1624 10325 2835 16310 10354 8107 10171 18272 2 531 12450 5103 9542 17841 14450 12845 4747 6710
17541 6687 8380 12144 14548 712 9697 18503 18020 2949 11688 19976 14552 14311 10535 2752 16189 338 14715 5668 12718 18335 2775 17350 3756 3581
5630 3692 14614 7959 11714 3054 6332 12767 9690 9215 18508 15656 10755 16191 10145 18985 17908 19160 10301 5684 4351 416 13327 3769 9598 7452
19037 8330 7715 17179 10082 2563 1977 5744 11077 18644 11633 8853 3629 18088 3214 15039 15103 12197 4359 3343 6096 1423 13707 4475 13123 19783
211 18995 17830 16803 3076 8293 13115 12270 17713 18669 4794 15408 2308 2711 9987 16307 5547 13193 17807 11446 18259 10650 3965 1884 19402 8996
4439 5797 12778 15128 2492 11285 14389 3298 18280 19228 1341 10249 17778 14462 17666 19197 9714 2290 7055 13779 14737 4262 18875 13372 11202 4341
18283 3601 496 8260 8507 12214 19548 2072 18374 8399 4783 9509 10153 2773 10674 5714 9939 16880 9411 10511 5803 2445 2136 19155 12649 6160
17979 11011 2748 12308 3275 6299 13186 9353 11786 17568 5837 17822 13706 14070 5536 14371 4815 5773 4871 17689 1715 11529 8054 13762 12182 6289
15815 14108 15024 4834 4759 16637 14838 5596 11669 13783 4689 10808 13321 8597 1879 5898 18239 13908 9634 15965 13779 556 3332 8474 8043 7072
4064 826 9910 11277 5405 19766 6571 13354 13943 17481 19257 7915 11278 4404 12927 13928 19913 1182 8719 8331 338 12689 10242 17703 18353 19309
6113 15887 4774 5304 4839 15470 2789 8319 13029 11161 14974 14558 5071 7698 18263 1156 7488 10094 6633 5915 18618 16481 1897 7704 16109 8279
18334 13838 3941 1089 4288 4043 18178 4034 1953 12745 13197 10493 6360 12193 19130 15521 8091 1846 17797 14215 14633 10092 19275 19421 15633 3222
13410 9100 8190 18612 7307 18829 3289 14100 8724 12140 6913 16230 8666 15530 11704 16648 6337 12690 4117 3447 4851 5714 18581 16901 2651 4771
17149 10095 10313 12835 18645 10205 3733 19328 19543 15550 8764 1780 10708 10715 9088 9737 15778 14736 2613 1824 7969 1663 10790 6421 8593 13638
787 17224 6825 5447 13301 14340 913 41 11225 6202 13472 5462 10116 13684 17729 13210 3514 5951 6797 11102 18532 5488 13475 4835 15954 13574
19441 959 17718 4767 16667 19418 3606 9122 2251 15792 18558 16717 5722 2649 5044 13716 3679 19794 2650 14502 85 19367 4163 19749 5065 8319
10421 12936 9174 8683 7760 4380 11258 14967 6217 3471 7499 1351 15361 15794 1819 3192 17119 16877 13611 14007 7405 11965 14719 13240 3109 5099
9562 5583 10787 10985 14754 13653 2226 19983 5272 16956 17602 3427 5293 15621 12043 12119 17188 14716 2257 17037 17281 10649 5085 17089 4363 2095
18982 5869 806 9379 19429 8658 2198 668 395 12888 19760 16245 14869 1862 16043 13498 11382 909 322 11854 10951 8887 2661 18033 12018 4016
13366 9920 13576 6620 7642 15622 11375 9599 10461 14065 19885 4631 1068 12235 16651 5343 11782 2702 14145 544 17311 2111 13315 5843 5226 18449
3605 10367 10926 6591 13979 18954 19206 11504 872 17343 7795 18600 7718 18545 16744 17850 19676 15544 16785 1206 1846 14590 3278 9097 9571 11835
5430 14849 3088 16421 18043 8091 17596 4071 9339 6719 11423 8995 8243 12346 11157 14340 703 10202 14633 12753 10954 15906 2832 13501 9206 9899
16919 7845 15616 2467 13022 3385 13592 7927 6062 10058 1816 14037 2964 4063 14991 16549 3194 18200 19792 1579 18089 17831 2020 3 10548 12729
1881 1966 13477 8799 31 6393 11005 14875 16721 1402 8867 7353 8652 14603 19887 10576 3842 18493 3314 15241 9412 12421 11493 4121 18741 6188
13829 6373 15252 5597 6582 12096 12622 11728 16013 19059 18626 8439 19941 16422 10507 16550 410 12999 6148 12912 13752 10955 10191 15675 17007 17272
7255 13789 14971 19628 16675 4576 12685 11078 6703 15158 11018 12455 5952 7224 8944 15122 18529 1411 15166 4564 6662 12709 27 13949 9305 14269
9057 10457 10142 11739 6960 14061 10470 5158 16347 6021 10426 4799 7638 1266 1912 3120 10406 48 5545 17066 8531 8840 9367 13760 1921 2571
15885 9307 2722 3027 8311 12804 9127 9335 6757 15142 13301 4565 1331 12635 10254 8428 14762 12849 17821 4750 40 2751 6301 8059 11306 8096
1908 13656 6870 17590 12830 3911 5717 11222 9533 13799 10962 10460 2227 5725 2852 2541 7707 19867 7829 12796 1750 18511 7355 7646 14312 1902
18826 799 566 1114 5692 16040 1007 7010 10109 359 7155 11119 15402 10646 14431 383 915 3812 18139 8341 2660 14925 14688 17872 6497 297
6201 10889 13976 18102 5441 14946 9340 3208 202 4051 18494 18737 19044 6808 9288 19478 6706 5841 4388 15686 17734 12673 3687 17607 15724 5619
13755 15693 8283 10174 8312 2018 16360 8858 8993 8707 1509 18163 5702 14066 13426 1210 12418 10621 606 12173 10485 7177 6203 8446 3319 1027
17368 10273 18942 2889 1004 18057 15441 3404 1837 1246 12439 19268 9622 791 11163 3194 19156 4155 13195 12235 4507 15610 15529 10447 6256 83
1060 6030 12383 5329 1791 11544 19965 7422 2798 3924 19753 8829 696 16735 19965 7971 10000 18646 2842 4226 14016 18898 17773 14167 2764 9713
11031 15767 9920 19963 707 19221 4263 3720 7396 5022 17956 15340 7638 19851 13222 11791 13504 1196 18934 15666 19985 5886 8291 8927 2983 12385
1944 1428 18552 12593 19675 3323 13702 10947 6626 6762 876 16298 1945 4966 1730 17611 14459 17135 314 13117 11810 17437 9645 8583 690 3745
11877 17833 9457 750 16822 5931 19534 3500 14333 14742 19084 2881 16129 3781 6851 1205 14133 742 1354 625 9268 12251 8528 4969 15661 10947
18077 6093 18713 14880 942 13325 18416 848 19522 18119 19098 2869 12120 18318 3006 8456 5908 13304 856 15126 17381 16499 1198 1585 4687 6230
17886 13102 10212 100 3032 2900 7833 2784 6001 13889 112 12196 13163 13205 5535 6840 12444 14900 14661 15668 8166 19858 11333 16291 13849 5956
3106 181 15827 5413 16500 15942 3478 13357 19242 1338 2684 8039 19696 8442 2902 16043 10528 9682 11285 1412 14703 10471 15430 3026 10542 15913
12578 9109 8383 9656 4314 7804 8004 16302 17863 2251 9691 12795 5848 14294 5135 18926 1577 7895 17119 13367 19411 6784 2594 13771 10173 5455
19122 8001 10890 6575 6169 12254 7693 13807 4530 5550 17211 4603 1081 14370 2721 9692 13902 14425 16311 3180 13951 11134 973 10455 3204 84
7368 3890 11849 5595 4854 6 8004 8681 9 8774 7424 5167 9889 10058 18356 18219 16624 6435 149 9876 11036 11615 8421 8567 75 3960
7625 18446 6640 19882 11157 14322 1268 10942 6457 18382 1831 2379 14922 12889 18416 5320 18377 11870 5258 9192 4753 17410 12092 8245 6749 14594
2253 474 188 13766 11663 13559 1337 2180 17066 1111 7521 10381 18008 3951 12111 2676 11599 12251 15421 17334 37 15547 4135 13613 10035 4672
15620 9682 17400 15219 11301 14268 8638 12276 3593 10800 19912 15787 540 5387 16053 10419 15096 17876 14519 13530 7666 3593 1838 19681 17462 4143
13443 16337 1255 3662 12831 16327 17084 10506 19951 13306 10504 15628 10328 2371 14492 17175 4683 14233 9600 572 15697 8961 8245 11495 1688 17581
12932 7618 18685 11489 853 10835 9696 4281 9420 13852 19079 16191 13654 17595 8327 3505 17166 13019 5142 14103 11612 5149 14539 11697 6284 1497
13963 2855 15487 18360 49 8582 9392 12226 6000 3026 528 13524 615 12826 3750 12121 7988 6709 1327 5398 10717 17241 10966 2798 1690 11954
13205 18532 13223 11742 6084 14794 8053 7275 4266 966 2686 315 6685 18852 8121 4719 15424 3230 7546 1652 11757 11366 18081 12878 10124 2548
8324 6079 10391 3980 5139 18123 12507 570 14070 1472 19500 12473 12980 4923 3212 19407 14511 11740 6117 12 9740 4976 9683 14897 3728 1970
9229 5424 18015 10436 9934 16191 18815 10513 15305 4611 18059 1876 12795 1452 6224 18473 15814 15853 13893 3085 12393 12591 7826 7267 7721 16978
15875 6479 14592 4361 6787 13207 1712 17528 16431 19192 7936 11471 7931 15617 9404 14696 13053 1776 1528 12849 11857 15943 18791 3556 16540 6340
5458 5508 8089 19259 18016 57 3506 12186 6599 18538 1098 6498 17391 15528 2047 5525 3293 19782 8571 19172 2945 13927 6217 7796 18754 11317
16959 8840 18726 5996 10800 8317 13253 11023 3299 14545 10435 9405 12895 16595 2876 9841 12399 13705 10404 6300 4695 11983 12972 18239 19478 16141
8523 400 19440 15152 18176 18736 7976 2737 13580 2050 12681 3849 19551 5115 4188 1665 4280 6882 12935 10600 18565 17699 14483 12022 16894 7538
3832 3887 18205 6767 19879 16559 2359 8645 2565 11427 17360 7834 9104 4444 16175 16389 4846 8504 9153 9512 1079 19974 5364 1444 17595 10007
14267 11068 4978 13955 16201 5836 4170 61 18868 19049 1058 13637 5327 17436 13615 3211 2972 19562 8811 14031 5896 13975 11336 12150 7211 6269
3456 13784 10933 19812 992 11794 10137 10408 13249 15602 8349 3584 738 9386 1519 9189 10600 17118 18808 15462 11762 9028 15159 8498 1816 3011
16712 14391 14858 7959 3756 8742 15480 2601 15967 12551 468 17990 9817 6114 508 7277 17795 9303 1575 15104 7936 1256 19726 19061 4684 2415
16063 2299 6552 5705 18950 217 12282 13060 19157 17822 2079 63 18639 18036 5916 14655 11076 10226 4108 358 14990 12454 12081 8849 6168 18790
14947 19358 11193 9360 56 4878 10495 9348 13870 10029 10918 307 10445 11355 14884 16611 10662 11181 979 19043 5003 13110 7233 2736 11314 6062
19637 13859 7339 15312 9947 13957 16603 18438 12249 18804 14222 16122 13355 10055 7139 18078 3408 19451 4171 12263 8056 6120 5568 2937 7323 1749
10469 15415 19156 2663 17661 10997 15610 9102 15184 790 1359 3418 209 2845 11101 15399 384 16373 11706 12341 9146 7719 9833 5389 14179 15150
13401 16635 11332 19517 18943 4059 2264 8798 11763 8197 17237 820 9186 2203 6236 9814 10297 12316 11049 18452 18141 5260 18753 3023 4457 16546
15993 13481 14542 7226 9038 7910 1970 13664 11341 2534 7464 15335 8558 16367 13872 9550 15040 18953 4285 7474 3032 5241 15546 10034 1228 13437
5140 19675 17095 14560 5559 2686 3791 19750 15552 6413 3683 14319 1417 788 16525 388 18640 10990 11896 5602 13034 8227 8960 11715 15898 2921
13644 1123 12126 8573 5274 9380 7040 4865 18659 19446 12707 7459 9133 15618 17542 3261 19338 3453 4788 18566 10615 1019 6328 10233 19863 1339
1169 8114 19537 17346 9764 19462 18404 16250 15309 9682 18187 11900 12204 10911 15440 4797 12603 14073 1177 11819 14093 14696 4917 2248 10789 237
1234 9758 12157 463 11820 7425 6046 16301 5257 16580 9114 5998 17863 17738 19530 19363 15202 19447 5485 10505 15408 8476 4527 15722 12459 3799
12811 976 13230 10065 9161 7828 15263 10364 18634 11090 5227 13177 14799 13500 3820 13299 164 7337 4646 12596 19816 14915 600 17696 10534 10952
8533 14834 6919 6242 1912 19232 9791 6936 15932 10838 5443 1739 2842 5453 2534 9507 3901 7572 9025 18383 8791 13582 12702 12502 2979 9747
18281 11588 6557 3891 11950 244 6960 5723 2406 6126 7179 11736 2242 17859 18288 2384 3591 1572 16678 16357 11665 9245 11954 6950 16035 16853
12973 12145 15158 1089 15151 9000 15280 8537 12324 18421 4697 4454 12638 591 183 4923 18050 10531 5219 15801 18163 1458 17173 1955 6480 13560
16587 16209 10528 19530 12876 11009 8376 13299 15193 893 19785 13000 759 7078 17230 8925 6434 2498 18646 7978 13448 3782 15487 17213 19125 14413
15251 1558 13134 2674 9331 7420 15634 17972 11950 3962 12508 13283 4670 17780 13074 10226 9152 4150 6325 1043 16444 17501 2165 10597 15196 11413
5210 8692 9687 4186 18017 19580 4503 6667 7056 9064 13786 6712 13988 247 12866 4908 14437 6188 2420 7122 16292 5569 5813 2238 18209 11855
17671 1714 12871 15185 18819 6321 5818 11500 12573 9352 11728 19187 8366 3251 17612 2412 16218 14604 3370 2298 11177 5460 13458 13094 4251 16365
17502 1831 13212 17079 4480 13014 3060 8334 4190 5488 7395 157 15098 16268 12625 15699 16398 11483 4111 2089 7220 19270 11983 15972 9984 5961
9176 132 17707 19172 13098 16711 16537 8947 11027 3402 14541 17618 18909 8133 15448 14353 3064 17579 16295 4483 17021 5487 11825 14658 15026 10518
13261 17731 15689 1813 8300 10097 10866 18388 1234 1311 2929 9275 13062 3697 13392 15823 15762 17104 9422 1468 5121 2503 3579 4668 11455 12605
14541 11533 15577 14032 9759 58 7925 19825 6446 16398 11670 9159 8686 18875 13989 9454 14972 2960 13519 11248 6461 17014 11624 3838 2045 16382
7494 11411 9863 5535 13758 7917 16488 8511 17272 12031 150 13479 18259 5125 9393 17796 12695 2599 11 11831 7579 10742 15358 3059 457 6525
13093 19821 14412 4690 3523 4240 467 1725 10881 11034 17242 5841 3345 13962 6928 6448 14574 8486 3216 19106 14240 16213 16434 992 18729 4151
17971 9456 19954 2281 16061 9239 8970 6744 4459 954 19844 16941 10602 2430 9593 14086 6974 723 1059 4869 16366 2906 3197 14549 19031 2473
10390 5640 17084 9820 19264 8827 359 10517 2185 1188 9258 2347 5849 19026 273 7612 9819 18167 15260 3877 7023 11020 16374 10784 12208 3238
8451 12524 17702 16229 8614 14330 19044 8225 12570 18841 19219 14445 4310 8563 4347 16510 1444 14631 2093 16193 8957 13416 14151 1594 9761 9020
11499 4227 7914 19013 16958 17809 17808 6289 19992 13612 15535 13273 10983 6395 4615 13998 12939 13866 18787 16235 16939 3100 2572 327 6735 5734
18206 1672 6790 15174 13481 746 8801 3800 13395 7146 9938 9315 10069 12190 10117 16351 4262 19074 11225 9398 15963 463 12276 10236 18627 1744
7664 30 3075 14838 6630 11015 16245 11881 14974 16210 4469 6947 11781 16914 17540 12564 19065 13193 956 7388 10732 3006 18586 3441 3262 14144
16563 18421 1611 16417 12144 18201 9730 19652 4686 18233 17964 10347 6282 453 6648 12339 9457 6811 15668 19507 15476 14920 15426 3582 11676 3550
18214 11349 14114 18003 18167 18666 326 18086 389 8942 12131 17421 6804 17001 16022 239 19048 17376 9389 3498 12361 16847 6191 4467 10089 1475
16641 15394 4074 16361 13394 14981 19741 6451 10337 18345 4411 834 7234 17648 18224 14883 9310 14603 9857 4572 11193 457 14741 7518 15246 18431
17259 10999 9860 10595 556 19024 7489 11182 4038 12403 12556 18626 495 17009 9510 12543 5108 5046 11660 4310 17488 9640 17092 13442 17527 615
860 19511 13190 13268 13261 14110 5475 12122 15060 12609 2398 13934 15209 17224 17169 9680 19107 13861 12448 17092 17889 15080 3236 16166 12083 320
12494 4066 16731 12967 6775 4840 9685 18209 7521 14395 12734 7278 16179 4106 1309 2436 3466 12869 8019 8017 1928 4066 16267 10319 11201 10504
19819 5200 521 6120 4613 10662 17684 11196 17553 9808 10382 4353 9590 13826 14238 15744 357 10379 2833 311 11194 6209 5953 1566 1920 15749
2257 4881 15145 13318 6024 8050 12474 11749 16233 8101 11368 4495 14083 6527 6796 9426 18810 4259 12746 14669 12691 13157 18045 14306 15049 16642
9771 6822 9980 16555 3920 12553 11513 11446 4968 12423 4364 2354 14767 1979 8849 18810 1639 13584 17013 11544 19031 3496 1185 8655 19597 7542
10560 9363 7281 18802 13947 9145 17567 737 17939 8875 18749 9335 7907 11714 5859 16249 194 14793 6506 12880 19113 18898 2572 18734 8724 14292
3083 684 13610 19529 15908 2240 4412 5978 11931 12824 11621 14940 19519 19439 13684 13029 15243 12597 4751 16361 6151 16834 13262 2513 14132 5555
8360 14249 19559 18591 17320 10668 4350 6169 10015 7477 2659 1329 1858 673 3614 7140 7967 19873 13939 19382 9407 12491 13250 2420 19827 18431
19041 9988 6498 16173 5078 8607 11847 8200 4914 6613 16187 15947 16584 8163 8650 16529 13367 18556 11857 7767 10918 11228 1596 7221 901 4109
5541 16287 9113 4607 14749 8586 16906 13987 16361 1002 884 7277 3786 516 6158 17314 10998 19157 14472 6932 1322 7940 9749 5349 4306 10406
17274 5783 11421 2644 18123 1217 7195 587 19806 2140 15871 8891 2435 1157 8390 14560 213 11362 8261 19509 17623 17207 17823 14936 13633 15287
3850 5116 13683 7837 4876 19231 13355 8545 1169 5480 12676 18030 13786 19345 15776 6220 12847 14053 5568 18941 4640 18612 4397 8308 9457 7154
812 11277 4729 2718 18715 18602 14594 13605 810 3016 11181 2316 809 13316 5088 9675 18475 2799 1112 5632 13499 17076 17716 10327 16248 3950
12248 3058 18124 812 12902 4641 11763 1108 9885 2418 14856 2804 6353 7621 3108 9261 11268 7582 5513 12952 15585 7724 5278 9187 10748 17544
8894 15028 14322 8743 3534 4302 19020 337 8802 19949 5212 13687 14498 3806 9323 5608 19792 2020 12606 14078 17090 8842 10512 12704 16674 9491
6980 6876 14013 19107 9103 19193 15848 4729 17160 7946 14203 12367 618 19440 7971 14281 10587 1842 6750 19576 12831 13068 3897 6779 15318 15749
17566 4560 15597 10726 18310 178 16958 19616 2781 1149 16484 18691 19530 10806 840 3392 18885 8631 14600 13633 9585 16502 16226 5006 2115 19845
12767 13226 10548 2183 15719 17447 19837 15777 13969 12881 7808 16824 19504 15944 2300 16716 11038 4302 14275 12510 10084 19305 17139 10101 19624 17719
2868 9267 6363 17848 5529 10321 18370 2830 6619 19207 18561 8136 15509 19010 19734 9863 11577 12456 15942 9339 6821 13122 8805 8224 15428 6114
6803 12637 18909 1972 3170 11074 19497 2485 10366 1770 3694 9732 92 4780 546 7863 16962 13543 18187 228 5668 13815 8544 12455 10670 4932
13150 16084 3131 497 14692 18179 5675 7955 13939 16582 14969 2285 9644 16024 4267 4281 9659 5265 13295 2752 4397 6059 6993 4246 11922 15980
17762 12052 13245 11839 6889 16870 1633 17146 848 14528 9882 2205 18876 5352 4492 4291 14395 5084 4875 19467 5231 19217 3917 18908 16518 12743
12254 338 9961 16556 6873 12004 1463 9609 14759 13580 2611 15154 5304 11016 16148 9304 7635 18794 85 12646 13337 19172 18706 15105 9562 2494
16070 2266 13653 5057 15111 2378 4233 17169 12032 3031 12088 10588 12593 12648 760 5074 5122 15020 8335 15856 11709 16472 7880 12141 4515 1970
8138 5248 5399 18291 14259 13907 18531 8095 5336 4371 9647 16677 1072 17086 6493 13705 5747 2391 4893 10711 15151 18389 13946 12872 16625 16408
10503 1405 16151 9254 8951 5250 7515 7231 10950 17238 3090 2555 6606 6856 11618 13676 9120 1439 8074 6968 7488 915 10261 12534 6658 3362
1072 509 4033 5167 14383 15921 14401 10025 6650 11077 15640 758 12738 1027 18026 13805 2718 11038 15800 5292 18442 19518 17789 16056 4762 14749
2836 19868 3728 13330 7228 10379 17485 13459 18426 7192 14696 2905 14253 11296 10515 14379 6866 10423 8221 5810 19141 13464 17044 8352 5663 10989
3894 16105 2561 6809 19572 15729 2042 412 17967 3735 8660 8861 3055 2941 7040 9180 6243 519 16460 10323 15227 15280 4827 6164 4886 3512
5029 9240 18321 8660 12288 7322 9489 12109 12674 14019 15796 9492 6951 16776 1270 3935 16308 7519 15858 11296 1618 8790 12384 4593 7616 12138
13634 14169 6720 14758 664 9087 73 10749 2261 16726 3551 2166 1313 15895 14837 14279 1859 17657 10497 7500 496 14453 19037 6731 14095 18651
385 3517 13072 15285 1868 17064 16148 16994 9783 13905 13791 6231 9108 14391 9123 779 5232 8060 16645 18354 15427 13875 13534 17100 14068 3285
14051 1792 8332 4799 4520 10641 14304 7619 440 10326 15853 145 12942 941 2496 4289 4895 2989 19962 9342 6264 19712 18366 16244 12021 9139
17667 6520 11199 17376 11710 4684 5893 18875 18724 7142 8496 3725 18881 4965 1436 17018 3333 5320 8118 9638 351 18595 9658 11390 17840 10586
11704 1411 9610 2007 7640 19375 7443 12102 17932 18406 6123 6442 14601 4469 11073 6439 11442 5105 3619 7377 18779 6100 10151 2003 8042 1356
2922 10704 12595 8308 8591 16166 1997 3225 18558 6466 3609 19566 17057 6180 7825 2045 19621 2694 929 18772 14702 3677 13966 4602 6200 129
18487 2419 19423 1613 16967 13467 9563 6791 1599 7737 1997 2339 16274 4727 8900 10830 8754 19644 6046 5191 7241 15603 1401 10852 342 1205
13908 1227 7365 3927 2578 7342 14044 7183 17812 19589 16562 4919 2505 11488 9607 3227 17187 18042 9140 13228 18908 17295 5558 9772 8037 2874
11823 19596 13805 18405 16367 159 8695 2700 10369 6450 16184 19609 5935 17078 6396 4288 18784 5197 7155 19229 17422 3997 999 2879 2864 12095
18456 16462 14507 16426 18288 12711 8873 5259 5308 12087 5128 12009 11545 15252 5207 2822 18323 3705 15100 6021 16278 14854 15760 6998 7567 16126
8155 12798 12563 6573 5550 584 17585 12291 13819 9588 464 7366 11470 2726 559 19767 15512 4484 3996 7268 4543 4794 7837 193 16005 1457
16964 7692 8468 10812 12195 6938 9116 17229 7429 2110 2849 7531 7307 18605 8137 8275 10485 7104 13417 19055 6408 9174 19430 4220 2984 14444
8012 620 15978 14375 476 3909 10973 12789 10112 38 1310 16304 12765 2056 15660 9309 12338 10553 3147 10382 12561 2926 7909 19399 7225 17811
14662 4363 12638 10515 15997 19748 15110 13317 11084 19723 8380 5895 232 18702 107 18514 12250 758 7767 19083 19584 4592 3657 6099 6975 10780
569 5641 6075 12426 9300 8526 15650 2053 13216 6972 2984 9547 1034 12703 17620 3769 6896 17715 13853 1868 16951 16337 19377 15239 2736 17245
16967 8989 3066 4931 16528 19683 19474 18513 11352 14437 3130 6618 18011 9978 7652 4347 3580 2143 4921 11645 6685 844 18661 2620 2982 2007
17947 557 16331 13114 15247 3036 9334 10314 19001 6789 8570 8645 12987 2478 16276 3551 1044 491 596 11126 12624 17202 5000 12179 14462 14555
3472 14742 14264 6693 19210 18693 11229 8543 15622 17419 11387 166 5240 1612 9648 13735 17482 11332 14277 13937 13874 2327 11142 2508 2813 14646
154 13702 13784 5275 3396 17941 15120 3948 18632 6107 4099 13404 15691 9323 4665 6646 7558 9536 15143 11270 14148 838 448 19289 16680 14701
2734 2199 5083 4233 12633 11396 4918 14632 4244 10121 6818 18624 11801 18504 2942 3379 16169 9189 9625 13702 7712 6665 15013 18981 1507 18769
17877 3795 16274 7299 16053 7472 3889 15906 11318 4861 12246 17929 2426 3905 13966 599 8148 12720 7842 6027 18286 13958 17616 13410 19796 6041
7589 14512 5199 6805 14234 4560 10794 15703 16519 14458 8152 17754 18365 18092 8182 3950 12063 1581 4262 9593 9202 8171 4106 13807 5831 19035
3739 6340 14091 8169 7055 16539 13074 13773 13743 16411 15755 18899 19117 8565 10550 16815 12067 16079 17455 15632 7237 3937 15573 16744 17602 8375
11328 14768 15578 17836 13792 18732 146 13096 14395 15178 140 17198 618 17807 7638 16624 14750 16229 12347 18992 17321 11283 19397 6358 5230 3248
7473 8203 15468 497 7907 6384 1988 5874 5286 15835 9761 6177 10112 11645 13279 17603 3930 189 433 1738 16881 6429 19671 15084 7817 10641
16083 227 12152 19145 14968 9240 5817 13082 245 11631 15295 9697 4208 10301 7188 2293 13222 1145 6757 2242 2289 11784 8371 7005 9053 12537
11892 11937 16241 8763 3940 12253 9562 12736 6416 8591 18582 8188 14531 8053 6902 720 19525 523 9912 9239 7745 3768 11135 14394 6201 12429
15171 16522 2407 11986 4712 16330 2908 18783 15157 7360 8230 14364 3224 8801 16492 12638 13913 1466 14543 5100 9117 13178 19544 13504 15620 15509
15800 16189 10285 1957 4508 2761 16434 533 16598 3511 16761 17028 7540 5718 15319 1019 13885 19120 739 19078 13182 10082 10791 5096 10311 91
3525 19220 7930 1570 6037 13756 15760 14791 261 13284 2797 10344 19897 17601 15701 843 7055 7992 10841 6307 1341 14391 11958 15529 17586 11453
15155 10245 5851 6248 14012 16438 2292 12516 3703 14486 10672 16318 7716 3159 6658 15637 5206 7626 10232 12366 271 17011 18267 256 14364 16809
15568 14682 1161 630 9973 17486 14719 17961 240 11361 10443 19409 17110 11213 19778 14452 3455 9964 287 9835 15967 13303 7552 19930 2747 6775
14872 19955 404 10683 15238 9520 9010 17514 2071 8213 10128 7508 19233 16463 10135 14552 3566 18313 15926 19743 4478 11635 9469 17 10984 3829
16746 9521 8766 883 8952 14607 9440 600 1037 14233 13663 15638 7073 12205 6084 16049 18168 10836 3217 16016 2754 1105 6995 12533 3098 19879
5075 15348 4130 2396 12524 17824 2431 10099 13988 7575 12214 18195 12699 6395 12973 14091 9921 18688 18038 19467 4619 10483 12539 4806 7548 19472
18209 7641 1891 4402 9132 15373 5278 17109 4205 4657 14229 14621 2789 13303 13265 993 3660 18185 17122 5575 4058 13265 1764 6453 12806 15315
14980 10421 858 11022 1039 19746 966 8885 9079 17246 763 4493 8019 2950 11519 1969 15656 10615 10572 8585 1782 18226 17986 18095 4179 6344
11684 15922 2343 2820 12537 13725 7948 218 1430 9880 6844 2999 17764 4097 18248 14466 11448 11779 15297 4085 5918 2296 9892 5268 15411 13390
9530 2645 7998 16919 15960 8862 12863 15989 6580 10931 5174 1520 9552 9229 2032 4738 10911 881 13111 5385 12667 19044 12560 1472 16548 17801
11025 15131 14639 409 15896 13884 2343 9802 359 5019 14552 7262 5056 17845 18909 18495 6354 13491 19662 1692 3290 15228 15103 427 2855 4647
2276 19075 13192 10769 17923 10703 6743 7377 15503 12941 18963 4245 16560 17511 3688 1789 15171 5476 17228 17918 10385 8634 13665 3029 10159 13802
7158 12238 13110 6976 11687 14392 11968 9825 4626 6737 10674 14736 8582 18517 13161 10789 15978 6284 2553 10408 5247 6134 10926 18163 6490 248
4420 7977 13821 6981 16660 5546 18322 5962 12285 9673 4324 9930 10890 5194 19230 19857 1517 13104 6853 6472 6597 4569 6373 4327 13042 9300
1789 1809 2253 4646 8225 9660 16298 363 10116 2192 17275 16242 13450 4738 13765 3336 18028 2548 12407 16824 1498 10682 14438 8477 5317 3241
3332 18479 3829 9988 5159 12670 18446 2711 2712 19946 900 18052 15090 17652 6084 4902 2567 10758 17504 13554 15476 10340 16174 16342 178 9150
4716 1528 13520 15348 5796 17209 3027 4023 11260 6917 1351 3017 17635 17887 17613 12038 15334 17586 9878 5585 16901 4848 8528 6720 1635 7831
9623 7417 10404 3099 15330 3618 1631 10914 2510 6924 5876 14814 14659 13700 14757 2154 8608 8796 8468 4525 11584 3184 12200 4448 501 15799
1707 9184 19950 8938 7668 13073 19660 14754 8391 14105 11046 14783 3152 15887 14030 19963 12725 7626 3407 12239 8100 13715 2488 13543 10353 15797
15490 8774 7372 14144 5677 15654 5108 17704 6172 2185 8012 9697 1676 16827 18948 7863 2998 19874 14451 10195 12312 10071 19375 7182 17582 3942
19959 58 10672 14997 9064 10020 16678 14709 11145 187 20 3542 1789 3931 18502 17582 9513 12692 4173 14228 7483 9533 6690 9826 2100 7000
13750 15620 19930 1672 12310 760 1506 3996 19094 2067 4946 17778 18147 13106 9598 3058 11971 3430 12127 16714 4084 5875 17620 5675 2622 16601
12444 6427 807 16473 4541 15194 8020 17948 3645 13645 4846 14981 10278 11644 961 14418 11680 2487 5204 4563 12313 12935 13405 18942 10866 7122
15922 2105 13889 770 19153 12053 12622 12430 13200 2019 13069 15026 371 7487 4797 12574 15142 3395 9559 2263 19807 6683 5763 19892 3673 16860
2596 16125 9444 9096 1493 4887 12348 9385 12990 6599 3970 1136 10127 19126 3645 14644 10443 9022 17101 11442 7842 256 17577 4534 11914 9573
2795 19305 2194 7121 5725 8017 13078 2166 7834 12904 10749 1226 5706 6656 1281 14887 3508 10079 4110 7080 13863 5593 8735 1368 2405 1991
14280 17558 2754 4494 7865 942 7283 13215 9657 5690 8147 7366 17891 11614 6287 14077 16053 8254 5218 6779 18995 6747 12986 3087 17676 11480
10972 19517 2129 10987 698 3513 19642 7162 12264 18211 2857 1636 1400 10713 11364 8755 15810 18334 15464 8786 16660 17693 3909 2146 4403 6909
17037 3226 18090 8095 12785 12260 8117 15302 1503 1739 17853 2859 4196 15682 14996 126 6596 3262 19121 13206 13363 3650 4679 10049 5630 2065
18185 12678 11065 5125 7143 17405 8473 6258 9092 15310 17475 2620 7829 7773 2418 1246 7478 19509 16011 11212 5221 14342 13191 7226 11911 13689
3835 14987 7952 14361 4236 19669 5130 11701 13382 12026 15553 14487 14963 18836 10131 3101 861 713 10507 14649 977 7986 14361 9444 16355 16743
307 3618 2861 1134 17699 13643 6053 4837 13005 478 16018 19008 6129 1351 11900 12435 6079 5292 8995 5838 4948 12556 9490 3707 251 14289
5023 14987 11976 4993 2820 5962 15036 17617 6160 7239 14983 14475 14464 17517 16883 13825 11917 13381 11873 1904 10689 911 13247 4451 6430 2551
17688 10505 14917 2290 6508 16209 12824 17630 4727 11284 8435 6477 13024 17252 1495 5414 17502 111 5815 6597 17590 4792 18119 11771 14445 13512
4127 2834 2485 7912 16063 11647 4647 10378 15393 16763 6481 9701 3190 3149 18515 14931 6328 14858 12552 16080 14916 5718 13361 16548 5845 9195
3800 634 7328 8370 2744 3688 6650 5803 16903 10301 14859 12914 11784 1078 17696 13481 12515 6478 10640 16370 5870 10056 18787 9471 19686 12196
5155 1102 4958 8850 8101 14899 5387 4361 2489 8229 18836 5680 1688 18092 15908 1863 9477 19475 8663 19105 716 1564 10069 19865 17108 17191
12049 10586 16820 9491 12313 10523 9816 19326 14384 2465 5174 19121 16948 7355 4855 4011 18899 9240 16908 6130 6761 1333 18362 10604 15152 14194
12048 12042 7369 1782 4305 11417 17262 8666 1386 6143 7580 4537 9959 11117 15564 12252 18936 16294 3931 9286 3117 17281 8802 1948 4549 14253
3548 11761 4634 9722 14950 738 17564 3325 5675 375 3328 18454 8591 17780 4454 11090 4750 6985 18981 8823 15625 2004 18640 18209 3037 18048
19712 12875 5115 5846 1990 15905 10650 11507 8293 7264 2088 12726 17962 14714 8627 17952 11716 10001 17375 9463 12296 7245 6117 7343 3369 2543
10819 16542 12811 15805 8993 18109 15634 12345 10464 4998 13709 3336 1634 16557 2490 5779 9309 1384 5215 7598 19339 10236 6768 19716 17480 15606
15779 6734 4468 14736 17200 2403 19807 13224 2725 5649 835 5719 17845 895 18362 179 6514 18419 17106 10309 8805 19488 5486 3202 4700 17531
19957 2510 7027 12231 6386 18365 2825 19857 11236 7502 1667 3370 4184 8488 1755 3616 3948 12697 1903 14433 14177 7541 2901 12514 5411 5322
18714 5650 966 9673 4282 13528 3933 13769 16459 11959 19866 558 3457 14509 19227 8644 16494 12412 19392 12865 2209 11125 7174 14460 19198 3382
13509 3825 12443 17838 1147 4180 12952 2044 16060 1157 3757 10499 11781 11889 17716 12938 773 18129 17735 1953 18908 19165 12985 17796 39 14462
11015 7455 9600 2940 19916 347 7647 10328 502 19700 11632 3676 15367 4507 12502 3795 14889 6392 16516 17090 8540 5684 19421 3701 17177 19157
18876 12838 5618 15436 14841 10474 10231 12059 12217 13678 9204 12884 1830 5374 10659 16490 6834 5498 895 15597 18194 9269 230 11513 6023 19583
3040 5667 14185 16277 1417 17988 1789 17731 5286 14814 19175 9598 17120 7 14413 6349 331 19212 5060 7465 3635 7142 18321 12076 8646 9515
18604 822 12916 4074 17595 12666 6548 19129 13213 8536 14451 4467 5747 15170 48 14495 2563 18760 3356 2164 7000 7757 4725 19843 2988 3603
7286 1113 12199 14897 17305 2124 14336 10812 12295 70 10507 11545 16463 8186 5153 1450 18683 1999 10564 4935 5607 7264 9712 16146 14899 9032
4748 11772 3141 8329 751 11250 19956 14919 13521 18222 18171 16177 16272 18711 15018 3629 2619 8538 14572 13254 8963 19453 16493 11225 6582 18054
15257 15088 13901 12863 6983 14111 7428 19760 9016 3827 1601 1730 10697 14642 12867 18985 19803 13635 8634 499 16985 8463 9292 13202 3885 15842
8289 6369 9859 14119 2731 14396 3605 16059 109 15287 6848 1807 6461 15409 9751 7724 4534 4658 7222 129 9754 14821 10887 10550 11435 14735
12709 763 284 3560 128 4911 10004 3389 18261 14614 19429 589 18635 425 8951 18723 12457 9913 12048 14387 4612 8288 2624 14263 11875 9981
15310 17461 17213 11905 2033 6473 16365 2532 10720 8926 12125 11638 12114 15162 2735 19340 18710 13899 18417 7209 16512 6341 2663 15419 4583 9106
9441 17582 19440 14838 1294 11141 14200 18502 16524 17525 6931 5216 1324 1591 10991 10999 7395 2464 8640 2125 5490 3587 5380 9953 3044 13426
6438 873 15725 14520 8619 12454 11790 18459 1546 1316 14625 16197 8342 10469 5314 15022 4880 941 2340 15895 15817 17410 9880 7647 4902 10955
14746 16502 3995 1860 13683 9008 10984 7162 1912 4722 16545 17726 5195 4961 896 15557 8696 12486 17321 11264 14916 14322 1215 6559 15907 14521
955 19542 11378 2985 4026 2788 19464 4615 17156 18865 10566 14829 4652 17831 18046 3144 18838 6030 6247 433 19677 5268 18187 15444 6310 10970
13373 17745 5033 5614 15224 1969 2299 15312 14696 19543 15689 18954 2122 19780 3043 11305 13889 18419 11782 4310 19656 5989 18867 2739 18523 19236
4230 10646 10502 19885 7445 11163 19052 13166 1991 6396 1843 9930 11256 8395 12593 2851 4589 18917 19535 13394 17553 7811 17364 9250 15213 12
15756 2419 5763 6955 5305 19610 16228 9632 13090 13236 17226 19228 14535 4485 335 8346 8768 14373 18253 15441 5751 8931 8149 2609 2654 4985
4314 8040 11960 16528 10518 2203 5550 6852 5118 17459 16567 529 8036 13498 12906 18895 10554 13487 3641 3871 6999 17955 10242 5163 7996 15522
15239 15978 13762 13454 2153 4966 10352 19963 7572 16775 1734 11514 1808 13646 11832 18716 6164 98 17426 830 2263 13462 13572 10866 18227 8932
5004 15685 10863 13259 13544 8171 13042 11389 8781 16647 5093 2139 14768 793 16800 8124 3393 12850 14417 6378 10383 15468 14864 19525 1709 11280
5997 19583 14050 19619 14602 3760 5993 17761 5017 6872 6434 12013 2148 3657 14586 11891 16179 11021 1140 17594 872 12588 2965 12969 18475 2207
11639 7906 10084 8304 4873 9254 2836 13698 13359 4370 16431 14259 19318 9809 16441 14145 18879 12499 11537 19302 11853 11109 827 5065 4524 6944
18045 14545 13834 19984 11732 7832 14776 619 8201 15428 10502 5456 5171 5962 15121 16807 11543 10880 593 10672 16085 9736 18173 68 19746 12520
13447 13791 2138 19215 17231 9656 3849 12631 18375 5412 2716 8605 13622 3262 1161 5587 2977 7407 9328 3437 3762 14865 1222 11367 6018 19068
16909 18527 19105 14608 7646 4148 5242 17606 12837 3485 6364 11047 11303 19523 6901 13856 14757 11115 2203 220 6123 18866 15612 13614 8148 6177
8593 7145 19495 12969 4942 4029 16968 19684 15495 9024 9991 106 12579 4068 7758 3374 7933 15781 10132 13358 11004 4549 16783 5475 10538 12090
13294 476 14177 12640 8842 13661 11475 11447 14522 4741 15056 7794 10695 19426 10371 16568 2278 15235 5788 13576 13140 12242 13626 17208 4317 17253
2333 7756 1925 17239 12785 14174 19454 13938 270 8479 8866 1288 18332 18280 10243 15087 12513 3517 1573 5685 16159 18826 9349 6030 12123 14151
10885 10914 19094 2602 11609 6515 7039 11322 15614 19405 11341 18124 7483 2239 829 16076 10520 9635 7285 10035 12396 16631 3700 3705 12759 3072
5485 17498 13367 12512 17560 5334 6369 9898 14634 4344 16343 1186 19227 590 15688 16659 11631 11931 18898 12941 3831 16366 11854 18704 14302 11340
5031 7305 14731 18158 9492 10306 16157 2128 2057 7235 10777 10862 18390 11341 19186 18856 4971 19469 14610 12604 8529 2456 15202 18753 62 17207
17412 3119 6122 13054 11009 9336 19908 3288 15992 1467 18202 9664 1296 11602 14446 14823 6150 7205 10823 9691 10737 16370 14973 14739 4701 8869
8863 15707 19398 16070 1097 14746 9367 893 3352 19737 1403 7086 7510 14300 12535 3759 4412 971 15295 6733 16208 16324 8618 6569 14822 9530
19588 4869 1556 10970 4720 3204 6992 5544 5903 16368 7328 9120 8842 501 19029 6504 18304 13302 16374 3089 5893 3612 13459 8219 9564 6130
7110 7512 13659 16931 10557 6757 8275 15268 7558 11913 12795 3075 15277 7393 2952 3469 9876 13832 11408 5755 4528 15855 16670 9157 19672 1799
10258 5660 8434 19687 9370 11910 5664 4318 12829 6929 2770 12914 15153 7224 6754 19871 12317 3926 7570 3303 17204 6478 10580 18491 12214 2790
12491 10080 19175 2821 13199 4243 12905 9682 2501 16171 6075 1177 17892 12675 3444 11255 16635 16878 9902 10603 333 837 7826 14627 14008 8553
4218 19810 9551 741 2614 17390 1179 10772 3742 5915 16288 5556 2388 19432 15668 12735 10959 16431 19324 3076 10337 9993 18250 18080 13689 2603
5731 6798 14559 7729 5979 3738 6532 19061 4469 7464 4380 7906 7242 2702 6078 5591 9246 6855 19257 8717 9636 3404 15987 18332 9214 7461
10576 15020 436 18824 1742 13255 19078 1054 5404 10892 2257 10833 3729 16904 2449 6267 435 4307 19008 8190 9872 16050 16628 19045 12193 17602
3556 16572 13616 6039 1868 15824 1315 13079 2183 197 10852 17405 7549 3019 17808 13256 13788 8796 17369 15653 16604 163 4758 8983 17978 8426
8498 12600 1880 16259 8967 6290 9890 9311 11372 19080 503 9169 2867 11298 17100 15789 13494 19426 15135 5962 4999 19752 2284 19304 6895 14960
16074 13694 10743 7187 763 16865 16933 4851 7548 18459 5963 19442 19020 19253 14939 18465 14014 17420 16467 19603 10068 18043 2717 14870 17809 16612
7903 13141 531 17967 12882 1859 9723 13406 19741 17503 19755 15268 13382 8067 4490 8117 6210 8548 6209 6908 15556 4798 8603 3228 1076 3836
15333 8195 11830 13998 17389 7333 12507 11497 12901 19002 4054 7802 19260 15168 6551 14129 13113 17832 15903 17092 12962 16540 5661 6661 5833 18216
7497 13970 11049 18305 8887 19379 12754 14721 4354 17638 2446 52 8910 16033 19051 9721 5502 10233 4935 18731 18607 3139 52 18891 13065 17839
14220 6065 9190 8452 12220 4153 9890 11208 9268 6687 5629 11593 3794 14474 18430 726 15653 14483 1925 6164 13264 10067 15008 3636 18495 6841
8530 8883 7016 9968 15591 12398 2358 13222 6896 1280 6030 10925 14381 14330 14399 17753 1708 6694 2592 1705 4582 2593 18457 6553 6881 5068
4578 80 5066 437 9173 9919 4692 11400 6395 11443 3267 15642 8898 10176 13592 4953 3941 8149 15009 5128 9232 10791 3213 1755 2103 11509
8245 16173 14892 19021 8225 11627 15223 19176 10240 15786 18932 30 169 13249 11146 2222 17603 16429 5681 4166 3950 17621 8133 17415 9761 12422
8231 5630 9619 8256 13955 15835 15962 677 8749 16848 18673 18668 14649 8323 4927 17775 17465 15236 17448 9369 6674 6727 6936 9261 15712 9973
19934 4118 14133 2146 10059 18961 13234 5798 16789 10428 6653 5823 14160 19908 19329 10137 11320 4930 4622 19796 16722 17867 3214 15386 5663 13648
16982 3158 3821 8989 18472 11141 5235 12352 7454 9096 4486 1391 13720 4356 6494 10192 15025 6415 4260 6084 13325 9051 13793 4723 875 7442
11624 7699 8965 19405 10400 3392 12993 13493 643 16355 5086 1261 19004 18286 12325 1956 2441 9876 18258 19904 14196 8822 16292 18360 2611 2480
242 3177 1356 506 5157 8628 6041 14244 16367 13886 10527 1941 1511 11918 13846 11553 14225 149 8245 4641 2061 6892 5127 11157 15159 9579
3711 16870 1597 15128 1801 4857 13805 2607 19149 1654 12928 11546 1379 1661 7592 17756 13491 1018 6443 17213 5323 17555 279 1319 12388 10095
8135 14740 5866 18461 16499 18161 3820 11106 18584 8091 11787 17800 6342 1357 15 19111 1849 11861 12973 7491 13263 18107 14113 13713 1962 3850
15432 2193 1272 18272 9895 2650 19131 4198 19329 1574 7968 16988 3947 5512 19354 3239 18122 13791 9140 4511 2805 6595 15369 12115 18713 9768
18445 15401 8615 99 7208 11399 17169 11391 17787 9104 17468 18939 4596 6173 14512 330 7196 5422 15015 4972 14349 18183 16695 14749 17116 4210
17363 7692 9499 8370 15634 16540 2721 7627 17499 8656 4818 12398 4932 5506 1835 6694 41 10300 19452 12126 348 19894 11162 10367 18571 8982
6399 16454 18487 3499 13856 6009 11943 2327 103 13965 8272 15382 7350 3483 16391 13554 9277 5971 2715 10399 9145 3179 12077 12595 6654 7560
10704 9797 14177 13344 6687 17384 4465 3491 13930 9096 17669 11746 4878 4946 9337 6883 13976 13678 5800 19917 10591 19236 5294 18633 18639 5798
15927 14100 9134 15681 3418 10045 6613 12167 9704 10591 5629 13010 9264 1892 13983 7984 5714 2841 3118 4793 18735 19626 2029 11830 587 9004
19508 11240 2807 12496 5632 17243 14147 18844 8918 15970 15025 5255 18702 18767 14816 6870 11922 15899 12734 4248 1438 9848 13514 13434 1199 10461
3345 7088 2925 12388 4510 2575 2818 9969 18385 4183 4392 3919 10098 13150 5073 13162 4001 6789 13106 11613 546 4341 3177 13691 18465 6845
