365
83 84 78 62 96 93 37 47 89 11 87 39 53 65 9 12 9 73 31 88 7 99 25 39 12 97
12127 2547 12400 435 8043 8221 14932 18228 13838 17963 11680 15630 7376 13433 16034 5682 10784 5801 17447 18795 19099 13514 4063 5430 10798 13424
6966 13376 762 5400 13582 10761 1464 3513 19328 19161 12423 6683 16442 10347 15959 19957 5612 1788 6476 12102 9303 4593 7043 19058 18503 8067
13757 10225 13264 6019 2906 3273 6234 790 19054 6204 1574 8618 8979 13366 13943 1392 15572 1733 14982 18526 12733 16733 12300 19716 4142 4650
8149 10042 1700 11218 2472 1107 17759 2167 1311 9140 7914 3449 15268 10934 4149 5132 18272 8876 15232 18823 9838 18112 7824 289 5288 16762
13788 13874 7038 11723 5085 2541 6913 11118 3333 5647 1263 19541 14777 17028 368 12571 6172 5647 10248 18546 13993 1816 3301 6437 204 636
14720 2079 10583 10432 7259 4281 1315 15202 7318 998 18853 2230 14597 19222 12773 7668 4417 1564 8872 521 15134 19982 6440 14950 17214 1269
16663 8235 11176 12528 9210 13444 979 18904 10816 11346 2615 287 3576 13130 14866 8248 12494 13898 11632 14573 3560 1471 10406 11054 16634 4958
17356 2028 14253 11112 12987 13938 17449 13790 12851 15623 4819 19765 11669 13314 15485 19590 18156 5719 1976 13835 9428 6932 12115 2318 19828 9382
10718 6567 9905 8322 6088 12471 7092 9493 4185 19807 5529 2285 18494 7686 2302 9455 14541 2002 13889 19248 3520 17411 11050 16013 10407 14542
6566 7412 5244 9300 4923 4988 14834 9151 1445 4723 10089 3714 14296 11775 9890 18422 11073 9315 13715 6239 13517 4467 4418 17276 7987 430
10980 10947 7740 4639 6200 19520 16510 1262 4133 1189 15128 18663 3985 11392 5301 18544 3479 13754 19527 11904 8512 6886 11131 7867 13679 4628
1723 7292 1997 12602 14881 13468 3908 16623 14046 2739 4341 6188 10864 4561 3255 4002 11607 11063 18855 14099 3780 15543 2817 4240 10514 14769
10469 16075 2342 18435 2264 3641 3202 12637 11069 13579 2016 11450 9306 16197 8549 19594 4690 5682 5175 741 16042 1738 5605 16359 7908 19358
16523 11494 8941 2115 6237 17661 7295 17778 19052 12354 12062 268 2882 19124 14465 2895 6395 11013 7908 4204 17986 9846 1711 3556 4858 8054
14700 16318 3404 3319 523 16713 15204 16783 11424 9310 8949 19018 8400 8983 16763 4489 9082 15677 6880 12220 3777 2389 19349 2591 6894 4841
5006 124 9276 4384 11365 12521 16125 4644 10919 16431 17202 3283 13809 1628 11438 2131 6251 6801 17383 19075 7352 4764 8215 14915 10636 13482
15366 8316 134 13844 12870 13082 5909 12074 14421 16959 599 4054 11370 13420 13942 8485 19754 9302 8505 4099 2224 14817 5222 15275 5397 817
8747 19236 5746 17510 11462 15439 4795 6282 9122 18628 18821 8450 18006 13369 17790 13834 14487 6830 8717 4169 6446 11381 17222 18610 8038 7034
44 17545 6447 14992 3651 7335 11760 3892 9582 13815 19442 13727 16900 16572 17709 17535 10359 1900 7972 6347 16552 11478 18037 149 5067 1612
1348 8296 10147 13860 13832 609 15422 15867 12053 6946 12625 11911 8856 8879 6724 2841 16485 14131 5043 2296 377 15569 13766 8292 8102 2364
8582 6293 9219 17629 2324 14146 2288 13984 17258 5502 6298 19571 2910 14533 13703 4606 4820 735 2459 13998 13209 10487 15093 19607 8608 19246
806 18718 17139 19089 12323 9387 13232 19047 5574 11683 5722 10701 12091 13197 13748 6257 4174 4620 11620 12288 1116 5279 2975 8651 5053 17783
19177 4793 270 4173 2630 10893 19938 8036 18694 7902 6158 5673 11243 3341 7517 3067 11555 9093 12630 496 15608 12083 499 1002 8824 380
7214 4340 6491 17343 19525 31 14765 15563 6502 8632 15257 7297 19827 13050 2836 18093 17715 868 18233 1511 8109 2142 10142 19021 18598 15698
15771 17242 13818 16344 2246 6654 335 5757 16895 3879 15643 8863 5690 15582 18304 13724 10630 7580 14805 18653 6437 8134 11307 2008 1244 14761
18108 13185 16479 2965 11016 10344 18121 13730 9764 13051 15372 11628 10750 16102 18051 3267 281 12920 6812 10523 16440 8058 16408 8344 15731 4909
12651 18216 1966 5369 9626 9316 12176 14858 13699 15199 9882 6869 19740 17377 18487 15641 6839 18022 4895 3572 7401 18884 531 16980 12838 8735
8099 17498 7538 8146 7837 7618 14532 1268 4436 17979 2998 13494 7235 12639 1774 3692 10891 7313 6901 3290 7219 16698 13934 5166 13990 12324
12237 10366 4999 4316 10413 3242 14260 5274 11267 16512 2821 4169 6391 1604 8504 7209 641 10119 921 17938 13047 873 7553 6745 7878 5457
9735 4492 14059 1153 1610 14664 14289 18518 4272 1055 6413 18180 354 10597 13332 18942 18079 15190 19142 4906 6406 11887 14109 17455 19860 12317
15400 17308 8436 12386 14785 7495 18826 11674 14162 16366 14523 5971 5573 8768 17488 2755 10308 13783 16994 1724 3939 1659 6251 3868 1048 6809
5043 17591 1430 19125 18185 5310 8183 13891 745 3140 17826 17613 3896 18316 17833 16845 18050 2453 1637 885 15757 13575 322 15830 15223 1188
83 7192 15015 5796 4199 2878 12596 3520 9990 5134 6698 1312 13473 13892 8856 8356 18389 7994 19232 7290 12442 11638 892 15541 11222 4582
2794 19087 456 4922 9808 421 10651 5867 5902 15290 1806 17677 19442 5796 3293 4398 8475 9239 9246 4625 6680 16961 15674 3317 17081 16566
11361 8219 5396 2833 18093 16130 18038 12821 5140 7816 6438 391 11937 8201 7349 5835 2 11699 13175 11586 147 17921 16202 18055 17039 13337
1885 4709 17808 14374 4408 12686 15838 1940 2266 18378 16587 10944 4458 12270 4477 5833 12382 5732 11714 18224 9917 15989 15143 2001 5458 19517
9800 3006 4515 10423 18280 9763 1419 16438 11180 1174 4924 15366 8337 16749 3768 13824 2579 4978 11008 1229 10517 10741 9679 3229 12701 15792
13623 17460 17549 19768 14350 6270 10794 13140 4178 811 7034 10352 11326 19768 13168 18499 88 10325 15538 10699 2492 1276 6169 1838 4439 10798
19957 7420 19999 2960 12191 9951 4705 5653 7967 15234 10022 13749 7287 15732 17967 11408 18447 11037 1542 4432 14290 17588 15966 5013 17852 3912
17548 4235 10445 12044 11998 12021 19120 1047 1748 18237 15128 8724 412 3822 11261 12277 5637 10202 6174 11582 8659 660 330 10624 11686 6479
7513 10604 2610 5044 8773 12618 8528 4630 8078 9458 12477 4176 19123 4290 13084 9524 8118 497 451 16379 10752 12292 19952 12073 16677 8557
19675 11457 5330 14919 5168 19536 17726 14097 16744 7768 1747 11809 7616 12668 16901 207 9557 3492 6993 18363 3692 11018 5164 7027 7618 6351
13313 15589 6596 3366 10957 1068 11859 13144 13429 5796 6556 13736 7429 19982 19816 18329 2077 6974 12427 3498 19964 4558 7136 10000 9508 16963
8181 17261 6955 12712 18262 19018 14855 4074 4525 1328 5256 13544 18654 16576 19296 3637 8948 18729 19594 12211 19501 19280 16463 10915 5746 2420
12314 13891 9560 3232 4832 12395 19733 12949 6619 12818 11781 12454 1881 1563 14937 14307 12714 16247 11336 14876 11362 17373 6424 17219 11100 2093
3349 6972 1210 12169 14051 13137 4614 16988 6368 17599 8000 11652 11659 5981 1082 827 1786 4731 8395 8549 3757 11688 11306 4446 10382 963
18011 13018 13964 6928 15891 11436 18048 18464 9861 3445 8460 14634 18835 1743 1837 19218 9943 2355 5301 1862 4614 16129 4749 812 12015 1482
10458 8036 11807 19839 7767 12948 2973 5755 1791 872 6442 12463 14131 2379 19142 10428 12228 10773 16228 6573 14105 12770 10938 8054 7312 13503
18431 15727 1641 15413 18080 17685 10223 6536 10231 7880 13800 12101 9413 16096 15603 18476 14112 16997 3150 10348 9030 12509 277 6153 9163 16967
8848 7166 17275 2393 9353 7409 1969 9361 17984 6599 19687 15822 9609 18510 19576 2989 7184 7205 18044 8854 18011 11612 9279 15985 14827 8204
8619 6767 15853 1086 10470 8158 3683 13875 1255 3756 8247 5823 9988 16102 1170 12488 11119 2531 4195 6573 648 3361 14402 3761 8101 18030
1688 14498 11423 5094 17031 16658 9813 9354 6874 15894 10496 945 4781 715 8896 12571 6766 1299 19455 14315 19166 209 3210 15619 10125 14974
5825 10639 9004 8332 5740 5637 1892 4402 3244 18334 1468 12123 13241 15702 19799 9666 14108 4370 12593 17719 13931 19523 9621 14522 15626 9194
17188 10740 18420 15005 1389 16629 8929 16945 2015 14793 17864 9556 6364 9745 7850 15887 2109 15121 14989 16612 18387 10833 10274 8951 910 1092
2396 16842 5005 3513 6057 9938 12771 14699 11235 13558 15038 15864 8397 4500 2461 16819 8178 12625 18163 17467 12771 19211 1562 11568 3871 11360
4294 10733 15960 13279 16614 2343 9633 16633 2575 9892 6154 19918 9953 3196 19935 8943 13893 17211 19274 13760 5475 13295 5086 8793 12331 10084
8142 4767 9633 2402 1144 19752 12248 6526 2300 13900 7977 16173 19162 16069 4297 14290 372 14503 7429 3577 2867 5449 5593 2596 13600 15777
11931 13260 17872 893 15553 2954 16612 4081 6146 2936 770 1848 16060 9469 15348 13586 13586 16403 5254 3718 13500 7841 9726 1729 16471 9184
12102 11683 2934 14832 18803 5413 12752 6531 19589 9059 6087 1449 14859 12124 2024 5987 19839 14185 8914 18399 5891 1967 2412 5106 10647 8749
6858 2024 3817 13903 12530 18653 17404 19000 9624 10511 19209 5761 15790 6391 15659 14915 11204 10520 9019 10017 15308 18266 4219 16907 10370 10354
3876 14498 2095 2863 14333 9141 17991 10657 13841 18055 9256 6225 5760 16439 3270 9371 7509 15085 14994 15495 12514 4243 18513 507 7425 4803
10440 16446 12707 10566 12815 349 2640 16269 4098 626 11714 12508 19995 9948 10484 15901 18510 6060 8764 13650 3826 16002 14176 4810 17916 1762
6347 3310 1596 4304 7066 19952 5374 14335 8757 9866 3020 5256 8477 15257 5303 845 14801 6019 18940 12541 19834 1795 16619 3222 16706 4311
3588 15238 7994 12339 17446 16360 8723 17651 14863 3539 8060 4868 7921 18965 10573 6134 7164 14066 13325 15853 17371 734 12934 15248 19355 1469
19330 18959 19706 12275 9036 4561 15313 10471 10677 696 6583 3661 14016 5909 11906 9996 3170 13738 1431 936 17907 10843 15332 15162 12741 7425
1815 4964 17378 15108 9508 16495 14252 17735 19655 4570 3522 12371 10555 4914 16956 3213 6257 3053 4075 10106 695 11065 1477 15341 19922 16291
12523 12186 12475 17887 17160 5308 5804 12437 4574 18325 4991 3001 3047 8529 6230 19978 16370 719 5295 16030 12474 13116 12387 16781 16276 2266
8340 14545 8336 8176 5264 8637 10570 12893 9257 14346 15902 11367 14766 11929 4564 1947 7443 19407 10070 9746 9374 8959 2548 5981 12160 5518
18692 270 10012 19567 11017 19162 16175 11705 19683 4834 12040 10499 6726 10393 1811 5841 11591 11267 11247 12673 14468 5047 4732 4127 8530 17163
7488 19051 9748 13820 9295 12427 6401 7154 4947 6841 12840 7926 6670 6230 8400 8245 15500 14884 9598 8473 11392 1333 13260 18966 16397 1091
4172 10608 9048 6609 9242 812 8183 18994 5995 10160 5180 13834 13879 17857 13827 1869 4874 7827 8125 3176 15535 6575 5607 7738 18402 8924
11987 5043 17981 19768 2264 8551 1232 4562 6723 6226 633 13373 34 13165 3744 16226 9301 378 19332 17767 10709 5862 15584 5824 9940 18240
17527 6839 19746 451 12996 14811 17243 3172 8019 17316 9171 7395 9149 4660 3984 18854 19527 5572 1222 2666 15895 14601 17072 2297 5094 17591
6798 13033 12138 12424 8062 15084 13168 1372 381 13527 5351 7744 2912 8577 10987 7235 2024 19608 13846 15744 5436 8176 12997 5711 7856 3583
4588 9584 7761 12351 17445 19458 17751 9759 11389 7334 5170 10603 18055 1915 6845 16356 14421 541 12439 19964 2067 4018 6643 951 2606 8421
5923 2209 10487 2907 2087 361 12011 10487 13167 17893 19073 3396 17680 17992 13139 14713 2238 16576 9011 16535 8180 15330 308 14724 5266 18896
9559 189 8242 19308 9676 2862 4048 9540 16712 4287 3242 19637 4260 14104 9399 9356 16925 18036 12156 15362 7057 11896 12847 6738 3773 13243
2765 11083 17715 12616 12590 927 19545 2380 1409 2063 11012 17239 12854 2822 2388 12244 13807 5553 2550 5551 7383 12239 10911 3715 19123 8225
4227 5356 17832 8003 17483 13851 16634 4299 5448 12949 7949 18776 9305 7975 13605 16360 15004 12187 18657 15628 413 12113 3312 9380 6033 7911
3864 5150 14325 13992 18562 14833 16646 17086 6414 9138 2938 14476 14257 18050 17313 8216 6130 10391 1417 9266 18638 17445 19751 7589 4061 1069
17188 2861 10005 4053 7409 6994 8947 9217 4607 6369 1223 12250 16660 11122 10701 17709 623 8276 8945 18710 6015 13994 2189 5592 16914 14542
3497 12164 19493 8799 1756 10540 2295 9149 4757 9628 4848 1752 3958 8972 5392 4993 2768 18009 18600 1875 1210 10618 9461 9634 14256 6856
16187 6608 15619 14967 439 17055 9355 19853 13370 5385 17134 2588 6416 15031 472 19062 10800 17204 8453 13856 19476 7766 1632 8376 622 19136
15929 10284 5607 18332 9975 5796 5018 8725 13246 4186 18259 3029 5394 6542 130 851 10087 14107 5158 15586 4732 19214 5337 17836 17935 7664
4104 189 6452 16773 6536 18266 17302 9418 19406 16950 585 16096 18191 5738 9659 15166 6051 6992 4932 13962 19520 7632 2689 11431 10816 19088
13433 10575 7928 2390 11213 9606 16904 14937 5411 17586 6611 11092 14160 13432 18038 3043 7974 9715 1393 7594 13354 17036 18951 9861 12741 3014
443 379 16376 3083 11612 5 7529 8299 18946 7905 1477 12056 2786 9848 8542 7292 13930 19524 10810 15372 6800 7763 17298 19981 15464 10789
6498 8925 3792 2312 6922 11511 7074 1348 19086 18682 18461 19898 9672 11910 2038 5322 14279 6289 10358 2495 591 17384 15471 588 1531 12016
15764 18195 12055 10154 9837 445 7836 10042 4683 16690 17713 1098 5253 7376 13510 1765 9967 727 12352 226 5905 14996 8786 9868 11307 11454
6887 15621 10622 6613 11460 12394 2009 12318 16612 3311 9622 9877 12783 1142 13779 4916 1111 9144 9953 1942 14313 17044 4433 995 2189 8391
19271 10594 9872 18529 12400 4923 8704 630 19583 1662 18194 4675 14036 13356 5399 7956 3076 3160 5912 14613 5004 13852 10408 4076 10936 9888
17088 15407 17469 19053 16580 6542 18378 9177 1951 13356 787 9936 17107 14331 17687 13494 7059 18461 19280 2647 1504 15000 12768 17024 1123 12501
19512 3740 12839 14143 17937 13719 12591 906 17164 4076 12381 5225 7581 7216 15027 15552 3166 1020 1920 9767 14829 19560 7867 11548 3945 8731
17656 4599 14257 16302 15336 5810 4323 9754 14490 15440 16025 17453 12240 19001 14592 10533 5029 4383 1601 7901 17414 8424 11223 18186 6992 9470
3539 18942 9878 3162 4725 16933 9844 1233 10943 17450 15387 1876 19046 19287 3924 12119 17863 16408 6480 12657 14306 10909 7356 14777 10513 8865
2926 15042 8536 15861 6690 11344 17436 388 4899 13810 6490 12342 19383 6024 3235 8173 4141 6628 170 16425 18290 2646 13771 4965 2646 15656
1181 4921 13640 12330 17098 12097 16243 3736 7488 18715 3588 8177 13335 12007 10661 15376 8637 7112 2567 18058 14690 14079 19043 11123 1021 8942
12906 17865 17241 226 15924 15481 6908 4559 3554 17017 11519 11923 7454 6523 4289 13293 15820 16034 15318 2517 13282 13425 11994 10915 10639 5948
9091 6839 16964 17488 15673 6775 9950 360 13466 18498 8081 1331 11298 11859 3100 4586 445 12471 9972 18078 1316 17662 5183 2773 15186 6751
1240 7155 2421 2321 17620 11948 11117 18551 12253 19919 12422 10386 370 2575 4364 19130 8473 220 8248 19176 5355 760 381 19448 11969 2789
4204 9562 12141 16130 16537 7518 14796 3026 15340 16832 2792 872 6175 4964 16565 684 2084 13062 4750 12604 4214 1931 4642 9964 2842 10495
7856 14375 5498 16451 7172 10028 11526 18002 8416 19718 17541 17489 8903 3670 1618 19203 14771 10437 9995 9394 13098 5843 15402 5960 12868 11631
606 19562 1557 15006 18044 2934 16039 14652 8800 9752 16171 18597 107 14009 5044 17004 16344 4114 2873 3423 14748 6002 19225 786 11356 17020
3553 125 7595 18534 11420 11370 1214 17668 2947 7016 4228 804 12680 10657 9306 9133 122 1581 19851 8031 9630 2362 14088 17495 5660 18518
10544 12410 8714 1535 5180 10828 1670 4002 5628 12659 12623 13657 8939 10916 19031 7051 11696 18770 17233 3620 3102 11 3592 16413 12569 12570
2914 13160 9426 7498 19169 9363 17444 9319 7553 10619 17999 18525 7810 7114 11652 7155 2478 16563 17363 19081 6590 17806 17912 11024 17627 1636
10294 546 5543 15432 12344 18728 15532 1083 19609 6899 6225 5577 13601 2447 3567 9854 11787 15316 12521 13453 5048 11076 1866 1032 7902 1636
12918 18058 13493 2558 9310 5073 9482 16465 8885 3585 12435 11325 10656 9703 17020 2423 13911 5005 18378 1978 4748 4625 11751 17502 10293 6059
1358 3489 457 12183 7924 13175 4405 1677 9182 13180 16698 17752 6352 16863 17279 11548 16086 7904 1123 17869 419 9249 18180 8633 10031 19897
13083 18154 164 19102 17644 15556 568 18817 14238 5153 16810 17534 10728 16702 13061 8208 4537 3655 11815 18019 1711 18607 12664 8646 5365 15500
5221 17119 11361 12134 669 4023 2488 4712 16577 14783 8923 11861 331 17512 9501 1346 3986 19678 6924 3640 2695 17913 12147 3946 7599 13859
2662 3422 6448 2098 19046 18589 895 2503 17989 11051 12845 2065 19243 8553 7111 6011 13996 9228 16546 13413 3855 16158 4065 17225 11060 10147
10003 4479 19960 19978 9421 8972 11246 17422 1013 1082 10283 2446 6444 9797 5033 9549 19492 19783 5838 9382 4297 2612 3180 2751 2134 2317
9695 6301 7742 10238 4070 5963 11481 7140 19999 14647 5409 4356 11157 3293 14228 8188 6627 19932 4866 16393 562 15007 17935 5858 9659 336
1169 4161 9040 16200 8063 9593 19586 15005 6816 972 3424 12950 13231 4500 8860 1700 7467 17933 5384 13359 12354 11374 2632 19824 1106 11916
7525 18102 12613 2279 19873 1712 12289 6536 12401 3343 6020 8653 19103 14277 17135 18380 12724 14612 19074 13721 5268 8522 14375 15307 7883 16949
19121 7803 1595 15442 10325 42 18324 19483 4192 17153 12594 18818 19839 3180 13077 12638 10231 6994 17167 14649 12439 15467 11044 4656 4824 2117
6623 17231 14954 5895 17948 12218 4988 8420 18153 8998 19604 11789 9992 15559 579 16626 12195 6079 16765 3946 10668 9223 15396 10785 17796 4003
3127 8484 129 13132 9115 5970 5172 10111 3703 10956 15128 4453 8242 17221 2951 8233 9073 8951 10743 16531 13102 3013 5257 18460 10020 17371
110 9767 10943 13189 17892 11785 5366 12131 982 12821 8962 583 5807 16688 964 9108 16703 11079 1682 4162 17605 14398 3125 16301 4221 16705
2924 6494 8945 3511 13510 2652 621 9232 4256 12806 1944 4782 13333 15372 17506 11430 984 7612 1044 10967 9516 2132 13326 8056 11277 17067
18542 1463 14679 19482 4676 19690 4832 839 16653 16272 2417 16365 2174 11418 15056 16990 11450 11329 4259 5970 3515 19621 6426 140 10947 7374
14969 1110 17350 3841 3001 11207 6004 16255 15318 2775 17189 3730 4791 7582 779 6145 15638 1416 19909 7076 14988 4133 17656 13054 10116 11344
13855 116 18048 14796 6106 6994 18798 12061 1564 3031 5792 851 1545 5295 13961 7124 13030 13621 7396 18445 10245 13557 15752 7074 1094 16552
17212 965 14287 8408 4680 15705 19453 4459 18638 12374 15809 3962 2638 4942 2764 9165 8771 5508 7368 17081 19459 13932 6954 5163 9456 2862
7184 1630 17770 10830 9540 14954 271 8008 19839 16753 16043 6402 13883 889 16792 3770 18243 9618 8337 11486 127 8762 11558 13216 13254 19974
9716 14732 9257 12815 5659 5351 18927 10947 17730 6674 101 9856 755 6845 8820 5438 8296 8477 3552 15113 13271 4184 16503 1779 2387 9984
16708 11760 17076 18633 18852 10623 19613 19661 5209 14628 45 11469 8835 1416 1570 2475 2023 19797 15140 9382 8714 12146 16183 15406 12613 1668
10372 17712 19419 6868 10649 19761 3049 18487 16662 15280 8991 2116 6607 10127 4288 1115 11889 18436 14168 6881 7293 14151 9467 17998 6580 15750
14693 5196 10711 8436 10919 15517 3317 14255 8329 2407 11562 3048 1935 17462 18253 18735 18237 190 13350 13434 18985 18943 12163 2953 14499 4867
12389 17034 11773 3228 12364 974 14410 3818 16224 13607 5967 8181 18836 15128 6858 17775 4031 10384 12072 7178 16732 9256 13702 17210 2241 9877
18959 17922 14143 19005 4436 1043 8078 6735 10743 4453 12184 10724 19187 12538 18057 17343 13665 15122 17047 10317 17928 19338 8279 2848 18334 9481
4835 12722 1794 13896 17361 17195 2474 11809 5762 16083 5956 130 14557 6978 11252 1377 1646 12770 13069 13808 19186 10971 19363 17779 1060 4836
16413 335 8703 5227 15416 3547 19334 11186 9137 15677 7632 8920 15157 14880 11972 9457 6317 7266 14436 17141 14084 4374 9477 15162 15659 14366
6373 14156 1896 514 17895 9667 14746 6365 4211 949 4980 18507 10043 4269 10896 1908 3825 5665 15450 3998 14616 11141 8393 12665 9066 3926
2413 5728 16470 18224 12244 7164 9642 4194 11681 4244 2066 17980 17798 8240 12520 10475 10124 8112 4825 19303 16941 18809 10173 16665 303 15458
996 5682 10371 10112 16158 9709 932 13128 18905 369 15457 9335 19395 9175 2156 633 10156 1599 3129 16863 7112 12117 19141 2374 6196 10332
2748 13261 5149 8783 8264 2289 14010 18423 7513 8602 8555 17362 17615 9003 11193 13979 18163 3536 19388 16776 2701 7877 5835 3372 10475 11143
9759 17872 3788 19854 2224 16776 4876 8454 16329 480 19524 1597 15053 13839 13289 17968 2095 13572 17987 19229 14480 12479 5557 12101 967 8324
5955 9283 1276 11372 13410 15942 7039 5058 18710 12311 14768 12884 19412 8288 11527 10249 319 14546 7199 7820 2033 12320 3734 15339 4169 6670
12529 3268 13117 17249 9207 9089 13714 17172 5399 372 15732 7799 10959 4077 8470 5211 7070 8305 1672 10980 8879 8609 7359 12874 6621 15512
2991 15808 11923 11520 16029 415 16570 11634 6964 12826 18469 12606 8407 1686 6198 93 11120 12231 12272 10492 19972 18655 7925 6020 8160 15392
2506 6185 15303 14525 1855 1600 11290 1415 10214 18477 11925 19167 18109 15703 9678 16312 19058 4174 5017 2946 13078 12201 2963 4265 7825 5332
18126 1708 11354 4096 936 14813 3022 18369 1416 8779 12341 12017 14403 5642 17790 18279 18865 1084 14141 10669 7176 8763 6545 19752 16031 7672
10742 11107 19874 841 483 9748 8910 8780 13715 9698 7594 3238 10417 16251 13249 13163 81 4626 5923 18312 11298 18408 14673 6958 14658 8625
17769 16157 8763 2471 18719 16183 9759 1637 601 3116 1856 10507 16193 7527 18515 6313 263 4254 5365 11942 9157 10287 6096 5045 2554 14388
15180 2818 2126 1617 14125 3137 7883 17052 18078 6831 11190 7527 15888 11139 8534 11993 15296 3107 10 11018 16390 10202 17673 14016 19268 3775
909 11954 16898 6377 2055 5643 10170 12088 244 6565 565 13537 6014 6239 11060 4469 13946 13093 16856 5884 19850 11638 2913 13679 961 17736
9483 16934 9766 17620 2354 16943 17562 4418 16408 3090 13443 18802 19845 890 11804 4061 17945 13079 19488 736 12073 6815 17770 3177 2773 16180
3770 5082 1235 12916 3854 14757 15115 5033 4653 3089 9409 6492 1570 8787 7600 1193 19130 17069 4832 19327 6722 9602 2815 7718 8877 14222
16667 12939 12737 12678 17023 11798 14818 11881 18865 1223 15988 15204 15593 8460 7764 12275 14948 17256 14624 12508 16261 18581 17517 16826 3280 17281
2583 9244 18831 3419 31 5947 11367 1849 5673 852 11904 11741 10706 16709 11735 3644 15946 14199 3862 16997 4892 11604 19713 10348 3742 10388
10336 11324 13547 16295 620 9349 5579 7482 9546 15932 2273 16998 7948 3940 18925 2158 15052 15705 18344 13889 15441 5897 4506 19880 12726 3634
13672 17189 17142 454 14352 648 19375 14992 15436 13148 13083 1429 12992 2203 18726 19533 8690 5616 5288 13876 4703 1830 2192 19749 10483 8594
19312 10244 16524 17124 12493 10595 18964 15631 2060 13901 269 12762 10454 19676 7477 610 14648 13137 6349 16147 8880 10336 2679 4215 12134 14544
647 19670 1215 7540 15739 13524 19826 10730 15311 3614 15251 10263 10742 2440 15272 15034 5055 16946 13066 14003 4696 17488 17987 19186 16866 8525
4915 7006 13264 3706 6169 17706 10745 6945 7780 3294 8987 12069 6628 9702 19455 18093 9009 12336 3600 9414 356 6818 3979 5932 8423 10304
9580 18764 17931 12085 6525 11907 2921 15332 17004 12695 18635 1747 1281 2240 6590 14134 5474 13984 19769 5783 6697 11499 9744 4234 695 6909
19679 16707 9140 6573 4020 17860 11619 1806 141 15903 17403 1860 14104 17270 10400 757 14063 7231 10337 1822 9665 16286 1242 19905 417 1544
6782 19629 5219 1685 19607 11564 17001 4161 13158 18434 2182 17837 2819 862 5812 14973 895 12945 18975 5465 17978 19469 11916 226 8719 16448
11213 10017 7342 9768 2289 13703 4096 16832 4562 5351 11683 10547 11487 1437 975 10371 4376 2070 6021 3870 7897 18525 16772 16470 7102 19039
3582 8705 9104 4808 18588 17207 1006 5189 13062 5642 18097 6572 14392 14141 7704 11261 17731 15672 141 4888 1859 7775 1089 17083 12865 19927
8495 1249 293 7896 12966 8495 14977 15974 15288 3143 15738 10507 3801 13919 3130 11891 4316 9253 17637 18625 7532 12087 10825 6319 1697 7246
10772 19502 17788 10619 11910 12588 8732 12591 13291 16537 4269 8203 1152 14542 381 5169 231 18359 7104 16160 9044 8469 14163 16032 2338 1182
5061 9388 19555 12218 17601 19654 10040 19050 3246 7063 3735 16784 11453 19591 17808 375 1548 16360 14828 16160 12267 10406 3321 1853 14652 2310
19414 19444 7207 17893 8017 14364 9552 5457 13732 5163 12441 11112 6880 13762 3640 11042 7219 2133 16394 7388 2920 6683 5794 17915 5622 7312
16129 5277 5465 13879 5851 9931 12991 1797 11040 2898 13717 2261 1251 12954 1040 7564 15624 2304 11423 16235 4720 7956 9095 18088 17554 17133
9111 5726 11690 8753 4588 11478 1928 9680 19222 9013 1730 4597 14520 11187 2662 15244 9936 6965 2811 17493 15059 12284 946 3871 13342 9799
14149 17001 1838 19407 16784 14025 10237 2246 3304 16075 771 6358 6537 9915 4879 95 6384 10535 563 8874 1305 2777 4682 7168 17064 3726
3775 1200 2485 18725 13358 15617 860 3508 2761 9344 13094 11278 11024 15192 18030 2603 966 1867 3141 13016 4714 19115 16013 4293 11270 9252
11336 13613 9228 9547 17828 4471 4920 15037 14491 18030 18592 9541 19580 1029 6982 2348 19252 16743 9942 5830 6841 15990 17078 5957 3869 4802
1128 12691 6504 10968 3111 2021 18038 8209 14006 16557 3169 13414 4322 7796 2795 178 5300 615 4921 9241 388 12710 15905 11053 2283 7640
4701 11424 13660 18431 18263 2482 9471 18669 9881 14387 15946 860 15866 5577 7900 6661 1967 4927 18957 14584 11754 17472 14209 4879 3536 11588
5917 13892 642 16845 6906 16542 11023 1778 11572 18600 9128 18412 7957 3574 3580 11407 13465 16370 15321 1162 4068 15116 8243 5868 18501 608
19990 1866 15038 15113 3781 19176 14409 9818 6212 17529 5310 3599 17555 6206 19588 4576 10917 14136 2621 13520 6644 431 13194 11569 17798 1001
5089 11307 16767 5384 7477 654 15689 8283 16048 13441 15678 4319 18718 18182 9964 2332 6516 14575 8223 16546 8507 6609 9160 5268 14537 75
8516 8219 13805 18892 7147 2385 5747 2299 10207 9677 2639 17525 6520 18287 19390 11736 9644 13190 4081 5739 10615 12187 2677 17456 17850 13950
14031 4050 15658 19715 760 12882 11996 10608 19277 17507 8723 8492 4320 7595 15087 11272 7396 7049 6500 18619 18479 1328 1780 7971 555 13499
14981 6224 8543 18827 1691 10736 6909 1546 12539 14708 1875 12590 2193 290 3150 957 2737 8471 2835 18169 6128 19582 16500 12339 10212 1129
12497 9216 17199 13175 4163 11663 11386 11394 6688 18414 13471 4448 11448 13450 13760 15529 7689 6393 699 14690 18628 19787 588 8457 12500 13907
6318 7134 4115 13689 3133 6919 11208 13771 9053 16241 5550 17311 15821 1961 5936 19995 238 653 7867 553 4911 10294 2610 15883 11875 5719
8806 11422 19546 458 1422 18289 17032 11563 2986 17967 13065 14880 13240 15287 11105 12847 15187 6719 10408 10275 11345 19958 14391 1294 15422 10737
9078 223 7518 19405 12571 56 6823 11018 2030 7218 19157 11132 9117 4497 17505 9854 6706 19250 19231 3982 14085 13443 14699 18881 7975 17148
11267 5814 3517 16864 15955 17919 8847 15525 1344 6216 16263 16567 15876 3382 10350 16982 18062 10831 9866 7705 2411 3844 18047 4158 396 8170
15456 4463 18555 15688 18115 7073 817 10606 4572 19694 7768 5446 11775 212 8064 16094 7851 10941 19480 11002 11826 18377 774 17785 11538 12584
4455 12428 3543 14842 1816 16930 11179 5729 13941 10098 9244 12116 15392 14360 17415 17730 19794 13933 1246 16684 18201 10106 15662 18710 17200 10148
2010 13229 17873 9370 5552 5987 14485 13619 18051 1575 3218 17700 11888 18249 11847 17151 1086 6640 9454 13145 4075 6675 9994 11549 7458 2469
821 4259 2621 11703 8200 19221 11143 12005 14432 11491 19190 6837 7090 7276 5324 17561 10496 16397 2111 19718 17353 11346 17502 13432 2695 16309
10637 6141 16315 17551 18991 13214 13824 7346 4609 13173 18531 16394 19871 6790 12078 3207 893 1890 6850 6405 7516 18249 16341 16305 11274 5315
7087 11083 4762 19377 6275 19332 17939 15650 11882 16058 8214 18607 1741 18253 13746 15635 6064 1196 16316 7317 12774 8965 4750 19359 12625 9215
5743 7698 9700 4243 7006 14445 4261 14678 19654 6167 3063 573 16669 12062 768 6426 10046 17968 16717 590 11321 4905 8674 5425 8313 16576
14656 19978 8229 2556 7509 13641 9471 1344 15537 13578 2643 1168 3715 3592 15475 14078 4568 3287 16763 2694 6229 10142 13071 11667 13815 6914
19868 7577 17442 5764 10655 2118 1041 16529 15930 4726 4191 2645 6792 10304 9823 16906 7793 3805 13995 4121 5634 9592 4024 1368 7423 4964
11585 15260 12933 5816 15804 14054 14781 10875 1536 8821 31 9386 3218 12054 13557 18149 16174 16047 11227 7281 9069 18894 485 14351 12151 19880
12654 13271 455 9971 18642 10044 5718 1237 4599 19091 7355 15100 8194 1170 3640 9364 3377 11888 17913 14387 5211 6747 51 6130 5924 3400
6076 15079 6004 15058 18295 4175 2088 9625 14820 10976 15009 10923 13348 352 2323 4280 12692 19905 4576 3668 7371 16866 6203 16385 5354 4251
12514 11525 10788 11696 6912 6097 19077 19218 639 43 7707 15558 1694 15311 5889 11803 6993 9356 7273 2639 5258 8112 6479 5905 15802 11220
9462 952 6620 3190 2634 18606 12109 17210 9498 14686 12063 5726 9833 3296 2283 16081 1384 8014 4008 4945 3954 637 14254 19167 4723 19263
2462 6295 5048 14792 2598 16733 11809 11778 17250 7472 17887 7236 16614 18594 3674 7719 19684 1634 1627 3658 4193 7644 6713 13384 19343 18429
18633 7758 18121 6758 13550 10271 3325 19625 14982 12897 190 2447 7949 11721 19673 18855 12747 7516 5787 18172 12873 15919 3698 19448 14075 881
4744 13207 7524 743 29 9990 9069 3091 6140 17174 12290 17789 5640 19759 4108 3679 13519 7987 14981 1443 15183 11720 14737 14555 604 4397
16806 8678 5591 5900 15019 10791 7005 17360 10102 6152 12219 2469 156 3630 4179 6608 8784 914 6342 6866 10749 10005 959 3560 7008 7181
17272 17103 4334 19556 1745 11161 8692 7239 10146 16601 1034 16378 6416 12651 13455 16121 12049 5375 6912 13082 6243 10326 2939 1087 8888 6968
17020 10058 4891 17901 16388 18598 15757 19623 2922 17062 15462 18208 10620 17588 6155 16105 8831 2868 995 19945 11456 10973 11185 19317 6180 11499
18836 7011 8077 8265 5765 17154 8009 16387 7432 19309 3757 284 16006 13226 7273 17701 4311 14152 10154 7927 18844 16746 10392 6318 6960 5555
4237 13552 13294 11105 9395 10349 4752 16093 264 13721 11917 4104 15790 12406 11343 3645 2025 17565 299 14783 1667 6092 15574 13807 7556 16440
3197 17742 4418 13937 9297 4811 153 18493 15774 3373 14729 14543 373 3003 10866 14735 12586 13841 18201 6261 3015 8639 10857 9282 16987 2868
18877 5638 15309 2293 18423 2629 8832 2458 16183 14153 16178 816 810 7227 3584 14907 18614 8042 13583 16409 8242 18996 13870 14819 8588 9530
3143 13404 16923 5086 3581 11122 12115 16673 8342 19602 960 11883 4774 5717 14399 7365 3889 15364 14640 1961 3014 10748 500 5062 3294 8812
6578 17535 646 17172 15882 6635 19455 12667 9522 19193 6325 4533 4747 5068 17552 5465 1045 1490 3880 15475 9126 7760 14902 19097 4587 8999
18241 11951 15248 3749 6635 758 10714 11653 18535 5103 9301 3021 9670 1437 10085 13267 6888 6849 16806 1444 2889 2944 9021 19937 2240 9218
5470 6683 19261 10160 17812 2471 10786 1755 12334 17577 6746 14275 943 13244 3876 8224 4223 11613 6374 4668 4515 3466 5941 1477 6801 5957
13102 10254 14860 11629 5567 19830 6215 11475 8255 10197 15775 14965 9959 5270 9971 2494 8737 18491 5151 7098 4634 9511 18524 19697 18967 16208
16495 18814 12422 7177 4435 5518 289 7079 3445 13520 12507 7695 11385 10223 667 14645 18304 15990 3104 6225 12282 11039 16998 8336 16125 8958
14324 10490 17656 16618 690 16250 18244 15268 19862 18966 9428 14095 4863 11851 742 13652 867 18347 11264 19314 6283 12458 3874 17922 4980 17265
2971 11301 839 4379 2352 15379 12896 4337 19952 12808 12595 10247 7477 12030 16925 15614 2162 17909 11238 14812 15003 12520 14566 15931 8711 18666
7061 2259 18943 8874 11482 11678 15174 3236 10798 14854 840 11739 13431 9030 1084 874 11403 13593 7087 4282 13080 15388 3852 4654 6010 4260
6482 5895 8101 2935 10875 16594 10443 5832 15856 10166 8997 19269 7586 3945 18586 12574 5793 5185 4677 4438 17510 2620 130 11183 4613 170
381 4536 9708 923 9474 9560 11240 4522 18352 6321 3957 13081 13279 6949 11630 12832 8939 2378 184 16477 3308 4340 2301 15189 1796 650
15967 14383 9616 15190 8860 12614 6149 8672 1125 13634 18029 5225 14173 14945 13457 11939 14710 11569 3715 11670 17455 9114 2863 19170 15858 2334
14613 6485 17704 17479 6726 16468 18634 6692 16714 5928 3270 17258 2568 5647 18019 9845 5080 1582 10215 15488 2980 17689 19821 7075 5654 7261
18438 1417 10303 73 13768 5288 7883 1040 1113 13300 1665 17694 18835 1767 1449 4940 13892 11666 10563 3127 3870 6347 2638 14067 717 8490
8431 13939 673 15102 3419 16257 6391 18477 3478 674 356 16089 1780 12281 10066 15168 14812 18264 3240 3037 11293 17386 13067 17406 9610 10762
7439 15001 14778 5689 8635 17155 7462 19309 18226 7788 1302 3406 9471 6817 6616 14460 10365 18774 2965 12985 1862 14424 7198 8998 7921 9613
8564 17177 10351 4142 6994 18742 17904 10519 19470 16200 5017 9510 3917 8336 10052 5193 6190 9240 18949 1755 6892 4788 19384 6666 18304 15213
15739 12178 16653 17165 16388 14331 5576 14231 657 8201 8806 17572 10082 9723 4891 6025 11486 7993 5813 4331 9938 12987 18035 15676 19637 15906
10989 7815 6933 9703 14580 2065 4903 2422 19755 15840 10322 8128 15542 6965 8871 13817 4177 18108 16812 5548 17629 14703 14562 14555 7908 9406
16185 15875 6261 17340 12975 10449 16764 8849 6845 12317 7365 7738 8687 6880 8188 7617 4724 14641 9770 12698 17859 3539 11594 4371 9996 741
13873 9558 11845 394 9448 16613 6549 2108 9929 105 6505 12199 17187 8681 17276 9095 19172 2970 14118 19707 8145 9521 17851 113 11470 11242
14171 254 1666 16693 14517 8813 11012 5334 11893 10053 14497 401 2514 18456 11799 11856 6737 11002 16499 6687 18341 15763 2458 10488 19520 15890
13795 1659 13265 12584 7869 10460 3351 809 13393 1535 19832 3463 19953 14074 15222 17063 5807 16304 7204 19081 8410 12904 13171 16574 9967 36
3180 13408 11855 15756 2860 4009 13208 18889 15576 15169 7396 14157 10259 18800 4347 11057 16343 5147 14638 1893 916 12941 19708 4896 19731 19800
8025 14525 7993 15444 9264 17509 15553 17849 15459 7057 16534 19043 1248 9803 13782 9037 4557 16219 16773 560 15551 15152 19546 3266 5791 10525
12409 2377 5305 9965 16491 16314 6976 16325 600 10899 7868 16704 4508 14296 5175 13204 969 5303 15370 5501 5656 2450 11195 13301 7284 296
6703 17117 15483 19936 7994 11046 15430 17885 11559 17221 7368 1923 16607 18817 4921 12942 6991 304 1315 18653 18391 6786 2540 6271 12380 13150
19771 7542 4682 13950 10882 3083 11549 11849 17998 14579 8385 7759 6842 4882 8361 3526 3297 4473 5218 19655 14443 18735 8113 3638 17897 2265
5479 9157 18161 16239 13556 14683 8807 5535 12768 531 8070 17048 17717 7467 4045 10511 1262 10987 11127 718 13881 11662 2717 5866 13698 13408
14555 12056 5672 11825 4448 18328 17398 5833 16785 5914 8158 5240 13191 11072 9223 2248 2573 11049 17898 16340 11429 17561 15930 1067 7540 5943
9598 19245 17537 14023 2850 10996 8312 3690 6802 7201 2137 19922 10184 3997 13070 8749 4012 8670 1561 16718 5488 12602 14590 17 19921 9438
13995 8448 12125 11497 18644 12627 12155 9826 11070 7191 10658 678 17163 11075 5649 16825 1169 19100 17039 15518 15427 3468 8064 12252 1077 13187
18492 10136 15178 4801 14670 12160 3231 17667 4158 6042 4472 7467 14963 11650 4919 7942 4514 18170 11989 2794 2683 1903 8523 14239 2962 12161
10666 12996 13451 4179 13484 12204 1903 7950 923 4670 5159 888 2621 18053 18465 17182 429 5063 12507 3393 15034 6466 9873 5640 11328 2837
404 15591 2774 8474 650 9017 9603 12615 14497 18449 12270 17088 18558 10155 5629 15967 7665 5420 11788 3302 8643 7018 18790 17426 14595 14634
13192 1583 6103 5674 14334 125 4903 14276 5354 4049 7843 18808 11129 15017 10081 7465 4503 14505 11875 6863 15638 698 7255 2810 11058 370
3352 4179 4594 12803 17371 12673 1165 1505 16091 8472 125 2232 2106 1498 524 12468 3342 14452 4080 17130 1907 12053 8876 12088 4683 3244
4387 14692 11247 14462 9038 15163 9411 11091 16720 12163 15055 7209 1669 7550 2572 9086 5260 19329 14002 8506 4031 12653 10554 17817 8667 3237
16941 4426 4090 1778 204 3468 9667 6247 3515 18854 19434 19189 4429 9884 17461 9789 3606 10527 18406 3677 17714 1172 9587 7733 14142 19287
15281 13629 15306 19301 7989 7380 2721 3317 7544 12505 8717 9431 11731 16713 19352 11892 2368 4823 842 9465 8135 6106 3822 13559 648 15007
2396 6283 8812 17134 19479 6388 11487 8505 17931 15981 18458 2231 5361 17822 16649 9724 19809 13318 12285 4 562 9479 19258 6636 17927 609
3994 2705 5604 10522 7840 2283 5477 5071 19675 7511 11983 4960 5476 15537 12706 14178 300 19951 18842 11169 6238 9705 9767 11434 2653 7424
11458 13293 5256 2560 3606 515 2512 17622 8682 15282 12330 19141 6286 1017 6108 13992 4571 18532 19691 7091 9151 15215 18513 18265 3958 992
8894 3238 3968 7668 8113 8527 14559 12016 1260 6372 10539 11883 7677 7925 16239 8671 12983 5480 7113 5569 5352 8368 10754 4393 13818 4308
8385 13541 1437 11590 663 19670 5858 3668 6914 2785 3819 9170 14616 16567 1551 906 8371 8848 11865 19613 17262 7575 18759 15628 1202 19555
18439 12742 10603 9038 7352 16520 4269 15187 10096 4706 7588 7670 3770 122 13189 2070 4447 3449 7811 11007 7359 1524 15915 2909 8452 1331
15862 14284 8269 12231 19018 9139 3047 12214 17497 16188 13234 11837 8026 15312 10289 19671 8480 16080 12610 15122 1617 19885 18023 5183 8054 13685
736 10546 19502 15842 5367 5076 19222 10036 6464 13318 3627 17720 10010 8355 14787 4556 2089 15566 5492 15065 19560 5680 6579 12033 15133 6305
9934 17567 6586 16691 2009 18038 12744 1296 11786 9658 13429 8460 928 5679 589 10692 104 12436 8490 11389 18639 1396 19029 3843 18429 2035
1268 19040 7522 1307 12778 9576 9464 251 5960 3612 5256 14935 19801 13848 16606 18944 9576 15672 9728 2818 13976 403 8101 1721 1635 5516
9552 1538 9880 1428 5298 13163 6810 10028 14114 12662 18612 17141 13962 7051 14607 15675 2975 4771 573 15868 4411 6982 13896 15119 10911 8797
12813 17230 16242 13336 17263 18887 7611 18237 19203 1432 4214 3946 7455 9578 3429 5156 12102 1309 18966 14221 5501 12249 11824 6290 4536 4766
17058 4433 4671 6245 6211 4504 7533 6223 6947 12298 6693 2877 20 5263 5831 15408 12797 128 10725 819 10621 11972 19823 19832 11612 10402
18912 12888 7782 1972 17875 18540 7382 497 15278 6240 10919 9818 11945 10268 9417 4012 19041 8457 2313 10359 13114 19517 19745 12877 4444 4904
10443 11292 17675 8239 17477 19480 3311 170 2772 8462 13351 585 6250 18553 7658 13418 11546 13296 7334 6520 13201 8761 10948 11169 858 1232
897 19131 12776 7011 15852 4486 16448 36 17807 304 19289 19153 6976 8059 16577 8229 13926 12672 18330 14411 15789 18062 19867 5551 11661 18159
16354 16466 8226 7306 7193 3343 3664 9680 1178 15886 2908 3139 897 19035 820 3958 7191 15996 2821 8541 18985 13683 16415 1774 12844 10394
6912 7789 13567 12541 15428 7451 4056 17197 18202 19308 15681 3310 6490 4024 285 7840 19164 12530 17684 17097 19289 17694 3780 6404 9312 10082
16600 3165 16316 17894 15465 12964 8664 357 2347 16068 17066 17421 18976 16223 19831 2369 13974 733 5595 1624 2334 538 19369 8072 19306 5540
10462 19931 14084 9003 8283 19904 9650 5350 19672 1863 15903 14950 5153 5427 7989 272 9971 11390 9013 10581 11257 11336 8033 15485 11612 13505
15702 10440 12851 9367 11895 1214 1750 7671 8673 895 1321 1739 4566 7000 1083 4359 10794 2050 16101 5434 16491 13622 18927 14265 4518 3231
9501 13396 4783 527 4868 8225 6527 7949 18788 19976 619 5002 893 15607 12593 11754 8922 13166 17937 12444 8396 18646 12961 9277 11895 5722
5639 19911 17616 18151 17016 2624 2405 13861 17253 5623 10032 8576 6374 7160 3393 16713 3798 19029 6201 4081 14955 13138 8313 15175 8268 2496
3524 11266 15450 15313 7446 14562 15072 15315 5202 7860 14986 13413 16494 3446 7063 11251 15329 3337 11825 8253 12916 19497 4110 6140 4406 13150
15378 5116 4437 2985 10463 12761 5195 19623 4848 9420 1124 16108 16279 11989 8259 13409 14026 10863 8286 481 8129 16275 4351 1453 7270 13867
14939 3415 582 7974 14481 14224 7880 9709 3896 9770 17782 12936 10815 12490 8828 12031 18480 8195 9393 14939 19484 9114 7761 11110 19471 2684
8066 14436 6922 2784 5489 6928 6545 22 16372 8069 3220 722 705 8486 15862 1345 1451 17223 7638 812 8198 8593 19995 10664 5841 2797
5075 17202 14279 8670 17686 14860 11323 10257 3339 3781 17919 12857 10646 10210 1881 11385 17117 8444 1613 11206 1571 13450 12078 16384 5936 452
16701 7332 5948 5010 4180 5307 8072 1155 19440 3181 2075 4013 6492 12427 14748 1913 16481 10335 11797 18343 7870 10291 15030 9070 7224 6348
10951 12181 210 13396 14709 16706 4637 3163 3700 2621 19671 4428 16509 5115 778 7829 9903 2318 43 9273 15078 159 11485 16765 14396 14625
2546 1228 8512 10623 4911 5428 18263 17569 8706 5140 14814 15638 19019 12319 17370 7120 14689 16817 9091 5718 15048 2249 18457 18201 9042 11248
17000 14748 16304 6375 19002 18124 15005 18937 2886 17339 3399 3159 15672 386 9989 6367 474 15224 12060 232 15876 15801 17432 5294 19654 17089
1192 14107 1674 11482 14376 19595 8406 12010 6726 6692 5986 4090 1856 6093 13356 7799 995 211 411 17617 6914 1347 13071 17845 15505 19246
3991 4427 7218 2613 2185 17403 12976 13822 4036 17673 16185 17487 15586 1269 14295 7663 4382 15762 19061 18880 19960 13024 15299 12647 18224 9102
14918 19788 5075 15737 2207 17646 4063 18591 2048 12223 7242 12212 13194 6059 16279 163 1455 8295 4028 5410 3179 18505 13333 15176 13345 18917
6985 3462 11087 16519 7457 15812 13054 4090 19425 8594 7694 14450 766 2192 4759 11405 3398 19697 19359 15660 10466 16271 17556 1551 9907 2802
3755 19754 13255 9389 9838 15256 1129 5074 1007 18138 4093 14116 5384 3219 15502 19325 16972 8887 4434 327 16223 16745 1861 19822 2735 19991
17445 4802 5324 7581 2824 8399 8459 4112 8573 6553 15994 16097 2867 14731 11419 7684 16731 699 14460 5126 19942 12643 12552 1731 3230 9760
4872 904 7915 834 18188 9091 11859 7541 19385 2608 8484 9106 19296 18683 12805 2941 5200 7251 12666 6804 19248 16153 19801 3069 15851 8370
10274 18122 4595 13786 9721 18219 18910 17263 5657 17393 9215 194 10956 13221 931 18962 4677 5197 10734 13794 18633 9506 14858 3925 5935 8482
10115 10814 8178 15876 17312 722 18989 9153 8821 15524 9906 17554 5530 15496 11044 3083 2705 14855 8615 11458 5602 18725 11716 12872 2328 16216
6852 1788 2676 3307 3529 9519 8118 17948 16991 9279 3021 2610 946 17496 11912 33 12520 13447 15207 5387 2267 19509 18112 4596 18180 17562
15253 9230 11184 6649 15592 16655 13553 12647 14929 19404 4666 10049 10705 7330 4378 7103 11151 12289 16926 4015 12881 18267 5990 14447 10562 10448
1555 7990 9389 833 4016 7110 16055 9259 7152 3601 754 9758 458 355 17033 4202 2034 17070 8516 12120 17330 15370 6035 7388 15984 13484
9952 19248 17897 13087 12872 7687 5633 11835 6672 6531 875 2373 13392 11874 14829 10418 12996 17006 16628 6546 5157 8464 16885 2499 12808 2708
5716 11895 17571 17263 5449 14104 18153 15013 3624 19248 18224 16146 15810 16334 11413 7714 9604 4325 7317 17057 17043 16697 4314 15784 15291 14927
9277 14970 3175 948 12456 16837 18025 6144 870 10280 4803 2304 19107 6337 10861 3611 19790 8150 11962 428 10171 1475 17727 13786 477 6043
13873 2195 12899 1653 54 15296 10860 14082 4110 11433 10588 3537 6150 17080 12270 15212 15259 4555 17632 16752 4189 5007 12999 12363 19808 8447
15297 10885 13198 8087 6263 11823 1673 17858 3414 12877 16257 6790 3776 17603 8845 8452 18506 5947 15813 16416 16078 18403 19573 8859 3755 5672
782 2356 2731 2761 12987 9721 11638 5479 3325 3802 2620 15793 9171 17741 10434 1204 3365 10879 16565 7764 17442 8280 10188 10870 14069 9936
7543 5718 14427 5945 7427 19552 16364 11057 18258 12350 10206 14788 17428 10907 19999 10263 8650 14401 1490 19049 126 13115 19385 1875 4351 15930
14215 13031 11670 3759 2090 17225 18840 1889 18412 15460 13933 6061 18207 13398 15258 6553 19844 16404 4745 7785 6993 7149 15227 1066 6667 12328
12789 12036 13367 982 598 5924 18826 14170 9876 17307 5649 19993 3847 4717 1384 1648 5047 4814 1760 16006 1752 14173 15451 3213 12897 17260
19745 13791 14692 818 9495 7272 10435 6637 8125 15997 18756 16360 15219 8680 13515 2627 15339 11224 12529 9163 19804 7826 13773 7932 10250 7029
4632 18682 5729 13762 4567 16090 14995 738 19258 19780 4658 7944 17925 2982 7925 6311 16082 4856 18503 18602 16660 2399 4247 18084 11816 7256
2914 4900 11949 11235 17103 15154 13779 15976 9951 10735 9236 4977 6632 2306 12887 8274 1948 2349 19781 7400 13206 1082 18698 6421 4940 10711
1130 9179 12246 13371 8785 4171 19287 2243 1647 4111 333 11892 705 5934 4551 4546 18196 10716 12664 98 8154 5285 13485 1682 12651 4328
7836 4394 4464 8794 12957 5961 1145 9125 1213 1448 15587 9172 8889 19514 9190 5698 11924 3040 6152 3947 3842 8509 8651 155 12413 12379
2397 3128 3235 17684 15705 16585 6677 6952 18151 3854 10598 7182 8304 4277 5370 12320 13143 4676 15367 13412 2386 9366 4566 11029 15257 5511
13319 960 8846 3092 5119 4183 8390 3174 11986 15083 18225 13685 9558 5362 13903 1034 5400 19412 14056 4142 17972 11009 3766 460 15781 19721
4601 1170 2027 15737 9449 15347 10101 18566 5098 16658 7810 15076 3695 9658 12369 11346 9537 14207 3450 1795 4844 328 7034 17365 18169 15736
328 6208 2607 13665 9387 10033 17288 10235 13272 2197 15039 17605 6165 16940 15826 3870 19674 13921 1189 13869 12674 495 9547 9826 19729 1117
16925 8668 9125 4154 11304 6090 10425 6644 14802 8530 17453 14651 16267 5951 16134 18881 4339 14939 13078 11019 9639 14073 16786 13044 12792 18410
14623 15484 5779 1409 17569 3231 8595 15016 14429 13322 4894 1805 15796 18286 5744 6151 12234 17062 16187 5699 10954 14087 2416 19307 14767 8161
2476 18439 19608 18272 9442 1129 12464 16242 5487 4499 8715 17176 10353 12233 8336 12246 5935 7411 10953 18658 3604 7285 569 19038 10000 19186
14716 14713 11497 14929 11153 3434 14415 12508 8742 810 2487 3229 3453 7404 11308 16884 11606 896 14047 5382 17593 7965 12098 1461 10750 953
19680 18084 15321 10192 6397 6460 19251 5782 7128 6102 5171 16588 6173 16809 6383 8655 6753 10460 4240 12154 8047 3525 4498 6861 14220 18864
15888 14030 18218 16806 13780 15633 783 7533 8180 140 14042 3368 18923 15607 13078 16569 54 18671 859 18341 12496 9594 13323 3234 17021 15427
10133 3201 9307 17012 3501 6941 12433 13810 2990 5313 6032 3142 2144 7987 343 16971 17314 12398 15781 19033 13829 6343 6943 16776 19476 10025
6493 13354 8933 3371 2304 13167 7082 7028 6708 9575 10427 9327 11364 9431 295 3565 10977 834 3980 14175 18403 14260 18620 7882 14757 14748
17417 1930 15077 7178 13141 6210 5280 14755 10388 10620 11368 6547 18403 5300 7352 3682 6092 13922 4367 12559 14078 1611 15454 14201 9183 8228
17607 9703 12158 13754 13464 3621 7462 7067 7852 6335 18920 11939 19066 8332 18747 13980 165 11688 16240 692 18967 13420 12449 2582 1432 14075
4584 14795 19998 19250 10060 13385 16109 406 19304 22 16188 13986 14401 10786 16545 13871 15044 5508 18336 5339 18530 17958 18967 6234 17121 7776
14591 13083 10259 2861 16813 18860 8362 15776 14012 10001 6978 14401 16267 11054 7416 5387 18204 8823 11765 19674 14953 12988 19031 11716 6167 6358
15765 5206 12310 13104 19960 8138 4433 10928 18892 12663 11927 3978 3320 1395 11103 323 9790 9875 15110 17167 6546 11875 11497 6441 19978 12542
19351 25 7586 4734 19600 12577 2498 11657 17435 16513 6537 1845 11466 19866 19467 14196 19613 15095 363 2254 14622 4391 5681 19092 6899 17196
19516 11592 17547 9915 7100 1083 19948 4231 12932 13329 1559 8589 14677 6989 17121 13868 14736 7321 15400 4431 9599 14210 13204 15572 11647 3757
15338 102 670 11252 6102 10731 7240 7778 12856 2554 7503 13882 5632 19456 12370 17695 12814 10961 7153 18723 10655 4043 16657 13291 10032 13165
19773 18961 618 14094 4847 10438 12054 19068 7807 1629 6743 17079 2354 13268 7478 854 6344 10164 55 2189 17529 16930 18409 17893 19193 11438
11756 12761 4937 18737 17252 4669 6328 17449 3798 8840 16049 2239 11875 9704 9310 4711 1961 18167 6244 12936 1816 12563 9746 18508 5896 1494
6984 17067 9565 16306 8662 15926 18418 17640 16136 10818 2060 7999 15969 3495 14885 7896 11430 844 2513 13555 8458 14245 9500 4505 12089 17129
480 6480 17616 10071 9959 19419 6497 4578 1271 14867 6618 14699 8408 19116 10388 12288 1522 4497 2866 2981 18083 10385 15683 6846 8552 11001
13708 10624 4168 9491 18703 2932 16900 10873 12464 2326 11845 15092 19286 2693 5897 11617 6833 11751 10333 1487 13769 410 3365 4005 10624 14362
625 10959 13000 1405 11344 19321 17238 14196 4806 10934 1 14689 9046 2663 17020 1929 9863 3063 10549 7867 13651 10347 19971 5508 8403 3824
6896 19804 14231 15493 11566 16360 7451 18435 17545 1896 18920 8232 1104 463 10690 18129 5050 14906 18092 2693 10495 327 1713 5441 16919 7062
7165 3551 8579 11775 10777 17838 2560 4531 5963 19902 12112 723 15964 14404 17206 13738 11306 13739 9450 13312 9336 17178 9764 7156 11305 4914
12269 18788 13205 837 3360 18067 2731 6260 12294 19193 13930 5964 13328 17522 7792 7178 1921 17860 3260 7655 5849 11642 16659 2830 10417 17951
15605 7598 5955 7254 19012 8815 6509 1820 5092 307 14466 14008 12182 18026 1348 19429 18191 6758 19870 16226 528 12222 15865 4755 16885 17604
7665 8006 18218 18165 11975 6423 14304 16876 12650 9558 8994 5686 12473 17611 988 194 1932 10302 9211 15986 5555 2160 15790 19429 17444 16668
19513 8635 10966 4721 663 10208 9056 4062 5425 3651 13303 5269 19296 18341 2910 8590 897 5840 3341 630 2345 10865 8118 9621 4645 10510
7357 7580 9644 15456 4394 6991 9315 8014 3464 7507 11367 6169 4667 18600 6357 4512 488 5550 101 5819 14885 18993 17022 14759 7175 18469
4674 14066 2162 3297 3002 18726 8889 15939 1425 9936 10546 19470 19113 19191 15708 15496 2786 1210 19576 3109 5849 12707 6719 15350 19596 8350
16691 18622 19236 12100 5708 12263 4026 2536 15440 15285 8924 14518 9283 8604 16607 14733 12997 18530 9196 2636 958 19274 8998 17284 2925 15431
3010 8272 11693 15967 297 3295 5185 10635 14237 10190 17031 8229 9483 19195 8461 8732 11621 3225 11930 17183 12530 2920 4521 13590 1761 15269
7171 969 964 18730 6546 3504 2767 6680 14505 8164 7903 19463 17887 19004 6404 7566 4622 8556 16789 15444 11087 218 12641 368 4188 19718
7910 15940 7161 13741 8393 12826 75 10090 6417 18834 15749 12123 19392 19173 3406 167 18111 6277 12740 7224 10725 18524 18228 5031 16113 12092
10629 8594 9306 15689 8235 15005 9463 13845 6405 19900 3860 6372 18957 18756 4432 7189 16574 2204 13056 13025 2367 10688 19145 2229 15317 646
4560 17609 15064 18151 15352 18094 16929 824 1443 13865 8324 3626 10107 17962 13675 12908 6870 19969 5328 5174 4625 3017 16992 12239 586 17712
4621 4911 16522 2209 525 11014 1146 9552 17436 14930 1700 42 11317 9274 17343 573 13448 18487 13430 7713 9171 4429 12593 9249 2828 17168
12326 4441 19044 11960 12731 19257 848 568 7891 9148 19085 2066 8458 8270 18684 14134 16930 19984 9909 8915 7264 3040 12110 11545 724 4854
15128 17834 9174 16801 18018 223 2535 3258 1622 3492 17942 14594 17708 13543 4862 4691 3148 13714 7075 6063 3465 6426 1098 8868 2801 19449
9421 18037 16546 4925 6047 18421 16360 19590 18698 4493 5376 6136 15359 5616 4446 11156 12032 52 5530 12323 15538 19431 18500 16481 2533 10597
418 11955 8592 19999 4149 15353 10437 2318 14864 11270 11128 12754 7135 13733 13462 82 8556 18167 14685 15399 4761 16032 6791 19543 12288 10888
8228 13288 14537 3347 12442 2171 19989 4288 6909 13620 1355 13996 2017 8454 5060 10883 7430 5737 6317 19350 6235 8318 14868 17293 7919 19613
18183 11664 17043 12955 6219 9983 17749 9570 7287 8106 12777 7051 14703 8208 388 15695 18909 18114 1658 13571 7917 3312 17034 10227 6473 16547
8430 19598 13799 9492 14201 16657 19879 7822 3512 16570 4800 17853 16025 18613 13667 1309 13775 15474 15122 14271 6534 1133 5427 12462 4997 18862
2447 3478 15653 16333 9707 1174 13678 14160 17540 6976 6753 10948 12549 7554 5668 10327 15835 19954 8112 3962 184 16110 7391 2802 4463 1065
15073 16924 9868 18128 2740 7609 11247 6029 2566 15559 12608 200 19705 12689 7515 4731 7861 6360 16549 16224 11691 7691 10801 17133 15172 11026
10741 133 18776 13256 15487 3192 14859 331 12146 7902 10819 18096 9049 12055 1096 78 16155 5266 19780 4639 15619 14530 17884 10551 18179 706
8646 8014 18326 19969 16251 3380 2267 16170 17361 15330 15111 15308 8187 9183 5356 664 9544 2869 13416 15805 1519 7747 3576 6389 18907 12715
1899 12626 1536 18453 19401 3384 17754 2544 9665 12599 19630 19603 1449 18148 16807 4934 4619 7675 10887 4360 16483 16001 13253 19639 5485 16343
10456 5404 17430 8471 1285 14594 19600 10581 3695 10292 1386 17548 12147 3182 4543 7621 12742 15830 1218 17191 3235 1084 8349 8184 2658 252
4724 18427 16676 400 10237 9445 17878 2367 7210 12853 505 11479 10701 11690 15505 19054 30 687 15249 11420 17739 7723 18979 9614 15260 11456
18753 12265 18621 11122 2615 7357 13084 12709 10948 19650 9316 4777 14005 7927 2647 7044 18210 7570 9223 6752 6374 8603 3759 16620 4698 19658
7495 3976 6061 11262 14897 17333 18420 1419 7473 12141 8967 14004 18919 14599 14892 6787 5803 1347 15026 4828 12369 18670 4016 1421 1292 19266
19705 7398 5502 2474 11850 8041 13631 5700 19082 1265 1322 12029 14466 2992 18031 4858 15080 15914 8018 4304 14887 3600 7342 3152 17289 17374
11182 8656 4002 6439 3959 6075 12536 9359 18442 8039 6764 15804 9033 11352 5161 18027 17108 17569 14945 17882 1200 5416 12472 4192 18714 18337
