365
95 5 98 50 32 9 47 63 45 18 48 31 95 95 49 99 4 22 26 31 65 61 63 35 72 64
3086 9012 16139 7576 18769 4916 10898 18781 19721 1359 14385 2843 3308 1778 18272 17102 10512 17777 10085 1379 19841 18894 14787 2089 889 8764
16020 5592 7044 16036 17874 11251 2211 12979 15366 18708 7964 14738 2175 3556 11900 13484 1272 2504 4696 5064 6811 16419 16572 19655 17152 827
6424 11540 14656 1603 12411 5204 8436 15033 18794 15116 1077 8802 18999 12661 7856 19568 9257 19466 7987 4161 8476 5052 3572 15547 16463 19779
4174 18937 1969 4941 19869 10409 11703 186 5473 3583 13673 8634 932 18388 8372 12535 7202 19658 6759 477 10567 19417 13079 13949 6194 2766
7321 3081 7846 191 4391 4265 11429 15237 5274 7641 5343 4182 2222 10913 7238 19612 15393 8602 6115 17784 2602 3023 11138 4783 19696 17103
18443 4022 17123 4226 8092 10365 8247 10499 5859 5833 10225 4998 10347 5251 2084 771 16439 5876 9926 15490 11136 10404 12859 1166 18898 4905
13260 13423 10824 2271 6578 12713 17982 15918 9594 2868 3417 9072 17373 12508 6853 2512 13187 4394 2457 7721 4663 7111 795 8110 6844 11661
12277 165 17057 1830 14192 9160 19848 11891 6685 6550 341 5091 4375 15010 15672 19584 16221 17200 5713 8775 17093 13473 11015 6299 11467 13680
6426 4212 11534 1964 14832 16963 15752 7577 470 12898 1760 13697 14706 8998 10581 19300 13071 16857 17467 8800 8714 9495 17606 7727 17639 4119
8015 3161 1517 9311 13900 14941 18286 7471 6333 829 8200 10380 10531 1826 10550 2267 8712 14262 11007 6182 10963 8015 11938 9392 12147 13686
11180 18378 9011 15313 4705 6505 1688 7818 15191 14438 13021 19719 7313 14085 6530 11826 14377 19877 138 6062 15721 3999 5382 6302 13555 3489
10515 5735 14825 4810 11496 10336 8600 3312 14091 3546 10674 19296 11018 5983 13724 5231 14197 6028 10106 6959 6271 14700 12977 17979 13787 14598
93 12998 14698 8990 4844 15557 9809 6056 679 7064 5818 7647 5878 11582 14048 13543 10852 5080 9557 11366 11879 4719 236 11356 10969 17386
1480 19854 19883 5482 10385 13074 5700 15527 8940 17903 9844 5729 19503 13563 3107 6432 9587 1271 4105 6839 16874 11195 16918 2110 13989 13331
1055 8072 6 15704 11858 18712 11948 3612 8178 9354 13028 15217 11342 16644 5041 437 19388 17921 16273 14290 10483 17336 13848 13499 1876 8513
15931 9109 12090 5966 11403 15989 1106 2438 3604 18388 2259 15250 14385 18587 5914 13792 3751 214 15825 18565 14317 16120 3430 7401 16260 17764
2626 19408 328 7972 7112 11721 2846 845 10444 8018 5532 6648 10026 5937 5106 19745 245 19105 5513 541 15262 5295 2855 14330 14118 2531
7803 11480 180 735 6910 5683 4008 17712 3958 8169 17311 16464 15885 15306 11196 3359 14427 9450 10641 13592 3860 5310 7690 6262 11370 4548
3519 16880 15683 3032 4531 18458 18108 4519 10785 1236 2213 5677 4398 62 8927 11199 9546 2050 7509 5930 680 14790 5757 7898 19632 13939
14960 9113 11347 19340 4782 10985 14719 2237 11912 12233 79 3915 2821 11171 10334 4902 13421 16458 7011 10444 13091 19804 14003 3500 9826 1038
13786 15409 12564 9397 4796 10679 15578 11973 12621 18217 19487 13440 5962 3683 2793 13037 1285 7943 12455 3462 1450 7465 17227 9126 595 6835
3379 15280 18812 10228 17452 3588 4664 19028 5639 4959 5034 12644 1042 17565 18049 2582 157 393 6967 18968 14916 18612 9851 5925 15499 4198
4171 10650 17572 5774 6523 137 3918 9402 7152 5619 16871 3742 17773 4126 3054 5690 14707 5164 12690 5632 11915 18231 1821 19593 3177 19700
6610 11372 9855 794 13731 11307 4517 12716 17963 15849 15761 19072 18866 10932 11976 13305 8068 9550 18447 15197 18521 5383 9913 804 15373 6530
11351 15404 9803 14338 9066 7985 4998 12453 7288 8936 7726 15274 13557 18792 17880 18155 8870 9346 7261 16452 3322 1825 6230 8313 16366 13675
18221 2552 12852 4579 3467 19595 3508 5055 3885 7974 5883 17084 18437 5487 17378 1194 10575 11797 5789 2752 18121 16695 19418 438 19685 6183
7030 5157 5590 13690 8113 17809 14985 6060 11013 4518 19336 17031 1097 15925 19664 2910 14747 19495 14565 5590 18604 4128 17272 8314 3738 17831
5662 15940 2846 9339 16841 3191 3853 10922 16627 7282 4963 18679 8470 11899 9823 17008 11404 15846 13157 8088 17566 12039 15278 18444 9702 7798
10871 6846 9018 8389 13359 6607 13350 13241 1295 5613 1102 7981 8820 334 470 15224 1920 13684 19780 16548 1490 19291 2822 14751 17678 277
14668 14107 1088 19748 16210 18037 14114 3194 2858 1101 3896 10271 4879 19670 8616 13176 3176 7252 1039 14262 3163 4238 18426 12513 16663 16578
10032 14938 2987 15051 10879 3089 19987 5006 13810 18588 5917 19073 6960 15091 16455 9212 13014 17928 10445 14522 3616 5678 1433 1186 12319 3551
16174 2736 14305 885 5357 4193 17739 19394 7848 7747 15332 3002 4219 11976 1048 4714 19456 6436 11360 16919 12792 4603 15984 7828 10082 3169
17376 16608 7990 19566 6206 5280 10044 7446 2701 14223 11762 4463 5317 3747 1981 10146 4880 19335 15264 5579 17576 19294 18783 10095 6877 16739
8981 14819 3895 13560 9674 5143 8308 7255 15998 9213 4155 14797 3109 19224 6881 15717 10109 5988 1779 5699 3297 15000 4265 8212 7175 18329
17590 8011 4764 9120 9712 324 16037 19286 2494 19223 8350 15940 14317 16706 16188 13859 1373 19647 14480 438 2533 8145 10329 12155 6680 3050
7244 19938 13983 7709 17478 1678 17279 17938 9703 12941 842 6515 421 17990 19058 13403 16324 1802 10782 2117 14745 11068 14045 9764 3830 5892
7587 17166 13515 4329 18326 1445 4712 5888 4938 552 12321 5856 6315 17292 2252 12903 10951 10639 14064 4334 17443 11389 14543 13054 9544 2706
6562 13506 4148 18985 12208 4444 3829 15371 17263 5072 1238 4986 6240 8170 2685 9242 13157 16082 504 12894 9186 2531 9763 19727 570 13603
18675 7147 11883 8513 13807 15800 18461 13451 7761 13718 14126 12804 13327 17090 1718 738 1318 13109 2015 10007 10010 14410 19618 8030 19585 6450
8244 8905 13995 14051 18026 551 10865 16702 7653 10601 3505 17441 11681 1144 10950 6964 18176 3409 16492 1834 7661 18193 6082 4988 11214 10823
2537 2975 7549 11456 16825 19150 862 15164 19469 12254 14933 17262 13706 14971 508 491 17634 19320 10866 18508 4045 11736 19704 18687 6424 16580
14358 1021 13994 18393 4706 15965 16017 14211 12822 12573 18381 12847 17240 17604 17873 11187 15886 5407 8713 17949 2180 7011 18048 9197 6077 14624
13932 4385 3314 15671 13570 7915 18575 1278 5568 10806 9587 10750 11260 13788 17745 15283 19779 10325 15681 1297 459 19532 10706 19380 16253 6272
17086 14379 8897 1083 3585 6549 4336 9174 12598 3178 719 11863 16886 13582 12925 9369 12194 6903 6802 989 3673 9559 2544 2576 19231 6383
17419 6836 19698 11130 9677 13836 3640 5388 14842 4089 344 8658 17464 17363 13858 5990 6085 15168 16874 7277 9086 876 11590 12160 12704 19196
19035 15399 10617 13461 6279 11654 8279 4208 19763 5362 13608 13972 15304 1875 14145 11051 6718 16800 2527 18653 13531 9506 8085 11866 12692 9075
183 11410 2100 3010 12853 16545 12148 19028 1194 17122 5633 1891 8910 5062 1524 9014 1734 3710 14973 15534 904 12650 3105 19080 11373 7715
13473 14333 12660 19752 19986 16516 13932 5455 10906 6589 5618 9176 1497 5752 17104 2280 132 2699 3420 6849 15949 12375 2278 12282 2684 18086
3420 7043 12846 941 5827 16584 18880 16464 7480 16651 4253 19410 17879 9948 8680 13662 3759 715 11211 2970 8702 19841 1711 13194 8850 3338
4493 5492 693 905 14624 5309 9062 10821 17777 6205 12116 9308 4131 1448 15141 3631 11414 1122 16298 2332 8193 2736 7057 5587 18466 7128
13750 16946 12233 14377 11446 12524 5827 5316 11541 4415 7316 6254 17719 11062 6561 15011 16796 2166 12170 18159 731 2861 8629 14955 8844 7278
14057 13133 17881 3962 12913 6923 14104 17379 11507 12505 2957 15789 14242 6757 3308 8641 356 18865 18619 7110 4787 4624 9078 4923 17836 1487
1719 12389 16220 14759 12698 341 14012 15475 1086 11297 15803 8345 687 4101 2190 2743 8569 11110 8301 2710 19624 16919 19889 5864 14576 1159
19931 13977 10687 18631 6497 247 19207 10817 10434 19750 12673 14609 6176 17709 4668 18187 167 3037 12278 10185 15465 17057 19835 11973 11499 10207
14743 13070 18957 9722 14671 3403 6198 11742 5877 4802 15262 13944 119 4423 15552 7949 5698 17290 6655 4916 11137 2142 9481 16862 2567 15793
8311 17049 17072 16330 14415 4662 2817 5432 14873 4136 2912 4215 13698 17675 10109 16105 10361 679 3378 18682 1624 10959 18439 13946 9443 6061
13129 16540 18741 18824 4022 17341 15714 4424 11064 17257 13889 17808 13211 13284 14370 2960 14119 7224 1916 13008 19343 12057 17378 10399 10569 11491
9353 6477 17179 16835 15773 348 17352 10261 3552 7973 8072 8497 16766 3123 13358 171 10623 4243 8350 9965 6818 7833 1318 18330 11752 13562
16835 14426 10938 3722 14816 8254 19491 10609 15370 6359 3947 3087 2870 14198 2194 9296 18262 5095 16900 11903 15853 19764 16573 2405 962 19083
15642 14171 1602 7412 2816 15563 10566 13120 5523 8017 7304 11233 12069 3701 16946 10445 4359 1816 13560 5360 10989 10282 13725 10213 14156 18272
13990 15522 3326 12710 4107 19818 8458 17720 13145 5032 18440 16679 2335 11743 11332 14664 10858 4689 18437 16453 19665 10084 12781 16728 12469 19606
9198 14043 14904 2041 9609 6628 11882 1244 13603 6832 16452 10860 10612 12285 18284 5733 14271 15946 4894 13637 3644 9078 2155 3804 3637 18197
9080 11140 4027 9992 15367 3408 15344 7877 1974 4353 4437 8259 5816 7935 15134 2656 16435 17791 19724 17392 11244 14734 17427 3242 13395 1129
8899 71 17730 5410 7240 6740 867 7458 5439 17241 15724 16065 17267 6482 10775 6886 7407 7845 9131 15080 4906 7659 17595 10263 1077 2619
8245 8994 7063 6006 16929 9921 10874 998 19558 3158 16424 2335 11130 19509 7505 8124 2440 10480 16828 4583 9298 10060 15346 9785 14935 16211
17886 1280 8150 10067 756 14331 13041 2467 5006 12973 9734 2196 14352 17652 12433 14339 13564 19913 6780 18844 19117 19894 19592 16843 6561 14077
9411 7113 16831 1342 5229 6363 18326 8004 5665 19214 17077 13813 8840 11311 2717 15496 7098 6387 15892 2941 16690 15539 13840 17463 6260 16532
6813 7748 19418 8146 11490 3243 13792 6588 7397 9142 13597 17203 5279 5523 17852 8456 18654 6054 9678 6640 17841 349 12477 11233 421 19390
6286 1681 19882 10705 8297 920 18287 5017 2384 17350 12633 11264 9827 15523 17657 3860 6214 2870 2234 3224 10462 9945 18231 3479 5616 5153
14975 5495 6096 16063 12769 10313 2199 263 7375 17275 16917 12499 8689 7230 16035 3425 16334 13790 47 7991 3700 17420 18514 15392 2812 1020
2745 13036 16473 13876 9955 5664 14753 14562 17432 12630 12183 15705 11802 342 15947 5187 15077 6373 13364 18100 12212 15120 42 3807 2437 16720
530 17443 406 3415 13236 17296 2412 394 19154 5287 2367 11484 16493 7 3672 14687 10288 13356 10846 9971 19332 16849 2118 13503 5243 12037
8139 17665 14056 14399 8645 9387 17010 10934 17828 13651 11052 18045 19100 3256 15083 18401 9445 11471 14668 5310 3077 9563 6689 19319 16441 17529
19927 9017 18771 444 14765 4603 1100 13941 13555 11150 6642 4398 8902 4208 3994 32 12659 12932 19040 13388 4547 4782 8017 19623 14193 14963
12793 15521 8251 1790 14393 8199 7498 4586 106 17075 9422 13738 16275 1869 8033 18680 6797 12048 13115 10350 451 15653 10635 2562 14735 7694
16929 6877 14026 12917 10081 12263 886 19354 6805 7521 18812 8774 16373 9733 17794 1943 12870 19420 4801 12728 2668 6427 15177 9959 3242 12489
15886 19052 18368 4335 6416 8803 9794 1386 5992 3838 3202 17725 15846 9071 12489 16278 12452 3634 2790 1290 13795 18287 1221 3458 1953 13415
8245 4900 871 10996 198 10656 13316 2448 4179 5815 16927 5702 17907 14186 559 5045 19711 15567 12413 9398 11778 12858 16620 4490 8032 9020
15109 14948 889 7031 12745 12331 1599 13766 8922 5686 5109 19211 9007 11819 10371 13414 6644 4698 6241 10824 14052 10323 9703 1235 16651 1557
16346 6489 12977 4380 17201 6611 16420 14418 15631 4536 7979 11767 14994 11749 5143 12772 16467 10928 3616 11494 17262 12540 5317 3273 18240 4759
6229 7912 9130 5873 7712 18204 8733 3380 7193 11448 16275 7330 1967 6800 13974 16927 13829 6599 10056 3560 19164 189 14587 7527 833 5334
5914 18743 2944 5754 9694 16070 14726 12644 11131 9077 2487 6579 14796 1133 9727 18237 5721 5310 11270 17463 14562 13865 11266 18208 15748 14003
18017 9071 14355 11660 12795 12121 6926 9277 6248 19790 16644 10648 18095 19239 8769 7000 9614 12804 13656 6318 4770 9467 13864 18655 2014 4670
8461 520 16348 15332 18643 7168 16212 1543 14564 18322 495 14782 607 563 12534 261 16626 5610 5563 16746 14487 1735 14215 17235 9223 11777
6728 16498 11183 13580 3515 2950 17142 9158 4299 7625 964 11602 5602 19309 8175 14707 4829 7142 5513 6504 17052 15972 1296 4519 8506 19406
9626 9772 19116 11875 7880 17601 9116 3714 272 13799 15442 16468 11566 16610 6323 11242 5066 6419 14119 9896 2335 4167 12502 8003 12804 7016
5269 4701 8200 4631 744 13460 18576 10331 16044 9524 11070 7295 6460 9843 16134 9583 12526 763 14456 86 7324 12450 10821 6840 7613 3532
7293 12813 19282 17454 3858 7509 11326 7423 4249 7959 12029 6963 1668 12828 14194 10580 18307 18407 1881 19197 9862 16154 11933 5611 17998 5763
16243 10918 19803 12744 14519 5151 4177 1618 12519 13127 15148 15005 18192 12584 824 14280 12329 10284 2811 1114 7234 14980 8033 4541 499 9129
11709 10233 11620 5525 16825 2630 6500 18643 12982 8771 8801 18062 17953 18455 8454 732 11661 7916 17295 15804 7082 19111 7441 13439 16926 14955
5882 8470 3613 6676 12237 18072 2127 4170 181 7795 16172 2212 7686 4359 9756 3977 12292 15803 5958 10477 18668 14518 16263 18116 19875 7012
3768 7413 7397 146 14338 18802 9371 16801 10901 14473 635 11647 2787 18008 15340 12551 8661 13156 11275 19849 5868 13078 9459 18106 11530 1772
9558 4436 17257 7324 17084 17377 14902 8870 8878 4781 13037 12706 10360 10159 2686 3896 18424 16607 12843 10724 1632 553 8507 16120 10999 12134
11754 6970 7491 18095 15456 16369 6175 10659 14491 15377 13636 5509 12961 1075 5425 3287 7933 14049 11939 13817 4906 914 7681 11697 10747 1253
14888 10309 9118 2590 16083 6106 8847 16446 3263 769 14338 8582 10804 11890 8169 11075 14328 14670 15063 3585 10209 8738 14676 9132 13660 13712
18304 1169 7797 16519 7175 1586 19778 1508 4722 6824 7669 12135 4488 2891 15981 18994 8200 4809 12692 15136 11029 15884 9900 7123 6762 7059
14508 14876 17646 12289 10516 8278 1326 19578 18603 5722 19129 14467 8819 7842 1906 6462 14754 19853 3624 16132 10010 19072 3733 18395 16784 2863
9971 15440 3082 8280 1539 16232 9977 1469 2607 4808 6059 19352 8576 19331 15345 18206 8935 5686 17698 6755 3384 12986 4741 14415 7043 12637
2084 5087 11369 16706 13971 12948 6753 14705 17180 14223 12722 992 13738 18247 3536 17334 1305 15585 12316 5306 9866 16784 13842 15576 13706 13336
164 549 8613 5295 5218 9019 386 3460 13959 11285 2088 16226 6900 3436 13273 10799 16272 4544 12074 4074 3516 15452 4932 11170 296 10789
10336 15856 5749 5029 14011 2940 18820 6745 10623 11487 4579 12749 14298 9842 7637 4556 704 14149 3298 11779 4735 3556 7240 17685 8820 7215
2531 17672 11914 10913 1163 14425 5100 7243 4573 19851 5213 11819 12697 18307 5038 9917 19600 1936 6552 8731 9509 5355 2680 18860 13040 9451
11169 10286 11228 14418 17390 2174 11431 7465 18155 9196 4532 7349 476 1497 2828 6608 445 3074 568 9939 13842 15045 14694 15049 13437 9930
4321 17302 18783 14699 6713 11962 9452 7849 13095 5547 8961 10526 5961 4416 13722 5160 10884 11125 14968 19321 15663 12388 3509 5478 9257 4954
11412 16499 16912 18797 8955 16750 19217 7066 13374 9340 2552 4099 10919 12530 10267 10445 10700 18137 6557 2581 19306 8815 13214 3669 4659 14805
19643 6089 492 16286 17144 5560 15491 11984 19699 11280 17688 14310 15911 11133 4744 12249 6924 9023 11436 6025 5000 17776 262 14313 10846 18202
5946 2456 1188 19405 18571 2207 16000 6822 15752 5077 19944 18234 19860 5516 5581 8597 1068 12913 10604 3632 15322 19288 2235 3619 3565 1930
3833 6589 10486 14010 8851 10138 18659 6834 18178 7513 19822 690 14777 13897 2113 12035 5226 6348 3802 4281 19087 6089 10615 14065 17635 13219
13822 9278 9011 11434 17404 17019 19575 553 4827 12035 9397 16491 4237 6168 19553 14059 1676 3018 11152 8122 14375 7902 18091 18125 1188 16288
6251 15764 16029 13241 9063 14414 6189 440 626 15762 8362 5530 3972 2613 5844 5534 8428 2319 2445 70 12500 14805 13785 7718 8011 9665
3929 5329 17517 13517 19884 14169 977 10141 5277 19393 7821 17199 13642 3959 11033 6086 1637 7911 8946 13674 5221 11939 17657 18244 12084 6957
3743 5768 2508 1473 19247 2131 1210 2063 9307 11168 1127 15868 19499 8979 12843 4843 5161 5694 13514 6952 7646 14409 5553 19472 12467 6883
10670 10763 14494 12526 13783 392 13338 16605 7918 10142 10437 17885 16375 5164 2506 4725 17442 1183 9187 19508 19608 1745 7999 15813 1296 6432
13231 18068 5093 10047 6711 10736 15496 15293 14249 18864 15560 3154 1189 2826 11095 5676 9587 5268 15755 11838 17693 19036 2591 14423 8218 15468
11004 1478 14767 16355 9440 18543 2727 15241 4320 10858 14871 5846 19227 12880 10696 7044 19248 6628 5366 9219 98 1876 12042 14287 17913 5326
6578 2215 15890 5714 12028 6990 15832 17745 5858 5907 5337 14996 4951 10332 2102 2613 1682 16878 15765 19971 18032 6456 907 6066 2137 15197
8744 4558 12 8383 5119 5819 14320 2435 16534 4799 7400 15742 17890 14406 11113 12052 7104 19959 15036 14121 13062 8201 886 13758 2718 17053
18679 9567 6243 1265 18368 15282 15970 8958 10866 15533 7195 17641 19311 11649 10395 6381 1693 2383 5174 11580 7551 14659 7044 9128 13909 17110
19429 10593 7465 4921 7185 9202 8385 479 18462 5601 9730 12922 16291 832 13876 14149 11781 19515 17633 7619 11027 4357 9276 7814 15849 6202
12371 9993 5631 7103 16792 4243 18551 9964 5787 3498 13466 10620 16712 18944 16112 16186 15904 3030 10134 1822 5302 3468 18529 1013 18411 10718
6438 268 19780 11903 17744 6992 3222 6569 318 19440 4939 7191 49 881 15643 2591 19050 14460 5113 11413 5703 10663 17868 12910 7135 422
16090 12929 4227 4921 1965 9487 16238 17257 12777 18718 3587 2615 10090 6213 19612 7157 5113 8748 14589 2711 8164 11635 5128 11494 2514 521
6049 10173 17388 5644 1229 18735 16840 9986 9882 2128 6695 15100 14722 9655 7890 11232 708 14026 7372 1462 5675 3115 6388 12899 19756 13908
15486 19060 8053 17011 13494 14141 17525 10707 5531 7782 17985 3365 16606 5671 18282 3445 13705 18413 19406 16946 2854 2535 6262 13838 15122 7902
13862 17202 12101 12086 9277 3209 13965 6905 11651 14096 4571 16175 1513 16251 15328 11124 9222 6559 16724 19593 15700 19471 17507 14752 5198 4917
3306 15506 16480 10694 4810 17725 3096 14329 16895 13052 9929 7620 15302 16924 11537 8316 756 19988 11587 8096 7566 18797 10879 5756 5811 9480
14624 6458 14952 18906 4348 3619 16972 17509 12895 2751 3401 4328 5752 19656 16018 14020 11372 10270 145 15237 2577 14318 19805 11814 15512 12507
19282 16152 16919 9008 1279 17943 1555 5500 4455 3053 1147 17912 12154 14098 11610 12373 8324 8132 5606 1051 3761 16095 12678 16441 6808 17918
17056 3655 1909 17742 6843 17708 19705 2432 1676 16514 5956 956 15721 12433 15292 8276 18523 3531 13901 9213 4899 19510 9006 4631 6342 2042
2635 19618 13112 8412 9598 136 11054 14483 10919 12134 308 550 3420 18465 1272 17779 9465 16182 14999 17005 602 18122 560 17288 2425 13934
272 12442 11249 5612 5387 15436 2761 2704 9246 11987 1379 18225 3796 1002 10219 18411 5903 1153 7358 8137 2291 15637 5090 3280 15053 4610
2595 18805 8880 5637 5230 19656 16671 7030 6796 11401 1196 9639 17364 15329 519 16379 11263 17056 12284 3185 13910 8926 1257 9039 3403 272
2597 14446 7400 12512 13987 9077 18808 16489 5167 267 7765 14315 8368 2680 12637 4713 9913 13949 1984 18007 16459 6780 17155 14881 4425 8019
12170 12982 19329 16300 8595 4240 1200 11594 8739 15048 17757 14340 8411 10369 18441 11905 7113 11251 14059 1319 11723 19851 2952 13924 14834 19037
2081 9812 1906 3175 9290 6242 632 19156 9045 2784 3482 4249 15037 19562 16923 15783 1118 5863 12176 10035 13840 2017 5701 13367 14708 4317
12919 6741 13672 19409 8606 7570 18010 3693 1310 7735 12735 14056 3403 8895 19229 8849 18323 13271 10213 19135 13557 9697 1737 8530 7706 1554
14343 9448 9388 18968 15405 11863 14547 4205 626 3980 4531 12015 4884 10213 5115 1887 18201 13482 10764 16661 3189 17833 7182 5994 6394 970
3779 17654 6059 5073 15621 18522 9536 15663 7598 17586 9137 3130 7058 18871 7324 10029 11226 17537 14273 17512 3424 18235 18861 12500 17724 19782
14140 8626 4529 2766 11949 9806 19842 9917 15472 12468 17630 14146 6202 9877 16314 512 5009 3713 5805 15976 18114 10531 18124 3322 19505 8298
3350 12294 12878 11363 7582 14260 11950 12413 13239 14758 10187 15780 2566 17172 1062 19768 18345 3369 10560 8872 2043 14546 19671 5492 19321 17720
17508 1574 9580 9646 1491 6418 657 2691 19044 19066 14590 432 11168 9498 4987 7118 13848 4361 6754 9558 14383 7796 14415 15505 1619 6188
16004 2626 12800 18871 10804 6685 17160 19494 19439 11182 1776 6460 7905 18845 304 6225 18470 5638 15192 17359 1765 5253 1944 10540 19941 12733
4216 10266 1765 15033 19498 4070 12068 330 5808 15298 8229 9586 13100 15515 18072 10545 13838 16637 1516 18295 16012 3725 15644 12747 2336 8337
5699 2141 6954 14051 9086 10037 11344 1327 3123 7871 19161 8888 2006 2456 2678 2605 16472 15257 4709 17568 6640 4496 13393 3983 5956 5923
19642 7346 3577 13684 15816 13970 5967 19643 4177 13131 9699 1228 15942 14421 3311 3382 16478 13312 1992 66 4960 9781 1887 16686 15307 12585
5394 8202 15937 17668 9767 2869 3740 304 2229 16788 13391 7896 16704 1771 12197 17187 596 13167 18789 13759 18850 18657 19334 10680 20000 5942
19380 13953 6724 11858 1135 3281 10424 4187 18897 10060 17974 9252 1495 14584 3657 16652 18390 7392 10125 1254 19176 3720 6818 8160 8163 13845
16647 10576 1486 13043 9562 2374 103 4950 8189 8885 18514 12522 15659 17168 13804 2570 16822 2424 19971 10855 8574 4837 6120 16397 9048 14872
7129 4987 15531 14997 17749 13995 19037 6869 17601 544 15421 1827 11516 18216 7192 16196 6816 12254 15940 6649 10406 19125 3054 2429 17961 13038
14979 17219 13464 9413 228 18067 17578 2182 15967 19906 4535 4429 12831 4506 9056 16130 6197 16185 13853 14276 8761 9816 5479 19256 13540 14824
15208 2146 15833 3147 8957 9916 15614 10772 4153 3812 15937 14158 9372 5464 3664 9708 622 4080 8355 13403 5403 4275 4987 3862 4560 4740
12906 17560 13002 13590 9434 14141 6495 19696 16731 7889 13619 7033 8769 5594 12162 14364 14323 15178 18118 19070 8823 16985 6567 19382 18957 12475
11581 13923 19638 13704 11152 19767 10741 8945 9956 3739 4818 4028 17767 19496 11199 4814 652 2676 6244 18319 16254 19861 18780 9640 3353 3305
7793 5450 3410 13865 13423 16630 6524 18479 9297 10374 16746 18196 6415 9691 9101 18987 11224 19829 5883 13723 19137 4153 6413 18948 14971 14711
17553 9741 7810 13313 2250 6794 6709 17945 7467 16499 18645 5438 7977 2304 15779 12241 14265 7935 5458 10144 15326 15483 7343 176 15747 12613
8000 10420 6425 435 11941 14361 18495 14883 11943 1051 9270 1201 18114 17177 12274 4448 15539 1599 4961 11833 15750 2843 7417 18288 636 17759
2200 5568 16212 13147 1164 8022 8418 493 14125 4494 19989 16059 883 16199 18894 7617 15108 13595 7051 561 12575 2061 16797 13352 639 14505
689 11129 14889 11639 3165 4706 8387 4609 556 5635 10549 11768 13658 14249 7590 10523 16557 9673 12069 2575 1961 7159 4850 2932 2334 19018
1085 2624 12959 3292 3031 3657 18233 18839 4472 15295 324 13990 4435 56 15789 19615 8456 12286 7484 9536 10982 12797 6924 13576 9314 5871
471 13591 15315 8608 8492 11336 5280 11778 14265 13323 13377 10293 2906 4052 13603 3373 14817 6312 11558 6754 13803 11434 13351 4036 1359 19239
17708 18604 11095 14574 18983 17160 16989 9522 17704 13285 12560 13668 15085 13208 6413 18029 4973 14761 13588 10209 15123 2409 14960 16175 19617 10892
2505 1108 5810 19596 13883 7634 8374 1109 15892 13879 12621 4700 15814 4666 2143 13503 11850 1782 19674 10505 19855 7797 16617 14978 11686 3140
16645 9211 18796 15813 8827 12988 8588 12539 15764 330 9477 13686 5878 171 4912 12303 12498 5516 5051 8732 3508 3519 2360 971 8737 19362
7362 3374 9172 9128 15624 12508 13617 16391 9157 19968 12874 17572 17976 19387 3019 14738 15912 12017 16298 3647 861 6293 12498 378 12996 15369
17814 1773 13059 7226 6670 4984 16178 3091 3103 3308 8709 16816 19552 7938 3019 6675 19393 16928 987 15195 2570 9473 506 11613 16058 16553
17662 3034 18777 13511 17315 11484 17206 10450 4648 13744 16954 13337 10782 4815 15069 11006 7017 7693 16506 15191 5984 13240 17457 2392 4807 17598
18401 3555 1979 5050 17049 12600 7953 9295 4690 16366 9384 18523 3616 17840 4401 10284 8744 11296 14580 18792 4120 14074 8200 10218 19055 2137
12984 5470 5806 318 14963 12657 14463 13016 10721 12728 3908 11310 14068 5223 15446 19601 348 12008 16645 9538 1689 2839 19802 5466 3598 15369
7632 18460 2482 16686 7411 6896 6215 11102 3908 4537 5857 6129 571 1385 13759 15790 18878 740 4097 9347 7453 19434 9745 5530 15699 10182
15085 5212 11287 9150 3491 17696 3560 18214 949 18087 19995 5928 10178 5952 15758 11996 5427 5243 8545 4810 17197 10796 16587 4924 8743 15721
5132 16408 17559 14307 5145 19188 9548 4082 19582 7138 3887 5087 2479 5 13171 11812 6827 17929 5071 1025 7260 5492 9936 14836 273 2602
19981 7159 15856 8288 14973 19163 2254 326 18774 5047 5216 1889 14936 1275 13632 16625 19277 5836 17427 12515 14266 3925 18117 1258 11065 1387
17768 17778 18825 2047 9807 10928 2364 3268 192 5827 16373 5381 13463 2069 6274 11903 17483 3793 4554 3709 5611 3515 18733 538 9304 16367
11316 6321 1902 298 19102 2432 4941 3939 9862 12118 10624 1338 738 19147 10990 395 3623 18366 10219 16879 11001 2935 16967 11798 7828 8845
3183 6196 14389 3453 12106 14899 7333 17096 2364 6446 10580 8291 10844 4213 6260 14897 16522 17351 6701 178 5781 5052 13648 11979 17318 5448
16177 11480 6086 14211 5404 2313 14550 2962 9320 11322 14097 2560 10753 18077 16682 18145 3109 1676 16438 9267 11921 6188 16506 11715 17253 1319
18260 16160 16429 3301 2156 12564 8858 19671 11483 12702 14446 17749 7687 17217 13075 17740 421 2613 10526 6243 3867 4896 211 3141 19689 15422
12595 13101 5272 12132 11401 2795 5969 16763 730 3096 8643 3621 5593 4638 7249 18644 3261 5767 7467 14371 18260 8439 18158 7032 10700 13594
15326 19852 15922 15738 3846 4048 10384 19806 2905 2427 1657 9431 15252 2582 18468 15799 11277 6006 9484 18034 13095 9298 5698 2202 5588 2817
13691 18652 14249 18565 15508 1207 14404 6385 6520 8015 10025 3481 9128 2398 6701 4035 10608 18880 1776 1940 16921 12602 11754 16694 6353 9579
8542 18060 11373 18876 6753 13122 16011 4860 15526 195 14073 12292 5503 12748 3383 16680 12175 629 10250 8807 5695 19916 19321 6594 12612 439
17688 14377 16970 14290 18514 3197 9804 8376 10177 5945 14285 14698 16884 13464 10119 6109 8832 9539 16090 10566 15254 14127 18560 6828 13582 10591
18379 4167 10608 258 16136 10656 674 3848 6871 8529 17688 19436 19980 5994 2147 18194 13580 10079 11026 3514 9481 14437 10727 17676 8234 2156
9677 16235 15770 3607 14911 6128 8632 12915 1293 19222 11271 16640 4287 7523 8232 7760 19570 10647 2806 11583 13208 9278 17655 17165 6619 11637
1656 251 16837 7117 3128 8898 19820 19080 14450 3774 17496 16578 14160 1676 6586 711 11803 1275 14522 10317 4056 14980 4600 12986 7517 17466
2239 16208 14469 11946 1731 13031 197 8245 19893 17815 4386 14138 2557 8948 18352 18253 19168 17033 9820 1385 16507 7913 2332 1855 9021 7484
1441 16145 18928 10464 17911 17245 5153 7952 6766 1823 16883 19372 1327 18590 15823 17803 17143 5339 6171 18730 13869 14073 11440 3930 12721 11152
17315 1153 9486 14965 4300 5493 5649 16877 7343 6112 12880 19463 12125 7992 3842 4413 1398 16826 8910 4694 19874 2875 18479 13082 1489 14821
13813 12967 6641 4704 4615 3272 16022 16580 18346 14686 6689 19838 19425 18903 12669 4847 3975 16968 19126 6805 17860 6556 19844 15003 2424 179
17047 3825 11437 6243 3117 5304 13337 2550 15020 18218 10102 18696 5641 17837 6049 4902 5996 9848 7053 4918 1450 11036 1428 19121 5556 2057
14986 13675 15198 6859 17163 10325 1895 12941 7148 5403 4373 15005 18575 2483 18129 4543 5780 9500 5819 11163 8950 11618 429 4502 8333 9166
3826 9711 10556 9256 10698 14463 8456 7435 8184 19704 3317 17825 8985 2453 3713 1081 7642 11198 3686 6340 7893 13348 5547 6123 11488 3511
14346 3537 4367 1521 12418 5170 9173 13812 6797 1970 10784 3111 4242 4025 10896 13112 4459 6532 10921 17235 3645 19009 3872 84 7255 2897
12460 19938 8814 63 19836 17827 12273 1241 1803 3403 592 18993 8065 4628 13438 13186 7167 6474 18476 7791 8 19049 17403 18742 12188 4681
16661 8880 18795 7162 247 12856 3739 13477 15705 11791 466 6881 3969 3972 8300 6612 8465 303 7236 12651 3393 543 14385 16501 9103 12571
11032 4197 18618 14733 13211 13775 703 3669 2554 17423 966 7331 11180 13103 7591 420 10598 17611 14412 9089 19013 4142 11287 16998 16534 9965
3180 18322 11719 9414 11855 19628 5414 15167 1879 10292 4062 17938 10477 14200 10084 9683 7602 9486 6929 2573 2571 18614 19856 15708 4831 1993
11174 16905 3109 17486 15646 1840 10659 5839 16631 9628 6926 2386 1871 9153 7038 8309 9015 19481 19411 8600 724 3730 781 9740 5242 12765
12672 9051 6693 13558 16856 7885 19260 13041 11892 14681 12959 11146 9340 14423 9491 16890 19139 5138 13211 16590 16594 2916 9632 1728 4028 17018
2152 10987 2280 15799 6238 8130 13525 16830 13215 4672 3250 15324 16904 19893 1386 11214 11507 18753 13908 12498 5286 4297 18525 7341 14910 5991
9088 124 11382 15423 5015 19147 3723 7942 6434 14828 16173 13354 12300 8917 17424 19390 6438 17049 15116 8096 12927 10361 6263 18106 11823 10921
14369 6141 17890 10619 763 16759 6126 12729 2121 18007 12754 13932 13027 1286 7457 3359 15896 9233 10883 15666 5515 9770 7073 2853 1323 19289
18672 19921 6574 4361 4695 12449 13904 2669 6225 9520 16492 16717 3090 11223 2488 11385 16264 2596 5612 6080 2404 12735 13096 2231 8368 12213
5620 19774 3738 9232 8850 10049 10605 12423 12816 15128 5448 14914 5803 2030 3758 13655 17132 7761 17633 16563 18275 6225 5658 3325 16990 10990
13191 15764 16278 3464 17896 3834 16200 5256 16390 10 17649 14730 6404 7127 7367 4130 17008 11088 4514 4709 317 18882 7764 8751 14234 17553
19411 6878 14779 10922 14482 13532 530 7096 15459 3342 4444 7126 17909 14025 13031 13701 10199 10030 12769 8261 1073 16889 2878 5842 6622 398
11451 8286 10462 2957 4141 6170 14282 1394 19509 6959 9779 16674 7394 9197 13229 12893 14904 9257 4724 13975 15719 83 4414 15706 19966 804
1728 14251 19548 6432 4601 19671 15752 3157 19732 9346 5896 10561 9106 669 10625 15404 10161 6932 7230 6620 18675 11180 10911 7863 4892 15825
3570 2001 12936 118 14675 10977 19027 2020 6290 9255 17663 8895 18947 13386 7253 798 3845 15439 10903 2248 4881 14552 15766 16049 2500 14994
8772 4500 4689 6230 13527 18111 19319 16258 14413 18091 13811 5350 2129 11605 2839 11609 13224 6457 11045 2005 12292 10602 15871 12288 12959 4817
4664 4020 16392 4069 16282 13635 520 8734 11753 18785 11965 13212 7589 1694 10033 7699 111 10858 1722 12619 1138 6567 693 8684 9699 19667
19770 12729 12812 17736 5789 8313 7111 8430 997 7628 13039 10589 11244 5313 19560 13950 8688 16237 3312 1720 16541 17120 2030 1021 16256 11409
1609 10517 4212 1628 6738 1125 14843 7520 16453 3089 12027 14177 2434 1553 4007 14240 9083 8664 17183 14776 10446 958 11908 2240 5891 18102
4254 4307 19688 19823 3427 10373 6203 13355 8825 6682 4659 11618 1709 4228 15609 5249 8287 409 1264 5895 16507 19330 6360 126 8801 6589
1271 14407 10714 5895 12088 9839 19452 4457 8952 18436 536 6511 5218 19309 17437 15815 6942 11237 19292 14568 7894 7753 1725 7321 3216 18834
13171 8735 3528 16 19201 4235 9011 9010 601 1561 10373 4278 15960 5120 2068 16140 146 12013 19724 18712 8069 18734 651 15159 3234 4161
18990 6888 6536 16188 8740 3130 6564 12415 181 212 4818 863 10324 2168 12753 19289 9512 11431 6776 1394 18801 7228 19348 19418 8823 19321
1950 4807 12313 2021 1504 17480 11315 13336 15679 2517 4935 13397 1621 5697 13934 16255 1171 16880 9088 5617 5930 18425 5225 13561 1709 13624
11713 7775 19233 7860 15765 16219 15306 1974 6587 10222 13760 18801 17924 1611 6115 7100 94 3610 20000 2222 19386 15100 12693 6117 1430 3761
2284 2084 5101 11830 18653 10406 8819 6625 3956 5025 16405 2951 4000 5075 2553 1199 11467 10896 14114 13178 9811 6981 8967 10482 3496 1329
4069 2767 8835 12499 5845 16300 18876 9314 4078 6233 9126 9256 17 15410 13194 11034 17282 6397 3785 8782 16693 2207 9035 5741 9850 1586
3248 195 14572 17867 2282 12465 1555 19597 12552 1885 7265 17555 142 8902 13177 12890 17180 11985 5895 207 5418 18211 16951 16473 4870 7099
12726 173 5956 9330 13985 15579 16375 14467 12024 15720 12268 2737 9781 17503 7809 11406 5552 17736 5127 15881 1413 6912 18149 17861 4786 1274
1580 7928 14245 12816 615 9632 14548 5758 7252 15618 1245 3466 7989 11136 18565 17098 2551 1822 7386 19653 13396 13989 410 17998 7199 5930
17397 7756 5053 13874 16697 17447 19958 14150 3764 17656 10563 7487 3978 9332 1329 6481 9896 19737 7343 2475 16520 19801 5294 6528 9548 4181
5700 14293 16139 19975 6126 13086 8213 3158 6642 5923 13213 11072 6366 9032 10226 235 6108 15455 13691 15016 11824 2048 14278 19099 5103 7074
16500 13378 19107 12465 19964 4452 12706 19419 9734 2248 19916 4538 1734 12367 2515 15183 12579 6238 2844 1085 10667 7315 8267 14097 10081 10053
11707 5751 12617 2515 11610 2372 515 18222 5623 2497 15113 17980 13260 2254 12362 13949 865 172 762 5551 6382 7449 18616 7434 7254 9079
953 18947 4421 19172 3744 11746 7190 8323 14736 6254 19085 15868 5620 15617 9836 11466 15966 2217 17860 15899 7474 17371 10470 13299 15956 4754
19298 10989 3676 15522 16702 14227 14908 5671 894 8231 6409 11689 14124 4595 17601 4670 16360 651 6884 9662 13241 6109 3469 152 16532 15454
1641 3869 3774 15157 9804 7800 17918 16358 6779 19068 16224 953 19863 7307 7056 1425 1538 17019 19294 15309 15647 9282 6339 3369 15462 17925
1878 19652 13105 13419 674 13248 17269 8048 16195 2280 14394 14414 12001 3510 3512 17127 10723 7418 10072 12945 3274 13609 10229 10205 1243 10457
18430 15498 7363 11593 9273 6225 10962 19742 6913 3413 18627 13930 4040 9272 11479 7151 4428 71 8807 5284 9710 12880 3411 3896 2054 5290
14330 6916 16634 17166 19182 6584 15306 12646 9884 15074 6496 3228 6454 11561 16573 12080 17307 1021 15121 15803 8792 16629 4473 9201 1718 12864
15807 5588 2225 15908 16982 8445 17635 9266 8334 12226 520 2602 3538 5379 11578 6066 3860 19435 1800 8936 8074 5609 17189 3310 12355 6138
7333 11690 4371 8444 11302 15297 16937 19215 9096 18503 2104 18297 6930 19954 15253 11878 13185 10760 18963 15049 9259 6070 7189 10672 10437 8976
8882 16656 9408 4834 13434 10364 18491 6500 1810 15784 14152 287 10437 5490 8748 10412 8030 11054 17624 3810 10151 2767 1036 7914 10534 6053
5027 18171 6237 2524 16233 10436 19693 18812 17324 11328 19824 6022 8450 11631 9734 2447 9750 11903 19152 2580 10153 16517 14424 5327 12547 12707
12900 13374 10940 18945 17388 5682 14622 11071 2037 9524 4291 19233 3992 14964 17450 4566 3667 17153 13391 17538 3931 815 8146 8551 10682 18055
19610 5402 18689 13183 17129 6873 9775 19749 6839 16259 12754 15322 16407 17439 2888 6982 1068 645 12323 15353 15944 18652 1026 9018 4310 8344
19850 9432 962 559 3014 6502 2663 3863 13264 2001 4102 6967 16276 12237 16674 329 2373 7402 18310 6693 3469 11219 7850 2428 19176 2865
7989 15536 16212 10742 8044 8541 17458 17058 1227 6182 16948 19992 2468 13620 211 10523 772 11691 15100 13039 5550 18290 12756 19991 8130 14318
2520 3961 8747 16760 9008 2855 18188 6862 2251 2091 5294 14059 7590 19330 2006 3472 13813 14206 13101 8666 13189 2199 11842 2672 6729 11530
7426 7129 12251 19109 8756 17009 3928 8671 6607 11082 13383 11743 4219 5002 9794 16043 7672 14250 16679 16050 15040 19178 7357 9752 2790 11144
16253 13459 11494 14436 5879 4804 9915 12710 7119 14186 14948 19024 2395 3941 19097 11320 14416 7243 18694 11895 18813 2261 1164 71 7307 4113
18377 2579 14666 3336 16221 4875 16017 1167 9626 933 16697 4488 11156 1726 7831 12841 8455 18347 6325 15934 14038 7665 12264 9692 4098 16829
2233 10057 6176 9838 5148 4544 11930 18603 8068 206 4984 7335 1327 16024 685 15180 18452 6362 10179 5994 17914 5431 12840 17485 2403 5303
16299 17663 4125 15911 8871 3950 15505 7822 15005 13687 19643 12599 71 9097 13675 13366 16257 1352 14416 5241 2407 3538 12437 16147 8728 8531
17357 19686 3408 12535 5173 12981 19474 7527 7036 12522 2964 13000 13165 10606 3349 14044 740 8146 6078 3950 18651 16835 19346 8145 3024 127
11936 19430 5773 9669 5491 1931 15776 8128 17504 8091 14932 7743 6862 8370 3871 11401 17981 18730 1486 3580 6127 14854 3634 4870 7977 4935
4351 5746 13837 3024 17592 3002 6718 3257 11596 1986 11468 812 13038 13509 15776 8012 7526 19677 2364 10674 17768 15145 19245 17060 270 5605
5432 12547 15323 7018 16922 973 13773 11722 585 19384 10072 17453 1187 6971 6381 2681 9018 11677 15441 10326 1895 10815 10599 5404 2746 8892
11027 14304 15347 5355 19181 9684 6322 15932 19584 239 8958 15155 14113 17173 2471 5939 11457 3503 1245 3301 18217 16724 589 17868 6864 5189
10881 9864 10025 19243 3163 7997 18691 2221 9800 524 11412 15982 9072 13759 2783 6109 10889 1628 9837 9057 11357 13765 14609 2438 5261 5966
927 11555 19041 7250 13507 14720 12709 19343 6328 7861 5244 3906 9574 5345 7744 16110 7082 1514 17349 16445 3185 1231 695 17297 4111 5349
13793 14298 13479 17306 6163 14236 910 8227 11278 16742 14587 8871 2369 1069 12737 19922 1098 18414 14982 11560 1413 1513 6386 16745 750 2421
6809 16317 5817 1213 13836 7793 15049 16322 80 16135 6652 10564 1777 13028 14778 7717 11297 15631 12742 17976 16912 127 6009 17496 2989 18883
4631 9004 8720 19797 5309 5480 3981 10074 13360 8923 19023 5729 17186 10217 13646 672 6171 13235 10080 16890 3646 3632 4848 2491 18777 19902
10438 5946 952 1937 17476 4190 13496 1508 14353 6674 2918 15429 2765 9869 8006 13654 13162 8422 618 20 6725 11578 14165 57 2513 11509
3211 7650 15350 16057 19023 11765 15404 18530 652 14218 10690 2160 13109 6959 8995 7151 942 9743 19644 5080 18885 14865 13650 16099 7268 1701
17329 7131 4555 3538 197 14232 3881 6192 13054 5949 2077 9513 3420 2276 17780 282 12961 5982 2796 6765 7988 5537 12070 4351 13754 1270
13653 11085 18783 18504 19476 8131 2572 13968 9627 2382 4 6113 8869 12280 8903 14077 6052 12134 10978 3935 6109 7710 14442 2476 16229 18548
9463 8328 18947 10863 14932 15012 12579 10268 18633 4371 12224 15395 3474 19548 18974 12484 13710 2956 5475 10472 15324 6982 1418 12582 12517 12330
17608 19863 11796 1686 17903 2962 10278 13146 17038 15707 4253 15140 17713 14203 14677 18077 5724 18457 2567 13274 16231 2414 14803 17874 5854 11683
3012 1699 5738 3588 5104 18791 9177 19457 5676 16642 4874 994 18542 18664 4092 365 7540 7793 15120 2188 1702 19337 7325 16499 19724 13975
7290 12648 12668 17815 12939 2355 18458 16903 2286 15754 17057 5215 4950 8864 18510 19101 4653 913 600 3908 2642 12441 5976 10833 19045 213
16696 4321 9801 12280 64 9663 18153 17552 6618 19582 419 13301 9099 18760 4611 2316 1070 13785 3702 13488 10220 8194 18697 3237 12666 17842
2395 2729 15699 2726 18489 18089 15705 10497 8206 18822 11802 2364 12779 2543 10207 5647 10619 5883 7086 203 19234 7394 18429 9463 13206 4572
12154 9503 12022 4015 8899 16729 11499 18422 2197 10228 17531 8448 13941 3638 14640 14848 9967 7412 4091 8317 15840 3104 14760 9665 15817 7792
12985 11997 12713 1401 5731 7460 16535 3311 11340 16821 17714 15093 13460 1693 16090 17387 13144 19829 15807 17008 15569 18739 2214 11658 16538 12307
17921 17002 9039 16864 2307 21 15993 3704 15932 12415 11131 1577 5899 9156 3306 5593 1692 282 10012 19848 16576 11621 6150 17202 16038 19833
3694 19394 9085 17344 4686 8198 14228 10606 16138 11147 19370 8520 546 7058 205 80 3034 6088 17835 18832 5333 1434 18309 18492 11175 8978
2117 17093 18725 14897 13027 16864 11635 14252 7264 17543 909 18064 1704 3358 8207 15508 10193 8378 15779 7815 9059 11874 4586 1917 7108 1915
13767 9337 10678 17650 6149 16273 16142 7167 19871 3426 9604 4305 2932 2011 1245 4809 18336 13899 2094 10869 10654 13045 8457 3776 4200 7770
14801 18149 1633 3039 14776 1205 15973 7696 12502 6675 5175 18607 8464 1499 9875 19595 8342 4121 4727 4882 18318 4901 16866 11301 12722 997
6736 12448 8363 16095 6017 10623 191 5369 13900 7131 2239 15534 13255 13749 7394 17723 15698 275 3887 4170 13440 6022 3685 18146 10785 10267
18889 6727 16939 12469 16965 1827 5617 2918 2741 15966 2786 19817 17369 5678 19610 16149 2752 2888 5930 18759 16293 8102 16747 1394 3934 17502
8201 13695 11122 14209 801 19067 10197 3855 7227 12043 5240 10883 8837 4384 10310 755 8912 11358 7620 6370 5798 14934 14053 2226 2415 2786
4369 123 4950 7064 16235 4421 17479 6259 5640 5026 10508 9416 1907 8996 8169 2224 2175 12231 12171 2961 17242 9295 5151 2408 13939 8301
2978 8947 12191 16596 11370 1363 12342 3493 3082 12819 1229 8032 871 5268 10639 19644 4593 11246 7402 8738 19488 15181 4471 16845 165 1677
12317 10661 8050 9282 1437 6658 1505 2258 6637 17694 1688 8716 16764 6179 7376 17779 14500 1773 10581 14088 17951 17694 12754 19642 15725 19894
6949 1040 16556 5533 19888 8973 1829 515 1696 10589 18007 5428 5772 3219 8285 12383 11135 1161 16363 13161 14096 889 8227 11705 6146 8983
19756 3900 4370 12114 13337 10639 3843 17610 10171 5197 19757 14115 2294 5552 19537 7882 5278 10704 6776 17740 8573 1778 7525 10945 17767 6544
4090 14378 13566 6936 8943 11675 13597 2959 9482 245 17939 635 18565 13781 9435 13022 11521 5836 13860 4088 6097 1069 19276 17228 4527 7922
6502 8737 2985 4018 7445 8121 18266 2708 14753 3566 6687 8089 16361 3953 18541 10648 1477 15086 16679 12452 1832 16128 15976 17511 15283 12003
17974 479 19946 5468 9314 18845 8753 5892 5559 3060 7213 17255 14379 1883 13019 18865 18702 4861 16605 16534 423 18883 10920 17567 10490 7413
5758 18910 9868 714 3338 9684 15889 18453 3594 5778 1431 937 15718 9497 18025 2129 7336 13643 15075 15552 6685 10531 387 7727 9501 11470
12164 6366 10679 6144 5356 10276 12470 17594 18548 1688 6704 13616 18876 15354 16657 14809 5506 17145 11068 9125 18265 17650 789 14440 2896 6671
12377 7613 5206 368 8719 19333 11960 7979 713 1117 3678 18909 7425 13314 17561 14834 12983 10058 11746 9385 9021 9092 3015 12022 11642 6693
17039 15623 12541 15349 11521 13832 7494 19646 5919 7531 6923 14797 10899 14193 19673 6260 9553 10009 4355 3281 14563 6060 4141 7452 12104 1566
15780 8341 12051 11334 13868 843 1684 6304 10784 1032 13282 17486 8446 5947 14496 2202 10875 621 19724 4707 2930 12979 19062 13454 883 8526
4546 1386 2435 15396 17586 8604 19008 7299 15904 13918 13626 1606 1576 3958 14030 19695 8129 19920 11449 729 16293 18811 581 17631 11467 2587
9165 11520 16691 1446 10512 11447 13896 12915 9735 7725 7685 2723 11807 7595 4751 12370 15759 4108 6286 8001 12406 2986 6910 16318 14613 7695
2183 12275 9977 7252 151 3411 18652 4462 748 19356 14579 854 7746 4448 12050 7275 6308 17239 2537 13696 13707 5583 16449 4103 5669 3586
327 1703 17228 9400 6406 1124 18741 8862 6951 13902 16902 10035 11488 18454 14944 12680 10149 3804 7567 626 5159 13010 13491 8370 9453 7232
11171 16190 18043 11466 11729 5281 16418 6502 5732 7592 8406 16788 17298 6585 10887 14022 2481 9790 6937 8575 9191 1106 9247 2863 14296 3366
9384 15424 9518 8894 3762 11851 10822 9402 7918 713 6740 2574 19721 18550 6932 13021 3472 8696 10322 475 8843 14157 3877 2628 12949 6390
17161 15111 19696 3239 543 11620 5901 4554 18683 3444 15121 19433 2611 13767 2027 14890 13992 5405 7992 18916 11554 18272 4484 7865 15839 2160
4194 6114 2527 11464 19337 10235 8773 6386 4905 3101 8783 508 15815 7477 13869 6714 12790 16989 16684 16985 19523 1386 6559 7183 18415 6200
17429 13349 4994 17700 1661 13255 8400 4335 15841 5070 19902 6451 9846 3132 7277 7927 15738 14543 4085 13125 16432 137 7613 2462 245 17921
13283 996 10204 7361 2958 17732 7089 9293 15559 9703 18438 6937 2098 17606 7042 5704 9858 6304 4202 11080 6880 1697 3584 19793 18289 8489
10336 1659 7138 12165 16358 3482 8974 17039 1083 7982 15999 4070 18635 1764 3098 9827 11590 6527 14734 3812 1326 12025 3630 11027 11147 14751
9039 5071 19334 12740 10124 6432 16260 15720 6216 6434 1409 15217 2159 1545 18351 6679 14948 1524 6780 8872 14901 7994 3029 15573 1701 11093
4700 3571 13991 12169 10284 4641 14187 7054 4661 8751 6719 12381 11988 11733 6473 12902 18743 9143 10991 1902 16141 16762 8867 9870 10598 18728
6799 6447 14993 3164 10498 19845 10091 1233 10090 8207 5306 7563 11539 14316 16014 14458 10263 19217 16472 10278 3646 11911 9461 19953 4308 15727
9110 1398 9589 3772 14301 15270 9059 8028 7183 19014 4574 3779 11839 5884 12817 3280 14136 8673 7469 14298 684 7454 4013 13901 17638 1376
10289 17597 18881 8049 9482 18657 8614 5556 15699 12543 10401 136 17316 19555 16476 12565 5946 9687 2572 2938 13910 15856 15538 4043 18699 19316
14489 15465 7064 10097 14307 5072 12060 16267 1418 14249 19470 9789 19100 4343 8852 16778 19397 11181 7200 16168 13681 9798 17548 11329 16431 7024
11231 18006 10533 12398 3986 7066 4303 15323 18668 12616 1179 6511 18669 14375 1911 10722 7339 11448 14040 3867 2747 10099 13950 5046 4758 6407
4373 2933 19228 19642 7220 13081 14418 3182 2115 3149 916 19008 2214 14750 814 11348 729 5151 505 17095 11911 17288 9913 11655 3339 18790
4769 15584 14060 5909 2248 17118 13946 19699 19511 8344 1051 4703 14425 4837 17757 6691 10556 2091 7694 2587 965 14255 6385 2611 13877 12658
14853 10327 13168 1709 7659 13911 11623 2113 6105 8311 7337 15404 1247 13151 1523 4279 4099 17130 2502 13641 13871 3854 16495 14474 13695 10105
19866 10343 1028 6218 16941 12969 4298 19827 4604 17531 7827 18280 3732 12353 13746 5510 13295 4252 13703 5324 8645 15029 15925 2186 14743 3802
18584 7430 18113 16624 15051 11691 4203 15499 1643 4197 19500 4970 18426 14988 17557 10367 9268 2043 12549 7135 3615 2206 5572 10971 18400 18140
8543 13720 10995 18719 1108 14823 11518 777 16787 8022 11780 13719 11411 9156 18660 4652 4997 19554 1026 3241 12024 15856 6351 11219 14418 10497
7429 861 17599 14392 1589 16813 6200 15612 870 2693 7533 16092 2963 15342 9775 1321 16895 12635 13738 2910 1526 3408 15135 16919 7100 18977
17922 8298 1236 12564 10379 11523 10011 11849 10600 4109 9212 6103 15912 17002 11523 10149 11282 15688 13507 13466 16810 8848 14957 14624 10582 15691
11248 18232 17296 17144 3231 9717 7468 8150 10968 7801 8627 2601 18243 6922 17392 17438 10779 11578 9169 19506 10633 1094 3535 17455 4029 4774
9258 14893 6417 10791 18210 2600 14092 5047 11694 9049 4915 6014 16791 9265 4895 11731 3499 4878 12481 12840 8115 19855 11524 11969 12416 15165
17835 19926 16334 15553 9334 13845 15665 5688 5785 19209 13703 631 16453 4876 10198 5909 18026 9405 9681 17996 9371 2932 6013 5731 2149 4777
7162 12523 3318 6213 14455 7895 1502 8851 12531 57 17309 16561 13854 14884 19333 16592 4513 10084 13064 19485 7320 10224 4362 5502 12522 19567
14384 17611 10168 14 7561 15086 1858 1261 17333 10615 19301 5485 9317 19921 9431 1549 547 618 2012 17535 2237 16017 18409 18876 16172 17339
18918 8812 11336 5747 13725 935 2332 4099 19064 5207 4346 11778 17877 13376 19339 7376 18537 19065 3663 1638 19628 13838 3148 7729 15554 1534
15950 11972 8461 1318 7889 2899 770 945 10170 18777 17278 6714 15367 4618 7013 15413 17306 12098 3332 16870 112 9087 14639 6084 8944 3679
19763 4730 8867 5977 6397 5683 18430 807 7802 18745 18887 12705 19027 3921 16144 1134 16686 19208 7162 4955 1805 3107 7327 15626 5539 7065
3749 9258 17238 4359 10543 7417 13580 6483 11380 2588 6650 3973 19232 18352 17471 5678 2666 667 5046 13115 1982 595 5532 5342 7690 440
17208 12331 711 5348 13749 16474 5370 19899 9737 1768 17882 19492 8767 11717 11201 18142 18090 1480 6698 4872 11413 15554 14129 17954 8923 5067
19645 11135 12205 15937 15125 8773 6858 4039 17963 3286 3428 16199 16043 5645 19878 12593 6573 5394 5492 9358 19191 629 19662 11764 15851 10341
10556 11299 14441 400 6336 17742 17287 7529 164 14560 18662 19188 553 11422 10613 2906 8282 1887 15239 7711 10035 7740 920 2747 11733 14498
11395 3315 18305 9085 5470 6376 8914 8573 15032 5241 17713 15454 11002 6420 4708 8298 12769 3746 1553 6597 18939 17186 10681 18064 3178 1247
19905 15419 11918 7383 1630 10118 10115 889 2779 12232 18652 11287 2523 3586 17737 13968 3890 809 605 15658 18085 1401 13132 3778 679 14515
15700 14213 15166 18616 3624 13115 10124 5178 18016 1543 13187 11532 1464 18659 9883 19812 5639 19622 3042 11670 10245 16612 14875 3041 14087 7264
11818 2860 1853 9293 5711 3601 12622 1250 5950 18940 1827 11822 16097 5073 6152 14850 5666 18592 12828 4886 705 18584 8559 17353 19110 16214
5054 10749 11996 17971 1812 9028 8757 14258 11308 18971 4192 11634 7667 7622 2426 14084 19572 8539 6151 2406 2434 6194 746 13790 17919 12551
12945 4430 18663 11939 5092 10082 15467 15878 5387 18633 6287 9983 14277 19530 5718 1180 16081 15658 2765 9631 7966 19582 17108 19960 3715 7122
2084 14710 16202 3743 16471 2542 17587 773 10150 1003 31 8330 8760 2557 18687 12249 5883 19204 10752 4604 6551 17132 16269 6466 10997 14203
2822 13704 4411 16523 2073 7221 928 3682 4412 10103 416 13962 3854 5917 19343 16785 384 6068 17125 15027 1489 2540 5121 13854 14239 623
13225 6442 19871 18130 10419 13311 6186 13964 478 17506 12838 18411 15686 356 7668 5844 2149 8684 16359 8641 15972 10376 8246 16631 15906 18919
16699 19531 4633 12451 7301 7956 1317 6370 5032 4622 3294 19344 2659 3998 17992 8483 8264 1825 474 19227 7755 11730 7318 3030 5064 15308
9009 2499 6163 18317 17426 11517 18253 8826 17840 3562 6011 1820 19676 12408 18846 19208 14942 17700 11281 3903 16104 14650 14896 8810 12422 9942
19050 9449 1642 6713 8014 8090 10865 14232 8484 7682 16011 3048 5766 10541 16420 19138 693 9292 16787 2909 5285 1756 5576 3110 2706 10083
18993 18881 14725 740 1338 15036 2848 4521 9335 149 18102 1737 4206 1449 18765 6711 16230 8666 7498 515 18838 5033 5482 13348 7749 17854
10975 15320 6547 2088 4885 15533 14486 4919 17337 13403 82 14762 11228 12158 10512 15134 19863 11084 10616 14773 13109 12621 3315 17874 13566 6242
11292 7713 13261 10210 16532 11565 2753 18213 10626 92 16979 19008 6686 14450 3703 4929 4737 12310 18968 16770 131 6145 802 8198 6665 19650
13858 8299 13724 6475 18213 3869 10015 7085 15089 4840 16756 9332 1072 17261 8868 13557 17436 1336 1788 12753 12258 15335 13794 14247 7629 3925
11598 16725 7555 12933 5766 6128 9278 1581 9444 4296 214 9170 18080 14561 5990 5524 12053 16435 6958 5507 1769 14228 8509 14013 13468 9932
2881 5768 6544 13511 7438 4694 11734 19414 18834 330 14320 17540 12263 811 11399 1923 7295 172 13430 12861 1799 1501 6690 7225 9035 11501
18688 610 11886 6851 8156 19418 354 1618 15683 17605 18565 15829 13363 10097 2259 12115 3723 10952 19001 7960 13286 9519 7241 708 4914 5051
7134 11474 2163 14956 8360 11384 188 14014 5143 8347 4000 641 8820 5864 4101 4828 19023 9668 12869 12594 13179 2625 10578 4794 517 5950
10629 15981 912 19096 16867 19147 291 9988 18046 7962 2851 12108 14930 19145 688 14643 3383 1984 9893 11494 10085 6000 1880 9571 1020 4731
12863 7131 2701 16422 19718 15916 8975 2212 1784 2548 19091 1474 7487 7425 13869 1401 12326 13432 653 16985 16809 1773 3935 9723 3333 9644
8434 5178 10260 600 15086 1042 19286 14153 903 13185 8252 13833 15099 9114 2949 15348 11078 937 13364 18799 11262 14160 2655 17823 11145 1575
6795 19258 675 15175 16736 4263 19734 6619 18197 16293 3110 2576 17211 5106 15710 2811 4812 4264 5983 12899 17956 4280 15658 18075 7900 13127
10008 3477 8898 4840 17962 17165 12192 3132 10970 4299 6453 597 4308 8191 13547 8568 18112 12065 12135 3384 18441 11953 7746 4637 11776 6261
12942 16522 9855 1621 16898 18784 18885 14159 6621 19509 5990 3664 5257 11777 19679 18860 10007 8757 4836 16158 9920 14856 3990 9511 12161 2822
1224 12194 15397 7139 3204 8024 18033 18049 18277 5111 15084 9786 11047 16189 5229 19258 1325 988 18755 2549 14533 14452 4322 7234 3054 10076
420 10142 5655 2890 16088 6125 11282 6858 13592 146 5542 14022 11671 11969 19207 706 11555 4287 19218 17930 14656 5087 7140 16230 241 5584
1300 10710 6931 10306 3559 3945 11120 12256 18671 8060 9048 16210 3065 3663 3532 4408 17354 17134 18453 3713 1970 3079 5214 16773 10886 5265
11331 9850 8844 11356 11012 3971 12804 2878 9729 14769 7705 14847 12582 1644 19095 265 9041 8152 13603 17500 6759 8543 9320 19623 4339 16311
8757 8197 16 15561 873 7117 3338 16084 2253 12800 1724 15295 9044 6238 1427 13726 14323 3799 2292 1806 12858 2899 12301 2008 7452 1505
2992 18755 10261 14621 1541 1906 9153 5337 8269 18103 2690 14597 1168 5079 4329 8458 6352 15182 11679 11439 5054 4995 2775 12900 15108 5851
12083 1258 12176 3827 13424 18392 10331 2168 13081 17673 11179 2701 18131 18044 1976 4706 12161 2623 4217 2531 17161 10064 18884 6160 7760 14973
1061 3513 7568 9794 12118 1404 10875 3033 4869 19904 11527 15293 5245 1479 3052 147 2381 4650 9132 4290 19406 3050 15400 9796 14189 19185
1655 11938 3739 10587 15791 5630 13566 658 5140 3554 6814 18774 2642 16439 8626 13807 1957 14183 5932 18991 7874 17907 13740 8529 3046 11070
15673 19080 13217 4960 1654 10712 19141 4493 15065 12164 7319 10836 18519 15236 4459 18469 12218 16899 4149 19547 12970 13714 6761 2808 18079 10516
