365
21 22 73 26 82 69 24 71 73 4 22 9 76 51 46 77 15 91 93 1 27 39 7 41 70 37
4982 8295 18715 9354 10626 15964 11872 8496 17875 8329 15786 13302 5619 13642 13159 10021 6880 8076 17981 2363 7972 11834 12692 13513 9000 11934
15186 799 3082 6082 6510 8371 12555 14237 3566 4417 14889 12910 12822 12642 2692 1787 3995 18255 17934 1704 1123 3874 11700 15483 8948 19544
15363 1144 17483 10315 19077 17408 12317 15971 3151 1970 8266 1486 19890 18845 2996 16437 1326 13946 2387 13011 5999 11770 10861 11779 4016 18559
19589 3578 7053 736 17732 6722 18063 16514 7727 18420 15493 4999 5051 8315 1774 9589 5642 14095 6486 10987 16999 12946 7794 19190 15849 13899
2088 16217 4979 18212 10744 4429 2042 6096 16762 16095 19645 7721 19023 14510 15881 13756 13482 18811 6408 3537 311 17858 12355 13666 4235 12038
14121 5163 8568 2089 4145 11185 1111 12392 10939 3323 13059 10077 19150 7647 1947 12226 3004 17851 19562 7812 6976 1744 17824 10940 12937 14895
1944 15542 19015 16040 11723 19250 19667 17837 2094 14813 2355 9768 13746 10415 11159 8697 6451 1082 14460 16568 15814 14390 12904 8623 3134 13611
6527 15628 7634 19339 16773 3350 2492 16410 18373 1559 19890 13404 7499 11743 12852 9919 16601 14426 380 9311 18174 12198 19765 17199 2415 8267
11208 4922 9042 3947 8584 15864 17400 6090 4321 6159 2765 4392 6824 3376 422 19075 6887 6446 35 11411 18265 9995 1456 18067 2167 15510
3431 7425 3787 2316 16595 11028 8767 18318 6799 13640 5654 13274 17855 13045 3166 13947 2674 16822 772 2766 16823 17773 18059 7054 18148 5476
2099 15471 8061 17740 6780 19079 5433 9408 12258 14471 18640 5733 2972 6633 15464 19174 7834 6099 15020 15032 10181 6821 366 18065 2181 16104
3197 3796 14119 2021 10430 18688 2104 1139 1923 1615 17166 16322 14997 11454 5280 3530 7283 3685 19385 2415 12189 4118 19324 4260 3228 9102
10756 9133 7856 16642 14347 2677 5403 12656 9737 1954 5814 9551 16657 414 258 6013 10842 14037 3366 10912 16295 5121 6082 3519 5577 5796
2546 11332 14966 7015 14494 1254 16365 13692 3953 8803 1934 17067 13990 11009 3656 18861 16925 7707 10337 7638 17894 11180 3742 3471 9109 5784
11609 5654 10504 1265 6288 6220 3238 14480 11994 10902 15828 19457 13888 7274 15543 11375 15977 5487 17478 7909 7577 5593 11964 18746 7332 11131
4154 1271 19787 11913 7792 8706 18176 19468 6639 11754 6363 5428 3490 18325 16387 2702 9371 2213 1226 3818 13087 13062 13631 3964 13838 555
11200 8362 15106 10082 3845 3201 6528 11216 19132 3036 5423 17033 15867 19259 2877 571 11318 6601 11262 8641 19997 32 14010 8146 16875 17535
1442 5177 12685 10834 10206 9783 18639 14096 5436 19483 17465 14552 4215 18096 10911 2223 11963 5209 6155 14960 2673 9309 17645 9019 11090 11420
12512 8218 16023 8391 16839 3228 3775 7880 17091 6073 16079 1911 1259 7632 19223 7128 11121 16388 1661 18152 15704 3309 10179 19574 11844 2622
17170 19191 5696 2622 4721 6432 13898 11249 8509 18134 10036 1138 1897 18386 14263 1966 17681 2414 8699 12130 9846 10503 5262 18354 17769 4958
18437 8657 9579 16251 10511 12370 12665 14298 17737 19242 4106 15722 13036 7421 1404 4585 9517 19090 7881 13467 15070 14303 9548 19918 887 275
16318 16181 9947 6320 7138 14893 8868 4358 3274 10589 10065 12811 15234 12453 16925 2135 12953 7055 14050 40 4355 13138 13773 17914 5316 6983
582 3151 10720 214 11358 19279 29 16839 8998 18755 19267 19902 4597 159 10031 15327 14220 12931 8685 3743 19463 11663 19131 10517 8417 19608
12353 10214 19368 11712 11007 5674 2832 2302 4458 12349 12260 3087 13645 4960 6333 12504 9293 18055 10863 2051 952 412 16483 13706 7788 11176
17322 8370 3589 11586 19980 15143 9356 15939 269 17869 13225 1439 19463 9134 10798 4794 9165 11903 4688 18076 12991 7863 16485 7846 12386 7516
11942 9555 8377 15067 6871 10338 18271 12583 16081 19626 19329 16090 18884 7366 9613 12719 806 6388 9118 4125 13555 164 17241 270 9480 16660
11180 10541 6994 16037 4003 792 19449 10506 14277 7019 14355 7162 11856 5757 1189 6398 8786 18260 3147 3377 5919 18555 5405 13958 5141 5732
12699 9598 16314 3867 12238 9141 13818 17983 3386 2647 18281 15754 15156 8017 8582 9424 8336 10170 13125 9177 13197 10721 12014 13971 19255 17340
19793 18728 4610 11854 14251 12793 4078 4784 17456 11165 15273 18046 4862 6520 1132 10785 791 10284 11860 14668 11502 19104 3042 10266 9790 17944
12792 10736 14219 1302 10242 12255 5982 758 15231 2864 15760 14715 4054 4824 14592 8477 5756 19804 3252 10894 10086 18054 10522 12259 15129 17303
9621 287 6128 1546 983 1867 14832 15718 3903 15579 3286 6956 14624 11110 11257 11502 7772 10535 11466 9452 19634 13048 18189 18417 9648 4368
16829 5899 10984 8972 14972 13654 10830 12942 7537 16770 242 11594 2242 13055 14172 19941 4966 7293 13302 2363 8951 4968 12435 9838 828 4832
9054 1877 11342 8803 14453 19923 2934 13315 1083 18643 5175 9425 18669 8891 13578 3408 12608 14336 4003 8280 16019 5690 13505 12302 18414 6118
7675 11834 12720 8276 7532 19685 12916 5482 11792 4237 12679 6124 7952 5446 13118 19921 4527 95 4584 18768 19170 5083 13238 4792 11923 1844
11644 18496 14809 7625 4014 7893 768 19943 4766 13573 3848 16977 7151 6528 19673 3739 8613 7542 19407 14255 4196 6258 1135 12788 9668 17587
18126 16020 6253 12578 5759 18648 3245 10682 16348 4837 4051 18075 11293 13296 5340 1739 14502 4131 17062 14245 17342 16395 1244 16829 9389 10776
4486 4062 8680 16597 4758 15558 12347 14986 13981 14403 2583 8132 16749 7874 10854 17350 16520 13491 4612 252 17585 2362 13609 5332 306 106
11094 13033 10775 15119 7716 1431 13920 14368 14476 2253 19962 9010 19853 17244 12691 11413 12335 3967 847 9702 1938 14037 9242 12728 14523 8839
16808 3022 2282 17250 1168 17098 13800 17281 12954 7726 10500 1168 15318 11926 16493 7110 11976 3288 6002 15635 9676 7674 13791 5970 19373 2458
3528 1714 16572 15028 13068 11489 1135 5599 170 6169 8650 1936 7861 16660 6714 11941 18987 12922 17578 16566 10234 929 11104 8330 7621 1434
6943 12212 10909 19386 19600 441 1393 4231 1573 2123 19329 12086 3639 6494 13618 2606 10732 18929 6324 14040 10377 5268 5171 3240 3209 2258
2538 13546 14000 2343 15696 18008 15557 7657 18597 15414 5099 17919 4021 2957 1755 16824 8767 12393 9631 1484 5501 7464 17557 7656 6860 5496
15846 12536 17010 15103 19400 15109 917 2589 642 5508 10884 4540 6807 10397 19420 2143 10673 2528 5831 1544 18206 17799 4396 9063 6857 3315
5608 17199 16685 10988 12048 5737 9786 10605 15937 6804 178 3259 9630 3824 19866 8825 5039 2907 13951 17423 19009 6584 6900 10437 3035 18673
13023 8025 4976 9066 1750 8125 4069 606 18983 317 1132 10945 10668 984 15389 17325 7818 2064 15620 14750 15741 4492 42 17779 12437 12067
7790 8878 5908 495 16027 13475 5743 8230 3982 3152 3548 16237 8580 3243 17459 12784 11689 1071 15414 11391 9157 3530 10419 3309 2999 3859
7508 19234 17541 4594 14605 15972 7055 15606 7203 11282 3295 18198 15956 3156 8747 5784 10870 17244 4892 1489 13098 6931 15424 14859 19522 19289
13981 5291 2090 644 16305 18840 17002 18820 15299 1497 14565 3100 16344 4018 15425 516 10498 15562 9262 10113 5454 577 16115 11497 10629 12822
785 14957 15229 2756 6371 2985 7320 2072 16168 326 8062 14576 4392 10398 4091 16420 5800 10963 1920 10436 7822 14746 9742 11995 16475 11523
8623 260 3447 12081 15096 19401 18917 8124 19672 13375 3597 14265 15608 14539 9513 18151 16000 5760 10159 19423 14238 17793 5364 2786 7356 4813
3641 14465 9837 5401 9104 15158 14882 19900 11029 10753 13189 10570 11271 1100 2417 4201 14965 6697 10137 1305 6394 3562 13580 9847 1494 1839
5808 18824 10229 8150 7405 13421 18872 15015 11125 6214 5533 9675 17267 7590 7545 7344 238 15242 18743 2788 17172 16762 16401 14329 7533 1789
18475 1744 16504 16868 7156 12192 4405 7715 2651 16214 3574 986 10097 6311 11324 9551 15313 3449 3100 3801 6428 2334 3256 16191 1584 3810
4678 13573 19924 5710 17893 8288 1618 1004 19120 12534 2032 3064 11613 19077 9614 14065 14203 11590 11716 7405 8630 10520 1776 6348 9475 3266
11030 14460 3746 19104 19612 13691 7241 14504 19807 7085 13716 8684 2124 14490 2218 4808 5173 11968 7420 16397 19879 5815 12244 7328 6177 18993
19416 2215 4903 10172 727 18403 5037 12286 3602 6258 12419 16966 1441 2956 11948 2517 10471 15434 6631 10743 15944 18443 15919 3059 13710 9041
6931 19416 5545 8948 18208 18920 6184 1878 10973 10994 13149 5733 16444 10129 1941 16836 11000 10428 17461 1833 615 1185 12205 635 15159 5134
16206 10774 17481 7421 15299 13100 2962 17156 17275 8825 3589 3448 2751 13757 398 5454 13515 8166 2624 14377 16214 15279 7883 16470 3267 10500
18457 19433 2413 8350 11814 18167 3368 12429 18036 15469 12704 2791 11913 3424 7466 18381 6575 17168 18852 15384 8349 13743 10678 8831 315 8326
11465 18479 686 14947 5780 16493 1934 14420 2810 7889 10799 19688 8088 401 1172 4130 4340 16254 16957 4620 14127 19059 12304 11123 14375 12569
10134 12741 14900 15662 15587 13456 18281 16681 4809 19470 12748 9871 14329 15653 16460 16557 17422 13331 733 1259 15382 1448 6115 7743 6577 12499
13432 3736 12116 4866 18964 14687 16476 2147 4171 889 17990 760 2195 15836 11157 17506 12365 9462 8598 6784 9628 8406 5417 12840 13697 12494
15657 3070 1634 7949 10727 4269 16017 11419 13098 7689 18133 6940 7602 2969 1480 15445 7621 14728 11909 400 11988 17341 11133 1939 99 5555
10568 424 8030 12582 1568 2167 3164 8057 19347 5929 11018 6440 7208 16477 5698 7569 17511 5800 10326 13493 5116 4385 3689 17557 17669 8200
3819 988 15472 2848 16263 2416 5265 3550 5722 17722 4091 1239 14555 14656 9702 12043 18706 4699 5864 2345 12237 3820 9742 4984 8251 11848
14635 19601 3512 11068 19338 10721 1194 15786 15645 4848 14832 19334 11924 4791 15869 14955 16811 10894 2624 6834 9006 17319 8511 7893 3752 12074
14381 19827 5815 6444 13081 16654 10562 46 1841 18215 9666 17750 13354 13067 10980 16199 939 1848 11630 10879 12667 6896 19862 8091 2163 4505
11766 19725 10641 4456 18705 6892 11556 17780 16647 10963 17475 15300 11599 10809 16733 16068 19594 7128 4804 6417 9583 6911 6560 16662 12035 4035
6123 4011 5628 9181 16318 7249 18962 18253 17167 17622 5117 7152 19573 9194 19324 14222 181 15662 19768 3593 9431 19507 3282 5375 4741 10928
1296 14025 8854 4122 3655 11515 9368 17918 8976 15335 2597 8459 11377 4037 4283 10637 21 2347 11871 2849 17745 9185 3971 7843 4718 7457
15295 11563 3633 2319 3171 3208 6846 3501 7981 10421 4403 19510 3732 10309 5730 6733 12466 17536 10654 4362 5619 15703 19947 1486 3567 5742
9812 5238 11324 19917 3947 15947 6400 13211 7435 16776 13704 4595 11544 10853 17088 7619 10173 3625 2568 19504 13144 5042 12165 614 9398 6687
6810 9289 4449 14357 1043 4562 10504 9840 9156 18417 19932 17973 1442 18835 2457 2888 5860 13608 15519 11954 6271 5548 19050 5828 6161 16546
2148 14267 11055 3970 12979 6623 2106 11647 12446 1125 239 1846 7454 17712 3651 6457 7223 12049 4609 19254 11169 14355 1930 9320 19347 10018
18251 1555 2530 5495 18257 9097 17640 12131 8382 18618 2174 14550 5052 16349 3486 11110 6213 6633 2161 3581 17974 7380 13142 13316 1379 563
9296 11111 13368 11371 9668 2844 5541 5504 19150 7967 9262 16871 16849 18058 885 17976 18910 9669 1499 15806 8021 15042 14369 5149 2715 1391
19541 17547 14822 14310 16974 1276 4741 5458 7165 19225 8557 180 10259 8356 18838 18773 4761 8887 6761 6562 19290 7132 7967 9061 19407 2036
4016 15184 2061 16310 1312 4060 5563 19695 11807 8389 3001 18768 18512 6230 13648 15624 10345 8058 19307 2053 17305 12305 17197 8841 3458 15780
13344 15896 19490 10353 3298 415 18152 12829 15143 2060 5110 13591 17009 12612 10240 2514 13833 6940 16778 11938 16129 14154 6799 19111 14425 345
4115 15532 17933 12374 15926 6940 10164 16387 8038 1071 3982 14772 13727 5894 12677 9499 17197 15759 9312 7894 4713 16198 17040 16220 3830 7453
15378 5496 12492 8731 14077 11762 16278 1556 3788 10004 5550 12946 19155 10748 14777 4305 5585 12804 17929 19462 4849 17419 4041 3065 14132 13806
1300 10123 4925 2336 6733 15798 14954 18883 1513 16788 7400 12378 19780 5620 368 13222 6211 12553 15543 13166 19680 9844 13399 5547 5993 8194
10867 3709 9868 19496 7741 15794 8185 19136 18563 12958 19051 3426 14964 4356 17270 16509 11653 2198 18531 12997 13212 12013 17719 11821 16692 17793
16525 13697 4784 15215 15946 15437 8419 5954 5986 8438 208 7584 3882 4434 9857 7919 10540 12628 8740 10015 18726 15179 5866 10840 6810 16593
8127 19393 19816 8196 10312 19504 18694 11383 19113 6852 3883 13536 18703 12807 15183 13338 4720 16416 13893 9073 13765 10410 6172 16258 8007 17232
8134 12549 12655 7457 19281 10774 11645 17746 9455 15603 19484 8198 9899 16079 18259 3762 15858 16833 1849 14395 4623 8929 8133 16776 6420 12113
8138 4824 8108 16305 10275 15443 14245 17753 9564 10646 3857 11873 5732 617 18225 10898 15683 12764 6298 13231 3295 12916 15010 11982 8702 250
329 16284 5534 13823 12996 6249 18480 12175 8452 3424 6993 19598 5417 14943 16448 17576 14683 17981 4337 6535 7839 12582 12930 19054 5033 16291
7512 2810 17110 13960 9993 12229 253 13846 11834 19427 15234 27 10498 5620 12692 11879 18813 9304 4056 905 18213 167 14183 11124 18442 12108
18385 8242 16420 10717 376 17470 4311 18526 14258 19624 15549 2058 15475 4061 4865 2647 1742 16099 8924 17933 2058 9928 17043 5787 7485 1916
14127 2519 19133 704 17509 2544 17534 7558 7942 3453 8310 4058 10712 19837 6321 9232 1104 14122 7009 13855 330 10990 5044 19324 5212 8110
15757 10199 2683 18401 7978 7949 3816 3213 12041 6686 5723 139 9500 3837 18915 18390 19851 8849 4571 14694 4008 19098 992 17137 15630 12159
16523 9709 3877 2202 9989 11036 7989 8454 14954 9235 12113 3467 10626 18028 1731 2332 17096 3274 10242 7167 2102 19422 10298 19797 9042 17655
13465 971 2673 17064 5671 7877 7225 3941 279 7801 9399 1001 6459 18884 11331 889 14154 18187 15307 15443 3392 5138 17508 14651 18340 19853
3828 2826 9084 13329 9524 6787 10015 4827 4621 13016 5737 14903 7902 18251 18333 15049 3116 18811 13313 12186 10169 2900 2964 413 5124 3320
18103 15625 8805 11341 5986 6706 7367 8066 9185 2546 1269 16119 12249 18447 5842 16829 157 5721 14449 8082 17421 1996 2013 2082 17460 19902
16485 18377 13979 6857 11701 5778 9350 19213 17974 6668 8013 3430 7241 13436 19569 15230 18806 6782 4172 1237 13136 17882 13835 16027 2627 16618
18126 17069 4923 12326 14533 8395 4145 3484 3990 19000 18653 9626 19831 1400 13275 14575 15765 19353 14310 6632 17851 2406 12658 7456 14861 8209
17455 18237 10079 13553 17684 18132 12955 18745 2231 19587 18309 10627 3413 14129 18942 16910 2680 2676 9517 368 14540 5200 10704 13870 6594 5351
2784 588 17619 5518 1492 850 9428 5252 10329 19930 189 7208 11109 13045 12683 10927 15816 12885 1273 7824 1867 17210 10023 597 1398 19964
14278 3131 5843 18530 19441 19791 12295 15225 10467 19950 5083 5209 8442 7596 8299 19216 14949 19222 1211 13407 8225 7689 8014 4439 9616 7391
14485 16292 11285 17589 12406 6673 11763 9504 17105 15133 1494 7923 16541 18362 11632 13105 5063 12393 12538 8033 2754 1924 118 11800 17058 104
16 8309 644 5430 10004 3509 3285 7428 6401 17910 10024 5344 13331 67 11649 3241 2280 14703 19408 10624 11637 7368 17139 18058 18660 6162
7875 16925 13873 1959 14802 17659 5834 1888 13047 3458 1660 5237 12084 6997 5933 4389 10814 15973 15730 18133 11487 17528 12907 15830 5162 19863
11184 11393 17467 12837 3358 179 17213 9852 16923 18539 12394 18517 19608 18839 15350 12446 19659 7202 3941 5351 9625 11854 15271 14185 1654 8669
2756 2463 634 10027 901 3443 13702 777 14553 16846 9023 8375 5308 12444 19785 19567 18084 10956 11277 16235 11050 19130 19471 18009 12222 4969
430 9494 18218 11868 8347 17727 12623 3339 18823 18314 7260 7449 3294 8687 18267 1860 12376 8531 13834 12015 4890 8412 10391 17664 18308 17671
2961 13153 6791 17895 15897 4921 9636 9945 7914 3350 8803 8190 5397 12337 17843 6574 6758 19559 3854 15457 7635 2957 7575 352 10917 10873
18516 9395 12891 7337 11301 13446 12333 309 14084 15705 16687 19969 16916 12381 7898 10419 11710 6979 4103 12888 4339 1462 9395 6590 5679 16911
10446 10916 12513 2550 18200 13614 13871 9341 13478 1261 5969 11059 7165 3372 2543 1568 15480 12892 16257 7128 12541 14667 18062 17129 8146 2291
5979 13118 15028 13535 3353 6170 18352 14281 9929 1465 5162 19442 15391 11500 2623 8356 3413 2724 7425 18829 18521 8414 18131 4255 8069 15396
1391 4220 7316 16680 15763 1484 9935 18345 296 17043 18905 9415 9368 5639 12716 6175 8911 18608 16642 11119 19470 8589 11930 19384 15544 17912
12021 6641 14368 9957 1582 5366 16552 10351 8311 6483 3921 19627 3751 12218 5334 18455 5678 19419 3174 6155 15626 10983 11612 10226 15989 11369
12391 3411 8192 8770 10623 5712 13447 16434 17744 9065 6958 17551 12940 2272 16918 9981 406 13863 3537 9220 2535 19816 15253 9284 14442 19691
17107 8514 3337 3338 13173 3976 4150 14035 15430 6391 14995 9549 18343 9444 19109 16580 19210 8125 2542 8828 12723 16744 18719 12179 10732 19183
13670 13222 28 3905 18121 8534 17424 13225 10446 17852 17728 18154 8485 9216 6576 379 7942 13721 4762 9088 15358 18450 11116 16106 993 3784
10850 7463 17129 60 18278 13900 4007 13182 8213 483 14782 5222 12902 881 17998 8398 6868 13972 12136 3960 12302 18705 19447 5000 15514 14616
686 9103 4944 1388 12702 1151 19689 7582 15742 5882 10873 895 10014 2349 17113 9800 4423 16814 13740 18390 1127 6237 4672 10104 2147 3722
5701 15867 15409 17153 9585 3426 2855 6241 7317 10672 12276 1642 11009 17616 12881 19152 16637 6612 3513 18306 4460 466 10490 15017 2424 13166
5923 3449 5985 3433 11623 10071 5616 9810 5039 10627 2667 12938 11851 14468 1294 7294 6545 15478 7304 3131 10895 1900 15868 16671 17422 3039
5691 234 1926 13118 8713 13704 12150 6734 1618 17129 1271 16799 17627 10128 19704 15574 11371 9120 5935 5844 10635 3176 7597 15973 10261 435
17178 4545 18106 19459 5834 3496 11862 15228 1217 15662 2079 10640 361 14778 17471 19950 11610 6307 16354 18967 11214 17785 8133 1198 11938 10168
8851 5128 18044 7669 3329 6909 6045 8904 1685 11470 4404 13544 1277 11657 12764 16696 18568 3373 3119 3589 16414 12309 16299 4797 19426 19841
5458 11107 19585 15813 8161 15464 10002 13126 9008 13472 18669 17755 11849 6667 7309 12773 11157 9786 167 9656 11701 17713 16366 15613 168 17825
17669 17758 12150 7068 18272 7382 1894 16158 12470 19875 9099 3620 12704 19905 18199 6544 13955 19132 10336 16798 3230 10200 4036 10359 12774 8720
4008 14053 10776 6348 3080 16926 13880 4621 5296 16229 9092 9294 19615 14341 6991 12762 3024 15122 7432 19718 15345 15671 11446 16866 2444 11985
18273 2685 16004 18145 17819 17204 14788 2456 19359 8042 5605 5619 1675 5173 9718 11848 3241 11327 3530 7556 3778 5641 12379 10926 15606 11953
18679 761 7609 9404 5028 10508 14487 892 6035 7534 5630 16767 12196 16116 17471 9098 3714 3659 762 12180 18436 17197 12487 3186 631 5419
6175 18418 667 13364 14764 18166 14875 12567 3698 3229 2419 5851 4282 14349 11559 16447 10220 19520 3264 13155 11909 6871 15964 2306 9471 145
10801 11401 18050 19674 13284 13019 3070 8510 14016 8409 13663 11524 7992 14372 363 4547 1498 14725 609 14131 7710 3490 7073 1870 16019 12697
3712 17375 5343 8683 19009 19117 12320 19236 7042 17052 2398 18061 12433 7556 880 18220 7080 10386 17376 11202 5144 15084 6003 3512 3088 561
12388 16451 12703 15709 11006 16550 2403 11625 6147 13255 14428 19925 568 16856 790 1903 6410 3026 11638 6051 8607 11290 1539 7225 5402 17485
19608 10729 8983 1212 17675 14370 2943 5278 10629 6204 16299 4778 17541 15221 19978 19858 8346 4014 10854 13202 10117 3064 14622 18572 17650 13316
2218 12452 12727 9787 1804 5882 10955 13660 3214 18079 12302 43 5294 14972 10456 10205 11711 7115 7343 11015 19221 11882 15985 13266 15931 16713
17321 5556 118 4820 4724 12030 8186 15995 17471 8148 17244 227 11552 8599 5938 7609 7668 3137 6505 14927 13917 4479 6170 8538 8369 15024
19736 7272 15725 14995 4387 19001 2647 6807 4285 13520 11497 18573 6102 4271 1981 13499 7569 5852 17399 18733 12884 1361 16183 11354 12692 10590
19732 4165 17949 18349 4126 13470 6022 13445 6761 8390 15784 3561 6658 13630 12992 15398 2665 17143 10879 5336 18100 9789 13819 13376 8931 8170
7964 5345 7012 11389 16047 3140 10157 8119 17402 9318 5951 8225 6291 17734 4176 14514 9002 4967 4259 12725 17857 5058 14878 11528 13918 12476
7346 7230 17946 1233 16754 9433 17669 8333 7734 16200 8272 716 342 12931 11662 4013 8188 10688 15375 3422 13896 13620 3997 10358 122 19278
18200 15090 12322 559 10573 10395 5124 18328 18237 8 8662 3929 9237 2744 5356 16089 15785 12542 9363 19974 18351 15642 4532 6396 18348 4155
5214 14263 12271 12272 5667 11777 10907 13026 7035 3396 3674 17884 16408 883 15819 7736 2299 843 5070 9317 10199 10430 10100 9482 17472 5049
15681 8391 18848 5586 3679 2325 5739 545 10865 19858 17005 6985 5001 9599 14403 16415 9869 2190 14120 2601 12013 4219 16216 10260 4420 3980
18737 19097 9153 9934 1286 11504 10727 18250 615 16996 11920 18405 16359 17611 8969 13625 17288 14902 15516 9522 15204 7168 14535 17892 9312 7999
16128 18368 11829 14167 14463 1176 1789 11105 8976 4221 11925 13984 16654 6848 10613 1193 2554 19953 16222 12610 4474 12013 683 5801 5652 4825
15259 6742 16819 1082 11172 7757 16047 18340 19779 12218 13646 10567 15197 11407 8051 14571 5127 2267 9697 1487 17512 15427 5595 576 3979 7529
8321 7272 3371 8405 4338 13991 11357 2717 10771 14387 18001 1826 17998 15883 4422 18870 12764 14955 10650 15907 19601 5439 16470 4175 347 10379
17231 15552 14679 18963 19078 5502 768 6509 7283 1855 14774 4916 5587 14728 19889 2491 1270 1059 18129 16952 6232 16967 6706 13251 11388 1490
15492 2145 682 13243 7209 3900 14434 12504 15280 2680 17953 19029 18420 19974 5591 11245 12433 12176 179 6616 18642 17998 1426 18153 3003 4361
5696 9627 3099 13436 398 315 6190 3689 13470 15823 16300 17931 18347 19883 6866 19203 1539 8928 19878 8566 10639 557 238 12769 19812 7513
7327 16773 10591 629 18528 2222 13289 2407 5308 17675 13169 13288 18502 9682 8826 3822 14961 4522 3948 13264 19510 11535 8224 14706 13638 14810
7200 9379 4266 13252 12766 17130 4680 18075 12544 12662 17246 10423 4429 16211 11368 2459 11102 11625 8112 14417 16558 19690 3545 12345 14547 6833
12533 4835 8855 10136 2787 1792 7804 12584 15301 16211 14267 3566 9490 19549 17413 18051 3726 19142 18404 19262 4993 3666 8094 8207 10976 15887
18486 6344 957 14025 17624 5767 9932 4078 17025 5263 12791 3191 16708 10948 4380 11382 18990 6353 6442 14555 10116 1983 7107 12237 13851 2202
1837 4214 11622 17307 15313 16141 10237 4407 5348 1312 6575 16277 829 11112 12978 14787 6529 11355 7914 4489 13367 12626 7442 2659 10787 11102
6064 4698 6107 2076 18017 8356 10323 4053 16393 10605 6295 533 8303 3221 16943 19223 10739 13840 19315 7141 19014 1313 13482 18414 9868 10785
166 5260 12740 12039 878 12261 12641 7163 19120 2757 14539 17223 3830 18530 6118 15980 5244 11794 7695 7299 16917 13062 155 6995 3512 1700
6250 1997 4237 4389 19879 11853 6070 17948 4589 7600 7179 5548 2666 16631 15103 2343 8664 382 15995 9709 19409 12292 3213 1348 14239 1442
15219 9531 16834 12787 3212 564 4130 104 6884 18534 19882 7367 7385 18973 19895 19577 12186 15346 16874 7658 3596 18674 7053 15067 7102 9095
6108 19419 10611 16004 5867 1920 7371 17625 3399 9691 4768 1440 4924 18827 10686 14819 3060 9297 9927 4781 619 13045 16963 6819 15799 9232
19549 16119 15894 5437 1393 11799 1380 14345 6809 13408 10381 15552 19081 13424 4755 19363 4769 7944 9466 8504 19780 8691 13766 8968 9450 160
6389 18350 7922 10501 1093 3612 14512 19197 13786 3749 18585 15305 11844 9926 13707 19782 15390 19382 4343 18687 19812 12211 6559 5191 17925 14237
5920 7016 16207 5798 19476 6050 10070 3234 6952 11174 125 11939 19019 5475 8830 10667 5348 9613 4359 11146 10923 7672 15919 14744 17744 10550
94 19759 19299 7178 7082 14395 8020 8864 7453 17013 19102 14517 17761 18763 12216 14582 6394 7525 6811 13102 10236 5750 15712 10851 15504 6276
1349 6317 9764 2447 1695 7143 9185 5069 19602 17645 8853 5102 11527 8548 17630 16879 10928 13126 5021 5886 11653 18777 18302 3651 946 7418
8975 11738 9936 7598 10876 2533 19547 9971 13684 19632 4704 2961 11837 11157 19074 14597 5099 40 13230 18349 17329 18324 14389 15697 19613 11237
16657 2413 4317 12035 18890 16769 16350 17817 17470 13656 14650 14650 2703 14873 13005 12574 9237 11736 10908 7858 2007 8477 9499 15044 19397 898
5125 18993 10021 1205 10315 12353 10607 15933 17127 13382 16400 16747 12695 18944 13702 10373 6757 16032 14869 16606 9101 3524 3957 5348 10951 13494
10192 8249 9869 9410 19955 402 1999 12734 7459 10106 17745 17092 6049 15418 12230 1307 732 12049 6714 2056 13348 6911 16294 9053 12754 6540
3519 15274 16606 5534 6751 8454 8169 10191 13458 4903 531 1287 2527 12120 16705 14039 7685 9306 7169 8097 7840 10915 17999 14797 6160 17298
19203 13451 1370 2018 10022 790 5895 15568 15415 17860 680 1572 5832 15884 19838 14468 468 10672 19293 6236 14245 1208 7823 11554 12334 3836
1415 3374 9281 291 8849 7226 18266 18755 12097 19866 16194 13038 6042 12215 11053 15831 9021 13034 17521 6928 10625 10921 11086 8886 9207 8398
3394 4220 14821 14285 2668 296 13820 18782 598 1523 14679 15504 9636 9626 2818 14876 6068 7784 17622 3247 10365 15466 11551 19222 18635 3839
13377 15735 385 18332 4255 12938 17032 19607 6861 12919 15693 9876 1198 9844 11707 5704 9138 2670 13399 922 3472 7888 341 17276 18642 6191
16160 17336 12495 7692 8485 1182 1641 10390 7900 7893 10686 7781 6150 10266 2769 16889 17912 4806 13657 17464 148 1636 12492 19336 4438 1103
6912 19776 17613 4315 14176 5633 3436 13132 10888 6149 3238 15100 7054 8888 3993 18256 12873 13185 16569 19099 11063 15245 18295 1638 13559 6189
13048 12010 19811 7878 17688 6229 8984 12008 11449 17031 2168 14628 12099 12555 8446 11805 15313 9515 758 7863 15733 17094 2458 12126 17573 11387
1185 10493 5755 15807 13454 9072 14832 16849 5465 13888 13104 15908 11517 18932 2211 175 508 19098 11223 1904 9895 9030 2596 7996 19658 16992
6751 15436 9749 9067 8792 19435 10619 6853 7254 8056 2935 16938 4457 2089 2922 3825 17499 19010 8471 16616 12002 13885 12914 15619 9396 14166
14754 13472 9351 11019 721 12881 4744 8127 14665 10309 17883 3624 18955 15091 10389 7143 6386 10298 16409 8304 1962 19126 19161 412 19952 4003
10007 15162 19351 2877 3548 14030 8774 5470 8849 120 1536 15464 8113 7476 18405 15091 14774 3574 1974 7518 16938 10687 14234 2033 17472 8785
6629 19699 16443 15404 16277 3905 6923 8645 6781 816 9320 11454 17261 17668 15899 16697 15892 3999 17014 8903 10720 12888 4742 10591 14327 16595
4894 15398 3729 16492 5402 910 11474 14588 6827 12336 4958 19013 18788 5242 10326 4040 8170 12147 11890 816 8767 9171 13233 2454 17647 17505
9071 8257 9173 4568 88 16892 4000 1391 19550 16428 11348 14160 1847 12536 7077 3949 16877 5917 8246 6844 10210 16566 2062 14253 5003 373
1230 18171 8112 18609 5567 6525 15374 8254 8910 13388 4613 18381 9285 13475 9102 16403 11429 13206 3560 19995 19357 10530 6337 14367 19533 8925
17195 14363 9464 18823 7609 14639 18919 13092 6729 2251 2778 6039 7608 10223 15630 315 11073 13411 18119 16002 3788 16569 2612 2957 2509 3200
9384 7759 2209 5344 14270 14313 8094 1836 14025 11088 5026 2825 2568 16383 13393 16720 3361 6012 16887 16691 1121 3070 5338 14455 3180 17392
19932 9500 19810 3851 19262 9919 19389 4712 1609 13066 15948 2207 19487 16102 9832 15491 7813 1399 683 13644 1868 5259 3768 17608 10317 2915
8041 2305 693 17282 9100 5749 3656 12918 12557 4912 8300 3827 5135 14678 19548 14440 6256 4058 15300 10773 11376 313 916 15338 19972 347
4358 11161 19033 2806 5091 8911 7324 4892 17394 6502 13311 1561 5996 11386 4374 2594 17399 17985 15589 9100 19108 9747 4760 15410 19310 5916
5325 16420 6161 17684 4848 8416 15529 1408 15376 2748 6615 7075 11657 3871 13514 9749 7078 651 2914 9694 8481 19427 19344 4815 13119 12382
6865 4851 6957 15603 13622 19125 9088 1181 17168 1243 9229 4868 11142 15771 5238 6199 12479 6279 1333 18637 11479 12843 19588 14920 11186 11500
542 19546 7573 2303 11041 6083 5634 15167 5669 5047 1077 14406 10172 6694 13046 9627 2458 10940 17603 12307 18439 5987 14786 7230 79 6317
15545 12663 15478 1741 10678 10654 11519 17023 13087 3896 15605 11128 15262 6589 8915 17130 16307 15420 1055 14393 6686 10990 14413 10524 16215 17968
15520 8306 9611 6732 8650 2293 74 15632 19784 16531 7363 5582 10337 9550 6345 18595 12889 10663 19570 9668 16812 4208 7803 19031 15900 3705
4200 13325 17548 9024 18791 13314 8070 16638 7249 14469 650 12941 2078 15736 4811 17241 18636 6407 12282 18553 5449 9477 18784 16693 4564 5250
8831 19771 7488 16735 11764 9765 7586 5229 12740 11657 10085 9946 15351 1802 635 13568 10230 13257 3146 1325 12206 13793 1703 19681 11877 18908
3898 7951 15656 15137 15015 19298 19664 6491 9599 7018 11812 1781 9115 16807 2609 14121 19160 17112 2838 277 8365 10838 14452 19893 5746 18508
4869 12105 18571 8210 1734 3868 1284 17571 18804 11082 14520 726 14269 12925 8718 9982 7366 15728 7208 3603 6763 13198 11343 4804 19204 14543
6059 5597 12580 13602 466 13873 9331 9473 10443 3318 10463 11197 19733 6073 17478 5389 3329 8051 4890 18275 6495 8904 14378 9020 16422 19686
499 17153 11541 15962 11473 16064 13676 10229 10954 8728 5028 11282 8561 14932 1657 3014 1662 12007 6952 9443 3231 6537 13292 15184 9246 1905
16953 3633 18153 8167 8667 11764 2579 13801 6640 6878 14068 5778 1779 11745 13324 2417 9187 5246 11262 4873 1615 6868 14150 14857 8764 14856
15127 10782 17427 2397 12782 5453 15784 8652 9272 7982 19584 13098 9262 17255 3823 16879 16135 4871 13006 8130 13845 395 7749 9405 7207 14733
6873 9228 14039 10125 17431 2654 14001 8176 12059 18418 13718 6636 6941 15945 2344 10496 11818 3528 5141 7602 3489 8152 4620 525 11280 15275
13357 18905 19196 269 2629 11216 16543 10881 16491 7467 14131 16224 15235 1283 8907 4986 13287 19827 6976 14266 94 6384 15282 16111 1579 16049
13816 7810 10876 15550 12878 19685 17928 6017 14473 2480 7481 11875 11649 3423 11803 15411 10988 8534 13629 8558 19182 13835 17843 16813 19276 8938
7797 15905 15266 1932 16231 12700 6939 7046 4866 4990 15523 5486 12069 10204 14555 14450 15844 18167 13845 8186 2430 16696 18019 2298 4327 15639
7640 13682 2650 16952 8329 15923 7648 18683 17728 16560 9155 7176 6952 4495 12327 13678 15585 15406 19341 16503 4305 11691 13522 2312 2073 14996
15413 929 8121 15796 10249 14271 2558 19942 1843 18585 13390 18322 16504 14522 8292 12579 11770 15113 2842 17498 8656 5978 3485 7719 11553 19758
12521 17100 1052 14065 6114 19844 5372 5091 13034 18612 9001 15495 6354 4899 5927 18136 2359 17778 17509 3017 13341 8121 4463 234 11710 18053
8947 5632 16069 17927 6439 13098 455 3942 10625 13663 18255 18907 9148 15336 3951 17826 17156 7062 7327 11447 1374 3909 9833 16372 2364 1004
2110 19027 17191 8952 4837 18519 1708 6902 12447 13929 6681 15395 3827 6761 16317 12091 17654 17924 17234 2681 17393 17902 11032 12583 18128 2517
4217 19768 9534 429 1002 7241 8547 3100 4493 13569 296 2435 17150 9145 11630 12695 4098 1825 12713 8927 11710 19403 1813 16279 8776 8289
14306 11168 2074 12989 15809 2706 12607 18044 19947 18296 14740 2927 9249 16345 8441 14832 6408 19680 6114 8467 4530 5120 13112 8467 15832 6799
16455 1729 18912 12105 7642 18691 14650 17725 5545 17287 8886 611 11600 13971 19586 8031 11337 10346 14017 16493 18905 3152 3871 11242 1959 17110
18455 17794 15819 15077 11953 12188 18382 12662 11893 3057 2371 20000 6144 19758 4839 3531 18666 3566 19450 18686 1438 6707 17330 10929 14384 7926
4344 5198 3878 2630 5651 17001 18450 17677 4903 3470 6179 7476 2603 6800 15930 2453 15524 298 13081 1039 257 2812 17908 13535 8298 18228
17725 10809 5288 6848 102 13714 2161 19705 10786 2563 3805 18372 5536 5633 6058 85 13859 19540 13008 4642 10072 619 3663 11194 16925 6311
6246 2392 661 14931 10713 16758 13549 6072 6866 7332 19503 3582 9027 16692 5358 7900 1003 14150 14113 5819 3580 6764 6585 18851 7237 4636
6202 9151 3898 4632 18098 19844 2125 8324 10405 13181 11607 11264 9536 17362 15152 8845 2723 3878 19138 10629 12527 15041 17946 13180 4388 9289
1345 11320 12100 4962 5093 13122 6528 8344 12213 15183 19705 9628 5394 8466 7889 2393 10839 8124 3160 5623 256 9364 884 10336 1995 6291
19587 8314 13439 13823 11087 2156 19849 13629 14387 15998 7376 14974 2371 26 7002 17033 1527 10193 17606 16436 14236 14955 8426 12315 9113 4915
17858 12747 77 12537 11110 5848 6642 8811 11216 19136 16648 3772 1975 3124 15420 2666 16381 16627 4446 6304 13963 7801 7298 6569 14729 19930
4485 8570 17614 4510 11729 2772 1288 5247 14456 1538 18163 8854 8479 11232 17026 4595 7753 19904 9390 19040 1907 10300 8798 13683 7532 19579
18715 796 13375 12438 15757 7114 11028 18036 9277 9952 12343 7643 8795 16083 10200 11075 7687 3270 552 19676 679 13597 4936 15788 4495 15935
16808 2721 19473 1613 14611 8070 14264 6368 13711 14887 10432 17253 15538 15798 198 16724 18922 17127 4542 4668 19428 16797 17576 2156 3831 2795
7371 1945 15695 5564 16492 16717 14612 7471 18856 12686 8500 18064 5857 5162 19008 9066 4697 17349 1527 4133 5579 4803 10777 18214 4750 15170
17659 2568 15748 17409 632 8386 14719 14500 4120 4979 1684 4087 2836 16318 5899 5436 12657 3665 3723 12609 14774 17140 4861 6422 8290 806
8499 8366 7109 17303 9579 18568 2645 6938 8043 13411 12492 9064 6324 8821 13936 17564 9703 871 6538 7715 12087 2007 18809 339 6949 14090
19415 580 4485 15582 12385 6864 3717 19623 2372 2880 18596 7422 4400 3885 9328 3949 4773 16107 18249 17177 16732 12433 4852 7088 16952 11168
14932 4435 4132 14343 1530 19996 13896 15839 16010 2362 4035 2475 11309 371 3819 5859 17053 14604 10114 1758 16315 17622 11903 11631 15207 8444
10131 15180 19202 15579 15316 11804 10361 2797 2687 11552 19858 8146 18981 8643 19352 13334 15200 9262 5149 2558 10966 9594 7096 10366 5186 5203
85 12408 10556 9996 1355 2510 859 10521 1560 4866 5377 2034 17558 19704 533 12043 15159 19653 12508 18877 18948 8350 2007 12375 6075 13855
5984 2423 6421 18439 5929 4410 12527 728 10471 11235 18163 1290 15076 7012 1482 9442 15080 3659 12493 16286 11125 19248 2414 18556 13357 19300
19474 11944 19711 1507 6325 15923 5030 11120 7883 11210 3985 18252 18893 4843 17160 4791 9289 2374 9196 1385 13438 2127 10699 4358 2454 7680
4424 5908 13259 17727 18797 15981 10839 11878 17412 3433 16452 2096 2984 522 4759 9158 12976 7625 5747 15038 19002 6594 17596 10392 11471 13641
4103 5431 15944 17214 1402 1967 5656 5435 5859 4897 6023 15240 8206 16515 12841 9546 2480 9434 11910 1498 17064 16770 1951 6466 15497 15419
12294 1645 3958 10633 3730 8577 15719 6195 3624 12273 19258 2432 12702 9507 14975 17798 17316 935 7000 15029 16517 14790 15739 4699 7140 239
10205 3831 5452 4242 8197 15261 8746 6205 10090 2257 7733 3400 14865 11578 10738 4664 18503 9812 3207 12731 16336 2348 12920 10946 7125 10698
4144 6830 935 10975 9575 17951 5415 10999 11821 9124 16479 16096 3363 16034 15498 19181 5266 7634 17991 7264 1659 15905 17350 6735 2660 11421
3983 1451 3686 5477 15905 17583 14035 7879 14448 6002 18650 506 7575 14685 19146 9906 8221 16674 16047 9967 16450 19557 11700 7200 16151 2900
11138 15688 920 5846 19562 12265 15693 1917 289 19050 5623 12761 17490 19990 15541 6532 14142 2676 7407 14013 12095 7430 1441 7892 17268 14056
14878 9739 9092 6172 12792 56 482 18697 12269 14015 8982 1436 18807 10087 18165 18759 1654 2812 6026 19887 5527 5444 19498 13518 16503 15928
12615 2462 5659 10572 3636 19916 1504 6794 8131 7302 1495 8397 14522 11179 13934 19633 16607 14413 16081 8674 12602 14900 1466 8057 18698 4585
931 16311 17548 1030 18399 5103 11804 4299 8520 18554 9719 19938 10110 8594 17388 12130 9299 6006 4648 12682 3402 11952 10507 8467 8389 93
19947 19805 3699 2987 10074 19914 3945 19067 5049 18983 8782 4165 3134 9736 10404 11224 3754 3310 8999 15200 8933 15032 13044 15298 14054 2604
16130 291 2466 4728 15178 11333 4346 2388 1061 17928 11019 9256 1426 3221 17466 17210 16815 8616 18821 13606 11879 7012 3227 12376 5741 15821
13654 9839 9016 8240 14944 5070 6458 18970 15737 10701 10292 9949 12477 19762 1053 3131 12353 14188 11741 9706 10564 3527 6263 19239 8429 4651
10397 15276 1281 12125 9545 10932 14860 2045 2679 10828 446 12391 13317 10409 15596 11983 6905 18535 18802 15192 396 15813 481 3369 19117 1310
12902 14908 2389 1374 14467 1576 13937 13908 10219 19093 10870 8423 49 9112 1675 4290 19376 4118 18297 13961 1334 15400 14757 16913 4845 7657
13104 9979 10289 19334 8342 9685 3763 8036 15682 17359 9230 6345 10433 10373 2703 11277 13530 3011 18139 19549 10581 4094 3014 1348 17693 4274
1657 3549 1246 1081 19243 15759 11176 14573 17800 18490 13471 5819 6985 16747 16652 2554 10951 8925 4296 186 15276 4436 18122 13635 14612 18970
13113 5040 7395 2933 13620 12671 3545 2500 1021 16097 19134 8851 19007 12998 4648 15888 14262 18991 13519 8091 10339 14928 12367 8098 5795 886
9148 5487 19830 9783 10930 14309 19007 8724 11907 12260 19725 11538 17418 7475 6866 1930 6764 16658 15485 12999 4635 7814 7822 4616 19574 19814
19157 1326 18368 10931 19806 19007 6039 19737 15340 8758 1031 8220 17484 7357 19145 2588 19117 9367 3826 18549 5209 1938 11654 10075 19285 14562
1506 398 9718 10224 18412 17438 1924 14857 8471 12866 3117 10909 1474 15663 14307 8401 3955 4886 15978 18593 7460 3359 15106 12113 3897 3614
15048 1979 183 14959 9082 15162 10159 6256 6385 4415 3488 19423 5897 12454 1099 6527 18426 9494 5166 17543 1196 7833 10786 18020 503 16055
19656 8264 19501 6380 7983 19531 10381 11609 389 8237 2185 5498 15718 9050 18097 4101 10872 9903 19594 10350 18088 16604 8506 19487 6400 17438
16325 18743 8685 8999 10563 10971 16321 18192 16313 17456 18204 19404 8555 19329 15684 15460 3431 13303 14287 19678 11809 14585 6101 19371 163 12938
15164 13820 17637 7108 12150 1169 4885 13592 16724 6091 24 16956 8610 10414 9251 3679 17505 1801 17321 14534 8197 5099 13909 17912 12880 3912
14396 7194 7892 2576 6692 8820 15502 15064 6871 5820 12956 14235 8747 5152 3279 13048 2239 4697 15696 12756 4464 14422 810 14561 4070 19346
284 15203 11125 3840 3981 4317 11332 19676 14261 3279 5671 5149 2589 4208 11211 7663 8731 19801 9918 12582 16635 19896 16523 18370 18805 343
6629 906 5425 17182 9892 18028 168 12396 19722 7319 10034 6273 375 10367 16993 2237 247 11943 13444 16958 18152 4108 1087 11372 8404 2147
16376 16133 4578 4857 4665 15914 218 9066 2862 18387 16399 7827 10942 16748 8229 13623 2712 15760 12055 18489 622 2572 19132 2460 9042 10967
14996 11795 10560 16238 13001 13266 19303 7821 15419 1122 2807 1561 15109 17091 12896 19851 17697 9964 5237 9497 7665 18382 11067 7626 681 9615
18798 14625 15994 4088 18795 298 7850 8934 11342 1775 7102 13181 14604 9327 1895 13481 6577 1953 6025 3803 17603 1051 13028 156 13329 18829
291 4131 3854 12210 2345 11420 12819 7398 15502 17435 3945 542 13851 17248 10155 13346 3246 3511 151 17190 19016 5464 7991 15998 588 10581
18688 7648 14019 3213 4389 18408 2609 17665 18881 9100 14632 9801 10173 2053 1294 11441 2039 3157 7891 19956 3428 12104 12103 19547 15166 16685
6482 2259 17361 1943 4747 13765 12043 12891 16081 17680 1959 14473 16622 9465 3536 3324 10994 4428 13028 16612 17721 17807 19150 777 11906 12509
19703 3655 14746 4909 17531 5515 71 1750 13725 18782 1049 11174 5069 1307 9401 15216 19392 15651 1786 19213 6675 11250 9963 3523 16451 13728
935 517 7800 12459 10486 9852 6125 7821 2906 10352 6568 14771 7726 15952 11080 12387 11047 803 6330 3977 11897 1927 7108 644 9624 6322
360 9838 11744 16216 5831 11729 16590 10454 12198 11436 3627 3734 18670 16042 16100 11121 10783 10529 7119 14895 746 13493 12322 14036 7491 2488
14362 10772 7240 7550 1671 8082 19378 3381 16066 18789 17089 17569 4709 3892 17034 11658 11028 13019 14891 11894 15095 6574 581 11198 15355 13753
15786 3730 13453 8128 1263 18371 15172 12302 15655 2565 19429 110 9745 17484 15879 12431 1661 132 17405 14681 18201 612 12663 3243 1828 19436
4797 5046 11075 9205 18806 1267 19601 14157 13320 3342 2480 4808 10433 1401 3135 10235 8870 16668 5750 17200 6066 4346 5034 7383 10315 249
13639 7349 9465 3344 14835 18551 5555 8145 312 19898 14658 971 8606 2306 10256 3088 2307 17518 17605 3373 15963 8079 9820 19840 11303 733
8965 16639 6231 16707 1000 16815 11061 9573 11447 2030 4609 10760 3917 14723 18935 8249 14622 16848 11807 17171 9946 14038 1415 11618 18279 19755
8611 9078 14359 1926 14831 7851 3311 10840 12501 15456 9289 6027 3814 4751 9081 18661 19332 7118 9071 2086 6243 5362 762 11572 4291 18961
3027 17031 7960 10996 11334 1174 16410 8868 8378 6549 15637 12889 13200 12516 9384 12168 6336 19614 9779 2677 19558 18993 19778 4507 4817 19598
6324 4767 1942 270 3333 4472 13585 12167 3294 17048 1567 7807 15874 6076 14631 2300 10215 2259 16138 1606 17600 9710 7981 7154 17239 7068
13525 18854 12847 17932 13448 7846 7929 118 8738 14918 19250 15105 9080 824 13600 7278 59 8251 15841 9414 6248 16243 11463 9164 12394 13617
18415 7678 8980 16561 9841 15489 19764 6115 4523 7936 7761 5930 14878 17747 6204 9673 17477 9373 9411 11861 1428 14439 17492 5274 10830 8482
6124 1288 1136 8203 14751 5250 8797 5015 4055 8858 13770 18796 5334 16602 14559 16088 2903 4166 3239 7341 15348 14636 14512 1974 14330 7848
11862 7858 135 3462 3723 3645 9062 18984 735 53 10321 7365 7458 14911 6162 3198 15043 6021 19004 4124 15385 967 19800 17422 2871 14760
10703 15680 12182 3086 6944 12012 17032 14859 9215 17314 14738 8258 13958 11665 10105 15159 4189 5714 15707 15345 11766 4945 12770 12525 15466 16225
7693 9574 15266 13256 17863 7419 17250 1898 5283 558 17444 9013 10507 8209 3462 9899 10498 10137 435 2577 6387 6981 15755 9432 9072 5406
7313 15839 7168 8346 11217 6878 15447 7520 11561 10718 13380 229 15791 744 11285 6301 17840 14139 440 15571 11667 11409 16460 11757 18114 6250
1828 13641 10765 14862 3328 10645 9133 8463 9087 13844 4943 17897 14725 17387 471 17729 14737 19094 12503 16126 19712 1914 8211 19433 11485 122
11719 10601 9031 19247 16727 6180 6038 12053 1479 5402 16596 3812 19638 14630 3491 16976 6140 10942 14642 6492 9877 18131 8242 3836 7976 4183
12839 703 9893 14872 545 17536 18259 7818 4651 19287 5250 780 9304 17756 4611 19025 12397 472 19666 5861 368 12861 5696 283 1002 3694
2810 2401 4744 10 18831 3784 16419 11888 16487 8280 8716 986 7945 7120 15009 12830 2005 14226 3044 18262 17317 6088 1221 5016 1031 19680
13078 727 10943 9550 13991 1553 9229 7744 2735 16790 11277 5335 665 9220 518 14805 18450 12354 13866 17191 19930 4103 13834 3825 3310 7798
2595 10888 9712 1347 7320 540 632 11872 9039 7507 274 19152 19604 17857 16699 13531 19030 3 1622 16940 11391 6162 6116 14925 5944 6860
7302 3786 12090 13948 13562 19712 9702 11546 9819 9788 13590 6153 223 16384 17046 15302 11163 13677 14629 16029 758 14879 16388 7271 6814 2236
4061 499 17761 857 5690 6337 19972 16600 14843 17677 19359 16839 6941 4783 10633 9282 2597 523 3870 18891 17264 17478 13319 393 16498 4624
9380 10542 1682 13889 17475 16902 801 8702 7161 12149 15706 6552 8348 1890 4414 9594 8420 6420 14771 5280 8852 15843 1418 19311 4697 19959
5715 16261 2362 11430 14065 11574 1822 7923 13078 3348 17049 10871 6611 5918 19981 12204 8753 16041 19181 5439 14747 9723 17035 15078 19491 4404
10555 10281 18452 15937 7014 13094 6314 13790 8066 13651 18521 19080 7104 9784 12581 9934 2769 6874 4080 15920 10664 10999 512 10200 7983 3669
10294 4130 6022 505 10863 186 16684 4356 13376 15709 5035 6362 12005 10091 13702 13789 10791 8891 3781 14964 16818 15485 6580 19200 5563 5637
12150 10778 4378 17710 12127 7683 18290 9118 12225 19771 1468 14061 14736 15459 7987 16580 6702 3635 17223 15848 1046 88 8548 8273 1932 16710
15210 10767 1199 1246 19153 208 17864 5153 4252 5661 9192 691 2719 2926 9042 9781 2728 17367 6302 18275 5013 13545 18796 17268 15437 1629
1334 14556 223 2605 1221 12486 4910 5535 7774 3418 15804 4132 10947 6351 874 14643 3446 13517 2949 18242 10889 7418 2507 378 1279 1240
2063 6936 2241 6926 9236 8366 2003 13626 13327 17736 16131 10290 19638 18489 8081 1019 18088 5241 18177 19313 10229 4629 11189 14885 8206 11465
721 17313 9087 3745 4263 17742 17399 12323 19039 14129 1417 982 9707 12169 13075 3405 7335 3891 12691 5700 4264 933 9900 15247 19925 4477
19991 18831 19637 18663 1821 15654 14947 11454 15617 397 19275 9106 18499 18350 9700 9241 15526 18841 7046 3459 2240 9559 9177 12183 5422 11443
9516 8963 16303 1191 16842 8487 10013 10129 16122 8618 1009 1840 13567 19070 19504 958 19846 3648 15647 14102 15509 16827 5497 14495 18029 10658
682 13852 8121 19232 8904 12885 12912 11398 16631 5498 12423 12151 5411 14106 6360 18163 1473 7913 5340 8840 19580 19517 14951 10629 9996 10140
15237 2221 16034 15077 14230 4076 4660 9530 3343 17082 17026 11315 17873 2500 12593 15776 18635 12022 5003 13714 17809 1852 9512 7852 5873 19112
4183 18031 10375 17953 17194 1094 6880 10273 3982 18642 8544 11700 1531 13062 11707 12326 121 16084 4867 10335 15708 1696 9836 2659 9237 13179
4858 8512 8461 1191 18140 9567 6391 778 17759 1493 1989 14942 13885 16593 18385 18773 12518 18193 15484 3683 12366 4632 8090 18441 10317 7598
10894 6801 13176 2076 10232 7181 16411 3422 12939 11124 5648 1240 2271 17198 12327 6969 4563 15442 18535 7565 13834 5209 6055 1769 12088 19764
19460 14498 13052 9942 4268 14983 17650 7170 15736 15964 12874 11195 12652 8049 9949 16117 2323 336 15289 11832 2921 4213 14164 5893 6043 643
13892 10365 12978 16292 12442 4149 2495 7981 2444 5741 986 6290 4018 4851 7730 973 5455 14102 4611 10384 9015 2365 9883 10755 11492 1392
6963 16514 302 5516 18609 135 1176 8473 16957 4566 8729 5036 6498 339 13438 11118 6637 15912 6295 13902 15286 17547 9303 16387 5003 2376
6231 14177 7425 5233 16142 9029 14844 3561 16611 5480 17922 48 11514 12004 3786 14737 13649 3315 12369 15181 19215 5607 13090 686 2203 14147
1256 7360 15751 6727 2350 12302 18473 16801 2576 9302 19367 14305 11539 4652 4883 5477 6723 13213 1544 16958 10598 961 8261 9386 14830 17228
7402 8991 18393 5911 16988 1834 8680 3045 1238 2762 15597 13918 17059 6905 10084 1517 16060 8340 8317 17826 11118 19832 583 19601 7862 6805
19442 19282 19450 6515 19246 9384 14428 2003 7003 1691 9347 19675 13940 11295 9608 12658 14884 14534 1273 8190 11445 4761 18553 15021 18906 8499
13823 1115 19450 2017 5074 18009 5046 15537 14202 4886 8208 14491 15678 11359 10445 2285 3103 1721 6978 12692 19071 9074 3774 7843 10343 12420
4961 17734 19214 2928 5907 8310 14784 16948 7404 2694 4566 5606 18007 5992 18593 18176 6175 18384 3636 7914 19576 7503 2005 9521 8118 3625
13591 4734 4253 8687 6327 16580 5323 3155 6971 146 19886 7154 4682 15876 14447 1535 19967 7963 2977 7930 8272 19380 12555 11873 1134 19623
19861 9788 2040 4 7959 2840 17595 14792 3623 1470 13375 19090 19925 12519 12862 11135 11809 13050 3729 2021 6109 18657 11397 4699 10491 6289
18535 9567 15724 7693 11316 6645 7272 9905 4516 14700 2664 6947 13142 19566 10814 9096 16392 11939 4607 17700 1773 12864 17204 7977 15567 4595
6192 14062 6572 17429 563 3852 17405 18942 2672 2088 9698 15376 15138 564 13726 4790 3965 2052 4886 4611 1712 1416 10769 16089 3104 11453
13063 15331 10562 11040 17674 13945 9037 9507 16612 2241 6954 13519 6073 1155 15064 5425 6042 8568 16777 5993 13169 16737 5906 8456 19990 9748
18784 4639 15756 18098 18300 9613 2132 12744 14122 6393 17712 14806 17930 18844 6125 19092 10527 10300 9996 17001 16279 18463 14194 14693 16134 7012
474 4547 3598 9022 16010 1397 17149 2043 5411 14602 9406 14965 9127 8239 5893 2257 11846 5074 3996 54 19379 2937 3382 17949 8184 3258
16447 11752 10609 5912 9440 19747 8328 6899 12458 5295 8160 14207 5231 3347 13481 16689 13340 8718 14223 16518 8328 5100 16908 4669 6620 4881
19061 12325 11343 7137 5873 3140 6083 12839 13718 15291 3255 1721 15590 9235 3321 4800 2474 1621 12301 348 4156 19914 1157 17079 12176 1941
3598 5315 4621 6193 121 9100 5347 10285 4974 5293 7978 5736 14462 16436 10458 3933 7374 19342 11873 7688 7726 12751 15399 18945 13007 3197
17822 7992 19636 6251 10145 6009 18429 3798 16166 2455 19121 1913 9301 13286 9201 19501 6344 8448 19514 4163 11132 5409 6894 9289 10634 2008
18384 19455 9410 11839 8932 2705 6444 4069 15966 4087 919 4351 11344 11921 9678 7889 16450 15128 18543 19209 15034 247 11467 13696 4384 16495
14714 10935 13760 14013 18466 58 18314 4430 10365 15767 11776 160 15924 11354 13807 17838 5269 11739 14777 10099 15500 7430 17237 2436 9478 34
6990 13608 14352 6796 5433 13672 17787 5856 10361 13240 7031 8308 18987 10017 19279 10443 4583 11897 2808 8238 5841 14473 18514 11211 9401 12898
9801 2242 12435 18343 16957 15021 10693 13980 722 12709 6062 8641 9715 6735 19803 9910 6051 8423 4541 9987 11983 12324 6851 15159 12408 11148
5503 4632 7246 16500 4922 14760 316 7556 13113 7985 19146 8296 3074 18053 5137 16207 12760 224 3805 3312 4935 14399 15011 3959 7992 19299
11086 5813 13518 9501 10453 12232 17963 19555 8316 5800 6432 12072 3287 7425 357 3997 2952 5797 1963 6557 19305 1757 7154 3663 13886 9066
8011 7383 5869 5013 10087 11351 14345 3959 9242 10488 7002 8374 5849 6958 4228 16295 19808 15357 5372 19498 13154 19499 12107 7214 12258 686
15031 15769 11055 17635 14703 2586 10905 9770 4094 12149 15254 8594 4228 11030 10759 18292 7536 6522 10243 4174 11224 14255 2828 15 10035 7791
14708 7935 13755 12781 19474 2896 496 11422 13927 12571 14137 19782 14116 6653 8448 472 2264 13752 16619 17285 16199 3664 5787 10533 16884 16208
5821 2474 10348 16894 17944 4847 2488 7423 4176 15618 9673 8332 18014 19558 2547 5834 11278 3096 16985 1856 12425 4832 4201 16486 11802 4250
16314 11167 10279 7223 16195 5525 828 10502 12495 16048 14600 10715 11245 14630 12006 6304 18184 19312 16201 18413 15300 18594 12527 1728 8873 1812
3182 11940 19186 3842 4077 6540 6821 18508 9345 12851 7581 1915 4204 2012 14429 11834 17039 1354 9927 7538 2171 2021 505 16598 14765 8171
19355 10550 17280 15591 17702 2021 5816 5114 6845 14434 254 17941 9172 378 13901 11668 2230 4631 14563 8268 7594 19207 15527 8020 4757 10787
4 7034 10282 4066 11316 14057 16246 15084 10146 12000 2878 9076 11071 18659 11211 8603 4091 11156 19376 11023 4655 18086 6200 6870 14928 13628
8864 10083 12231 17424 8165 13164 176 17578 7730 6345 15427 11849 16555 9770 6677 14868 9343 5765 3649 16032 745 6708 16846 11968 4478 9513
14300 9949 3951 15326 667 42 11206 937 19587 14999 12496 15281 19327 10230 1267 19439 8639 815 6579 16311 11575 6779 322 4 2325 9430
11405 11868 5007 4182 14702 1719 6886 2361 10698 19735 4128 17872 7683 8407 12814 14256 9574 15932 8632 1943 13243 3490 13577 16584 4503 5898
12330 14302 18452 11243 29 8351 5696 16124 10747 15257 13253 15512 10595 15933 8486 8660 10167 15284 12853 8046 6494 1157 12436 2793 19606 8495
5575 5829 1595 2883 18424 349 875 9825 4227 2948 11734 17222 15178 8920 3069 12373 1993 7013 3829 5327 8219 9903 3227 3138 17152 12912
14374 10012 19172 16517 12032 19407 2167 16999 3306 14300 13908 19510 2532 13963 14397 19681 1365 16102 4729 9785 13779 3506 17811 8231 11125 5685
2983 1862 3464 4727 16527 3643 19942 17135 5025 1233 5330 5540 15375 7672 15591 11733 7423 18362 4291 558 18354 19521 5486 10604 485 15404
8626 1290 45 9398 19269 12340 17090 15803 7950 817 16678 6897 8606 15384 5806 15231 14639 1190 11543 8647 18725 2631 9818 16152 8610 11660
15335 6352 7457 6148 6673 18751 13879 3973 7211 4366 106 6071 13249 18449 7874 9889 16604 19929 4598 13004 1445 12659 62 9359 6575 7378
12812 10539 8018 12998 1831 10644 18086 17566 4734 5653 14407 13083 13132 18208 5500 20000 8802 3012 3947 10380 4746 4568 355 4757 8729 2289
9455 11117 2464 5153 9835 13009 2711 9137 10257 16635 2151 11662 15746 11594 18045 9867 7790 18911 11709 4729 14887 17719 3923 6764 9776 122
10967 9329 19209 5718 779 11257 17642 2033 18245 10305 16980 15425 5940 2908 14627 17124 17275 15109 3907 14361 18852 7907 7942 16217 8589 5341
222 8071 9604 1857 2578 14341 13096 17824 11220 14939 2493 17677 10317 6877 17195 9813 9798 12995 6819 13701 16541 18590 2138 2852 1250 12970
15372 9553 14528 10633 17173 19200 6462 644 4345 9839 17998 6769 12138 6496 13138 1005 12899 18465 15255 19070 10545 9227 7105 14409 6214 17370
7256 3932 10610 4273 1823 2848 15611 8128 15556 1710 10623 16555 15402 3752 17204 2006 5360 2326 10039 117 10417 696 11458 17033 13023 2908
19711 9722 3424 3256 9530 19314 16358 13154 6788 2543 16023 4449 13678 4832 19348 459 4991 4845 14272 8727 11270 17432 18680 3903 19458 4887
18468 6077 3055 15663 12220 3247 19512 11035 18678 10012 6405 17715 11362 17108 12506 18726 15912 10210 17877 3302 14403 13843 6545 14327 8644 16193
6191 1507 9807 17360 5287 7805 8024 12536 155 6777 2760 16903 4386 4230 5941 5905 7604 15308 9254 1480 1548 6767 2083 18476 19114 7394
10657 797 19645 10954 12191 13400 2161 14609 5917 15489 11289 9084 6745 9886 18343 4584 17833 18467 9747 13619 14928 17860 9931 4427 6735 9577
3425 12757 10788 10277 12723 18554 2432 13486 2540 1759 18530 7140 9722 9695 16608 1130 5005 6638 10581 17937 171 7324 7571 18647 1586 11734
11703 6585 10580 5487 2340 11713 14804 2600 623 116 17137 12293 10348 16848 15409 18348 14735 7524 2807 1377 6335 1899 14001 1880 12640 7132
