365
35 28 92 1 94 13 49 59 80 2 31 66 10 48 42 27 67 72 21 24 45 45 100 47 31 74
14108 13921 18368 6511 2928 8502 6803 12256 14424 3300 18225 8170 8039 6951 19055 7048 18577 4053 10179 18754 9955 8966 15284 1414 1021 6650
13032 12784 9431 2811 8086 12610 15553 691 3654 7499 2547 15468 13294 1195 7975 9474 17792 10349 9739 19073 9443 19294 4270 7830 17643 6708
9481 13230 16734 7858 17425 10125 7580 7469 13463 19550 12083 16568 5040 6928 16854 13633 12548 18531 7346 17975 11324 14464 18515 725 15794 4334
14062 18752 15014 2952 11960 19178 15899 18513 8630 9671 10681 18839 8946 10792 10765 2885 13865 1420 19612 4638 11672 4944 7904 11721 2971 11840
3048 236 15010 15937 746 13529 16315 15902 19598 11839 14221 16518 17257 3315 17706 19292 9782 12251 11921 2862 12922 11264 4234 131 6405 3514
1741 16539 19772 11547 7765 17382 19844 19679 18920 1261 12044 19321 9243 5858 1089 798 12841 11790 9009 3262 19991 2095 13357 19628 7572 5697
19857 4950 3132 5380 8901 12287 13546 5421 5838 3171 9064 15476 1115 10632 9163 1190 10146 18265 9493 8219 7673 7948 8592 19486 10349 5703
15656 2613 1716 1251 11444 9007 508 16596 9670 16866 17411 15798 13358 18999 3723 19928 6616 6440 15402 16873 7485 10634 15201 18756 13534 328
3480 18386 2331 4214 10180 12441 3335 2983 13511 14386 17212 5113 11054 9610 14529 4941 5247 17864 13271 16825 17343 4962 8190 10655 11828 3766
7525 7638 13464 18526 5342 10273 9611 9713 9501 6737 3652 12409 555 1963 14657 9470 4223 2671 688 4511 7280 9061 5673 5168 19033 19075
10680 11532 11494 19484 8263 724 15714 18401 13222 5340 16953 68 15210 3653 19546 5576 9690 13582 11303 8794 12940 13080 8348 8092 3004 4644
9027 14392 2939 18045 15968 6880 16418 16919 10582 11409 4199 11398 7090 8899 7037 7540 13386 6514 6438 13463 614 12094 15288 18285 10641 1940
9612 12746 4052 15080 18570 4202 19513 12112 10348 17706 6339 11662 8162 16034 13326 7960 2853 18762 18565 15524 558 17849 14897 15125 9275 19292
13988 18395 3998 9616 2907 8665 8273 765 16888 3283 18909 8169 15219 4138 19872 6126 17672 311 4226 4102 4811 12751 11228 2140 7641 940
14414 19031 3438 657 5054 13362 13617 6412 9344 9158 16255 16756 3897 10479 17284 2225 14954 13681 7217 3346 18699 17651 12527 2947 15459 19434
5637 12483 13229 15029 14720 7291 3667 10543 10722 11408 9590 15152 16073 18179 7215 14703 12882 10659 6803 12560 1397 677 11089 13880 10334 17020
15212 8956 8886 2786 1601 3537 8853 3208 12807 6382 6038 14300 4579 15604 17298 17497 2434 673 1544 6706 10751 17169 15227 15074 603 1987
6863 4588 5602 280 6734 4612 8651 18632 14697 2664 16244 9826 4973 2743 3847 19421 4441 18514 11411 19456 5818 11674 2119 5878 7695 700
10655 11172 14487 15982 4790 4395 4386 5552 2016 8045 6857 18405 303 18165 14153 5309 17185 17302 14045 3361 18610 19774 9539 16615 7662 15152
16408 4747 2353 9083 5291 19115 18547 2079 12383 7259 6373 250 14193 19 7218 6387 18778 16245 6073 8747 7345 2872 9645 5334 3772 1930
3797 2870 202 7955 17349 11594 8921 4629 5863 173 12956 11284 14680 13699 8265 9363 16558 31 16208 16369 1194 6844 12040 13397 3076 13350
4839 5406 12706 4628 9339 6977 19184 11121 7870 6611 16083 13824 15131 17564 6748 16771 14048 13243 14189 17554 15171 4612 18714 2917 18764 12653
11618 18330 18813 11541 12097 17243 8500 9082 3820 13243 6353 2084 10995 19886 17893 17967 10527 13425 10515 10317 3099 8351 5666 1210 3763 11577
7623 19012 17123 7633 17435 10610 3035 9057 13956 3151 19196 9549 9264 13742 14409 9348 5888 4727 7820 422 11699 16098 3988 5341 7638 8905
13252 14207 16658 9730 1056 4090 549 5790 12454 671 18161 296 15028 9986 1731 11249 17541 2192 1976 12690 16121 57 2576 5669 8548 16742
14379 15369 10866 17576 3562 19667 13676 7984 6613 5281 19500 8161 8792 15949 11501 7757 8650 699 8614 15620 8538 1802 6735 1771 10831 7093
1160 9742 2873 3442 18202 18412 12550 11096 244 4600 13415 5091 6977 14035 1796 9701 12647 19999 18948 16468 1454 18036 16449 10854 11370 8608
15909 16374 15109 6905 18628 16152 7135 14896 8443 18641 12173 5740 17303 632 9722 1464 18874 10245 15047 6543 7215 10657 6413 17314 5785 1989
9429 17310 9879 6089 6315 8569 13447 2051 1419 6182 1489 7381 13164 14119 6115 4161 10043 13169 2287 10983 167 6398 10699 6332 1945 874
5977 16670 1054 16616 15331 5126 19455 10388 9494 3835 18182 15795 10094 2437 8960 3448 19529 4451 2200 19655 19676 442 7741 4194 16543 1320
5600 3503 14466 9715 7269 11330 952 101 14516 2044 4383 2618 15289 8609 16807 5861 2891 15752 10148 18160 14576 17268 12009 13532 10944 3412
13131 874 5693 10953 381 18164 17670 6476 11801 1243 19663 15929 12762 12656 2078 5721 6088 7635 13011 12515 19668 14513 1652 18994 1757 3817
876 8388 1952 11971 1945 17224 18662 9210 12934 3366 17187 17667 4107 16012 14366 15024 11481 18829 18551 18476 8251 16359 16504 1700 193 6253
13300 10456 14667 12956 16092 328 1037 19252 1260 6303 15862 10464 14244 14211 15874 7718 14066 5965 778 9362 8953 12407 6950 8347 14948 17849
7735 13210 10686 14786 15558 8781 12320 16058 16934 16365 8890 14927 6574 1431 18190 16507 8531 15369 7038 10618 3342 15009 4463 2548 12008 3525
8218 3728 3878 10715 12651 14560 15177 14962 8704 11570 13314 14331 5554 13213 8215 8897 18837 14202 14170 12414 16826 14489 17733 6709 5891 11189
15074 9916 17570 19910 2858 7016 4007 131 3631 5884 14930 18438 3272 278 127 3270 9486 17831 13469 584 9683 14880 5135 14018 441 15396
2737 7360 923 381 16664 16446 16813 9328 6296 2308 314 14037 12138 11919 17239 11015 9147 5529 13847 7381 11597 7719 6567 10370 8591 1969
406 18651 10168 13779 8246 14772 12552 18769 3940 1634 5159 1142 11639 19919 10966 7000 6907 19754 16313 3125 19387 3672 5576 828 4853 2624
12768 12072 19355 10903 16602 15364 5976 11709 17106 10357 3962 16581 18286 18836 3577 19276 14652 5656 10087 17399 3436 9066 1934 15901 12791 19497
10947 13473 609 3197 2946 11304 10785 9300 14056 3873 19122 14344 19216 12511 9754 621 9709 13728 10355 1381 16674 13549 18780 7907 8792 16764
7880 7856 8214 9131 15281 12770 14642 3248 6654 17732 12721 9627 7101 10717 15353 1322 1438 16774 17142 14669 14355 8495 8667 17439 2775 7845
5582 608 18671 5416 9182 10529 1135 14918 5518 2738 13619 3170 1025 4058 7531 16347 10467 17139 920 4734 9057 4569 10450 203 9652 4406
7207 18069 2301 12022 18808 3033 3631 12020 8505 18793 344 2827 13648 4762 8746 18044 17751 18655 16493 6164 17819 3297 17991 16360 19960 2507
14406 14036 12208 2752 9552 19658 19180 15373 15782 11525 13903 15800 15752 1500 8256 4056 8783 8537 11766 4727 12145 13566 9825 16759 2976 5646
12308 15241 10409 164 7807 950 879 6006 1764 5302 17018 13631 1021 18391 11410 16156 19205 849 7301 18822 13896 822 11148 12145 632 1389
9200 4817 5610 11280 3531 6364 11951 6827 1981 13920 8911 3808 5404 12001 15705 15771 14226 13362 1950 9995 12728 17087 8003 16766 9457 6317
3619 18148 14109 14227 12918 2477 7978 10147 7577 12424 9495 12846 2700 4271 18942 2096 29 4914 19011 8100 5574 7665 17018 11537 1969 4506
12241 4522 9457 13247 1018 9850 8012 1154 7043 19857 6889 14105 11303 8381 15105 7357 13649 5720 19594 10668 17196 6619 19975 5729 4366 6629
19320 3309 19008 17594 1367 2199 19560 13774 3599 19978 5633 12582 12853 13627 7938 6968 8604 10746 19388 12118 10497 3184 2339 12077 5102 16703
9457 14240 16657 7244 843 19716 19831 18849 3252 10836 8152 12829 3813 14346 1127 977 11759 17623 18163 5084 2955 7594 8115 13947 15397 10369
5066 18930 17374 15683 13460 8084 2855 572 16347 16926 17311 6578 1254 15931 1819 12874 10537 16634 2886 2140 8043 7264 7084 2195 7383 2448
9381 17467 10300 15875 15888 6487 1732 3044 10321 9175 17930 13798 2286 5850 10478 13519 9620 10293 12266 97 7330 11294 15530 6821 12635 12452
9940 5048 19976 15816 9827 15960 14790 3339 19719 7961 11632 13909 11440 593 6146 11015 11702 10721 15180 14853 12207 9258 9174 15358 14946 19881
1139 12905 18138 4541 9975 19867 11686 10997 13640 12500 9798 19976 17460 7073 8571 1453 13802 15409 7576 1162 1263 11860 3665 8429 6105 11984
2591 13703 3552 978 4093 13648 8705 3144 9736 5543 12518 13545 18719 2440 4711 3238 241 18318 12328 10031 13490 8447 5283 6782 22 19903
3196 4042 5014 9248 6047 12254 7694 1374 14983 8578 11550 19633 6861 17276 9589 3799 13918 4583 4309 7566 12707 12848 1519 19370 5423 13342
59 987 18262 19367 12627 8205 14009 18394 15175 19697 2607 2512 12408 1686 4423 6851 6883 4281 19181 6760 10639 12763 14797 12198 12498 4908
1742 9466 12163 16973 9077 6413 6839 2251 3763 4391 14904 692 3597 19467 19038 19978 16424 14307 10065 11125 745 7745 15458 15976 9107 19851
4986 9264 13183 13673 912 3907 8804 7574 17639 13331 6948 6316 18827 5317 12776 13757 11404 12091 2163 2379 13050 8123 11418 3547 17616 19632
14403 11088 17248 6342 15860 9571 3885 3347 2855 7998 12161 13756 15314 6157 5570 15244 19964 18051 12050 9451 2351 5449 17301 18150 9961 16213
7083 2183 13481 1672 11893 9740 7538 18057 18227 7377 13242 19903 12805 17873 6454 5 78 27 19988 8525 1368 2168 19438 9260 1008 5755
10393 4094 15550 18519 17872 14826 2806 13084 568 7713 3806 12380 15672 7483 14754 12935 1679 6225 6470 16486 7160 19167 9964 4296 1275 16457
19307 17122 14168 3759 19034 18442 14272 16111 3667 11986 7726 2933 6728 1950 3102 10174 8647 19236 7248 19744 1814 17111 14399 5479 10506 5575
67 11736 15313 94 57 12657 12228 15087 9094 10098 5811 4781 15098 9876 8081 2327 19642 5236 13133 8538 658 1317 15867 7252 9026 13814
18247 3201 2312 19647 19892 12067 1169 7749 8758 2972 10687 10108 9538 3623 46 1148 5559 8662 12041 607 19472 4383 6436 4830 19681 17575
10147 9260 16022 18200 16728 163 17328 13354 4249 8656 9668 15041 5836 4491 15545 8695 5183 16487 4589 11072 11022 15282 14345 14089 12121 15260
12241 2241 18902 13689 19975 4440 14684 3570 18520 9175 15718 9894 5697 19904 5275 15071 13968 10183 16858 16063 11455 1912 16390 9772 14689 12194
15737 18850 8659 1296 2798 15207 1301 12837 16799 14669 9005 12311 8457 7895 18465 19821 2295 16210 8258 17103 1965 11286 50 15594 6178 16940
2829 11036 7289 8595 3701 9679 19616 3427 12534 369 2813 18682 10538 9685 8316 8793 5818 12360 12732 11187 13135 6654 17155 14074 15610 2116
8280 13942 15564 2046 4961 17272 16220 15356 10394 14210 704 15812 10193 9840 14366 13684 19894 18744 8794 10888 8240 16157 17239 14387 17875 2916
2719 782 10160 6707 13108 6636 1792 11287 16133 2332 18992 5634 5098 11914 16053 15075 8402 16371 11689 10120 11961 9642 17592 12795 17194 16439
16195 11515 2678 10372 12709 17056 1221 4 5963 17308 10019 2051 16963 2702 14953 13961 7645 10712 5328 14510 14031 19637 19831 17977 19586 3520
1496 16005 1650 5074 9781 5936 15522 1449 17622 19414 3969 2198 11015 7075 17438 10599 8385 2508 19730 678 13947 8267 8309 15117 17419 18848
6803 832 6224 12934 15483 2141 6372 6048 1351 17613 15123 4751 3945 3974 10352 3991 12396 1867 18043 4229 14867 3415 3701 13138 16952 5931
14874 293 955 2806 10093 13634 15818 10354 18447 2310 3389 16768 9258 18915 8880 18608 11523 3983 6965 17406 18299 12212 18839 7843 3143 250
10401 6581 9270 11405 11876 854 13824 3426 16430 17693 4861 5948 12004 1813 14432 4196 7174 10318 7436 14692 17891 15060 14704 3291 11998 13743
10961 8514 16508 18664 2444 14529 1870 4618 11263 3411 8039 14131 18260 9928 11518 8254 15397 17989 8419 3774 692 14015 3099 1911 19739 15060
9296 9811 13336 6646 17046 17240 2039 18250 19150 3443 18323 2626 14314 4928 2238 18423 6330 10252 14894 6571 19176 3652 15831 15619 15703 7145
8678 5919 15074 15970 16404 17934 18885 1862 12748 8606 19148 957 7812 13949 3400 2317 11069 13766 18154 15663 16139 6102 10690 17194 16515 17499
2471 15380 1494 14843 7304 3791 16069 19184 4257 18033 17705 17042 12015 18163 9822 7698 6923 12254 14219 2230 10437 4478 9387 19987 13908 12494
5839 18103 12054 8648 3990 16372 17631 944 16966 17836 14400 4619 4296 16873 7914 13707 16634 4151 14826 10863 3767 9573 17376 9753 8113 7735
18744 18152 15989 16033 4934 11013 14262 17407 17529 2195 13222 4193 18842 13811 5688 15933 2119 5971 11592 12871 15519 12980 14739 17474 3410 10782
14475 14319 6205 19568 1845 12126 16646 19977 1858 5761 16734 783 6764 13905 9535 12349 16554 2418 10891 19785 2135 14501 11815 15938 19658 15681
17530 9456 14795 18482 7671 6110 9844 9410 6963 13390 19029 15050 10079 18929 4694 9562 14318 892 14574 11440 8064 2866 18524 6147 12187 19942
11612 4428 18075 19792 19450 9312 15743 4873 8944 4714 11062 299 19758 9493 8141 19932 3518 1399 11825 6803 1950 11019 5859 4584 11418 6822
11450 18282 13221 14773 19795 15678 1059 19028 15348 12220 17164 148 9075 16748 7862 4343 11785 10482 2679 4899 13616 11550 15034 17029 11262 4010
10674 16644 13349 11750 16856 13426 12320 2960 1196 16632 11434 9237 16160 5809 15112 13121 13349 14014 11350 16444 15077 16422 1663 17395 83 7741
10733 7581 18450 9509 13618 7062 19669 5644 1174 7290 2700 364 9505 12627 3412 15645 6905 6668 18298 15956 11030 4526 18696 9558 9881 13408
7972 17049 5973 11051 15772 1156 13196 11152 13762 2243 4753 7801 12064 4947 17216 12448 8400 13489 5218 5349 14258 8587 6017 7506 9524 8196
5200 5883 10005 16264 9665 3912 14954 18158 6039 16083 18544 17512 19912 15517 11398 2061 1061 4402 5564 657 3658 2086 13083 12904 255 11968
9477 11333 8245 15592 10791 30 4584 11966 10585 14167 8161 7934 8287 5322 622 8509 9269 5128 7061 2230 9937 18578 6266 5951 690 11079
13960 16404 19629 13516 14551 6983 4890 13058 51 15166 13335 19792 13069 12679 19342 17604 14793 13881 14864 1438 11839 10667 7483 2096 8973 6924
19907 10755 6429 15494 17936 11543 11247 5866 18195 13554 5416 18960 12246 3298 9933 9850 588 16733 2367 3628 3246 15416 18574 7320 1434 19151
5429 3726 11876 2482 1977 9615 11461 2534 11798 10618 8412 12005 19011 5850 16824 16807 5641 5486 16797 18980 11226 1142 11911 1551 4961 14400
2426 13785 12707 6861 2344 11195 2464 459 12754 9776 19942 12564 19430 10828 3828 2231 3458 4388 1493 2935 16715 4836 12597 15143 2604 15270
2956 11023 16595 7369 17388 11279 7101 16552 16160 9727 4100 4640 5539 15792 18047 7331 19306 11164 17622 15339 14177 4750 2562 18822 19072 10522
5134 18938 18593 14121 16855 16385 18140 8688 333 2154 13417 8650 2287 12533 3439 19747 11682 14401 8077 6161 2042 9100 7459 7945 11138 6617
2841 7157 11308 18360 3996 3217 1084 17899 6362 10220 18737 4370 17060 3045 2773 17870 4073 7101 17409 15196 7920 406 10640 10150 5088 6870
14768 14777 11543 14339 10282 16979 7006 5988 5773 18903 1508 1314 15271 14739 13441 4400 11291 13781 7618 15823 7953 7447 12079 1900 5317 14507
13719 2737 842 9441 13754 13318 7217 2541 3426 9241 5646 11850 2272 575 10300 6767 7816 706 5838 16184 17353 7285 1445 2238 1800 2155
8672 337 18269 5527 9306 6241 9864 5197 13427 7096 967 8701 15928 191 10634 4464 2284 9710 17274 8877 16084 19739 3083 19124 8448 7354
5285 11295 4867 12446 8397 17600 19711 6323 13336 5358 11082 15089 10150 17820 10987 13794 11309 2581 9629 4060 196 6175 2146 18979 46 10540
17505 6809 14486 2044 7156 17845 12198 9955 5482 7382 11882 15527 2567 426 7122 1026 16400 1119 7769 17289 15946 11624 1674 15436 11555 18003
14469 4402 8719 9544 10191 14720 495 13916 6413 6710 15982 13474 11371 4164 2506 5346 16680 5706 4011 17219 5502 15757 16155 8042 6746 1425
8635 13147 18419 16803 11754 3821 19275 3433 18728 4803 12126 3044 6458 13474 12811 10832 16631 13579 8958 2505 12621 11537 18340 7982 10321 10719
8001 4393 9849 6950 1781 11568 3680 8195 4334 19377 19969 4039 4549 2967 9190 6559 5350 10633 2940 19340 7160 11493 19442 12037 9135 18637
13307 18607 7567 8364 17841 11082 3515 9986 13825 14095 9005 3266 11973 7072 4842 19239 5007 7958 880 15688 14586 370 17342 6526 17312 18552
17758 6198 1190 16577 5963 10709 6256 4306 15719 17501 18371 8261 7317 6258 18425 6391 19403 11674 16218 14785 17097 5727 668 12775 6297 9512
2995 12132 2957 9753 1435 18243 16918 7758 10963 4541 11046 16426 4446 2433 15482 9913 6933 9086 10104 17984 9377 14600 3947 3871 14895 6934
13737 5864 12931 18857 16335 513 2836 6757 2641 5164 12027 8339 12541 14238 11303 3089 19205 18298 15757 16611 803 18314 11175 2251 9646 2432
3576 17087 11261 10218 17488 6484 17095 51 13805 17876 5595 5333 979 7382 1350 6782 11851 4428 7955 5916 10134 14028 12016 13213 17925 18133
4570 16312 17579 12386 8013 9308 976 11722 3578 4540 12759 5220 17640 5531 8836 5679 355 16085 4438 2077 3530 17423 4814 15915 4559 16828
11410 4971 930 17014 9025 2374 534 2702 16242 12436 15500 4968 1881 9557 208 6791 6494 4376 19151 14067 15241 16420 16813 11821 7668 9543
19250 12828 19639 15212 4594 6793 169 17450 17468 16621 2707 12783 10602 18057 4903 3615 10219 4003 680 5135 8282 3665 12133 14456 14058 1077
6578 12292 10793 10896 339 11227 6535 5940 15820 5875 7167 17096 1026 15225 2121 2024 6084 7520 19851 1508 777 14425 18999 17686 12233 1951
837 12133 19957 11644 14382 6706 15241 4952 3205 16363 14078 710 18496 14 4134 14359 10519 7219 12301 17358 5341 3412 10836 1280 16632 7927
18586 10012 9930 859 10828 14623 13968 15885 7632 10746 9157 19483 6393 14598 8741 16034 3034 9404 3061 15679 18520 2266 3429 17372 959 16353
16565 7175 6445 8765 7500 18289 9745 19909 5995 5705 1980 17519 14906 11201 6391 17463 12845 14274 255 18125 10249 3950 6187 1907 8885 16603
8672 8224 5999 4741 19150 9941 11512 8461 9228 2416 7490 5750 10849 18406 12893 14748 16453 11808 8862 10958 4717 13384 15490 7443 13816 16006
6735 11613 6863 7163 4081 10941 1574 9789 12508 2723 16454 11592 13909 14252 18848 13565 19799 59 17846 2000 4199 15644 1508 6357 8849 13120
544 4453 18309 3363 3204 686 17334 6718 19436 4395 7185 14654 2330 11792 15709 19219 4825 6180 11982 19771 9277 18507 8994 16359 18876 5420
6063 2346 13327 12532 15729 12838 7252 1417 7504 10076 2871 2204 8262 18152 4031 114 14274 19105 8991 8588 5481 8148 15499 12216 3156 3907
19348 14724 13293 7951 12967 16374 5344 15745 512 14471 7250 4208 17711 10868 2669 3545 102 15 2487 10164 15962 2846 3947 9094 7563 1495
19355 16515 7906 5609 15068 12638 4489 10296 19468 17156 15069 8616 5119 1832 19282 8622 3161 6894 17584 12534 800 495 2922 12829 6868 2626
4836 14085 16975 18163 10467 4578 14142 10802 3966 2389 10196 6773 6564 15116 4662 11348 9104 19194 6190 17807 1616 11619 5676 19360 18136 16305
1671 12234 2781 5081 1291 9208 1320 9920 2774 10411 13325 3206 19126 13965 8065 1527 19567 7588 2466 10689 13158 6848 5565 6482 4404 6313
18394 1766 14192 19093 17166 379 1685 11895 14814 11242 10654 17895 9331 959 5578 13527 2280 14232 15911 15585 1707 6473 8392 8782 11991 1932
8129 9605 12443 9698 1636 8140 7035 1054 11414 2932 15654 3074 18616 3115 11965 1074 7033 6866 10318 15236 14669 16316 17284 17550 10423 18624
1750 12362 12915 2700 7124 1107 9240 10537 14446 12921 15670 17175 4558 4064 2503 6701 3857 11572 13895 675 762 586 3854 9086 2318 7858
5203 19339 16605 2964 17827 8933 5938 554 893 11899 16319 7795 3719 10784 16996 19601 3639 11178 13516 17914 12277 15418 14909 8606 17577 12208
3918 10734 14321 8644 4564 8545 12489 1490 15432 144 15241 608 2761 17562 14264 8541 17062 12091 6030 170 10403 834 134 18115 17330 14428
18957 2098 7451 4928 12854 13517 3424 13656 7673 3456 19723 2742 17389 11519 16243 2798 19105 6367 9839 8261 16016 11397 10677 6304 9144 3942
2 2500 10160 1097 16720 9425 4359 3192 19346 5562 9334 4429 5036 6292 2117 16465 6278 2800 4166 15154 1699 13405 15748 10118 15235 2206
6082 9666 16916 7471 11011 19641 18151 8839 18136 17168 19394 3474 13936 4079 17766 14506 16828 7176 16200 10750 14899 5408 6778 13183 18372 17166
9384 16002 15575 18285 16969 15374 11037 3182 6203 18560 5731 7050 4986 9644 13640 16107 374 5921 1927 15925 12366 11316 9028 2742 2810 13305
13552 2430 1375 9844 4580 3434 10999 1674 10207 3302 15062 19165 14676 12733 11311 4465 13562 18263 3993 13507 340 739 9493 13619 6566 12060
17202 19953 17979 19686 7241 987 12932 11330 1099 15104 17550 2765 3321 8445 8677 17757 427 10437 2498 14348 1968 12131 9449 16263 12263 18527
11819 3456 13826 162 5469 6993 4980 2851 9812 16612 8552 7749 18114 16391 17989 8510 8811 6134 2364 4129 17877 16616 11345 16045 4253 16713
10132 6774 7392 3973 4429 10083 9706 2153 2611 12229 2269 1873 9098 3331 6807 10785 18519 3806 19129 2959 5109 6507 405 13430 4344 5371
1754 15514 8402 16045 6877 19834 1183 16137 5098 12655 15400 19971 13658 12261 17951 4279 15645 19233 10987 14976 2584 4756 561 12465 22 8637
11420 19581 4420 7735 4670 7137 6303 9852 12219 4409 9404 3279 10039 9113 6920 5061 19071 10986 16686 10328 2563 1572 11819 18780 9955 10751
11221 18592 7832 11518 3429 18920 5136 15360 13716 5444 12716 2936 17295 3186 14854 10667 9788 12974 19388 16845 5663 686 10045 11078 8462 10432
2852 5990 9796 17578 9573 11034 6946 4580 3495 6394 3304 9630 2737 17619 14378 10954 17479 16361 16740 3054 2251 12007 5822 15182 2919 1069
8426 8777 1972 16098 15671 19140 17727 10786 9325 5170 8740 13658 4287 14617 10163 7673 7995 19212 2402 16218 15646 11633 14426 8411 3437 7824
7404 11451 14563 17830 5689 4305 6703 2948 18489 14835 13655 19124 14498 3232 1579 19562 2833 13912 48 2388 6928 15 2184 17087 7306 10018
12635 6647 8712 57 4350 3678 6470 2561 11409 13254 19536 6458 15100 10827 13659 9205 11269 7471 7066 10075 1869 2704 6837 6558 5847 16616
17515 12037 10902 16461 8486 1193 4431 13603 19717 18117 110 4238 8380 13135 8822 17816 13170 1803 4918 9586 3764 5821 8311 14566 13087 4270
2095 13360 4915 4577 2777 1364 188 15984 4355 13379 15843 18666 19786 19928 4065 12657 15911 6984 14216 4923 6600 6786 18928 2941 16566 8853
10446 466 9117 18512 9646 18334 7530 6611 7748 16326 8972 35 14120 6555 14204 19405 923 8612 5260 6033 16460 17579 15947 13318 15196 3383
13333 5426 18394 15764 5110 14876 4568 4477 9984 2104 8718 8744 5930 16020 19218 12086 19344 14071 17946 3944 4359 4702 4303 2993 7770 17026
16894 18815 7962 1135 14912 13372 723 19628 7336 18968 13055 12677 16341 15532 14963 16879 5537 16418 1538 9566 3021 9156 7675 2833 4038 15279
18286 15856 19428 7381 1153 14777 19143 18845 2192 14161 18817 5249 18929 13768 267 15420 14429 1385 5243 962 7255 7076 5205 13369 9044 12927
8093 6819 8253 8843 1634 8068 18583 19023 5824 10442 61 17790 16541 9559 14750 7965 6295 5125 3408 16743 19362 16485 9446 14937 9950 1773
16455 8979 14585 6612 4686 7954 1840 13619 19485 15837 15529 14854 4669 12908 1484 771 5848 6352 107 18768 15875 2437 9774 10764 2405 17850
12507 5063 246 6205 17181 3368 11264 7299 15354 15751 3883 16283 6261 8265 15216 3777 15522 12614 2771 474 10437 9584 7542 11148 6755 8280
4523 6793 2842 18115 8247 11898 4269 13425 1860 12078 12208 7287 7837 15345 4741 17318 11494 19792 16858 4542 4708 5936 10292 5272 6536 8189
19646 11084 2046 11437 11399 11718 11566 16158 11669 19247 17180 10205 5341 12193 16141 7527 8446 168 14572 4681 312 2706 10787 6922 5875 4259
2231 15097 17035 2149 8565 1701 19197 16056 5362 18492 4400 2225 6915 7486 13917 19378 4229 13581 14583 3017 16979 9957 2167 17616 14259 17366
10227 3403 11074 10314 5508 13466 301 1357 4006 5586 9733 9300 7212 5855 3169 18524 10977 16631 11949 17370 13603 12511 13583 6876 7578 11855
19650 17139 88 9575 19136 11430 1697 15541 10905 16331 16077 14750 19785 13453 5127 7972 7100 9419 12275 10311 7366 17700 3650 16357 14241 9061
13255 18705 17265 19224 5181 8913 17795 16522 17124 8865 7963 14724 16038 8182 7925 19382 2214 135 19537 14942 13829 6437 1210 6312 3909 1270
8302 15600 12948 16713 2441 5293 5287 19556 12569 5382 15001 17555 1940 12170 8424 6772 9333 14051 4378 8162 5786 19247 11316 10773 14675 13701
5803 2102 17005 5797 10334 97 7252 4428 15601 15227 1450 9410 1252 16427 3995 770 6361 5361 13484 8455 7810 3650 8912 6818 7151 3141
4457 12733 9373 4983 6607 2967 11454 920 12502 18226 15531 9612 12919 581 4811 18745 8513 13914 3411 11337 17525 7522 19370 8890 18712 11562
13081 3595 2837 9073 6263 17865 14585 3314 2677 1507 9861 1067 5025 19197 7455 788 15552 12717 5201 4983 884 17222 18810 6806 19593 13738
1130 1146 1555 8460 9108 16646 5129 2617 12702 9425 4836 18096 7531 18738 6763 15688 9619 1956 1197 13562 5409 2120 16256 11401 2991 8958
8055 3321 15384 17885 7653 13399 13260 2531 5384 360 11286 16275 7730 2489 7263 18953 10850 10677 5864 6251 10564 6212 18593 7892 17103 7229
16695 16147 6442 9073 17605 14577 13178 1987 19890 17290 4405 11586 17344 950 12366 2336 8722 16621 5455 9236 7188 8844 4938 15063 11581 15629
16207 16520 6697 11525 5989 5569 5595 14408 8270 332 6662 634 5282 3210 10718 13008 18927 822 886 18813 17954 11476 2016 2876 686 8629
4113 10464 12451 2430 4249 3801 4205 17897 18192 12339 14349 7374 15170 17970 3584 18730 3746 6501 10378 17589 8831 6230 15496 3849 19536 4657
17059 180 14883 12932 12384 4105 1544 4461 7046 16673 12802 2985 19082 18709 15312 4544 19096 12092 8821 18824 7717 2574 11265 9866 12603 8571
10578 15886 9609 13370 6148 6365 16820 10699 582 18236 9626 13431 8550 16843 16389 6219 6866 15714 6503 3892 19209 18514 15011 15584 1897 16928
13580 6412 3934 19860 12181 14867 8046 5378 1034 6078 15313 10481 1086 1756 14150 1066 1120 12315 12476 16364 12238 18555 3740 29 8778 18409
2165 11069 17975 19054 6163 6390 1751 3019 3063 18559 16009 3543 11440 11561 3788 2427 15183 13920 9316 13001 3171 8932 2015 18672 15864 9684
7909 10964 5366 11911 14447 3326 5193 14766 12033 2241 13001 19532 893 9388 11502 16435 9054 7661 7711 4884 17743 7672 698 19475 8035 10536
16294 12600 15310 12338 3568 16853 279 4207 1231 11186 8000 2869 307 11858 22 10134 11719 15471 8130 3700 7861 15965 7275 4901 15119 9506
8561 5609 11888 19972 7036 14140 16540 16139 3660 3330 2096 18685 3205 2905 1118 12752 19113 201 714 11696 4568 310 1568 2261 8882 9146
6107 17856 12244 1155 6153 1359 1772 1731 4237 8146 2624 12485 8521 16063 16826 6227 11659 6531 11487 8683 13191 12842 8885 17988 6939 2197
19963 10866 97 4777 15950 2357 15412 5216 13565 17323 7947 4601 3218 18035 9470 14462 1135 808 14922 8904 17211 12052 2219 12253 19783 3849
6002 16384 16218 5857 3149 1217 9389 14477 4077 2639 19386 10306 4949 9793 15526 2845 4834 7464 19032 17876 13520 19595 18468 15875 493 19711
4831 11876 7913 18545 3375 10111 5190 3835 3645 5774 10374 5 10152 11671 8048 18330 2390 6443 767 9920 8324 1505 15058 498 15864 3544
5741 7595 19342 154 2726 316 9679 2101 19200 1004 19395 15566 7958 3087 1752 8217 5370 15918 8682 9968 6121 10353 15164 14268 15982 10834
17155 15260 10742 15981 7303 10371 5299 6543 3303 3588 1566 8813 17115 1918 12830 1526 16064 3528 14332 10398 7952 12726 386 14945 2527 11608
12952 125 1346 14042 16815 13160 7578 13410 5714 15472 5554 8568 415 3581 14427 4262 2282 3391 13678 2198 6880 8243 12763 18365 11392 2071
10646 4898 17984 11536 15882 10907 17007 4890 19291 19250 7343 15030 8703 17862 8278 2981 2769 17397 10216 8039 19389 11019 17935 2751 18224 14686
14075 15308 2887 14817 10182 11731 11937 19774 16321 10283 14640 15146 14181 7577 19184 19650 15998 17720 19734 857 4127 9233 11875 3341 69 1461
1804 11879 1281 10148 3754 5574 14484 16446 16951 9060 2144 7602 9472 6756 8881 7301 19136 10472 1741 15293 16010 6735 1603 4169 6199 7442
163 11806 9248 19328 18773 7367 8962 9084 17427 14651 10410 10333 8449 10583 12092 10447 19716 15542 13035 7557 14965 15309 12013 10369 3094 16418
8584 7922 11153 12293 18119 840 16716 1202 15716 14985 7808 17047 15409 2932 5188 7939 11149 8479 1026 832 1588 3142 1529 924 17419 17331
5194 6524 8651 10252 8243 5656 11781 19911 7727 9775 1788 7182 17204 4988 2800 4381 1423 1297 8057 18223 4815 12635 4214 15009 17687 1649
16634 17657 19062 7174 18511 5033 18652 14292 4292 3698 17720 4548 405 12099 7109 14719 12719 6043 3371 13218 8144 3326 13995 19965 1426 9373
12617 1929 1405 2595 292 10202 18312 17511 1429 6484 3640 12122 512 9158 5036 4059 12008 18125 5802 5102 8326 15661 17669 14336 19815 2708
8182 11410 18505 5193 5515 8155 2123 15960 17679 13592 4913 18641 4799 3355 9177 6036 16720 3010 18432 1083 12839 1761 6778 14543 8439 2891
17457 7969 11241 5477 11268 11555 12684 18233 15792 16559 8125 3670 16857 19331 6093 6364 286 11175 18979 9610 16534 19967 19628 17863 9043 15036
6818 1448 12255 5557 11250 6094 17060 7562 17362 3537 16814 11055 16448 8921 5003 12893 5044 19878 16026 2496 9171 3083 3467 6500 3252 18077
19994 15692 4401 17364 996 7869 14630 15312 109 7691 5547 17733 18077 14985 18412 7261 14556 3281 15802 17746 2002 15213 19333 8571 18151 11827
1889 13711 14898 16749 15950 7042 4924 19329 5888 17917 18905 18315 11410 13806 9479 974 498 13738 9049 9188 2104 16712 11331 15908 7536 19321
10089 19005 4340 1825 11354 12812 1445 1624 17429 10159 2289 18862 3003 11622 8098 16238 6852 11825 15096 12542 17970 18572 8165 8413 5822 14845
11108 1392 5555 4541 15385 17439 12075 2574 6991 11262 13008 19143 7125 10734 8411 18001 2157 13899 9500 3754 10766 15212 10053 16938 18318 620
686 11335 6338 17467 7342 5077 6270 7254 19475 16811 9529 8618 17032 17138 18218 19772 7651 7942 2104 15661 8857 8703 5969 18701 3241 795
674 7863 8937 10633 11426 18819 11025 1005 5165 917 15533 15645 17912 7738 17490 3223 10772 2832 3564 15783 3327 14971 9201 17888 14725 13861
15044 13970 5271 5383 8369 1163 12031 16812 17903 7113 13283 6380 15876 12493 8777 5939 2265 10086 17890 9297 1995 5887 11402 16717 4901 4165
10609 15345 1281 14160 2093 7815 13675 16264 15336 3282 19860 14000 12439 15606 18542 18367 5042 18375 19997 10043 4697 13442 12735 19341 10317 14345
15603 6567 9165 19078 15679 3040 4566 9705 16358 5868 8899 18858 6279 6480 6884 16393 13238 6638 6891 14034 7084 3952 16766 3230 12963 17013
5247 8676 7504 10746 16400 754 10962 17461 16508 11248 17854 13848 6318 18122 3679 19685 15514 1679 10842 18936 9499 8878 3511 3516 17695 8359
11882 15253 457 655 3243 16041 6539 795 16632 13453 1631 9062 10702 3941 2996 7787 3232 6312 18899 18246 14758 8612 18372 18494 16635 17947
3720 3842 1693 13002 15621 4757 12624 6854 12196 4197 5500 17153 16873 3778 11120 2560 1695 8521 9723 7584 9535 10120 16108 10741 19618 5230
8298 4192 4274 4391 16316 12898 17187 2499 14217 5674 15761 14099 2260 17323 3538 16953 1911 18578 41 5949 3244 17360 18641 17022 9622 8449
1605 2275 6971 15080 6640 10841 15857 17387 13732 19326 6611 4507 10780 2983 3091 13870 9031 3890 679 9059 14596 18837 9469 6555 8442 11634
17101 4322 9306 2663 14072 16368 3551 2543 15341 13207 3452 6017 10773 14726 2257 16475 7899 14239 5489 18163 565 8284 13359 3176 649 1257
4141 4994 11840 10664 11012 11466 17460 14864 19258 12479 6088 3006 7368 18012 19396 6890 9268 14649 13842 19336 12494 490 13217 9824 14951 17116
13613 8422 15636 12372 13533 19883 6258 19453 1921 4587 6462 10019 10555 19982 8556 3003 15236 2654 9886 14980 3728 5458 13679 18622 11982 17242
13205 277 16267 1097 5703 15825 15500 9903 6278 8545 12181 11907 4607 13943 16256 5306 3928 18589 7693 18055 3089 12477 6649 2664 7006 18525
15801 1810 15769 10173 7643 17109 11507 8502 14113 3480 11904 9533 2732 4398 11110 1915 17020 9323 1942 11167 644 14343 10486 2427 11788 3318
7456 1620 15576 6976 2398 4155 19978 2863 5806 2036 18078 5955 11119 14929 2683 1442 9338 15919 12874 13277 6912 18253 12396 2653 13269 2582
2677 18525 15534 9806 8055 6967 14978 2233 19411 19556 7411 3569 12434 16219 11846 13565 16884 5287 10476 18829 17758 16028 13084 3102 15728 102
15646 6600 12701 3205 8248 1653 5903 6104 5535 7291 9578 5652 18014 13942 13105 8803 6995 19115 1005 17799 7946 7798 17507 14483 6755 15957
7613 15054 4802 14104 19158 17179 72 12041 4509 11429 14471 4163 17819 4431 10528 17364 11324 11820 10031 772 15798 14576 2871 799 9202 16182
5765 14618 15895 6052 11901 16245 13609 8678 19178 1946 9655 16816 11099 18779 8988 4638 3773 17756 16125 18158 12683 3971 2921 9655 19910 474
18887 447 15016 9916 2184 17356 2549 12980 19042 873 14353 9405 14164 18451 11019 17074 15038 15720 10649 16912 15366 4945 2077 7691 3255 8965
9914 9124 16423 11346 3030 18416 1209 10140 8791 14906 7404 19922 19511 11664 14424 4895 1679 12490 3066 11136 8955 11826 10082 17775 10803 15204
16123 16143 584 304 8216 8636 13706 7287 144 13684 4204 14215 1759 3938 11070 8410 15046 17610 399 4006 10699 2814 16959 8641 2675 11895
8171 17629 12042 10495 15810 19246 2886 10150 9852 10257 9900 3793 6780 2152 678 2821 12537 5846 16038 18118 10637 9883 12930 18296 17 5882
4071 14327 13912 13051 11743 18125 9157 19560 8749 6585 8855 10119 19903 1466 4224 14540 7574 3515 2290 5666 6354 7521 12437 4400 17052 2262
1606 12697 15025 10793 14977 4956 15995 7300 17885 19709 1566 11923 16883 3687 18460 13263 17097 2990 9197 4456 937 3588 464 19981 10590 7068
6792 3770 3367 4778 10399 8175 825 1309 2642 18512 19097 11946 3783 7453 12067 18754 18060 15602 13372 5518 17101 10976 14534 18402 5224 3501
11427 11926 19822 289 3660 8806 8292 13924 14267 3969 15754 1236 892 18662 13005 4300 17710 4476 387 8442 9840 5 3252 16054 16716 15971
14318 19839 10601 11066 5876 255 16373 14910 1762 19897 16631 8329 2292 9301 16349 7845 6183 13402 7008 4813 18576 5344 7758 10051 7974 7441
9853 2471 6920 5117 16493 17969 9792 2758 5285 1646 10368 4556 18688 15838 4809 13303 19030 1039 19599 9753 12525 17813 17186 15898 2458 2559
3757 1629 14107 16498 5735 9844 7169 14004 2067 9940 1277 13124 19774 2962 19871 9517 17521 7469 3067 5459 15849 17392 5970 5844 4597 4669
13684 13417 18967 1076 18811 2684 13537 5145 3135 673 13065 3530 17991 524 19883 17758 5383 2875 12304 19499 993 4779 14425 16776 13778 18307
13485 17913 2499 1624 3780 18060 8595 12102 6886 2309 2788 11923 18856 13248 19705 1273 10040 17095 17510 13351 4013 7904 12099 17777 126 19444
14854 5361 610 16873 8604 12137 3324 9922 16206 11428 8244 2939 6399 15392 19373 18191 13968 2555 8942 5179 6832 4298 381 9574 17316 19459
19626 14352 10212 12771 560 11952 18692 14619 10606 18943 13981 7135 15716 4839 15783 6947 17108 11348 15509 9693 3050 17470 17355 8045 16036 4408
19066 12573 19174 4793 4492 184 14203 2264 12704 2776 11455 14671 6930 17455 17057 529 3264 10208 2817 1993 16049 2017 3498 13522 2853 13698
12722 1457 7559 289 4859 18243 5728 14504 10306 19916 7638 18756 9952 16035 7012 113 8731 1450 7722 15609 3214 15214 15553 8745 14034 4628
2783 13506 13514 6637 184 2410 13581 4596 17718 4240 16956 6011 11703 11809 6695 2020 203 18267 7243 11427 11100 6563 16939 7275 17444 2611
7128 782 1794 7834 15431 14799 12961 1534 3767 192 1599 3369 2309 11646 15005 5999 11841 5917 6432 9890 7644 19681 17024 19939 7300 11523
10914 17198 15379 13694 13409 12247 8295 9833 11621 18104 101 18490 430 17544 16302 8090 17105 4575 3095 18825 4380 1230 110 11276 11636 5990
18664 14659 11893 3728 14976 1413 13770 1333 823 19509 4895 13189 16427 17469 7580 3245 11050 1341 9845 8117 11754 7374 4223 13266 10096 17526
5376 7047 9807 7778 13821 15032 5712 19515 12997 11394 3219 271 4991 9264 11423 9109 2440 18496 19245 19042 6468 4199 15553 9269 9795 3644
5101 1496 15911 3648 7235 12455 18487 15377 14619 565 3344 6313 6847 15056 4705 18064 17441 14464 2972 10714 1966 17061 1882 8349 463 7718
10972 3628 1766 4569 12823 7448 1966 8419 19101 19393 15533 15121 19509 10456 18604 8900 3473 13119 18768 3919 5061 6712 3041 7079 16160 5856
5162 18859 12230 12620 4750 15976 19889 3340 1390 9803 16513 488 4944 18783 949 3522 15665 15959 2495 19620 5232 19423 12431 14020 3735 9168
7126 13197 4704 558 13395 16643 5002 18656 2021 8937 8333 3118 18683 13386 10912 19660 12068 1396 9039 10014 19646 13915 15241 17224 4567 2272
14043 14722 11408 2636 1057 6481 4435 8804 6399 4875 10636 14385 14398 15766 19103 14912 8355 10243 3846 4883 9008 8777 3994 12538 12002 2319
9517 12818 6438 10132 6171 498 397 13034 14378 19805 13380 18062 6564 12797 12763 11315 8681 12500 11491 8665 7792 11532 4618 7402 2338 10737
10546 11254 9970 10235 61 9211 15772 4946 8252 16616 15935 11089 4276 11809 17671 18982 2941 13677 19208 10790 4042 13111 7820 4630 7024 18748
15809 1542 19468 12385 9712 11860 17405 7718 1418 7018 19656 5078 15677 10364 18750 8223 1786 5562 11244 13282 1540 72 10150 3149 5406 1980
14044 17744 15463 7991 2042 756 4092 14461 11317 4528 9157 11139 16250 17756 1671 18228 5111 8707 19006 10414 5802 1960 692 18706 18065 13247
11539 9195 852 13652 12302 378 18174 644 14185 1732 13073 19731 4681 13070 8365 17445 19867 15575 9893 16720 15770 1594 16714 8976 19182 18699
12626 2950 487 7824 19682 16562 2296 15684 8043 33 9960 14683 11485 19276 11097 13279 10626 16654 17583 5990 5813 17196 16394 1066 10730 8562
18251 5703 5419 3965 8448 777 15389 9897 18337 1741 15437 17176 5864 10720 15553 14885 6574 3963 409 7702 1602 15288 15551 18539 2091 15010
14769 14041 19327 4879 11672 12362 9555 10733 6317 8360 5390 3374 16678 19823 19076 1298 5098 12742 15422 14091 13127 3092 1855 17716 5228 12833
2293 1600 4843 8546 7686 15525 18720 1951 10437 18162 8621 4272 4900 19587 5573 12275 10435 18571 5450 16590 7678 18241 15191 5001 458 9682
1122 19438 18750 15003 16527 3957 2808 16391 18571 9332 10146 17990 16197 7 7717 1293 9691 2919 2245 527 2735 17366 8415 2202 16340 19203
12011 12248 1415 5504 12045 10992 5486 18058 15605 5681 4546 3553 18314 12631 19032 12337 17272 15810 17926 12788 8191 13752 10634 4866 16877 13198
16846 16154 16587 3611 738 9912 16317 9263 14993 15750 5219 9238 18733 2217 15358 11237 3151 9206 10353 10126 10357 3371 5057 13348 10548 3912
13458 12344 9282 19111 3965 5765 10956 6741 276 4550 3644 8175 10000 13787 8686 6127 6181 17618 19516 1339 187 18334 16693 2519 5068 1056
16378 19869 9485 7786 1231 944 12226 13538 13355 18799 14405 14673 378 19441 14949 8426 8640 16385 15547 16458 9902 11642 6598 10926 11757 1414
7167 13937 18057 5979 18259 781 8286 15253 10866 12633 2046 16706 17222 18303 13754 13466 12295 3148 1665 5143 1224 13429 4061 16342 2038 5259
1317 14867 4693 2804 3426 8494 19755 6154 1727 14335 3236 18118 11735 403 3321 7345 4628 4199 10396 8645 1013 2880 19902 10151 51 15416
17614 12203 10955 11018 15828 11736 6868 8328 17475 2095 1819 16060 19040 10224 14426 12759 11665 13173 1334 18111 7696 8416 13307 12241 19566 3212
5926 11396 14019 8528 17614 4958 3539 9939 138 18825 5514 2999 2569 8191 13542 14703 5064 3039 14773 8109 3922 6715 17467 7805 7858 17627
4920 18532 9190 7342 14650 13813 1020 936 15968 10102 5852 2122 19846 12603 5640 1624 16138 2775 8136 12122 12379 10321 11022 16940 7469 19392
1888 12403 13670 5034 13837 12747 7612 2062 14058 13731 15578 6789 14274 3950 16138 8803 12358 1506 3978 13318 14534 11605 1902 15796 13798 12411
8058 18460 13729 19872 4325 15568 16512 1170 6156 6599 12956 5525 18120 9862 4020 744 16446 6669 19703 14688 5303 6549 8158 8210 16034 8372
19993 1594 8947 8174 2753 3724 8478 9107 6337 8833 8290 15194 18602 13613 10260 14876 739 18947 15743 2360 17713 9471 3907 10648 13387 10735
13631 4314 9450 3957 11982 11289 5037 8114 14367 2953 5395 19127 12633 16375 15996 2270 14980 8070 17828 15580 357 9143 3421 13390 9612 11147
19005 11628 13288 11913 5919 13624 2585 6648 5936 13845 19403 19330 2341 6699 9645 11667 6497 7548 7959 3750 4354 17129 3305 5852 11470 15098
16897 19256 5976 4030 5636 4070 2805 18542 19610 6951 13558 4630 1743 12779 4013 5157 10573 5795 14304 11349 13970 18459 17349 10221 1546 9448
5239 586 18905 496 10889 18844 576 2515 9696 4256 15926 9241 14584 18084 7222 19515 3209 6228 2810 12496 14489 19987 12694 3027 18542 12474
14434 3861 2537 8996 1155 11652 18149 6464 10461 8488 748 3890 19637 1764 10796 15716 7106 1439 366 4569 6519 18739 8160 16840 7239 19823
16534 18 15456 12614 8466 18158 16317 7683 18025 18814 19111 10071 12044 17086 4980 16141 8291 9767 4322 5186 13586 213 14036 17078 11077 18253
9454 14338 871 16395 16051 2507 9504 251 10537 679 17909 5680 17803 12905 16077 4822 9679 10213 7853 11516 12074 1347 15096 6507 9536 1816
13139 663 17833 12412 12750 7185 9965 9814 15057 9084 14549 16066 17928 10088 7062 18836 12167 8971 10880 13488 7798 17383 8169 9488 18393 13408
17756 16272 9388 8418 17123 17627 7746 17114 10007 13965 12681 5814 14790 11758 2034 19071 17012 18005 7424 3072 19922 5616 13781 2848 13532 2977
19251 18190 10571 18361 3954 16957 15866 4628 4053 11703 10005 14114 18119 16919 10419 5312 18536 10054 944 2510 4318 12312 13357 10652 5294 19700
3181 6576 17759 18153 14695 9727 9197 5293 3491 5594 5759 50 5016 276 9156 7308 6437 4010 10618 17382 5830 8396 839 3203 17078 10416
6566 8840 15784 15323 13200 18694 5112 1960 14078 2768 18909 126 19917 10813 6408 3669 8277 12404 14000 5773 19957 17019 1557 16107 4571 2766
4855 13227 9514 3354 18621 3067 13208 175 11010 7376 6993 4552 9939 3091 15638 2541 11303 14133 14304 18160 5445 2684 11138 17820 3635 8818
19630 4978 19816 18137 5404 5960 1887 6372 3981 12832 6550 2163 2563 11208 16144 7960 23 14773 17955 10663 13163 2248 11411 16591 18742 5091
18662 8570 3428 15202 16309 15909 14647 2525 4492 9102 19774 5555 12846 2940 15025 14660 2846 8601 17143 4559 5321 14824 9708 16723 14383 6512
1429 927 4170 4426 7556 17022 8984 9728 19494 19530 5546 11635 2911 5956 7571 1202 11372 7681 15631 8569 19203 14129 4795 16616 14065 7251
778 10415 3376 2314 11499 7865 13196 9351 7835 7461 13145 6606 12402 8999 362 12697 16788 11167 12174 4734 19904 2226 13097 5472 1741 18702
4552 12896 523 10244 16815 10377 18769 13783 13524 15469 584 13035 6749 14229 15636 10799 7656 418 17858 17342 13660 6430 8861 1273 1749 13864
4161 2767 170 4599 1042 8328 12818 15692 15085 19376 18635 13517 17333 6609 14403 13585 9294 12404 17504 4457 12167 13288 5226 12315 5301 41
8701 11570 12747 19406 12215 6905 4471 14990 18944 9034 7387 10108 5368 14033 17090 19094 11885 12084 1109 17333 16395 13206 11334 8457 19907 9274
6208 8210 17411 10087 5639 15520 14204 17081 15053 16808 54 16600 19987 9440 12421 12524 8276 16464 12716 19545 10788 7479 17927 13139 7428 5333
6550 15268 13729 8207 18934 3902 18297 18101 18841 12243 1446 15026 16414 10122 987 6263 19599 8648 7644 13549 10910 4046 19970 16914 9860 10319
5671 14784 2371 2201 19215 13207 7337 16886 15832 10444 12714 18628 11845 303 14163 47 17878 11634 14798 3302 3151 15718 9721 9294 8521 2224
14700 5328 12611 8782 6748 11028 16567 6896 5459 12575 1532 1560 15684 10424 13262 11608 12998 6751 13872 2617 10646 15535 333 860 11993 10696
15415 2808 9101 12252 17801 17160 1105 15467 15844 6858 7930 9119 15471 6239 19515 16381 1651 3699 2808 6707 6944 18309 8793 9357 14974 4784
12141 1841 9270 12582 12816 14013 15309 14742 16652 18539 3602 15830 3691 10299 17964 1164 4111 9899 1198 18900 19883 2015 15991 19412 14727 1226
11939 15040 15517 6837 9980 7659 363 2394 8582 6876 4019 6148 19407 13150 18579 2391 13532 4598 15791 15009 7931 19091 3343 14129 5297 19727
9919 19468 9460 8307 18566 19932 18034 13704 5964 5886 19943 11882 10258 7804 2341 19180 16399 18189 3924 11812 9835 14115 6322 17225 14015 14403
11358 8972 11908 18011 4212 13765 5939 2041 6084 798 951 2182 12566 9565 17361 15770 3956 3158 16356 2372 12517 3982 15445 18605 7872 4359
14446 3300 13066 4493 10773 2449 14474 15178 14826 9025 2681 8290 18349 11710 12153 12467 14947 7735 11826 19072 10764 947 1114 1539 15247 7332
4873 7219 8616 16885 1645 4709 11590 3524 16486 541 10042 19615 6042 16708 15977 19705 12954 11840 18201 14472 15587 15073 17127 3073 8553 11183
602 13995 12462 19346 19509 6844 8267 8493 17875 19963 9367 15845 5673 4830 6440 18410 10220 13915 6350 14847 16708 10895 2661 11483 19877 9958
2249 19798 4374 15636 10476 14631 13696 1406 2825 7799 4329 9300 6659 16840 10795 9422 15206 5420 12687 19972 5056 12686 11800 18947 18073 713
3254 11138 14727 19785 13348 14310 12177 1849 10943 15197 14606 1047 7712 2144 15472 19620 12111 5200 6093 10911 3963 560 1042 9076 11403 2698
15346 10731 14111 6288 17545 14986 10253 11893 356 6229 3310 3210 18669 5520 9583 5976 9128 4654 16009 371 13291 786 5178 13204 13887 13753
17859 11392 18868 8110 1636 8998 11842 1285 11368 5936 11429 13928 14744 19477 10573 11686 11798 653 8592 10543 15666 8534 4385 715 13506 530
11344 19576 12621 90 4541 13835 6999 15232 2845 8530 10730 12674 7736 1032 3894 48 2107 405 11110 884 13956 16373 11362 10117 14980 8735
1131 13333 8585 7343 16179 4788 16990 9093 19719 15485 66 3278 2461 1114 3495 4637 14717 378 2975 1397 19353 13944 5796 19635 7605 15355
918 6567 5084 7044 15813 5305 7767 2390 10747 16831 19653 16747 11480 1872 3891 7267 6609 737 4478 16724 787 4887 6252 10016 11011 6587
19066 19668 10874 5507 15932 9657 4072 18132 3540 3692 2522 11441 17187 16270 9407 879 4780 455 17246 8885 4882 4331 592 4929 18516 10746
15683 3730 16368 11707 15275 18793 5691 19580 11811 8909 6001 13311 6023 14498 3781 7094 18900 18870 11940 10223 18693 13736 16342 12449 14076 1469
11125 8556 2161 5904 14602 787 7384 1710 13165 11014 14366 8347 19856 2127 8426 14642 2261 17246 4009 15755 17483 1548 3837 2772 8936 13907
18363 9505 19305 1504 1779 11459 19958 15499 13853 6632 8028 8233 6682 4259 11089 6618 6002 19926 8539 513 13527 7996 15838 1352 2778 17605
2508 6184 9166 16824 4604 13973 14169 17707 18231 14167 19075 12621 6272 5876 5678 16180 3722 6969 6481 4927 9640 12194 933 17529 12183 16934
12728 11912 15128 1401 11442 14393 843 13508 14887 16374 14658 7804 13645 17256 7940 9578 8526 13870 190 14494 6872 13593 3082 8707 6617 2766
18296 19467 13579 845 10001 18714 15530 12345 17007 14760 12455 17888 11679 6440 17858 11114 11405 19544 11123 17498 15720 3062 6001 13272 15970 3694
7836 14880 12930 1642 17976 1554 5661 15518 5492 8635 14114 13531 1921 15265 15125 13386 1164 9826 6911 10752 15489 4607 7078 9820 14073 8792
9570 11143 18596 6461 16477 7299 2181 6392 1141 13953 2307 7440 5476 11816 4713 5566 3824 13295 14392 17150 14186 179 16297 19960 4829 18611
8002 6136 16641 17008 18742 6746 12466 6539 293 12429 352 8286 15851 7788 161 12602 15216 16927 12984 2459 18537 18900 16975 4682 9571 10171
8954 15533 3896 18098 10932 13313 5087 15584 19207 4531 4360 14594 3801 18980 14672 13294 8205 7123 18436 18101 3627 9261 14703 2933 8718 11254
14360 16364 14060 6044 1506 5867 6395 9138 17666 8913 17826 4182 1048 14146 8229 61 13314 16367 13146 12033 19124 6119 13456 5410 1026 8092
1 12879 16169 16595 11736 18788 12384 12097 2306 15926 6519 18338 7623 7780 3412 13929 12450 16291 19843 2626 13986 5418 12999 15833 15506 10300
5390 17997 10396 10645 16817 2740 2598 5409 8240 584 17365 8356 15300 8349 5276 6573 5062 2643 10629 14751 9075 16762 15875 3754 12956 13765
3804 9430 7522 12447 18441 17481 2658 18392 10780 3589 14766 8342 12717 5108 7909 14102 2915 3834 18808 4096 13517 996 18918 10833 11102 15515
463 333 6813 15751 5202 15592 16025 8117 215 213 12281 10424 13825 18816 15014 15506 433 13912 4097 15784 14804 7032 9537 9917 9986 4329
6326 896 6011 8643 18653 265 558 18112 11290 9829 8040 8058 13450 11978 14520 3937 9870 3365 1384 9643 15533 14758 16716 7171 5172 7403
12772 3523 14014 4151 17123 18540 18067 1741 7247 10223 2968 10665 6157 11532 13623 484 12902 14320 14301 19627 1571 16925 16370 15229 198 15578
14087 15359 3103 13398 8069 16916 3264 16125 719 18761 17560 10681 12519 15934 3210 8411 838 19052 18503 19224 11013 15904 8008 12370 5640 4990
19336 3334 19379 6110 1226 18863 2014 10745 9411 12156 16381 3953 18494 12918 6949 14382 18929 1252 5546 5480 865 4649 19974 214 7010 1852
17106 13662 19832 16113 185 6730 10026 2514 15814 713 1340 15200 12646 5251 16789 11067 10701 13244 3411 2199 12288 8410 11626 1543 16346 8343
2620 5610 11457 1468 19801 16210 4738 2038 6364 3372 12513 13051 2419 4176 12180 17863 16800 17498 13443 13604 7147 14726 14530 16378 17854 3058
8485 12345 6547 14716 11707 18022 3965 16747 13364 2726 9353 9456 401 4215 17261 1053 6310 724 1549 16361 10330 11980 18862 143 7349 11592
7387 15377 6006 13341 18359 1601 12738 4757 5815 5552 18995 13763 3238 10752 19177 1025 7367 14707 4626 9072 5715 18892 11616 10743 761 7467
4476 1796 6257 9473 86 12956 1331 13493 5943 3338 9762 10047 18159 6823 19530 17931 16066 9714 7577 8129 13698 19496 9486 6279 6861 3857
4521 16590 11662 10706 11295 6723 915 9644 14591 13790 3300 17380 16624 6581 4082 18617 15833 7566 16012 12842 6942 8041 13540 9849 12983 5375
6645 7105 11595 7645 16534 12883 3670 4600 15287 14215 11603 5705 14342 3196 14565 12567 10986 18560 15892 13483 329 16365 14770 373 12051 16643
19484 18937 12538 4001 16563 7101 12855 2176 6793 19749 16624 16691 13369 308 15482 12613 5404 4958 17544 15848 7840 19202 10931 17214 3714 14833
13382 210 3899 8714 18337 2355 1852 15954 5265 427 9082 13345 2627 10232 8187 12151 16516 19782 11706 8607 913 3199 13495 5216 4989 18678
5855 12359 8817 7146 8264 11668 13122 1493 10297 18672 10249 19469 3060 14417 156 15675 12543 7516 2704 6836 19548 10804 12321 1084 18044 14535
1977 12169 16237 18884 11429 10148 13405 18772 19218 17092 1998 5845 3489 19085 17353 5427 13182 12302 16241 9030 19137 13416 9146 3400 79 721
14228 11922 18219 3152 7016 16691 3755 7271 14454 11901 3861 838 2464 1808 9379 11293 2395 4808 9024 15949 11216 8326 9690 3701 3406 2451
4366 7423 11184 4671 6056 19261 9959 19407 16264 8676 5678 10509 17530 15758 14293 14486 11055 1823 19317 17887 16941 3044 6416 1109 3811 8323
18961 17076 15697 482 13709 4809 2731 19848 5228 18410 19654 17994 243 14983 15765 4328 11257 13605 15922 7214 11167 14576 12608 1529 12466 5877
4465 4691 4572 8026 14702 5652 1325 3811 5576 11065 5498 9291 7787 18051 9548 13870 8444 8681 10524 13462 8439 5916 18994 8793 9088 6996
14371 7376 9784 1477 8858 12940 12539 17229 15380 2215 6661 9158 2453 17505 4392 7921 6787 13675 3640 9894 8850 18458 6216 19331 8131 7893
198 88 11534 13873 7523 19931 9051 264 16816 4517 1810 15908 4473 17393 19979 14343 13900 14140 1334 12550 8740 7940 11706 15895 14828 16263
15049 618 2889 15955 11901 2349 18343 14287 11765 7656 1665 4950 3673 12023 2573 6175 7375 18461 11455 2045 14486 5237 4554 15471 943 573
17358 2611 13609 4813 3826 12160 17220 1950 17107 16282 15554 16377 12726 8440 15128 9323 12691 11827 17599 7900 14855 4389 12224 5425 3210 2006
498 7413 9307 18451 10213 10506 18791 19165 3732 18797 19253 16688 2132 8721 12654 667 14780 1231 17464 796 11242 886 14635 3242 19538 11783
16191 8897 18827 15055 4600 3737 6757 17760 17138 13399 5685 18011 18780 16521 3708 3542 2653 4479 8339 17595 10249 9118 4435 3452 19071 2984
4216 16268 13123 14659 529 6295 11689 19813 17231 6761 1266 9435 1843 4071 4866 928 3637 16293 17496 2062 16659 1702 8202 17665 1339 12939
17526 17535 2748 7517 17503 6235 12595 6125 6973 13705 8012 9138 11302 6745 19534 11498 7702 17351 4175 17674 14188 12662 6719 13411 7247 17745
16037 4924 3076 3667 13612 18520 1406 8310 8106 9046 7597 5392 17298 19130 11759 14219 4194 7079 4620 18310 14460 19144 13813 13466 12530 15578
2006 17709 4856 4008 4912 5122 2752 732 6319 15138 2835 5642 1720 3985 1516 14924 17157 19357 5654 5514 13422 17083 5544 4841 9323 10201
1797 513 12395 2860 1120 13140 2233 5986 2602 1447 3428 19183 1931 579 4351 2627 11548 3577 14695 2153 17852 12400 19280 12472 7059 14046
7399 10118 17102 8553 18039 337 9523 6818 5645 11340 15029 12704 7634 9966 8555 11965 5848 10060 9683 4989 11883 4437 10105 1559 4201 6729
54 10975 18627 17316 10706 9299 12629 14147 17805 3101 19696 5273 10146 13369 18629 18894 3623 4977 6798 13325 147 9705 8783 13434 6565 14704
18386 15359 17141 19775 3445 15349 797 15154 15736 3281 8783 19297 3989 7378 15165 12220 5452 6550 17533 15231 6576 5978 15599 15259 2651 8033
1175 2111 12718 6505 12071 11032 8240 19378 8981 15744 13565 3916 7392 10169 10720 4120 2551 6014 16674 8172 18810 17178 11545 2007 132 7097
10099 4880 15477 7359 16660 12948 19233 15789 1912 11594 5649 3635 709 14407 17821 15810 3558 18779 4189 3959 8394 19305 14486 3251 16634 13907
10804 8044 19655 3656 4524 15728 9139 1956 7794 3418 10949 1551 2421 9037 8578 14977 13955 17936 12822 3346 17039 5227 12226 17348 10116 2177
15766 454 56 11897 19674 5656 16336 13282 10367 13984 7319 12934 3706 5126 6872 15346 7720 3823 7634 9016 6938 6829 7383 1984 6107 15826
8364 1236 3258 21 3419 18740 8698 18192 16392 9016 16191 17382 14568 13037 19553 18818 19282 14068 16245 58 15947 5318 18879 2735 5666 18186
4479 7439 11600 18737 5149 12241 11001 6908 11715 12101 15731 4092 2000 991 11111 3960 5246 16782 17038 10385 435 15845 19146 10032 7791 16964
14911 19071 16853 1638 16737 7633 8647 12900 2143 3572 19749 416 17586 2879 11638 16327 10425 8544 19326 7069 1256 19956 465 9976 1188 9531
19791 14584 8057 14985 8111 4348 12758 2261 2508 13230 12652 7478 1665 17362 8807 9865 11690 16790 1674 4697 19480 18466 10982 1255 13654 8983
