365
14 84 37 36 98 34 48 11 39 17 74 100 2 8 52 85 36 72 43 1 42 11 19 35 17 46
2831 6242 4468 15043 11339 9306 4238 12256 13810 5157 16827 2205 7900 6588 2474 8076 16412 4910 5791 16914 18506 11109 7000 11786 328 1875
2603 19580 13285 10934 11184 8534 18038 3241 8267 6527 18920 5599 12602 12153 4341 19904 2773 15205 4048 16026 4331 3669 13003 10349 9824 4752
8439 11242 4360 3015 12846 11783 8401 4481 10874 4769 4973 2866 7859 14209 2642 19617 11450 15246 19787 18813 9851 8114 6555 12163 15165 18343
6185 18338 6145 4311 6262 19504 18307 12517 14314 15921 373 3764 14242 7214 12838 2458 5600 9683 19535 6485 3650 14990 18533 19988 6841 16132
15891 18342 19158 8342 15273 7572 9255 16752 9396 17279 15973 3383 13385 18395 12891 7705 7678 7433 2564 14002 19512 5963 5658 770 17435 11706
10675 4898 12688 9449 3211 1445 7781 1994 14054 5265 14603 6653 11406 8225 11221 19997 1540 820 2012 12746 19107 13114 18518 11040 17590 11794
10555 287 17044 8032 16909 17841 19317 7430 8368 255 1355 19087 18184 18091 8258 19395 3252 10044 401 15682 1790 7101 4775 4015 13270 4573
2761 5116 14661 5588 10457 9295 18031 12139 241 1014 18068 766 9425 3726 11438 730 19315 1842 13225 12634 17075 6454 254 6778 18472 5014
4596 4069 19202 8417 10813 1606 17438 10924 18069 9880 15453 12694 12365 18049 5743 1443 1413 13572 4906 4008 3762 3728 5938 5499 1740 5028
7085 19493 3806 13024 16320 13832 5186 1820 764 13996 16809 19180 3901 19733 13582 13214 10328 18284 102 6394 4907 17689 2636 7622 14202 4118
7811 310 2197 5963 3434 17342 16396 4673 520 17662 15150 1689 20000 17942 1971 10685 121 1601 4917 11757 12002 18775 16519 10965 16572 19118
8686 7981 14728 19946 16001 18916 1211 10188 10578 653 18983 1263 18735 13254 654 14127 2958 9203 7943 18399 16825 9451 10189 15947 10927 15544
8326 7196 5961 16739 8302 14781 16058 14992 5189 6914 17291 15191 15078 9780 7577 17702 4295 6953 5594 6999 16682 16221 11312 12114 2466 1930
14687 12684 19529 8193 8167 6387 16834 12021 9889 4758 9109 17565 18131 16005 3294 9865 8405 14397 16184 7734 16797 18401 12868 8172 9000 9142
17642 12442 18766 19848 11299 9899 17673 2838 15268 8398 11269 17587 11750 13886 3495 13377 11864 18602 2853 49 11892 19063 14797 1661 12840 19487
8058 1212 3916 15991 13878 15026 10560 2454 4323 3411 13904 16776 16786 18212 11616 4045 5084 8492 3262 7394 9926 8208 2566 6989 6031 2730
19036 2299 17552 6901 12721 804 8688 17830 14480 13913 10534 10874 10133 14037 10118 12417 2214 18453 2716 12262 3088 11590 15328 13644 15432 8811
15047 18463 14034 13093 3013 1627 4427 14304 13823 1857 1455 3887 16210 5188 13065 8187 4125 18389 15215 19924 10078 9656 17518 6000 825 4401
8939 11071 3139 3943 15967 2136 2426 18274 13741 1087 11237 15363 6935 15710 4631 11542 13354 4553 11202 19977 7323 11886 19304 6058 18534 4675
2840 17571 17500 9117 7346 11484 12935 8985 8471 2666 762 10499 791 15720 649 14567 5245 17308 499 6700 8676 1046 10874 16457 361 5254
14823 14272 5562 7716 14011 9340 11837 7484 17652 6008 19950 14074 12542 1990 2879 10473 12836 1723 8060 17920 13102 6760 1822 6558 1432 10916
606 14772 9411 12205 11700 17560 11448 7232 1905 11303 19588 11296 16234 18191 15015 9071 7353 4930 1745 4547 15752 1271 12356 13213 4201 18760
5869 6586 6078 4407 976 6255 8658 17177 9019 7282 16363 8355 9618 8263 8227 9345 7744 7422 11906 4856 12351 5729 11859 3058 4027 3722
11184 19993 5265 6403 10148 834 8017 17877 13128 1996 15837 5918 3160 7934 4103 6179 17678 701 8756 8804 3255 8368 16649 18412 16164 5920
1564 19850 17710 6906 2781 17818 11307 13159 2314 11861 4577 16403 11903 17874 5744 9849 17752 17857 12235 1391 12585 1679 16284 9243 5091 1256
10879 6437 11247 7508 4214 17929 11950 1044 983 14996 17410 12367 12408 11383 19541 16291 14129 12393 14458 3018 12077 16485 4710 5378 15535 18103
3010 5842 16340 12441 14126 17851 5950 19383 11967 15049 19246 16886 12389 5976 18414 6390 13172 14965 18206 13201 7534 16922 9515 14338 9755 7233
12405 4884 14985 5467 17725 1269 6532 9272 14084 18836 6372 725 13386 13741 17684 18362 18489 16892 2664 19648 19354 13312 5338 13456 12388 7296
5819 10985 2593 12945 1002 5211 19685 14854 7944 3438 1791 19577 248 4684 4862 10912 6686 18850 7206 4055 17672 18770 15418 16825 17787 16478
14134 4008 13174 17849 189 11563 3167 4871 2809 6565 10502 14306 15951 1750 1370 4677 15478 8915 5754 15082 5217 2288 18057 11670 2337 570
15457 3558 11214 18312 17572 17139 12293 17568 11101 5926 6195 3819 14873 18711 18996 18479 14709 12968 3595 16522 3897 16047 10166 16542 4033 12309
17634 7585 5048 4355 3834 7664 11413 9977 11009 9423 11680 1022 11658 225 10588 2462 4049 14705 893 7790 13818 9199 14567 10731 3133 16494
1223 1754 11822 14805 14988 117 7496 16808 5416 17559 15393 12839 14869 17972 153 5079 5648 17604 543 185 16266 6273 16796 13507 13352 19529
13722 6100 19984 6331 7697 11742 7710 8626 10413 2544 3080 17100 10182 3001 18793 10149 5057 6948 7454 7879 5316 7214 2497 14063 9542 12324
1006 3349 15579 11683 265 4339 2682 12400 11489 2737 19327 3716 13507 13681 17800 9539 12925 17555 6965 17148 9866 19456 18125 2656 17497 7142
12821 6534 14115 2925 2911 19427 11243 6396 12179 18416 12620 7872 12865 3402 1413 3049 5852 4007 13087 3667 7604 12883 8519 13698 6934 13595
8006 18634 15090 12211 9294 19116 1585 11067 2069 18225 18718 7693 5072 18348 5261 6957 16145 5669 8161 11810 5375 16030 15387 5100 3790 94
2841 11369 7033 19967 10689 19110 17682 4412 621 15140 8539 11767 18006 4083 12780 317 18011 1349 16087 7667 5345 8771 5053 3232 239 12694
7648 10533 6296 9183 18653 7709 7432 16550 14901 14455 186 3546 9661 1420 3452 6676 11668 3274 13614 13402 18390 10782 9874 19312 8531 11402
7979 18360 13919 18063 9559 12744 2423 9030 3984 5699 7413 434 443 13560 157 11092 11164 13671 11997 1488 7144 4092 14856 5069 11306 9311
4924 11512 5655 10787 11376 18772 9861 652 9397 3052 19223 7169 17051 13832 15247 6812 13525 9229 2945 12282 8136 18090 19630 10319 18834 1677
10714 15249 2842 9098 12150 4559 4002 12274 18723 847 9122 3647 8686 1813 8750 3643 17370 1912 17796 9702 1043 3102 18305 14995 19153 2855
18416 9286 15668 11290 17860 9486 8980 17195 13708 317 4068 13838 16689 10829 1648 10610 18991 11721 13659 1570 2491 10846 14874 3218 1063 12317
13277 15434 7250 14590 18542 14656 13145 7046 11247 7314 18607 5405 9455 17052 15907 16848 11254 6045 11302 7173 12264 12244 13380 13380 12232 6532
8412 18783 6812 11733 15270 5391 5573 9142 2467 15230 12312 9201 10815 13726 8666 5890 19414 12506 13565 12105 1770 3536 11248 19067 17568 4413
7518 18675 9214 9027 322 7842 2361 11111 7423 17711 5419 12732 2819 4311 19329 977 11344 4598 1770 17176 8232 11756 1406 13910 1483 5761
9727 19751 11513 12249 16457 15443 16753 10186 6322 17094 11342 10910 9376 11438 4342 13590 15670 54 13178 11168 16294 797 11846 7583 15691 3017
5996 19519 12864 17571 12139 3147 14711 6471 14360 17826 14411 7208 14631 5404 3123 14023 1106 13193 8570 10060 16429 12508 5382 15681 9750 7716
9434 9544 596 7348 19111 4373 8738 13174 1576 19164 4822 7592 7829 9059 17887 8389 14062 6785 3319 11041 15642 16280 1346 11442 7422 9918
12521 9585 1171 5061 9125 1780 12852 11365 14087 13675 19696 3717 11324 14382 206 18228 1471 11910 9583 9548 2641 10191 11972 7533 4825 13564
1310 3618 3116 3055 7766 4639 2993 15419 1888 14487 13069 18471 5372 10468 13245 4158 4131 15798 16620 16638 4382 14453 4362 17874 11822 12781
66 11213 980 8803 19182 1631 16431 19545 12541 19906 7940 11231 17079 14441 15711 6948 757 9381 12277 17550 12465 13820 19177 10187 19404 12128
16333 13714 5854 46 9439 18560 16251 1355 7365 16167 18520 19769 18969 16403 16003 18514 18170 1163 7927 4972 1549 16850 19646 13351 8324 3641
9354 5406 17231 15184 19601 17271 13467 16933 8774 1056 11718 11961 1702 19617 19390 7952 9414 4135 8316 6091 14734 17647 12111 6845 6871 5419
6835 18520 1812 708 12146 2593 2398 221 16283 14161 16914 14490 11748 18271 17085 17142 5142 10299 19787 17825 11821 6833 12665 15748 18709 14093
2146 2343 484 15562 11195 11366 329 18342 18925 14014 19008 690 4620 13292 15187 15538 4885 13079 13104 12919 397 3221 17542 6646 13859 19948
4652 15796 14960 19105 14049 8610 10780 3195 15795 15540 1116 17238 4395 16222 13504 4190 15359 4754 16425 9078 7362 6558 15008 3401 7273 14304
5969 5113 16859 17779 1051 16840 1189 7139 7961 1259 4573 4271 3995 3648 8682 178 5311 2042 13741 15766 15984 4241 16422 10404 10024 13581
10451 2183 5778 18479 15336 775 267 3596 6982 18260 19678 4293 17445 16354 12513 8649 4321 6442 19218 13483 1940 3546 8272 3096 13782 15454
16641 18027 19734 16448 13608 14752 17439 19850 9155 16499 15745 2703 11844 8544 2818 9919 14314 6638 6714 8766 15692 4962 9125 14099 9142 15852
18815 16868 3601 10 1104 493 1294 7796 16645 14260 11000 14066 12178 18057 16403 8329 16081 17178 16433 18261 11316 12103 18279 9386 15949 3098
908 15427 7201 12933 6792 8457 14288 5759 2340 16071 19479 1334 3103 12582 16931 430 14317 6300 15398 15601 7963 14383 18952 18869 19047 4301
4274 2979 8932 7836 1447 16693 15294 10556 17179 3655 10124 13136 8634 11844 8756 18682 243 578 8070 18999 12815 19050 11058 12760 15214 10070
15386 9254 18243 16375 19720 8543 5898 19967 9343 3397 7611 6464 18352 14895 17457 19997 10028 9669 4285 18554 3911 18348 17286 8506 1909 7559
3824 7997 2985 4309 19485 4615 6286 12517 3247 66 18616 2274 4002 10395 5791 15116 11782 8993 7870 5779 17958 13677 8256 12307 15885 14974
10538 4748 16818 8569 1908 9221 13272 12307 18057 19356 11992 10070 15266 8735 6304 19912 14766 6128 11374 3351 17948 14476 15964 13787 5824 13533
2522 8138 15535 12235 18743 10385 1482 14865 10534 18839 19075 5194 18966 12805 5435 16966 16901 9006 1967 3917 15005 10197 4557 15541 14718 9770
15898 14053 3830 15112 12489 18368 3185 16611 5074 12026 19805 3898 16374 8615 14030 97 2351 281 16214 7685 7687 6034 10074 14553 5790 15144
16664 14377 8633 19520 17660 10448 7256 13770 10652 991 31 11565 15315 11875 7453 7630 2935 9261 6710 8980 606 5949 15522 13232 8162 2
1749 14979 12169 10911 7556 17235 4828 12311 6143 3469 1029 18503 5546 10494 10209 19629 18550 8989 19255 12154 16386 3554 11766 8915 18731 2768
14256 7675 17118 10966 16130 10580 13521 10607 1887 10968 6123 11643 13833 16416 14673 17780 13856 16688 18065 8420 19828 16908 15523 4110 375 106
3638 3956 12221 9809 19773 15353 17143 6202 12766 8212 11150 15867 19536 4090 12371 7881 10666 4568 3997 14921 16496 5135 15970 18922 10320 5636
9902 9086 11420 7315 18744 2144 4167 5059 5796 8911 50 14913 7265 5815 4966 6275 8153 16000 3008 18534 7760 9657 5263 1699 918 11731
14469 532 4174 7831 8035 7822 9585 4906 517 2793 17248 14638 9948 18778 7011 17644 11028 7240 18250 7526 16508 69 7644 11526 11385 1163
6383 4346 6700 3551 7901 12706 15767 13223 10741 11797 12883 1011 834 17738 7842 15318 4709 17632 2663 13146 17773 12925 1764 10368 3924 13984
15946 1504 13863 14320 9226 12449 11602 5639 5751 15827 12188 13033 6586 13256 17484 11470 13322 16426 2837 1189 18432 6155 9512 14175 2802 11309
5099 15434 3724 1589 16004 11678 14370 8386 2738 10137 93 13916 11776 6230 16061 10693 4948 389 19926 11789 2370 9386 18130 16895 16512 15105
9181 13025 12730 12225 10394 7881 14063 14527 9094 17732 14468 7649 12800 13650 7974 14878 3565 15655 6875 19028 13927 3822 11875 3781 8082 9597
5499 674 13647 15351 10300 1493 5628 5787 3351 17606 16554 797 1583 18673 14008 18527 867 19669 5759 4413 249 7547 19288 17684 2150 14283
3716 9372 3790 18350 6224 11477 5365 12427 18316 19561 17517 9765 12595 8178 6308 12805 1286 18717 10975 13909 1454 2632 5737 18253 19895 9695
4732 643 10390 14569 17756 3246 11818 6920 3277 2308 18326 2682 3519 17805 16223 6180 6755 12921 11099 12943 18874 14897 16497 1353 19665 5382
4274 12753 17875 10173 19760 8585 10300 13417 15832 6851 2113 1925 13393 1135 19341 9513 7030 8383 10021 521 4588 16748 563 14085 566 13263
375 7197 16744 6775 7847 14393 18993 14759 3079 7813 17207 13275 7735 13409 7736 11587 6559 8925 3739 1066 7276 14688 5921 5841 2595 6154
14740 1959 8831 11873 12334 2776 7325 18910 13122 4010 12810 2394 19442 9184 16837 5003 2868 3107 6305 2164 794 14635 13140 16476 14551 8438
11041 16557 17353 2227 4292 3464 10069 8594 8893 7936 8312 19598 8028 16221 17746 2324 596 14661 6196 15048 13171 15534 9476 1610 17115 9209
18070 19656 14498 5583 17634 11232 15826 2025 5626 7207 2513 6651 4929 10742 12690 13547 19348 10064 449 11337 12571 3841 15298 12900 11611 4740
7 7234 14693 9178 1947 5545 10057 16865 12511 12931 1649 6034 5014 13673 14827 4215 5411 14361 8550 5846 13316 19946 7906 12581 1152 10896
7296 10259 6842 11157 17027 11161 9349 6896 6260 8663 7391 6411 16946 16175 19368 4961 8055 3898 8400 766 4525 17082 11531 16839 5995 15271
2026 12374 9672 6677 18265 3524 1803 5763 9011 13694 13186 466 12930 4406 19246 8352 15983 9469 5883 1522 4920 8619 943 6736 2258 543
7776 8129 10931 9085 13710 15241 17520 1601 4120 4112 3203 8998 1741 4388 16913 18116 15367 13194 1945 19069 14252 9993 17349 18733 11605 9936
16514 17790 18417 3487 12243 13687 1991 13162 4791 5992 10177 8778 13419 3932 6981 17462 8734 8965 10270 854 8939 13895 12299 2088 6074 18205
17417 8980 19972 13086 15255 11013 17352 19468 17123 17255 15964 11655 15405 14069 15760 6278 17481 4931 2854 1845 13223 4404 5395 10845 5474 17036
8825 14414 18909 19293 7034 14144 6690 15989 1275 8811 6626 19592 13913 5558 5332 4681 16509 9479 8613 1333 3423 7142 17861 19867 17019 7638
11994 3905 16166 11970 4029 2465 7179 19806 11519 11777 7284 357 13126 5093 5329 5554 10262 3791 4726 8967 18775 11777 1749 11123 13037 6750
1004 18827 10813 9556 11218 4766 16585 11734 13892 1403 7703 10923 15684 16496 8184 3511 11450 18565 13482 16518 2074 3631 2112 18443 12653 15217
6563 4585 16040 8807 15146 11771 18328 12199 19803 3654 1041 11750 2270 5242 4283 7983 7828 18046 1044 12951 12675 7012 10824 2880 9434 2109
7192 19063 14731 5491 3270 16461 16176 8606 17440 9468 7858 11085 15365 17789 8203 10713 4585 829 9352 12157 16303 2334 2945 1505 1467 3938
2336 7839 15428 18499 6668 14215 3404 5718 1217 13698 5648 552 10654 17003 17957 3369 16903 10510 16487 2589 10855 8070 13693 9289 6182 19056
4411 19256 6679 17901 15075 15730 3881 341 18927 10382 17301 15268 9441 2044 16460 19829 8958 18051 3401 15485 19372 17078 11349 16236 12676 231
6364 10803 4698 7498 9763 6768 19771 17808 2623 14891 11619 11068 7990 5398 892 16100 17601 2035 8116 10908 14439 11370 11970 10951 15366 9538
5803 12892 19397 268 17109 13737 7258 12014 11774 9808 12806 13012 16268 19562 18890 1880 15323 14604 702 17210 3317 18811 2342 511 11049 11475
4286 7116 13480 10054 12758 4196 5699 9888 13227 1809 12789 1802 10902 11421 1517 4353 19547 3569 2732 5246 3291 5676 7997 5440 10537 872
11449 9401 15022 3581 7241 16413 13171 5388 4450 7511 6316 101 15163 8879 8868 4753 19120 3901 11942 16262 10086 10296 11680 15206 7216 9594
7180 17718 6438 5556 19098 13514 7568 872 15739 12678 8523 11335 12270 3956 11554 19457 1116 11242 7285 6844 10398 9757 19124 9335 19715 8446
4045 5235 11437 4048 9098 1778 6053 16755 5317 19045 15792 17776 6042 19180 8220 8395 14287 3463 19433 8554 2377 1986 1435 16352 6930 5750
4122 5371 19708 9821 12591 13413 15237 6435 17390 13771 16357 17705 4918 4538 2752 13724 4280 4337 17151 5959 12589 4455 16702 3060 15737 17379
19853 19986 4953 19070 16111 4385 4475 13062 4426 684 7430 1091 8516 18495 14699 3990 634 19506 15638 14678 6798 6179 17566 6839 11764 237
7583 8544 4424 14609 7275 10724 19462 12166 352 10346 14158 11637 12611 3061 19940 13418 2899 2614 16326 2457 4513 3366 10044 18351 10364 3240
5898 17473 14676 16953 7988 15892 9074 17630 3259 2788 15179 10666 12869 833 19425 12490 931 19086 2142 16697 7790 19307 4282 7450 16114 4925
4525 2183 7099 9310 12170 3909 18900 19453 3724 12794 17382 6109 2517 17412 2320 13683 1420 16580 2547 12662 10950 7213 10483 2344 15105 12455
15956 887 7428 17873 3325 13630 13593 6047 13923 12836 18344 17150 4329 6354 19049 924 9258 8763 17485 274 15213 14469 7199 19303 19908 10754
3547 17689 1622 3913 14401 18781 9508 4548 880 14413 15895 13994 8973 2559 7046 9377 19830 11039 624 9716 15843 1988 15349 4046 7398 18883
3029 15705 4025 3905 4214 5753 9509 3602 9181 12120 2588 13067 694 2558 16397 3813 14618 5318 3934 18380 7864 15007 14417 7161 6285 9629
12314 7407 12715 4888 5812 18619 8844 1873 4747 19240 1533 8759 8754 15176 7719 15152 7479 17622 16096 3676 18662 1033 6629 12788 17914 19473
8593 9760 232 12106 14222 17869 3290 4415 406 1063 18536 16533 1215 3969 10467 370 15574 2471 7372 14040 9388 4479 5861 939 7528 19327
9021 14225 10708 2000 7309 9386 2643 11879 11760 19538 13793 2882 15872 14327 4912 16376 18308 4862 18026 4655 719 17676 19333 563 4643 9256
12889 10907 11751 16948 10313 10095 4563 18422 15791 14227 3377 1306 585 19930 12570 8804 13579 14885 5347 6429 13416 958 12491 19468 16558 14638
17317 10130 10676 10609 9021 13146 6076 16470 9908 18391 16873 9603 3624 17023 16497 4426 11294 2815 17748 18121 7575 16973 11394 4569 7221 5243
10028 18486 3224 19292 2074 377 2340 15494 17523 7411 11841 1357 11859 2616 289 4960 3894 12490 16941 474 14325 10031 14509 2281 12040 8222
3738 4864 15912 9341 17452 2923 17805 11724 17314 13804 8101 17371 17353 11447 13068 19475 13763 5785 17227 9216 14556 17115 6213 9297 11453 13899
3021 4494 11903 11123 13753 2527 16459 8363 10960 18329 6211 3825 12116 4331 15619 14142 18905 14869 8208 7299 13485 698 2115 13402 17375 12524
17285 16682 16229 15615 8423 17388 16256 2736 7086 2461 5151 4188 12523 19633 1255 8021 5992 10069 16914 18776 10166 18247 2423 6116 3897 3186
17371 16104 17040 17739 10367 12309 17243 4058 15233 9063 6913 7000 19155 6380 1865 10246 11156 4228 372 9997 8760 10577 8378 7059 7042 5928
9087 3160 8944 6826 556 8032 10475 17710 7785 15592 16804 14227 14066 8954 8982 9817 15110 2342 13944 19148 18240 5404 6171 1735 5992 7728
3007 15561 4122 11777 861 3866 10410 2241 13375 9261 14574 6220 19061 13868 9874 12869 1250 5068 2017 19804 16377 7970 13335 7273 2890 11986
18473 13573 11864 17987 15360 16730 19858 10176 5848 630 7805 12719 15280 19109 49 6961 8722 12939 1763 13276 2165 16483 7054 2741 5596 1117
504 12829 8982 16008 14535 7089 14757 18091 8774 5444 7666 10616 6127 15660 10526 17111 13219 4478 7006 4162 6154 12475 11588 6014 7660 6984
9036 16828 17858 16754 19136 9036 4467 18147 1294 19685 11641 6858 16538 9223 15289 16335 4491 13765 6070 330 17861 14473 18996 14908 9427 6390
10910 18009 18068 6798 5922 3185 1057 2111 11549 695 15550 13357 12176 11757 13448 1582 14235 5984 18426 3245 2250 18281 13549 16238 9450 2614
9738 16341 10013 4152 5579 12073 15804 1598 9583 14436 9623 3656 14925 18426 15273 9140 470 19016 17146 169 2111 16955 13177 12286 612 1182
3434 7594 1105 402 9241 10100 877 16611 16781 4354 3539 14229 11168 14881 7564 4640 107 11504 14355 4281 12282 499 10008 8390 11039 15215
14761 8660 10762 5903 2478 18218 11106 12023 14911 18367 10078 14572 12738 9014 9177 1684 15515 11230 3499 19057 4099 5313 16926 12781 16287 3552
12227 16237 11171 18245 8273 4165 18465 10916 9184 13838 14256 7977 11333 8273 1147 1797 9869 15630 604 255 15743 1355 3280 6842 13381 10131
4518 17910 15489 17843 16850 16506 10107 13041 2198 10566 18486 17584 18624 19579 19406 3938 4803 16880 18744 1223 7921 11008 12746 13079 6941 2699
1254 18787 1372 7533 19474 16443 8093 16059 11711 12382 4576 9601 11697 7896 18428 4089 13141 11099 11526 16297 11401 3277 11047 14818 13408 8401
2157 11006 4287 8693 12414 4136 1836 7076 15601 15957 18156 12161 13753 10734 19734 4672 15300 13694 568 18136 3248 3382 9466 2468 13144 8727
3902 5794 7566 9915 9649 7721 15811 3246 8600 12702 18194 2722 3218 18098 15903 17010 7111 16280 4265 393 5861 17107 17721 664 5048 13307
17079 11144 15456 6653 2065 1400 4887 3451 185 7701 16129 10125 3527 15117 16219 7948 13630 8343 4267 9921 6999 6182 8784 3237 10622 12284
8789 15165 17361 6517 5328 9569 144 19732 6079 1144 5038 16213 17103 392 15330 13653 16862 19795 15118 11791 7381 17794 1000 7127 519 1558
847 17510 965 11779 13158 7855 8208 597 781 3473 17128 12025 8295 18746 571 19271 11985 8774 1522 16737 4001 1376 14540 3823 16558 12503
2731 19454 12175 16992 6078 6196 1299 10317 7790 13383 1169 11115 11485 243 5977 8031 4991 9063 15974 12139 4705 17078 1696 6273 19011 5836
8070 10874 17469 7781 683 7631 8871 11462 9070 11027 13992 17097 1358 18914 12148 12373 15333 9093 2328 6266 9909 15825 1265 18071 6292 14449
18912 15832 17680 3143 10549 1289 10132 18332 19960 17428 19849 6539 13213 13883 6949 16263 18811 13514 4854 7431 11637 13009 13843 7555 16492 18488
413 14237 9943 10741 7957 2488 18625 10681 19058 1409 14123 4435 7301 14248 8232 9000 7375 13608 11658 13160 37 7573 5681 17536 12273 18934
1105 6113 2310 6634 13861 15459 10958 15672 19542 7879 16876 5788 7922 8081 5751 15019 686 14354 2982 8902 12339 9939 17710 13547 3476 2022
2347 9170 15883 5497 10262 17689 12334 11110 9650 11802 1989 3604 9192 15096 17510 10414 1030 17136 2686 6057 9150 16747 18702 6692 10241 11342
15368 8328 17124 7412 3310 622 8574 1026 4726 10159 12684 8305 4541 13342 17690 15149 10070 5308 5472 1521 9198 1766 14113 6438 3185 106
16255 3426 9760 12349 15880 11539 722 7695 7153 12752 139 5039 11263 10989 19811 15922 3140 8042 1401 7602 3486 11632 10850 17846 9613 12131
8158 8027 6978 1696 15026 11926 4470 8243 11817 12418 4070 19651 12194 5569 1389 7880 13654 15783 14681 15445 8683 768 4804 14149 11209 7061
8157 16121 19204 9730 15625 12417 13488 7334 18966 8437 17838 12875 15119 19689 5587 17502 8892 10457 797 15560 9038 13032 17606 1067 8648 19533
4120 11552 16252 3198 11740 17360 4919 7799 15550 19445 1834 16019 15234 372 19753 15692 2089 14299 13271 3777 9418 15834 8869 2847 12257 14755
8444 4542 17466 2159 12735 12465 14671 1398 7503 8120 11100 7986 5755 153 13698 11508 2988 16893 1377 19302 13078 12604 11938 10766 14831 7786
9413 19786 4834 10699 10566 10806 19747 19617 3166 10670 8276 11993 847 6597 19654 5850 8251 9226 3595 5243 6564 12137 6649 15367 15845 90
11708 1978 17149 10128 9752 17899 7412 14887 17175 17949 13496 139 3693 18104 1155 8704 14152 19806 2471 9057 19013 11344 13091 6565 2889 11040
18823 13874 3458 9765 7655 15334 46 357 8664 13070 10751 6748 17058 15636 11182 712 10072 2355 1558 5440 17095 12190 13307 9098 9053 1598
14161 7608 15126 14166 16019 16366 15419 6520 529 13509 14772 3636 16018 13542 2756 11142 15918 3960 9811 4878 5886 16674 10850 6712 489 322
4327 2923 11811 12880 19061 18075 3366 1844 15772 17561 11347 19976 16300 12386 9540 7692 16740 6973 10106 12331 6933 11016 15405 4843 5354 18141
2472 11996 10070 10298 4145 2509 19486 10462 9805 11330 7967 15299 11526 2060 18150 13113 13889 11671 14582 4660 10914 8480 7738 8949 7364 12928
5035 1038 783 11666 5288 3578 9587 7529 11430 17446 2830 410 1032 13824 9352 7566 14277 9696 9892 8988 13421 15521 18456 13083 10443 12966
19056 15753 2115 12763 5392 17657 7680 2623 14248 8884 19665 19054 6263 7831 15656 19507 10187 17800 9637 11884 1551 4439 3671 1806 15821 9021
10327 16837 10214 14700 6469 9845 13829 12572 16881 14688 16014 7454 15194 6422 18206 15649 14806 13061 10019 15686 13273 12429 15340 13236 10859 4045
2451 520 3496 3242 2533 6776 10667 12629 1443 9551 2597 5235 1436 6908 3885 9989 13212 14490 19304 16182 2162 18011 1141 15485 8965 3109
17706 4831 19004 16378 5845 16406 1169 18468 5852 6465 1997 11266 5714 17024 10042 7246 17478 10681 9288 3685 10678 4754 3349 2587 721 12143
1025 9913 4792 13556 7372 3178 8128 18801 11876 17696 6393 1828 18797 6843 1138 2771 4814 17004 11277 8818 18995 14001 7245 19777 3767 19348
4443 19932 11247 16743 9669 4971 13930 4909 1377 8076 14668 12737 2191 8336 13084 8349 14717 17934 8024 2159 18426 19927 10340 16197 16107 14351
13934 17166 6125 7183 10855 13803 4017 19527 9850 535 5297 17782 8804 7068 19965 3527 15443 8729 9868 10731 10659 11885 9611 2576 1801 9246
11768 11167 1508 1957 16492 10431 6416 9147 14475 14891 15523 2722 7167 3440 2592 17956 8786 4679 17930 14340 5270 3243 17554 2976 15044 17818
11511 10479 3002 4772 7296 9215 4179 3605 16035 14542 17003 4719 10880 1192 15531 17995 4564 17909 13355 12593 3270 17676 5016 14495 11786 1855
10690 15013 2478 5177 18630 19173 12202 17610 8035 5645 13668 13560 4566 14319 14293 11647 1044 8414 18118 14759 19894 13039 11505 5498 12158 4870
8175 13740 6583 15157 3328 10464 7908 208 9456 15067 10839 18205 9659 7764 14233 12620 744 12312 17540 195 19123 10755 9861 1069 4964 2727
11884 13112 19922 7740 10507 13504 14241 17797 3938 11258 14321 13519 18078 9382 11449 890 11516 18770 15256 9468 16993 16399 15042 2712 16850 11091
7785 2415 17426 465 6693 5096 7550 5738 7834 12591 10354 869 120 14074 11270 14401 6454 448 14108 4152 1541 14631 11803 1693 61 6369
6270 19239 11049 4458 8593 16033 11891 15572 11296 13927 9903 3014 3358 9633 13870 17927 15779 14036 18922 18838 17288 11837 12756 12798 7711 1454
10002 7167 1688 7146 16569 2669 17380 7100 4894 17339 5253 1427 13270 3953 4846 157 348 3102 16898 12525 5503 19483 14312 19796 18433 3567
18084 15009 3309 19227 16982 823 19598 19408 5413 11235 3578 19770 9051 15800 7131 3959 13770 14715 11500 674 19145 18252 9966 3675 3064 15025
19707 8933 11520 6582 17934 19356 6546 15879 5797 13350 7123 6251 8 994 11806 8315 4716 2792 7130 5312 11840 16981 5584 2269 15812 3341
9236 1543 7986 8699 6899 18428 11119 17554 15088 92 2610 19975 2090 15417 17035 4922 15965 8372 11323 1835 18821 18017 4183 12787 14499 17135
940 10982 7096 12141 11690 10520 12551 2225 18652 11254 10914 6306 2856 18536 7020 13541 17351 8203 11451 17294 10908 5303 3594 6440 4540 7116
15939 2640 4028 6458 1211 11687 1143 16083 11510 11514 8253 10452 3547 10891 11291 7659 13508 6910 1272 17916 19866 15506 6483 2851 14529 12480
287 7318 10854 16907 10485 13539 13012 11866 13542 18846 10263 8618 19016 6356 5166 5894 6797 13444 967 510 7717 19317 3469 14809 2694 8260
296 4431 2657 15488 13594 2961 4056 18816 19712 843 3111 1679 4914 19164 5395 17930 12016 6332 15820 16335 14774 17704 6516 11821 4328 10704
1434 2317 7460 9551 3121 15442 16662 18255 9019 13369 9285 195 19180 14364 9161 6327 7413 11607 6320 2260 6468 17831 5120 18251 6516 14605
6513 17169 2360 11874 16951 10655 18254 4358 2024 9748 11957 6022 9382 19745 12343 16420 19203 19265 10254 6765 6644 7133 7033 12219 10762 14422
14988 3950 15642 14317 12619 12867 16144 10068 14672 9380 18775 12264 11617 10288 680 4121 13451 379 3967 17637 19781 9756 2347 16058 11813 2296
7388 18444 13875 2554 3729 5538 11593 17162 6538 17351 19925 820 14866 10486 3819 16942 15165 14141 12839 9384 12721 14092 7468 6103 15763 2734
4431 18788 9064 907 17494 2826 13772 4956 6213 9634 16450 1535 5815 9908 15385 8550 5697 12123 12089 14990 16003 15225 3196 15288 2556 14156
5506 7905 11932 19875 6653 5087 19798 12651 18386 18094 2571 16352 6790 6545 15668 12256 1153 16672 19345 3794 7503 3776 13793 9748 15008 19083
9624 3031 9843 16542 8670 2992 3349 5379 11631 2689 6051 8641 15354 5830 16709 3703 11891 9910 1295 7031 17530 8111 10506 17973 4399 1340
19064 11173 4377 13862 9750 9554 4415 3243 19389 3495 18083 11168 2637 14744 14114 2477 2676 13519 17056 4089 13560 11575 3915 18334 14037 972
19818 12635 8326 17448 16083 5022 12270 18512 2044 1990 8011 19787 13887 5969 3038 17173 4104 16237 1938 2222 13174 19311 11227 13730 4249 5669
15349 60 6883 4126 15693 1966 7504 13135 1126 18418 11254 11605 10033 18770 1037 16874 7117 14941 6722 14275 6723 4605 19377 12806 19211 6175
1713 9051 16444 15559 18509 5240 5171 6781 19553 8153 18995 9488 11075 340 12492 3141 2738 3784 17722 16441 9797 3597 4962 7906 11760 18922
9331 10836 5838 6167 797 2376 5569 8677 4987 7845 9974 18866 10559 5932 14034 18210 19894 6395 9289 11473 2870 4347 18193 17923 9754 14572
3431 5371 4729 6188 14467 5241 18923 11389 16524 7809 8679 9418 5356 12767 8116 16261 5925 3366 5568 8595 13789 17320 4376 7062 8393 9461
2350 15858 7308 4244 18358 13223 144 4468 5668 17375 18840 208 8175 10637 10691 737 15147 18839 17362 11273 17100 12735 18426 19831 2854 6405
7228 19629 3352 13722 12079 6292 9685 5430 10264 1167 16422 2153 5926 11429 15779 1505 13098 9332 10637 12496 9924 11388 8197 12566 2477 5157
6943 10953 10009 9012 12842 16958 1059 2930 2755 6786 18497 11018 16587 19511 643 1003 8832 3476 6618 18641 5789 1635 14921 17146 16456 13491
11525 14537 16847 10764 19068 18461 2304 16176 5867 3347 6043 8163 304 13494 13744 18330 5687 7297 14566 1770 8509 11443 12260 1989 17053 2245
18564 11090 5107 15949 11088 3606 8655 17235 17804 9662 7959 6993 1262 1019 11594 16395 6703 349 5248 15875 2030 3204 19425 18678 4523 5731
13073 7954 10430 19322 16960 18973 6586 18390 641 1057 13566 11296 3755 1339 7361 3583 975 1107 6100 11418 14481 9690 15418 3878 6719 14311
18035 4533 15838 17008 18564 14088 5435 1617 3941 14121 4767 4285 2100 19616 10291 17455 3207 6094 3858 7180 1863 9322 18370 19753 3123 1116
5672 19170 16734 877 14393 17329 2145 7441 14589 3231 7596 18012 996 10835 15821 4889 638 3164 17510 11707 2996 10775 12824 5152 12773 3594
4368 17628 16786 7232 10 14907 18004 1353 7032 312 16587 15500 7961 14018 18478 12642 5770 4666 12596 18872 10977 8314 8121 3504 7873 345
6108 6178 14669 727 10556 15849 5734 11282 7569 14927 18352 13345 14401 19863 9362 11114 3105 5351 11062 10835 14072 7039 14121 4676 13958 1679
12522 16805 16236 1325 1405 4638 17197 4680 19179 4958 1720 14441 1294 952 31 10066 1321 8363 19368 6820 9867 3844 6669 13533 19321 15917
8805 13904 9428 16962 2531 16903 563 14798 1566 10153 5633 9052 15080 13709 14999 19762 1193 2335 15334 17802 16942 17965 18144 12798 4540 15761
2071 9561 8835 3052 1282 10762 12684 8343 12477 10070 18237 4739 8796 12953 4964 15554 17430 16486 6609 10682 13880 9151 13906 8936 6361 19949
7020 15414 12146 7193 10384 2860 7443 17714 11538 18536 6714 13191 13318 15749 9292 2774 604 19454 13346 7148 1675 15915 14981 10614 12877 19077
11166 2064 5845 396 17179 12375 14292 15835 5763 3999 16758 12310 3840 14476 12399 14781 17556 15227 19165 6350 948 3947 7086 14927 8781 4796
1271 18148 4196 9812 6515 4356 6973 15026 10133 15029 14910 6531 1920 3377 17794 3281 4350 11418 19118 11896 6013 14314 18998 12548 5304 5919
13617 7074 837 1370 7993 7762 6721 11099 18948 18136 9937 17243 2398 2571 7277 16346 16531 18926 17082 14477 16854 12607 10306 18518 9865 13680
9601 12892 12619 1296 7065 3465 1077 13589 10907 15486 6558 10163 9184 17257 19106 14158 14947 14807 5844 11579 9428 4289 60 18542 10391 4392
12326 16908 18857 19779 3027 10990 14431 13705 14802 108 11108 17549 13711 18563 16727 15556 7364 17409 11524 6940 1447 8393 4890 17806 2362 10283
9481 13663 9638 6412 10929 17092 15446 19958 7100 12517 6806 16782 3627 6577 18615 12059 4134 567 5073 1095 8580 6805 14580 12777 518 6144
7026 1259 9776 14947 6072 14389 14479 3216 404 19729 8869 2649 15942 15106 4059 15991 16581 8477 1237 12004 11263 713 639 11832 15430 17766
270 4763 9167 201 19027 13061 8525 15450 11886 8111 12190 7901 1144 6738 2948 16916 4698 12393 15663 6832 19718 15037 3227 11292 1832 12998
19414 6937 3355 1464 2476 15612 15635 6182 12114 17059 19782 3123 263 2917 563 12622 11088 12426 5443 16107 554 2352 8389 5538 17393 11790
7017 18903 7961 8995 151 4656 3696 6179 19542 6309 18047 17083 12219 17018 667 13213 9424 12275 10428 12123 15770 17615 12267 9962 10236 6990
16364 7236 2292 12241 8321 3092 16907 8883 13045 11975 16512 4381 8118 14924 9062 6516 19702 5487 7873 6056 14856 2861 12176 544 5983 7135
12693 3194 18572 16884 8979 19899 18026 18454 14979 17177 11613 12005 2421 2816 7149 19967 5297 6367 18568 17332 19958 9570 11944 19558 11741 6743
14621 16378 6040 252 16986 9287 9338 8971 2385 4244 16521 10553 14945 11518 16893 19008 14015 17291 10594 6172 8257 3436 2381 11814 8357 12885
99 6704 18874 11898 5586 3305 4217 18174 10156 8550 14006 10031 14175 14314 13557 19272 11781 10707 2604 16994 16746 3751 6925 3808 19448 9530
2600 8425 10133 13658 6720 3074 11763 15160 16470 918 15495 5437 8377 11460 12601 5351 11662 649 8662 8109 5959 1440 6482 8175 5193 18775
12603 14669 16381 3708 2431 1779 3299 13520 19897 9506 12134 7929 6358 6093 16725 13685 630 3512 9171 3287 10715 13398 15531 1897 10277 198
1348 15981 3734 15918 12675 13742 19529 11453 13289 9773 14438 12876 16348 1553 17198 4770 1246 11672 16080 14911 16766 7203 17902 18778 11387 9809
3052 3324 10489 13269 17713 3535 2014 19765 5617 2328 10934 2834 13428 9691 17395 12248 3919 17079 3031 14063 11015 3875 14839 3053 2991 6396
2867 9590 16974 3920 16401 17227 18974 13638 12805 14169 349 14245 11692 16120 16709 14633 3763 4137 18272 8509 6478 10815 1841 10120 4790 7397
12813 5051 12193 3207 7769 2743 7871 2208 13515 816 9033 17772 18235 14349 10435 3033 78 3384 14924 14009 5435 19940 11054 693 10217 8593
13894 9043 15594 5874 18932 19663 5250 4412 2035 3166 15255 15982 16823 187 17735 8551 14268 14872 8852 12751 18096 14496 7421 6940 4692 18862
19245 5222 2111 6477 15712 2753 14565 4778 9151 10321 3317 16920 11944 15755 18226 5890 18694 6932 3188 3112 10283 4695 357 2983 17106 7806
2634 12181 16267 7917 10140 14507 824 7728 19668 8479 17113 19596 15285 16444 2519 7258 9587 1651 2985 3670 17340 4640 11663 1462 1153 14253
3073 17648 13419 6019 3053 3320 1534 12633 4635 2067 13712 18961 9063 893 19624 17076 1157 1678 9524 9278 1575 19689 2764 2699 8486 12413
9707 18251 6817 8695 4604 16985 3899 16418 5057 3060 14205 17659 12008 16734 7147 6046 2968 12765 11301 18200 15913 8689 16393 10114 590 6512
19712 13724 8375 17707 3283 18967 18599 15314 14749 16908 14806 15399 19820 3197 15456 13475 7658 11797 13411 8953 8601 16531 13640 4742 5407 11240
6057 17093 6441 182 10363 6300 14845 990 2763 15833 11353 2216 9271 11359 18410 5037 3347 12698 3705 2699 18353 9246 16705 12767 11514 7121
19365 13326 13828 18044 15294 9794 547 8657 16845 15116 6054 11334 12101 19095 8074 6191 9475 8605 11593 4347 13912 15132 18734 18796 7213 16709
3084 19139 2037 5573 6308 15787 17687 1491 11834 7828 19297 4769 19675 5294 3651 5598 13795 9403 1841 9710 1197 16203 15014 18501 4568 15290
19346 16647 10023 8996 9100 5147 3681 17985 8995 19548 6220 8936 15633 9476 13289 14008 14136 13605 3875 1849 9618 12979 14376 7206 19847 1880
10806 13959 873 18514 3813 9088 9930 2755 6381 8976 10174 9256 9471 976 3845 9039 19570 3891 15529 18661 10932 14894 10534 4386 8770 4608
7232 18684 14806 6645 2220 9805 14750 2671 10376 9327 10709 4644 8349 480 3079 11313 9312 14080 7164 12900 14719 3541 9001 6728 9356 17654
8085 15811 12612 7504 6367 2365 14594 12276 19773 12152 6363 3036 9149 5867 4446 7954 3498 1109 1236 14671 11634 8411 16460 18527 9589 16928
17020 1448 17752 9393 14361 19227 17786 18506 16083 16848 12965 14013 14784 15348 13569 6150 15319 17536 7656 16461 4737 8642 6726 17639 7542 18905
4620 16145 6555 15257 12644 14020 13540 8159 18498 1479 14597 6926 14925 2908 4074 7343 9375 19274 6135 3527 19280 14447 13426 4257 5737 1813
18560 2535 12357 8710 1845 9089 5528 15319 3107 14599 13612 12857 4543 16691 4335 6502 15108 5948 15587 11182 11685 14591 6078 12747 124 18196
6626 3589 13474 9224 16307 12015 2729 7493 2291 15479 1833 13729 3071 1682 13354 10974 6640 8268 5702 7143 3445 7360 10057 10566 11202 17160
6581 12449 18848 11312 15997 4800 11433 9989 8694 2739 8674 11910 18629 17816 2523 18721 4362 4029 6258 13536 15307 10981 13986 9630 10672 13505
9450 14212 12944 17334 5181 17098 11805 5181 12763 17228 16380 1870 3873 17902 11514 5645 15305 18717 2463 9138 4759 4185 15453 6333 16972 8960
8081 14386 17846 14500 6192 15548 659 5664 4632 17110 16446 3126 9538 18854 1895 9689 19516 11207 18258 9973 8088 15371 3701 6317 1793 10557
2513 5673 5755 2528 11565 7847 13803 11724 9759 1098 10545 10789 2703 15182 4124 18074 2530 16467 2428 7408 18362 2452 4270 15928 19198 14469
17327 17140 14226 6788 2592 13787 2829 9627 17955 12112 13949 11623 11496 7310 8614 7957 10045 18556 2972 8549 14792 1102 14140 12176 10097 4850
505 8328 2924 10031 7465 18065 12515 12707 11510 8833 4756 13364 17978 11854 17997 17758 9717 8735 8435 1355 413 11329 2125 12864 984 18632
5668 16466 1539 11570 3970 3090 17380 11546 12700 3034 13472 688 3928 19007 4195 7219 6556 2134 3656 13828 18121 7293 13991 8830 17094 16015
10964 6668 7905 6079 14782 19796 1397 13611 18404 8740 6686 4449 5409 2152 8184 6844 6300 10472 15724 18431 6195 13775 7152 16239 19896 3041
18155 10257 8002 8238 23 19394 8956 4245 14381 19911 3304 6854 12298 9942 7299 2684 6973 4372 5795 9238 13202 1623 6891 7013 18931 2538
4692 18738 11797 17361 6518 18749 1344 11611 6047 8497 13398 16605 14134 13245 10878 8650 11719 1109 9978 18766 16295 16597 18517 3638 10563 11751
9470 13629 10787 611 5529 2928 11090 13749 15518 7865 18178 19304 16179 575 13549 19245 18712 4575 6260 12263 13109 6655 1186 17601 19239 8199
16532 6842 4115 7621 6002 4071 4231 7988 2001 5528 11424 9153 14525 1646 19976 2440 12734 10113 8172 6766 16950 11397 4452 84 565 6487
10948 3007 18722 16632 2195 8914 3807 2255 8139 11851 11248 1708 1431 7298 758 12900 8624 2782 8208 16295 3464 4535 15937 1773 9545 13781
3564 10114 16694 8123 11420 10048 14894 8400 6028 1064 16683 16860 13005 18118 17804 9710 12513 2350 18840 19638 2389 7228 4104 10404 18780 17355
14979 4495 7039 18740 17413 9104 13521 2843 2538 18305 15359 8087 8003 17986 13960 4134 7849 7639 3228 5262 11348 17011 13658 18649 13609 13695
6304 6577 2622 18855 12211 8079 1808 8262 15464 7614 1348 9096 12303 14656 9383 11363 9266 13931 8483 1420 6981 14403 3869 10008 3942 6759
9889 13139 13743 12466 18686 17554 17023 3268 4271 12146 15863 6969 9871 3878 1874 19421 16601 9282 19586 432 3353 16840 2528 4926 13998 2611
349 11728 3123 11988 7723 17802 16656 887 5540 5623 13709 9014 13952 18427 11579 8566 3471 18678 18927 18350 8478 11061 17209 2837 7886 2919
19477 4151 7800 19775 6414 18767 801 11434 7166 16067 7633 1837 18603 13994 11554 2812 18463 15588 6333 10298 16069 3172 19489 7153 12287 19532
16284 6021 16069 1744 494 5664 15704 5578 16045 8461 18965 661 14833 4664 16974 16262 9456 7132 6798 17033 4354 8050 11119 1619 4879 8161
6810 17684 14329 1849 16370 7067 11212 4952 644 6520 19249 15947 13790 19399 10360 4222 19824 8600 4892 8724 9421 9527 13569 5768 14476 6283
10370 12621 18473 12086 6918 11915 3389 10479 1661 2916 18163 14809 16312 5482 1514 3014 17418 18287 9517 10306 15391 15615 4110 16758 9386 10303
9897 17094 17072 5707 4934 6614 1306 7127 13625 15520 11638 3463 5233 18782 16080 1342 6040 13760 8156 11760 4312 12571 13164 15613 5120 13601
11388 8446 505 6778 13568 12196 9771 10137 19193 18420 15253 11752 278 4635 16875 835 19298 4776 16036 15954 16232 11892 8443 10141 18599 17977
9327 19247 4874 14246 14579 11867 14687 11656 12431 7064 17971 6838 3912 18932 501 1702 16916 19347 13727 6819 3872 19889 5907 13070 14404 18376
2467 14347 12951 1064 4841 14199 18319 225 6313 3638 1886 17627 9407 2491 12412 11781 11780 8570 10847 5688 9841 336 15114 4365 13627 13140
7273 11476 9176 15206 1378 8251 17898 12892 8166 4188 6874 5731 5651 2902 18441 11940 2493 5176 2768 15535 10260 19693 15935 16569 13783 6473
13256 6109 3833 10539 19404 14412 5108 12215 11450 4510 10035 7745 7293 15766 6105 14234 16408 1252 12521 16177 2774 14770 7371 14724 2605 18981
11147 14387 8497 12585 13031 17086 12078 7731 11200 6348 6148 11547 15470 7757 3112 6666 14301 15277 8566 18075 7480 2435 4759 16577 11111 7924
7857 10920 15659 10649 4567 4647 8946 17108 12479 3778 10723 12594 18756 4161 13632 5336 3026 844 15642 14692 103 6207 92 3994 3437 8022
5267 10039 5651 3233 16344 19627 256 2687 14116 7858 16288 12989 18704 11713 11694 6012 6067 7544 10988 14829 2986 6094 19325 4047 2167 12869
5507 16708 12971 16436 15816 14865 3438 3868 13714 15154 11322 1761 14483 105 18887 960 5071 18919 12463 11741 3862 19870 18031 16826 674 15978
17137 1668 16439 13897 15671 7600 8770 4265 7923 1873 19318 151 8244 11318 12045 11612 3669 6200 17345 13716 14680 13047 12699 19995 4528 16251
948 15214 8792 8325 13806 11013 7981 7445 6454 19787 6696 14270 16962 11328 10152 17272 4366 15009 10606 16875 8019 15747 18649 15298 6463 11944
15051 453 17266 967 6117 11503 1930 3146 3458 2792 9290 8833 2580 13183 14874 10475 10420 3899 4936 12371 7762 1297 12114 18881 3245 12035
16445 5804 12659 5048 17828 11778 11662 15588 1695 14534 17036 8636 17288 14239 5329 18337 716 6375 8077 5054 13092 9409 9275 19836 19455 6938
19619 18512 14469 16752 1590 4550 15866 11567 14158 6497 7739 2932 1743 12816 2986 19326 10662 12560 18684 4314 19648 9061 9082 11698 12872 8493
5128 5744 6325 11958 13562 2253 10865 19391 14748 3506 1286 14770 14363 15534 12764 1036 15751 5365 12664 18233 509 17951 15339 3901 18638 6360
16489 1836 8288 17316 18248 14301 10041 5481 10886 7398 9381 15830 8108 19658 16977 17110 15961 3712 5801 5549 17215 5973 5468 2492 14373 206
613 15652 6928 19334 9343 18026 10691 18760 6140 8882 17282 5190 5783 1526 14283 12176 17534 8875 1506 6776 2044 13903 8114 12430 17154 12036
6522 331 7855 2909 2886 5306 5968 9376 13768 7584 2858 18635 1731 16323 11203 14539 18674 16842 3336 16350 442 6749 1916 16925 12042 19907
4560 1367 16657 9455 16885 5325 2184 12242 3251 9408 2922 1375 75 16854 18394 7835 6960 2267 7483 13131 12224 15634 17561 11156 1060 17770
7516 19128 677 6962 5560 17619 3734 1707 17020 2854 13435 18890 7588 19781 11171 14756 851 12913 17594 13855 9479 8012 16052 17600 828 8335
5468 2526 8619 9747 3980 15588 5001 12794 13067 5560 17286 16504 19685 4820 7608 17386 10211 12208 12117 16832 2534 11128 4753 8169 2471 19903
15701 8391 254 5306 18304 4177 8300 265 13889 5353 7782 10548 7977 13075 7463 3306 13773 9907 3108 5480 18291 4965 7907 8249 4383 15739
16573 2715 14774 11426 15154 8196 10957 19356 15689 2809 3986 12538 18449 15358 16834 14158 14485 1682 3656 9427 19497 14451 3024 1409 19268 15130
12055 16909 4100 2036 2799 12795 10844 436 19419 7513 7988 4832 18152 15015 13380 8914 6165 11735 13949 4301 12153 15745 14265 9541 13587 5891
11209 3842 6093 11899 4990 2458 13972 16988 8742 5846 4743 18847 6621 14636 19633 12122 4781 13901 5712 12435 13357 9030 19545 13667 1923 11408
1135 15206 10484 2690 18553 13906 13032 16542 480 14837 19745 4341 3124 19398 7812 453 9965 13081 7746 9397 13466 19964 19102 14156 15276 17804
16089 15349 3952 10463 2022 17388 15647 15177 19010 2992 579 1447 118 15187 1689 4589 14209 4424 15158 15504 14885 17752 9156 8308 13237 1609
19260 15167 3630 3483 12726 6432 3017 2247 13355 7395 13894 10313 14386 18424 6232 18047 7387 524 7284 4475 10475 15297 19421 5738 8589 11745
16602 8853 5386 10334 19512 11307 17623 2556 3413 552 9620 879 362 14778 18219 5487 1448 8221 3608 10064 13276 18385 17011 3466 15304 1130
13084 497 13949 14420 9568 8910 12216 4148 1637 18989 10167 19137 5018 10119 1844 1140 4594 18532 19794 12788 1806 5795 19917 7582 15996 18625
9523 19837 337 6512 3982 5333 18220 8336 13416 4176 18993 1339 6493 15451 673 15315 12869 497 15071 11546 608 1455 11336 10619 3384 4754
6210 3063 16370 15653 1576 11259 2479 6210 13071 6120 9977 4232 4052 18284 913 15728 8562 18500 12969 3820 18728 7560 12723 16018 11871 15550
9444 4881 19402 2482 16110 1238 7988 12184 1830 17747 3661 1745 8694 7027 6262 17200 9361 15425 13147 9739 16598 11827 9396 7306 15908 5913
16336 12011 1561 16980 7695 553 9377 1213 15049 14006 4557 3818 16810 16320 12538 19252 13452 11478 17571 1246 19018 18173 6507 19151 19348 8174
17590 9615 8234 7008 2799 10733 17096 4049 15374 4317 15165 6690 10642 14393 19027 1166 1374 7690 9753 15074 4096 8772 14469 3265 946 2315
5171 14638 16032 4446 6888 5281 6794 1549 4832 2482 12920 7065 3045 7520 5221 14822 16297 12790 10314 2730 9138 4787 247 11684 13412 3737
10472 6892 4754 15756 7304 17130 4678 13556 3743 3834 3829 17816 1189 18872 1636 4087 18947 13676 12970 6011 13629 9815 13016 1773 4230 11354
6529 12042 11929 10160 1178 7673 14637 18512 4239 7354 2760 1957 7712 13052 5107 11799 12407 12586 11109 372 19507 6042 10102 10578 2659 4924
12140 2465 15750 2118 5217 810 11336 13443 525 10664 12700 14968 18652 1638 8800 6031 12790 14525 4672 2388 9220 17617 12443 8963 7614 13085
14004 19836 5155 1130 6 16498 8575 19668 15083 10752 1449 4629 9795 12343 10733 12796 16660 18006 4897 8433 1748 9702 6973 11311 13729 18412
13192 10062 89 13443 7482 13356 11459 18086 6069 13069 18894 10955 2034 11892 19140 6646 17482 19600 18654 19583 12157 14950 13899 8828 12660 18032
6664 18503 15617 17583 11666 15748 4342 675 3868 17108 477 6240 8942 17778 17419 4951 19908 18185 13422 5008 3423 4380 9382 19751 1439 226
11759 3968 3406 15957 15611 11624 4166 6056 4420 9094 12368 8325 17336 16219 2536 15439 14565 16870 4503 5602 11059 14665 8048 16365 10758 2525
2980 18565 1752 1851 3986 8918 4874 11793 14038 7319 19826 7634 18877 15473 13372 13647 4731 11460 10653 14515 4684 15228 8751 5546 298 9859
13441 16503 11923 16958 849 10774 14826 19071 6879 2746 3036 4345 18906 19635 5299 3401 14873 16024 7309 17604 19316 12632 89 1583 4339 16189
894 2056 8017 4836 5555 11323 6776 6223 2668 9177 16395 19555 13870 18723 8530 12401 291 8191 1135 7139 772 14014 10396 6324 15844 1316
12374 19887 1598 548 12151 950 357 4058 9902 13713 4144 4095 12996 4826 13764 13800 19620 11859 10801 8048 13059 14436 16843 11028 15894 16176
12754 15140 12769 2320 18641 6026 12641 3701 14161 15418 521 13434 4080 8408 2985 16227 16880 7312 790 522 2900 14079 14587 2103 17347 15110
14523 8541 13506 17369 4500 9778 3678 7469 13392 3725 14921 14193 11523 2096 17875 4052 17956 19321 16978 9404 14727 11629 9317 19312 5884 12491
5149 11299 19149 4695 3873 8929 8087 14925 13993 2080 12885 12652 552 12222 6500 14489 4220 12057 1445 4811 5316 2092 18872 12086 8226 4571
6148 6347 134 18123 6682 6264 12015 18411 4701 8464 9537 15900 19134 9983 16572 8592 6151 16502 4096 10555 16809 12166 19253 15659 2095 1008
1753 15870 8100 5469 6198 3487 310 568 5430 6349 13350 2776 2484 8537 17371 4854 13785 3981 11678 19594 5712 14142 15131 11932 3392 15600
13256 7539 18084 9040 14167 16890 15864 5325 1144 15267 15257 14039 7171 2382 7736 11339 6339 524 764 26 3113 17837 14295 15026 14269 5355
19307 1597 18459 10667 1048 6034 8014 8803 16098 951 17252 6465 1309 12949 16328 14118 14159 11368 620 6611 14357 10953 8469 12268 11358 2132
11917 8823 17411 6808 1977 3347 1996 8022 18292 2323 570 6242 7456 12542 4426 18042 13526 7619 2827 12337 3130 13908 13519 16068 15022 9915
19333 14787 14871 17910 2672 16815 18247 18827 17703 5911 673 5802 18179 11253 9616 271 521 6486 18 8688 16536 658 6356 12858 498 7034
1232 15743 17596 14811 973 13550 10095 244 4342 13081 5517 12164 15977 10372 17674 19411 6868 107 3792 7173 5542 4817 6398 8438 3901 12044
9376 9589 2553 19677 18751 5380 16631 11466 909 5164 17079 7248 13311 11060 14962 8938 7055 14167 19255 17820 8410 2382 16156 7142 17440 11708
12409 3327 2888 13520 778 17073 15041 17400 12755 15491 9936 3215 19057 6860 19583 1292 4961 12418 11900 1400 2581 19949 9064 5909 4796 11353
16631 18471 16587 13618 3856 18200 12700 2870 7210 4822 7981 15825 19264 6702 6991 13105 4232 1337 18202 4524 14610 11358 12643 19502 7985 18611
15117 1383 12710 2823 13606 1972 5834 19733 373 17483 12166 8651 18988 8479 8663 15426 3592 18834 6223 14662 4270 15394 13599 12014 7144 8200
604 10919 13135 5855 3737 8424 8076 10117 8036 11792 3791 6049 3928 8599 3121 10426 1244 10270 15582 10302 11354 14301 1108 11135 15762 16301
11055 17303 16930 708 9898 12114 3572 4769 8433 3443 3341 5461 5467 14465 6091 17941 16077 12805 15320 5421 5431 11686 12553 10613 19840 18149
1256 15263 13372 11052 14650 8596 5239 11562 17578 5011 696 9579 8444 8351 12086 3133 16412 9693 445 11620 7093 7 18950 16737 697 11697
18638 11925 11458 4918 18692 2955 6529 7523 16966 5256 6331 6127 16397 19645 7553 4677 14349 8975 5231 7367 8311 15514 10762 4842 13915 2566
1586 1787 18112 12247 8192 618 2396 15748 3252 6690 5866 15151 7546 7749 1640 5194 9753 8172 11690 9214 1769 12263 12461 47 12429 9181
9365 6074 10827 17997 4283 15425 19634 13721 17221 8710 17227 3164 2309 19627 10974 154 13461 8606 14496 7807 10648 2621 398 5833 4232 10705
14057 6821 13472 9040 15258 10400 9705 9097 8593 16172 6890 11358 18622 14965 6710 17801 13275 13665 12607 6347 656 17000 4460 10767 6316 4111
1402 18812 5643 3000 6387 17945 15160 13699 7923 12615 108 10818 11247 3529 1531 7581 16321 17375 5453 14087 585 15380 11284 19553 19655 19264
11153 6370 5245 19002 7802 3665 9851 5090 11045 4832 15598 11266 11812 11858 14068 5093 13830 17936 14344 8165 14485 13159 18764 2449 17259 7350
13609 17719 7475 16089 512 2678 14870 10089 15593 16244 5560 1327 10324 1872 7330 6660 4033 4701 16442 11417 1804 14430 13561 19447 11763 12314
17007 9848 7873 16639 16905 11669 10672 19804 14575 13825 2712 17653 3391 17020 6239 5626 7698 12339 14601 7847 17568 1879 5157 1611 17284 14128
7158 7788 5125 15123 13392 16880 19129 892 13119 17577 12148 2189 14478 9892 13008 18534 8370 17127 3017 7971 10406 16391 18689 185 8936 2902
10568 16921 892 19984 9461 12696 326 6471 1159 4662 1081 5326 11468 18729 14074 8444 17369 19352 4481 8440 9372 14398 13230 14913 16228 2834
19931 4676 5426 17310 14084 1710 6384 11365 17462 8042 2504 2840 7811 12518 17132 9835 7119 3070 3044 17625 18285 11583 6548 12072 11913 8742
12711 3862 10095 6233 11146 8767 6350 7275 7711 16791 2029 2450 12839 19237 5605 4223 7646 2773 18763 2784 8033 3300 19416 7468 16397 10635
17722 12053 14417 330 11430 3907 12703 201 3358 18610 7953 18519 8222 16691 18845 16467 10482 12233 18631 19299 15418 17214 8489 10118 12411 3053
1695 14528 19775 6635 14322 4556 6962 12609 6386 2721 3607 14194 10603 13518 5860 16870 19698 15155 6209 7130 1748 19238 10962 17052 11346 19288
3859 5126 2803 7307 7738 8642 19402 1350 861 16063 14234 5418 8069 5967 10180 5226 17257 18584 15216 18085 9132 16944 15242 14538 14080 8103
5771 1387 11524 18697 2236 16672 17234 207 849 14192 1972 4529 11173 650 5515 4645 14631 8131 4288 18745 18194 1188 3430 8545 7140 18539
15299 16833 19855 8747 19126 19927 10776 15932 11118 16540 16523 16633 4754 10628 8384 1660 16772 5941 6500 7397 17315 1382 8900 18877 14512 12156
2048 16372 12960 15821 16734 13765 15300 11077 13137 4139 14618 1993 12099 19340 13741 350 3999 17967 12431 1217 3681 19761 1356 7653 15935 14555
1283 5757 19828 5638 14391 11113 15367 8435 10794 10109 9359 3510 10615 3883 7611 19370 17074 15122 10878 15921 18287 16274 1878 10643 7878 18375
6933 1594 11756 4205 18407 3906 2664 11818 9802 4384 11187 18247 3535 1618 19976 382 9833 17630 10281 5562 315 14873 3842 5837 17591 13941
9203 17272 10635 8517 11558 10014 16172 4410 11872 17861 2933 18214 1185 7221 574 16287 11487 7578 12997 4958 752 3543 5214 11594 6424 13427
14135 4034 19102 9514 14809 6894 292 12808 388 16338 12299 6422 8512 7848 12843 847 4359 12821 6940 7706 13874 11961 15868 15912 17434 12011
14670 793 9772 4397 827 3398 9823 884 4525 7032 6078 9422 9431 12278 5823 3520 3860 1045 7228 18267 11145 17648 2684 13810 16331 677
18339 19420 7205 12386 12271 6865 317 13410 8362 14183 19242 5247 4098 15224 9570 7821 11502 1549 15622 12630 17575 754 9484 6961 9125 8113
4466 15028 3003 1812 12291 6005 6874 18433 19033 19064 6133 11371 9085 11678 6907 3721 14913 14932 18210 15480 16170 429 4174 3154 1542 19291
8079 14328 2563 17634 16356 7675 1850 16076 509 7750 5855 4403 17973 1650 7717 7111 10698 3511 10069 7393 19053 18552 16243 17101 12638 6281
492 4323 14299 12778 10755 7550 6623 13045 4624 5650 9387 15418 14613 8802 11279 19973 17722 785 2648 3877 8298 12575 9064 5809 8515 4017
10739 11468 13350 9048 7819 12599 10165 5558 12804 14292 7082 18758 3353 929 8961 14954 17405 16580 9821 6208 10790 17533 15760 2520 1096 9365
5530 16103 5337 14520 17043 5695 11923 6472 1246 14439 8188 4494 13299 13695 13273 5357 16797 3442 5692 11902 3927 962 14528 321 13821 8202
4456 5351 11443 8 13341 8527 19838 5874 7761 5366 834 9582 18522 11504 9074 6463 3013 18505 598 18891 662 1313 14496 4904 6778 3494
4926 9795 10649 2551 4657 17793 17451 6379 17747 19176 4093 18527 10390 14587 17810 19672 10086 7470 10165 11652 10329 14165 611 7455 18232 1301
16169 18517 9642 7938 1192 11342 10432 14914 4488 19347 369 15954 5208 11315 7490 15040 8199 2299 13637 9049 9271 4248 5929 17402 7884 7654
10108 14928 2673 11502 12769 15718 12960 18545 3697 12498 990 14293 2740 7979 13046 4648 3355 1576 14300 1821 9651 4624 2379 1203 3400 6545
