365
36 22 73 21 46 91 35 49 33 81 55 2 44 56 52 58 20 44 4 0 76 13 19 11 90 89
13760 18528 11207 9480 9824 7571 17589 19771 6059 14700 903 10509 11969 8128 5227 10353 383 13976 8601 7723 18793 10780 14916 11296 12578 4966
4859 1513 15239 8820 7418 18019 13233 17611 10960 8663 18200 2459 14603 12486 10559 1757 7924 14899 8630 12078 11058 8045 3723 18917 17135 16710
9086 9741 5893 17335 3530 8652 7832 2261 19641 8881 7251 11636 16360 665 14639 3145 7722 459 284 11396 13039 10738 18551 19585 17630 11132
134 15583 19563 16483 1140 7543 18862 14488 8666 3794 10410 4879 6349 18068 5613 535 17854 10795 4172 19687 7884 11018 12786 12535 10252 19553
13055 14971 234 18603 7505 17943 14335 7049 11233 6936 11492 613 16375 8694 6885 5184 10970 18870 13123 9509 14506 15655 7400 5119 5823 609
8897 8110 11188 19140 14339 9103 14539 1109 6947 1802 19367 18020 8855 4746 7137 16314 8228 13143 5 11848 5715 8794 1735 340 10158 18357
12165 11292 9943 6459 18854 6403 15846 5245 2302 12424 8862 17665 3666 7583 9998 2415 11843 16296 2811 225 3240 5768 168 3225 2312 9817
12851 12845 18822 16977 8829 19633 7734 4475 13807 4098 14806 11279 6688 18172 2356 12650 15699 9194 8014 18671 17717 1283 29 15367 15590 10174
5815 14236 18229 15034 7703 3392 5008 9898 7911 5008 4682 2595 16700 11484 13830 256 12371 8080 11069 9741 13563 8549 19180 19657 3542 18853
1048 7612 15092 14550 5075 11576 4343 6888 2799 3685 15700 7869 3063 18568 11855 982 15963 8852 14758 7580 13351 6690 17724 5028 9248 19032
7021 15333 912 3626 833 13622 8844 17641 7241 18391 12509 6554 8034 12174 11744 17327 4728 14486 19201 14035 7802 15100 590 14082 5113 8194
16688 17144 12235 3690 4607 16595 6073 14164 17581 11672 5867 12962 3286 8387 5917 736 14137 10905 4267 14330 5143 10116 13683 13062 18292 3348
8574 1451 17819 9050 6470 3973 11739 4986 16680 12074 5982 1666 2431 475 17425 6750 4322 19726 2461 9799 15507 13240 6867 3869 18330 9592
16271 19184 12476 5248 15150 8385 18745 10257 9691 15269 14337 17087 18199 729 10536 11404 8507 17845 10984 18516 18102 14978 13638 3831 7804 9712
10626 16491 1784 350 19809 7281 17039 15898 10279 7890 19335 2757 2949 14439 6791 11683 19534 98 19920 3384 9363 910 18142 5503 13340 19938
12039 4626 12475 18699 18469 18639 7412 6572 9472 18585 5343 13583 2972 5510 7538 5120 14422 13614 1486 5612 2470 14824 13960 11931 13918 4281
11245 2787 8521 3938 3336 12812 2264 4202 4382 1191 11378 19594 7033 2142 2034 3042 19222 1987 2111 6128 15741 15316 16053 4494 12080 12737
848 8750 9983 12768 12855 5707 13637 14923 1588 7423 3637 7947 13172 14460 1663 18433 8341 4425 5303 11000 5369 17361 14675 4428 5799 5059
19122 16226 957 4509 16698 15551 18311 3261 3538 129 13495 3007 13262 8191 1766 9697 24 9951 5140 17185 5712 10265 6207 6718 9518 14933
12921 1559 18549 9375 1182 18409 11047 15174 5507 15219 18630 9170 10433 6146 11291 7626 9211 4433 1943 17185 14415 10107 15590 7511 18994 10940
17626 13383 5000 19501 18214 16851 19558 7702 18450 5387 15334 17837 4962 1270 19535 13516 696 11594 3626 7079 2764 19467 9098 5653 10032 2761
1415 13061 12041 17653 19616 15082 7789 19104 15485 5799 11581 17953 9261 2440 9369 6106 12382 13305 6293 16021 3657 7675 19688 332 12942 4795
12024 18966 18989 14234 267 3654 3629 5349 16277 14926 1786 5618 9912 2299 9350 2711 3840 18197 2251 10821 5815 11930 3921 1343 4803 16811
8438 1298 15802 12610 16880 15905 6230 1482 13976 10073 8931 15789 17349 5439 16851 11435 4164 4852 18205 7997 124 774 18998 4392 9053 15302
5063 6588 15029 734 12261 10174 5968 1293 2161 7742 11005 18974 1244 222 5263 1278 14411 11802 5250 17973 15685 3462 3917 6366 19583 10546
18624 14863 12055 17811 17104 9823 6104 12565 7594 19042 5128 9481 13084 6264 8029 13342 15380 7036 5739 2325 7734 3037 16844 7292 18528 4105
10372 14069 7032 161 11919 390 10304 13275 19202 18480 8932 10713 6970 17477 4128 10566 14562 13684 9996 19953 19630 1433 5578 19224 7908 19952
13627 2453 7721 14886 13757 392 1216 19733 10024 5810 8031 16597 17147 19185 10967 1508 6107 19050 5127 3914 2185 8952 17276 12967 8978 9472
15617 1172 3391 2517 16430 2412 9606 14944 6520 14851 14085 3936 4848 16303 11950 3293 2537 940 3406 4130 3711 530 7059 18330 19520 2616
11574 3115 18692 16558 4922 4364 17054 10958 14045 282 1525 18899 1237 16471 14246 4241 7533 5535 1041 18989 17120 12391 8665 10734 4486 5255
9486 4921 19930 9897 2923 3914 13076 11321 10319 19376 17385 18512 16880 1940 6241 13273 2831 4010 508 5457 4339 3830 1705 17009 3477 5738
2214 1851 19120 1959 17055 18495 864 5024 10977 17002 17687 10238 14682 4716 4299 12307 18942 17524 115 7732 15703 866 1125 19180 17422 4841
7233 19587 5253 9171 7311 18128 18531 11263 13626 13483 5232 16272 16626 14194 17718 12919 6781 4291 9365 6573 10597 11502 17872 12165 19602 17351
934 2767 13750 4467 2495 19843 12117 4607 6859 4509 12117 1748 14438 2808 11606 14058 5778 676 7460 11843 19468 14802 16013 17646 12773 6732
19241 15372 8809 18326 9267 1127 6613 11017 15020 18756 11036 16887 9492 12314 9774 104 17333 18947 13525 18327 12966 16763 7840 5332 9394 14541
14320 17118 11514 55 12408 7819 4452 2395 18031 19072 675 12906 12258 18468 11062 19366 9295 16448 7391 13835 15988 6119 14015 12266 15933 4259
17826 12355 15588 14766 6361 4966 9650 15277 13165 17889 1559 1208 3228 2987 3628 16529 8257 17237 9581 16884 3230 12588 5305 1784 12432 293
7674 19649 8435 1668 6081 12664 14384 208 17326 18207 17840 3343 19432 6509 2074 14708 5760 5718 19209 14779 15694 12704 5574 11269 18621 12055
18889 3003 2369 4742 8140 14829 5936 2217 6468 2184 9792 11607 3278 15638 7305 6259 1042 9637 8084 11362 18523 9462 8671 14110 2830 18104
11024 16226 1938 6366 2623 13412 2189 5391 19699 4187 6733 7337 10121 9913 18481 8738 4342 9682 7602 19898 6774 9453 7433 15115 10393 14484
14025 10185 19718 3621 19198 7708 6091 11988 10985 6901 19476 11773 16414 10178 11215 15846 16321 1570 15067 17779 2249 15587 14737 19020 18258 9993
13077 18510 15669 2276 7164 19474 16691 14365 9035 10914 14258 15122 4993 2626 15922 18949 8450 12413 17216 13516 8006 13657 32 11107 9798 5093
7151 4607 18131 3311 12843 4655 7395 5451 5324 16426 2817 14422 11099 13271 5833 10784 19828 16082 11070 13776 15382 11677 16796 7878 5381 8627
36 3616 12988 3925 14612 3769 15057 13764 17543 17585 7399 14809 2941 9782 3513 4047 5765 1726 12888 9016 4594 10111 6486 15868 7568 15525
427 10572 6936 6722 6211 17943 12326 12500 18763 7246 12011 18562 17207 2464 14503 13256 11924 4997 6349 9982 14832 5231 7531 5931 15736 15066
16859 6898 16521 10391 13917 18938 14040 10818 807 11198 675 14852 15634 4063 16166 5771 15827 16251 9298 14101 7374 19176 18985 9145 15428 9285
1978 7996 3273 17345 15096 6294 12122 15331 5772 9090 18400 2577 5655 2358 13463 16011 12997 5940 15414 9851 6935 8081 5718 15945 1324 3859
245 9215 7869 15658 11156 4108 4390 15349 14124 2325 7285 9167 12222 16019 12802 12151 197 8470 5349 14670 16066 15498 7798 18385 15692 19265
4947 19236 18679 15474 9602 988 10943 10842 17664 5847 14642 14414 2946 6162 7878 12312 1038 3388 9722 6848 7890 17272 10966 2757 15004 12081
16928 5819 8953 7695 13001 4333 8076 19618 16772 17722 13459 19799 6734 14870 8851 13820 19804 1789 15993 7433 17533 9277 15097 6857 5056 10149
17814 18001 4463 8033 18192 6865 10456 4619 2327 9440 8262 5780 10701 7564 663 9547 4442 16429 852 13031 17543 17331 16262 19325 12026 8447
11548 17499 15643 225 6453 10229 8746 7758 17384 10243 3248 9400 13826 6389 9359 11742 12536 15661 16680 12866 12444 8435 10685 11154 13718 4350
18377 5817 10485 15381 2999 15472 6740 15564 12724 10290 14098 8282 3863 14246 11404 10601 13955 14669 18199 16822 10301 3159 4670 4668 6497 10901
10486 5891 5198 7069 4405 6346 18271 2047 17088 10385 7067 7779 2600 7594 10441 17215 8409 8128 6807 7364 3846 7140 9373 4493 12220 2407
3935 3510 1265 17090 9091 16931 7834 14061 2342 18165 6917 363 17077 17915 13084 237 13258 9430 15347 4789 1697 1030 2093 5864 4161 8944
5452 7968 3850 4430 13334 11792 843 4272 8778 4178 8338 18512 3674 19399 2311 2210 4575 11832 18988 9217 17848 16924 18242 8640 4925 4204
18242 18225 2656 38 13082 16702 5060 10485 19172 14868 9539 4897 1825 14225 2711 7905 11194 16730 11524 10479 16224 1827 8487 8934 16951 18923
8393 14113 14655 1426 8869 12661 3893 16380 11371 3658 6409 10378 6666 15053 4020 17087 9718 6188 9913 13461 14605 11912 13641 9147 1015 4322
6071 5137 1444 11251 4779 4526 18327 8731 4876 12468 5733 9760 18492 266 18294 9730 16185 15973 5630 182 19042 2405 9512 11871 6792 13144
75 6685 13446 16425 4586 17003 18336 15660 1922 9023 7396 10339 1922 14534 12613 16469 6499 9683 13797 17971 15025 16184 14937 4830 8261 18524
18792 16111 8912 12592 19260 7307 13150 9218 18334 7199 4585 5327 2854 18559 6399 12260 2246 5273 1695 10357 1980 1168 3149 10971 9024 7989
9944 19390 17248 2073 1734 12943 11870 2246 17646 4944 17227 13709 14332 6820 8224 14551 10099 15601 11555 16593 1374 1678 66 17151 14827 4054
15574 19671 3087 10045 12293 11100 8292 4686 145 18796 10623 19239 4958 4828 5236 5388 11787 14049 10078 15401 4382 11495 5403 496 11442 14875
19586 1403 9201 2589 10223 13343 6555 14432 5369 5186 812 1555 4770 9655 1719 6542 19868 11819 7222 6433 2455 11366 4945 15397 18019 16793
16957 2554 18872 16606 9485 15920 12181 4441 16465 19207 12651 3356 19898 13472 18562 6867 14291 5459 14721 6371 14165 4269 16726 972 13831 6377
19213 10559 452 819 15358 11780 18434 4077 7307 18776 5523 3341 6201 13797 11634 14740 437 1895 8233 13933 11065 13422 3370 11634 6727 400
4616 11074 17002 10286 12282 5515 4115 3149 18017 19700 8846 7833 11875 8238 19734 17384 12057 13976 4156 7759 1395 9279 14341 6835 15382 16482
18482 6559 10890 234 801 16646 1020 7002 9474 5084 92 10890 1047 15451 9367 4074 9965 6604 2399 13031 943 14428 2741 12635 7963 8850
9924 4683 3767 8643 18897 4059 18035 9409 4229 15350 14975 17366 18903 17435 14527 18795 1239 3834 15413 346 10362 15274 12966 8671 8225 11696
6780 7868 438 18234 6571 11679 19112 18959 11027 19241 4298 14416 11386 670 10498 17416 8337 13284 6634 10887 13298 10861 15085 10900 12141 6869
1082 11260 15007 6317 13093 4694 2203 7386 14575 11675 15990 15002 5656 1539 116 6332 9005 14627 19488 548 7561 11129 8229 16523 2909 7384
9883 11652 17109 17018 10572 14003 181 7948 13299 19493 12785 1330 14014 1295 179 18759 1591 5514 12982 2675 9953 1590 1189 6563 11994 14731
2603 9522 11160 12522 10481 17612 19366 19240 15303 4053 10046 9813 8700 5926 3738 11442 9777 18257 6813 17739 14407 17312 1260 4090 17897 3549
10993 14952 1042 2839 12057 15071 12751 18532 18616 4782 1236 17646 18793 12369 1798 4433 17137 422 12459 3470 16717 17172 3982 219 8492 10400
12273 4114 5057 17223 16666 16874 12333 1131 12803 11657 12342 5375 10360 8119 2011 7227 19696 10733 19878 15282 16554 6337 16434 10602 989 4911
7546 9964 4703 13852 9627 2304 8789 13121 1267 3589 12947 18025 15112 16928 3873 945 2522 5611 12345 6089 6964 167 3508 18064 7656 8815
16761 4592 13845 1767 19560 7174 15539 1004 8757 2065 3012 3519 13572 1804 2997 13382 6330 9435 7993 16898 1644 15162 7877 5246 10656 14643
15582 4065 6093 11736 18944 8566 2920 5120 7237 6870 7441 9431 2348 8702 6886 12030 8278 12372 14065 17600 3321 16175 1603 261 4971 11233
13783 13338 1070 7353 19379 11909 18067 3591 6083 10133 15859 9638 2843 17872 5639 1334 19189 19087 6666 19529 19656 16438 3672 8854 7016 8013
11702 3477 13461 15849 18012 6171 10703 1601 19659 7392 10540 19567 9438 12681 194 2984 16665 10920 18035 4654 14256 12525 3071 4112 18940 14171
14806 4886 9688 10343 2946 4111 2070 4849 16394 14974 14457 3014 14138 17790 16423 12244 6156 2156 10151 19844 10461 3611 983 5223 14654 6656
8545 1480 16096 6923 18292 5015 12225 6519 3762 10538 10931 557 10200 10301 11317 13367 1386 16903 13168 9597 5067 10524 11747 14115 17402 19276
9981 12379 2211 13505 2489 10217 19694 2742 10675 18247 15639 13188 13883 3257 19361 17047 8352 11896 5124 18815 1026 4566 12166 17665 3307 8949
13575 19014 7479 17327 5226 3944 1951 3479 9203 13517 13755 2538 18936 947 18465 15851 17504 13134 10704 9574 13203 10246 10345 4751 11148 15849
10101 3128 432 10559 17420 19441 4847 11094 18965 10820 4498 13415 1146 8851 12408 3660 9667 17421 19961 9215 219 14374 15760 18436 14514 6018
6614 19891 7390 18475 19316 11053 14455 2049 5008 16502 3628 1308 3554 14 375 7464 703 13382 13820 13453 15199 11469 4364 8783 10053 16439
2081 6564 10694 6680 8828 4032 19489 765 5109 6674 3654 11821 16047 16800 7351 14646 13899 11396 18353 4197 88 17154 1479 12745 12823 12949
7170 4578 19102 16374 1988 316 10655 8615 1633 1037 3327 18240 2927 9827 11904 14740 1696 19848 12869 11587 89 12195 6114 11807 3300 19426
13300 16707 19296 3522 16108 3284 16490 6260 19490 7389 8621 4371 16462 12888 14408 10420 9595 19576 2766 2768 10458 14106 6678 4723 14939 11322
13450 2838 8162 5915 18002 8894 13570 12628 2472 17091 7102 9299 15317 4790 13237 9402 6034 8420 4219 2373 9308 11790 12693 3505 12853 13658
8067 4927 7740 9005 15907 9656 7216 8640 18959 19729 17028 19730 16911 8059 1828 16632 18005 16561 596 4890 6184 15421 8547 13462 15430 15321
4825 7718 11253 13747 16346 12303 1826 15084 12293 1896 13615 8184 3167 12978 500 1671 18602 16958 6199 16988 9250 9739 7581 18356 14035 5800
13189 19136 9731 7466 15708 7611 3855 12372 12478 8132 4766 15479 15714 14648 16915 13610 17167 11947 13077 4726 12254 12830 1487 18779 10439 3108
5829 19909 17159 7380 12687 13310 3269 12689 4049 5749 3331 13486 18411 2569 8251 7226 4776 51 17371 6083 11438 794 16100 3824 6280 3399
10948 170 15046 13995 899 13683 18948 19712 3698 17942 5851 36 2503 8587 10660 9976 9142 5710 9043 7610 826 14960 6507 14924 10175 17605
13834 18894 18479 18474 17102 14030 12436 3141 13467 16956 4363 12418 9632 10522 9349 19051 12809 13081 10450 341 4978 3258 7512 9244 11083 4911
2939 4247 14036 6941 12744 10936 1485 9169 5308 4122 3428 17904 16215 15900 9288 2859 14984 8986 18964 2129 9883 13729 15245 559 7492 13646
13235 13998 6842 11717 15970 9734 17625 15677 18316 5253 18853 17230 7886 9791 9012 11609 17056 11816 5444 13343 1200 11830 982 12144 12678 16681
9745 6945 8216 2081 2761 14019 9240 7947 5682 12275 13745 6032 640 9780 5867 7760 7087 5476 12066 10277 17860 7803 19427 3587 5786 16340
2611 18082 19932 18078 15353 19752 5401 14631 5346 10207 8857 5548 10507 3045 11777 19430 9889 9324 144 13222 15672 4919 16656 17634 5954 9127
16201 11963 9225 3760 17931 36 6872 19310 5537 851 5909 4555 16377 10767 377 3214 19478 15822 16963 15982 9718 4157 8267 13952 9682 4041
12519 1390 14764 10971 6699 2568 2742 11076 15862 16413 16140 11085 9341 9897 8807 8773 7022 1718 3109 9916 10489 10629 17762 15198 4946 15818
10606 320 12147 3576 194 3250 5705 19325 9132 9948 1960 1201 13176 19405 15354 16671 14044 6721 17009 11075 5554 15669 19792 19728 1253 9394
4927 3325 4872 15236 14511 9061 682 18323 11549 10825 17696 7301 18348 3149 13200 3671 14374 8151 3209 18404 4763 18267 19991 10469 1632 6363
766 16997 484 17772 7138 19915 5279 17169 13817 4508 13263 6147 11491 16963 432 15852 13983 16698 5386 426 10699 12806 10734 11799 12280 3962
5512 17929 3435 11766 13914 16704 18552 17040 18502 4285 7842 1196 16772 8711 15850 6947 9999 791 6638 15036 639 3759 7136 18747 288 13742
5616 14274 17309 9469 13217 19468 15646 3671 244 15658 7916 11595 3478 7828 10271 2368 3797 18261 19768 2954 8466 11490 16037 10686 1258 6048
18482 19385 11345 6261 13114 12299 11987 1920 8329 11133 18122 18850 19888 12200 14209 14859 4509 10625 3545 17026 11599 5078 5972 2144 4066 11481
9727 3709 1504 7978 5066 1701 15336 16206 10480 14525 2750 8069 18292 13731 4320 11457 14967 6480 3726 6215 13543 13565 7325 2727 14490 9073
18230 4989 7482 18980 8034 18789 14484 11397 7610 19393 13364 17130 12569 3217 8769 13184 4169 14485 497 9466 17390 6499 4278 10062 14701 13066
6384 18010 6182 12218 16810 10930 12677 11446 5652 14284 12332 1394 9916 6006 1032 17687 4274 6849 14904 10395 11192 2647 8447 14149 7673 133
5656 15073 830 2703 4558 3809 17801 750 15520 13904 3654 3652 5412 5690 6644 18179 7607 18447 13905 18859 4529 19395 13764 17958 14856 74
6431 9982 2110 15133 690 7214 18819 19952 11 1371 13840 13019 6902 13557 15730 8577 13754 7066 11588 16231 7160 5375 4895 19124 3376 13025
16389 10310 1997 1064 14313 12048 1534 7440 13656 1369 19589 5535 4473 7202 10772 8303 10947 15344 12370 15212 4304 997 15384 11055 7089 15473
4556 15192 15585 5075 10479 12405 7941 1399 13376 7117 16451 3317 9935 6894 18829 4921 7061 7835 16682 14065 5145 7977 9772 10853 11908 4989
9284 11610 6728 1675 661 6254 13335 11955 13839 2779 251 10293 3601 7336 14551 6585 6682 2655 16705 7027 3589 8834 13170 12867 14866 3160
4787 16871 11448 16074 15919 8486 18549 11756 5559 17361 13778 10835 7653 5684 2905 12331 154 15427 15267 2213 8371 12548 2456 13106 5618 4012
1324 17990 18847 4451 7007 9296 11230 1845 2662 6356 11349 2725 10434 14209 3717 3669 10187 2277 9277 6487 16697 9625 8684 11146 18150 1173
14795 15294 8625 792 19964 4896 1274 7077 8501 5356 15670 12768 19681 7647 939 11478 8888 19777 9429 13105 14386 19516 776 4987 14062 1987
14688 17507 19410 6057 13957 3338 19611 5223 2746 7407 3393 1171 15359 12557 5907 13684 4433 12827 12117 3982 12341 5455 8927 12931 13547 18897
4346 10673 2601 11484 9995 10089 3978 7184 15085 2629 387 17897 17684 8859 12657 12561 16105 164 7877 7038 6522 3815 1125 1767 12131 19050
14335 18073 15928 7082 7839 1455 4371 2300 19908 6311 6954 17493 9880 18650 7120 14331 14280 1186 14853 13889 6900 15266 10091 6732 10989 14347
10766 16530 1092 16571 6333 11838 1610 4357 6859 17310 6185 3035 9234 658 15008 9900 6984 14123 6997 4698 3604 6089 16295 16443 1153 12406
9271 13103 3988 18834 3377 1365 8394 4273 15114 15152 12906 4394 12043 18990 1692 19556 12449 5113 3514 5915 18997 19962 12397 17628 1234 4312
12648 11944 13587 10235 1210 9211 15941 13248 6985 6832 1221 14822 18754 12390 17154 11193 10418 13337 8360 11133 8923 5539 2774 4874 8546 8570
18856 7436 3270 8893 16567 1722 19162 12502 5805 9477 12707 15838 16650 8898 18086 15067 7045 12821 15740 6395 10596 11929 16537 9626 12316 13955
8899 2761 7278 10343 6742 5986 8841 13423 11065 19974 15675 15652 25 13366 1012 8685 8265 4494 2989 18548 15809 9239 696 8731 19766 12806
11650 10330 3518 14236 12546 5899 2011 771 19448 9636 16540 1952 3244 10666 788 8055 4293 623 4356 7542 17462 7670 12609 17908 11619 9906
7108 8527 2671 4060 16522 10316 4174 11588 6766 6028 19916 14949 15064 6921 1644 8286 10395 3524 2065 18595 4832 1350 4080 5794 2521 5061
10659 820 18186 18290 18206 13663 18188 12383 17033 14892 8359 15843 3327 14997 13171 9243 8724 2956 15924 4419 7529 18456 7960 13735 19199 18664
12899 10061 6846 17178 8259 17058 16886 9671 16286 3754 8448 18609 5394 12635 13950 2145 4389 5665 7644 1273 17246 16695 1190 3243 10632 17303
13139 7619 19237 14581 12617 13161 3658 15319 6489 15927 152 7666 5110 7279 5776 5726 7348 5404 15073 1195 18033 8204 11753 6690 18863 5582
12085 1933 3986 6729 13795 4132 296 12458 15769 531 10085 16762 7489 12545 5531 12410 16724 9288 1605 6223 18138 49 18506 18765 6523 9327
8908 9924 9585 14685 17842 9805 12251 19514 13959 19470 14154 6290 15527 15196 13309 11220 7016 3062 3280 1292 5362 17568 364 9839 14934 15992
16935 18197 428 17286 7563 6543 17120 7064 9071 12630 16260 8767 18434 12813 2129 5016 7233 5429 13471 14664 12119 10105 7169 11052 8472 16511
8835 9604 17704 10950 11339 559 13278 4385 13914 3563 12864 11942 18369 15130 5618 19656 4221 19961 9568 13090 3021 16170 9729 8614 19139 4679
17828 143 18229 15808 19075 16304 13459 9681 10347 12944 11760 13976 7507 2693 10970 2826 11579 14473 3810 13700 8799 19268 14500 8390 4843 10005
18714 3094 12577 17136 14991 17152 2256 1146 10585 14452 18401 8476 14784 3738 953 10841 5577 8646 10648 16741 7106 16914 11869 8889 16090 17681
13016 18515 5036 18972 7569 5443 9654 8364 14958 11469 6282 17323 13937 7318 3689 16986 91 13572 13133 19798 2904 4606 2363 14447 385 730
1784 6337 12156 9137 722 8917 19225 17169 17790 7258 12862 8501 5932 18557 16347 3111 13718 12392 3596 4808 5558 12302 19017 16057 15145 12236
9765 15859 16785 3117 14074 660 8572 3108 7829 5784 17677 10928 11749 3350 8786 13167 17174 19671 12404 14056 2666 5912 7539 1956 17519 17368
18819 770 6868 18089 2388 19167 17727 1032 16758 12248 11047 11039 1650 2218 14730 15849 6400 10211 13066 18057 28 16776 592 2215 1555 8127
10513 4650 17152 17071 14997 3405 19737 8733 3636 17941 1184 17590 15585 3551 9323 13483 18684 2242 10805 11717 13078 9008 11503 14065 11897 4238
17510 18529 15335 8840 1942 4696 16428 18494 10750 18392 19550 7689 2461 6092 6729 11544 1137 2689 3099 9507 5356 15279 2813 8568 15618 12172
4446 15852 4585 8761 2948 3415 7497 15111 12471 10240 16811 1201 7586 3922 18349 8910 9600 5105 5435 4382 17789 19876 2446 6407 3861 5178
18551 13870 15076 3461 8080 5471 17393 18889 15700 16247 11769 9974 17770 2940 12866 7412 19984 174 3081 9713 588 9963 12153 7075 6625 2661
5091 10079 15530 6085 19133 1254 16936 18917 7578 7553 1407 9152 2559 9485 4742 348 3889 6407 19718 1321 12997 3941 12341 18664 5594 14863
378 6862 15975 16065 17749 8675 4852 2269 14939 19254 9081 13913 13913 5332 9634 7943 5165 2414 3591 14923 8644 3431 18703 13841 8163 8399
6982 13006 1344 15406 4975 19438 16255 285 7177 6385 14417 18978 18575 15434 19300 11343 898 16211 11959 17033 7669 18352 19228 1681 254 1485
15703 17636 18345 14248 7584 3371 19183 6156 3265 15308 9467 14535 13366 1664 4910 1500 12101 11351 10124 14639 10402 13326 17470 14466 3643 7583
19202 8245 18680 9654 1456 13186 3327 17971 15992 760 10312 10218 4549 17228 1179 18566 11024 12852 10089 12066 13805 17886 12082 7450 18125 2464
14416 4337 8649 12583 17935 4004 10432 16290 3759 5460 10062 5215 14869 1182 10632 825 19091 8247 1595 8740 13407 17213 2697 14366 6233 10274
9722 733 95 16521 12965 14815 17265 11606 6609 1178 5738 9677 3742 2741 10055 19581 2600 2286 16329 15567 18238 8497 8699 4196 3553 8830
15262 13317 12540 9075 15390 2776 8064 19378 956 5552 8932 17431 10284 14851 11953 7041 481 17312 16675 9108 1456 1310 11954 13541 14048 3196
4126 2969 5641 5251 15669 1512 2964 8681 19441 3993 19066 3315 16125 16020 1952 4878 10731 10612 16384 9011 2505 4779 5636 15565 3294 4075
7709 16730 813 431 8824 19419 8984 15609 18143 18601 15957 3170 796 17493 15974 8090 2407 11539 6414 9376 797 11065 10116 2008 6922 17294
15356 15403 12599 6239 16113 7452 9296 2395 1825 2539 6947 15746 8016 37 4821 7802 19709 2282 9998 9992 4152 16361 641 2059 1190 9388
19794 10713 16074 18548 17425 6640 9555 4667 6120 17528 6265 4430 1069 10731 13836 19686 5346 3824 10957 67 14101 7139 3449 1091 15672 15257
6106 711 17784 18693 325 12087 5722 638 1446 17687 11068 18471 1605 7885 1888 14492 8111 10571 11990 17323 16415 17582 4779 1173 2816 1153
1247 11585 997 2304 563 4293 5984 8374 14863 10960 4582 11890 18271 4156 1657 11167 12394 13291 6661 10813 13677 1573 2310 16966 19541 18531
5631 15690 6149 19141 18087 9233 10616 18336 19894 17705 10814 13044 15073 14801 6561 18763 385 10835 10415 12803 19242 11368 8930 330 5722 18366
5899 9484 6701 1575 13053 13057 5112 5692 5187 8163 2110 19325 11312 10448 1471 1539 15180 8992 19571 15236 4536 11763 5093 12605 4975 13559
2270 13398 7658 4301 5749 6879 2561 19947 709 6592 3608 14136 16392 2459 271 5117 7739 10578 11222 13288 10374 12161 8750 14134 4459 11173
16207 14678 7846 16137 7586 8038 3424 9765 6660 11767 8259 7914 19346 6160 11910 12025 9892 4881 3657 2869 6920 9306 13666 9904 9614 11652
15076 19397 16581 12627 19343 16603 5223 14094 11042 7840 4923 12508 9822 10931 17303 11284 17166 18078 1682 5991 1934 16441 12887 1040 15014 11491
1931 655 12463 2588 15663 16466 237 9719 15030 13116 8332 14919 11568 12825 4608 1595 9795 563 14006 2644 9222 8154 5885 9121 8595 2646
3162 3758 105 13111 3741 1329 9737 12412 15120 13341 10977 18412 4922 9965 14261 5603 12373 2401 9547 12986 3701 2156 1201 3623 17505 13185
1272 5946 2584 4181 6928 14518 16358 14251 4778 15526 9086 18402 13044 19851 3172 7861 13587 13569 9181 8404 14182 19563 269 4386 1904 1647
4006 18442 1325 12822 3639 2723 13896 16928 15928 11284 19766 17334 10535 16580 2106 2360 19983 9192 14924 14412 3475 17340 17060 12669 19267 18114
12776 10841 17571 1892 11023 14531 7974 14316 16064 16588 13919 13544 19530 17337 6611 11471 10860 423 15858 18721 18457 16496 19670 10381 18820 4436
19265 2051 1648 7509 19195 5967 8944 17823 180 11484 15532 10200 16589 4795 7100 13587 13940 13558 19028 1725 1804 3875 9479 12918 17947 6834
14871 2165 4983 12120 1867 6628 8065 19870 5375 5708 3958 7291 1603 383 1206 7512 16299 6096 17967 886 13180 3269 19198 7853 5240 2230
8250 6422 1875 11340 3876 4756 17024 9460 12228 19917 10035 16588 11546 8847 9850 6649 11169 15129 4192 13690 18705 4365 2459 9981 8914 6048
3798 15851 4318 4892 7771 11750 19934 8463 19298 3288 15499 5208 14520 4204 704 4474 12215 3781 3085 10399 4375 18919 16483 9158 5399 1119
6387 16719 9703 2377 18754 9743 18636 15254 17272 15985 10446 7230 397 5205 2605 4222 16722 12891 16712 16989 573 11386 15987 2391 9827 16086
15659 16098 16946 4329 11266 803 11929 10932 16677 14668 4113 11786 400 73 5467 323 12 7000 13862 4132 6513 9106 18462 16870 7560 11163
5722 880 10968 3274 14482 1028 3464 2494 14778 11750 1838 4303 10147 272 11779 10470 17765 17568 6860 10903 16590 14315 17078 16897 2260 6658
17244 1492 2991 13919 4865 3570 11455 4737 10453 844 3578 17526 7851 12245 16520 11249 14687 13208 8621 3771 15971 7380 11537 19199 1297 454
19612 11550 17229 4756 6257 13042 4291 11423 3297 19343 2789 9554 16289 15753 13992 2130 16129 17799 19896 13165 13344 5773 6117 11039 7915 4326
2036 3009 9889 18352 6999 2146 15398 15469 13827 992 7653 8135 15203 1891 5005 5806 2735 6395 15132 4646 7303 7058 2362 1843 18109 9891
864 11999 12586 15466 2961 19619 15735 8734 1045 17224 15287 12454 17662 14375 11668 16847 15836 6387 15665 4964 9425 2767 8493 12102 8785 9060
3082 1859 12185 1082 6101 7719 13194 14076 18885 387 4633 4522 6070 19225 15154 18169 10122 19637 10162 14988 4576 13974 9752 11861 10372 1969
1161 14835 4318 8524 18594 18383 4773 14648 5015 2224 13921 14933 18644 9978 16754 10361 10850 16280 4057 13916 9396 8881 11032 14985 9126 15111
4327 1098 4418 11550 2879 6238 17863 4990 18891 3728 8889 8730 10325 3990 17047 4516 2961 7751 5493 13069 18477 11450 13021 6022 5313 15714
645 1460 5292 13127 15622 6561 10137 3987 1806 1093 15401 339 18098 16411 8291 17816 9937 6032 11100 4282 9971 3252 8199 17235 1418 16979
2758 6756 10906 13442 6622 440 19601 3249 2769 8448 14287 17981 9460 16136 10168 2581 13600 17381 1939 15580 4857 8063 19190 8129 899 6097
12517 17072 11340 5765 11113 11294 10625 1695 8606 7173 10364 15270 666 10017 5531 17992 18931 11448 3123 12275 13475 17527 7914 611 10011 13909
18267 15432 3281 3183 33 15478 19418 16397 2558 16561 4857 19097 206 1535 3861 11785 16113 10595 7399 17123 18995 19685 5613 919 15446 7736
12439 1994 3071 4303 12822 19846 3999 15043 7211 19905 4815 10191 15750 17433 7108 11337 3666 13853 16450 16176 14799 2685 3555 9768 16007 13234
2847 15549 4167 19532 7835 3378 12359 14261 940 5653 1404 9005 16095 2853 3350 5353 19873 801 9086 2029 7499 7617 11585 9328 1493 5189
16834 5578 9455 15428 7417 17691 12171 2351 1089 1468 16327 9877 14617 5479 14103 321 15987 10261 17455 622 5603 1465 16476 14981 4244 10535
4848 357 3917 19344 14080 10632 13341 10939 13976 508 17555 10311 18880 16243 6831 15914 14066 16851 10942 18884 13583 5192 9556 10689 8686 19731
2201 2665 5595 11797 7378 13254 4430 8858 17267 13875 9759 2194 19374 14030 17593 785 17559 17112 2373 5045 802 17344 8527 15730 16998 1833
10675 10224 16703 18924 2885 3075 10958 13056 16661 5513 10091 13087 9067 4550 3230 12512 8115 7215 10293 16875 16245 16413 13511 7001 12122 17787
19729 1291 7029 19189 15572 13906 1563 6966 11981 17820 18969 16896 9351 16158 4597 15388 5607 16274 212 4396 4253 1777 816 4203 5 19856
7260 3538 15747 12327 16058 18579 16604 14410 15660 19419 2465 19545 14682 1255 2914 9679 10858 13442 9304 3961 16628 1722 15724 13081 12750 309
12461 1001 15320 2731 12216 9915 15195 4832 4979 11637 2070 2849 17462 3168 4122 7782 18085 14465 15093 9614 2731 4525 10535 10539 12058 14387
9183 14198 7738 16424 11813 9761 17673 1203 15966 3061 19597 12025 16288 12722 14575 10874 10191 7059 7933 1402 18502 19662 4674 4328 8908 11370
1615 11327 15897 17928 17909 17368 6067 13477 10150 8512 6338 19167 18827 18516 15719 6141 18770 15667 14734 4236 16420 1507 15366 1136 14738 11280
3188 3873 3485 2200 3651 2886 13715 16379 14226 7900 1396 18934 15543 7103 5917 4860 451 6343 9363 11842 306 19501 6270 19921 15778 12131
9850 17183 15026 9255 11884 9737 6619 4649 6379 3062 4338 8236 11126 729 9841 2711 3491 787 7941 14503 1619 12179 2155 9941 5129 6297
10138 5290 4718 7864 3764 16009 19737 7459 14043 18111 6583 3908 17921 12324 11436 13708 7664 115 6243 17450 10406 8868 721 12802 11434 1162
17328 4003 16470 8892 2247 11328 13173 13029 5617 1828 2892 18354 376 1263 13832 4811 4674 17504 8009 5878 12380 17246 6105 4570 8936 13062
11585 665 5811 13930 16799 2168 9745 4781 629 5731 14877 11055 5612 13958 14435 1698 10061 15194 16766 15749 15716 16965 12894 5652 5512 13358
2484 7571 12823 16031 19573 11198 16249 18109 6297 15492 11535 18454 14001 178 10181 14989 15221 17871 14346 19066 16799 14858 4277 13120 3023 19979
5433 14961 14573 18639 9782 5948 13269 12878 16558 11853 14151 16705 16631 3778 13075 16797 6925 6172 2428 6632 8372 7213 3242 4352 14616 16952
378 77 18560 9136 1573 17781 18560 404 18846 7190 453 3883 16430 12100 3046 241 19380 752 9422 13548 17148 5616 17448 5450 195 11545
7977 19998 13712 9582 16538 5567 17338 3803 18334 14415 15853 6797 4524 10980 13225 3144 4053 14487 18424 18375 12216 2401 19844 14622 7796 9946
3712 5164 9774 3174 19528 15471 15301 11125 3865 11695 4712 8817 5806 19958 4518 15361 8086 18953 11768 19935 15557 18531 927 13144 15550 4660
9547 6735 7895 14922 7883 5022 16601 17573 18213 7187 16098 18375 11049 14632 5081 8676 19512 18795 4393 11605 4380 5807 19982 14238 6011 3959
3015 6626 19673 285 3330 9887 14453 10742 7866 8512 18969 12755 13805 16907 10992 18297 7252 12107 13698 16448 7439 17749 16113 1580 14373 3237
3771 8704 11058 11374 11954 10156 7900 19661 6496 17834 7647 19627 17628 18394 15297 16599 12751 6896 14151 2298 1096 9790 15189 7428 14962 10375
19634 1527 8640 4667 10037 10483 11545 8930 9703 2645 3287 1865 9947 6460 17628 3571 9487 2060 18086 557 14421 19877 11133 14000 6708 18758
6176 7175 6105 7852 11864 18205 11784 2114 10412 19924 6828 6716 11315 9420 9398 2385 4512 16687 2419 19294 11560 8919 17667 18081 7670 10344
15347 8080 7509 183 709 2061 8499 569 10142 15155 740 12164 14622 12716 4516 5540 13273 1265 11086 10978 19783 7780 3351 7735 1593 613
13760 4382 10133 3096 3361 7418 13806 12782 17447 13004 13946 8903 8538 9375 6745 17382 18411 6349 18696 15149 16108 2022 5778 11855 6099 16732
16545 18105 15278 18164 8463 4111 19828 16279 563 14714 2 5246 14981 1600 12091 6962 6934 12761 13197 19150 4219 1399 18129 19076 14271 13697
15509 5282 15559 541 13999 10382 11885 2951 11812 19859 15168 5755 18523 12068 6398 3697 676 6862 1628 49 16807 8013 13792 6278 14750 12465
8844 11673 5491 13123 14740 5062 16603 1007 4259 4261 6544 5500 13811 9936 927 12095 4510 9172 19344 18216 911 17165 12386 6573 1487 9048
9526 14506 13452 1573 9292 7638 19519 19577 1757 10984 15993 3139 8850 171 771 14552 3264 6845 6855 4583 498 19309 19121 5497 14358 4188
15615 13350 10512 7089 15746 7328 12240 2069 5273 13730 1495 15297 11811 15499 19807 13197 18619 3233 7179 15436 9266 2545 10924 6027 151 259
15262 190 7478 1823 17499 11901 17623 4121 3573 3652 1740 1120 4169 17195 16325 12751 14389 18866 12552 12214 12417 13080 17097 5712 195 6830
2435 3548 5124 248 8601 18442 3171 13016 9963 4906 8458 9869 15046 873 13377 5297 70 19675 12461 12069 6374 133 16550 19116 4411 19370
12102 9783 9592 10382 494 18703 13240 286 18259 12986 12778 7319 3071 8293 15044 18370 1684 7901 28 4746 14906 11006 19604 8889 12193 14843
6697 6303 18901 13177 12403 3702 12830 9327 11963 13227 7246 772 1817 5993 685 19835 3404 14787 2224 3553 9947 6792 8530 7123 6534 17067
13215 2644 531 8143 326 8311 8598 17100 3015 13702 2551 865 19939 4484 8086 5081 4795 10248 11797 18354 2543 13457 10996 3850 13925 15951
13253 8690 4821 17612 12897 17461 2789 7925 695 17322 5378 16972 9906 4861 18248 814 202 18486 19522 6316 6672 9717 6311 9490 4899 18674
8783 10505 10769 7665 6266 4786 19967 9794 19940 5898 16725 14999 1181 218 19345 1294 7475 9912 14362 16736 11861 9252 13460 9839 773 683
9619 9341 7791 12132 11277 5716 11633 14478 859 19239 4862 9790 1412 9210 9482 14953 18368 9448 12597 6542 16502 8775 11659 12802 9981 11922
18824 15546 15427 3900 17608 13273 12300 14920 3162 10644 1316 11406 1011 7229 3528 19224 2514 18299 16970 1228 14723 4262 8474 15922 5185 19208
14531 7113 8064 15159 4148 4891 15443 12673 18077 433 16822 6942 6917 15626 16941 17542 8570 14755 9336 15935 18493 18889 12255 12662 19706 11815
10546 16531 699 14031 365 19864 18397 5770 4322 10852 7550 7618 9362 15172 7010 6037 12283 16573 12589 15710 5062 1729 9140 1923 2798 5162
5882 9203 16433 18300 350 19430 5842 10399 17642 10895 14649 14164 11244 920 12150 15589 14418 8427 8637 3509 7366 833 14930 12068 6044 14313
13964 7079 10606 19616 2015 10985 15495 4132 4272 5105 9828 4183 7409 14744 9901 11316 5083 10120 7064 2596 5979 17326 13470 8396 7762 8270
6381 7308 17995 8423 14991 16832 14723 15403 15504 11577 14979 9543 11537 9486 6032 2164 88 15887 5939 6113 18099 1373 13260 960 12899 19706
112 4132 8536 7046 7168 19659 4059 9667 2029 15245 1322 19773 1771 13218 17682 758 7727 179 4203 6677 6527 3893 15973 15770 12515 14200
8767 6463 6036 12531 18481 19836 2158 9847 14858 10023 10957 3117 119 11742 13755 6491 16472 15451 9864 8336 19256 16409 12478 12544 5672 8925
16458 17862 10097 9675 16503 3852 18102 12557 16365 17390 18900 18367 4704 8549 18881 17901 14652 13715 14041 13068 1829 17609 12629 15195 15467 13910
13483 3931 10967 9459 5637 18355 19724 7768 18221 19169 3446 18552 18098 10009 8721 16972 8826 16511 6005 8287 9705 19191 14387 16096 3702 12933
13659 4763 10634 1840 2600 5008 1652 4702 18983 11979 15126 1736 13566 5102 7891 19569 16558 13574 2788 6403 7539 19652 9766 9813 1010 18528
2486 16592 4466 17285 3364 5038 17622 1096 3017 6968 6536 13712 15295 1160 6983 4872 2387 10552 16958 16443 914 14754 8664 14453 11133 8195
12817 5175 2103 17675 6056 906 3437 8710 11604 9916 5542 2520 1233 7241 11124 4633 13087 10844 5464 1401 11198 5114 228 11111 10588 11323
16831 13528 10649 16163 18392 16482 1610 18453 12975 3248 7766 6935 19841 7303 5433 17194 16673 14090 5037 4265 5861 19021 554 10669 7204 7077
11111 14505 3677 7762 19049 18611 14398 2125 1244 10792 10425 16007 8662 8267 12982 1839 1945 7609 740 18369 1955 13353 1566 10712 16170 6286
7605 1572 15828 16337 1369 9194 4845 15837 16983 371 19428 2430 15778 16078 19888 14554 16255 8644 4747 14674 8746 17142 3758 9104 10386 6458
19642 108 16431 81 8822 14934 12556 17289 5295 19176 11414 18220 8522 19078 7497 8055 19818 8116 12240 19218 15948 17251 1998 5182 16835 528
8006 1221 5721 7324 4275 15447 17898 16849 1528 5832 6521 13785 8627 15408 2940 11153 19870 16791 6186 12318 11294 8746 5481 6205 2429 17998
2150 7675 1111 14645 13833 7122 7216 17085 9777 18001 14906 13967 3872 12161 4456 18221 2323 3734 13786 1665 3938 3248 12496 11486 19243 16652
7858 10072 8161 13514 11299 81 3147 2701 14388 15851 3971 13211 17078 3939 17402 18442 19358 12845 17145 8376 3423 10206 5634 4979 397 2550
919 12404 4192 16679 18112 3529 4652 14823 713 1427 19537 8252 6251 1400 820 3186 9 3984 13513 9068 12259 19274 10528 16662 19005 19614
17363 19611 18741 9876 14945 9143 14678 14647 10997 2871 11629 14239 2112 15083 320 15197 6327 18412 917 1903 11042 4906 689 2702 10994 17100
9980 15871 2791 8085 3599 11067 4638 8795 5642 394 16960 763 6914 19752 16962 12534 3025 16080 11587 7848 18436 13327 13886 7255 17368 2156
16813 8106 4923 9827 9022 2215 18952 10633 9105 1508 14556 6483 18309 9607 8929 8791 10594 15578 17556 4903 14672 497 3512 3978 9370 5176
19457 11168 19515 14097 3415 14696 7390 352 9306 9597 6890 3144 10297 5218 14299 10520 2524 2025 19974 9663 13262 15181 5175 5690 7026 10133
2172 11802 11737 16645 16697 12097 16986 19436 7233 7617 18627 14778 1562 2923 12806 15185 19532 18429 9343 17324 9196 654 19307 12716 5411 5561
9756 13543 3122 6573 1095 1200 7638 652 8118 8270 13241 3349 8995 8937 211 1489 12879 17308 9949 18977 3407 1085 7603 1186 14808 14129
18234 15322 18998 14723 17657 2374 18492 816 14458 17272 7913 5930 18157 6302 2323 19441 18374 18983 15797 16996 9610 15245 17854 2592 18028 11878
15504 8918 15302 18067 246 7141 13724 8930 2760 19305 4953 17027 13949 18916 10621 15189 3405 10223 6326 7421 15916 6452 12620 9332 4607 10282
78 16461 9463 3594 1093 8653 5654 9351 15274 19079 19363 12817 12436 4189 13796 9860 1460 8539 16245 8019 1354 1029 4859 14211 16572 16645
19161 19141 11301 16134 1703 3634 751 6065 10927 10956 13561 19215 7185 1280 12686 15382 18771 3379 3377 10174 15679 18993 9469 8897 18682 3148
3076 16069 15416 4728 5596 11388 4344 16636 6560 16731 562 8207 14611 19083 12665 2350 9216 11011 7240 12911 18 3331 11127 14799 12461 12395
13313 15327 10651 3654 15985 16468 17790 4785 14127 1427 18340 19634 17748 10614 10766 17700 10139 11288 5917 17647 14762 6853 17210 12019 8768 2659
7590 3227 6658 9118 324 10215 9338 2073 3743 4161 2993 7278 11542 13451 13283 9759 6027 18964 13240 3158 17289 5040 361 8036 8554 11575
4284 11084 6063 4002 294 1225 146 19244 19196 17906 9488 16747 17443 12199 3345 6885 4815 19248 18030 10446 3224 18168 15086 19712 18521 12200
10273 15558 18669 2937 7180 2829 14411 12155 9011 18900 3395 6753 4380 16457 3714 8598 18088 1247 1264 11211 18973 14023 14269 19270 2866 12396
310 7670 10066 11521 18075 16328 11789 7624 3832 15378 15607 12497 12464 7854 9803 8359 7915 4528 8054 17204 5434 7048 15604 5293 4167 12823
7634 7610 835 15580 9264 16209 8626 9887 14412 4391 3988 10202 11157 15603 15190 14468 1212 8571 4690 4172 8338 13608 3389 9099 3792 18119
1159 3228 14951 1926 3731 2489 15421 17402 4294 14813 18747 14017 659 4239 279 10762 13494 8883 1782 12626 6166 15998 13853 4877 3458 15317
3241 13508 15660 5002 1718 14927 18719 18086 16099 14414 16332 18699 12234 4157 1641 14324 6168 16282 2813 11835 2473 4014 15826 4194 16079 7224
2403 8723 14496 16428 7169 19702 10638 14123 2467 5141 13177 2875 14007 19777 2094 12218 18194 12383 15791 341 7912 13012 7879 5633 7690 3868
18278 18878 2037 13609 14766 5144 8355 9768 17453 18500 16856 6366 19803 15682 8805 12408 19649 1202 17905 15689 18692 3281 18824 3541 2873 8564
5099 19400 11553 2156 6501 8352 8568 8670 6296 296 16235 5253 11349 283 3696 4651 8596 16729 1874 5155 8859 651 19826 19339 7510 15043
19126 2410 11310 16488 4426 10106 1511 16535 1921 2144 7513 15076 13163 17268 17165 9411 3545 4729 10597 1276 5600 10876 12637 16289 16768 193
6451 12304 13218 9404 19665 10616 6637 53 4022 423 16094 13833 11064 19384 11181 18225 101 15480 13451 14325 8254 12695 1886 14462 2685 14851
11901 6203 12768 14979 16068 174 5030 1740 12140 16454 12798 19278 12566 9583 12618 175 15286 11434 1407 15656 5171 16755 17648 11985 16680 13298
2917 14120 6413 16304 3725 9309 7128 1145 9137 6481 15875 2483 1531 8398 3291 16211 15636 17790 4823 7566 12523 14289 7951 2426 8837 11750
10680 14574 3804 1780 6275 5553 13877 9419 9054 12532 2649 1636 19557 10050 1252 15191 4016 2811 2722 19255 12943 12804 19990 10773 12671 13465
16668 11910 13057 17575 8519 1151 11239 993 9049 9026 16874 2351 16204 14107 3855 2084 9302 1699 16362 13435 12262 9135 5552 16091 9431 5038
6665 376 9764 10375 12395 16103 17247 12013 7312 12968 16813 14225 756 8422 8098 10523 8488 5087 14725 18157 16342 6805 11966 9008 17037 11593
2249 19624 4017 10614 18392 3147 2907 1570 524 18933 13025 3782 16643 51 12266 9780 10093 8326 7953 12773 19929 7123 4543 12352 4925 4766
3384 15644 14861 12933 7614 4492 14601 12313 10908 2392 14021 9389 12708 13109 16124 9570 17717 12830 13844 8682 12761 15904 12950 4844 7719 1826
2573 1531 17031 8760 3927 6935 13099 1268 17196 3695 17541 4899 16673 4562 16731 19674 7143 3483 7756 14812 2626 3273 5937 4802 12410 14950
13709 18602 12389 9367 7391 8187 11261 17047 10620 18356 2263 8199 11732 10901 9286 13301 14890 11923 995 225 4477 3829 13058 3103 11327 13840
19239 19924 5768 14517 16823 19241 15011 16086 19955 3818 14709 16931 3134 8915 16954 4387 13064 14292 3064 9656 14153 816 4757 8227 3361 12454
12294 15372 11663 19117 359 2908 5925 9288 11119 8126 5046 1424 9423 7281 16956 3046 18398 5810 5274 6632 3926 4897 15691 2900 5354 2759
7781 449 13034 4599 1663 6039 1609 11010 10194 7970 12680 5587 8257 15479 4777 9011 18680 18210 16247 5691 19805 9512 17454 8266 16763 9941
13858 9958 15619 5282 16187 15100 5955 952 5889 14831 4102 17777 13151 16083 9642 245 6642 11210 1560 2276 15287 16567 4861 13786 13072 9651
14848 13936 7555 6678 2347 19794 105 9813 5775 12258 11036 4448 4630 8538 11450 17028 1826 5274 10824 5127 2389 271 18919 4629 19565 15761
3035 9020 19981 14048 7220 7594 2672 7857 11459 3424 10588 18933 9590 3216 2541 1611 12339 9926 18231 7943 12236 1089 19204 10108 16098 8121
9577 3992 14292 4135 12806 453 10976 1173 5043 5923 17948 6364 19432 1223 15646 654 5879 7239 1484 18965 2894 8620 10591 2751 18858 7044
2372 19630 14324 15669 11748 16971 4724 13656 6025 13755 3046 17951 17741 17754 12723 16886 1021 10111 13091 19461 13431 2297 17768 9932 211 17670
2271 3920 19210 14207 10018 1152 18022 1731 2381 16777 614 12858 4769 11075 9808 10336 7927 9240 11219 3659 18636 299 16693 10222 1876 4830
9841 15805 15599 5609 15872 3889 8188 3944 19639 11111 12064 15530 17820 6997 10093 15124 18240 11594 16558 1295 18870 7362 8215 2159 2045 1049
10639 8940 18987 8882 780 6729 15049 5701 16596 19086 4087 12068 2088 6303 5342 9544 4242 13088 4770 12540 12966 18302 6908 1865 8829 5330
15727 16603 2456 10950 11750 11138 18211 12581 3058 16684 3669 5377 16024 2449 3956 6178 16733 19131 16707 14413 8837 11231 13670 12584 4271 16740
11909 15187 9807 10958 6606 1346 15740 10587 2550 15119 953 18909 15388 13286 19119 1330 1620 15756 2814 13946 7494 6919 17851 8174 17181 7070
16633 4834 10735 2382 14624 7041 17121 10106 1693 14037 12046 2530 4446 12488 3643 7427 6875 19942 11670 644 9010 6093 435 16488 6624 533
16610 15830 15164 11518 19637 15464 19331 15099 11489 16333 74 3354 7195 7661 16735 2874 13212 8347 17132 9634 2063 11728 8412 1672 15681 14166
779 12627 1375 11474 9885 17586 6346 3575 17077 353 5091 14509 17250 2799 15362 8297 5002 8455 17480 10807 13946 8392 16643 18364 10609 4700
10946 871 13597 11631 4406 7306 14792 11822 4010 16919 7654 13201 19264 12173 1956 6540 11842 13045 9567 12295 10644 11183 14941 10644 11834 13620
13016 9632 19386 18555 2159 2107 11686 17713 791 8608 13888 4687 2100 6251 19926 2544 5134 10040 5593 3246 2118 1575 3830 17781 7954 5867
14754 3360 5658 2721 740 5359 1588 16403 1648 18147 14402 19017 18869 11398 19908 19258 10573 32 17451 4314 11458 270 9864 6657 8534 7516
13011 6984 16404 12858 1391 8309 6490 7721 10126 5489 3268 1367 14827 11483 1686 1697 19384 8950 9727 1005 3765 10308 2054 15495 4319 17092
16438 106 2550 19155 10529 5734 3734 16247 3600 650 10263 14463 11437 10870 18989 5908 497 19716 14191 16917 8269 18149 8300 14769 4104 10581
12631 755 3469 1809 19293 17934 17490 8314 11580 1098 1045 15405 10796 10808 7546 6474 15827 16513 872 11899 7890 10754 2963 10969 3808 8802
279 16893 12377 12128 2165 16670 1491 6294 19969 17696 12260 2749 8577 19384 12694 4793 13351 2901 5408 9912 19316 12001 16992 847 16230 18449
1907 6164 10405 4992 17382 18496 7014 13581 12849 1062 19975 131 18720 18970 16072 10512 14389 4380 3005 7539 11791 12132 1320 9823 15658 15212
17252 1639 17875 18772 13334 5840 19541 3054 19242 6434 4123 10962 17837 12 16598 11677 4695 18505 14076 14154 12992 9852 1667 11064 8971 275
12756 17311 17810 9030 4253 3759 3723 15641 11375 1776 7639 12761 18455 13534 4109 16638 9062 13959 9770 18359 10355 11258 14003 1392 19385 3674
11313 3195 8875 4361 6827 15748 5224 13734 6038 1368 2874 16279 14571 14091 6389 16539 19528 8508 13907 10144 18486 10861 18425 15675 14963 2135
9992 9243 405 10830 15975 6925 12542 2688 1626 11319 3568 3139 11110 8090 18260 5034 10355 16498 8769 4841 15534 19744 13371 14699 404 18957
10592 2895 2393 12919 7999 6689 15781 14963 6687 2797 4659 1171 2741 16390 17413 12881 16044 6453 9986 6056 17325 3133 11284 3517 8583 5100
17230 5049 16593 299 7657 892 13232 14864 10252 19273 819 10446 9140 8064 15282 10008 1441 8609 6921 2596 18147 10416 8586 7746 201 18212
18054 18355 13554 18675 19064 1514 8736 7985 10879 11592 17088 952 2870 5309 13263 10980 8271 4148 7128 5619 13629 19571 4251 15897 19190 17114
13631 3986 17354 8271 10381 5974 7942 14492 4449 12438 1516 12059 8868 17495 7227 5068 14804 1885 5180 6037 11138 9626 10374 8677 10648 14945
16597 18180 15405 9261 17984 2886 19639 6204 7915 12497 8597 16964 14128 9700 13264 9060 16324 8003 12187 13329 2399 18427 3415 5469 17296 5623
4409 16179 12847 12892 7185 17052 267 13701 522 19450 10738 7974 18177 10820 16150 15359 14537 5543 1424 2110 13278 6750 5228 12544 12924 17654
1878 3835 7058 19413 12111 345 5222 19366 15215 19349 9178 17962 16812 14958 4541 3155 12092 16870 5488 4209 19113 17179 736 8698 9849 19746
3262 5886 5061 19357 4079 14806 19494 15166 8419 16203 8443 1375 11755 17399 1248 6635 9571 8654 3181 12116 15706 4404 8884 3742 17837 5619
10217 163 15087 2340 16567 15050 10760 10789 9491 14966 15996 3853 2982 5742 14564 9934 17040 16648 17345 5717 15895 17462 8117 19770 1483 3409
939 40 16580 5483 12469 18421 8661 2231 17465 19815 1568 13486 10934 19224 6821 3342 5091 9685 15634 9831 15273 12773 7574 12800 19919 14552
18612 10082 18948 11026 3102 2342 16430 18735 15894 14007 6147 195 4659 18225 500 8322 14783 16083 18590 9649 4739 862 14511 13756 10703 16565
1936 6531 10741 1924 3951 17133 6027 511 3015 19594 5933 19015 2394 12076 521 4565 4721 17393 17808 2932 9567 14054 10166 11765 9698 4361
16979 17335 14170 5477 19014 19303 6005 12343 19359 8474 17494 3512 2927 3891 8568 4086 9583 7779 11909 13620 11486 12425 19349 18124 15919 3256
15782 9121 7626 9671 3145 250 15854 16158 8134 13122 8259 6699 13223 943 15318 8897 15090 2798 18323 8962 5778 2496 5332 13364 1422 1448
3875 19483 9866 6335 5939 17413 19535 4676 10489 11572 10371 5119 9389 18648 15089 11327 18718 17802 14962 1931 7928 13139 12323 5272 16688 12136
16077 1661 1438 4125 1876 16802 1260 19903 15977 14373 342 9270 9962 5598 10189 16296 4771 13393 17708 6377 7452 19219 1470 5318 7143 15702
7213 1516 11567 3586 3787 14379 1529 17869 658 14103 5526 16221 67 2282 9857 8803 15588 18126 11124 15222 18845 4700 11668 2923 7866 2668
11532 18852 3082 13141 14260 9808 17053 15060 19505 14347 17334 7007 16501 18881 13684 6263 5383 14913 7616 5742 18429 941 13265 14326 6495 15602
2853 8163 4676 8963 19732 10752 954 15286 4383 1856 14836 14451 17693 10998 7714 1864 6993 17242 3173 8509 4331 336 5204 6349 18930 19318
14385 17005 18632 5928 9299 1736 18666 12990 16555 7708 12248 6124 5424 15672 7958 11822 10559 17014 7010 9682 15139 1706 9438 1727 8922 7742
3115 5667 12630 7157 2775 1082 2680 17178 254 17460 1092 5256 11626 4860 12058 11514 13736 6476 16387 16895 9683 9700 17942 5176 9691 14214
16575 14876 12521 6430 14153 1340 16519 14488 2686 3500 17397 7492 3203 11158 5253 14751 15267 14479 16483 4373 16325 4524 11218 12957 3136 220
19028 3151 18429 3774 5046 10158 3523 11816 3983 14074 6701 6966 14289 8987 4131 18860 8335 14006 18548 2559 3933 9674 2732 19098 17766 7246
3796 15235 3517 16116 15421 18746 14427 4335 10612 18019 3962 6180 10473 16408 3809 17503 2085 15933 13494 13320 11153 11825 3734 10194 7192 3895
19763 18964 13029 4158 12773 8805 2006 6707 7018 11478 9458 8904 18712 1470 19718 19741 17479 10573 15079 5909 6464 14543 15076 7857 18584 3720
10532 14311 2221 19921 12248 19423 563 15834 5438 17514 8989 19505 16028 6732 10645 2273 16667 16397 5076 1236 13358 5257 2808 5954 8675 3336
10868 421 14970 17391 7611 14509 303 6866 18931 10163 691 19382 19808 129 12720 8008 14425 10483 14150 7777 901 5188 10345 9493 10366 14967
14491 6674 3190 7555 6733 1705 5961 19605 4345 3430 9347 12118 2409 5109 18156 12533 15841 4126 7932 15799 10870 4502 19390 10558 6871 12199
8595 18513 12454 16853 6790 19040 6337 6604 17832 11190 13752 17091 6493 12255 5999 4891 13310 11163 2016 11010 8805 19207 10281 12061 7846 158
17132 10641 2423 19927 12927 13751 2491 7780 825 17711 10376 5683 4119 6309 18328 7463 3775 5826 1711 3537 6915 5317 16940 1036 13144 17314
8172 3398 3935 6836 19051 19557 4427 15006 9125 2325 8887 14128 10555 14270 3587 10685 7131 18238 19791 7690 14386 100 1526 8011 11482 1795
10526 17658 6886 562 14200 7684 8524 5130 9935 4880 18599 12434 2383 6817 7862 12038 13795 7724 12617 6548 1178 14739 15423 13225 12732 8629
16001 10558 11581 7634 134 6118 1459 16904 13339 3039 10522 15450 12928 6012 8066 16125 13178 18014 4327 11447 15648 14692 9310 17101 16693 14527
12994 15464 5353 12986 18379 15835 5622 10199 1646 12 2378 16470 1649 8163 15662 7010 8093 19307 3891 15106 17350 9201 5062 18274 13481 14996
6823 8046 1439 12600 9570 18115 2789 198 7440 7855 4409 7885 7042 3283 5990 7390 4809 4786 19391 2899 2558 14092 5838 17531 250 7457
14927 17309 3515 7969 13737 5107 12374 13336 2512 3663 6931 14586 7788 18078 4045 13375 13948 1940 19725 3684 7576 17445 18830 8407 14868 10779
1710 9493 19485 3856 1568 14787 3629 10853 7095 13637 3830 17598 4630 15040 8459 8928 5729 17627 19741 2763 11909 19912 19712 11502 2696 10495
8634 13928 3998 3965 7141 173 13532 7712 19485 14859 5786 16240 15767 386 14622 676 19746 11712 6681 13 10447 19619 6026 9993 15132 9407
18917 11558 19949 7667 16529 8354 837 19513 6349 13893 18985 19137 652 16263 3224 1580 11247 6934 6661 8037 19752 9443 8847 8163 8133 7400
2199 9626 7028 15488 15977 2566 18314 11552 8875 1036 16266 15089 19542 12868 5219 9945 7532 1017 13642 15574 19278 5749 1791 10034 7820 15319
11191 1213 15113 10011 13991 13530 16182 13937 545 2768 16995 19150 8457 2895 4599 10086 15316 18204 7977 1876 7051 18397 9883 12426 5734 2737
3262 9371 6850 1822 10887 8863 14974 2688 5270 5234 13702 10540 11840 11701 2474 7594 19016 10960 17551 6150 2189 13979 5995 16206 9496 9705
3977 4346 8994 5820 18497 10223 17100 8546 3165 16739 18164 14602 13064 14827 13118 18970 13351 3727 8731 359 5024 9145 3754 4183 1913 16805
14443 5497 7744 10118 19801 5726 16097 9090 4671 4779 4801 9569 1777 17946 17481 19270 9106 8867 14356 8803 4288 2362 4977 15730 7728 2617
7052 7756 8202 6066 12119 16947 10548 9234 5439 16889 4076 16068 10114 3920 19047 5781 5897 13794 934 13829 11638 1372 15682 15735 9274 4176
19709 14018 1180 3610 3398 11940 15544 16999 1065 678 9944 16542 8235 597 13161 10678 11098 6643 6975 5539 9693 4148 5165 18170 8312 4742
1485 8910 1324 13221 7167 2511 14256 232 954 17748 13851 948 650 5029 12232 4093 14784 4650 11850 18983 15082 1607 3623 18529 9520 16535
17930 13242 5713 7941 10743 228 18009 8550 7795 8253 19114 17980 352 15323 9290 8799 8587 15686 10386 15521 11674 10434 6789 5900 16149 12605
8203 3272 10330 4663 11044 9702 5930 17841 15687 19450 12094 18530 2522 14986 15237 10148 4197 3219 15683 3927 18786 7970 218 7380 6817 14603
19229 13669 19792 13629 16991 2670 1620 17513 2610 5238 14717 277 667 19572 19559 17341 14147 10805 9397 10705 1064 19306 19174 461 8102 5897
15918 13170 15753 13225 15915 1573 10364 9318 15034 14949 10264 8109 16088 10831 3326 249 3502 580 19718 10708 17785 14670 15358 8491 4355 19401
18189 5528 4483 2779 19099 7682 19377 6288 13816 970 1733 12241 8990 14155 15290 15806 18891 11326 12816 16339 2635 1690 8312 14015 12976 9914
4359 11653 5246 12044 13348 11244 3791 9643 17972 441 2120 15676 11874 417 2465 16500 12235 17963 15016 18669 3123 18169 6557 10671 10422 12123
662 9151 16400 5985 7804 5223 7128 8161 14271 4800 10776 16893 12824 8534 1258 6857 6880 1883 14660 9219 19704 17663 17042 3272 15585 12605
