365
60 64 66 30 36 60 7 60 49 50 96 52 15 81 49 70 6 38 40 40 18 62 47 76 42 85
8475 7810 11449 7886 1201 17786 6309 12246 19989 4629 8755 19776 15709 1120 13176 15348 17223 17208 10069 8347 16995 8193 18667 17321 11577 15849
7011 1767 16890 10327 7213 7190 3751 19490 13701 3935 4502 1048 5957 17858 12059 14744 267 19863 6006 3196 7473 2767 18801 15766 17111 11995
3055 6643 4738 8060 5318 12756 3059 2380 9345 11076 10652 14392 2537 16207 17310 1176 12153 17837 387 2323 16806 15437 12415 10933 7874 11767
19634 9850 14358 15524 17408 6321 13369 151 14145 2367 5367 16460 12876 14553 13805 4995 8776 14042 2805 3580 1551 8918 4563 13159 58 4061
7495 1947 6128 512 4854 17128 19436 11920 16927 12600 4269 3021 15791 6902 18107 513 5264 6689 16040 19960 11056 769 7303 3020 19731 13910
15424 1964 14160 10621 17923 18858 11138 16834 7041 6195 2273 6476 9764 11774 17406 6038 19154 13846 11841 12457 19610 16938 5495 6607 4007 10401
18380 8963 19185 14232 14268 12783 6421 16912 6066 11033 13615 7777 10900 17085 12988 17377 19289 19075 4843 10991 2599 19950 7729 10091 8594 15676
18553 12812 12688 8664 3517 9534 14934 18527 16495 13188 17142 13760 5393 12675 10799 12558 14931 2618 10928 730 672 11851 10295 10164 14132 14330
6864 8335 844 421 18004 5505 6410 6607 1544 11899 9667 4995 5483 17311 19182 4981 3744 6969 776 14202 6551 1257 10330 12055 19569 159
7575 10618 19324 5145 2013 1208 19647 19924 3299 19589 149 9062 9480 9522 12286 12551 714 1034 4677 15406 4320 6401 19208 1591 13010 17606
10210 19003 14574 1699 16876 17861 18136 11274 17413 8656 12605 15205 4137 12636 12172 10180 3188 9156 5561 1578 11158 19566 17588 13663 752 9584
18550 250 6970 5756 19136 15643 16423 5649 116 8651 10287 3867 6052 980 2889 5528 1822 18165 18198 15097 384 8539 18177 1587 17747 1815
5874 4682 10198 9770 7514 683 11515 7409 3902 12788 2496 15729 6496 9293 2896 8293 13035 11213 13817 15014 7643 1475 9803 6097 16439 19893
10929 11459 4491 18823 17911 1263 501 16855 13670 17371 14343 9821 17173 8841 13804 15684 18141 533 14837 17404 831 17963 17593 18960 3528 1399
12413 15117 17692 5409 17703 10834 232 1755 12810 14028 4592 1455 12067 18346 17986 15914 7943 2107 573 10054 16398 1654 10053 254 12280 16188
10047 9764 16278 8734 9733 15768 14649 14928 2814 17007 2609 17187 8173 2638 18545 11097 18314 18136 17728 16320 15004 19465 2494 11144 19723 19851
7954 17159 19877 18293 17786 17267 14951 13495 1388 19339 5393 6418 5331 6511 18627 18776 15970 7146 9221 5711 13018 15350 5774 1961 1576 5539
14510 5597 13370 11315 9748 6275 15525 19147 7991 11461 16203 16787 12767 12059 3340 3774 17465 19190 17396 16163 3392 11975 4977 3893 12367 5839
214 4149 42 18068 1928 18848 5272 3639 17473 16401 10365 15401 8608 16020 1011 11123 13377 10229 10883 3399 14066 39 12446 12082 5311 6308
12282 9190 19278 145 12584 6226 6199 15281 96 295 19283 6984 6724 6796 9716 17813 15404 11355 19997 12206 16967 12466 13620 17856 7504 7818
8103 8120 14531 5965 1714 8625 15269 2025 14223 12954 10847 3138 19328 1988 5911 13800 11726 1222 18955 1313 16736 15395 7477 19654 10431 17550
13967 10384 11457 6574 19705 5088 18944 286 5870 1739 13682 14666 7132 11112 4228 8367 10370 7801 15269 5297 3299 4974 4089 5113 9013 18684
3140 3261 17247 14102 12794 18039 19643 6868 16595 9650 19748 167 16690 8216 4988 215 8264 15274 11016 18139 14967 11228 6975 18403 967 18498
5159 12624 11658 12233 10484 11047 5107 10678 10306 14187 14187 16284 8811 2922 4621 14010 5757 3388 1529 416 14369 5004 19606 1321 11431 13172
9366 17616 10908 19048 5304 6856 9683 6367 19741 2459 1179 12283 17655 7919 13785 16187 8486 17173 5795 19777 14911 17519 16402 18628 6597 19505
9173 13153 468 8796 19165 15253 14469 6756 4183 14534 14922 12940 11088 10055 11112 7822 699 11356 18485 8251 15888 2714 16936 16107 17893 6371
10068 8116 1916 17087 18011 4322 7688 716 14911 3564 4477 3571 8593 5714 14180 19973 18425 13559 13343 2803 4237 11397 18128 12121 19850 1316
356 11651 398 19823 5141 8859 12130 12535 7559 14604 17223 19726 2966 309 14261 17273 2273 8953 3696 7646 4923 10068 18320 992 16488 18029
18148 6993 386 17271 4488 6057 9667 9838 4606 16808 1004 14853 9270 2163 8362 17093 10879 9741 15974 436 8664 5162 969 4078 13757 17882
2551 3175 15176 13998 17193 12880 9822 17106 16510 2538 15782 9794 6189 10879 10748 13754 17604 16367 445 13597 14564 6998 3434 11180 13762 13361
7125 15602 3760 566 19252 18474 10260 8610 15762 15031 3456 18037 7679 4796 3345 15140 14059 19205 9003 15282 5516 3581 6918 17652 5079 13754
2285 15866 11418 15946 7026 5457 11910 4731 6843 13918 10771 13987 15142 2615 14855 5556 5987 12140 13753 4442 5291 17549 7949 19122 8093 633
9920 16320 10920 5798 5191 11800 19516 1531 5154 3992 227 18715 15203 7101 19178 11217 9296 12372 18682 14041 8635 7121 2759 695 8727 14353
6891 13248 226 15230 3257 12642 642 5203 527 17391 1487 5197 9844 7455 19620 19324 5130 13739 5977 5997 2472 15272 7600 4363 3404 9634
6838 8919 13433 17247 12780 5543 14275 1352 11106 3253 4981 12314 13832 13967 719 11669 16583 17690 973 4136 10349 3691 19598 4349 5431 4130
4841 4692 18362 11663 15969 7280 1173 1803 3972 4209 222 12353 6884 17122 176 8590 15390 3045 6249 3620 960 2758 16606 9794 4505 7475
416 10189 7339 14575 10484 9133 10425 9061 14367 6092 3019 16493 8449 66 17800 7795 12323 19521 17471 8430 13164 2927 5348 7614 16380 13961
10645 3507 15113 17548 4734 19423 13294 14929 8037 11708 2132 8173 14766 16714 11857 5553 12066 12833 2824 11787 15234 12686 5309 6111 7648 8564
6391 18070 3734 913 13332 18798 15082 4707 11809 7949 17046 15477 19749 1695 15641 14371 275 7098 11311 11020 14271 8113 7516 19026 486 19257
17201 4577 1559 5114 19192 7346 10452 4510 3107 10510 17355 18761 14182 1901 16734 16579 11942 4356 2220 12163 3499 2857 3436 8202 12383 12883
1979 7243 19255 16377 8577 4083 12515 9611 12922 11371 11907 17790 5966 17818 4086 5680 4548 15238 4846 8091 18825 16190 7705 2437 384 4106
17268 16278 14177 10704 15705 18420 8195 5480 9032 7111 6295 4386 12969 1982 8793 3809 9048 13801 9026 2486 418 13456 17472 19234 398 13609
2916 12082 2233 11765 9825 5245 15326 11863 10457 1841 7691 6432 1735 13637 4520 16098 15480 6678 15144 10401 16945 15849 3938 14030 10241 12998
2416 3953 4376 2203 15445 19478 19607 4822 18537 267 4372 5884 7516 7449 7639 9815 14814 8592 7207 3317 112 7980 17154 2583 18125 19343
9751 9718 3899 13237 1131 14710 11622 13113 16657 4275 7482 18330 17886 10443 7280 17226 8273 11060 19451 5397 13918 6323 802 18587 15870 17312
17116 6368 4273 2061 11689 8353 12605 7980 5078 9329 12200 17069 11196 15975 12474 9344 6933 5985 6389 5506 16783 3804 4104 13255 16526 6604
18034 11372 19505 17374 5558 5894 5935 1910 3032 217 8475 14848 11896 15540 18458 14388 17965 1415 7543 1144 19588 18103 17667 10284 11137 9054
1860 19181 4231 17394 14126 1186 4136 10929 818 15467 17160 18349 14868 18627 4337 18610 17389 4577 2995 6193 8025 5106 390 18548 3445 184
379 362 5909 18525 14965 16514 16517 9316 803 10592 11090 2646 3367 581 16378 14297 1423 6781 19274 5944 12126 6091 1229 449 9674 19051
10295 5875 13144 1267 4450 10280 17320 4366 6021 11296 6425 8563 18324 9016 3647 16123 15042 5897 5365 6637 16167 18312 11198 9904 8572 8976
18282 8352 1012 11619 3624 8711 11075 7525 16198 16187 8550 6367 18303 19303 18732 8268 10843 3211 10740 19166 7768 16933 18057 13896 3500 12515
1967 458 19605 17860 3002 5924 16301 5644 5088 13152 6498 6929 9901 18548 18471 2250 15901 17752 19267 11578 10089 536 4539 5879 6116 18155
373 18737 3340 12496 7791 900 12115 3481 12703 12001 7095 4656 9111 16075 10468 7373 7913 8506 6247 13695 14161 11595 19393 12865 3376 9577
3235 7660 4153 16426 9831 2972 12403 16057 15265 176 7841 2748 10846 4135 4966 4502 6859 15219 14461 3389 3156 7794 4844 16297 2844 13423
14182 13399 2219 6874 12244 19317 7828 6340 876 17772 4345 13105 5653 1729 15039 721 18161 8662 9673 9146 8174 2448 15722 2978 153 1632
2546 4723 16341 16266 11804 17654 6904 11891 13233 13133 17797 6610 6332 11271 6995 3365 12349 8287 8036 2239 14745 17669 5963 16130 7721 11161
3160 3391 6595 8223 17779 12860 19363 62 1955 4685 15915 1417 7237 718 18201 3569 4464 2126 13496 17634 19359 17931 6003 13920 10366 204
15578 8117 7656 16038 13108 2434 190 8133 11811 14498 18668 18643 7294 17588 3246 18206 1055 4743 7291 19879 17149 12336 8098 12525 6664 10093
6752 17771 12688 10113 19504 16441 16014 11888 19142 6450 14054 18890 3160 4244 10722 6844 11819 1794 19286 2120 1869 5565 1258 5806 15560 16776
9659 10049 5601 17174 5006 13640 11169 12112 6424 4013 7163 0 3423 17783 6606 14781 11519 7944 14497 6672 6956 6643 2661 3116 5059 8359
17558 5905 2799 4742 9487 12273 3083 4192 7010 18270 12991 10934 7343 4266 19352 3905 17439 15292 11581 14817 4152 7064 198 4552 951 12455
1895 2408 446 18579 17661 8199 259 5604 4921 11820 15346 836 2194 17568 18271 1432 2905 7668 6026 12999 19971 12631 7259 2920 6482 17265
3828 15650 13456 13172 6876 6168 7384 9602 16336 6501 11871 2237 13390 11088 10608 8315 12162 12060 15318 17882 14870 18000 819 4438 2766 13891
11442 14134 5689 10621 8763 9141 12000 7999 13575 14213 10582 8109 6919 15919 3940 13728 16475 397 7972 5174 3257 7011 14301 1347 7594 11641
9914 8556 19741 5297 17381 19804 18416 11981 3350 14465 18596 17274 16435 6085 5018 7157 9460 17051 5728 5670 17359 10503 11214 7485 1388 12534
3940 14244 12481 18452 4128 12567 16655 2233 16884 2006 17761 226 14692 13004 15454 2981 6544 19565 4276 17121 8552 12910 3729 13642 94 12770
9327 3386 8784 13848 11803 17086 1390 3638 14070 12478 3164 8078 15918 426 7644 692 9138 11803 6936 18149 1872 10590 5675 7145 9988 9405
7789 14606 5503 7321 17075 6475 11505 699 13477 1356 14799 3742 3852 7606 5595 12708 5130 16867 1296 8666 3604 13245 11113 6309 9656 17726
16463 6816 15579 4514 1413 9527 2534 9434 12449 13497 10078 8005 16968 17865 14947 611 4035 200 16856 9663 17783 9847 9732 848 19338 4002
9262 16977 19905 19909 18152 10266 6836 1862 90 10813 2574 5281 17230 4220 17048 18054 9296 9175 18694 3364 14742 332 9308 17029 1525 11428
15051 4546 17504 393 11205 16108 13096 13577 16751 19567 2555 18179 18062 3233 17094 13371 16732 12929 15201 4478 13995 19554 17535 12775 3296 8805
5906 15489 9866 14636 9961 18765 18981 6258 1832 13469 6860 4547 15890 1113 3849 13934 14477 16289 8050 16432 17408 7069 18085 14244 6899 16164
7974 10200 9047 17715 2069 13856 4277 9036 19554 6050 16461 3978 10638 4525 7265 7778 11663 19224 3148 1285 12827 13319 9147 8721 9965 19710
17226 16880 17985 12556 13909 18697 17187 14287 3233 13973 14665 2551 8359 4374 14289 12197 16523 7674 4572 58 19738 1702 2651 5820 11218 1920
15172 8553 8761 8143 11406 15133 7292 11688 13601 16253 1007 13864 5843 9646 2001 13476 4369 10895 17426 12863 13424 19216 13328 11978 12428 5828
6602 8236 17116 14880 6184 14957 938 18817 7787 13749 19941 3641 7942 4552 9236 11244 19259 2712 18826 2197 4739 18265 3130 1305 14324 17474
3620 4767 18079 8177 10577 3529 2490 12054 19689 14797 2570 19037 11345 9486 3691 16413 6231 3483 14669 17311 13685 14032 15400 18518 17106 10363
8132 14773 12794 7750 17151 19060 18320 1587 2688 15177 15276 13126 4203 5317 8591 16962 3413 2411 370 13162 16284 9296 9837 13966 11248 6575
9805 18796 2546 1286 8780 16490 5080 9238 13736 9159 7388 12373 975 17041 11055 12382 19591 17943 13064 17726 3548 3439 9712 19280 9853 19297
2356 17161 14071 3706 4731 14788 15302 17635 6083 13021 18745 11913 12471 10861 10788 3561 16820 5305 6529 11869 14233 2726 11308 12294 18244 8375
11896 6544 9933 8766 6509 8043 17893 15438 2663 9687 15073 19410 11560 6997 7112 12327 7416 8553 15495 5046 17996 11273 9763 2176 9162 5668
10867 6785 4410 1197 4082 13368 6917 10130 17706 1213 2734 17180 5391 10195 5258 18714 16004 11470 3541 15537 3932 16299 12058 16425 3018 18800
5398 6779 2164 8373 15759 6907 17682 15410 16424 19131 5788 9765 4353 12414 9355 9604 6171 11266 7919 9958 8328 17274 18326 17406 14293 4536
13262 4137 5942 626 10423 3830 9834 5108 11482 2374 4516 17759 2004 15758 8732 2219 6626 5996 10672 4492 5535 11820 13563 5923 17231 10690
13410 14781 11400 14395 13186 17920 19702 15359 7521 17951 10376 12283 16349 15891 8381 16995 13754 4643 15599 3522 4334 6159 13371 12436 7300 11382
7093 3972 17803 13564 14359 12606 6046 5393 5561 385 14204 3978 14329 3562 1342 15862 17219 103 5975 11182 10964 121 14962 10678 1318 12246
131 6573 13822 880 19096 13227 10705 4394 7541 4309 3837 5996 5284 15560 969 14704 10716 4203 7592 11733 14305 15693 4288 9816 6020 16984
7706 13979 12436 16585 9881 6458 5189 11554 4341 12571 961 16256 13418 1787 1546 4800 15997 723 7803 9263 6156 2658 11486 2552 17759 7551
788 8858 14242 2922 5393 11990 553 3937 17904 14341 2503 8381 20 19441 14736 17321 3881 12868 9256 8731 8886 10174 6475 17793 17522 11098
12367 19694 14984 5043 17761 13740 13877 15817 9383 18206 11955 14702 11188 10143 12648 6421 4373 3120 13493 16556 10295 18723 16156 3750 8357 9795
17567 12468 4523 9786 11407 17709 15726 9155 5738 4260 16035 16421 17071 4565 341 6380 9398 11900 2661 12002 19764 5481 16495 8096 17979 7833
13261 7887 10456 14690 8240 9288 4153 10527 16690 2598 12205 904 17947 13490 15152 12715 14718 13703 8139 196 17556 696 11917 18439 11722 5238
9993 11694 6870 368 7404 232 12716 9456 15348 798 12006 4017 12446 13275 747 7146 8223 13490 10971 15847 5525 11905 5749 7671 12485 18350
15275 10349 13466 19175 17781 15746 19264 9681 2219 12570 7954 10616 17580 12481 14680 14103 6261 11768 10097 18795 17214 2613 13594 7745 10014 1581
16769 8923 14747 10274 10734 6582 6243 13809 12577 5024 12440 10090 15139 15298 14963 17419 2234 14642 8216 9004 16701 17431 13448 6772 6027 2891
8361 13064 19197 10661 5996 18057 5749 10164 4364 9245 11962 5176 10005 5359 8552 4478 10023 3291 6590 2551 821 851 18298 1456 17247 5776
16205 1411 17787 15791 2624 3252 11731 766 1358 13801 15246 18372 11975 15292 13206 12261 2917 2918 2328 14354 6111 10637 159 17847 19144 17653
466 13446 4865 19377 6127 13056 5931 19923 16397 10059 4012 13988 2864 7169 19924 7009 1574 8436 16019 636 18358 4548 9972 16390 8701 19205
4227 6222 13216 18233 19363 14919 7919 8778 13771 14837 1934 14294 6610 17076 344 16746 11186 9282 8119 1858 4658 19259 12836 12638 19040 11590
14566 7875 18805 12920 10229 5063 15863 18041 18227 6653 2946 16725 14871 9086 13421 448 11348 8947 9108 10206 10981 1853 16898 15149 15908 10741
11337 7759 8367 17371 19293 14122 5786 16778 11023 19734 19498 2731 19925 18900 18285 1509 8918 3097 8383 11227 14304 4070 16939 7516 14217 19572
19669 18659 15897 11558 12193 5013 9401 1415 8543 4094 6755 10769 14707 16783 3847 2338 12737 10746 18644 7805 9690 16054 15566 6860 4493 12941
6974 2570 4890 15804 9368 9362 5524 7759 9384 7062 4563 5350 4375 18265 19460 14869 1057 1659 1275 13739 11986 14619 4556 11941 14377 1005
15342 6651 10835 19242 14683 17544 9513 14914 880 13471 12385 18046 1513 11902 6630 3702 6380 8677 3977 3432 16987 10153 3166 15354 6293 12311
17394 11316 3698 17614 1919 570 16216 14946 7976 10987 467 12567 19513 8514 1634 10223 4785 7690 10313 13041 5910 3207 6953 1275 9028 9787
3647 12470 1061 3090 13118 11932 15749 9058 1548 18510 2171 4189 13821 12274 6730 1602 116 10980 5546 17196 16367 18212 8871 18794 16908 15009
13384 17436 4081 18676 19592 14025 18460 13753 14551 5032 10598 19182 6441 9152 12876 1841 16692 16212 3313 11669 17318 16161 6695 12469 5056 11295
3627 4369 8592 9342 13498 14501 12267 7788 14143 16901 15512 8079 9077 17827 18156 16055 16849 12831 1718 19797 13583 12201 7927 12859 17152 4860
6533 12079 1980 3466 7376 13981 11970 12337 13542 2660 2304 2084 10596 16624 19510 7592 7508 15139 512 11245 7648 8473 12335 14094 4778 3443
17074 72 17420 13710 14502 7717 6919 11894 14006 15653 10964 790 5736 681 2850 17091 2960 11119 1106 8331 5265 18780 5457 7098 12808 11985
9291 15523 9449 13908 17333 9516 19576 1440 3472 16440 12694 19930 14281 2905 18029 5938 18715 14343 5427 1713 13520 11620 13370 13053 2667 914
12807 6328 19802 10030 12646 6085 10823 11945 2414 11729 18766 2955 13447 9962 13493 19026 9773 1196 3803 17707 6466 5156 14114 4123 8726 10032
17070 15327 19985 17424 5832 12265 15402 9031 14124 6977 16682 2262 10252 8870 2031 13166 6904 2151 15626 9840 14155 4962 6192 10912 14699 7215
4831 16343 8185 14427 15881 14367 14362 17127 4318 18378 12577 9648 9317 2049 1474 2187 3448 5980 19299 9039 12439 15714 4846 7582 503 12775
17602 7869 3225 2661 6305 13114 15116 3123 9552 4640 16644 8669 13297 19726 6609 18865 10617 8309 7318 4020 5947 12212 10075 9119 15014 6309
1381 12044 3133 15225 19613 6880 4572 14116 13814 4839 8388 4810 13238 2156 4011 9696 14268 6302 14807 391 14070 4908 17315 15214 5742 1576
6362 19928 14079 138 440 18855 1828 5663 6326 3057 18801 15042 13769 477 13727 10819 3722 13235 18359 3542 10482 17877 5332 10850 7154 3783
13185 14274 4547 2130 5310 135 17707 10435 15412 8738 16089 10476 7671 12956 683 14496 429 12176 1794 15252 11756 7282 1901 2599 6487 7423
1272 3177 14487 9892 6728 16682 17117 6254 11763 1380 747 11545 9872 4030 18761 614 15114 15478 19627 2642 15062 7133 10420 9033 13245 3546
8366 15756 2696 17570 11158 13921 301 2819 1600 19540 14715 9292 3726 17467 19180 5763 6177 920 2194 354 286 1679 12522 1339 897 19397
5973 10088 12789 8895 13043 3132 2184 9663 8034 15037 8071 10698 1401 14386 17223 16700 8999 1294 12010 4791 10524 16712 3767 2144 3590 10189
7477 1499 17258 6376 2707 11164 7963 10349 492 5842 13129 16420 16270 1914 12843 15296 15065 2590 13994 10370 4909 19963 8676 15996 6427 8288
12563 15930 13905 9533 6025 4028 4416 11783 3395 3518 6383 9808 11417 7364 11485 6507 3975 6935 1874 5728 19589 2667 2211 19813 15055 2980
7925 10382 4776 18198 6441 4975 10976 14705 5929 9208 8297 2209 8939 14429 9802 2189 13758 10066 11144 3140 16554 17442 582 7592 15490 9254
7467 1177 13916 2013 4976 12125 8806 15996 14158 13913 17845 7154 19598 15309 3341 7706 11435 1364 12122 6443 8397 19763 15520 4904 8498 5225
8046 12485 5672 4676 13428 11506 13355 9557 2536 3137 2901 11660 14731 19263 18276 18128 433 5657 10269 6339 8992 3821 5966 10019 7831 3131
10052 7268 10673 14380 18418 3125 17186 3928 3631 2645 15681 1084 1104 18753 12914 8108 12707 2690 19163 4750 6225 267 14011 10362 2626 12043
4105 17209 11965 16550 18458 9981 10208 17998 613 15431 15923 17599 12693 11012 6118 9956 4766 19323 12864 1798 12104 10894 8436 9548 4917 12781
6698 8201 6883 6396 17374 8256 5446 8747 2506 1144 3778 9102 7661 19704 4180 6120 7097 15762 7705 1060 8113 12285 1574 6459 960 2013
12979 13676 17443 873 16129 3935 8318 14437 10468 17138 12800 4540 9186 2577 8540 9729 2816 5383 17090 10423 16869 18546 6113 6798 11278 9093
17211 17583 16845 3694 4210 10743 18354 3619 8742 11531 17956 15793 4971 12114 12158 5892 11475 2105 16078 15914 8720 7720 8797 18826 6425 6168
10576 4524 896 3930 7157 19612 14443 13535 2794 8590 9953 9218 12576 8549 11252 18994 3624 19363 19815 14178 8620 18752 546 11237 409 19816
18446 1413 18195 8021 15924 6402 7422 16857 19520 11568 18678 16951 16738 10056 17883 4905 2759 8225 6746 6476 13525 12773 5948 9715 19032 10831
11533 10142 18112 2313 4846 2873 7120 8458 10148 18971 8692 13543 9607 4653 19625 885 15184 18997 9893 7252 17981 19550 822 6025 650 19063
7689 11199 2509 13186 9894 16264 16246 13107 9277 4511 13474 17180 13232 18409 14670 18416 17476 19776 18461 15824 8523 19642 17583 12091 19885 19009
13588 17190 2534 4629 19990 934 16537 6141 4642 3263 19327 12105 5789 5863 12259 16372 10560 19302 8608 6430 16029 11497 6530 17113 12864 11574
14186 3485 17870 8555 13042 14895 18703 2981 474 15482 11993 5800 16796 19455 15718 14817 12662 17552 8157 16213 18737 19318 11348 6536 8234 4084
6559 17438 1631 15640 13818 7479 14393 16207 14106 12411 6598 16442 12293 481 16219 14782 18416 11873 6792 11426 7330 14810 3931 428 15345 7631
938 10858 1042 1765 869 4654 14728 16237 6741 6539 11775 9980 16698 2236 599 912 10443 8844 4616 12679 8109 17224 5998 25 7167 14107
155 2024 10981 7663 17248 12948 12413 3026 4259 5377 1245 11384 10874 16076 10352 5910 14705 12339 4258 10468 5966 13248 9939 18729 15701 8793
15644 9558 9644 12718 13522 10502 1729 15322 7764 3580 10769 13649 7841 17093 13828 4551 12289 1455 9756 14095 9646 14042 5086 8110 12463 2184
10112 4469 4561 17356 9976 14876 15906 14800 18087 3458 7487 573 9973 12077 18585 12511 11608 1786 3987 19977 15167 4230 15523 9601 15260 17625
11602 18823 19331 16210 9008 7057 17474 3414 6620 5972 18917 11104 8038 16207 17819 10998 3354 5696 4318 4067 19342 4745 12549 17661 18910 6478
1685 1944 10339 8650 11636 19007 14593 14581 2770 10579 18253 15251 5878 13157 7154 16281 11265 1586 11662 2962 15073 7390 3465 9676 4833 16297
4231 9321 9951 4500 19438 17787 220 5225 12449 1872 15383 16958 4393 5693 2670 11327 10709 16067 15425 666 4555 17257 6288 8660 486 9948
4473 14055 9053 18302 10096 15061 2558 5479 7312 7874 6389 15452 10890 16105 19853 19497 8795 18489 13739 13895 13852 11111 6728 9657 5619 4693
8663 13552 5071 3978 6144 537 3672 17664 113 15213 17395 12022 12334 4341 1929 15758 8351 1677 5546 6030 816 13625 12930 13039 7292 1707
4595 17744 2715 7583 18519 9605 12227 15420 17179 2734 9340 16600 15710 17003 5642 13251 8791 3071 14684 1337 10530 16831 15380 7820 6733 1390
3903 16460 15380 1553 9781 19806 8011 7220 17371 1582 14046 12959 1611 17241 2239 4429 8745 7534 9151 13238 10135 19184 19841 6835 11845 10017
4997 19399 9208 12739 5616 11174 8386 11800 11940 16027 566 2197 14198 3728 12897 19199 13165 4374 7337 3499 7456 12315 1448 4465 11472 15980
12474 2854 2770 6831 14776 7352 19438 13259 1704 7519 4838 19218 18180 14161 12042 15167 18745 15104 12339 6289 9714 16338 13409 15564 14364 14132
5921 13405 11693 10655 8544 18852 11597 2423 12183 3873 12160 4596 8440 2470 7872 1819 15065 7972 18685 15850 18020 7065 5226 19260 13996 15314
2533 17339 16433 15907 7485 6085 3585 9983 15656 16556 9285 3336 1630 15195 4481 14640 9736 8788 14884 5184 15363 1284 13088 12767 1270 18577
8741 18602 4141 5832 4014 15702 19346 17969 16215 12707 980 197 279 18324 14853 12095 18145 2618 6592 17849 19370 19365 8136 11554 15240 5189
16461 2320 8696 624 9349 13082 10196 18003 16528 16663 9618 8038 5043 160 12322 5678 6837 9354 2676 19788 12748 19246 9369 14580 1032 6663
1679 7493 1077 1177 4719 11071 16869 205 15633 5034 17340 41 16171 8810 1779 3085 594 41 19617 14558 5068 18468 18739 1545 13239 18335
616 13881 13951 678 6766 10906 19509 8459 6689 9193 12569 11087 17361 16557 1815 4557 3706 17431 11610 3373 9688 2288 18227 2125 15516 7069
11057 2051 16524 7132 9513 1462 9654 10308 19245 9087 859 14628 5691 9474 19177 12834 3572 17365 18137 3091 7593 1520 18115 12867 12255 2096
207 10028 16329 13303 438 3366 19043 9723 19130 10945 4981 2695 9804 19289 5599 5749 13835 18378 10730 2020 7270 3994 14980 274 15454 16760
14252 1418 7804 711 2376 14436 6863 12574 7855 14439 17603 10447 11415 6224 16194 10457 3164 10582 4660 12785 8322 18219 6911 17032 15831 14258
18423 9075 11217 4621 10670 17622 16271 19859 4083 14200 15157 10353 18243 15697 4931 17204 15711 12607 10523 5515 17860 1261 12738 13350 11925 13900
9512 8162 19930 16416 2572 6221 16387 5938 12134 15362 9017 11581 13931 12525 6263 5802 17279 10336 17363 3076 7 7454 815 7251 1465 18685
18684 7437 19135 2984 12040 11861 18090 211 11013 12752 6357 13588 1245 19114 14937 13464 9234 11938 17199 19877 10957 14091 17384 10533 10221 10000
18862 10613 7066 3328 15648 11423 12890 10212 6681 149 19711 3258 8620 5293 8995 4671 9669 14081 14809 14180 5613 7048 12016 175 18113 1882
16966 10972 19434 7230 5060 4234 4565 11759 19038 2687 19358 7174 7925 5635 13354 14537 6453 6877 2295 64 9708 2022 14552 12025 10323 6340
3370 1779 17417 14709 11145 1912 3689 8663 15724 4843 3056 6093 13018 12561 6121 6342 4443 19867 18055 3064 5465 1381 591 1500 12966 18182
8923 2753 17683 4049 385 4434 1809 4300 14665 16282 16002 3939 2466 3781 11566 10843 15576 15893 1476 11032 6356 15394 5917 3021 11552 6908
16081 17435 15354 14448 13864 3509 1081 17062 4566 14566 3985 16807 17701 16773 12389 18379 19775 5372 16809 10828 8240 18215 7275 5685 15298 13049
2520 3309 4889 19964 5237 16675 19215 19409 9229 14273 18763 16107 3923 6373 2784 19446 686 547 9863 9261 11881 19067 14440 2029 11282 16712
9957 863 5703 18499 17717 8620 15838 4034 2377 19584 17565 11381 4272 4743 16720 2202 4955 10340 10135 19774 18253 17814 3889 19527 13688 7385
7842 19958 966 909 3065 5698 17116 14297 19244 5395 11040 5854 445 12501 12557 6904 19970 7605 19787 10768 1490 16800 12604 11978 10826 1273
3370 5705 16111 7183 15136 17846 18133 18863 3675 18000 7941 15440 19632 571 18408 3289 3402 19588 6790 9106 2270 4257 11091 912 13303 18156
3862 118 2893 19644 1354 9581 7881 19295 244 2379 8461 4769 12975 10468 18117 13786 18423 10279 16788 10856 8061 10989 4699 8775 875 17427
12482 12414 13077 16484 6569 4392 9667 8662 3236 12987 5890 1860 17010 17791 12571 752 19867 10312 8132 7597 18119 2364 9268 436 12546 17529
78 3399 4087 11668 3963 17457 11569 934 16717 1611 15028 773 17444 9881 14149 14123 4042 12541 5080 10279 17113 4229 741 17661 12704 5519
12058 13256 19366 8017 13724 17444 19534 19695 21 15278 14120 17645 18049 15829 17235 1687 9575 19845 2052 2433 11397 16741 5693 10048 4233 7034
17908 9593 15111 13593 15132 12599 4221 4332 19201 18050 233 9050 13765 18576 605 552 18606 5114 6439 19768 5578 16709 6556 1980 10906 14906
9325 16354 1389 15739 4030 8791 5752 16204 7837 12171 8832 11359 3544 3980 3831 15609 13035 19590 15009 16150 5605 2418 11290 17097 19260 18916
6564 11855 15917 4961 19552 15414 6024 3507 19188 7950 7142 10980 11311 10564 10542 3211 14983 17288 11789 14384 2569 14640 3642 5267 11886 16946
9029 17342 15055 10002 13401 16847 1188 6151 3777 5162 8508 2104 3735 361 9908 4188 6751 6139 10317 12743 1411 5461 3717 12904 7823 19821
861 12893 9681 7709 11789 939 3401 7558 870 10227 13100 16448 6567 17561 18184 13618 4242 17598 4564 7983 14885 13837 247 8994 9483 17024
18151 7459 19777 4970 2903 3146 19444 16618 5286 8359 10199 4338 7879 16431 19501 16472 8068 6705 14310 3746 13695 19835 10534 377 17577 12434
7712 11264 4959 6812 15097 12458 14341 15520 19899 18994 1798 1384 1274 19149 13844 1258 3646 11314 17209 4412 2078 10473 1998 18032 17891 15394
7748 769 8810 15819 10096 10816 9704 10787 5755 5750 17440 310 13754 10153 18228 5381 10457 4224 15502 16724 18523 19458 13155 9027 7718 6554
1933 4626 18226 11575 5477 6979 13607 8291 10229 4449 11516 10199 4325 286 7048 3792 4065 17375 5216 16567 19820 19154 8448 19436 16285 6774
1105 4906 11772 17546 7628 6509 6768 3957 7097 120 11251 19522 15072 14340 19730 8058 4158 15699 8375 7162 2378 10069 31 170 17325 2571
19280 5215 1302 16060 2514 2294 2822 7993 18046 8939 943 3171 1703 14940 13806 13658 19747 5360 11554 17784 17273 16197 18331 5744 11907 14005
15109 10653 10202 13175 4520 13389 3297 801 9569 9859 1600 13978 8277 1664 15265 7545 7344 15155 19028 6528 11494 1121 11079 18680 16962 13835
17503 4600 19123 7481 11893 17419 12335 7958 6401 14598 1352 14514 17318 15207 16892 410 8673 8111 8133 17747 2826 14987 14581 19064 13666 9633
2798 13292 7953 17365 4510 7587 1142 3051 17406 8882 1701 5313 16273 1566 12251 9966 15487 13637 5387 12530 14568 19054 3579 15168 17588 18811
9275 4920 18037 2557 14247 10721 9251 17454 3516 2632 153 10111 19438 17852 5334 4458 12687 12387 13877 2669 6395 14748 10263 16930 12769 4752
14426 6480 4073 15843 2609 17446 14356 7691 5854 4804 2943 14203 14887 6904 1297 2047 19429 15950 12897 16247 10064 9975 7465 8341 12589 9317
11013 18548 651 10366 2818 19317 13922 12893 6528 960 6320 16718 18453 17142 4729 12136 12658 1741 1743 19782 8787 13594 19725 17178 8161 14296
11149 7391 17422 2766 14710 9674 18232 16851 2531 11766 16982 16881 14870 3678 9927 11823 3194 17615 7516 16097 17319 13743 13508 17572 9990 1429
35 17451 8584 12696 10502 15922 1439 11012 17348 784 4959 10085 14149 13365 6720 15215 7128 18735 3273 19729 6350 19870 1149 10053 7236 16822
18322 9928 6289 12940 14097 18468 828 14280 8542 5006 453 14003 18854 233 1681 13108 11266 8215 10884 13861 17914 17074 15326 438 2398 10154
6500 15392 1872 19463 6768 10787 18428 5207 13698 6605 12961 12744 14771 7693 13327 852 58 17081 6692 5096 115 19568 14779 13645 10895 15455
10727 9925 7846 13235 11370 1892 8259 10104 13819 2785 7428 11307 1946 1877 19846 11539 2264 11440 3273 3078 7040 19976 10883 19690 15277 3025
988 19958 2822 1189 6190 13193 16727 16342 13791 4134 9616 620 10834 17444 8111 6771 18186 3213 3647 14113 6544 10681 7596 16690 19739 14572
18555 5084 9783 17566 2698 8442 14389 9831 15177 7636 9789 4980 1063 15457 6848 19683 19486 3499 6676 12088 3421 15950 17856 849 19524 12858
11205 17765 19166 3402 16176 5326 15456 12175 10719 827 15531 368 6135 8354 11957 19476 17475 5835 14714 10519 15698 7360 2544 12343 3973 486
8446 3121 5935 1949 7572 8106 18527 13026 8407 13319 4932 4187 4350 6149 1446 10104 9451 19505 19305 5575 16169 19662 9005 12005 3773 16442
13641 15872 7647 6242 12886 10514 504 16333 12466 6570 3244 10516 1796 18221 3699 8541 2557 7079 2480 2103 18685 19766 16806 10579 10334 856
11567 5452 18560 278 1607 7672 18172 17466 18271 15360 3438 5556 2506 6625 42 9264 13954 3699 12866 10069 14883 8798 8149 5718 14658 1166
11393 8996 532 16457 8277 14808 16147 19455 5334 18315 9703 3751 3823 15542 2607 15692 2509 2105 5618 19733 15516 10953 12793 8032 10030 733
8622 16452 8222 9024 11450 3733 19058 10097 16121 13934 7408 19237 9025 10846 10853 13681 13997 1548 7806 19293 2411 1550 18771 10005 6887 6041
9153 12501 16920 9927 8849 7657 4325 6436 3257 9392 2665 5489 6099 12187 4698 9844 6192 14806 8894 8428 11862 7958 14910 9935 11053 15323
12762 11112 18276 15848 15172 18652 10211 15612 5837 10845 3541 11959 5738 12959 5691 7106 1083 10113 16649 926 11898 1884 18442 16298 11938 13939
19027 9451 9709 17065 12182 207 3727 4919 158 19810 4147 12982 2267 4291 14650 15383 15639 8173 4780 6534 12275 7071 3723 2995 10731 10595
7645 12225 6153 7208 14218 7155 11237 8648 10954 2483 17747 8505 15258 9616 11629 1913 16349 6266 17567 15429 12446 15461 14894 7290 2117 3611
17216 2100 3526 16625 5071 13418 13745 14279 16193 15581 17599 16846 14888 14548 6079 3904 11667 7701 2748 848 14228 3966 1818 6283 13316 19291
11165 10003 13192 13274 5477 7245 5239 8741 2967 7443 9564 18423 7688 3002 15216 8485 9427 3826 15620 19202 15351 6389 15858 8019 13217 9906
2682 7723 16689 7401 15871 8341 5551 19602 16513 13995 12284 4174 10665 13620 8971 1716 14336 3469 1686 861 4506 19744 15583 249 12571 17895
10524 19284 12437 10181 11700 17312 13175 16842 5901 8976 15834 15907 17674 12427 11224 15049 15172 1099 13393 14815 1139 11576 10028 6168 1481 6537
153 9400 15276 3005 10907 7873 13126 2783 17252 5085 12705 13490 19132 11348 3631 11021 10700 18458 4224 10993 4747 1745 13663 7168 4138 12197
4947 9685 4502 18322 4434 3568 8599 11507 14128 11125 3466 15285 4801 17333 13680 16573 824 10292 10822 2846 5770 5284 8870 16764 11251 18417
9132 6636 16770 9872 12801 15391 9005 8271 2008 18000 7927 2363 3606 17909 2439 17049 871 19957 14457 9775 6193 10602 15742 14593 4326 10011
19529 17995 2646 15713 6515 13847 4097 3322 13034 1677 5880 12367 3130 14101 9443 6440 4181 13505 4931 4028 3291 19294 18238 10022 14517 8132
18800 17590 14668 9365 3710 14677 1951 7399 19339 7442 11397 15189 2653 12635 18590 5037 11515 6373 5563 13906 826 1426 3430 15732 11583 16330
17364 8695 17356 12541 15663 12596 19068 266 11138 16543 10005 5262 1794 4111 4828 8105 10084 2124 15785 14931 11310 17605 14165 2164 19701 499
11466 13821 12175 6204 7903 1269 12367 8889 14193 6284 16999 2216 5604 11213 17079 7367 2624 1336 4347 11760 7059 8332 15250 19943 11626 6019
1592 3165 12661 3946 13375 2829 17112 6986 4363 18748 5687 2809 7956 7025 3490 1393 2214 504 1355 13411 12553 5822 10457 8139 6529 19974
151 2987 9015 140 6726 16424 4031 16122 943 15401 3677 8934 14144 3633 16207 15100 9374 13711 10788 6984 11732 13654 1853 15222 13248 12853
1679 14904 4884 19026 17129 27 18460 11976 11132 586 6187 899 18659 4851 6410 15973 6194 4287 2900 19302 9613 440 3542 14134 4469 18646
17782 14899 15730 10308 15473 10257 2698 12669 17542 1213 9852 17881 10824 17111 18505 15871 7094 17985 423 16573 12069 18894 547 17536 7209 3089
15543 16259 5729 14871 10401 855 415 10124 7891 11294 3053 3487 1383 1882 16757 15223 14917 2917 8383 8436 16576 8732 16140 1221 886 13799
14431 1149 10491 17440 2708 2753 2418 9830 3071 18534 7917 6943 635 17116 9250 16504 14682 2575 6110 4255 13415 9047 14232 8819 8044 12253
1008 11756 5106 1076 8022 15858 9202 10975 16645 18225 9079 12662 18577 18109 2250 19647 338 1326 18022 564 19547 11327 8718 9595 4226 18527
8433 17599 1879 5370 19084 6345 12858 17119 14954 15190 15347 1674 13703 3893 1824 6979 18711 9752 18197 8983 7349 16493 15567 9668 12983 8138
14113 9823 13166 4075 12554 4014 11541 4593 8674 409 10516 925 916 12498 17168 1843 15513 9145 6796 15593 8439 9851 15045 8358 1033 19486
436 5026 16818 1027 4539 4812 19206 1591 5194 5899 6205 6369 14123 1054 2786 13951 1717 13429 19153 12923 13200 7189 15193 15849 19115 14938
15700 2319 15108 11369 8527 9427 13275 1584 19199 9182 17482 12179 10220 19741 17553 12021 12049 4905 1942 8600 16899 9250 16621 13408 3946 7028
17212 1303 19559 17069 9229 13252 3937 4221 18937 17623 7727 5616 11846 822 4275 11210 10147 11220 8986 7234 18632 6265 13447 17233 7 740
9893 5556 16147 2434 10646 18069 16172 10274 19988 19918 14189 7693 11202 3277 15767 15288 14726 2093 7276 2201 18483 11879 5034 10451 19724 8377
2077 19550 1145 903 7242 221 12169 13828 11384 2387 8087 3944 1607 7510 3770 15574 8779 13423 11130 6086 16916 2228 17524 9690 12996 14504
5204 2317 12590 3318 2136 1619 16601 1382 11717 15256 18039 10116 19110 5376 19916 4760 12241 11859 11511 1678 19912 1247 6141 4677 15558 9014
14855 15743 19019 9006 9557 17685 5296 8067 13599 6409 5598 7837 13582 11221 17256 13733 10960 9236 9841 648 3875 5186 16684 19528 12776 17094
9435 2394 12289 13377 5020 3164 6746 19428 15889 9373 5782 15581 554 1921 4428 4074 2523 2473 14891 11843 2477 735 6828 12315 15925 8991
790 13249 15607 12291 2648 19130 2655 15665 3992 2674 4914 11387 14240 5764 15324 9552 16995 11828 13167 12151 16146 10579 13307 16124 11671 16632
8941 12786 15099 18486 18315 6823 17558 7673 17161 19682 13637 16468 57 4154 6683 13975 16755 5135 19619 12229 8913 6074 16872 7289 1554 4503
1044 15074 3963 6438 9248 6098 16430 8133 11802 19849 2902 6037 16343 4936 17887 2150 6420 1036 7226 5608 6031 8346 17274 5724 17550 8415
13078 19230 841 8029 533 8789 15181 9410 3324 11440 10137 1088 20 17549 896 18184 19386 17301 6973 1857 19109 10869 19628 18327 14630 19428
15618 19286 15403 8803 14431 13214 2091 5873 16014 18359 11511 10692 7727 6379 2939 709 5247 14154 9843 8803 6363 8008 18933 11674 14721 6824
2770 10856 3992 5654 5066 14267 4002 4837 4058 17611 14309 5602 3588 5158 6897 9710 9972 1918 6135 19215 8020 15116 2106 3318 218 11894
11774 13411 18103 4157 15817 8493 13796 5473 10196 11876 8540 16665 17414 13245 18605 12803 17200 19431 15504 8778 9944 1758 7384 12400 9070 19716
8801 15397 11397 5662 2015 12521 13215 883 18179 814 9209 3491 7380 6902 12291 1237 11927 14742 8546 5926 19081 7327 16743 16939 3091 15943
13902 17630 4737 6841 16800 1991 5789 19614 16954 6463 10250 8804 3733 8128 7267 16885 16615 14799 14273 13941 8917 9284 17223 16789 1034 19089
2258 17671 10628 10071 11502 8004 14431 19634 3516 11250 18060 10769 4062 12724 8497 7722 5071 15447 14853 14859 5201 11103 15316 14849 18094 6820
4223 9632 15220 1337 17358 6288 16626 12226 1467 10863 13930 5093 15275 8000 4488 14135 17204 17122 11010 14817 2764 16254 16926 12284 14178 8107
8261 19955 9180 4950 10772 11457 16186 14461 8675 13603 11082 13960 14932 1407 13406 10175 3458 17267 19656 16561 892 16572 8799 7931 8737 6970
7162 18962 557 7701 12823 2097 1332 2711 7981 8458 12881 3487 15830 6803 7697 15515 3376 14500 11615 9633 16598 19611 1871 17025 13015 18731
296 4695 13227 3298 17139 12870 2250 1210 5067 838 10484 9652 9579 14539 19205 11350 8201 7855 6920 4671 11934 11309 14565 10264 8251 8533
13439 7217 7092 5120 16255 1652 14086 14692 5585 3933 15465 18208 17738 17468 17007 14216 10558 18295 3462 3613 2686 14592 19752 16435 670 13074
6547 16763 4457 15738 476 16559 17443 2022 13897 7732 1835 8819 19284 11179 9730 1375 2865 19749 13613 12723 8356 4880 5180 11123 6951 5275
12475 9259 15408 1969 4378 16213 1108 12863 10944 14016 17428 17733 2460 9690 7460 2877 4847 3000 16060 17498 12812 4943 8014 13097 228 3525
15640 14184 7681 17848 16488 5189 18389 6751 16976 15527 8494 7496 5091 19023 16433 18735 3905 12819 16497 16413 4215 15982 5103 7454 10816 14642
15133 3265 19031 18559 17355 16975 11418 13919 155 5308 6104 807 371 16359 4276 8583 2077 16004 9071 11461 2237 17407 6682 11911 4875 5430
7242 11308 3239 1888 19343 2205 13874 11514 2801 4066 19131 18084 19620 10172 1708 6844 5746 6885 4932 2985 11124 932 6165 118 7770 2882
4301 17238 594 18919 13243 19760 19996 7821 10485 5226 6965 14579 6072 5707 2319 1598 19932 2115 16450 18146 3331 15965 14470 2058 5151 4982
10207 3350 17122 99 8399 13471 15008 14071 6321 13899 1618 10873 755 12710 8818 2346 5958 18406 3621 7465 18749 882 6775 3469 5574 15557
6100 10784 7283 13761 2693 1456 10284 7100 8345 16102 9483 18467 6166 5607 1108 9810 2476 10166 15261 5939 4248 7374 2778 19513 11445 7839
13537 18821 1364 2658 17855 10734 12872 6147 14569 18867 3864 3199 1402 2869 13115 2606 10168 7148 5572 19785 3597 13002 17576 8589 7410 5531
19482 13329 12765 4873 10146 15680 13426 19960 6581 2447 17443 14776 14696 670 2570 15615 13309 9171 3464 2685 9404 840 19243 4784 2806 2768
10734 6259 12908 12872 11134 16630 2634 16787 19865 1860 15555 9043 10302 5273 7275 17626 12196 10661 17117 14564 1081 17950 4581 2806 16461 11200
1461 19956 16583 11796 13494 1710 11332 3795 4044 2552 10911 19286 13200 4474 20 9419 5484 1622 15194 8737 10754 11808 2905 9259 7510 5357
14523 3134 19808 17499 11985 1845 4679 7412 5240 6963 13305 17023 15653 5487 4196 4100 17823 8106 14194 13907 13617 4343 2027 11704 15291 18258
5050 16096 12958 11821 16857 11506 12137 2109 1846 5788 1036 18327 5336 18907 18164 1695 16214 17457 14506 12527 344 15682 15416 7767 18727 7074
947 14277 3216 157 6481 16150 12384 3178 18679 9134 1065 2095 15200 15399 6875 3501 3904 552 11073 322 8619 16840 3941 19361 19762 15865
18069 5319 7467 18233 10781 16509 11317 13666 16294 2147 18888 1072 8703 6578 4284 10570 8566 717 9143 5490 15406 19914 17586 8976 2190 15612
3506 19434 7694 16162 12799 4658 1530 15999 19518 744 12131 387 805 1948 7260 9805 6947 11386 12185 16811 17415 492 16322 17552 13381 14167
9974 7318 4960 575 72 18504 13494 12344 2488 2524 1691 11278 9835 3667 6571 12826 12814 14794 664 16207 16156 8000 18959 13993 3728 15135
5912 8179 13237 7246 3588 18391 18455 14103 15205 69 1807 11879 1804 2600 16509 10931 18241 1394 19941 13861 14416 5283 19923 8349 436 12275
7467 18134 12949 9948 17139 16278 1274 9019 10416 3408 12286 19078 17831 171 5523 18292 121 10972 10655 5180 5223 15306 11280 8375 8694 11068
1669 15041 397 39 7199 17720 12516 307 8581 13790 6288 4777 6404 2736 12104 19711 573 1184 9803 8591 18302 7021 4674 19647 7816 18789
4460 6639 14284 18955 18635 12258 13805 15543 2015 17077 3824 11017 11497 11868 3651 13899 7070 11354 15149 4960 18341 19356 15039 11504 19752 14384
8377 18589 5946 116 16000 14642 1230 7386 5519 5613 17937 8086 8347 16297 17856 19592 15533 4058 8091 19119 8667 8243 610 2201 12358 600
5957 3942 13438 9487 5751 19782 19646 8429 5798 6845 15601 12542 2271 10363 1608 17896 10375 15814 13425 10872 9653 12502 17789 3452 14221 11095
11831 12686 3388 14898 7930 2375 1279 8232 4371 170 1955 19734 14583 1923 8763 8185 17776 5830 12901 13499 13356 15210 16081 7853 2334 11987
11174 16729 1638 918 15842 2315 8029 775 1921 5280 16575 19886 4901 14016 12551 2592 14904 16112 19622 13762 12085 14508 11241 4450 1744 4884
17281 10955 11137 3710 7725 1547 18910 10039 18370 18254 18565 13226 16890 15724 5046 6578 2444 12576 18949 1505 8242 1636 16558 10082 8872 19290
5165 11896 5596 17191 16191 17893 13680 15133 10666 3929 8792 15221 12671 3442 19956 1993 2688 4878 9389 6174 1875 16914 10095 3053 3558 17964
19146 4226 18953 13852 19804 1843 18080 6820 4640 4209 8384 8400 189 1560 4229 11932 6661 9842 8339 10161 15989 1791 8997 5818 13739 14155
13086 3122 7494 14777 1889 6165 8793 6484 15339 14343 2870 17315 13598 10968 1534 1507 14640 11831 10991 9306 3896 12401 19652 13297 19087 11418
3680 15567 6546 18427 6135 16144 7818 5792 10938 10461 12058 1773 2459 3668 2438 17681 15227 10462 15630 17574 5982 10278 7026 8535 16832 16633
1609 14558 11729 17685 3329 8847 19115 19042 10088 18594 19244 3490 12517 16399 18246 1657 11080 16246 18586 19173 9381 11800 8451 5807 18602 4810
16086 4217 18493 5308 5666 17459 9614 1148 4766 10097 14509 3176 14019 14974 693 8796 6281 10611 4782 4278 1568 6623 8081 2603 3139 13195
13819 13255 1990 18002 3610 11990 14007 4652 11469 1480 17675 18417 17135 10284 155 19554 4734 5369 4901 14844 10531 8818 4395 462 915 16986
6862 7262 169 10172 18275 16771 15395 7692 13688 1718 12623 18805 17297 11209 11173 15792 15178 9030 18274 3736 3316 15128 1522 14888 8784 7946
12186 16026 10455 11018 12712 5777 6789 19253 14804 2477 19978 2657 6857 13788 16269 12465 3570 8617 11513 12370 8608 2475 11159 11342 4858 4889
425 99 11049 5946 2043 18452 17864 17508 8208 10822 13940 11107 13255 10942 5148 7990 17812 5901 14504 18289 15215 10749 15217 5855 18882 2706
14392 1074 7060 16903 4472 2449 17645 6989 3208 9343 1621 266 7690 19309 14378 5520 12542 12283 5331 11910 9334 4471 3991 17973 11661 11361
13901 19547 5331 9525 16258 7227 13840 8696 13512 19163 5326 2382 3320 19185 17576 15437 17965 1639 10659 3577 13464 18539 12297 3744 1461 13989
4213 19157 2312 4456 19423 5761 1325 7081 14719 7759 17356 2329 6778 4326 14525 19647 2037 17500 15326 5239 17366 2149 8989 14465 3597 18135
15206 14016 15790 4406 15350 8193 5463 12451 14451 5153 201 19438 15480 7483 8156 14384 2593 3627 1713 3289 19709 2713 11688 16005 14385 11219
13673 4807 12569 9165 17538 8143 2690 7427 17922 85 1880 1447 10914 693 10504 16112 14368 8370 5455 5456 3827 6509 5510 9036 13274 8687
19324 6999 2472 8626 12148 13697 7064 4380 3684 9143 18057 7308 3587 3588 7806 16534 1826 12241 1569 10661 17722 5497 9908 5377 5795 2190
14415 18848 3481 1510 17830 9191 886 12720 17527 9865 14237 586 9630 19856 15840 19652 11503 15245 5423 19769 9687 16167 5651 5237 4586 14486
11985 7494 5662 7896 2667 13121 12676 13049 9845 11690 12796 357 5530 14509 11111 387 14706 133 9351 3968 12208 14751 644 19509 11377 549
19510 10916 1341 18577 10544 243 893 11666 6666 14821 589 11093 6086 2122 18042 17862 835 1156 3290 19205 3882 12831 10200 19120 12523 10965
18684 3869 17062 11129 2785 18403 16616 16264 8844 7761 10082 2545 594 1634 11210 8988 6572 8983 10227 15410 13539 4916 7229 3280 15924 5083
18497 19265 9660 11439 18595 435 744 14645 4785 13028 4127 833 6217 1289 5883 17802 14896 2963 3631 13820 18745 18519 7798 10428 6826 9426
8517 2849 12783 1414 1368 16265 11249 13633 770 11385 14787 4 4586 6537 10160 10110 5690 4834 15256 2872 2597 10834 12782 7197 6299 12958
16916 1601 5946 7117 17310 18144 18991 14926 17750 8652 19420 5181 11830 6582 15141 18307 19220 2064 3442 19281 5323 8051 10819 13568 18152 3057
12935 14741 14222 11592 3759 12682 516 4919 8867 13018 16750 1163 6067 1713 19389 1906 17708 13596 7720 3597 16148 1103 6001 2022 8504 1005
13986 5848 18570 15509 13791 5072 2650 4774 19322 16493 8833 7715 7807 3925 3867 6359 9539 13036 17396 4160 3658 17664 12862 17374 5166 14643
17802 18883 14381 13819 10922 16065 14471 7932 7219 3818 3796 11555 14042 7845 12479 13345 16337 4367 12847 3856 15134 13375 19648 19537 8029 17214
6993 1948 48 2535 18325 15042 18727 9954 12198 15346 16183 5061 16245 16260 11784 671 4827 18975 18720 14366 15034 11298 2142 3447 13165 10879
10328 15703 18695 8136 15887 2495 9669 1321 2264 6109 12127 11037 6350 19529 10007 12228 7897 7974 8544 16433 15637 6318 9655 16509 5108 14668
19410 10651 935 6552 10225 15700 8026 6158 11540 9355 10135 11701 13890 14424 14069 161 16933 6559 19950 15329 15054 14138 16700 1881 16947 16742
10646 125 517 16235 15235 16670 9340 4237 3484 16653 12284 433 19070 193 1179 18116 11112 1303 16228 8824 10286 6073 10416 14538 550 3209
19924 9473 16959 7612 5055 1767 16977 4872 829 19163 3140 117 3417 958 18152 11870 2763 3151 6428 308 11572 6692 11952 14111 7179 9753
1563 18911 6372 19537 1702 16954 1275 2043 6720 19657 7390 8374 5583 13681 17673 3461 2855 5644 9535 3579 12236 17483 18835 3546 7690 6292
7378 14314 14491 15293 6926 4786 6418 2299 16016 8402 11157 7286 10244 4971 7834 1949 10026 4960 1681 13151 7244 18522 13746 15469 6205 3827
10036 763 6158 3747 86 1791 18576 13800 1985 2222 5937 9871 2514 15506 239 4891 14937 572 4953 15537 3543 1042 13512 4329 3059 6168
19865 5691 18247 12844 12094 560 16105 10780 15391 11629 1349 7199 7311 14660 17201 14801 5426 11206 17570 9195 15504 13413 19897 4485 6825 7365
14180 15326 1943 7535 18175 14968 825 17954 6109 15196 12096 8100 9587 12217 3949 8673 7445 13584 3542 5904 4653 12144 15596 19950 6869 773
13624 5044 4871 17681 10977 14389 4189 15884 10548 13372 10819 4010 6323 1528 9160 12002 11484 11763 16046 12855 14891 4882 15708 15280 16456 2422
7355 9862 5980 12465 4064 8618 5777 14526 8294 16880 1319 12111 755 13837 10470 8220 18872 19827 11289 14887 17829 10942 1910 9800 107 540
692 10687 3240 6374 10702 9102 16616 13465 1365 19035 10678 17396 16384 1195 1644 10346 19449 12690 5351 7639 17151 4065 1784 8748 14464 800
16758 4750 5142 2959 222 19948 8462 1889 9533 1069 4874 14341 13918 11335 18075 2765 3926 17609 14193 14239 3178 16765 15380 14162 16500 6965
15566 14277 10968 19821 13714 19091 14366 17857 9742 16872 18840 10556 8276 3355 18788 16519 1714 11706 3969 7320 18648 1893 11152 1974 5738 14486
13151 3545 4025 3974 12989 2081 6174 12554 16629 10118 19821 7816 11419 13983 13116 5818 16334 18962 3864 11565 9798 16114 5953 6482 2173 6571
19745 10040 9559 18492 8827 10782 1596 8145 13215 4736 14092 4519 352 18382 5219 5457 6450 18674 10875 3724 11700 3654 15798 2793 17660 3959
1144 701 5015 12764 18082 1202 4914 18345 19977 10684 19772 15851 17761 2974 8749 18355 18835 15632 8922 1713 7942 2720 8692 17185 5546 17816
6279 12468 16720 7177 1095 15119 8069 16783 3941 3362 8916 6111 546 11057 17325 16766 3023 231 15109 12801 10285 12995 7936 6423 2646 15869
12716 12167 4297 3675 18582 9570 3926 10873 13981 17080 14677 15492 12421 6419 5879 6657 12813 5194 3282 3023 10278 5129 16771 4478 19246 18161
14754 3296 13910 19071 10141 1822 12319 10245 17295 16582 13978 17246 2176 3559 19160 1316 16177 16089 8231 1763 8386 233 12287 7982 11283 19016
18385 3426 11652 15974 17735 18411 14209 12232 9186 12014 1423 18822 1418 956 9100 11085 11912 13457 17281 5469 18720 14070 630 1407 15314 65
17299 1066 4991 17207 17350 8089 13676 439 905 17726 14332 10806 18876 18311 819 13856 6555 10574 1814 14496 6458 6854 13474 17316 14567 13413
4924 14385 10542 5058 16755 15837 10379 12139 6489 430 1209 13557 13796 10847 3950 12528 4865 237 8153 3230 9729 18810 17943 15260 17771 4443
7096 13570 17252 17869 12951 16937 11104 3502 9867 13296 6294 16744 2459 3906 9226 251 14621 19361 2791 7498 16058 12578 6653 904 11926 19316
3340 5295 4374 3161 12671 13083 5774 5048 9826 13717 374 920 14811 10070 19446 15886 10530 3767 17870 1860 10272 15600 1922 14752 68 15750
14840 10334 13362 14028 5923 12691 5021 17699 802 16673 18616 8498 7849 7466 15305 13761 9452 113 7863 8647 12729 5620 19906 14644 17469 18724
15811 9390 15156 9992 12643 16177 9381 15332 6557 12916 14291 8330 7053 9524 12992 8175 14191 3529 12845 2344 10459 4952 15006 6816 6355 15249
12760 14276 4920 17996 12510 2754 17904 19009 5449 16006 17359 17225 17771 5966 10853 14547 8785 10884 18274 5495 1473 16100 18614 6824 10578 16780
16663 5996 14873 892 15546 15974 17690 8079 4667 13431 17310 14806 19277 10495 2779 16962 16887 16901 8097 15667 6606 7469 16488 8020 18108 1829
641 1086 2410 3924 11815 12227 4930 3662 19655 3204 17056 445 805 1265 753 14840 7657 14690 13958 10843 12087 12938 14416 4674 7628 1394
4395 12287 9951 16133 8695 12084 8311 13116 18699 2958 5900 8252 1977 4579 14097 19198 9691 7030 17364 18249 1208 8372 10779 6750 3893 9210
7773 1174 11348 19227 6232 8692 17165 17075 4252 1709 16595 169 9778 3884 2522 13487 18032 9226 7666 14942 15885 9639 15199 13192 6215 6361
5917 1515 10544 9957 978 6195 4633 18657 16008 15174 13570 18736 4086 1252 5547 5781 4048 3870 16764 9439 13784 6524 12933 9476 3568 13673
10435 3976 13704 9056 5201 2498 8123 6886 3558 16838 9132 6447 15166 6355 4063 12040 18361 15081 5046 8473 17965 19352 6730 10016 1486 16012
8904 8252 11398 8399 3664 6156 14811 18382 17315 2167 4870 3291 12970 9169 10481 7430 2937 10754 3262 4789 4122 15735 16753 7076 8834 13645
1587 9723 5859 18362 3573 11490 829 5467 4758 2177 8077 3058 5379 11013 17904 6435 10910 14426 7844 15048 16247 12908 18142 16187 7325 12999
6161 2986 12564 13911 4004 2349 10923 949 13602 9051 9989 2017 16543 11886 13155 18439 4844 17854 7760 13865 612 1798 5797 14053 7179 2853
19373 8190 18246 18237 4964 11259 13406 284 5752 15510 8371 11640 3816 3233 8703 1631 15740 1526 19226 14918 19694 9916 6420 12970 16467 6254
4833 10897 7650 7241 13296 3574 16444 16625 19310 2626 7978 10127 12274 16559 8208 10029 6303 8087 5587 1716 12409 10442 16887 6467 3167 2400
6230 14171 8588 10380 4577 6622 3197 13672 7527 1786 7384 4566 10019 444 12577 15114 13694 6603 10936 6939 12923 14399 6723 6946 11043 2972
19560 1229 4083 3016 8177 9212 18928 11287 1200 10859 2898 14584 17133 4780 2887 16426 3768 7701 18733 12435 9619 4814 5461 1125 17110 17000
5695 19291 6183 5909 3330 7901 4028 14632 16206 11043 5582 12641 4260 3354 10098 968 13641 12170 948 4700 7011 14701 5860 2163 4061 18964
9620 8122 1661 7922 4143 8521 12008 6131 5274 5936 7678 14197 2025 11290 11022 6762 161 3438 8995 13034 17151 10389 6125 15973 16499 18945
14179 2003 5907 16082 4943 14893 17529 4245 6895 12580 17910 5811 5862 7890 6200 15245 6739 18465 19231 4185 11635 18566 15755 6164 8518 7645
13110 3613 11745 16908 14212 1953 470 19077 17721 1587 4251 13050 17104 7330 18960 7168 15401 19930 6247 12585 6708 9554 6171 10714 12480 17587
9275 3566 1293 6421 11616 15549 15514 17611 15149 8814 18920 13227 12028 4344 13134 7221 4999 3701 7800 12183 13363 5666 11840 14403 19684 15926
7732 9250 14431 624 6890 10972 18853 15035 1938 2931 16039 7358 14927 6055 11404 16042 15794 2384 5716 1678 7545 1114 13228 19907 15475 10398
1690 18454 4564 5962 17865 19418 18931 3485 15949 12242 194 15223 17285 17892 18598 9364 13730 8556 9750 19839 6567 1469 19132 1540 15414 6795
15206 7814 2943 16401 6677 2906 13298 14537 13048 8708 8474 8510 13961 8002 19931 10816 16805 4582 17132 13244 3180 7853 10998 8051 10981 10851
1787 10433 6264 14317 12555 8884 11787 2407 17571 8060 2256 9510 9065 9668 12224 7745 3919 11183 6890 19143 10127 11010 909 16178 7401 15345
17726 1939 15125 9336 13445 1732 17274 3369 13707 9541 100 11092 6872 9857 5486 15005 1034 9543 2024 11092 5476 13115 19166 8790 3677 16273
15917 19532 8399 1914 5648 2816 13514 17533 19158 19264 8717 17577 10961 2236 6930 15439 7428 17515 18137 9548 2384 11697 7879 8804 4090 16061
1202 1308 14873 7808 4140 17833 4952 16650 11553 6803 18824 12834 924 8418 10725 15785 1574 19869 19161 17185 5490 16903 11808 14819 7861 19874
11129 13647 11745 15865 8547 4515 4704 15568 18804 14961 7947 3929 2607 19208 18312 6284 19965 16120 19538 1836 12735 12775 631 8021 17171 15252
933 17531 17927 15386 8851 6811 3528 1411 9804 7420 11256 12584 19736 13714 11073 17125 825 13168 1290 3020 19747 11578 4881 14273 5973 4504
7414 19292 9672 11422 10104 4011 13322 8368 109 10283 13918 16685 4090 16657 19805 2040 3896 645 8758 3806 9043 4776 6765 595 15702 7702
1569 1946 12427 18156 1805 14919 14939 19213 165 17851 1645 499 19188 12512 16782 1500 13605 11785 13927 2530 9839 734 4118 17037 8641 13406
17977 789 6392 10059 1168 13984 838 8493 12644 3438 16196 14424 3855 1331 18955 19573 10856 6159 953 9838 5645 18090 5090 15974 648 3290
