365
97 33 1 75 92 13 36 73 100 52 72 31 82 76 78 3 76 60 15 73 31 13 59 43 43 67
598 8676 5533 17809 9451 4760 19971 12087 343 2245 4110 3644 18737 862 15738 12843 7301 9376 17917 5111 11829 12066 4041 5195 5319 13074
8652 14822 11928 18280 14433 14698 3236 1019 19044 11232 9402 2080 14262 5063 15879 19032 5098 18499 7974 15431 3373 19550 16787 16156 5498 9924
2735 13982 6034 4235 17872 18156 7715 16612 16946 4495 4272 17902 18803 15799 19787 1982 4089 18752 2732 1834 9314 8087 5970 17162 18507 8114
19655 1841 7206 17629 15242 14836 12456 16782 16605 12038 14158 3037 5005 8164 12454 19830 10343 19506 19539 7770 13045 3387 18967 6128 2405 11420
5786 2122 18720 8502 9559 6310 14550 10835 16433 105 3385 2363 6511 15437 19945 5110 14286 3099 2809 16703 19764 7438 19441 13443 18597 6020
9907 10004 7401 12068 8698 2899 7429 14485 16444 3465 12231 14386 14733 822 17262 8961 16945 13563 354 17229 1242 6045 17023 5713 10798 12093
722 3076 11149 644 5586 7645 13525 18699 894 13633 19294 8952 541 8660 11642 5942 14057 15416 17511 19034 11860 1988 11693 15388 6868 17677
14424 4740 17256 19888 17925 18635 15080 8330 4010 19346 1445 10777 9611 6308 16908 7683 6907 8595 5515 8837 10065 19104 6232 8696 9812 15000
15110 2714 14075 19817 2248 14041 15425 956 6704 13846 2140 9799 348 19565 6806 9039 14936 596 17128 10857 12397 16432 4067 8561 8576 9644
14319 2221 15335 93 15294 6482 140 18820 9656 14841 7571 271 11207 2777 13638 6512 16037 15437 15976 2208 17055 7914 18328 7267 14258 16685
10577 13831 12321 19714 15027 552 4465 14207 19369 2062 8870 11347 14019 7728 11416 11845 2450 15612 8216 13934 10658 1911 1648 16264 11245 1118
12336 11359 12868 15400 15939 14258 2033 605 18229 412 13128 3904 3016 9335 10770 9925 17219 15241 70 8482 16502 8182 11460 2534 5845 2356
1402 16119 19823 128 16644 14869 3899 13652 14445 17636 15243 5969 13434 17980 12583 18411 19793 4395 7288 18397 1574 1813 1092 3454 2115 170
239 17557 12246 14232 636 18058 776 929 18560 6533 5046 6403 14037 15865 2477 15988 12572 14607 4702 9730 18691 3681 15944 3637 18494 7438
13518 5733 12920 1791 5025 8474 12576 11086 986 1694 2877 19460 10815 8721 19620 11885 8397 4835 15878 16572 8397 5098 18454 10470 5449 9532
648 9233 10181 4224 11132 1121 16309 5324 9364 3655 1929 346 15725 1232 3324 10640 4110 5727 3716 1557 3588 3408 13063 13042 9594 3948
15722 3473 2657 15082 8825 8738 8872 8824 3576 19599 5610 17353 10792 5243 13469 17193 8780 5182 5933 12158 15532 4253 17237 10595 5634 402
18483 3918 2799 10136 536 16822 13875 7683 16876 17035 1719 14013 2786 6322 315 17926 293 7819 11769 9958 8198 15479 7983 17325 15375 16610
10805 10778 15621 6237 14580 18547 4029 4679 12674 530 17131 17701 8231 7828 2548 11129 12283 7910 9716 469 3664 10510 12204 18380 11591 6646
12335 6767 12101 13735 14891 7270 396 14376 17691 9664 19720 11676 6747 2273 15804 6520 2814 14145 2569 10953 11418 16097 10811 8541 15025 13946
4244 5740 5313 15478 14989 4198 14992 9649 108 17827 5835 8113 15231 19416 1916 1912 10027 16995 1577 9445 4536 3105 17920 15038 8004 17592
5238 13135 5692 13896 5926 11799 12953 16664 1120 524 16950 9203 7142 14604 1759 1733 1111 10849 13440 18094 19818 1793 1530 19816 12298 1271
17772 7420 10916 2916 15449 8825 1029 5782 5320 2055 17857 5377 6827 336 10268 9261 14132 5623 8119 15468 13716 13213 14091 19152 13770 6919
4311 8653 5078 12468 13820 9410 16801 14766 11064 2741 6982 15861 4355 1628 14313 9244 16971 554 4431 8153 10955 5236 9106 16765 9503 3900
5063 6168 2766 1904 12211 10611 7374 16060 17440 12494 15107 1015 4794 18552 5431 3844 5347 1230 12443 12003 19267 11857 12851 13473 14275 14030
2553 1881 7219 792 13905 15114 1223 1441 10571 3962 18497 17761 13834 6678 19553 2953 16141 11224 8429 19396 6742 1619 18665 6569 19963 13197
18201 5211 448 15624 18802 13385 17381 3691 365 676 19960 5749 18308 19852 11103 14255 925 14828 10720 7509 11201 12966 12974 12634 14835 11918
12276 1821 19770 8356 11338 10170 19199 17608 7193 12890 8360 6546 4260 5944 6728 4969 5395 15470 18974 11776 3970 3182 11865 11573 15228 11469
5580 18275 19764 7334 4160 1863 5327 15062 19487 9942 5104 4687 2056 7050 3119 18225 6066 11489 8952 712 17962 10018 4957 1169 18707 14806
10391 8548 11619 3941 4101 14669 3516 15584 927 12603 19576 8286 1688 1127 18485 2249 18370 11960 856 5277 54 5213 10399 1760 4772 15644
9810 14584 3152 14055 4991 13499 16501 6746 7995 10734 6477 10432 13905 10919 1058 9232 11960 10778 19047 14200 3737 8058 16508 17751 2213 12398
15493 13189 6672 9236 14257 11497 15568 12684 9810 2291 2786 2844 1994 19914 17165 4992 8473 17970 5020 11628 17383 17359 8465 6368 1400 1679
16374 3009 12345 521 6565 6059 10303 3051 15823 15453 17401 14982 9715 8985 9673 12064 9295 8576 6203 7704 9132 10074 15590 8214 13385 1296
6582 768 19934 17778 3416 17196 1731 16708 4612 4470 4642 16191 1964 18685 4928 8173 3063 16505 4831 11610 3574 16666 19732 7261 17846 11520
19362 9626 10415 12700 11527 19537 14322 5939 17144 151 13582 3964 13828 3829 7199 11301 38 17790 4587 548 12074 13855 13146 4486 8328 10665
295 7985 3404 1939 10638 5668 10786 11587 8956 2863 8739 5601 2605 14108 2182 3819 16425 7678 6332 4178 3440 3844 18919 9079 12528 16640
10805 16003 2716 15151 17760 753 13704 5432 15038 14635 16177 5280 1511 15343 17477 4030 10777 18504 5485 13858 3167 1816 11825 17857 18729 13463
18021 2029 16208 301 18747 14036 5757 15661 16394 7294 11982 15727 14119 10038 16840 11374 18527 18946 13283 11046 4652 9173 16584 2346 2129 12705
1403 18855 17764 6118 19768 19435 18494 15572 12966 11984 2581 17112 18056 18540 17779 14871 12316 10719 1218 3761 16156 19853 15164 18683 19440 10489
8612 5573 3648 11496 16468 11103 2333 13435 12265 12837 13592 17939 14936 12014 15748 15423 17079 6322 15504 6729 7714 13955 888 8882 19971 15498
18560 13308 18629 675 18356 19425 14875 12024 13982 1999 5045 6307 10102 13092 7749 1636 12311 16085 8700 17249 6856 15712 9705 7039 8789 4689
17595 17742 5270 14212 5070 1211 8098 12647 12041 16513 16027 9442 13425 342 14126 6765 15082 10165 17486 15127 1905 4868 8479 10885 5105 9988
9601 17248 19164 13283 15942 4371 9271 16899 1989 3272 9466 1152 16447 13114 13234 5215 14365 13175 19111 13668 19978 15446 14776 6695 12370 9225
18765 9446 8364 16114 16544 4119 11528 4827 8352 12810 14596 13426 14045 12510 19578 4525 3414 7904 19412 2259 10956 19710 7145 7140 5087 12919
18341 3413 5919 2661 19695 5120 4924 7320 19976 11989 14475 6111 3775 19663 5574 6887 262 6441 8018 15168 18492 1606 17941 2091 13499 8109
4055 4057 1120 8759 11500 2478 5132 3888 12882 80 14162 6187 6487 17880 19512 11658 4328 9386 12108 15452 19991 8822 7922 4452 19169 6554
3578 16491 15732 7896 8061 7034 18327 11362 8494 3552 16878 11493 13797 16926 16503 14112 16037 4719 19173 1241 17158 3284 3893 5951 2903 15866
11356 5514 16144 9783 1466 4489 77 2390 7647 6977 15707 14684 12631 19282 7179 16111 15920 14426 5629 813 15069 13955 14591 3159 4481 8639
15682 14848 7485 6147 3327 3321 16386 11131 12218 3199 152 15309 17990 10781 8760 406 4254 3604 11084 19545 4821 8839 605 18326 11739 7024
10426 12620 16597 17609 8114 8760 10195 9612 10051 3670 14212 15600 13957 2094 19329 13983 4792 16163 10641 7035 10805 870 14002 16911 10535 17714
3509 14363 4339 9649 14067 5936 8532 5512 16612 1292 18503 2573 7897 16784 10212 7906 17555 10105 8490 14125 9717 16468 17255 5473 3322 13163
16926 3732 6292 16518 18254 1192 12309 14559 8896 15494 1581 8608 621 3476 5457 7314 660 17285 13074 19456 7067 4161 14152 17542 18672 10733
8746 11083 5691 4206 7742 9853 17217 19397 16755 3580 15907 5693 4343 14767 3507 11181 5009 10251 13118 10747 8413 13399 4265 11461 9120 1085
16864 9385 3569 464 17105 11053 19590 13063 2208 19969 7343 8176 10179 9724 2982 14880 14812 12914 11652 135 14990 16708 10580 2709 17615 17119
16884 15381 10774 14173 5330 11709 14040 55 8639 1783 19216 10370 3119 1508 8120 5949 13939 7729 5628 1715 14025 14898 3074 2002 8952 14456
125 17289 10112 946 18019 10291 9 9535 9477 13325 5369 8866 5627 13621 4418 16286 3140 11538 18496 14664 7157 16623 2624 17987 17010 14109
3822 1253 19120 1402 5707 9811 5019 5884 3316 15563 2805 10485 11489 4473 8204 5957 10817 1232 18780 4575 5915 14069 17786 2671 12798 16180
9525 18732 11733 7661 4090 10537 2649 11646 223 7451 10869 17994 4125 7868 470 16176 2452 18762 2734 12543 18034 787 15872 4138 7287 12036
17160 7005 14415 12392 3972 5342 3770 939 197 7824 15855 7512 16727 14268 18977 5595 10954 3198 11621 15169 15252 12994 358 19275 2059 150
8492 9217 5661 10202 17893 9667 14014 2591 6270 16469 9783 13969 18397 8417 3104 10099 19987 3606 7507 220 13178 508 17503 1212 8243 4069
1838 14173 19068 6509 14209 19960 6667 1451 19708 11842 4082 18703 17421 13417 7908 8150 1927 16536 1412 10464 2291 825 1036 8331 8863 8793
19844 19798 11199 18082 19147 8845 6390 15584 18945 7309 18930 12275 12108 5926 6500 12 1447 12646 9755 445 15202 4877 13790 15499 18852 1416
17008 16538 5806 19977 719 2698 13581 13924 16946 14181 16143 127 1610 16804 13983 7756 9150 15375 16849 8901 12578 2060 11963 4549 5269 6851
17819 3782 17185 18998 8781 2981 16969 3183 13686 17584 16405 4824 7373 11336 12607 6070 9358 15247 5381 5017 677 10497 5291 11081 8868 6652
3317 8904 17265 4455 13831 5151 12521 17536 10873 6338 18828 17755 2831 7661 9541 1870 12730 15596 17993 3788 7212 9647 3902 5315 4335 15047
13336 9292 3412 12411 10925 1678 3676 3058 18947 16369 4770 19952 10195 3384 10681 18466 14173 12742 10085 8877 4006 15547 4414 16792 3912 5109
2181 12061 1391 4755 15750 14561 12624 14877 13019 17935 4929 1809 12982 2763 2467 8888 5607 1963 7533 1576 4715 17829 2318 9714 17783 17107
4952 8620 14183 14773 9222 3365 9650 9300 18354 1998 8462 11990 3461 10877 10283 10576 16443 7881 5002 14435 5640 14845 7863 15575 1749 4287
4301 13341 9757 2416 6773 5695 14035 13266 16748 11247 8743 18535 19730 10091 15048 6131 17243 12770 255 9202 1778 7655 6572 3807 18400 10247
12095 4230 6577 5559 19792 7016 14697 3878 5399 17006 14719 569 16185 9083 17003 14861 17722 16094 4767 7127 10471 8508 11260 2814 13409 4131
13931 16819 9071 15561 4167 8889 1919 1204 15557 12155 6139 17774 15166 14000 5839 2751 3078 16412 7242 6254 12806 12507 14797 18141 17797 11916
1555 29 12289 12735 12660 4036 11453 10407 2668 13494 17655 8403 1678 9588 4391 15740 9253 9609 14595 3098 12455 19975 18540 16124 2716 5349
16249 10516 12700 18676 73 1816 9034 13426 8468 6379 10205 9965 16797 17106 6737 12380 7582 10516 1460 11605 7713 15208 17468 4640 2099 8696
11153 14595 6361 9445 14350 15561 8320 7944 5616 14582 14463 18466 1283 1841 3392 11476 8519 644 365 12271 8897 15034 16278 5489 11038 7386
15402 14138 14745 18365 11177 4495 18500 5256 14849 4828 8100 15092 648 13778 4399 5212 19884 12183 18147 17897 4653 12245 3781 9761 17429 13190
610 7676 3441 505 15105 19977 18144 14199 11346 14435 9593 6116 13800 12709 8389 12317 13435 6797 7359 4567 17837 19166 12935 13379 7760 13487
12044 5398 5026 2494 16180 19799 19747 19720 16549 17469 2412 8694 4684 15916 18897 19950 746 5787 13440 8681 17366 7536 7215 19926 2494 8691
16391 16280 19863 5062 11741 5811 19385 6271 10969 19814 11689 3024 12510 12399 7974 8410 4677 11157 13781 7647 5749 6777 8688 15172 3117 3593
5132 1580 17769 12440 10950 2402 16556 15577 1688 2425 2600 10824 17546 18974 3955 1480 15699 19349 9582 8784 8287 1827 12530 14010 892 10773
11701 13311 12828 10219 9938 4597 13741 4500 16075 3568 13387 2851 2665 15673 5187 18017 12528 14362 9592 16674 8640 19960 4259 14201 4640 10429
7228 18737 13486 4785 12173 7246 11083 11470 477 3359 18358 10650 6421 12564 5299 12369 8410 8712 11995 15477 17463 15188 8361 19940 7189 15276
1797 13668 6307 19990 14611 1954 7703 4455 9403 1105 1793 9375 13061 16342 800 13666 14383 6351 5911 8508 5346 3774 7525 13065 14631 13778
11389 19525 9293 18436 3045 3050 2567 11731 16893 13670 13319 205 13630 10419 19294 10360 11182 19634 4798 13815 12926 2813 8692 16173 16575 7011
4145 17708 16350 15078 3249 8310 11699 2290 5217 4398 2321 8020 3026 17858 2006 4073 3656 2069 18561 9008 11431 10207 7475 11399 822 3780
2471 8448 12489 8163 7563 13012 2739 8264 7434 7152 17691 16105 15988 14164 8497 18730 7799 10276 15859 1396 9832 13229 17613 17957 4337 18604
731 12609 7319 16388 4355 16728 18741 14638 4309 13898 2444 7886 6824 4601 4600 15471 13055 9079 18484 13052 15892 7067 641 12243 13243 19125
19776 11888 14127 4816 9548 7238 11463 9886 19142 3830 19170 10004 4189 13228 1300 9713 9493 5820 10867 4527 2615 18424 8767 16672 6850 16119
4 4728 107 4079 13000 19154 7548 4980 10803 14042 12391 13069 17861 5021 8916 19325 16940 14960 12256 12580 14978 6317 15403 10252 4309 14780
8839 18627 12128 12897 16695 4492 9399 13257 1110 13053 19637 12598 6362 160 4024 9097 8431 6205 15297 11502 13619 18303 13219 5785 18892 10860
14312 8027 14739 3160 8246 6771 6246 9667 11654 3400 1237 13803 7066 5232 15314 18969 11070 1581 502 2289 15746 17545 14730 10865 15473 16240
18411 3254 16050 19221 15502 18571 7871 9592 7634 19844 7785 3405 167 3685 3998 6850 12291 9371 3676 10676 3674 4462 14920 10239 11493 3426
12960 14307 9645 14531 14746 14367 12196 9684 18872 2964 14120 4027 7974 32 14109 10529 4415 15739 9539 15509 5528 5064 18037 10367 13128 12004
14879 10688 1293 12272 17073 7604 18842 11689 15476 14845 5046 12950 10737 17944 1005 3134 10820 13659 68 5304 1084 7941 1856 16904 4889 13609
13735 10748 17291 3520 4113 8651 8087 18798 14606 5142 4026 10741 9152 319 10440 17782 2053 17049 8607 12525 4628 877 16465 14303 17777 19929
16246 11908 17734 4655 14331 9816 7990 16866 19963 644 12211 15607 11855 16774 14833 18478 5898 1066 1729 3866 2193 10778 929 1873 9824 18377
10836 412 3563 16427 19858 17641 11651 363 5240 7551 7433 2269 18086 15292 1909 2383 14405 19506 9696 13661 14596 4187 13133 18020 19898 17854
16306 12896 9681 19691 10399 7441 1006 840 9326 17847 18388 2831 17189 12643 5825 19878 10650 16855 11072 6847 8174 13384 17366 10480 8240 3498
13254 14230 19220 19618 7096 3700 6993 6027 14386 15671 13099 8852 3641 9436 11108 17125 10251 9075 7535 5910 2215 12938 14307 2762 7836 14847
11905 4173 10359 10275 18439 14519 5049 5475 18019 11946 14826 15655 3395 4188 9642 17414 19065 362 4756 10839 10684 18174 2462 4042 19963 8856
9596 9252 19244 1840 19300 19537 11080 11731 2468 7063 2909 8187 18575 3640 6615 17101 2468 16677 6684 19960 15330 17054 8329 12986 19595 1798
5454 2911 7508 668 16339 574 1900 15917 6205 7267 5641 5477 1123 14590 10540 14734 12653 2839 11461 707 14433 703 10349 11154 15910 9439
11052 6393 18991 15558 12414 12353 5542 11406 14774 12269 9333 7380 18240 7862 5434 14607 2049 5719 11686 13763 9659 14602 2426 8427 12765 16940
8036 3355 18750 14913 10461 5053 19666 289 1622 7067 17949 10482 9911 8958 12262 5239 6925 2003 2732 2403 3599 11087 2667 16751 15033 9475
11131 2304 17666 9892 5384 14770 17282 5600 4401 16805 15419 9756 5052 1893 15117 15590 10806 13112 15964 9960 2074 6999 19181 12072 4728 13810
15280 11737 1158 2849 16858 2860 13001 15105 1008 2289 14989 16945 12890 7413 17844 2268 1923 7358 11926 2314 10405 18285 4331 15435 14196 13520
7287 12814 8500 6969 5585 11132 6077 18987 8810 8842 18955 6644 1552 15042 5965 19678 19374 16569 4799 8866 9818 17199 2952 13476 6130 15822
17571 4330 19907 10672 13112 11915 1934 1353 11907 8806 6647 7791 7652 11335 18020 14053 13124 72 17536 2684 3229 16313 3108 9526 6591 13336
12703 11634 19723 445 18565 18823 10055 18357 14692 19392 17205 4307 19702 7145 6791 10191 8507 16357 1759 19922 6580 17871 10682 5032 15739 11816
1018 12069 16705 19246 4191 7547 15367 1791 12389 2959 9959 6802 18732 2529 16285 10617 6164 10544 3785 7403 12962 2564 19549 3457 2261 16396
2208 8419 18794 18119 1605 4688 15777 10592 13489 1022 16856 17251 2651 18821 7189 6003 8972 11388 2706 3672 11171 4725 11924 15069 1931 15652
9657 2561 6460 11439 14610 8990 3144 17463 5510 18586 14817 1610 18759 12588 17056 11764 10335 16202 1147 2161 5463 19365 1151 17931 14357 14132
9515 14531 3806 13445 19765 4493 17802 13064 17472 8760 14388 7089 2157 8472 6204 8945 8777 18074 13967 7324 16071 4660 3836 2013 15094 11740
18353 6579 11079 16991 10133 5019 19169 630 10022 14397 8725 2931 1597 12927 14752 13304 19112 5980 17494 17495 1897 17492 2466 11472 15521 7980
18521 19944 14534 12733 16345 9677 11307 10577 9403 19691 7206 15460 14475 11595 18723 5283 13612 19313 3899 17582 13612 5841 14793 5182 7890 15042
14344 1583 10679 6406 13141 11376 10360 12918 3881 10870 3492 9888 5376 13091 11627 8998 1626 7975 10468 5528 8846 9752 8090 6901 2315 5915
5913 3038 11079 2251 11027 10941 4816 11806 18514 843 3885 8953 15223 6630 950 8369 5683 4149 14424 18649 18974 15246 19119 10205 3349 2072
11099 10943 15879 5734 4136 4686 5146 13240 2728 10161 5362 1002 15411 17712 18267 18775 8724 11036 2136 13022 892 6572 19691 15411 11353 1331
16878 3551 13556 16007 7615 5437 7228 3189 3316 16154 4023 6212 6293 15606 1012 11379 16015 10246 19612 6661 15940 18028 8037 1565 15826 16639
14566 15369 3038 11121 17240 14384 12522 16757 11924 6040 13130 1605 11705 3312 19283 9230 4466 15632 145 3214 8726 9156 12095 14304 14368 16474
2973 6155 4782 5696 9235 9350 16276 17001 13067 4724 3643 1390 9292 17815 14202 14846 12885 13687 10843 18930 2391 10809 18479 13353 1002 14059
8948 985 17616 13545 19308 7933 14429 7838 14735 18815 5028 16979 19850 3305 14498 6710 14026 16166 8349 14234 19002 6033 2245 17528 927 11571
9920 9646 11013 12466 15165 6664 4457 4761 15428 565 18767 19406 6534 15100 16516 7686 5857 18892 7847 13984 2448 5219 3052 9993 2739 16626
12154 10558 16215 5172 15252 2329 754 10213 6993 1954 11931 10648 8799 11388 17026 17504 11566 14163 18825 8948 5000 5666 6883 4127 7830 142
2497 6560 14467 8860 17370 19337 11835 10214 941 947 13722 14890 6727 3715 3324 17156 16527 19946 15852 14808 17441 18221 7620 1159 10059 5418
8926 4263 15988 15252 14194 1782 15050 13344 5112 3217 10609 15038 18424 1483 1762 4900 18076 5807 1523 18218 7695 13603 14855 19995 7812 19619
18736 3656 15074 12667 1107 18693 14352 7764 17003 16338 12001 18398 6197 18243 18084 19580 14019 14255 11323 17226 4947 15743 15107 11625 14364 12513
6234 9016 9316 13614 16010 9731 1122 4302 17044 535 19075 2306 788 16946 5838 253 7386 17082 9685 8667 19515 12547 16558 17553 11560 6947
18854 14493 9082 15155 8898 19179 14243 10204 2818 19486 14212 5211 16722 3434 15006 5333 5012 12264 11881 8341 7328 11952 4195 8176 4136 4497
16983 1635 3082 7102 4141 12127 3285 17019 731 6828 5435 11054 9494 2564 9929 644 8212 652 16366 19621 9670 6192 7005 11998 1216 8304
2039 16931 1988 8863 18733 731 13881 3298 6839 58 80 10992 14477 11428 2203 7377 15987 15864 8088 19697 6430 12820 13398 11178 5691 8466
4800 16733 15927 10211 4230 7153 8159 1098 14085 402 19293 14091 17593 14414 5001 3077 10000 17465 12155 3559 5006 5879 327 542 985 275
13202 11539 217 13386 12030 11020 5523 5958 3079 10046 9335 5654 7080 6455 19315 15762 4241 13543 19807 13980 1563 10078 4075 15942 11528 3008
11763 8288 8353 4344 5779 4888 14440 17286 565 6151 11108 9974 14660 816 7486 6608 7935 19456 13089 18508 1131 4383 19278 4853 1669 2254
10101 321 357 3927 11135 9576 6664 8574 14778 5849 6903 6595 15627 10109 10344 11238 6717 5293 15290 16152 11326 13880 1707 4862 8509 13896
5916 6055 267 8876 13934 602 10919 1279 13760 9581 6706 10859 961 12064 6645 13321 19000 11695 10391 14829 12174 3995 8304 7086 19247 17602
1002 19892 16362 16935 12745 12944 5888 17876 12198 5117 19818 11728 17409 12363 5602 10867 9261 16183 5008 8765 4079 1969 6828 16508 37 9154
16735 19952 13431 1625 12949 12120 13890 5532 5710 6381 2103 12153 8502 17880 12382 1319 8139 2757 3920 15464 2224 803 7713 16497 4684 18103
2946 3841 679 3274 17702 12779 952 3573 369 3846 8944 14967 16261 2989 16376 3717 16448 15622 11404 1282 2928 12639 14426 15024 13454 19596
10294 5423 12524 7825 13290 19882 13739 9699 14201 2159 19674 3042 11411 5451 15007 910 19478 11458 6687 18838 3471 2159 18428 7869 7126 10780
14958 15993 3169 5306 17866 18501 10062 15725 12329 9488 7824 4436 14071 18156 15710 18684 18316 18874 7494 13550 18140 11137 9244 1706 6974 2669
7499 13142 12419 7984 19956 16269 2736 644 7250 2930 10935 11790 6206 3086 12127 7158 7525 10707 11932 9636 4110 19938 3909 18664 5638 8971
3378 9430 18494 1989 1312 10866 1732 12482 15744 4855 11585 13385 11346 5489 16609 13147 18405 7803 8558 7502 1769 1083 13442 3150 14957 16176
12210 8813 11497 15881 8227 13860 7863 18823 5011 4610 9427 6007 9259 14841 5433 17397 8520 9233 14176 1265 5768 6308 17723 5650 12886 14512
12820 14890 971 19689 5529 15516 17256 18236 9991 5481 417 13489 12304 8727 1954 6434 1411 19247 16965 5063 12878 4109 5309 4136 5872 19572
13238 8640 5696 7093 15963 3731 14651 10888 9601 4295 1719 212 4135 7367 3667 17883 6778 10649 117 2750 18336 8190 4135 13513 12707 4948
16512 3532 4682 12271 12941 2730 10177 787 3975 12761 14153 6286 10484 18359 4982 3622 2107 11168 5873 16886 2760 7517 15782 3593 5417 3687
17090 8076 3240 4161 12622 2892 5523 9183 12606 10291 15204 9953 8699 18866 11546 11296 13961 639 1319 3730 2667 15943 14112 3507 15432 8692
7869 11351 18058 18562 6094 10844 17231 6035 15314 7181 13759 18700 15728 16931 5817 6004 11526 17797 11612 16018 17151 9105 4757 2160 16321 11120
1024 19903 7910 849 9477 9560 104 4071 7607 7539 17556 1576 10361 19833 9675 5618 5294 1888 5286 12952 16108 8777 11121 6698 14965 15339
6799 1061 6113 11868 3248 492 19407 827 14480 19003 16778 4489 4924 13862 5563 11565 18162 198 14299 10232 6693 8007 5013 1140 10907 2580
3484 19653 18813 2861 2114 10591 10476 19508 4877 4701 10062 14236 10017 967 4774 2333 14892 11107 17850 2703 12194 16531 14597 2904 12677 8438
19656 190 11019 5546 16769 19565 8738 14427 6307 13960 6529 4879 766 18229 18107 260 17126 8348 753 16163 14222 16602 19119 11017 2893 19362
5435 4705 10971 12431 18904 10096 13645 10780 688 3281 16039 18283 3793 6970 17928 839 3887 6527 13390 19611 17942 11202 7413 18494 14437 4925
10497 6916 14741 7608 9880 16674 19383 18121 4160 9589 16230 14832 8031 3258 4095 7501 8896 5383 11951 586 6041 16202 1799 3161 17005 2024
1933 3695 7954 19280 11665 10375 17102 10383 18116 237 15294 9112 7625 19804 12045 10527 476 19634 3310 2309 5412 14536 17702 4213 14705 16057
14540 7646 1750 11047 7087 715 5228 17067 4892 878 16477 5281 11468 5667 2848 3990 15333 12954 19351 4814 10021 17382 18110 7253 4499 16605
10600 10543 3110 5236 5965 9780 9474 832 7207 14701 9390 14620 3784 7022 12961 17246 2393 9758 18847 3991 17088 8443 5318 18225 3531 11520
12110 19922 1675 1200 1667 14213 9043 7888 17843 6573 6116 9433 10599 10145 15120 8777 2950 18668 9933 14134 17678 11676 3842 9150 12464 5287
17400 5550 7636 13126 109 12064 7034 2534 4151 19795 10184 11396 7732 61 13183 4633 15770 5876 8736 3487 9850 11081 10300 1145 18097 18884
900 9952 10509 9164 6220 1377 1456 19660 18127 16133 4242 14094 5392 18829 4398 2274 12943 8943 17074 18560 6977 11719 2933 16180 10873 6528
5727 16852 18917 14764 2956 8919 17645 10791 12582 8845 11391 4084 18220 17596 17309 17721 1761 7211 18467 459 3853 2018 8735 6979 6704 14582
16294 10403 14056 552 9144 6585 18268 5306 6777 2498 17682 5154 9773 4053 766 316 14749 18202 13134 17716 16814 6175 17742 3989 10455 12299
17836 6342 4179 12035 2837 6063 5779 11669 17594 16074 6409 3909 4051 2076 17009 121 7316 14536 9423 13864 6925 1079 7726 11664 15963 6457
14912 19003 16314 7714 4493 10393 7029 18389 17323 6110 12530 9275 14955 6754 12998 5454 7149 11838 1154 14969 16981 11013 19529 408 9361 18940
7497 12294 18836 1318 13888 16708 1051 996 11896 9651 4298 7873 16492 7972 2447 10983 3512 2813 10357 3678 12838 13754 13405 15410 3588 11589
4676 16671 11017 12226 12514 18198 13678 5745 6391 11755 8199 17546 16968 15639 18033 4399 4713 18134 9209 12573 12917 1214 9777 12654 10856 16937
3030 13984 9722 14807 16172 19217 5319 2114 15881 4727 4702 8505 12280 8145 11653 7768 10408 719 17167 7928 15459 3000 1571 8782 17642 13480
1338 3264 9567 3074 5109 5799 14407 10241 11920 5699 6407 12404 6616 7358 14333 18623 19036 12873 2116 14125 12505 948 15089 7408 9173 12259
14427 16106 4703 17567 9593 7412 14951 18838 3033 605 2344 1159 17176 3973 10245 11317 16329 1239 10193 12090 6063 3542 10588 14207 13216 13279
0 13439 18746 14519 15818 11811 13679 279 10025 3481 13235 4654 11233 8103 5480 13979 17584 15142 11496 4834 12658 7207 11952 435 13931 9261
580 10109 14519 14654 18264 4579 16751 9452 11495 12554 16146 1300 14676 9700 16327 9236 11105 1403 1646 5488 16179 13831 7208 17232 11264 18880
3169 2711 8456 18531 16619 12690 13508 15638 5378 1933 8675 16863 1241 3235 14588 3843 3457 19945 4224 14932 19621 14370 16608 15082 10723 19950
14793 8772 12245 13876 1770 14320 6944 1819 11505 6392 16730 15558 3859 11501 11874 6104 6901 2771 10312 17868 16908 6924 2750 4510 1804 17286
2724 15368 5369 14711 10493 1736 14057 12697 5951 7959 16577 2968 6186 16282 16180 2705 4837 18362 3246 17055 1942 14136 8621 3527 1475 9898
1046 10672 12016 13738 7751 1051 17368 5960 9683 11409 5706 17592 9769 18168 1578 2514 12058 11927 3263 1971 11012 10225 13088 450 7565 9149
11695 11922 7068 12003 18265 19208 12295 17952 10438 10196 5406 13727 8272 301 7164 4372 16947 19016 15112 18911 7273 3117 8479 16346 6928 10906
3280 8819 4852 14501 17384 805 8344 4444 13755 12418 10244 3101 276 955 15797 7493 9856 17827 14365 19528 8241 4971 14353 15165 11870 614
8088 8472 11394 16470 15891 798 10554 7266 18141 7662 10849 73 7126 3447 1930 1438 4047 10305 5825 7892 19874 18867 677 7124 11460 6786
13732 11646 17216 7474 10457 13205 5782 15273 5777 4577 3222 12820 13300 4685 13462 12948 3047 12915 16120 6225 2523 18909 8404 3719 15743 14369
13932 17564 12216 15097 4004 576 6121 13172 19484 305 17077 3305 2375 19946 9681 16200 7667 6331 10834 5206 9343 4327 2830 5527 9694 14436
19891 19417 1236 2354 8275 18243 18026 19274 18142 10706 14081 9137 11261 14640 1201 2422 8711 16777 11833 2512 18697 6184 3554 8251 6981 7394
4427 11079 193 12748 3429 6264 4960 12154 5784 17547 11628 14270 13418 3975 15155 9359 1967 18752 5627 16896 7835 1183 9774 2826 18129 7897
12323 3398 11539 3759 5422 5098 13818 11271 7888 18456 11827 17423 7110 5875 16861 5189 7550 16743 9340 16770 10742 1863 223 17087 2730 12068
13799 4202 13927 15931 8724 11869 6145 5570 252 1261 5784 2037 7440 15091 18367 1392 13483 14043 14469 17343 8308 9931 17624 7797 11627 4315
15647 19286 1184 10882 13428 3748 19734 14391 10991 7590 16394 14694 5761 17152 4933 6960 9391 14512 17854 12332 668 18411 11195 3212 8211 5728
15475 16996 1899 10382 793 17905 19446 4420 16162 5765 18071 18570 18308 5039 11737 6581 997 19062 8756 7549 12187 1057 14427 56 3002 9477
11753 2916 12832 18302 3811 15508 15508 427 2218 19417 15962 12350 3464 860 4178 1780 13767 2564 7141 19361 1680 11434 1767 3803 15858 3517
13109 8087 8843 4393 14146 14127 18686 9059 11005 14206 11900 4988 17725 11092 5548 480 3462 647 7228 19062 3214 9813 6454 4623 16516 19949
9230 6923 11573 19533 10208 18838 14142 18369 14047 16141 4714 9986 1746 7188 3610 11422 17568 10423 19663 17589 1191 5653 11450 12096 4668 2899
892 15778 17931 12861 13173 6936 17984 7289 7102 6597 15806 14416 9117 18514 17108 288 19994 11877 6500 17436 11303 5445 1977 16282 1255 7268
19683 19783 11497 701 17931 18050 3782 16122 1657 17746 611 335 4006 4170 17380 3705 7610 11690 2234 17482 9499 11455 3720 13854 1441 17831
9882 13401 16638 416 5921 15246 9849 10134 15460 12679 16816 16694 16370 15165 19091 12677 10923 632 17936 15218 13399 17448 11838 5347 18333 14409
15316 5672 11648 14225 16883 14400 16641 8239 2929 18331 7468 19514 15193 12925 11424 3615 11793 14074 8428 13063 17984 15955 1302 4331 5365 11255
15529 6500 5557 10206 18135 5266 18874 1438 10050 4723 1322 3404 5477 11483 11866 3094 3717 7576 594 6111 8641 11194 19174 1312 3715 18348
12822 12140 16295 3698 17550 11004 9740 9203 1030 3193 4441 10332 17619 10289 9223 3581 10052 7389 10354 13284 9781 5605 7485 2566 8677 16384
13643 6379 4787 4802 11824 19515 2590 19045 16329 3118 11243 19119 19157 10164 15650 17971 16274 18010 14833 1395 2525 16162 2549 11683 957 5849
3241 16038 16021 15059 18117 4226 6608 10224 4142 12040 5123 12297 12945 1421 11379 6555 451 9430 11556 13486 4260 6301 5318 15844 5221 4824
4465 1196 8602 9969 11497 6460 16944 7196 4235 8750 3671 10717 7212 5724 14118 1067 17780 3411 2052 8417 10704 14777 2520 8523 9886 19920
2406 1654 14857 2406 13092 17987 3080 14526 18983 11861 1141 10606 2597 15971 5804 15931 1650 14923 6161 12122 7227 17201 16912 14526 9334 6183
15971 4335 18853 17388 6278 9947 8819 16714 125 19024 3630 11783 4058 19780 10276 1538 17543 6883 2641 2917 4006 2510 14905 14897 18464 18963
4998 10761 6086 3531 15856 17258 3827 829 2138 16192 19039 16424 1307 16063 11833 8368 8677 6068 4743 7077 8788 4681 10230 18029 10022 3539
10299 16926 3540 17965 18938 2621 9163 13544 13832 18821 11069 7431 1758 19830 18600 17929 8342 11911 5452 14421 19397 12052 7396 2696 13893 13435
259 19676 17683 12372 19539 2247 14981 1321 6980 4075 11 7628 11552 13818 17754 4184 6855 11317 19249 4621 10465 5462 19942 12492 1377 1195
5090 3750 9081 13885 8290 14831 5215 9470 7814 10817 7759 19399 7697 14986 7806 12716 17154 6655 15040 2585 12841 19862 9977 19030 13751 4244
6058 7269 14590 16502 5443 15925 13050 15977 4895 10476 12408 7166 5934 16680 2778 17690 3381 5804 19549 6142 7562 12749 3653 11157 17827 10785
11688 13771 15619 8392 9446 14988 15807 3440 3166 6273 2277 19375 9634 3011 12489 19849 18773 5634 211 13910 5789 10537 5289 11684 15062 14596
15415 6230 11844 18471 11607 12772 3974 16517 6722 16718 12254 14249 3296 217 19542 18038 3562 4296 19503 12357 9687 15576 10593 3591 8103 9876
14297 11782 16297 6956 15693 4334 16119 3911 13546 7557 1127 17163 15031 15857 18491 8286 10959 4468 19495 15345 16245 17636 6787 11589 2274 13618
9545 19099 6558 9050 12269 2499 19776 15659 1584 3629 10211 9189 14017 15278 3676 5297 2321 16184 1448 5647 15286 8959 648 3557 9838 817
15752 1101 18637 12891 3232 37 17683 2202 17805 14870 12897 5810 12473 16646 12719 19530 17979 14044 13072 4141 5534 11804 3093 1730 12653 16409
7746 8182 7309 11821 14489 12746 9699 15266 7213 5072 590 16613 3629 6511 8925 7477 3161 660 15363 17669 12753 14422 11491 13774 14101 9707
6054 13677 2883 18046 7408 15036 7645 961 4 15323 1825 8750 10021 19645 7752 1993 16908 1875 1915 12503 1157 11564 8445 15889 10517 14696
10604 1200 18402 69 18872 5110 2618 12420 18861 6874 3506 3086 13379 17958 19119 15244 2533 3343 4183 3867 6488 16193 17562 7795 5127 12485
1384 6234 13140 8242 12946 4892 6930 4843 6711 19687 13110 17346 873 10568 12620 11733 15592 5969 16639 19291 9676 6176 7635 8676 16142 6750
7577 15585 12680 19036 4888 15410 19558 19984 8637 18944 17356 4339 9672 13441 17211 1035 14519 811 19748 825 4955 1512 2859 16312 4049 3095
12889 1558 1122 18154 17223 10864 17759 8740 16471 5333 15880 582 17776 12077 16005 13299 3884 3572 4115 1472 8278 17964 11502 6684 12681 14183
12165 18940 7116 17059 6394 1097 1397 18068 6550 4895 11312 4615 5978 19743 6484 12294 10301 15025 5595 6256 12368 7717 12759 903 12782 14764
6376 17330 12373 14947 11032 4176 19906 13767 15770 4397 7500 9761 5409 12745 4537 451 1524 14825 7700 14129 17208 8111 16770 17922 13007 9425
2223 5689 18110 11142 16230 3339 16731 394 7956 17925 1700 1601 15928 10535 10357 15077 1834 12965 17081 9932 2164 4106 15774 19526 4692 13774
5209 8573 18989 12530 12251 5519 1371 5304 15224 9980 9357 14046 18879 19790 10988 4125 5740 7861 10937 13239 1008 15722 10379 18026 3754 3890
18958 17955 2477 13298 3576 2992 2361 15771 18368 18274 1494 13927 11531 14088 18683 7054 6397 476 19720 131 1078 534 13868 6741 14276 17906
4882 1194 195 10865 9318 7777 15076 9437 12212 8545 10062 6516 18297 3203 2921 14570 5746 14612 15097 4087 7508 7790 16951 10977 10280 8922
6098 8481 15019 7653 280 2016 6860 15850 9059 19940 3006 4335 1068 2944 7051 11325 7944 7960 12618 991 6844 11937 3918 16186 1363 14165
11560 17718 19008 7250 2165 3568 17109 1830 8492 7772 15856 19194 14926 14251 17877 16318 14657 13695 18746 12663 8974 866 8830 12128 15294 9749
13577 18564 11601 14965 5469 1788 18430 10388 17932 18573 12726 4610 18179 13804 1361 13728 10289 17328 9521 12955 15783 18075 16161 15810 14985 18609
4838 12125 4078 8007 15166 15113 10746 8674 4835 8171 7113 5006 12636 12862 16585 14685 1476 15789 5575 9729 14031 12939 9772 14201 10439 15849
17595 19404 3409 5904 3570 4213 16075 13240 9855 1854 6606 14100 18297 12607 4842 19569 7897 7174 13698 9090 16524 4487 749 916 5787 18801
19436 17167 9962 778 14993 3807 11068 1527 9171 1746 3958 9947 2269 14695 5282 11385 11416 18337 6046 9801 15564 13032 6984 18900 16430 1501
10104 18722 12950 10881 9628 12044 13671 4219 12767 11285 1951 18626 6479 4465 8144 16700 1839 8428 6884 19876 14441 19741 10148 18042 5096 1420
6062 10241 16222 2597 1622 6510 6260 14249 11231 4795 4423 1370 12520 9072 10603 8135 3820 8627 18749 14770 16512 6434 18523 626 11764 6488
5958 12357 16533 9681 12903 14209 7418 2809 5044 9789 2387 15115 15541 11885 2361 3616 7502 18152 840 14892 11545 3304 12798 12 14790 6858
2093 10958 6822 11479 17646 4540 19295 18731 8339 10304 678 2184 683 8723 15848 16644 10036 10156 14460 15294 5180 18814 11855 228 12194 4040
13076 2426 5256 13170 10740 17849 2611 16003 18954 1905 9656 19311 18304 18473 18633 17732 12332 4558 2617 3763 15689 4275 5472 10205 751 13122
7241 16679 6743 3421 17266 1597 16616 2987 9357 13132 17925 3955 556 18449 13623 5880 15083 11045 14817 16990 9449 8607 13697 5382 16793 18559
10930 1827 14706 5649 10757 14674 3904 11435 17963 9204 5239 8998 12730 16627 9646 9591 16 19031 3143 109 7750 4648 8110 15819 6478 7026
16431 18982 18495 9673 19318 2988 13797 12966 10017 10979 10591 6380 13633 8412 4426 9310 2210 743 11372 13557 4836 2648 5183 8214 19665 7370
4269 5227 3479 13176 18992 9797 2586 18165 18566 15811 19711 11386 12818 16879 8556 5694 19251 11507 18625 16712 18362 17970 12642 17038 15101 9750
9896 1053 17207 14905 10985 8184 4169 19730 13650 18748 1294 15589 2688 6126 15117 5987 13081 2596 16726 16030 5193 15123 8400 10554 18120 18264
11660 9821 8082 16450 18561 5749 5605 17907 13226 10208 10820 6695 7145 18163 9354 14647 8339 5530 12269 11215 9854 5118 18488 4477 5625 7080
11590 18114 8077 4791 8470 15086 17518 7815 10400 9378 3966 4982 17956 9042 10631 8082 19245 275 6059 3444 10113 7947 15458 18901 5217 12950
12646 9852 18830 377 13770 18163 2532 14855 19976 6625 6358 13454 13785 2517 11655 18510 16751 14891 11625 6587 14834 5568 10503 7702 6589 15235
17508 17760 10728 5607 6378 4114 11805 11449 14988 18381 6785 1926 18799 2660 18518 4988 14083 13201 15010 10375 6534 9577 13269 4966 6585 1077
1663 19857 9090 19997 18419 6012 17101 18088 9452 11549 3181 18821 13715 16616 7824 6719 3128 10890 19110 9441 10309 12572 8626 17542 19387 490
13188 12723 18005 18171 7680 17470 6904 19253 18123 3685 15595 7323 16290 19168 14741 14985 8486 1266 13642 2482 1069 7448 10006 11575 7250 4002
15697 2935 14792 7573 18231 15780 8015 3385 11552 10031 7982 12232 13671 16995 7263 6752 17728 10567 14309 13529 4859 3320 7065 4138 10761 2809
2850 10682 13792 18973 12469 17052 11804 9571 19135 9884 5499 12182 14188 9648 19059 14367 17974 6288 9503 16574 1436 18836 14888 5927 10655 4763
6467 9742 18432 4153 6630 4365 10073 3142 18140 7268 3900 10280 19185 11390 11876 17604 16166 6716 15337 2490 3361 10219 8657 5891 7227 13478
12272 3046 13804 1145 16381 12750 4194 2838 9312 10214 5129 15376 9346 5391 7231 356 11181 5507 10875 2157 9371 469 16511 13972 15930 4094
18441 3139 7189 2148 3117 19671 6375 19701 9964 12666 10642 4214 3649 10743 14547 74 14910 2157 10343 10498 11408 7486 4233 18935 14108 3925
16218 4189 17500 11737 2705 4401 11423 11228 4603 15627 16351 12911 4917 4834 6403 5943 7149 5736 4076 12271 2064 8514 10724 12325 288 12891
14554 1257 4131 12068 3401 6196 7340 16678 3799 15185 14372 14074 16716 11180 15739 13518 11961 10787 497 4075 11790 14451 6046 19994 16440 1609
13689 2967 19884 3220 16823 6487 3200 17893 5646 10156 5417 1431 12431 17630 9741 6393 10270 1005 2734 9664 6838 4646 17302 16970 4212 5201
17456 4528 15932 13360 3170 15092 8613 11004 17016 7212 9309 18759 16631 3131 2177 5816 8375 4443 4153 9622 15649 3242 11561 6912 16146 7743
6075 18421 2804 18675 10391 17788 13485 16261 17925 12657 11016 7613 14647 18274 13987 9687 9698 9879 15016 18079 18362 16834 8262 5553 13143 19893
11227 1629 18560 12795 19507 19235 16516 2971 5197 14545 13298 17359 14354 15411 5999 19936 4678 5198 19847 13698 1914 11568 15035 5122 216 255
5004 3985 10561 3694 15518 16405 12863 9905 4112 1552 12843 7010 13610 11714 8961 18439 4949 19526 13872 19404 3320 4866 18828 9560 14412 5214
19373 938 7618 6080 15192 1152 6510 2395 17536 7181 3894 6360 10780 5034 11777 5455 11181 3889 6019 19944 1397 13442 18827 947 13804 6833
9108 15926 3338 12381 2618 5978 19696 9964 19112 5103 1901 10984 19226 7772 3570 13649 6686 15559 3263 6799 8141 1138 3542 2880 9226 3017
3511 582 13937 2229 1174 12527 2482 9870 18539 14278 4362 6915 19451 491 4824 5009 1579 6405 14568 3433 1571 4053 19217 19347 10258 3461
4489 8604 4095 3920 17824 462 7268 14444 10508 14917 5025 7208 9057 14107 9196 5784 15301 12095 14798 9172 1998 18304 16964 1437 13964 10777
3703 5301 6104 122 15674 7105 6203 3704 13222 17003 11785 13323 12030 17794 18714 1380 5108 4182 926 556 13839 10369 16215 14482 17920 9922
6945 12929 4197 18894 3189 4966 15555 19156 18293 11614 1388 699 3610 4821 4731 296 8764 7353 727 3484 2161 11397 2873 15035 18034 8227
8324 2747 4288 1270 762 996 7855 12118 7488 14511 7406 11395 15083 1596 16323 5493 2034 19707 12545 6571 1950 15374 10349 12721 4979 11455
17157 7377 18861 9755 10459 8873 1456 12535 4756 19489 5668 15557 4977 10211 16810 10225 15810 18911 11080 16942 12928 19995 9559 4155 17408 1552
4319 14649 752 8105 3418 5512 1024 18887 16541 3245 8937 17612 7927 3866 6599 18626 8745 8118 8959 9704 6799 11961 12925 2872 7501 18863
3022 19097 13340 6830 5215 7154 14266 17335 7125 13865 12005 9336 19051 13411 8208 1555 3441 2326 373 15967 1909 3480 9540 5922 9281 12280
8687 4143 3096 15969 18909 6795 3106 8771 18270 9727 9849 19602 16404 7350 17964 5437 15577 6411 14391 12634 6203 4464 3001 11040 1671 11033
16837 13651 16717 5226 3849 11668 7788 16083 6619 4955 4769 3500 6491 224 16872 15401 1594 12477 17719 12737 15105 1668 2851 3985 6137 17617
7844 14616 2614 8687 10715 3009 2220 19098 2397 370 9834 12947 6646 7876 12243 5986 9804 19157 877 15778 10099 10743 7933 8307 7909 17045
19924 8008 8977 14100 17713 9132 18283 75 1462 3915 1655 5175 7173 13437 1655 7942 6405 13960 10833 4407 16304 13178 18811 5042 12243 9940
15812 16898 3157 3730 17719 551 1253 12357 14308 9637 5839 10217 12416 14289 11676 4842 3503 13368 14296 2737 7741 14686 15426 12758 15639 4520
16298 11475 12767 19710 2540 15613 6692 10363 7502 14085 14993 4765 5744 13038 4284 9312 9958 10722 11934 15379 18889 7275 14251 19517 19528 12375
3714 12359 4306 14182 2682 11579 5155 7821 6980 5262 1096 3361 8763 19494 5754 6120 5828 7879 13291 1968 7830 15167 19136 15560 15433 16614
17030 3430 17471 5697 5798 7969 5267 5795 16060 5844 17774 6779 5229 15712 11021 7485 12127 662 4761 18112 537 19876 7675 9535 16063 8907
10943 15776 1206 18710 8864 4770 12508 5717 15558 16404 10766 18518 16650 3353 5178 91 15328 816 10677 2407 1196 8218 15420 15352 8373 14695
11901 1529 659 12474 4377 17773 8591 19878 717 16646 4749 11325 4026 13081 14820 16380 1155 2444 4414 3699 5786 9323 14111 10949 4661 16002
5351 19237 3944 17431 1599 2362 19476 576 1619 5294 301 6438 9756 15199 19482 5113 17240 4501 916 2596 17894 5686 9492 17834 15255 6368
7263 16175 18570 11383 6160 10377 15852 15138 5655 7458 19396 19261 3742 18857 8081 666 7878 11098 11198 3966 10501 7204 9155 14591 2817 17724
17238 15301 2898 9355 4322 7001 5697 1720 18181 4074 4651 15379 10110 9500 9372 12426 13956 12346 18780 14103 1543 7106 1622 16220 12066 16108
13786 2895 7080 4129 8404 14323 4970 7531 12108 756 15463 7155 9543 15634 10125 17268 14359 12264 3006 14236 17014 17900 11429 1281 14426 2127
15456 1502 12004 10549 3652 19612 13726 3923 19422 7156 10075 7239 15055 14953 11011 3965 6472 4536 7504 17043 12349 38 4502 2895 14007 15298
7748 1104 9078 15811 141 1005 809 11097 7182 12207 14986 9932 14666 11015 12909 12787 10797 15056 17791 5344 13497 5380 18632 357 5296 2998
11813 6663 15846 7602 7593 7620 18186 13733 10170 1582 9998 14515 5513 9459 3908 270 15273 17709 8220 16438 18627 4356 8147 4705 44 8702
10212 16535 11267 17329 204 2983 9762 13877 288 6350 11932 18578 10650 2118 4619 883 10340 18840 3369 6563 7197 19925 8017 322 8677 4551
620 2537 19662 9803 4972 19316 16542 139 17724 7207 11306 9212 19825 16838 16931 17831 8073 14937 13779 13223 10744 19684 13865 4823 7197 5449
12560 11101 19015 18235 10184 4186 12248 6007 13308 239 5258 14460 8421 4020 1706 16113 13662 5292 2221 747 2645 2553 11737 18314 16688 11587
19864 17397 3939 4660 13738 15461 6765 12765 15731 5147 1906 8681 4744 15165 6864 7272 2441 2422 19881 11553 12897 188 3352 9694 7482 6450
2408 17181 8596 11726 3724 3600 4652 14700 18533 15649 3487 12735 15238 17304 15272 7907 12925 7269 15843 6060 7414 16357 251 14210 10908 13153
7306 13810 14131 1175 7423 3849 19409 16802 11632 5390 1407 4729 15113 9064 18805 8712 1173 16097 19666 904 5807 17642 14145 13826 18539 15619
11242 115 5489 15912 12792 2344 10422 4484 4626 11284 2137 15170 10069 13943 14248 9756 3841 19284 18000 15301 17494 7330 13402 8890 13475 18077
9659 10305 4873 18891 13070 685 5055 16701 18160 10790 1631 3765 3066 16043 10268 8789 2767 19652 12376 11176 3697 1707 9574 295 17394 7032
2549 15461 4297 14454 673 11112 17478 8557 18938 10681 16389 16598 16892 9081 16231 6198 9250 8695 10443 6528 16336 5647 3781 5146 19870 1118
5440 3915 17064 2059 4111 10302 10258 8504 406 3027 7380 5699 19509 8696 1594 10888 7135 17111 18519 16296 8678 15124 3244 11448 6753 6001
2371 8724 16398 4311 13846 7870 3076 11327 19002 4800 7202 19306 26 4831 9897 14311 10965 14541 5020 19 10122 13165 11077 6339 10546 18507
16279 11455 776 18919 17083 3114 18209 17247 13311 7162 5391 1531 18562 5018 13685 12423 186 1945 19230 18488 18660 12610 7872 14535 13910 514
18564 12039 3313 7184 8826 1395 16285 14613 18982 12397 19599 6453 7437 14350 2704 3949 18109 9471 1365 16372 17102 3718 4153 10016 11685 14723
4328 5224 6291 13097 6563 11735 12171 501 6733 7633 17692 7484 9336 12183 1855 19620 17545 14297 13882 11116 6639 14070 19635 7512 18773 12213
13538 19919 7149 6595 3646 8050 17862 1383 2449 16199 2947 12288 188 4810 6629 13641 10229 5371 12325 12953 11943 4094 7914 11359 2509 15062
15832 3416 11431 3359 10771 14869 13023 13771 19843 16099 7439 9948 14581 17167 19781 2492 14024 4267 9964 17441 19114 3081 11317 5200 3497 11404
13651 11642 7218 19353 14945 6043 9276 7514 1186 1354 15384 5873 9869 7746 17319 4438 10464 16130 8759 13372 7941 13127 18043 16111 15781 4034
871 13185 9640 330 15322 5920 4533 10817 13639 16289 1478 19075 11151 992 13184 18969 12392 16488 4063 17909 19065 10488 5605 2143 2990 9879
16018 5846 16894 5935 19264 3822 4205 5052 3216 16231 17017 13061 1767 15568 8970 15260 14655 406 3844 3194 18120 5459 9118 12676 14575 553
14971 1890 13766 18685 6362 9765 14890 12530 13601 19455 13769 10338 7693 8791 7523 19816 2336 5964 13851 3381 17944 17095 12028 9448 5481 5740
10456 5891 11754 16983 4237 16166 17181 10636 8622 13649 17457 2599 18552 125 13833 5398 16161 3110 3567 3686 15545 9598 564 4287 1019 120
15049 1951 4802 9759 4914 19250 2070 18599 4438 8243 1752 7869 4106 11819 2560 8612 14306 8265 9742 19009 19702 2046 11498 1409 3248 11079
5175 8861 7605 5272 1912 16149 7745 988 6594 16286 18537 295 14283 2359 5138 539 7046 4762 2247 16010 14766 14118 7792 2497 7245 1357
16420 18034 2449 7820 11923 10188 10246 18984 18819 14256 2561 8232 10649 4108 19324 3907 16602 18637 8117 17965 14411 18716 14766 3383 11235 11745
11661 2295 7323 2342 15287 13764 3578 237 13961 3733 13221 17422 19166 8298 5634 19885 143 11539 6069 4342 17357 19187 578 11781 14187 14188
15949 11161 5616 5567 11791 9055 18781 2910 14338 15859 19275 7291 14403 2882 10380 17767 9188 6045 265 3131 16567 13929 5650 9393 16824 6291
13852 10616 13799 17640 11149 8814 918 11889 2486 16625 4408 17334 17956 3836 10477 16522 14171 8421 16338 13753 14034 8477 13662 17114 5560 5268
9391 19874 10428 959 11788 19589 3961 19917 17198 5978 16651 6867 14123 18873 12813 477 17274 10665 3170 18572 14810 12381 14962 1611 6465 13201
8548 18484 17442 14957 10298 13244 9053 10941 18400 7541 15747 2513 10793 7559 2608 14954 18167 14241 6837 13081 19959 3380 6619 16282 5697 14617
11595 14853 13085 7959 15822 9089 16696 7561 94 478 14369 7339 7377 15588 6952 15796 43 4875 7672 4377 939 329 5619 11699 5155 18104
3053 12653 1400 12739 9743 5402 19283 19341 5924 18096 11485 8371 12291 13732 13356 11499 2431 12627 15735 8493 8287 5120 5041 13041 10642 19939
15683 3770 9898 1449 7893 4419 16796 862 1417 1704 125 5273 450 14544 8432 6189 8381 14887 188 14500 263 1448 9303 2175 761 15721
2663 11041 16389 8745 19126 19057 15698 18315 15458 9953 17008 16610 14458 4981 7161 4318 3176 15784 4258 3287 5070 11080 12800 6912 1694 7029
17660 1391 19498 11219 8416 8910 7567 8488 6360 4593 12673 10523 10043 1899 11441 783 13914 1411 1462 5953 9500 9017 18261 10756 10818 964
18095 17518 9536 8088 755 5754 5817 6009 4455 4570 11752 17913 10360 10941 10159 19699 17439 14406 14636 15271 7315 3090 14448 3808 16965 7130
5007 9808 19877 10355 1897 15221 7917 13197 7776 18648 5152 3017 19991 17412 6594 9647 17721 9697 5819 8660 5648 14309 5448 16767 5535 4277
15697 13307 9256 5629 1807 13312 6012 11357 19380 5305 11003 2601 13664 8808 10820 3156 4825 4938 10815 12452 11701 1218 1091 11212 5934 15356
5079 19048 2792 11426 17914 11976 15690 3784 17182 5785 11062 4681 50 12537 17860 14559 11302 15653 10217 12420 9861 2556 18472 8962 9404 6710
1793 3297 9525 12909 14298 16643 8681 19446 1035 17129 7566 16555 1680 4189 3522 5738 5878 3633 12884 16663 2436 19143 12324 17407 11156 8481
8913 2053 10728 16555 2810 11177 8695 2433 13190 7708 8373 5970 1404 183 729 8373 16687 16905 6555 19217 16132 8040 8685 6665 7762 4269
16656 2452 2695 4371 5877 1742 6302 12821 11006 5270 16151 3603 7100 7892 18338 11694 583 10372 19912 13442 8816 4127 5355 6771 8921 437
5825 12069 6745 6868 6137 10038 3623 4111 14648 12762 4132 7097 11856 788 19423 657 9676 17112 12845 8583 1580 15815 624 4099 19619 18855
17994 10106 13878 13209 2013 9245 18650 4646 2039 16638 6096 3450 17042 19221 8935 11130 11654 19310 19858 15232 5812 14229 4925 14257 502 5335
14578 535 1385 11650 3176 18411 17168 13851 13037 17186 14652 16917 7270 10849 17889 1150 11208 14521 2411 144 10766 15651 13716 15508 13941 14175
11359 8796 19195 6429 26 16770 12202 5582 973 9501 15146 11609 5737 15997 844 4728 19115 14736 3642 13003 14427 6541 1015 13781 16236 10825
15900 2756 15453 12740 4512 18438 10086 2186 1374 12623 15745 19712 19312 16518 8300 14910 5614 19755 5826 6993 14007 7232 7248 7453 8396 14982
11967 6693 8940 10285 17569 12109 8231 15403 19579 19027 16949 14147 16623 4373 16958 903 8424 13179 8953 12720 8380 16550 15504 2692 802 8405
15325 11542 19398 12592 3005 14997 17977 1550 4183 7022 3917 8886 15156 18674 18622 4184 19336 17204 2802 8867 8481 18876 10102 1170 4319 7972
8437 8055 12441 1148 12464 17661 19933 11011 4446 17153 869 4714 11298 11819 3124 10560 8168 17742 18519 16956 11370 10909 7219 2079 4673 9814
964 4448 4968 5975 5853 9637 15713 16177 11710 19752 18595 7757 3284 1945 5717 70 5034 911 7130 10277 8106 3813 4790 16177 13201 17144
11175 4787 3151 11412 15260 9447 12460 16661 12312 13391 8662 2812 12655 15701 11532 19543 16677 7092 10185 19283 7142 5305 1424 9783 15178 18550
19192 6714 12754 949 2585 9744 10507 1640 1656 15149 17472 8568 12866 12378 5705 13603 14335 16875 6131 12622 17117 17870 16898 1187 17096 19185
19417 16007 15642 2667 2296 14463 10985 10124 15083 16286 17276 16039 844 1920 2581 10594 13165 3017 18627 5961 5012 8761 1172 12765 16466 14329
13079 17653 2312 12838 16357 7396 4345 5277 5516 3961 9579 3094 19361 15550 10327 9474 13942 17532 19340 5919 8399 16646 15910 6932 19557 1944
14509 11492 4148 7508 15547 9296 11210 12472 14239 6082 7524 1630 17321 10317 19795 10546 18793 7019 17571 8820 5658 7173 637 3422 14654 10662
7163 19028 11131 13963 6893 19305 124 3381 9120 14937 11249 13433 6178 4090 19894 19417 12592 6847 19771 7638 15373 17737 8384 10495 1289 5236
984 5505 5847 10597 7107 15207 17359 12274 2739 9854 640 11185 13058 17341 9795 2616 6444 12363 16906 19170 475 10841 10268 4122 11350 8868
16160 15668 14203 6761 18310 5724 9092 6352 10775 3242 577 14747 11467 14810 15422 18469 16209 8908 17187 15680 13588 15076 4362 2418 1115 6402
14486 4007 11864 3577 9299 14238 15117 18936 4845 1302 10827 5779 15346 815 14989 3325 538 14757 12246 10343 19956 8967 2235 17956 1225 18580
6379 9009 16409 19577 8016 13220 13387 1234 16257 8060 17131 17000 505 1609 17065 5411 4580 12480 9706 2869 7928 5105 5287 4625 2921 15750
11380 17597 1686 10114 17677 10617 16826 17481 7626 4176 1197 11686 3176 14127 15653 19324 19669 10729 17270 4909 19678 10819 5579 10364 12543 10054
9435 13488 1221 18262 18678 538 6538 3024 3727 14577 671 13904 14105 11214 5734 13772 13785 720 6888 459 4866 18035 586 5614 19069 17218
7503 10589 3588 10571 5721 16267 18670 16149 1866 7768 17699 16641 12709 1290 2201 3176 7803 13770 2856 4086 19878 19053 17441 18018 13902 7494
18171 8674 19124 7859 7433 6883 5446 9772 11647 10148 6305 16558 3272 16607 14136 1619 3935 14407 7446 19997 19150 17411 17795 11450 12665 3146
11021 12107 9538 12591 6107 10307 19443 8567 13651 1965 10239 2711 10592 8649 14754 10486 15156 8865 19242 2732 15853 4121 10578 10979 10040 13778
7507 2524 5733 15335 2403 17875 19391 345 7702 2766 14624 1973 2543 3755 318 5941 17173 15634 16509 4004 7639 4867 11154 9556 6383 17240
1787 5954 5797 1489 8302 4526 16100 4891 13932 7836 19331 5266 11192 15273 17199 17786 5465 16374 15966 9281 2094 4752 11629 18017 4058 10328
14442 19101 17979 9621 1106 14363 13588 8207 3961 12578 13690 5926 13573 12863 8361 8855 860 17069 5771 5649 13060 12217 6401 16686 18605 15182
3064 18065 16822 17251 16809 9697 19278 703 4084 1839 15793 6662 19078 12768 10897 5461 4369 13850 14196 5012 3485 15207 18040 19586 6110 2702
7917 14523 13175 7931 4712 9830 7817 18216 10617 14311 10452 12073 15217 17900 6443 10137 10849 2145 2726 459 9606 19313 9939 17955 2903 14110
15555 11684 10904 12192 11015 12268 14548 17981 15172 12834 17444 3940 14944 17966 17578 1092 19349 5427 13090 2563 7146 15635 3477 15639 2680 16016
3929 8290 16276 18831 17245 19742 5845 19264 17747 17464 12681 14544 13720 7074 18892 13761 1141 15037 2594 18626 2234 2568 6780 17563 12741 956
7043 1899 11388 12308 10288 15148 13129 3592 3714 1109 17669 9859 10888 14025 2241 5335 4561 10766 3196 10257 14256 13097 13932 6059 3091 12266
12522 11246 8135 19509 1182 13713 7271 16057 13487 5294 13055 14205 8517 17349 7317 929 19578 6397 17077 19285 8576 1381 13847 15422 17639 9909
4667 8133 2825 6379 17326 5174 673 15587 1494 5613 17822 17995 16847 14336 19572 5324 19738 13908 17309 13477 16843 3476 11790 1294 1907 1607
7283 9851 7300 19105 18293 2481 11180 8727 4284 18688 15347 1392 11307 6299 7462 11103 18296 10318 10798 4060 10587 2566 12713 12729 4044 15815
7633 19366 2471 5414 18667 4937 12582 16719 14198 18654 12679 18151 19901 16315 1366 16148 11303 11758 18655 14675 19933 19837 16228 6604 17568 1387
18301 19237 15607 5464 6630 2893 13133 4785 2206 6326 18220 12329 3146 15674 11073 15886 13260 16793 14184 4536 14422 2127 6160 13966 8457 5970
14726 16886 5821 13662 9296 9818 19484 18495 12532 5117 5441 7993 5782 7355 9379 19473 2426 13902 18401 5320 4403 16866 18815 13538 4050 10275
4217 19109 823 13874 10547 8586 8728 10711 16323 17253 2422 17887 8372 12971 3508 15830 17027 5343 18047 12038 17881 14995 15335 8100 18063 16812
3816 9604 15091 19371 145 10460 7123 5233 7125 8648 15622 9908 9899 17656 16008 4572 4649 13063 6178 1534 12030 9442 12403 8357 18536 15669
3163 11673 17953 14484 11645 10014 1965 15671 9962 8993 572 8124 4764 18864 18893 640 11831 13894 10805 4930 1400 6648 12875 9278 10755 4362
