365
86 63 3 93 65 8 73 18 32 52 35 70 28 63 98 21 93 17 88 37 55 95 89 69 3 52
16996 5302 2943 19416 17576 11178 16622 12938 19263 16660 1954 6447 13687 4377 18090 4981 10276 15735 1892 4818 18431 8262 5307 14664 4171 9392
13579 1130 7835 10620 10251 19049 6398 1654 7063 10515 841 15639 6759 17214 9637 11103 16654 19582 19670 14815 19178 12555 4849 9121 18536 16448
12378 9050 9105 78 9113 8063 1666 11195 2780 2988 1799 13854 8427 1541 7848 84 9589 11254 7723 12356 9787 17940 617 11132 6275 13326
8276 9101 16919 6505 9691 10809 4261 6392 5522 8436 17080 10539 17875 4922 11155 9109 13822 3433 2078 7294 16225 12028 1216 7748 15975 12065
11339 17555 18049 10875 8719 14322 8447 5166 18079 12515 9822 2391 19412 14620 16917 8369 3291 2748 11077 12404 4518 4243 19031 11103 17347 6166
8928 12673 14392 15462 10391 1130 2585 10229 14850 12616 5193 9274 15658 5865 11435 17062 13401 1137 18945 985 13885 18887 159 4807 9338 6325
3433 3052 18943 160 10111 5829 9941 9149 1890 17450 7 16062 4491 18330 16229 9926 2620 9202 7151 16852 10291 105 2250 17547 3634 13501
7530 18236 4963 13596 10256 9359 17932 2734 7684 1964 16645 15744 4621 4202 17265 16193 2061 437 17392 16923 5827 8186 10784 8915 8711 6034
10421 628 6438 3316 14978 17444 19249 15734 17915 19489 8063 16547 9858 18145 14135 7573 12958 3828 13978 12372 7205 444 18367 11841 8463 3766
16189 17762 8380 5626 3686 10196 19596 12627 13739 3982 14551 18054 7460 4415 10878 10456 14173 6704 5027 16182 15166 1271 19386 18284 10075 8527
11374 10406 14347 2813 4819 11758 6228 7332 15015 15561 11324 4904 6226 185 5018 16239 8086 5383 1624 14255 19823 14001 14074 14102 12887 19299
7566 14623 12871 11522 2182 1736 6919 136 12934 9566 10729 4907 9371 4766 117 15909 17950 14477 3578 2605 12644 18075 10164 7555 4924 15359
2315 6609 19941 13023 8516 19804 14636 16788 1807 12515 674 10521 6832 15229 11760 5154 6075 6027 9558 10816 1001 15993 12142 922 19005 7937
9181 14408 18672 5629 15775 13755 5209 5562 12981 18636 706 18395 3194 9559 3151 4454 5867 2758 19263 17158 15415 13305 9972 15758 10345 14998
13237 6822 14833 14820 4218 13812 11227 17586 8855 13044 1484 3029 12259 7446 2971 18372 1502 18035 19422 4432 9166 17942 18403 2672 13461 17656
8644 10588 3520 8985 7164 5012 3127 9882 16055 9376 13974 7021 12709 10228 13945 13497 12782 3736 11573 3817 15673 10723 18301 17586 10354 9922
13061 15538 15579 12780 16017 263 4101 5552 15796 11795 1053 15245 18060 635 140 1841 14475 2238 8772 11483 1492 464 6731 14998 15999 13407
17669 14860 1367 11559 3508 4419 9761 14307 16643 15997 14731 14837 11177 10342 1988 8814 3241 16520 7006 8243 15676 935 17576 7473 1980 6595
17686 12511 820 3117 8545 8917 6671 12214 8404 11045 3153 8168 17830 10218 17546 4042 6846 17371 2735 7118 37 18204 16052 355 5028 19085
15631 18487 9565 18280 15911 17716 16245 3361 16313 18158 5080 6216 7052 8632 6607 12655 12684 8267 6212 19759 1357 7549 17337 18563 773 10180
9134 14822 1006 9153 3617 6236 14705 19464 18645 18210 11925 5264 17846 9123 16994 1369 5975 6159 16472 7346 7725 16173 7067 14060 12123 7661
17047 4831 17335 3467 13741 16901 13996 393 6750 6221 252 4725 4154 16206 3786 15033 4224 14221 6499 3780 18540 17504 876 9364 8540 9647
15134 17768 16749 688 1438 7870 338 11704 8013 11510 6036 830 14774 1408 4176 4688 13505 17262 6082 6592 1976 5703 13498 8132 12485 16771
16523 18558 8566 12931 3354 17336 4740 7856 7717 10572 4417 2630 5299 10925 12840 12947 11388 19599 15328 8900 6843 5906 574 3582 842 6610
16970 7710 10014 9891 9865 19189 11369 14300 11817 8736 6325 16510 13432 5930 9752 10474 5002 10540 10545 17371 11602 13627 6710 17026 17664 14107
8788 7680 1900 1352 16549 10504 19521 6920 13875 16969 13626 13965 15839 14317 18755 3732 15625 6865 8861 12757 18175 7964 6385 11187 13553 18485
1709 7914 2934 2081 1234 3493 4265 1693 18343 11519 10535 4752 19884 2815 6118 4622 1974 8189 8882 16341 5757 1990 8092 3992 7405 5962
9618 7114 6519 4363 7246 12685 14538 12240 532 11887 6786 4076 7282 13523 1349 8099 8732 4900 2382 16480 18607 3569 18080 19513 7920 1089
10417 14662 13772 12953 18885 9873 15494 7398 5646 4346 16055 9520 15163 19200 6342 7638 7442 13073 9990 17427 10310 3482 15693 4440 3622 15363
14399 6150 15875 12657 10488 12523 6185 11044 8795 7293 10148 19971 17472 3627 1381 16645 10206 10040 11663 1086 17922 10194 5423 17352 319 15240
7082 11599 18470 6836 7044 2056 6211 8123 15973 17922 6463 12057 13506 17284 1024 2951 3072 8000 11940 2301 14261 14764 13338 12486 461 15502
6875 10064 15416 6149 625 7122 14307 17230 17024 10990 14393 12063 10581 8232 15468 8196 10604 2022 11009 903 6353 12023 12429 1188 2291 5717
15812 18988 17421 7785 8361 2519 7276 17673 10704 10479 4660 2211 15348 2531 895 14537 8992 18589 8266 35 18966 13435 17041 9991 7528 5047
19091 18188 15731 9956 17071 14733 12866 4619 2020 14491 4263 8573 11352 8158 9743 13645 7078 3715 3402 8438 13350 5121 18436 14079 9575 17221
14681 17327 15143 15597 343 14172 13941 14215 4236 16603 17937 5188 8119 6223 6787 7182 14845 2934 10739 6418 18825 3854 1440 626 6607 8831
7244 17660 4057 18767 8312 3843 18523 17263 6049 6886 7558 14431 940 14607 5722 3517 1692 13237 19150 9487 854 1211 3821 809 14676 16006
6736 4073 8378 14016 8115 15765 16197 8055 13036 13081 9286 19954 5025 13319 13431 3595 13831 3031 9925 9241 7588 11134 15140 12467 2659 4460
10766 18382 6073 15435 4839 16795 3536 9984 5747 10077 12473 14076 19940 13547 14599 5245 13856 15437 18234 19923 12598 1579 1508 1158 9209 5578
2160 6729 14128 17400 1039 15831 3941 15432 4209 13786 9889 12278 11856 3980 12885 14883 1866 16052 361 14977 13173 6877 16251 7708 14029 8758
18880 16226 17151 4719 17325 16746 11677 16505 15580 3551 9800 9189 3072 2315 4875 4740 16706 4559 18033 6487 19633 1269 12710 18570 19537 14257
13328 5981 11600 3517 3777 15486 17830 2490 16260 6621 4353 1804 15812 79 19495 8959 2210 731 1433 6215 591 18278 11756 5605 8019 14393
2015 1447 13846 793 17741 11990 168 17550 11667 590 8162 2878 6808 16748 15368 8852 18876 14931 3594 14143 524 11604 2294 6685 13334 6408
1125 9393 8131 19828 4220 14940 2806 11384 13147 19422 19692 2990 10607 17018 3667 8836 8668 1360 3071 7083 12226 10097 12294 16577 18779 7069
10923 4997 1220 8245 3185 1716 17166 3928 4287 5939 10889 1764 3628 5194 3211 10657 8962 16981 4595 2575 9998 5620 18525 4889 6658 946
3485 9003 19372 11917 2455 4520 3098 5256 13550 3285 8069 8700 16902 18016 9402 5413 9760 5837 7839 18383 19248 2315 10705 11626 11792 8405
4701 14303 3742 3726 9477 10106 11330 10230 2531 12768 3706 12672 9689 2632 18519 10696 1956 5544 12127 2752 11523 12976 10141 17046 13189 6837
986 14554 429 13697 16832 19574 14152 13876 3825 2520 8885 13329 4758 764 7420 16424 12353 14513 14167 2625 14516 12593 15947 3556 4386 19510
9993 7847 17707 11519 12768 7404 4441 6301 9585 13124 7468 3329 2782 9985 14412 12207 6289 13140 2306 8022 5996 18723 16346 6278 17917 17866
254 7865 17229 4032 19369 19190 12232 17121 146 6547 15310 10927 9684 1695 10545 16263 19385 7966 12844 8629 19410 10227 1085 413 18959 10100
11668 11489 17667 267 15429 15845 13701 16608 9598 10778 11647 5854 2349 3390 17256 17091 9628 11353 12485 1186 12465 991 19262 11593 2035 19913
9453 4205 18989 8779 16418 8476 16602 8859 7309 2034 12085 16265 12434 7873 6518 1472 4640 12919 4349 10137 11054 7641 18215 13375 13463 8996
17910 12720 7977 19954 11221 8548 2712 14582 15608 12660 3315 9022 9205 5356 8258 10485 18122 3085 16917 14635 14935 432 6782 15470 9411 2750
19794 10816 4532 12947 15344 4568 19353 5240 8964 17540 15910 241 5392 18808 3098 16197 11718 18017 19948 5391 18096 9676 5973 8152 12910 8370
17580 18388 1285 16407 19617 12813 3508 6414 2128 18858 16052 10101 8533 11966 259 16203 2607 4154 9695 11652 8807 7348 309 3047 507 19655
10583 8379 19046 18149 19987 11991 16970 9508 185 18298 3721 19547 3139 9503 4403 4177 13926 7782 1959 9674 13880 17468 7461 11459 18541 13214
14374 17863 10996 10523 10999 4497 17910 9304 8682 991 12208 19063 1810 7287 9541 4581 10102 4183 18244 3724 11835 450 19976 19291 593 7046
16792 13690 1961 588 16356 13545 437 13553 1232 15761 4431 5355 787 853 14716 1432 5268 19878 11961 11638 15641 2265 15336 5384 5694 2045
12223 16592 9614 19580 13902 18215 15458 520 4969 11678 12852 13956 4875 15569 17117 16721 6076 4572 718 19467 797 11881 13125 13917 6982 4542
6184 8781 3644 11122 16728 1302 18576 14451 15480 6339 13495 1988 13789 14227 6760 5096 19743 6814 14491 2906 18155 4157 17246 18446 5172 6723
8898 14277 14499 15381 1463 7019 5616 19287 16901 11005 14526 4800 1480 5877 4746 2892 11957 3288 6900 7171 1982 3037 9013 10296 6632 5025
13290 2184 15407 3305 15073 17520 18219 17783 17802 16889 1026 3217 13607 12787 9881 9769 13089 14041 691 9674 4962 7531 7803 3997 4885 9101
3833 17437 2532 5720 8172 8753 15419 11652 11082 1109 12238 2679 13033 177 17656 16741 19462 16805 18083 16619 11612 10520 4305 14355 9344 19669
8774 7516 1495 18264 3122 11659 7745 1466 357 8113 1443 5727 7018 8219 11996 9132 17506 9903 10445 12400 3355 3054 13451 3805 9306 9464
10716 4222 11963 1027 10136 9696 2243 1197 3320 15795 9042 8799 17031 4591 8245 13517 2343 14990 9666 16521 16235 19638 5000 10710 6287 2727
17249 9737 11916 3747 1785 1104 1005 17266 11225 4303 947 12189 17064 17581 4106 5340 10541 19531 2407 15002 4822 15099 11981 6616 9894 3093
17295 5091 1345 7275 16112 2785 19111 8131 5420 19651 11690 6681 2057 15427 2335 14387 913 10388 13745 11248 11219 10647 7847 2757 15436 4530
19918 13955 16531 13766 8072 13066 368 4054 13163 7232 17403 13515 16705 1516 8180 2603 15710 1187 579 11799 11936 7119 16220 565 10201 15093
11927 5272 17326 15789 956 13240 11647 7527 16206 12398 8400 9873 5830 16222 3170 19157 8717 7590 13646 5172 4768 11038 8455 1821 19171 15074
8892 9935 8955 14236 5594 3221 6866 5114 9625 15106 13638 19069 4515 8263 3103 10608 10342 18986 12731 14204 6426 10847 11388 18424 16191 14419
373 9949 2335 14476 6132 7608 7408 12616 17342 13239 3891 9053 14666 6393 13711 589 11134 13006 8922 1482 6669 15801 19007 9589 17818 8870
11339 17216 53 2667 6675 10894 19361 17803 1463 7617 9056 7117 15044 7000 682 7314 15977 6498 17131 14871 4370 11693 7042 18295 15143 4344
10623 2879 12626 19371 13166 534 6608 4512 18585 17412 18612 2712 15160 3250 75 12390 869 4762 11122 10893 11546 15754 5655 18262 14229 18947
4384 4188 1946 18145 2470 9623 10110 17874 5847 12078 13033 2644 255 12656 16451 3877 18815 12937 2070 16781 8789 6320 19918 1313 4321 19380
13060 6720 6936 2855 3272 4048 9137 14124 7699 9960 6127 11392 6919 9748 2053 19260 8354 11244 14041 13191 411 1492 7339 12916 13381 16227
1131 597 14610 3783 616 10947 8960 10984 3526 3089 5591 10169 12987 14877 13936 16373 628 10049 11452 9783 8232 16218 10254 19138 5287 567
4684 1367 14706 6319 9457 11472 14195 4600 6273 12360 6444 1790 19739 7105 16118 18 14261 16092 14981 4758 17091 19893 14929 9755 2014 12356
1969 6430 10122 1586 5342 938 946 7447 11346 2614 9352 2881 14893 7744 15022 5656 4494 158 2520 8974 16858 442 13268 7299 5663 4002
12103 2533 2 10491 11139 3303 17684 6231 5724 9048 1197 6913 12481 3101 14117 868 8901 19780 2896 14507 9030 2897 17996 18083 17444 18312
3154 18179 8001 7232 16862 1609 5455 3177 4339 15206 19830 19289 8816 12539 9748 8560 5237 15418 12951 18632 6960 18663 19689 15966 4327 19926
18685 8632 14586 6262 6808 12258 13603 6352 3085 8991 8807 3698 13928 19823 4997 2018 4703 4245 9320 9847 3438 2434 2321 11291 346 7288
4490 14535 8722 695 17484 16520 1703 17662 9856 3156 6101 2364 8073 3460 2650 17976 4531 3059 13973 7214 12242 6100 19342 7124 15533 2779
18206 3713 442 1827 19775 1343 13410 10807 15425 5090 3051 5513 11755 7709 18365 10612 13376 5943 9017 8822 16992 8482 10299 1696 17099 17991
5652 18172 16688 10801 19576 14828 6433 14518 2875 5199 6681 19048 3787 10222 13128 2788 13763 15628 30 2895 18033 19544 9282 7155 19189 16880
12155 2589 15095 1667 19268 3606 5519 14045 1515 860 14899 11922 17359 2106 15294 1505 488 2896 10211 15208 12787 10468 19658 9335 7126 880
9916 19339 5566 4642 2562 8077 11319 2167 19333 14288 513 15897 11041 6020 19411 5637 16783 5029 1633 14253 14915 15249 10124 18672 4509 18674
15741 2787 9177 19219 19216 8426 1258 1899 1241 6460 14896 374 9337 17853 7102 267 4116 4999 17852 8666 9958 11993 17686 5481 7515 17374
14436 11288 5687 18580 1585 52 5704 15490 13169 5926 3639 16595 9994 7761 14240 422 13987 12680 8151 8227 729 18371 8607 2371 1529 604
17429 7318 11377 7073 13667 3560 19723 2431 10929 14329 12163 17714 6154 19019 277 10836 17769 16638 16925 11324 8790 8759 8605 15120 15066 16577
17748 6575 1782 13738 6392 2688 9654 18172 714 14152 12053 14652 11025 4658 8110 17500 16756 4920 706 3049 21 1748 4755 4197 17560 6165
8144 2784 749 14138 2803 14857 11325 1520 10732 6730 7832 10462 14418 407 19554 14077 19464 14434 2909 10209 17466 11585 15940 18614 15613 14657
12175 6951 6450 18736 13793 6538 19737 17111 13051 6264 14268 12928 9998 14642 16554 7574 5805 7967 17314 18164 14985 12129 5748 6393 5319 12387
2909 2349 16819 1171 3800 13072 14331 14554 13187 17752 8665 2391 19625 3393 15782 12836 14587 1697 7107 2131 15361 16543 6872 16219 19524 5143
5057 16666 18685 15956 9994 16706 5961 194 13543 12324 18175 6502 9788 13563 2274 16365 4099 19824 696 12103 6625 2031 16201 555 8176 18491
2018 12870 6120 3953 14078 1107 15553 19500 18327 16062 15474 3055 16067 19825 17727 2229 9173 4477 8896 17675 9654 4873 2611 3242 14131 17124
17404 18687 17560 18144 2303 15988 914 966 19700 15259 3431 8544 14543 17767 16168 19993 17403 16713 4116 9055 19706 18654 6388 4057 4197 1541
17691 985 457 2823 2743 3695 16199 19847 799 3250 19758 13403 3046 17259 908 2876 14045 11799 17872 18232 6931 18868 759 15672 3573 19701
3392 15512 8036 16057 12038 16807 10065 12962 2519 11547 19521 9828 6718 10476 10671 19437 11528 11555 8179 5109 15685 4145 7506 10535 9975 9991
18069 14449 6496 5152 5471 7271 17087 16291 17191 1259 9367 9046 15249 3451 17155 757 5066 14685 3959 9899 2008 17133 2690 19486 19228 7729
10357 4214 339 6086 10220 119 16860 17438 12630 19430 17329 8247 9422 17866 11087 7874 10615 9616 18785 14450 5012 17790 16653 5834 6929 18865
14348 9672 90 526 9606 9503 18095 18 9258 5258 11036 748 2277 6142 1604 2927 4303 4050 10494 5496 10096 12948 11221 4606 15925 11298
8219 11976 2032 11892 4664 8970 8335 11956 13614 17219 15251 12995 18163 867 10862 13672 11236 18340 15132 14046 1869 8852 6295 6762 4907 3653
5776 9961 16660 19664 1164 11577 8635 5539 8513 6344 12580 15185 9396 459 10699 5172 9722 1768 5001 4644 17825 1742 3845 14598 12666 8889
19854 13585 5643 8723 2697 15984 18145 13083 19860 6467 2203 2959 12364 3263 18884 8414 6145 16157 11349 11310 5607 1594 2444 10395 11271 2908
11617 16053 4207 8567 10920 10430 17982 1158 13462 9293 6375 1254 16806 2139 16416 12850 18910 16586 11895 16183 9049 13822 2032 9538 5648 4569
4845 4675 13628 12912 16616 12936 12300 15755 17259 5354 4399 17221 16809 11700 5694 4938 9993 18693 6378 12074 3518 14840 4999 4562 18496 2446
19063 7569 17389 11440 19077 16132 16952 14728 3235 4701 19101 14622 1638 6206 18092 15240 6842 16641 8573 12803 509 6437 13214 6634 12372 8737
13293 12182 4798 1048 18551 4289 14896 19926 566 12349 8401 11052 13332 1011 4216 9790 17976 4933 19072 2808 17972 554 8097 13367 2314 8731
1601 9226 9019 18926 5298 3194 10345 19211 4831 16582 11292 19779 15277 15210 18233 14345 18442 15070 1060 2384 2926 2940 657 14849 11590 2553
6890 606 4394 8990 1796 19164 17264 2507 19551 4288 10763 11850 7122 14672 1348 12521 797 5807 15959 5340 236 11463 15829 6749 15745 9119
3098 9261 4070 12517 18368 15310 1275 15279 2575 3302 8072 6998 8526 2303 162 19596 962 3280 2508 7259 13604 14541 1665 10033 18998 7103
632 9011 19741 13614 18756 13219 6892 14089 720 19774 19308 8296 10387 15450 19203 15780 500 11176 17735 9953 9545 17300 17219 6001 18755 2589
12701 14945 6601 5294 12459 16857 5991 297 18388 17296 2703 5879 19974 19496 2214 18531 13956 14494 14672 3 15920 11440 8231 8664 8218 16250
13399 2488 2690 10557 10850 12509 838 4429 1048 19693 18025 1538 9051 6111 6505 723 10960 5136 5796 17998 19495 9018 17386 14016 15265 4917
17894 3461 16571 10494 19181 19370 15892 9700 10154 508 10493 7355 19919 1686 8959 17425 4388 870 16856 2136 13595 17089 16013 6682 808 12417
16372 7625 6917 5424 6888 8559 11071 6559 7450 7954 18951 1983 6594 19803 2250 6596 16707 15305 19739 1200 284 12337 9882 11635 13072 1934
14343 7068 8612 17324 18686 15902 16590 11555 11738 3884 15508 14496 18770 12674 5231 6489 7196 3221 6390 6983 826 8399 11823 16508 15998 15785
10639 8390 9577 17216 5611 10602 6862 14632 19255 16889 17256 2248 12967 11355 878 17103 14990 13671 9110 10578 4451 1526 1652 18431 9893 8521
8187 7509 340 16071 1149 5363 5487 8235 13307 11968 1860 17705 14853 14130 11483 16401 13672 14611 17303 13159 19347 294 14227 18964 12406 12555
5497 17572 2644 2897 18410 5036 13567 9919 7246 2999 10128 13547 17494 1474 4011 273 5123 11750 2168 6908 9239 17997 11573 6681 3003 13318
7264 5428 4164 19093 15811 13216 19994 8460 4648 15283 6282 1371 19964 10268 682 12376 14623 1756 378 15956 3829 7924 1264 7175 11282 12785
4383 10019 6958 10422 13851 9863 17091 11944 11218 30 14468 16173 14899 4003 7223 516 19745 17992 13123 12007 17125 14361 12799 16252 1752 16840
6684 9222 6505 15767 7690 12373 19002 3442 10071 16737 13653 312 1783 18317 10667 5934 15320 1311 410 11850 2992 3312 9316 11293 19652 10564
6050 2035 7114 2190 3931 894 8630 18620 4828 5829 8942 18753 13010 930 18143 3054 15856 8302 18342 19881 2980 6077 12789 12828 19691 10328
5782 15407 7523 19711 13679 13799 10133 3535 8533 11964 17992 19567 9685 2849 11620 10449 18470 18091 19543 15427 16401 5519 5285 5607 4511 2572
12715 19496 169 18107 3668 19131 14990 12374 13654 5661 6824 10564 6672 13919 7312 5415 12939 12153 17805 18690 7324 5665 17977 16235 13657 3128
39 6961 12269 11155 17267 14648 1248 17521 6211 5332 6616 3346 17371 16468 14851 12657 1757 19025 13771 17304 9777 2259 1231 19779 12988 17370
9974 957 6682 11867 5952 11246 7986 19173 10801 19450 10699 3731 7380 15427 3283 13359 12755 5615 17501 14706 7285 5998 3009 15986 17807 3101
10274 5742 17033 14460 11116 6719 12855 6083 16438 18735 3337 5870 19245 14217 4723 10345 1227 6569 7475 18599 650 10821 6262 13620 15888 3241
11273 8074 2986 277 13200 11406 19763 1238 4095 2807 17081 1679 5542 2445 8419 12930 14880 4092 6711 17776 9141 1928 4916 19594 2786 9434
15427 12627 12702 8573 1550 3599 18528 17723 17512 2096 4855 456 10030 2749 11353 10104 4095 15497 928 9817 11327 3638 18434 14259 9376 14437
453 11431 9472 19998 19845 5191 2795 633 857 19218 15035 8048 6177 4724 6619 3933 3444 13307 10440 979 3744 19330 16527 19842 968 14651
5731 4151 16573 7768 9817 13147 18108 2616 4078 14443 10255 12353 857 728 5474 8508 960 8043 8241 2206 12569 19079 11563 11679 14960 14069
4926 1251 3317 525 6093 2208 16079 11218 18900 10692 2082 1639 7877 5462 2489 14660 4531 17202 13580 15026 8877 10693 6545 5646 15780 3361
6294 10211 13296 17574 13074 3139 7271 6040 19250 5733 4178 10881 16963 5364 1320 14666 2587 11154 4199 2785 4916 18752 11348 9575 4234 8621
1895 19587 8269 13364 16855 2670 7621 485 598 1329 1819 1723 11412 9608 539 2391 15902 2187 10609 9775 1836 17874 3747 6069 10333 8917
12518 3635 9722 18944 322 16020 4702 13775 3430 6175 4469 3601 2113 18183 5876 8300 8756 18876 4387 14408 5615 8469 15018 17110 13884 17139
5060 7441 2898 17593 4635 19307 19311 1857 16265 13971 16148 4776 16844 19475 14696 8312 17429 12768 19100 17934 13209 19831 7437 14173 13294 4055
5337 7845 444 8769 3659 15161 15172 4295 1190 12920 14372 2005 17043 17142 8150 2463 5410 15926 10746 9456 19147 5908 19093 4928 11051 1697
6651 12581 8994 16786 1008 15152 1785 761 16822 7675 5323 15059 314 4352 19986 4832 19746 7921 8620 741 10920 9564 8731 19210 5370 2799
8180 12530 9143 19714 11376 15192 6533 11551 8638 16677 6952 15350 10421 14065 12219 17088 9824 1338 2541 18546 1684 9743 12541 17081 436 3012
2440 19632 15727 9094 17035 13755 12208 585 4565 18578 1875 9033 15597 3092 19239 3412 11850 16980 19439 2200 3195 13150 14452 10133 18350 10566
15871 4131 19296 13593 1445 1142 11811 11723 9736 6406 15814 18033 4386 15142 8547 19274 12769 16136 5154 15367 11767 9952 7995 10693 1460 6613
1404 19677 9849 1364 3631 4597 189 9536 6771 9183 12506 607 5509 10174 3941 10603 4540 8364 5716 2033 18148 5952 4833 2619 2902 4810
17774 19368 13830 1840 11862 12613 14650 2613 13852 3939 10655 18536 9092 5156 7626 14913 2505 4267 18751 19907 461 269 2721 7143 4502 2930
17956 4665 441 12386 3003 14310 16378 13082 13054 14981 10988 19901 12486 2344 11939 1256 3243 505 1826 3281 2761 9756 5754 9451 12056 1046
7591 266 13421 16934 16897 4380 2314 779 15691 9270 4743 9726 12130 12425 6305 1488 11889 373 15598 1081 7665 7809 12415 4463 6010 13915
5272 483 14450 11700 4771 1984 6571 19664 12063 7440 13814 10780 8506 18076 19657 14864 2727 822 13254 10772 11354 11203 2241 17494 18361 4156
8986 16577 365 5935 7675 5623 7074 17004 17034 9499 7149 14029 9815 2573 15287 7546 13567 9713 4021 2142 11914 16836 13522 8444 16288 18241
2117 18220 10517 6858 13987 4101 15269 4571 6783 5434 18263 8686 18928 5216 6119 8287 14377 6065 8785 8917 3495 442 1254 3050 8051 943
14706 18605 1101 2708 15527 9347 18973 15826 2079 3238 13969 5092 12081 9602 8704 11890 2111 5305 11826 10980 18224 4643 8770 11817 15703 6689
5258 1713 4594 3490 5572 16285 121 2329 9240 12529 12916 15405 9667 8928 10518 6117 4550 7345 1146 13539 15987 9160 3921 16028 15202 11894
9596 18048 15193 16233 14427 11995 9746 16235 18130 8573 6307 326 2873 18557 5946 5217 13742 10053 10377 14321 8012 15959 19697 15719 8088 4506
17497 5512 4028 3591 19172 6031 19331 1417 13802 885 6931 14737 17215 10646 998 9312 18348 1176 8394 17445 8640 19551 2799 3589 19833 11937
5668 7395 5895 7482 6327 6920 431 7212 15274 14385 19294 3251 13056 3650 14084 1438 2275 17315 5200 9288 7457 13356 14363 9080 3745 2465
14425 18356 9948 2474 2762 794 4358 12434 16813 2176 10417 10707 7721 11078 16283 13070 3408 272 12862 14107 19497 1339 17948 7908 7925 16257
6832 18204 1073 5793 7188 7540 4134 14875 15643 7802 6462 2194 830 7222 16103 17937 926 5643 12837 4351 6052 4294 9127 3659 11682 13442
12949 6677 19355 6270 1009 16494 8069 17860 10580 17618 13279 7225 9285 18900 5537 14139 15433 19114 3281 11889 4222 13455 18506 16656 2972 573
12742 6586 12525 12511 14357 7674 17324 17511 3244 16825 982 6748 2130 14935 17230 11667 16587 8356 1894 7593 19492 16775 17933 14874 19528 19764
13678 19297 6779 3593 16571 10904 3735 8091 5548 10092 15769 18781 19214 2175 8803 7122 10889 2904 8842 11330 15428 464 18364 13919 17721 3702
6122 13118 16332 1509 19858 17362 9057 16340 2069 17962 3181 819 4193 1840 17079 5574 18890 10376 14139 11409 12556 6711 11536 5451 9775 17928
18072 12260 16347 2588 13298 13564 8919 11437 10889 8785 13317 19261 12451 19947 4597 4680 5304 4874 5672 621 12470 8289 18557 12432 5372 18424
7396 18070 575 18317 12359 8044 17305 7775 15088 1541 19872 4105 5687 4362 5225 7642 7398 781 12078 23 19065 19121 11761 5387 7439 16813
8234 12126 3938 51 3492 349 15348 10402 19031 13128 4749 10794 12365 7362 2390 17162 9783 15708 12124 6036 17524 15893 9992 2403 17552 11016
18810 16176 14701 5732 1709 12651 11137 1415 16979 6414 1814 14615 4974 2955 6771 19061 6927 10222 39 12215 13883 563 14595 16530 9424 8841
272 9542 7156 5899 4732 4242 16604 15327 15521 18398 3653 17177 913 9541 910 6551 18449 6452 3752 11085 17568 16844 14504 12397 8922 1930
11947 3482 3668 19163 9969 1149 16617 9990 16229 6286 12114 80 4443 17538 7019 2802 2893 8415 6589 15534 7964 19136 7299 1726 13266 1823
4820 3044 6248 8425 7664 17257 5774 17433 10242 6023 2934 9791 14315 18009 13347 18524 6872 12112 7681 1220 17815 6430 19474 455 15536 13631
10360 18272 19934 19294 17461 13384 13973 4332 5759 4917 9723 10441 19843 16300 15564 15805 18637 11485 8891 5697 13188 13423 12948 12335 3704 14558
4002 16126 15490 18911 15397 10810 1557 14625 11442 15429 9846 10645 15714 865 8329 10630 15669 16693 6648 14966 7866 10604 15706 14349 9461 12863
807 7630 15659 19671 11111 15682 12216 2212 14216 18166 10477 8622 9192 12232 12422 13920 3280 18778 13313 9033 8122 8340 1164 812 11793 13886
10359 11803 8716 11278 8928 1410 5690 9899 7716 9677 12436 18442 4165 16560 11602 13352 18230 18810 2219 7215 6360 9397 11656 1266 17283 19736
17954 5558 4703 5987 4083 5265 1223 6764 13742 4143 5131 17951 10996 12861 7393 5190 11629 6097 14839 18640 6791 15100 17419 15207 16812 19079
14124 7027 14003 3637 1633 11392 10006 2312 7727 15885 11192 12542 14614 4585 15675 10365 11200 6909 2695 16041 19054 17177 17926 19039 10756 71
5762 10044 7613 14782 16926 11899 5918 8276 5664 9915 19804 19918 6832 5849 11376 6694 2882 13317 23 19203 5569 10426 14105 4363 17284 1655
15483 19088 11444 19966 4853 6931 6549 10959 17000 7477 12744 12193 17327 10422 7467 12842 1919 1215 1262 6515 10098 11812 15326 669 6102 6566
1481 19560 18294 9051 15620 9660 18209 16014 12321 13408 4247 12088 1259 2670 10555 1749 13850 1519 11060 18094 2065 11355 11287 3627 18282 818
5291 12663 5536 15624 8677 9013 6940 17945 10158 16349 12588 9942 9800 3102 17545 8113 2777 21 10802 13113 18324 10808 14888 16857 959 18598
16181 4218 17734 12233 12578 18582 5992 2959 19206 13769 15238 17944 18730 14694 1480 12786 16829 4983 13572 4994 18620 8480 4197 14248 3313 5359
4057 15394 17251 5399 5789 5972 9758 3684 17344 8265 5202 4787 124 3487 19365 15238 15263 10969 871 5133 19175 12462 6420 5692 7910 6876
10841 7682 11179 2907 4009 13245 11656 1756 18719 16260 7977 17623 2347 14623 11331 5360 16166 3870 19074 4872 11491 9987 17940 7529 10938 1924
18726 19570 19656 9471 15183 17827 4415 18391 1341 13653 15310 11759 14447 9908 3746 6369 6718 6547 15408 7242 15908 15740 12764 8881 17463 3931
6815 14493 13566 5376 11605 7157 10147 8186 16800 3181 8244 10528 4093 5257 8225 9310 13429 18474 15569 14632 16510 10035 131 14930 5047 19315
9204 8927 3048 5925 364 15576 19110 3350 8023 13406 10279 19354 10513 12461 11306 2103 5378 17605 12166 10204 3083 17544 7067 7815 3801 16840
18361 610 3137 2475 19153 17923 3859 1080 5890 7032 5533 16979 18649 19084 7655 11605 5788 11206 4730 12640 4130 14738 17435 14350 6232 585
5233 4286 877 7961 16669 3381 5399 5215 19749 10649 16677 2608 13354 5168 8162 12991 9884 12558 15896 10712 2770 14943 15618 6838 1341 2977
18993 7888 19546 19874 14101 8839 18606 11486 15219 23 2591 7361 19215 5152 2871 15871 4223 6327 2129 7660 17819 15647 5154 11651 14171 2212
1312 7848 1975 450 13432 17435 4085 5317 4650 9522 16326 4907 12739 5212 3608 6334 12272 17968 8397 5923 19301 10745 14083 8539 11650 7325
12140 3658 19256 13141 17589 15776 1199 12999 10331 3456 7200 19616 7596 13420 12996 901 17699 2687 3732 3834 5307 6778 4497 3447 16650 7502
8313 11331 15050 964 9002 7750 10045 6273 13218 8302 18753 8599 3942 9780 5453 14646 6455 18955 11558 5018 16564 1876 19749 5968 12169 17830
5434 17455 2514 18390 10396 1953 8442 3826 5340 10188 7337 16526 13066 17050 2850 10489 11217 17735 6568 7090 11449 18683 1808 19054 11252 7723
1811 13879 17483 4538 5092 1411 18139 14321 1985 6802 11450 16059 11839 11163 8403 5749 1415 19200 5455 17802 7571 14189 11254 14016 19584 16817
19413 7707 18992 424 7756 9498 9012 759 5458 19093 14886 11649 18153 5367 10718 2353 17567 9365 8408 4295 19395 5205 19027 8906 14075 411
18348 1968 18343 9122 8560 1876 3861 12536 18911 6292 8920 15914 18691 16899 7026 5906 5238 13376 18372 7103 17254 19750 7088 1790 3054 5265
520 7854 19681 8733 7731 4047 16948 2161 12558 17944 7369 11234 3318 902 8278 13226 12824 9665 19130 9252 16096 6747 11182 9237 385 1175
9998 19547 16095 10916 4102 17783 7612 7712 9327 2062 18395 15099 12015 8353 4020 3040 19584 355 9175 2849 3199 443 18735 6598 1929 17276
1279 14666 8017 6886 11416 4868 7463 15092 13218 16629 12528 5461 11934 5706 16688 19488 835 7331 11898 8441 7608 4794 2550 9957 15552 2161
4787 1865 13448 13445 3154 16505 14180 14606 743 868 15599 10196 16986 7206 15606 7070 17047 1094 8240 19929 6150 962 10486 19982 12964 2580
15267 12983 4655 1925 8338 14705 10331 16196 10827 8732 14385 10839 4826 19065 13553 17618 3474 18434 3695 8360 17882 14352 1902 1181 8791 15417
11835 2259 9049 3633 14432 5893 7920 9003 13994 5989 14848 18494 4092 13862 16083 1198 12850 18037 14597 3332 14969 11199 14094 10641 17470 4599
2660 5268 5705 2928 18007 7755 2998 1170 10178 3504 12588 9354 8 19953 19419 3237 8905 16436 1469 3578 7585 16927 10267 7664 1676 1475
16595 11323 7794 9593 4275 4817 4292 16528 8840 12578 3995 5848 17338 3728 15234 4614 16409 18527 19451 6592 14097 10991 15921 4040 15559 3297
8696 18385 13485 16958 18404 1102 9766 17416 2042 11037 6977 19991 16385 9799 18871 6064 5587 11753 11909 6957 4201 12097 4101 14449 1370 11007
7703 359 9954 450 5957 655 9550 11969 18174 6617 11690 18900 14837 4054 13984 9100 13158 1469 12440 16395 7465 19045 8718 15237 9537 12086
11588 6213 16564 12322 7948 12195 13734 14087 9519 16688 11852 6684 12247 11881 7970 8224 1406 15962 19705 16176 10505 12082 2070 661 7825 17387
10241 15462 365 2117 19149 2925 9081 19157 8015 9778 18697 17387 7763 12974 11005 1147 7722 504 15932 10457 1656 517 8961 19787 16941 2378
9466 14898 2144 10152 1035 8858 14601 3089 320 4896 19042 14190 2087 19875 12058 2230 14025 5563 17756 1239 7405 18124 13694 9628 5477 1696
6224 17396 13915 13854 10118 16657 383 3582 10788 17795 17180 8047 6755 19430 13746 7260 9343 10954 2757 11488 623 17393 7158 1081 7799 8187
17730 7369 6230 6438 15958 19101 14102 1664 18919 17427 1662 481 13608 19394 10410 8653 15553 18639 5205 620 11101 3268 9525 4911 1761 18821
3922 12547 3571 16432 1354 17359 821 8231 19749 3450 542 3956 9178 4074 16132 374 12352 11736 6630 2709 8332 7965 14692 9427 10025 17232
18284 18833 8037 17831 11675 13917 10049 7561 6635 11636 2002 11312 18629 5594 19853 19655 4755 7570 6631 17894 19826 13473 13154 15592 3630 12693
10352 18500 5692 14581 4431 2315 1094 11311 16575 7778 9479 6445 13167 18705 19775 4383 473 6202 16257 1702 17022 16100 955 18571 578 1218
14311 15513 13615 739 16019 9120 15612 4671 19681 1538 10855 18690 11023 8453 15853 121 14613 16754 2193 15394 17751 3237 6192 52 15182 5343
7618 1808 15370 3649 8834 396 8567 10310 5209 691 9006 6693 39 10124 8509 1677 19380 1502 16041 3208 17960 15136 5376 11216 12906 6602
10031 8483 14042 5381 15169 10760 1888 6456 18595 8128 6764 7844 7734 8013 8457 5204 865 13182 16681 17515 8002 8296 257 6826 4416 10266
17311 518 2689 11012 4595 5129 11800 5157 5435 2814 17986 4465 13979 17224 9871 18698 9229 13462 16636 19167 2526 18037 9034 11902 2286 3193
8727 828 1088 6099 994 7762 9472 18160 8925 19010 12293 10327 16578 16414 19943 17569 800 6005 11562 146 10938 18666 4087 19244 3091 940
19414 4364 1238 8487 3305 5451 7281 18316 10639 9218 10998 18773 1083 6371 1568 13075 13835 7782 18903 8692 6840 16625 5746 10244 18004 14639
16331 18595 9089 8112 2597 19482 15478 14113 15388 10745 9623 14335 1714 1072 9565 7488 8015 16423 33 7453 9288 8031 10056 5531 11417 4836
10731 3128 7330 8349 6238 12007 14562 1116 115 10765 2003 2704 11287 13768 18143 2802 2618 11637 14239 8865 17778 3868 17434 8803 13649 3019
9794 3201 18809 19209 11771 18938 8824 13935 2958 1568 5596 9138 18708 2835 17119 19986 9596 2693 6488 6220 6491 17364 5537 7859 42 19983
7695 6951 18305 4712 16047 9442 7134 2401 10046 5168 13171 8349 18230 19149 5896 1118 19729 11043 18194 3352 15674 17520 3514 17642 6270 5934
9854 7881 14079 443 18360 17899 17240 14943 2520 9451 7417 4613 6782 3343 13719 5081 2059 5351 6981 15445 13916 15685 6524 6996 18476 18480
2571 13474 490 7045 17530 17701 12832 4044 951 6791 1970 10163 5241 6573 11041 5892 13331 14502 12786 1391 6371 4755 3157 15085 15078 351
11988 16112 19680 2572 17225 16331 12966 14208 3191 7926 13575 12040 15249 10010 14902 5028 6877 2989 5859 98 16511 2051 19535 12125 6163 16804
19274 8525 14227 18412 9384 2609 12459 5061 17186 6232 6795 4731 11352 2822 13363 1437 10763 15143 18349 14391 1741 6772 4272 9562 4142 8029
5074 10670 15026 13281 7946 11597 6857 8081 211 342 14079 14892 19189 7395 2740 12626 12600 16272 917 13365 3674 7922 17402 14233 11632 14261
17935 18179 6926 9458 513 17658 1671 14056 2298 1265 9160 10778 9677 7106 10951 1795 1971 14865 7683 12857 13555 4081 14139 16438 11330 9730
7914 6083 771 11112 18539 16007 7644 2874 18504 17190 12588 5763 14020 5562 10016 2352 12972 16493 17648 3708 19248 293 7493 13139 7945 11560
14482 10354 317 9102 13924 15138 12725 8866 12241 3179 8651 11232 8397 810 11466 9900 8010 18013 2403 8817 13236 7419 921 12771 13334 14190
10708 5599 17638 3896 3224 3075 1228 17057 6160 622 12999 17411 324 16414 9659 16569 14481 6785 5977 3895 3313 12227 15397 11805 19477 6083
5122 10515 2748 8943 17258 7356 770 4961 12041 1390 18344 10809 2122 7509 9289 5117 13938 2982 6863 8418 1439 4573 7061 18303 17857 12268
6696 16874 13452 9464 4309 5206 13961 16817 9745 9319 11735 718 4243 19888 10054 16900 9302 1608 8048 1118 10118 12546 835 19797 12888 3782
1368 6421 19062 1194 9388 15296 910 3025 18271 11666 3324 14184 1291 17974 12654 1345 10702 9513 19953 13692 2803 9609 11870 7991 19483 16573
8676 11692 8340 16986 18423 8520 10336 2126 11234 12119 2578 2202 19035 5584 15970 13049 10262 1970 10595 15929 18711 12641 14154 9087 8102 5629
894 12444 12821 17058 19004 12735 14301 14679 11972 13155 3393 1529 3243 4689 3978 18125 8654 6292 10989 16176 15577 12482 11302 11938 10559 12398
16651 12580 19799 13669 18682 15995 172 1067 9260 8861 3827 19041 5812 4553 960 267 4213 8721 5665 17623 16011 493 16726 17228 14162 18029
12850 182 12113 15485 6757 8239 10711 17272 7508 7591 32 13520 8623 5090 3669 3203 1285 3294 2150 19720 14558 3669 19768 2940 17237 15957
7933 12510 17187 1212 12976 3238 4080 14313 14155 12609 10673 10809 12473 19064 19988 15822 8173 13888 10825 1396 18192 19244 3059 15258 3502 10158
3061 19288 10589 14023 9623 13170 4125 6439 15771 16629 7859 7030 19037 10098 7315 15532 13914 17937 7984 13471 11341 9409 12150 15437 896 3966
6856 6289 6751 6489 19747 3167 3630 18009 2161 14993 11168 1012 18186 7954 5820 5634 18368 11976 13775 8236 5453 14114 9773 826 9182 8072
13063 8768 18283 19399 12276 5726 8303 2397 8038 13719 16784 7457 10644 15502 18989 14807 2933 4591 13203 9424 13866 11398 4635 6245 13977 12020
10367 6254 7966 4806 6983 16287 18595 7348 1081 12842 11292 5386 8812 8406 8679 8328 16551 3932 11975 4992 16692 13654 9980 6719 10661 13865
12048 2849 3486 17901 11283 13297 19775 16718 1364 18490 9342 18557 8372 19025 5236 19536 1107 1339 5505 18798 6712 17865 17176 19652 19035 12335
13678 13087 6026 8587 2068 17808 10260 5385 6614 12600 17228 10278 3617 11520 11126 7110 123 13231 12464 147 6126 4812 19652 11317 13868 10243
16616 2736 5429 156 15325 14851 7710 17361 11557 15008 2824 24 7271 8875 19326 11204 3515 9309 19441 14902 8798 4123 6082 17826 248 2391
14771 2465 15754 628 11102 8367 15140 2088 492 13183 2424 19863 1599 5746 17511 5111 10900 19596 3376 8538 3730 9700 6974 7616 17815 9751
19774 6483 19327 2725 12686 9784 11040 920 5802 941 9415 1201 15927 13676 4084 431 10890 6942 895 17955 12858 13826 1127 10531 13734 9282
2880 17122 3902 16815 9343 5069 19941 140 4053 370 2003 18465 679 19833 8479 13172 11782 991 3982 6442 4482 2499 10298 4835 18736 17962
16264 15682 11628 10273 7043 4814 15491 2870 15565 241 5431 3429 3085 2984 17618 2285 8827 11710 17798 7875 12949 9276 4337 11331 1570 2308
12831 16663 7985 6422 7243 5293 8514 2715 7919 6394 17344 16063 8572 5513 4595 17041 4089 3073 2945 15283 4231 19496 17434 17972 10745 368
12139 7152 18744 3724 18610 17728 12615 1091 19406 16049 16376 7996 14895 12561 16882 16039 6941 12245 18501 13567 6304 14288 7934 5836 3102 19753
18373 10952 12106 18926 3224 5046 14269 17226 9511 16400 857 13580 6781 74 5297 18588 2200 14030 265 11734 8585 2486 9013 9796 3825 3979
2033 16449 7642 10975 17176 7262 599 7598 10890 19207 12555 15815 19815 3757 2241 17894 39 16807 14731 14919 8234 14315 6907 19068 8633 9643
10120 7825 7377 15578 7740 5688 6282 12391 1054 6886 15343 10576 9908 13795 11008 7616 14016 0 10459 9373 1173 18707 8692 19121 18238 14521
19473 6214 3770 12881 18576 2985 4005 17963 14215 6215 5148 15006 2430 8276 4224 14916 2857 19046 9313 18604 2653 13461 17877 15827 10500 8855
18154 19627 18969 14845 8637 12786 18055 13422 14005 6956 11880 12180 4778 3792 2811 18529 14216 9043 7290 4773 5358 11727 7942 13279 388 663
3555 14660 9850 15365 5914 17975 18558 3798 13095 7727 16866 10556 15928 8562 4333 5366 1213 1120 16099 11161 16509 2618 10849 983 18659 5667
7672 3703 18295 3179 4900 11097 746 15186 11400 19704 8272 2462 706 16386 2456 7174 1247 7595 16537 5441 17719 8962 13527 1441 12294 11927
10712 11770 18295 11917 3062 2123 19553 15135 6294 2147 6192 6254 6548 4494 4218 19784 13422 995 9053 9403 13901 8533 14138 10076 7261 1757
2831 1307 12159 11070 4773 10387 11852 8136 10921 9152 9863 6439 19382 15108 4549 16937 11767 9161 18136 2119 17490 6274 175 8578 14878 1718
15566 2388 1692 8722 14207 9053 591 7574 16386 907 53 13419 14291 1336 5756 9954 4938 11970 289 1584 1003 11708 4748 672 4164 19812
18476 10554 10943 6791 19124 6272 8051 11174 6787 19457 6078 2767 14823 18774 10335 7577 12626 4645 14869 6229 6293 1713 12233 19805 478 17395
10288 14608 14927 8229 14430 8431 4089 1291 18886 12328 4444 12462 1484 9555 10424 3008 3782 4656 1252 10457 10699 11482 16863 6889 4234 13077
2093 8173 9373 9220 17536 15882 12093 16482 19569 18947 17123 1204 3291 18580 2068 12836 10246 4960 14515 16685 1637 12571 17896 14177 703 4177
17900 14064 2797 8811 18985 12779 5499 245 6636 2168 15862 18285 1711 19994 1657 4750 1884 284 7311 2920 1080 13261 16360 1562 5747 18720
14562 8839 16233 8936 19455 5679 9710 5491 19458 14461 338 11385 4971 8524 6480 1101 12167 1783 13854 16670 11594 3928 497 8903 11676 9777
19125 513 4494 18859 19602 7765 16914 17324 1576 5423 11464 7000 14808 163 14798 1337 5858 13699 13121 15370 5003 1991 8501 17931 6263 18332
12971 3988 13915 19590 16866 4769 2467 14542 18928 6821 258 17813 3388 17218 6548 5614 7410 15685 19647 11284 8242 11798 6698 18708 2405 14160
15220 11439 19300 12621 9420 1714 16931 734 10139 11322 7981 2240 13106 9593 6405 3967 4443 18128 13842 16946 19854 13995 19072 13442 909 16443
1851 13225 4900 15834 5987 18601 12476 4058 1260 15420 9762 17065 15940 18163 19293 11415 7386 18064 3960 14455 9770 1590 697 13882 8141 12262
849 18211 16545 18441 8373 6336 311 510 14334 7404 14985 503 6482 2740 19054 1696 6374 3352 18897 19116 10355 14418 5842 16216 19440 18027
6880 6341 5802 19458 6684 3975 4131 14838 310 16928 2089 4611 12190 19775 5193 3419 15094 18226 1158 5524 10590 3540 10268 15126 13636 13780
5822 16463 16961 11056 19622 8662 993 12367 19920 3072 7425 19830 15146 7844 10626 4614 10377 17208 10946 12901 16701 10587 7847 12919 3704 6185
14955 6798 2953 9445 19368 19158 9542 4810 15166 7862 1346 6803 6531 3558 7801 16192 14173 6686 17053 8240 6270 6426 1616 9125 10546 4026
2437 15949 12068 9429 7604 3887 14352 19361 9793 14814 18730 11592 3503 13853 9687 17765 14506 12919 12499 1951 501 18587 5091 17832 13230 18369
18438 14632 5520 3082 18721 5678 1164 9735 8287 11088 11051 5973 12367 11959 15482 2872 17171 2078 14525 7196 13324 8266 15359 2477 16921 4663
9215 8331 6756 11038 4334 11684 17826 8792 13398 5598 2284 16191 4039 17625 6482 8796 15683 4462 15903 1583 12356 9081 8758 6214 16595 135
18026 9308 9531 8982 2500 14394 8169 9898 12542 14452 678 19932 2307 5518 639 2464 740 11102 12540 2589 18382 19823 14101 19006 3541 12247
10282 13665 19708 570 8415 15312 18910 15953 542 4896 8257 15030 16390 18724 2959 18878 340 18999 9236 15003 15969 16832 15739 17892 7377 12350
4541 4472 8679 3 3937 9654 19991 655 12632 7086 18227 15852 1690 3338 10590 1743 9363 6375 17473 10560 16490 17476 9235 14089 9819 17788
12001 1651 7018 9197 13055 8448 12052 11968 9193 19644 12976 1778 10543 3328 8086 10586 8056 6986 9784 10397 18089 13457 18794 19117 5978 5491
14993 11304 13428 12001 15346 12382 1279 10005 13932 10065 9898 7109 5837 7269 1564 770 4318 18617 13405 13784 5309 14994 249 10526 16280 19864
16875 4016 17345 15468 7886 2706 14596 14915 15615 9037 8798 10369 11408 8042 10607 9930 3139 18915 4384 9116 352 2452 19464 9258 12008 14946
4387 12712 19181 4910 421 19764 4472 10027 5042 3235 18771 5920 16023 3468 18055 4504 9531 18176 10086 13038 3858 19425 18794 3453 16029 13274
9335 18424 8274 8754 19918 4203 2306 1304 16179 16775 9767 4686 8898 664 2094 3564 16136 9464 2471 8125 4438 4712 7357 13227 19914 3065
1585 3482 6244 19414 1269 5009 16135 16341 17365 4250 3074 2097 17925 10022 3745 8427 8944 3282 9514 10281 12991 7799 14806 12967 2547 10698
17154 10876 4295 8093 19530 7085 308 18659 4238 12391 9839 3252 18411 7956 1939 3942 14754 8232 7794 10789 12829 5476 8051 4839 4667 5049
4436 12896 10118 860 9184 8644 17457 2726 13422 15924 17178 7230 16484 7733 13828 1840 17325 3555 13010 2464 45 9326 16546 14159 10751 9229
6333 5685 17977 12650 4336 13335 16498 18233 6822 12871 4508 17370 18642 15475 6978 16212 4072 15936 13313 9289 13206 11765 231 12867 17937 19273
19094 17944 11434 13540 5012 8180 16715 623 8873 17825 12846 9618 3365 13687 1096 15095 16946 15851 7750 1113 1682 3874 15552 10322 5210 521
16527 5099 14219 4641 8327 13602 3110 7712 4319 10994 7764 6109 13919 3123 2287 15695 15568 15531 6116 2373 2124 17742 9330 345 816 10605
13379 15989 1783 6149 19801 4247 5659 3160 2538 6018 7726 13450 2150 9466 17988 10942 637 7606 7479 393 14030 15144 4735 1987 17594 994
817 2507 8403 9527 11367 13079 19666 11613 6178 15068 17809 15050 1871 9894 8867 17266 2768 19125 18754 2832 7164 12064 1344 19973 3820 5543
9414 12288 13807 5788 7291 852 8342 6372 15442 76 7846 11238 2978 314 5685 1895 7730 5259 19972 13325 8531 6906 17376 19097 11490 6393
12924 17441 5898 5493 18988 6028 13434 4735 7288 18332 6596 326 14793 8419 11277 5413 19387 7791 1044 10690 17302 7397 823 17282 16253 11710
19904 17247 4650 6473 7936 5771 1014 19326 4138 17639 23 18954 7429 14321 17469 245 8151 2137 14831 3241 15467 19555 14100 11455 19768 16759
19505 5333 4835 9061 12467 19622 15010 15607 4962 17302 19705 439 2041 11281 3084 10588 17114 4344 4648 18712 12230 16543 4892 7153 360 14783
962 3313 19354 11763 14048 10963 15779 6586 12689 10377 16400 5742 15196 10743 3787 8845 9500 19168 3292 10858 10605 9198 6435 822 5907 13276
6189 17543 2854 8886 16060 4089 1136 12432 3811 3249 10639 8290 7549 19172 13362 19909 7610 19984 11134 6762 10631 12109 8616 11595 14483 6980
7599 12974 10669 9172 8932 14673 4212 5781 4369 6030 6031 10126 9285 11382 14210 6370 16149 9228 3577 18330 8271 14562 1900 12283 5598 18333
18849 3686 3189 14991 1245 3208 10011 4838 12613 18127 6499 17353 388 2189 4418 9316 5040 2585 6184 14582 119 3972 2168 11519 19343 8217
18941 10655 17122 14410 680 12358 4470 9328 11998 5887 16372 16943 12735 5324 8976 3496 11202 15381 14408 14703 12521 2608 11436 8430 10242 17433
5316 13331 18729 16477 8339 13038 9742 18149 17419 15779 723 19537 10965 541 17966 611 6477 11269 4878 15426 16176 2953 4783 19317 3667 11665
13926 4367 9579 17371 12412 8489 14245 7933 2932 5172 11187 2090 16991 4090 15381 4904 695 11328 12116 4572 19838 11521 10726 18817 12073 3192
13515 8415 3040 11499 10166 3306 19531 5674 5161 19105 16556 8009 13825 10648 374 15696 16652 10024 15809 13840 393 5200 16832 1079 6310 18792
14007 12541 18650 6414 18691 4598 6771 8603 18221 12098 13351 8965 16283 15031 8120 9203 4435 6739 5470 3533 19439 5519 7916 480 19603 5933
3374 273 12719 15981 231 19235 11211 3942 15840 18880 2619 5803 11003 1822 18457 3580 5931 9807 3722 10133 1289 934 6572 10661 18640 88
607 18105 4454 3009 9358 14273 17768 7192 18436 8729 17283 7810 13635 8344 3435 15669 3135 11988 12391 2189 10084 14075 6023 16646 10676 10096
81 14850 15017 6471 3906 4286 19244 8048 17593 17664 9359 14377 11342 13702 14453 8483 3736 17219 2314 524 10535 18037 13031 9472 12442 13017
12282 17983 8184 2577 5084 17479 6556 5362 19970 8044 17747 11841 8298 2943 15399 15359 1210 18676 11863 8022 4977 5343 16277 13558 7482 10864
12638 4583 9064 10186 11811 6784 8494 3047 8525 4953 19209 8353 2596 1464 14848 4026 9383 5701 17017 9908 7983 411 2538 1758 18784 10580
14811 15362 17162 17320 8401 6265 9033 16643 4342 2755 4395 11248 8961 17010 15961 9991 16154 6259 10414 17929 5570 8347 10401 7273 5552 17494
7958 3265 10720 3388 13535 5553 6731 5157 8463 10980 5924 17715 3239 17706 482 1471 8149 14411 2804 6622 11770 9996 17770 3294 3827 14185
851 9198 4136 12787 6830 14522 8349 14689 14126 9181 1860 10093 2062 15525 8645 7500 12115 5621 10935 4627 9487 6358 8896 912 13764 11151
8804 4019 17894 11873 2206 14852 12686 8306 8062 14861 6565 13329 9183 19919 14652 196 1877 6239 10936 10864 11643 18633 673 5333 10023 13889
13271 19131 13921 11670 5774 1423 10462 2534 6829 7535 12892 2831 15825 18353 1235 6022 18484 19451 19909 6536 6903 3441 7538 277 19386 17673
17172 8695 14794 16480 2351 14455 6473 3486 1853 16971 6918 11095 4016 11163 4700 18750 19585 14846 16889 6188 9870 15285 1414 4687 13992 16913
6608 2627 17204 4959 15540 6294 8346 9063 13708 5683 9756 19607 531 16934 8627 12187 16925 9197 14518 2341 152 15911 15120 8133 11513 8040
9523 15312 11943 948 4454 9696 10408 361 11804 1544 633 18607 4795 2722 14381 929 578 11567 12695 17077 1712 12798 5256 19540 9361 1156
7734 19521 996 9623 14568 15737 6255 13393 11797 13123 10240 15488 9801 5578 18712 10209 11169 6550 18338 14026 15763 19734 7700 17771 5371 12755
3728 19243 15867 3256 4068 13085 9747 12962 7873 6421 16939 18389 1600 15031 5416 2691 3173 12754 11003 4302 1740 4289 18200 16871 3814 13051
19889 5472 1796 9899 18057 2890 14109 13396 7490 16076 18534 12213 8524 16058 1879 16334 15869 17154 18975 2902 1138 15187 2236 11296 3646 285
17544 7585 15544 17657 13866 2772 11362 17184 11655 13608 13082 6600 4469 16306 8842 187 299 2198 1803 1336 16709 10635 983 14753 6347 16457
2707 3469 15041 5523 7240 3207 14911 10565 12304 11892 8330 5663 11386 17768 11316 17910 7634 6299 2118 4855 8679 7109 13221 16991 4799 18921
7562 12211 16696 17549 10328 16173 16751 18036 13187 8313 3873 14804 6896 4008 3653 15222 18803 4448 5907 7660 16725 10080 2606 15647 2677 16669
4271 10845 15425 11553 82 3318 19173 3510 7667 11340 17804 14566 1882 1999 15069 9502 4888 7308 12103 17504 12555 32 10245 14112 19770 17868
8029 19270 3262 14444 18659 587 2405 2222 3231 10219 5826 16951 15388 14122 17845 1287 9826 10408 7390 3188 13929 9749 575 1718 13235 14468
7010 5824 9782 16298 7489 7182 4005 17020 1438 7957 3723 14253 7982 5018 4665 400 5680 18885 16508 19522 4423 10621 5080 19101 1957 7246
18840 13971 3634 17509 618 1368 7532 3704 19766 10083 1503 9168 16220 16625 16016 1076 10876 9136 12669 14543 16744 1894 17467 3553 13585 12375
3940 19206 11177 3174 18957 6294 19964 17189 951 3085 126 19663 14393 4290 2564 18831 13002 1154 11381 11047 5221 14282 11948 14529 17113 18855
5168 12591 8339 6993 13687 18944 15985 19585 10810 2857 324 15178 5874 490 15965 2087 14118 4909 17745 7869 19079 5510 12744 368 18219 1313
17781 2446 5832 6137 12026 17350 4327 19936 19825 1231 7388 9062 3896 15752 226 10779 9629 13867 18026 7699 4497 18303 18922 3913 9122 1866
2131 3860 17286 843 11483 11589 7593 17811 15810 16864 6723 16694 37 802 6928 8476 19496 13306 11053 3177 17022 8250 2547 11260 4723 1796
16230 4718 14576 13599 13092 19315 13253 89 18596 16655 9869 16986 10299 5991 2111 6352 8340 19422 9569 6249 432 9922 14323 2035 16669 2140
5029 12793 16400 1008 15285 7451 7 4888 9800 16240 7643 7870 13298 17004 3223 15697 4420 15725 1519 6738 1778 17455 19572 15951 8896 6071
11836 15720 14556 19624 19397 9620 14378 17481 2733 4290 18771 4602 2320 13297 3554 15738 9274 12972 9697 15365 11360 747 10044 7419 13663 11114
19860 15621 12792 15672 8603 14081 3940 18577 4234 2070 1040 14556 10017 1825 5431 19617 11586 10483 15854 18794 12649 2063 6350 7929 15303 3023
1283 632 3227 6706 17519 19516 18553 13658 13414 1890 3500 1905 5899 3576 2446 10328 19692 18493 14319 13426 14287 7270 19690 11754 15472 4494
16529 16577 10837 3179 16477 12851 7463 5423 2408 14780 428 18835 19436 13372 1776 8859 3332 5610 6537 13834 4692 6870 2517 11448 16432 5172
5920 14221 115 15468 13989 5969 5872 16966 5024 10713 6726 5880 18797 13650 5855 8264 16221 2949 15498 15101 17663 15899 12206 18052 15290 15477
19071 8097 13078 1948 10390 5266 16232 1445 13411 11200 752 13807 9741 8929 4907 3994 447 10808 14047 18655 9567 11706 2617 11203 18296 1249
9190 865 18889 16806 4177 1343 8089 11634 18891 9282 19255 3591 15925 5524 12658 6686 3221 5145 14088 11238 801 12398 18485 1572 16108 13906
14845 10723 6150 2552 12083 3918 12915 6294 17244 7468 19425 9965 5896 16951 3754 13140 3617 8091 6324 13455 2373 1072 12062 17675 4176 8327
15833 525 13218 7603 3257 2461 15852 175 5142 17314 808 13810 19691 11440 252 5612 11408 15415 19123 3776 16496 8374 8022 18548 16452 15223
1259 1564 19648 811 10861 2539 15817 11530 19788 6995 3799 6126 8208 2725 18234 12756 4190 8525 5332 10663 8669 10782 8932 9224 14954 18463
16225 5069 18242 7239 17784 5258 1355 14936 7460 9073 1568 10950 701 19845 5829 9573 17211 6986 1503 16004 12143 19427 5116 19705 5948 13966
16647 2607 18775 19784 9391 16535 19861 5049 12852 14888 6606 1381 16296 18178 18574 3090 1516 9712 9597 3645 1845 4138 6379 19214 12419 19790
5475 7628 4032 5810 10535 16656 11475 15890 7514 3058 18763 562 10137 6357 204 18981 385 17106 3996 2918 7873 12955 15695 15697 1372 3672
14650 7712 566 18790 11169 5334 5195 1592 4715 15729 4166 3000 5282 7632 6127 230 16964 5380 14318 16976 6691 14479 6875 10795 6083 16636
17339 1589 15079 3821 2587 19247 11455 1235 13863 12801 18352 3422 4237 14240 1052 8589 1677 5991 9730 6809 524 6065 14355 9623 16156 13305
1002 6979 813 10084 17933 12795 3364 1310 6639 97 890 15455 6343 455 7943 3419 10440 2719 17062 10044 1426 9316 10588 13012 3669 15805
5741 1670 3649 7512 17200 4257 12340 8768 848 11976 8079 217 552 19010 13268 12663 1826 9919 10124 7917 13634 17176 13317 1947 10244 19204
250 12627 15654 3194 4560 12457 19571 7445 8345 7139 13579 19575 2680 5044 2765 6727 6447 17804 13462 12411 4868 4091 9007 13802 1597 19269
8402 5461 4179 15167 9162 18795 19065 19427 15538 7290 17572 16191 15060 5238 17885 12389 15959 9707 12361 11137 6986 11396 1229 5836 13673 7045
211 8575 17885 6691 1181 8349 11632 3411 6090 8760 17298 8415 18604 8439 18108 14402 3194 9746 17358 9323 5012 4264 13165 13634 14783 11202
3223 15907 17592 19501 19552 1357 1229 14839 12804 15322 11258 13727 9859 13200 13755 15424 17355 17765 967 2311 17580 3228 10269 3634 15846 7764
15094 4432 6744 12728 2601 9157 10057 4315 12942 12375 3131 16396 3651 2030 12174 5690 7762 8511 15775 15562 3128 2188 3874 17947 18417 9962
857 12311 12082 5246 2992 4771 13335 12706 13397 5200 7403 1954 17359 15977 5535 5694 15655 404 10804 12669 7334 327 11502 6841 8719 7801
12304 9712 12728 15867 16325 15963 12297 9160 14224 12284 6987 3595 1455 19850 15992 6081 10774 10788 14412 12489 19781 4487 6713 954 6908 8667
5966 8270 5592 14896 17625 14625 8587 5831 19969 5394 14647 19750 9483 1605 7675 11463 9945 5006 6413 4136 12057 5530 17319 12402 14293 11376
3822 18444 1062 13908 3406 13292 16320 4379 7769 13722 4940 7196 4105 4204 4803 16038 17071 18955 1600 10479 10037 9782 230 493 15331 14257
2555 19878 8463 15259 4731 7843 4202 14037 14334 13319 11611 9592 4216 9347 233 20000 654 1390 7794 17112 12578 16210 1130 16030 9961 1291
2332 11889 5470 2282 19758 13524 11186 19077 19280 1501 4638 508 4475 1205 13309 6926 3659 1334 5554 14141 8198 13391 3906 5125 15072 5820
10525 4953 14343 13613 11772 1276 4227 2202 3590 16461 1702 14273 6505 5101 8736 7692 11486 8936 6022 9113 13814 12966 2288 18476 13973 10938
12674 13746 4257 5724 91 8691 4888 18606 4812 6551 3667 19332 7512 6174 8252 5721 13766 13083 12202 11362 13521 5081 8497 14259 5214 4824
