365
58 75 93 6 67 88 51 52 100 31 65 100 4 11 46 90 0 91 30 65 11 93 98 56 69 79
8769 16710 18469 16222 14146 6211 8794 1546 1161 12031 14161 11055 1001 9828 19788 19428 3555 6309 8602 12908 10484 10304 1562 14796 3122 16396
18882 9771 7866 17039 9581 4606 3921 518 9316 983 18368 15203 3060 7391 19635 10530 7114 14460 16004 401 19252 11624 1454 4477 13098 11422
10912 16922 7791 3031 13773 6254 8856 15609 1151 5610 8337 1517 9569 16745 5034 5568 3567 9941 19218 17310 7175 3842 11190 4023 12216 4008
17221 14006 741 13512 11205 12992 8900 6133 19001 2230 360 1220 9383 18595 6674 10913 14578 732 8804 10800 3896 3463 13480 5736 15295 17804
19314 12982 1969 14641 8844 17749 16378 19255 17273 1376 17872 11939 8632 17931 5655 11072 15608 10869 9220 9584 4389 4595 8182 19097 17071 13383
325 13194 514 17683 13493 9589 15119 11527 13549 182 2411 2826 3875 8177 8065 8724 8956 16562 19387 12681 8761 3958 99 18757 2314 6158
13265 19233 1625 10039 5318 4296 17820 11152 5695 6384 13311 10850 17428 8552 16949 9351 13350 3573 11279 1545 3430 7991 16569 12339 11262 7694
10475 18548 12129 10637 5520 18305 6858 3631 16396 10494 9293 17367 19083 8218 3480 4111 4529 14522 5025 8757 4810 9274 16775 2483 1837 6363
5994 13538 2187 7747 19752 7814 906 2597 6660 5425 13869 11611 8697 9894 17857 14694 8240 13222 7939 6963 15987 16437 19121 2827 15071 12596
18762 12615 12962 10038 7306 6096 17912 8460 3678 4289 8639 10294 12027 10751 13148 12706 14671 11659 12643 11680 18009 6579 16936 4670 11015 2017
1054 5912 11717 8408 7987 15972 833 12362 2443 2867 11433 11003 5827 10613 19696 10734 9843 13967 1867 13111 4460 3985 2771 479 1638 11443
11235 14863 5710 12250 1478 10835 12985 11971 13336 14900 2253 15059 7532 6867 19262 9209 3656 1980 263 2991 6125 2612 4667 14369 9542 7616
8674 19700 3409 8416 16605 703 18790 10639 4193 12964 12711 17805 16726 16094 10909 10838 9691 2968 4486 4524 868 5338 8401 3836 3001 672
11937 2715 14387 8296 12003 11438 7733 852 19042 15765 13848 16778 17463 4588 10668 11294 17050 16814 8973 16942 3545 18045 9380 5314 4277 18799
6967 15250 1085 2663 11915 10449 2094 16489 10189 3708 17638 1302 19969 16081 3943 18400 10982 17851 12213 13075 14438 13358 17230 1463 19646 13278
19201 17295 15738 4343 11592 9925 19286 14683 14505 17852 16815 7748 3244 10369 11445 7620 13243 11528 2855 12742 9213 3734 514 5530 5476 12860
8415 1378 19353 5124 18957 8212 17061 15917 10005 10857 9825 18332 3128 17413 3166 15896 6599 17300 16747 7076 17912 16304 4307 8350 3915 5797
5338 9753 8435 5059 11043 18374 11903 17804 1607 13687 418 3625 14667 13224 2877 18808 12311 398 12323 1250 15930 11431 15124 2477 10955 13487
14298 1171 14993 7885 135 8684 137 14347 18177 6703 3969 18218 9857 3539 17716 10966 19586 4242 16128 3576 5519 5608 1122 9579 18629 1965
15799 18915 12069 10932 18799 13753 6600 13957 11598 1091 4161 5900 9607 18086 5590 18964 9245 31 11973 10141 7859 15293 6761 16131 7297 701
7890 9417 3759 19878 10248 8310 2964 18802 2801 131 13731 5736 12145 17184 108 2995 10536 13795 16397 17240 7605 18151 3644 12426 2830 16583
13186 17982 17021 1436 1410 2241 11881 1858 6840 10072 1026 16516 19759 11941 5954 15129 2947 2076 12560 16757 14739 4612 12933 15265 978 469
2535 6450 2480 9756 6055 13038 16385 17704 854 4193 11259 5173 10255 19970 8628 10981 16364 4991 4496 15365 17401 8306 830 13024 18649 9091
837 8123 16438 3612 19347 2323 3737 12286 13273 11485 34 7941 11225 7481 5314 4710 11221 1753 5428 1886 13217 18918 18978 13501 766 19450
4100 1796 19950 4001 19515 8175 13350 5959 1942 16350 18167 15171 11714 2703 1285 19031 2068 9572 718 7599 5457 12733 11822 18479 6556 4301
16181 10602 10491 7939 9551 6485 6011 13827 4220 21 13422 2695 13524 10487 17905 13016 5383 435 13283 6933 7829 10720 5389 19597 8102 16946
12007 11742 7272 1373 15151 14999 17315 8198 15778 5609 2419 17446 2164 15050 806 371 9818 4881 16270 14112 10057 2615 9786 8751 12618 14701
6636 19999 18527 1347 1936 2484 1899 11692 19242 16501 1671 9118 4884 4698 9528 3833 398 11635 11795 9936 1972 13949 19896 19633 18627 2248
8906 9456 16091 7822 9625 111 7422 9355 5611 12085 7153 12710 5606 12268 3322 4818 9918 12189 11510 17287 18732 13142 4535 1347 14014 19077
19775 1909 2376 8887 14062 18872 3309 6302 4799 7826 10167 15181 1242 7469 15959 1591 2132 13381 13341 5103 5915 5246 10019 6672 10290 15059
18159 3697 19867 15835 5196 7818 7274 14557 2399 14503 1319 14653 13234 3449 2700 14123 16808 9999 8876 3254 12365 16213 6316 7084 16549 15969
15145 432 14865 16540 7048 19347 13601 14521 8322 7037 6879 2380 4849 5005 1760 2212 7998 126 19523 14460 18309 18622 2610 17888 8841 7767
10811 10684 7765 9860 2750 14167 17230 19423 17523 6202 5398 17673 6816 8479 2877 9985 4994 16376 14020 9530 7028 4126 13006 13 4665 4462
4102 18106 13057 3100 986 407 9006 3449 18428 19867 13962 18314 16478 2376 2952 12591 12214 907 4068 16507 7259 3192 10178 3782 5061 18885
19151 4179 15010 7871 107 13783 16903 14960 17765 13336 4524 16575 15606 8084 15027 19709 19773 11239 16439 19585 12141 16834 5421 14201 8927 3868
18825 17477 7213 2958 13489 18070 7404 3545 386 8265 4732 13792 2117 8095 9550 11797 8782 15013 2394 11591 8973 16786 13183 14273 16431 8152
14228 14645 15955 14689 19568 14547 7302 7015 4976 10221 3264 5222 10481 12327 10451 4425 14566 13640 4389 4168 18987 13772 6416 826 5845 18956
15023 11988 4164 8986 9631 17735 18360 17419 566 1967 16411 14463 7572 3133 10564 5552 4997 5942 19141 1670 10477 15108 9636 12986 10661 1914
5183 7876 17652 2260 14203 5190 942 18137 5902 4899 17113 3162 12516 6323 317 19528 14595 18834 7944 6172 1089 19472 3232 19372 6419 1024
14443 12858 11668 186 2804 4788 11155 5489 3645 19722 6167 14985 17080 11920 18786 5601 12715 11212 13989 7544 12536 2722 239 10789 13295 5402
1708 9675 1360 18179 1316 17067 5751 19414 6624 14725 3211 13835 10198 2380 19540 19642 11624 16642 10462 11510 16900 14270 10173 9992 15808 6579
12996 2919 17531 15673 11964 8496 8937 10355 18024 19765 19296 3453 16641 19215 13073 12901 11491 5102 7245 9782 14308 3876 4815 3310 791 5515
8096 339 10450 4568 13805 1286 16626 14446 13207 649 9162 13584 13874 14482 1612 11688 11753 7456 9015 16362 3369 11136 17446 7296 7311 11239
18741 14141 8423 10378 2023 14633 7710 5409 2172 3633 5588 18319 15756 9345 14539 8379 6087 1854 8584 14662 19784 1183 16952 3379 14512 10783
5046 7738 2005 18275 14872 3957 17865 5733 19151 6218 4277 3025 18326 3782 2173 15676 19590 3373 8220 10574 1248 8435 18636 8116 10544 19736
14756 16239 18915 403 5704 506 14843 11276 12494 5157 5910 8663 10360 8246 15535 5254 9551 12847 19103 15667 5734 5855 10731 2570 15691 10614
3542 15367 9929 10017 13523 841 18068 11603 1791 3749 8266 2795 12749 3316 19679 12485 8874 16918 16340 1109 10347 17137 10246 4014 353 16544
18409 11681 5637 8366 8882 14214 6189 16023 695 2523 8645 17082 6755 19051 18362 433 3137 15331 9027 5388 10695 8513 13154 18411 7265 3569
8502 14049 16039 6860 5924 19494 19586 8925 13882 11347 15953 19267 3287 6157 5814 11793 6239 13337 4150 5531 7308 19887 18539 3878 5786 9505
16661 15400 1447 18038 10213 19088 17908 6435 14803 221 6811 10400 7944 3582 15163 3278 2505 17180 12763 8178 5831 13127 9633 6915 4540 12356
2309 17504 18594 5207 11777 7239 2167 8521 1604 495 8860 16635 2509 16876 7559 5191 6379 18559 18736 8373 6766 2367 16345 774 2256 17806
19412 6777 7362 4861 6939 13089 18617 1481 18067 14231 4686 11891 6695 17931 827 4673 2378 18634 2654 4145 16543 19189 16341 17347 5212 17090
18182 4178 1258 3317 16705 9244 11440 10164 14399 10584 567 2991 11706 6267 18477 6791 14960 5856 7833 14190 18364 6794 6592 4654 10457 17705
1857 6660 17706 1191 2958 17903 2152 8077 10392 8419 15478 1151 1930 13631 13625 7066 16678 10264 2380 18231 12316 15829 5265 3909 747 1553
2641 18475 6040 12484 14073 14822 11439 14458 4305 5290 18947 18077 3093 7127 8914 3009 5245 12021 11372 14998 19445 3673 12664 1128 6659 2374
6835 8148 9373 18311 12675 3462 3436 13703 16962 9869 15948 2483 15763 5184 11243 17496 16285 9562 4294 11308 8263 1674 5057 8225 9815 4039
9476 7011 15337 2527 8087 5520 16916 11418 18041 14461 11465 7314 9497 6080 3551 16154 4894 1313 17719 130 2475 13937 13167 3769 7458 1512
6249 19938 15429 13509 18424 1854 7674 7574 11131 542 9747 7986 2314 15860 14952 13595 3347 17407 13911 5121 19035 12744 2739 18364 14088 10404
17643 10892 11886 19917 16069 14579 3481 3554 2321 17145 10253 17510 7105 4696 9553 2873 7305 4081 15841 9696 5629 16587 10696 17105 6219 4244
8245 17196 19845 12060 9324 684 12946 12433 10094 15918 18651 2217 309 12271 1504 7353 151 16539 11665 17547 16105 14232 14417 18902 4431 9904
13050 14842 10123 2137 18568 14531 8386 8023 14120 18188 19937 11848 12741 3835 4569 16387 11361 8318 19128 3902 18110 73 10044 916 18390 6226
3128 11279 11740 18529 8598 16014 8895 18568 2157 11263 6244 13721 8505 4289 6455 2513 16961 594 8323 4058 11228 9410 486 6008 636 4062
11433 4116 17826 14290 8041 10344 6814 19760 8937 18567 5265 18002 10421 17921 13120 7885 2662 15335 12049 9458 3227 14866 19646 5384 16247 1340
6231 18465 14611 14689 19033 16623 12607 5647 17927 9553 17238 12930 17932 10013 14124 19466 468 1465 4678 12823 9085 4420 5007 8037 1856 12772
15720 7786 5698 2333 12840 5848 11150 464 5452 16471 8872 3924 1836 18935 14201 481 5318 5941 9783 12493 13524 5598 8390 19136 19848 13744
10415 10911 742 16616 18955 3992 12728 11002 10825 4101 19907 4566 8873 15754 15652 13990 2706 16414 13349 15027 16690 17964 12884 3362 16051 12753
465 18829 4276 17213 6449 1029 12975 17352 12987 12111 7241 15617 877 13338 4618 13563 15798 7632 804 15406 8190 7109 15070 18242 14729 9000
10628 1167 17700 17269 9629 13765 15842 10491 14216 5877 7037 3331 13042 8167 4888 18667 17146 11185 10888 19554 18325 13498 11890 9015 1992 532
10431 19134 9860 982 12708 11457 4595 2600 402 17675 1981 14452 9890 1425 3766 14066 9330 19337 8018 16039 3977 19290 17965 18377 6082 17108
8267 3820 12381 6181 15142 13093 12216 7242 4820 18733 13535 8535 19422 7722 7121 5977 18045 8277 18025 14722 1857 5060 17688 3502 12876 4656
19450 19107 73 6018 4667 1435 3850 11506 2192 15896 10657 108 2988 2248 17359 19990 6737 770 8687 2974 16289 5503 13301 13690 14713 12605
13053 9896 15648 5700 317 19761 7827 14000 11215 1278 19769 6771 6127 13496 4856 19476 5218 9725 16090 6771 12274 15713 15005 2040 5042 13837
3 8368 2732 13499 18351 5587 9091 3129 11295 3459 10064 6827 8875 19498 6316 11498 16922 17765 17532 19985 11697 18090 2037 19815 11645 8529
10561 15271 15577 11813 17938 6986 5374 19348 6307 7047 15615 6624 17401 2627 13914 5599 3127 5282 9611 13788 16144 13552 11897 2525 2097 16562
10290 15361 14872 7883 3388 5273 6720 8055 12595 8694 12775 3121 16554 263 13547 13169 19549 15168 16227 9058 8142 6438 10066 10454 1709 14528
11131 16578 4502 18333 18553 7761 2031 18 1457 1627 15850 11393 2800 17240 12670 6169 4688 1972 7996 16983 18606 19986 13060 2151 10359 4563
3615 5939 7696 10786 4176 12275 8352 2833 11860 12143 14412 13979 4234 4209 12624 13387 8656 9332 12504 10198 8089 7878 1369 11365 6795 18285
10170 974 8329 3869 12902 19826 13279 6348 8027 14170 11006 17302 4605 6238 2125 15316 13602 17753 9199 3824 3681 13336 4144 15248 19350 15741
1881 19191 4663 6894 12904 4191 13836 282 2624 3891 9966 377 2171 9305 15413 19078 3439 16262 6463 13065 106 3794 5407 1448 5858 7431
18778 14270 11935 7932 428 14236 11311 13087 19747 7886 13485 187 15407 10003 13724 8330 4976 4922 6623 2460 11899 7615 11623 19077 5529 2159
15660 11522 14786 19980 3730 16932 2057 10792 5968 15198 9781 7012 2832 17048 19235 19434 18969 6223 6069 14404 15210 11706 4953 15117 1151 14504
7023 582 10092 17019 10819 2619 1413 15517 15810 12408 13608 654 12776 9184 8785 1358 10968 564 14910 9345 15224 8754 9815 11947 2063 620
13031 6737 19429 4289 938 11774 18102 2247 5783 16637 129 11193 16611 7194 13970 9112 3472 18892 2284 8158 296 1484 13555 8803 13455 4565
11207 12354 13264 8529 11194 4116 12175 691 3214 12684 6779 12326 6449 5101 7376 16421 164 4089 9650 843 16234 8939 15902 14049 18689 8193
19086 2199 18606 11276 7063 3162 10537 3402 14595 7856 16140 4981 4399 15327 8083 15146 5780 7995 10682 10287 3055 10280 6328 14314 2121 8393
9055 16447 16358 13949 19345 12190 16977 6797 19983 594 1776 8651 12545 2779 4994 3791 12973 13710 4055 1632 17232 2129 10149 3844 11914 17835
4126 6774 18416 8101 9924 18851 5651 8540 9724 12255 3073 13663 9056 2391 4903 2176 7464 2045 2852 12559 3400 11765 4550 6457 12549 9282
5557 16589 8009 18308 7334 484 19758 10522 9341 3727 12553 7159 4464 19123 6923 12968 728 19733 12305 6921 14930 197 9226 8372 443 9353
18426 4116 8301 1104 14302 6215 4795 12511 19241 10635 9374 6027 5133 9529 14958 2724 8328 8472 7641 14429 4533 5920 15031 13237 1873 1980
5068 3431 2628 3812 12241 18558 15084 11423 16018 18594 4526 17044 17922 1082 7512 5359 12414 13793 14942 7270 15916 16239 7509 5011 11449 13473
17910 19981 4192 12585 362 15082 15496 3896 13763 15124 13650 3556 2591 7525 11830 5185 14796 10853 7894 14834 18928 561 16433 11027 12604 19535
8429 6589 7062 6387 16225 9518 10331 16354 3436 10442 15807 6715 409 10465 19816 14106 13631 16527 13484 6142 6823 2892 6385 17283 17788 18350
11595 3581 10155 3988 7538 10288 4456 7483 11089 918 2229 11354 17150 18418 5940 16380 4344 7148 17305 4427 11518 9376 6047 16531 4517 13762
12059 11925 14521 18839 8261 14653 5414 14789 6355 4229 10081 4867 14704 5606 6901 1420 16857 17401 4755 18542 12639 8220 6507 17928 1319 10027
3505 17466 4999 3185 5278 13748 9807 435 14183 10 18653 18660 36 14957 237 7688 9459 4469 12385 2231 15855 4779 8265 7589 13847 6427
14851 4714 3379 14090 7756 2474 13911 4465 14211 18687 14971 10766 17651 2287 7258 2653 10605 1029 15052 9379 18704 14238 14899 4559 9237 15310
7263 12950 2530 15289 19755 1113 3395 1304 1875 4144 14865 10064 11189 12391 14982 13637 3898 10858 18897 3083 4424 7873 12455 7056 5428 13036
5983 804 1844 9618 13263 17260 2008 4726 13632 8313 14048 6496 6754 11691 3525 8503 19437 6156 14018 7492 12353 12413 18588 12627 805 10822
19656 4066 3172 6469 18025 13329 6292 18860 3936 9596 9804 8433 18961 19833 19853 13320 3520 11874 359 7888 10033 351 6144 16137 9684 1384
8716 12632 2332 11378 15654 17215 9437 18651 15951 18814 11804 4004 163 9491 13869 18624 16379 19940 1198 19883 6721 3803 9735 12393 17447 11837
8314 19809 8977 19666 10544 14782 17644 6331 10526 4071 2501 12587 13937 7072 10395 8344 4735 4207 9458 9681 13449 6879 1661 901 16289 4876
3614 3638 17141 13554 17651 11216 10456 2646 5997 16961 8729 13770 1806 6259 5869 7174 9285 9930 15943 6492 11969 6892 817 10692 4289 18953
14595 516 5026 19249 17129 15627 7011 4391 6742 15157 9455 788 6115 6258 11589 14994 1937 12161 11426 15524 591 6919 15895 6022 14780 10908
9326 6782 17563 3859 313 10731 2719 19125 16709 8340 16842 18455 19181 629 15483 2956 12743 13609 2197 5699 8167 12801 16356 18597 7740 12321
9912 14981 10535 7027 3870 11089 1261 2301 792 16752 12091 11205 17638 4247 1825 16949 636 1172 8146 2964 13648 10635 7706 415 13869 8130
16389 656 3341 10164 13609 13168 18788 3972 11694 17864 10191 2645 15248 5580 7299 9230 18786 9391 16043 10958 11538 4158 4425 11337 6877 5660
18606 18088 8952 10806 14234 11992 18313 18092 10652 12479 1953 11870 1912 5702 5078 11853 11347 1999 4128 1399 8520 13077 5926 6018 18744 6869
5453 14530 10741 17971 14535 12914 14137 5915 10455 7436 4792 19226 1583 11353 10460 18830 7546 18771 13847 17889 282 14322 8458 725 13857 7949
15093 9532 1089 2867 4423 5968 11941 16657 18422 17515 6056 9889 15498 1548 7310 15907 7424 4985 4511 3479 12564 16179 1182 3651 10021 534
12070 488 16213 2452 5233 165 6168 2030 12789 8377 14593 1314 5651 12572 15050 10668 16680 8048 3144 3698 2728 18811 11519 11363 7371 4003
6718 3332 16475 12757 4129 15851 7393 12912 6401 2407 6368 5029 6736 11964 12056 1249 15636 1182 16589 9391 7716 12243 16059 4678 19215 11794
12617 17765 1775 17750 3973 13610 11922 12248 10676 4794 16046 4478 5451 8477 19775 11431 16492 9277 19810 12921 17308 16753 4275 14473 5601 116
9603 19035 14882 6486 13502 8635 15820 17092 16549 7820 11281 7624 17864 17142 6708 4595 10162 6566 10721 5489 10450 2948 16513 19008 2734 9903
19162 13734 1699 5633 16263 13434 2152 4849 13226 9031 19880 6052 15207 19404 10591 8976 2326 3101 4397 8095 3281 2736 1907 8727 3950 15586
1748 13769 5866 10724 187 11812 10747 5974 2888 14076 14279 2594 8578 19660 6728 12311 9093 11634 13708 7143 16024 8929 7804 13068 8843 16877
11698 19422 10923 12358 10047 2053 19996 4265 1917 12988 15315 15148 17392 17237 14157 12383 18707 16877 11067 11099 17168 6048 16700 4171 6656 11361
13587 14199 551 3896 7299 14179 7685 17244 6297 13064 8856 2434 16851 4973 7401 8729 15480 8912 13821 9374 12911 12791 6962 15274 17101 5594
10713 2336 11057 19143 15181 3412 17511 13332 9258 14536 4194 16417 11395 1427 13879 7040 16832 17662 17225 17771 4511 7331 3330 389 9111 7115
10008 13828 19749 10913 14217 15747 9528 3950 11046 7417 1171 10928 18080 17840 19364 2104 11731 15792 12432 12432 7434 1300 13880 7273 16496 14713
2434 4929 17386 19309 13820 9698 4979 15869 19641 2370 8454 4367 16844 6560 17222 9268 11493 8464 7994 16878 18610 12924 18966 17741 9323 19989
18588 14882 8159 19366 5972 5030 9659 12190 6635 15861 9815 3332 11539 2244 5026 10241 8930 2479 13146 579 16674 15886 2889 18842 14210 19975
7974 12450 11427 19213 12022 17509 14997 8259 13462 17516 15636 6890 18104 18443 7235 4234 8623 18738 574 8666 12778 8076 2798 14089 1160 17130
7005 15291 4989 12341 9562 4037 7488 10057 3430 4937 12309 17403 6018 19903 17888 5496 3721 12068 6914 34 4067 2652 1296 1896 706 7546
8180 14014 1918 16526 3106 17028 6929 1893 5956 13807 12193 6392 11441 12663 12507 5351 14259 9686 12616 2776 10737 7641 15138 6225 15424 19128
9211 10155 3916 9630 18125 12323 2218 2386 12482 2544 12534 9918 5532 4085 8342 9872 7593 1467 5351 12288 13756 1951 2371 1081 4361 19234
7557 4070 2846 13187 19921 16139 8023 968 10619 4202 951 18656 10207 10789 18718 13447 15387 17949 3407 14097 19573 19302 19622 16794 3043 15306
10047 8580 17631 11122 17583 12164 4369 15300 3717 13867 4668 16523 4937 11779 5800 5929 14579 5093 10934 1898 4517 8673 1551 9790 7940 16249
7782 4127 12702 8952 7011 8014 11869 17136 4562 6132 13584 3155 2614 4728 18754 2181 17648 16329 2224 13603 3822 11697 6679 12929 6322 6154
7763 16421 18038 10010 442 8825 7926 15068 9586 4785 4328 13788 6315 3367 5052 6276 14374 15114 3580 3399 2180 900 13457 16525 18769 14795
11978 2727 17332 8402 17241 1691 11453 13410 7467 19427 10304 9885 19126 10295 9112 205 11215 14125 16787 2206 10313 18429 862 6806 17166 9907
10465 3214 1380 18940 7960 5195 465 406 17399 10229 1889 1074 7807 13781 15017 18986 6699 14908 2069 14291 10117 6002 13977 12978 1419 11494
4158 18265 15118 15883 8643 19741 10139 3927 11056 12361 6398 2859 4497 9182 1021 19014 19683 7358 13416 8696 14202 9718 1113 15520 6083 9286
16691 6206 2762 14232 14708 17850 17187 1111 5011 28 3108 3992 17079 4685 12906 18394 445 12468 1218 9829 12574 6947 2692 10622 18225 18450
11918 272 17264 8997 9360 14554 15266 6440 2236 8708 8353 704 16555 2275 13730 5110 13567 8840 5515 18907 3469 1188 19319 9148 11642 4414
18582 4649 10957 11629 12305 7577 9561 11228 16581 13181 9901 3315 11260 14144 17530 17164 15023 5299 18739 2317 2843 9781 12283 15490 12579 6880
7917 11433 19197 13507 10518 10169 7323 4096 2472 5038 17929 12341 7720 3408 3527 2612 15985 2493 9913 11569 2915 5815 15551 1920 4613 16108
2645 8951 1274 1428 11295 10370 6029 5095 10424 4694 17392 16988 7184 13636 2614 5090 16702 14028 2526 7911 5070 14622 16719 6820 12216 12567
9260 13054 12165 15363 16295 1606 8448 8578 6302 7168 8019 664 15982 4580 3056 7714 2165 16434 5505 8751 14011 17694 16907 18952 19296 10775
16762 6662 19509 5940 17720 11150 6616 16445 5998 11504 14740 3481 19015 11437 19980 8257 14258 6689 17924 4556 14552 7594 11851 10147 14106 16751
8176 16637 16721 19870 4599 3535 12239 10368 6685 12975 868 9180 14315 1732 15106 15451 10645 14950 17621 2097 3361 12529 13049 5211 3795 190
8410 2878 4218 11596 754 14406 12916 10433 5309 18978 19448 1463 6481 8682 9366 1453 4471 6832 9037 1220 10983 15687 14913 11441 7926 11195
3277 4676 8099 668 3880 8635 5097 4300 7358 19845 6474 4518 2767 8591 5842 5293 2393 4435 5582 13150 6121 2507 6315 16063 18849 10918
1291 13255 6390 12974 8997 2637 2108 2252 7371 8615 17654 13554 12678 10850 5567 197 18632 17568 3109 7971 12764 11864 4887 5849 5513 8649
5553 16628 14633 13622 18402 12495 16052 16560 10143 9420 9937 4457 8496 7699 15213 15949 16118 88 14326 4897 7649 16349 11555 16668 13094 302
5576 11249 8326 2293 4583 1060 19644 17449 9549 19356 15311 6882 18750 8141 17170 6552 8671 4625 5955 846 7570 17598 10610 9206 11202 5007
3362 4202 6803 9640 19118 8578 8577 766 628 17441 4707 2827 6371 7891 457 1612 17597 11500 14998 18694 16507 905 459 7213 13035 16170
1053 12129 11179 3156 12845 1339 19147 17186 18081 18449 6941 17283 10605 15983 17219 3340 9562 6695 33 7852 2430 4679 17511 11311 8495 9513
17078 3930 10030 13527 7894 7042 12280 2828 6844 9143 2669 4950 17562 7182 1431 10132 11441 8425 9957 11087 10187 16357 4389 13875 5624 14617
3312 16956 11074 15587 7960 12553 4450 11646 903 4083 15465 18551 8318 3086 10948 1517 10360 12850 19443 4036 18850 433 2056 13352 889 2961
1294 2032 18810 8910 6173 50 107 2371 10461 3435 9664 14674 10194 4767 1281 7649 7824 10453 12289 9944 9331 13966 19028 6808 16592 15305
18059 10091 10835 6902 883 14333 5400 10466 19628 4573 10169 8348 15938 19168 11366 9080 6093 963 14399 2387 10816 14200 3095 8760 18429 12657
8502 18215 19950 13124 3293 1649 10911 18426 4846 5576 65 413 10128 7966 17694 5904 1032 11896 3133 74 10119 19854 38 10501 13683 10617
12273 15349 12013 17306 8170 13573 3003 19119 10008 14621 10807 999 15121 9967 19691 6639 12448 542 4416 2848 14298 12230 6707 9465 5680 16669
745 2236 5307 5362 14698 1079 16987 19852 5618 16714 16625 5875 18956 61 12724 19046 632 17582 7781 5588 8564 12388 17335 17731 5180 89
656 13292 834 18824 9024 7249 8348 19322 1569 4029 14678 9394 12206 8023 5902 15997 19716 5202 18022 6390 10466 12798 8686 10829 2702 2905
10905 19211 7329 11327 6832 2317 4263 12392 3487 8663 12937 1543 646 19402 12843 9355 15736 10630 1518 5474 13173 1347 4135 14180 7310 14170
19959 16479 6409 1510 7753 10976 9119 13442 8515 6668 3655 10896 13685 14551 14095 11122 12766 9286 13940 2910 16486 4304 10247 992 16738 18937
5229 18027 12729 2199 11351 13669 6414 13842 10960 15465 5610 1999 10697 8388 11648 3242 1597 2512 18748 8174 18523 1959 8989 2043 13859 10292
8529 15145 12294 18914 14097 10260 2525 12072 12012 7864 5467 12121 8944 7286 4340 7682 7817 16029 9308 9599 15573 8381 185 9828 1664 7300
18041 7455 4272 19860 5345 18335 1207 2399 7481 1097 19542 2538 9110 4804 3275 7138 4777 3950 7269 524 16774 10063 4800 18272 2053 14190
19351 7318 2047 8737 12884 14093 15640 19003 18736 5617 19402 13899 10066 19661 8778 18976 1036 11850 751 8243 9191 2676 8002 13061 11505 13008
18715 12482 7920 9634 19333 13720 19204 7530 11643 14247 2786 11385 16861 8227 6965 1264 9899 5235 7888 6965 8697 1469 4831 10191 7669 13806
18193 4930 3072 6272 17355 63 1112 12672 8417 8397 12736 3913 6070 8434 12113 9976 6036 16504 9527 9221 6030 2240 18825 19920 15173 340
4683 2441 4878 16268 7463 12706 11216 8914 6143 14288 7506 8981 2888 4860 18783 3430 4376 13817 11306 13119 11687 17254 15063 8529 19604 10139
6645 9128 8483 8136 9928 4405 1214 11306 12489 628 19115 8184 4415 12012 11718 4709 13148 3251 10433 15962 11220 17442 3988 9801 2175 7322
6777 16960 3655 15484 10777 12287 1899 10392 6343 10892 14276 12370 6467 11232 19186 15960 7797 15714 6131 12122 5639 13732 11791 2519 12484 2602
7373 5936 14356 3102 11716 5311 2795 1945 7502 18480 14652 12676 592 13595 18310 15949 4736 18156 15780 8972 15809 6775 12375 13463 6015 5474
3905 16425 3713 13130 3175 15524 9927 15909 16630 8499 14085 4866 14793 4615 5673 7742 4510 10261 298 889 317 6779 13483 16962 2339 2226
2392 9267 18432 11213 8051 696 3644 16300 10030 12761 17417 13122 5491 17321 9614 12898 3337 1013 7342 132 2964 1956 13601 11800 13412 9994
979 6916 3394 1111 2313 14582 18854 4484 5868 6231 13090 16655 16984 5930 12604 16953 1764 18774 5565 685 14780 2311 5253 17405 14484 5414
14847 14781 11169 16376 7792 4785 13586 8849 12570 10772 9746 15880 2404 11513 11109 509 16432 13211 8761 11948 13065 19299 13048 15332 19919 4819
16066 19976 11179 11164 1371 4815 16378 6871 13419 12470 14837 11260 15768 16789 5642 2170 4050 19520 11714 5430 14700 12076 11532 11021 19199 15023
13318 19450 7403 19845 14526 15200 16648 12154 11779 2330 8916 12142 14489 1619 19411 15325 1884 5719 2362 13343 3926 11988 10729 14113 2192 11371
13668 686 15525 4839 6616 4139 14060 5490 6904 9271 10912 12572 13135 17033 17251 528 1734 4119 5943 2632 3134 13197 13977 6096 7019 9713
9305 12709 10395 3393 15485 1150 1953 17130 2401 13513 6529 3292 12578 1179 4220 6179 1218 19789 4925 8339 8445 1870 5680 16506 743 5545
2487 1862 19235 1510 17622 789 4486 4190 16385 8656 16301 18039 9392 13892 14171 10448 8950 3221 15013 10456 11056 10105 6655 10707 19114 19259
19671 6630 8176 1640 9675 6445 13091 2647 8332 2032 7769 5614 4327 16818 2924 2624 2644 9200 12389 8453 14851 10554 794 4217 5679 14999
10873 10543 15758 11161 2846 5040 13648 247 17366 7989 8615 14838 18299 15454 8346 4679 8800 19058 4844 9771 18585 2848 15683 11584 14126 5349
7747 9318 18210 10937 15064 18006 5221 1956 9504 17906 9114 6880 3848 12277 6118 10251 6791 12311 14891 14494 16045 12406 147 17556 5706 16913
2658 12921 2613 6293 10062 16868 7064 18015 5050 17063 9779 17789 6398 15967 13917 5763 4525 10474 2044 1237 11766 12185 5210 6854 5827 1922
1208 9373 4819 6425 11181 1225 16921 5853 16228 622 14303 17368 2804 10686 12953 9592 15813 3607 11582 18356 15709 14760 16684 2864 13138 6912
8443 9846 4076 13305 5090 15913 1999 11404 4807 18879 15661 17399 18493 15302 5663 2001 9442 16943 13934 19399 19071 5550 2639 11031 7156 14356
928 18270 18079 9578 16477 15383 9861 14262 12146 17816 12422 5350 9143 12116 12979 18711 9698 10885 5176 18924 3257 5899 2215 15009 10591 6233
2644 16453 4716 12521 7970 569 11019 10197 5751 2992 7174 14690 1788 16863 9453 2649 6168 18698 1014 5177 2284 12694 12691 4569 19260 12095
4541 15753 3267 5271 14131 2773 672 8671 5533 8896 459 1565 11643 10698 858 10441 13124 9609 16750 11682 9475 19967 15173 8193 16465 11813
15063 14872 9221 13589 2988 18959 12833 5644 5834 8456 17576 4680 2111 4745 18114 12186 14420 9603 2460 4662 7660 2633 1438 16581 10705 17105
12919 2871 7986 18200 16824 1147 11374 4288 19741 4757 9057 14183 19575 7952 10524 7291 17561 18469 1203 11118 950 8184 18999 4582 13589 6380
18838 5771 15333 17857 2132 18211 13648 16823 7075 3427 9945 12974 3565 19839 17859 17857 12071 17650 3663 12038 6887 7066 8038 15858 15469 2102
15252 11191 4385 12438 5741 13930 2411 14959 2723 15147 15941 13786 5464 1562 327 18503 14097 1774 7992 3471 8996 7854 1518 7533 2206 2672
18085 12988 20000 18926 16143 13967 19191 12032 15158 377 18209 14851 10760 4690 13845 3905 12587 15662 905 17139 18185 9457 16215 12997 3603 14624
18864 14210 9888 11969 10570 7645 14044 17606 729 5979 18822 6833 15869 8108 2913 9305 4651 9531 19277 18412 11645 6537 952 11676 13767 17356
15444 3376 317 17331 16586 17930 11892 12772 16941 2487 9712 29 12334 16502 9968 16788 7591 12045 10363 3182 10109 4032 5736 4379 10928 18681
17283 7530 15360 3394 2791 19578 10216 16149 8940 6142 8265 5337 1551 16799 9679 7268 16366 3383 2193 18957 17579 2090 8609 16967 11622 16866
7119 12822 13619 10290 17649 18780 5775 5353 12650 12431 1203 15880 4658 9498 9377 13813 19796 167 5885 7571 3343 15145 13722 17697 9021 13283
12918 15632 14410 19585 18250 14620 13909 8025 15074 16084 14366 9209 4691 19387 3204 1207 7779 16128 3413 5572 327 6390 15616 7259 16002 15453
631 7997 14885 13300 16435 11642 2246 8605 5730 15049 18776 5016 9097 9240 3144 9174 7179 14146 9084 17360 7076 11639 15459 8625 14404 6744
14302 7507 8565 12837 17991 12524 17786 4034 18010 12618 17831 7958 18115 14107 1166 7889 6420 14132 6913 128 16558 6532 12243 12896 10303 3057
14960 7134 7922 13176 9157 5494 17283 7557 1559 3168 4202 3725 7724 19046 16609 3720 17827 15408 6506 19435 18894 6865 10783 16783 13911 8004
15570 2670 2760 5332 13530 149 5993 756 19859 5560 12162 18117 14802 11082 15622 16146 15542 160 7651 3725 11711 14223 2952 15266 18344 7894
1451 3753 59 3330 4064 16379 15139 4102 12273 16455 1405 9512 13513 10857 2375 916 4382 16789 154 502 12641 12185 11031 12539 14978 12781
1172 4447 5916 14149 16409 7581 16422 6628 1531 7644 19914 7548 17395 15458 13819 12591 11814 17901 14799 18113 12268 9100 5916 19254 7640 661
18657 18670 8405 19009 9867 11064 19687 2352 7033 13556 7952 17712 1855 11029 3494 7206 13984 14411 11083 5855 16190 10839 744 2721 16255 596
9037 13061 18865 5404 9194 17308 5206 12753 12294 5630 19376 12400 8446 14417 11026 16005 8311 6095 348 3611 4058 3258 13856 3153 5418 8093
9295 6792 2331 18698 12803 6265 6590 13871 19223 15012 13403 183 12949 14605 509 6738 5116 10935 15894 13713 5085 14706 16411 566 1021 15152
1450 4765 3017 14820 11217 9471 3299 11915 18197 8082 6860 18630 5231 2396 4089 220 2387 9232 17009 8570 11485 7423 13353 7286 4414 19001
6921 2321 16084 3386 15988 19705 16674 18859 17982 5273 6327 4235 15501 18776 11738 16331 3643 12498 6743 272 2231 5237 12452 11263 18076 255
4239 19270 4568 14001 17393 19593 2316 14540 349 4066 11442 8250 17098 17298 12460 18618 19253 7525 1943 1252 2406 17759 11747 4564 2947 7198
6049 17442 8026 13642 3880 1763 17894 3471 12333 10766 13182 1812 8694 1676 3625 16655 7398 10750 18653 18765 17874 822 14984 19865 4629 56
14022 250 11283 2428 3129 10473 18480 10687 5937 7171 15539 6342 18115 784 2105 8506 18782 2850 12874 16994 6782 5772 5582 8876 17280 11263
9631 11390 8261 12653 10796 12352 5038 12750 14638 19951 11263 14506 2945 7391 4006 3764 11218 19085 16463 17545 7277 7293 18546 13745 986 11744
423 16643 929 9859 12069 8174 15232 15095 4861 5534 14593 8871 9705 9123 11373 10231 7052 19047 2998 16558 17459 15694 4712 10908 17650 14825
5565 12855 642 121 9564 13214 4314 15874 10480 16012 4293 13048 1499 15473 9525 4618 15067 18860 19606 12647 13010 15360 9988 6214 6034 11995
3389 15893 15901 16142 4713 12910 7992 12596 10800 15458 7694 9992 11014 1371 4776 8440 7688 6732 13401 9826 6141 13315 9604 3689 7606 2780
8576 14544 1646 10205 7453 18529 6781 13255 5196 4422 19370 1061 3691 7855 17031 932 5375 4786 14082 16653 13963 5660 13522 6138 18880 8339
672 17109 18228 18105 12155 14420 11639 10233 4003 10134 8354 9300 17898 16067 1557 11476 7158 19783 4550 14451 6273 727 3249 15940 12432 16620
11652 17210 1664 19095 18932 11636 3847 4548 3373 19249 9314 16437 8172 8658 15348 4241 4869 3504 19196 16306 7618 9646 5981 19733 16925 11117
10493 8601 2244 8084 9673 206 8054 19372 17776 15142 5406 6808 9079 3055 19882 10311 8718 12685 594 2879 2757 8141 1193 8923 6662 12161
8668 7750 1198 12693 18052 4699 1368 9461 10989 14743 5575 17824 9586 12628 867 17488 16451 14227 6844 9571 4021 8124 7165 3197 7507 2900
6912 13639 6858 5804 15103 7680 4459 11841 4955 13757 877 7798 7599 4939 17984 15343 2968 5678 18935 18119 7863 13646 9849 1123 14357 3134
10954 16029 7533 14496 5603 7676 5396 5848 15738 13453 13034 1234 13369 16092 13890 16819 10381 660 18702 8759 2860 14153 19182 18112 11945 3561
13107 7264 4658 14967 2649 7759 6742 10595 16645 10126 8275 6651 16527 13461 17814 8861 19342 10833 357 12814 1240 10117 7710 17094 4745 16692
2989 1820 16063 7706 986 15440 700 10239 4591 2790 4252 5329 6719 6604 5111 17873 9312 8191 16307 9596 595 19833 19049 215 8161 2680
10788 10051 8137 18884 17821 10712 17839 16257 16798 10883 13716 10780 17621 19712 18983 12761 18716 1866 4184 3599 4931 12143 4604 5447 195 19345
17212 10978 16777 5577 11173 11513 1488 17241 10984 81 460 12409 9972 7189 1931 9063 5190 9018 1087 17556 8403 275 7089 15119 13722 14721
1355 704 19164 16357 18721 6837 18450 9095 6586 16908 2695 4346 9792 4137 7950 19297 16908 10691 11209 15816 17797 1301 3411 7313 2201 15681
19349 16129 16980 3270 9639 9708 7187 13012 15369 14801 10879 5179 19084 7834 6709 19605 12508 7242 5997 17156 10419 13984 13177 3417 10819 4295
3907 17449 4308 8656 8724 612 19993 13315 17515 19126 6978 122 6919 15988 9607 10962 9563 7317 12855 71 1606 12125 11527 4173 8131 13998
16579 6558 5449 916 15000 18309 6124 13788 5672 7783 4415 659 3963 2518 16352 12195 16023 16867 11460 15175 10778 19456 2337 3659 15830 4355
8857 3986 8827 11198 4356 19830 6164 6563 2315 4253 17034 16697 17176 18167 5683 9229 3946 7622 12896 13356 10479 17247 1826 1840 15695 6187
13916 17665 6183 15290 19742 13123 10603 14695 18674 9802 17518 7254 314 11759 1660 835 9471 13183 2339 17679 10495 13666 5039 15440 1137 2974
3064 8794 15362 16935 7010 7673 15077 19196 1517 587 5298 2635 17466 3951 18223 18917 18624 1131 10396 13106 27 7382 7754 10944 4411 9409
14919 9477 5159 3922 8675 8234 2526 16455 13719 10359 2618 9026 2137 13146 14970 14094 2376 9377 17636 10002 18802 19025 12610 4547 12436 15016
5286 16211 13586 18258 12441 2679 4333 11593 18675 4496 1005 12151 1211 4070 12555 16036 17207 455 9084 4569 8338 256 2231 11853 6222 9864
2367 19928 19758 865 9309 17572 4979 9745 18659 13337 12408 7727 18115 17707 16062 14401 18477 18983 13888 10388 7392 3084 18473 16992 11847 12000
7015 16442 11612 11031 2576 18187 9672 19594 1517 5352 7172 788 13198 12451 18695 13401 8641 10691 16062 17993 5779 4459 16599 2842 18958 10449
14319 462 19785 19544 17681 954 3035 7915 3385 17270 17290 4216 10902 9247 11532 16840 18501 4393 3157 15104 15581 5970 11639 1244 15758 2782
15607 3934 8320 18752 7596 16344 57 13087 13052 14341 15930 17058 4532 10340 13752 3108 1340 151 5085 19722 13475 11886 19151 16 4584 15801
7348 14765 4201 14607 5544 8281 6470 11447 15943 4129 10442 8729 10001 12789 5857 17979 14940 19690 15816 1426 11893 3139 19494 2010 5738 17454
10708 19225 6319 16450 14495 9037 155 12601 19319 9557 6020 1608 12906 6342 17494 1071 14203 4065 5943 13320 17775 4909 97 501 8194 19100
1491 14454 4694 6100 15621 5903 17257 3090 644 10447 8851 11399 9736 2518 4121 9559 1893 15615 4430 10366 6344 8794 3048 5245 3877 12658
10812 18838 5348 4646 2775 3925 19264 2515 17416 1431 16868 11490 230 7938 1010 11126 16418 8507 1343 10809 8915 3395 3536 6861 17347 6616
7696 1534 6688 4049 2458 14772 17081 3168 13322 15856 9626 10441 14291 18052 6062 8785 6153 241 17681 11518 1939 17881 19945 16807 6005 13759
10369 12279 17183 10040 3511 15362 18282 1023 11222 15193 3202 1866 4900 6328 6718 181 2328 8913 9551 19324 7504 2094 7115 8980 19986 5961
2568 8306 5720 15383 7482 1880 3126 19506 19919 9895 5178 12869 10825 18355 5007 19128 10059 10765 10668 35 528 17768 7917 19080 1123 12871
8157 5818 10975 8841 7106 10920 4776 15324 10843 18865 7339 19705 4134 15226 18993 10917 16512 19925 4451 4055 5471 1062 9201 3167 14156 16033
7635 18853 6064 9655 16940 16783 16901 10143 983 2231 11652 5896 17339 18761 15798 11664 46 14395 18605 7961 5156 19016 5752 16260 17641 11665
4662 12792 19362 13120 262 18637 1744 16036 17517 8563 14941 18231 16912 941 19505 8800 13165 11319 3584 1426 14763 518 14801 2692 3811 2299
16261 14916 11809 10282 14448 8212 19550 9234 4441 10812 15353 4939 11596 6172 100 17069 19505 5752 6720 6888 17467 11802 3622 18759 7990 17881
10825 2073 12041 10608 12073 5090 10237 4378 10147 7568 16241 12451 16024 6805 9149 3754 9168 9572 11139 18448 12052 9590 12439 7950 9571 3959
7051 1042 11333 5968 7583 3660 2568 12482 8704 15821 12810 4881 14484 18698 19963 9624 14674 13644 10922 7435 15658 7218 13139 12947 8326 17964
4807 13317 19908 4629 10206 1171 18132 18977 19505 19983 2607 14060 6995 13723 17761 9614 14818 13992 18376 12913 11102 2319 9502 5283 19365 8136
15829 8278 17569 6439 1646 14835 14127 1367 5350 18571 9329 17874 10654 11315 19898 14553 15597 6339 5488 10579 7907 11893 14859 3004 18968 4794
10338 10693 18903 15134 1367 18347 16554 4066 1495 49 4759 16246 5848 17492 13468 3542 5893 14922 3316 6201 13855 14060 15224 18926 7954 12495
844 12176 16248 17171 1365 15054 6178 1178 12040 4634 10302 8500 13202 6003 2678 10426 13635 4290 5336 7838 18899 5902 10234 5872 13285 8883
1988 6145 7666 2100 4286 14330 6266 2541 6243 6205 19429 9075 3541 15992 2711 315 1930 16212 7697 6642 1137 13595 1881 2847 13210 16039
1804 14076 14992 3880 9313 16128 18839 18787 15617 5507 18466 14210 4331 16962 2253 17073 409 11751 10514 205 13475 7930 2383 14404 8730 14283
10125 7296 5273 5588 18983 11422 15611 3626 14546 19605 10409 9497 19819 3428 3445 3732 17053 11517 2553 2932 19005 5509 17111 429 14922 6554
1173 2328 18749 9126 7427 17923 3945 1079 17280 10181 1753 9418 7940 3552 14235 2454 5095 7065 14668 18498 8350 8871 16086 5329 11515 2153
1331 10854 19879 15690 12264 4334 17156 5137 14894 3732 10733 14267 8230 16823 10188 705 8569 18782 17099 9808 2169 9213 1874 1497 6366 10645
14414 3439 17952 2950 12109 6332 10049 1706 4959 4706 12647 1215 17831 13163 19217 17436 18698 2206 2571 17711 6264 6813 19190 12558 2143 17770
14275 2713 552 8321 4001 10101 8362 6828 6619 11732 14092 16801 14995 18388 19474 13177 1497 17097 19833 7556 10717 15257 12397 17679 16947 11130
8151 4948 8526 14885 13020 18702 9530 16512 4254 2032 11919 18782 16433 19951 18620 12947 11496 12627 10614 4041 1652 14468 15965 9213 6437 10148
18626 13508 3878 6721 12018 13679 16541 16637 6916 1788 6314 6077 6828 536 6781 8495 5477 18966 18064 10206 12578 13834 10658 15693 11296 12827
14879 17233 2561 14460 10815 10162 11490 1284 11924 10117 16710 13094 9000 17344 4257 14452 3719 8120 10785 7764 17300 10854 10019 3107 1601 5070
14335 12710 19258 3547 2310 10509 13449 18548 12562 19201 5053 5611 7164 19408 13372 1484 9222 12331 471 19780 9044 3113 15396 11172 8898 11268
1330 14039 2942 1382 16925 3471 19654 9718 11807 5767 8576 19470 2026 2650 16306 17617 17015 18039 3167 12260 17782 7869 9638 13647 16078 17962
9894 6875 12745 19162 1733 2976 11110 7481 15539 6134 252 18940 8340 14904 4389 2280 1046 621 3720 19773 16028 14552 6680 16172 8773 659
2735 15198 19986 16339 13702 4860 1832 3527 11181 15612 15275 15549 10520 3382 17593 2747 8683 6134 17277 13312 2265 2759 1241 8607 13065 10667
1360 15385 6220 1948 17357 11823 19169 7711 3471 10347 5552 3415 17185 2309 3458 12932 13050 7633 11921 12919 17559 6221 15060 7570 13454 15359
15397 9960 19634 10075 19942 5182 807 5464 7398 7624 13490 1969 15854 4165 18883 64 769 8610 14025 4627 9025 398 6597 12849 1725 14860
3694 9315 18279 9884 912 6638 18076 5493 10072 10083 5560 4316 10286 15744 839 4379 1140 9609 5245 19286 19944 4649 9129 18183 10197 12625
2029 11021 296 10613 6306 18277 18467 6955 18971 13055 19352 12912 14741 5196 4584 9253 17438 8099 8200 9024 14580 16359 11334 13501 16555 6711
10567 10426 3929 3784 700 8760 14482 9028 15638 2539 9141 6528 11694 17659 2124 5882 11393 5906 13702 9743 10978 9499 1478 19309 4330 11502
15833 1800 19221 605 6214 2635 16959 3271 7237 12898 19888 7203 16532 6283 7010 5679 19699 12695 181 9995 5753 4107 18744 1458 13180 5638
9526 5616 19463 18298 5115 15260 9559 12013 1674 17048 13623 18467 16500 15724 11988 10058 17262 406 14939 3612 13676 6353 6567 14267 18523 9603
7025 6622 11469 13491 7249 4094 13025 14030 4484 8872 8221 1904 4565 16488 3556 11463 5801 8030 2276 15228 2349 12550 1190 7033 6618 11082
10741 3440 46 10892 7416 18244 11912 7914 11090 12838 19261 6013 7753 2089 19844 8152 10443 9024 4518 1586 18194 14713 17655 10421 3742 14007
192 7964 1356 8049 12055 7520 7967 918 818 18184 10937 18803 13004 6677 10201 12163 9457 19050 19888 11840 18294 12962 6100 1391 16091 4431
10447 12375 18982 15837 12091 12684 4479 12297 12134 617 12980 13901 12405 12115 13341 19816 2214 6290 14889 11578 12074 7616 19122 19085 8184 5196
6990 19983 355 11438 18563 4320 16653 10522 3584 17070 19686 10047 17434 6113 14915 18314 12618 4950 7770 19971 4942 8281 729 4854 5474 8117
19318 3560 907 19790 15428 10732 9378 8038 13700 9951 18994 14060 359 12243 1469 3529 13143 818 15310 14782 8435 6239 5141 2563 14084 14654
6806 17556 17764 11483 8213 14792 1326 11554 19221 19833 11185 12017 16251 2923 9647 2429 17591 9028 6787 9151 3495 9685 7466 9215 3017 10723
13791 19731 1712 18864 6169 11169 16218 12587 19534 11628 4011 1723 12388 14205 4971 19048 12231 6796 18439 2429 4672 8359 4289 8930 6312 827
18994 12526 16189 956 5381 10297 16628 395 5857 13404 4117 9781 17944 17433 10573 7730 11038 7033 3879 2368 696 10060 9885 4604 776 11453
18932 19167 17771 11364 12963 11272 9047 10530 3286 13876 13504 13971 11556 6860 34 7039 10321 15 221 7762 3901 7118 4109 1230 3323 11987
14428 12938 6827 15714 5065 16778 14523 18265 13550 19444 2588 8339 1705 14586 13711 8748 12947 5965 1925 3630 14915 13607 13737 16869 14942 19384
15267 16741 17426 9405 16005 8532 11640 12382 3619 4656 12752 570 794 14667 1454 11005 9293 16554 5825 18083 6667 7737 18448 1524 6774 12526
19604 6330 8224 17996 17056 19977 5081 14741 9911 6036 3438 888 19842 9069 10191 15172 10840 14412 17053 14639 16729 12059 11155 8568 9960 4255
3546 17934 1083 13572 3749 6252 15493 193 306 12621 11619 13833 8422 1388 3843 9815 5852 8355 11122 4867 8362 12964 6368 5517 23 4033
2723 4342 19569 4715 7240 12138 18620 14512 11051 11512 13452 10527 16298 16517 17413 6536 8800 10585 16952 6269 2502 12376 15839 12069 16095 18608
12402 4131 5609 9227 2162 3024 10850 18993 12326 19074 7059 18374 15662 11542 11592 13364 4934 17402 7810 1759 1479 8877 3053 11570 12050 17026
19410 13964 12871 19880 11917 18177 11005 5365 2817 17338 2880 2463 5719 14644 13083 8781 15330 10385 3245 10449 11420 11468 9858 6444 11985 8075
3656 10856 16021 16609 8733 9953 5398 11580 11907 3981 4637 18026 10499 18921 7750 9258 17051 14370 11650 8517 8153 143 6896 1867 9817 18843
7880 4934 6686 330 14275 13165 8541 13007 11114 280 16771 1700 15457 9308 11572 14940 8820 2834 13851 6409 14023 11433 2421 5250 9717 5294
4515 17282 13862 1481 843 16658 3129 1140 18360 19601 11454 16891 2654 1366 12140 10211 15025 2958 10487 2625 16415 12852 2494 5813 8966 19931
14996 908 6931 6439 5246 751 6652 17594 19108 5823 4811 18588 18068 16165 11096 3637 17106 7541 794 3104 14571 15484 12032 1774 14632 10268
7420 7929 11596 12428 17930 6821 12069 13939 16855 17153 15704 6022 627 47 977 6416 4878 10743 850 6073 6296 5443 12606 10840 5657 7880
14745 1168 2999 12109 1818 16615 235 18867 7173 11059 5874 8889 7913 4455 10030 5447 14876 200 1549 12973 9172 15469 8700 19225 9525 4172
5503 8187 17557 2956 14044 9839 17602 7759 6096 1465 11314 13867 3038 15429 10991 1719 1299 16089 2195 15096 11149 9026 16838 18710 3479 6332
6071 19150 1145 4374 11245 12791 7539 12586 7507 10769 5651 13977 12146 6059 4736 14763 1590 13372 2945 46 2481 2812 17905 16408 12667 11263
13053 697 4961 11611 8566 12774 1965 692 16567 10495 19005 5447 18175 14749 1088 7542 1886 1580 14276 1207 17637 4071 3566 17665 10501 2081
5214 16813 1908 6808 13743 3810 8562 8617 17881 14700 17605 1074 9937 4048 2380 14393 14214 9556 14197 6950 6396 8373 5935 8068 6237 10819
13653 10255 6845 18884 11791 17090 6113 8816 8966 12395 18525 17472 7644 9426 4736 760 5162 19064 8323 5587 967 3862 6253 19076 2011 8636
11579 1875 17828 6885 1602 14523 17929 9300 18562 12775 18138 17014 7459 17125 18395 13338 6575 4316 784 715 15974 10929 3237 13098 9123 919
9531 11423 17419 3555 7601 3843 1043 16490 19197 16677 13986 9182 16536 9435 5858 10445 8680 13816 13013 13420 3033 16917 16028 1362 5737 14597
1258 19944 7647 19661 15616 16882 12517 13817 18122 15173 14660 17107 2824 4536 16332 15703 4680 18096 2382 2761 4657 11971 7804 13258 6937 13731
4606 17500 6907 19150 13341 16513 682 13817 8627 1840 7104 8237 263 5137 1070 12181 4885 15067 7580 3646 2775 18599 11210 1452 15488 9134
3496 16696 7951 340 17762 17472 4225 18468 7378 8596 1410 1698 12355 13449 18801 1469 1521 3068 5428 17698 8593 18071 17657 2928 16448 6269
2857 12758 12938 10937 18188 12860 9099 15363 13062 17178 7952 10779 8316 15222 8106 19087 14179 17675 4296 19255 7062 14555 12819 4728 190 11569
16230 10622 18492 19414 6202 8549 3316 14069 4823 1953 7712 13062 17093 1909 16072 9669 12289 16828 2312 14984 16939 17601 8152 2529 14878 8623
6449 10215 3569 19458 17423 9568 4570 7309 5816 15624 17725 8314 15418 69 19086 12207 6771 15150 1416 16428 1688 3377 18934 14660 11888 1735
7274 16618 11466 4656 4134 14230 7195 90 9445 5431 16745 19313 5928 3480 16146 140 7357 5156 14016 14386 8604 6008 1811 5608 11703 19414
7663 5017 16359 5228 5363 11808 1865 5571 5941 7688 7831 3584 6003 11162 4917 9756 4103 12878 318 957 1901 356 17693 16639 9125 7708
9184 13383 2735 8704 7380 7848 7810 18723 6963 16351 976 7089 3564 5376 19546 14775 2461 416 1206 8040 19922 10923 19726 11165 12437 15349
300 8172 12965 14212 19091 3754 3962 12627 18697 10660 8933 19742 9698 2962 10101 11398 7275 3153 17114 2283 11979 3053 330 19732 13561 12465
19946 15316 2577 2404 14166 8433 6858 13844 16602 9574 1136 6455 12431 17757 17209 12371 705 3090 5046 8296 8289 4588 15696 18209 4584 15506
6482 17050 16901 14025 12181 10005 2209 5943 6749 6868 10191 19486 16093 13524 16978 11450 10761 7 529 11048 9097 17658 9447 5862 15433 4241
9752 18725 8120 18545 2808 5442 15940 1559 6592 13356 14962 16021 16261 3675 11737 7600 17258 16774 1505 18106 5094 4752 17786 12904 6633 18759
6699 19238 3578 19542 13266 12846 12784 1610 392 7456 16738 6512 14438 5618 16065 125 16921 15633 16247 8891 13265 1896 8197 13252 18441 7528
10174 15134 16311 11757 19160 12119 13330 9470 18105 1340 15228 9398 16417 4684 3668 7218 10931 3937 16998 15454 17577 7687 13305 10620 18707 11882
17651 13744 15217 3935 14706 9772 5365 4714 2638 9328 6834 3000 5996 17663 17444 1392 10391 371 14497 2712 12246 7848 9798 3656 18914 257
8751 7854 946 12174 3890 1512 17872 16530 18711 17671 801 12350 19139 13090 10009 8777 2611 5017 1854 1030 317 16450 14989 4816 17649 16238
321 3896 16086 9058 1541 10566 10146 3536 14981 14435 4501 3470 5586 17368 5090 1648 17505 11068 15693 9997 2513 8058 13518 13171 9848 18329
3670 4018 9531 3967 5550 18958 4289 4519 5724 16495 8258 6327 5526 16821 1931 2715 13627 9987 7322 9041 7948 2058 4367 11216 3176 8571
2422 5684 13496 4587 17758 12435 3661 1186 3885 8411 5604 12162 18994 4998 16787 6237 11701 12002 6061 6333 23 2093 7581 722 18881 11875
4581 8035 10892 4487 11475 8549 10731 10228 18273 2485 4494 18149 4276 14649 8502 15114 15118 16056 3491 14901 5312 19664 18648 15204 1861 1373
7028 18598 5967 7321 17244 12102 1292 11324 1798 3717 177 16030 797 10032 18968 16146 11358 9452 16277 16115 18098 12451 15447 3703 4540 15416
15117 8011 17829 8931 1333 1425 7965 10748 3825 722 15188 14636 3927 8082 10325 11404 19298 18747 17260 18890 13333 14524 5752 10723 16417 6241
15171 19499 3233 9140 10075 19256 8592 925 4695 9115 17943 14778 19394 9124 4965 5316 6239 5056 18285 12991 1925 11418 7179 13740 9780 10937
19137 4301 4618 12414 15547 13880 11551 14388 15421 7842 3967 160 14506 12218 7106 498 15974 4855 9845 19033 1856 9378 4641 14506 4968 8027
3651 14079 12659 17564 8185 7114 6974 5186 7097 8835 12332 11916 18058 14184 18496 8785 1077 13968 8480 6924 155 583 15012 2373 14835 2732
7879 12420 1881 18266 9626 15898 8048 11673 18169 16758 10042 18381 15135 1278 10970 9667 1138 4099 9704 14454 1484 11019 19705 16248 1510 16137
8657 5435 7060 12655 19528 4506 18338 643 10572 13024 18937 4920 1909 18070 4272 7906 19444 11158 18276 11689 5343 14090 11324 4188 16825 17932
7481 5499 16838 13965 6335 17168 3416 19126 14123 4777 5741 12577 17075 4951 15198 18021 5731 5855 19025 2288 10901 2591 5977 6484 16835 17581
14187 14338 15139 4313 2543 18467 1519 12359 5910 19103 16159 7905 17828 11354 14266 13809 9813 1981 9830 16133 3895 1566 1357 19928 16267 16601
15793 1292 6222 7536 10338 3578 13026 2308 6707 7272 2057 11683 5523 2996 10588 15356 4208 9063 3498 18177 16251 16008 19745 5825 7102 63
18942 11812 15617 13474 10777 7013 14946 2974 274 1923 1603 8057 12537 16624 13431 9690 19655 15423 7458 2135 15362 129 14612 2501 7884 186
17421 8026 19097 4362 5546 6306 14322 9702 17235 3173 12900 3482 11979 4223 17686 6719 16685 16794 10203 2345 2168 7993 1906 11537 15168 9257
16798 11770 703 14147 17540 12927 17722 16462 14913 13882 5467 17365 3733 7488 11659 376 18126 18066 4314 15312 1789 171 6153 1488 2380 10820
17359 6386 2070 14110 12902 18707 7872 16328 16247 2966 17725 19175 5190 2116 11501 9385 15183 4516 2468 6016 3537 13647 13364 18582 3230 19369
9851 17543 5565 4778 11309 11544 307 2753 6553 18147 3212 723 19272 14613 18927 13797 4744 16884 10858 3267 17168 18018 3476 185 270 9070
19025 4689 12821 375 16322 5471 19148 5044 2031 3064 4998 1445 19388 7990 18596 3798 14328 19380 1511 6579 5050 9299 4929 12148 10086 18540
12475 7571 16204 304 7204 11970 11102 3462 12291 5457 13862 7521 11025 12840 14320 3812 2063 1229 18883 6327 11194 8637 18225 6745 16952 18329
416 12685 11882 6414 16211 16967 14372 15418 16515 3219 4814 10498 7615 9557 4468 18817 16592 7659 15385 5248 14312 13261 350 17126 16318 9285
928 1028 7621 5159 7425 5176 8366 14642 12666 16901 828 15941 3340 2069 13058 17061 18611 5605 9653 18216 5739 12973 5352 10600 17925 12414
4373 11516 16229 16653 19704 10562 4802 15352 10019 9099 19407 10725 14644 16530 4265 13417 5382 2218 1878 8445 17592 14215 9391 18527 3773 10301
19474 2310 12383 18997 6706 573 13897 11645 7175 220 19718 6282 3822 14498 11506 1523 4078 15328 9463 5895 13630 14647 19868 8053 18299 18011
4577 15903 13626 108 17639 3469 19683 8635 1645 7615 18745 7704 8730 19146 5355 8614 1948 14918 11697 17300 6445 17733 3919 3360 4285 13959
3701 11277 17985 12425 13509 10877 17347 15682 9763 5915 279 14453 19420 16545 17674 12996 4650 7070 16832 4529 2023 7056 16604 15994 8061 525
3479 7448 13223 8307 5146 11306 19506 18517 14898 12964 14743 18809 18728 8205 16421 11474 18428 8352 8615 19728 19932 1687 9204 8244 10911 15509
8952 6963 2562 5617 3821 19604 1665 9347 17505 11779 11233 3485 14863 12643 3514 14369 10298 17852 14735 10666 16257 5781 1827 8431 15973 1771
6002 12725 11119 14541 5555 17468 14114 6482 1807 9001 1090 12233 2763 11492 6651 12510 3891 498 3572 15834 16069 1418 14655 1949 2744 4159
6131 3412 10268 4174 3473 5591 9673 3420 9134 9478 16940 63 11431 7149 7734 11076 12843 5219 535 9050 14226 2678 16944 17550 1699 12318
4854 15405 1649 8981 9742 15060 13526 2254 959 18117 718 16229 4515 18316 6168 16236 2146 12258 16678 8538 13289 9821 12169 15107 7928 1336
151 18984 11880 18349 304 16442 19927 5613 16119 3203 12807 16846 19989 4775 14795 4369 15542 6559 8993 9601 11852 9505 6734 5331 9988 12495
2136 17100 4861 12887 5479 10119 3173 14075 11221 17040 19049 18552 12893 12130 10632 14511 11889 11806 2903 13087 13837 792 19235 9371 13188 469
9422 4163 17238 4623 3324 2630 19282 9361 10663 16287 16120 6747 2357 11106 2855 0 1351 5656 3119 11853 8946 175 2740 15814 12580 19881
4053 1794 16142 5105 719 5362 5966 8269 1650 16962 7128 13956 12744 17844 11137 13939 9074 521 16683 14187 5485 12878 13323 19189 12735 17161
13115 1753 5615 3715 4435 19593 14280 9267 543 17384 2426 8396 13521 17497 1225 653 37 11012 16853 13650 1828 929 418 10378 12711 13489
11581 165 130 15165 17985 5306 832 4196 18441 13069 861 644 2426 13267 1359 4645 2596 12007 7509 10099 11566 14882 19402 12539 19496 19797
4642 16711 5741 13904 19344 10462 17776 17093 6797 16767 18404 13367 13249 16604 18815 698 10396 9566 1156 16898 19984 10281 15586 19406 3056 27
263 8122 13201 13186 11939 19142 14386 9919 7770 1816 16435 18696 2658 12808 19202 866 13324 14776 17185 17741 11137 17798 16140 2193 11513 10790
16827 3285 4688 17417 16206 18361 18640 4292 3469 1322 7420 14709 14170 13697 6542 17038 12570 5588 11238 13614 8848 12408 19412 16640 3691 9995
11531 17764 19940 31 16502 6231 11651 2544 17284 10789 14979 14974 16433 5602 2533 6413 12632 7255 5031 18127 15137 14533 1620 2975 5453 14722
13510 3856 17721 463 11349 3340 8343 926 18164 434 18829 8246 7236 6443 9733 862 12401 7273 12921 13900 2579 18269 661 17052 6698 5606
