365
98 30 19 17 91 35 33 7 34 20 27 6 95 85 72 61 38 79 82 48 73 53 12 91 5 64
4925 13690 18021 19065 2209 18323 6351 16551 10054 11141 16810 5690 762 16256 4835 9201 4342 17247 1895 16127 11908 12789 10752 19131 11229 14016
9457 13005 7070 18515 8532 17274 4638 14352 15716 3232 10953 17437 12816 13184 7919 3796 14420 9491 12199 6579 8277 12512 18371 3281 13967 19544
6690 373 1832 1633 5102 9539 299 5890 12205 15301 17455 419 13848 17816 15607 11986 7597 11909 6293 538 17910 10242 10611 8018 7497 15814
9733 12639 18077 8977 4447 13067 17990 13461 7092 4594 5621 1533 3776 18229 3617 10471 6621 5419 12677 9513 5108 8404 7062 17330 1537 949
8120 6323 17941 16434 15857 16020 326 2688 13975 6900 9227 10051 13389 9947 10257 8730 13000 7333 17967 8714 17698 18491 7087 8329 328 12951
2589 5033 5986 10638 2269 11199 11767 15351 6475 4677 6632 2034 2714 17212 15878 13420 19751 16841 7237 13123 6787 5286 3994 78 18929 6128
11986 9805 1875 16896 12997 14809 765 10249 17624 2805 15446 11028 10545 2909 11067 16196 17462 2021 11326 12607 3977 7072 13209 15951 4298 11546
19585 2536 19892 19106 19800 10078 5906 17101 3868 7302 9991 1181 8664 913 18789 6156 6497 6594 6792 14763 17259 17790 15330 9765 3153 17535
8889 8274 19043 4395 17208 7715 5095 2246 16609 5859 10978 10037 1964 11804 1336 11257 312 19570 15355 16004 15421 11256 19668 16528 1128 5169
2291 2792 10953 15960 2361 5715 19375 18230 4959 5564 631 19881 116 11576 18567 12863 6886 520 13946 17376 15654 9672 18622 12734 19786 15026
9159 19002 15867 12497 10729 7410 11366 17298 12413 6804 788 8899 19727 12393 2753 11908 7374 1893 2833 17346 11284 6380 15215 999 15269 8212
16639 13109 17297 12968 2607 18592 815 18626 11532 12808 11929 9824 3689 14868 861 19992 9170 8537 13422 11344 6236 13340 4983 14663 15974 17795
6215 6388 1016 9848 16909 2108 11793 10381 1198 11044 18331 14296 15889 9572 16862 1645 3261 15454 13059 3393 7010 8548 10548 5047 2568 4426
7266 17090 4516 456 9941 5741 3587 12205 6221 17451 15682 15289 18710 11328 3394 6761 1563 13438 10842 6402 4538 357 14199 19569 17169 12242
11303 16592 10212 10302 4116 16615 16505 7827 8044 19722 9026 6040 562 17246 12417 2980 9968 7906 13053 12145 4852 18926 11555 16945 14591 2512
15259 14142 14446 18459 2573 8670 7989 11570 8825 6637 9180 17928 9193 8433 13642 13936 1913 18592 4889 16291 4723 25 11806 4928 7593 13545
12558 12995 802 132 2241 6745 11753 12394 4531 17288 6257 14762 17743 12915 17058 3465 813 8359 14126 2637 13470 15667 18640 6796 6701 2684
6692 5600 3907 11098 2024 6023 13151 18083 14950 15871 6233 12938 7164 1300 5867 37 4840 7950 9163 3559 5784 6419 11917 18423 18803 14138
572 18093 16458 12793 19805 5980 7328 19864 461 10721 3225 883 2653 6137 12772 8199 8547 18477 17333 17250 5208 4783 18718 14630 19146 9035
17195 1651 19370 9802 5480 2876 10616 15641 11185 18115 15651 19531 9602 19655 10857 9608 7204 5120 16085 19629 19090 7153 16621 15273 591 8036
8349 3012 5174 523 467 16163 10746 2364 6169 15898 6552 576 13376 6551 10997 8386 12729 7686 17373 14319 15934 16568 5502 13551 8391 5736
6524 16280 16176 19960 4818 6549 1026 12234 10642 5847 13493 10579 11299 12239 16743 7575 8821 9624 400 8393 13379 15440 12487 17762 4979 16560
10372 17836 3947 6464 16137 2221 13462 4335 11633 17577 3224 12962 10867 16085 15427 6150 17105 19358 6826 1713 19904 19092 1716 13606 9024 14044
7099 13452 1167 8753 13399 3202 12218 14757 1255 10005 861 10991 9712 17361 12037 10115 7182 4726 13864 12264 13252 6272 17397 2777 16581 18530
11420 15674 16743 16684 1731 6958 8101 5821 5875 11447 2081 7861 232 9238 8639 16785 1131 17935 2916 6047 15966 17133 17421 11710 19313 1688
2736 5228 13953 12883 2997 16293 15951 13181 17356 9571 5894 4027 5326 6973 8492 10377 14816 7835 15077 19217 7456 4205 19424 17260 17011 11515
10213 1513 16176 6476 6096 11168 566 2761 15837 5168 8198 19483 8982 4871 4510 8785 18859 18089 559 2007 1887 2588 11828 7334 8279 3422
13924 16400 13826 8096 18327 9436 10637 16659 9606 13376 16706 4733 6205 18939 10231 10020 5158 2308 1761 4899 8100 16676 1962 9822 14217 11860
8038 17376 3716 19086 14519 19518 14235 2965 1569 16432 13628 14747 11664 9125 4073 5406 12062 1547 16112 15595 18544 1529 15416 12723 9879 13651
17692 12949 8816 19257 19465 7714 223 12782 10958 9644 1392 3787 19545 5177 18639 17439 1624 15098 19357 4212 10402 17459 6809 6745 13480 826
17045 16484 13643 18310 9919 7181 2275 15577 5663 14524 12459 14117 2074 8004 1177 5433 11481 7628 10665 14384 9955 19926 19337 7289 12102 576
19366 18106 6990 4032 7767 19458 16479 8194 4425 15127 12032 18321 7862 9417 749 5518 3041 15907 17381 12428 3431 8115 2316 1697 7419 16174
18316 11927 19172 8044 13145 17006 5897 14403 5757 19252 16220 19305 9344 8325 15855 18459 3536 17197 11230 8616 4216 18656 9493 18803 3179 3461
18344 12170 11989 6337 9068 4500 7044 10187 19919 14615 12061 12380 7187 14054 5863 11353 16378 2501 6529 18017 18197 10481 10292 11935 15103 1828
9412 8312 1631 10646 5663 18541 8681 3812 5381 7890 8425 15974 6119 1925 12620 13419 15728 12176 8169 11787 846 14459 677 17505 8634 19846
11816 3136 6309 1797 11511 864 11276 6721 13384 5195 9459 15046 8584 7119 3426 8677 1131 3714 19855 19597 8811 16565 17077 6867 3759 3987
14802 7996 2542 11866 13892 2970 18453 3529 8765 17475 6729 13576 799 14713 3744 14452 3269 18141 3573 11255 5996 14799 16596 4454 3482 12950
6849 15788 9175 4623 18345 7146 16980 14851 2405 11116 8696 18635 7680 15079 9523 11435 9387 19831 19037 10230 17740 154 562 19310 16197 1029
9241 1425 4753 845 10014 14078 17097 5324 14261 15398 5112 15292 7991 1816 15036 8872 7473 19828 17820 7213 17789 6392 15132 16057 13363 17108
10260 11110 10902 16129 10102 8210 5860 13205 8595 18582 19959 6043 16097 6120 4093 821 4628 3577 10728 597 10850 10200 4104 1183 7430 11081
6491 4539 11427 13118 12960 12901 4791 4788 7133 14729 3382 10313 4276 1359 7218 10571 1117 2682 2232 16815 3435 7970 3095 9069 3005 18721
19611 17674 6752 2242 13001 7239 16664 8291 16963 4801 15339 7850 19911 2766 17174 12933 17905 16402 4407 9781 12532 467 12358 14993 6405 18039
18424 17927 12851 17839 8918 15624 15988 1111 8227 13371 19043 5319 6089 14835 2135 15856 13927 413 15441 13196 991 11602 14137 10142 10251 12339
19308 10678 16347 3027 6802 5416 15203 16427 6116 3849 14799 19931 8523 17093 14406 4081 7788 742 342 13974 4894 17463 5812 11646 6173 755
9227 8301 7883 10093 6640 7861 1506 11451 17160 14391 5499 193 5528 1124 10966 17526 10822 12368 1980 18825 11766 7723 19989 1620 2317 11732
8612 8160 1432 31 5851 13157 12378 3364 7804 17859 7320 12540 15979 13126 18657 827 1703 17050 3810 549 9873 3038 9903 2774 754 2898
10179 5886 8251 5996 7613 8958 3629 9354 15334 12759 1716 17182 15430 3559 7002 12408 15261 14422 19203 13478 10597 7991 13951 2045 8264 4473
14810 323 5140 12158 2123 15844 15427 9938 6767 811 7798 6878 18966 9558 11443 12084 17697 5495 4640 8618 5607 11650 17061 13451 3875 2937
6848 2239 17828 1697 12855 19021 1458 11320 1319 17536 18049 307 17479 1711 12860 13749 5796 15989 1488 10259 10564 1983 1056 120 5617 19301
11210 19584 6856 17216 15791 1451 504 11875 12514 6617 13112 5763 12090 174 13782 1044 11027 13818 1893 6547 19531 3255 18644 13619 3250 714
15491 6867 4370 10032 2311 4550 18656 1696 2757 3104 10014 6901 4033 11268 4522 14711 8444 12023 9906 18401 6489 15937 19389 19172 4783 5045
7734 4047 7272 9167 16734 15491 2517 18686 15922 9226 15365 7614 6110 19147 13136 14920 11004 14538 11610 10023 8659 6510 16257 305 10837 2805
7271 19385 9969 13771 4224 6556 16552 14232 1065 12315 8483 8652 18408 16186 18625 19573 8417 9419 11500 19804 1618 2034 17996 9653 1759 3875
14916 6476 3002 15173 12353 1138 8906 12351 18082 18290 3884 7062 12623 17295 2398 2842 11868 1402 13939 3542 7399 10703 12213 16618 14101 11335
4948 246 8790 4990 17122 3556 15699 17561 8952 4427 4903 11404 18778 7691 14729 18998 13652 18445 7946 3799 15532 13538 4190 10210 9819 11515
12454 17065 2222 17603 17424 4073 11178 4641 12897 14459 869 19251 2628 2377 10794 9408 6726 14901 4127 17566 13886 12310 11337 5960 739 14924
12364 15741 14380 388 16490 17156 16247 13311 4736 8520 5030 11242 6330 11222 4234 10193 3802 9598 18977 167 18450 3236 10304 10470 17143 18160
7634 11719 11674 1885 14332 1372 6507 14740 19153 12713 19608 18731 10849 18892 12399 11872 346 4054 5253 17434 16731 5788 5200 3797 13951 9062
9101 2919 9024 3258 19366 18044 5599 12287 1087 8294 18851 18126 13822 6697 6176 2621 17533 5677 11552 17227 3227 15321 18552 5379 7496 17569
12300 12774 16255 16000 4082 5574 4878 4224 3700 6007 12411 19458 4374 7375 15914 18517 2318 7756 2706 19944 18549 5553 3066 11780 2867 17927
14894 18076 11727 15866 16440 9832 11154 16432 15693 15952 9240 8471 9362 3913 8317 3185 14869 16482 2705 11071 18158 212 9869 28 8860 12379
8694 10488 4068 17421 9245 5196 1079 18263 15652 5448 17787 16453 6147 7571 16552 14370 16306 15747 14161 18552 355 12135 6605 7218 19007 14457
4320 17895 11032 12098 17303 18640 10916 7357 11602 10775 13359 5051 17289 13025 431 10218 3378 1099 17237 16545 14076 545 2498 6137 3098 13820
2140 2554 17687 11546 5390 12221 851 899 1394 16970 16520 19927 13227 19621 7660 19711 8063 4580 2490 7887 14337 19692 13997 18033 12499 11681
8730 15649 845 2605 9263 11737 18603 11103 18821 12130 16236 5617 13693 11910 3550 14139 14179 6196 15015 14271 15267 14362 18340 9073 15607 17972
18638 19865 1760 14243 234 1672 14667 275 11334 14875 13387 10882 3104 8565 14509 5961 14483 12596 3234 17128 14535 723 12788 11487 5579 5023
15969 19049 2338 181 6996 9857 4623 5309 16443 12276 9043 16632 1356 18989 3480 4589 13087 17340 6303 17933 4394 1382 6176 17345 10559 845
4358 13764 8759 8947 247 17469 5554 12311 324 3821 18587 5849 15846 292 2794 4561 4271 6498 18431 1949 470 5214 15045 7664 17744 12661
4569 15767 11171 13369 7761 14007 9585 14382 13567 14716 1165 2391 7027 19587 17959 19483 6463 9556 10016 16083 12810 6830 5908 3337 2343 3715
11505 17062 12885 8678 5355 2858 10331 17562 10995 18104 11316 13742 5906 14472 11111 1672 17558 11249 2091 12496 12934 15627 8804 16331 19536 8148
16440 15685 7121 3884 8512 4066 3264 13027 6980 1493 15515 16511 9623 18214 4566 1861 1989 9585 12656 16236 6163 5705 15652 6918 17958 6936
3173 1159 8185 13141 16620 16942 19775 1647 10046 13061 15223 18498 6110 6339 12052 10255 18043 8056 14131 14910 15611 7603 19231 7005 13983 18362
9466 7677 9692 9118 11076 4166 9139 14680 7573 14474 19543 6277 16445 15368 19327 14317 7166 812 13206 6792 13145 15833 6792 17436 6260 19232
4226 19891 16311 3499 772 10374 6533 3777 2969 9012 9587 16111 3913 13811 281 9697 6022 1880 17935 10570 8382 12527 3036 221 14585 1000
19040 16972 9681 7874 13630 19149 13638 1868 5983 10823 15132 15723 15344 5583 13050 15954 11891 322 1789 15958 18782 11574 3616 18502 7157 12474
13553 11171 273 1895 7596 19276 9534 3339 15827 9042 7857 6271 7744 19887 749 7200 341 5692 5550 822 19844 17362 18664 13156 5564 9011
18108 6409 1846 7078 9440 16051 6235 14479 12957 13214 13723 4824 18804 16293 12943 6168 1193 10859 19754 3595 16322 9807 13176 5018 4791 5014
12604 19184 1772 12591 9036 13007 15539 4926 7214 19590 7694 46 816 10578 12569 2111 17914 12423 2585 205 7369 7841 5764 4215 210 5191
12014 8840 1128 12749 7717 14334 18894 7658 2233 7417 10909 6713 12143 17038 1899 4830 5194 7578 5406 5754 15293 6456 17942 13599 1248 14459
16331 3140 19611 14621 6617 1654 9812 18522 13345 11013 17959 11936 17356 5432 13041 15832 3632 17883 3045 6761 8512 3227 18750 2246 11041 15689
16384 5457 3157 18771 19288 12289 15892 1062 8789 3377 15396 13651 2995 18629 1610 5405 9066 5761 6460 7354 15298 13749 4950 9941 17630 3622
3597 1975 4335 413 18637 19239 5945 15264 16305 12183 18837 17650 13118 1049 14713 520 19439 3478 18195 2064 1137 5897 4205 17769 15900 8255
16485 2854 1938 513 11917 7536 5655 18081 18786 18300 7060 4174 6445 11477 19018 10180 10298 4989 6383 16281 10125 5926 7584 10860 12413 7910
9515 1599 1455 13994 11065 15478 7570 11119 4917 17149 14070 9684 1483 16092 682 16246 13863 18134 13212 8189 16379 6634 9257 4809 8064 3955
16547 12724 4204 17423 17437 5767 3562 6238 12353 7341 19910 13931 16088 5311 17946 10028 11956 6011 13644 2694 8895 5356 13072 11732 5692 6412
5778 1588 11997 9428 8592 15551 3688 5844 6356 16010 39 11767 10132 1475 9840 3401 10246 12870 19557 13446 10845 15759 16928 10520 2795 9377
4094 16824 11944 3588 9575 4541 9612 18427 5520 10354 13205 3034 17727 6631 16296 2913 19165 1422 15840 3980 18079 1470 9285 2526 14882 6631
6888 7769 16400 18130 6645 10478 12471 4128 4649 9354 9978 16071 7292 12850 8093 9884 1711 7754 16463 14539 13497 6894 11961 19714 17025 18713
11049 4689 703 4144 6089 2474 17350 1045 6807 2166 19628 2192 57 18488 9879 16094 8439 13707 700 4527 4944 8640 2722 13842 13750 4630
7007 13215 12089 16492 2025 12945 11033 10727 15054 385 17722 87 19915 8859 4460 15952 7000 12598 7287 11095 3382 15113 14968 10549 3993 4508
8058 14241 11353 10443 7869 19754 2469 6879 13310 3397 625 8020 7005 14478 6817 11453 2463 4680 9303 6724 9651 16609 15209 12712 1645 7152
6607 7700 12266 15190 15462 13991 165 9961 8957 6301 4259 1016 12199 4260 4750 16814 2892 9937 11162 15782 7176 10669 18789 2355 5463 1508
2201 16552 9036 16378 8170 14349 13422 18729 5381 8275 12670 10315 5844 13353 6835 10272 3452 9835 7069 6257 10918 18631 7050 6914 18432 5913
4799 219 10789 18891 5323 2924 11028 10977 545 8618 11260 15035 14764 2159 4379 9362 5609 6108 5088 9160 18105 15399 11431 2090 12703 18580
3729 4868 3199 364 1911 218 18185 18717 16409 7444 18709 9407 6944 6626 17461 11250 7972 16513 13476 14018 2238 2492 4949 6944 11267 19725
6080 16664 2115 13826 17905 16789 19814 794 11304 19887 13530 2698 4193 12824 9480 17226 17985 9443 19144 5841 2880 5770 14991 19828 8737 16971
8279 9540 3433 7451 11603 12330 16704 7586 11765 6686 5601 1240 10901 4621 16292 487 12263 15518 11136 17388 14168 5403 10180 7659 12546 9917
15805 14199 8535 4446 1428 17437 9883 1039 18697 13874 2192 14732 16628 14466 15487 12783 4079 3612 14714 19927 2931 7129 7006 3731 726 6519
2093 10451 2485 14723 4735 8127 7653 3505 16626 974 6825 19575 16067 19702 13597 12504 12366 2135 2831 2455 2148 15665 4914 18907 4573 1234
2023 13958 7915 10144 13781 11364 19536 3976 16545 17626 14000 19552 3665 18508 8113 15643 487 9475 19294 14011 17412 4625 12216 10797 14094 12877
14028 17233 19889 7462 10780 7844 14823 14255 6412 16679 19183 10879 1191 14739 19876 10420 6633 8328 18793 546 4997 6894 2771 719 3839 18357
8250 1829 10190 11494 19083 17584 8516 3666 10308 10092 1553 10000 27 31 18210 858 15432 16157 960 1535 11952 19192 16857 15105 14796 7324
17946 8044 6178 2259 17236 10127 17569 17089 10688 14501 7613 9978 2902 9313 9564 15863 2447 15382 15761 14261 8240 4024 3728 13162 5438 9878
5229 2092 8395 8518 5545 6195 3027 13838 5907 1826 13768 5481 14022 14182 18163 13003 19859 2466 13376 15028 3982 19305 5161 4316 15265 10611
15463 16865 14351 4618 7740 9542 5259 10739 13427 13054 16680 15736 18677 13636 16679 10520 18773 714 18768 7700 12314 6164 4892 9905 3965 12116
11900 8370 18863 5874 11796 5328 8495 8389 3415 10690 14361 4253 5449 9296 671 13811 1741 117 10781 19711 10402 18930 9289 10822 8912 9923
15471 15232 4829 17837 3043 3468 18216 6159 9899 16027 11089 14397 9439 9357 416 7610 13967 11196 17235 4384 13412 15882 1141 4435 10352 15140
8046 17447 9595 1971 4253 5300 11733 16349 3191 17510 11587 4265 8287 8399 10555 18507 17501 12700 2827 4431 910 3108 6106 17751 10943 6187
18742 13823 893 6760 9203 6374 14740 13568 3876 15828 15595 4326 8422 3767 19716 873 14062 8898 17323 16200 13061 2285 1311 16036 17066 14950
678 17842 2035 11783 16972 15974 10910 12223 15309 14207 4472 12073 19641 15668 834 15336 1335 9431 9829 8464 14774 12041 5079 19819 9689 1836
17566 6387 17986 17850 11795 12569 8959 3577 830 7903 8376 18734 17910 9353 13939 19088 15596 10555 13713 8352 11944 11264 19530 2643 3222 8465
7947 12061 8744 17045 13721 17849 11677 6649 12091 9275 19279 7849 8083 9103 11258 19445 11270 18777 10503 17183 17903 10952 949 15750 404 4745
13580 13116 18065 9759 13803 13324 466 12711 6856 17750 19039 7471 19052 181 6639 18475 14434 13981 8419 11175 142 7204 4972 12725 17714 16915
19406 16758 6037 16278 3270 4672 12498 7812 13778 19982 16718 3300 16478 6643 3544 6608 15466 2806 1216 11739 11443 7596 17032 14340 4250 15404
1368 7218 13204 15009 12354 1029 18953 8352 10428 11019 14681 5598 6555 6488 18705 5690 12266 8854 12041 2078 18464 12583 15626 6310 18165 5530
9536 8348 10201 15947 6637 9464 11753 5716 19992 6190 8176 38 5522 11089 5541 3236 15242 13879 7822 10768 19725 13531 14228 17945 4462 18566
6030 15011 14875 17324 4783 18071 2558 12667 14911 3153 13266 5997 1244 12915 18637 17546 7107 18490 5416 11757 11099 19781 15368 18887 17450 15095
7633 3200 17376 17750 14756 19271 1925 15363 8442 10642 1654 4636 11450 3875 7676 11468 12403 12601 4465 18686 12344 14805 9156 11980 10273 6515
17119 15801 14021 2835 17834 5852 5324 3374 11372 3989 12586 10243 15285 5900 18329 12626 9113 10995 9097 4559 848 9978 3760 16351 12137 150
11758 11366 4982 17086 14760 7208 16725 15719 13497 15688 3989 13832 3853 13815 13437 11550 123 17984 10479 11925 6284 18214 5510 10433 9982 5936
11685 4829 7447 4349 2120 12299 7540 7883 7114 16972 12705 16931 19809 886 327 16743 15670 4082 14946 10639 4757 4285 7148 2475 13106 5040
19013 3015 14710 9668 11927 3113 11096 1487 5840 3611 9396 14355 15002 14488 17642 4671 17017 18749 15352 18499 2806 1002 957 7418 18747 6777
19675 1441 6849 16826 13318 17513 19647 17833 15392 16404 18247 15882 18351 13075 9255 8485 17476 18134 19197 6086 206 14114 5153 19002 14757 16550
3462 17793 7034 7615 8272 12560 6070 10548 1315 1028 4945 2025 680 13106 17333 14636 1218 1974 7576 7363 1092 4526 11557 15944 17867 413
10809 2461 16122 1775 17324 9218 5671 13571 11052 19978 7841 19747 18101 14335 8515 3661 11469 19397 19676 3078 19517 15308 7712 6441 14967 5657
10618 9904 17242 9601 13314 1852 15374 17460 17170 9644 8935 10006 15032 18652 1876 822 2256 8127 10135 266 3326 10 13303 5597 1920 3647
14027 14771 18623 1450 6823 7784 10968 8053 11730 13794 895 182 17464 9644 11993 9358 873 5267 1807 1916 14842 10862 2101 6511 12157 7358
2569 3212 262 10821 15912 359 14318 6513 7339 11230 6514 3023 3488 1595 2514 16671 15681 13709 9676 7930 5724 18573 11822 19600 17766 17279
12933 18891 4026 15732 10774 11453 2280 16515 10034 15578 4285 14225 3896 12078 8089 7054 9175 18041 18663 12347 1897 13309 19828 6806 19308 6721
12660 13706 7838 13439 2440 12971 18590 2827 16317 19457 14968 17182 15135 14125 19977 2408 17025 8747 10936 5554 10695 9243 9665 14659 6812 6851
8694 14280 17981 8983 4411 15643 13115 12613 11273 14526 19145 2935 17032 6912 7162 4802 15142 3301 17281 4258 17373 826 3126 19782 18534 5539
18609 8167 1226 15980 19614 10608 14023 8041 19059 1717 8509 2646 12287 14788 11311 2683 16565 11374 18507 3926 16880 7293 13756 18467 11442 582
2227 3743 4243 11050 18723 13806 9663 18688 7539 5566 18556 11641 2773 3581 3015 436 3355 12944 15079 5729 673 15502 19757 10923 10918 3445
19718 14409 13727 1509 15428 1965 18230 10279 16127 13434 15613 12781 14121 8633 15935 17983 5031 3682 18445 18549 8862 9162 10919 2663 15116 799
18643 15008 6570 12108 18237 11948 10217 500 2046 7903 19415 18100 4990 17741 13920 10673 13656 18660 1862 14371 17264 17506 281 13497 18673 5081
15876 8473 10350 4262 5640 16765 15371 9210 15191 53 14621 4140 2605 5418 2900 18951 11715 10804 5341 4549 16625 15942 7089 3739 17626 15834
17297 1549 3457 19113 5258 19735 1547 5805 7651 15165 3658 7872 6900 10133 3861 8843 1940 11719 5706 6300 4341 9047 6653 7120 15848 18782
13997 11710 5944 5650 13911 15339 4405 15998 8256 8890 877 5968 8319 17660 12384 866 17784 2588 13571 6518 2908 14072 959 16968 5598 8825
6637 4288 3154 8869 17882 1929 18338 13681 13142 16179 7083 11419 7366 17221 1320 6327 9838 3022 7715 15059 2714 12133 3104 12752 15834 2293
3744 2381 13992 13046 13792 15165 17139 19307 18226 19527 5324 12913 11756 2083 821 12388 9111 10221 13399 9875 3840 17953 16168 16028 10746 118
12679 12381 14296 1502 17165 18976 9199 12024 12307 16068 4288 9606 3024 3705 18054 12914 7990 17874 12547 16668 10965 5182 9311 9863 6966 19372
14110 3525 14906 17186 19524 19036 11596 16237 8810 4419 9519 833 12433 19042 13437 3741 14266 234 14018 18038 4244 2831 16875 16935 14740 9903
9709 15983 17172 18327 8177 10992 2325 7781 14725 14426 15470 1112 13362 4577 1410 15719 6365 4756 15029 8019 5251 18193 10070 12399 9685 7363
2709 15599 14282 704 18777 10510 2165 9021 11660 2065 9882 6943 19547 15590 10645 3668 14248 12782 19783 12485 11784 4956 19007 14786 13334 9718
6931 1232 15720 16307 6650 15056 113 7151 13413 2501 5595 17156 13637 14354 12336 2507 1922 18608 14106 7418 6195 450 5975 2519 8659 18717
8143 11468 1507 2433 4565 17962 16713 15405 2650 1194 6970 4842 2868 3082 19257 16016 15924 16927 6713 8253 3093 18313 687 5076 15681 12432
16626 2976 6898 9608 18150 11416 6857 18585 3344 5652 8863 17215 14864 14486 13648 9003 4783 17514 9418 19625 2404 16701 157 1936 10252 4903
15486 12593 874 19837 3823 7479 5096 6973 5777 587 10617 16306 17760 203 313 4818 2362 16769 9604 8126 8812 11996 7309 19372 12949 6
10538 8307 11441 5360 17013 1612 11314 13095 8721 7619 7229 8922 5686 5879 9947 8259 6082 12673 14167 14822 4827 20 13730 17210 17868 15365
2269 11011 1265 8590 17445 5410 11194 17161 17765 11526 17223 16702 833 4356 18508 18396 7777 10436 3274 9076 8396 16313 8723 10135 15121 11472
15277 11420 13492 1505 13616 10431 14447 18662 2383 18137 14540 11990 12422 5791 14802 4084 19782 14668 19850 15060 10492 19913 1366 15525 1123 7754
2998 5201 9989 17328 11826 19481 2257 14054 9673 16919 11703 7047 1792 16566 7274 9554 5989 19101 4632 17675 1106 18825 9348 1105 10310 19350
18395 10637 19364 4555 12446 6486 9310 4395 10030 11019 9755 874 16047 16216 9067 3155 4912 16146 16128 19271 2272 3613 13783 5144 6352 14352
10721 8970 16035 13534 13735 112 18756 2063 2733 4547 10822 8837 10888 19050 2884 19836 8278 6911 18824 4892 6614 1478 16228 9587 4905 1098
4199 9907 13432 13126 13419 13551 7975 6620 17648 10252 18249 16479 17034 17416 16661 811 11235 2475 12797 4523 6055 16781 3217 15603 7327 1586
13028 16979 4311 7594 16242 10398 18439 5294 12287 9468 17809 4811 15941 10598 16305 9106 19118 7821 14894 14346 4669 6244 10544 6157 13986 1159
18514 12959 13965 19791 13044 1825 18214 1933 13298 13949 7604 8889 16895 15597 16506 9690 10601 16954 9091 9765 2399 10445 1267 17740 7635 10900
8200 4229 16671 5421 17929 11066 10205 17319 11766 14831 13653 12782 17555 10221 3468 7472 6634 4657 19267 14624 15844 18092 8536 19020 10715 8013
9241 7447 14386 14205 14367 8613 2095 4448 19621 18096 16975 7761 6113 12022 14062 6437 14049 647 6761 17577 13039 12024 10541 6825 10378 11327
3328 7379 3990 6193 10772 3275 505 16360 13251 10325 12961 1775 2423 6577 15047 2154 17727 13561 846 9583 19651 9450 1285 9941 3352 4711
13156 14800 16178 18853 6890 10668 2486 18298 8300 12585 1381 18198 1058 11987 16210 9484 15805 15365 10709 6547 93 5274 12506 13125 2959 16513
17265 11703 8561 14525 5807 5468 17520 4090 5016 2476 2006 16070 16081 13750 16264 12606 13646 8741 3727 17102 19983 174 17756 2212 7061 7049
2996 12615 15768 14400 11152 11901 4900 7886 4923 8905 10278 12234 6356 13785 2090 1250 16221 9824 3949 773 4525 19522 5517 9708 15143 2407
16544 3118 3498 9546 17072 1873 16918 16529 19858 1456 13430 16521 18973 843 11384 10507 4559 9435 4257 292 10861 2398 6829 5220 14051 9870
15963 14384 11493 14856 1664 13273 9237 1465 18818 5158 11504 4382 9164 4896 11576 5294 4818 7592 5570 525 9041 3418 44 19973 3392 6379
1115 6907 14557 5447 12974 19015 3738 5418 416 13961 1151 10473 6589 3997 548 18546 6824 6269 11961 8909 9307 13628 17293 12042 17618 5705
8569 8764 11703 8523 301 15470 6332 4020 11553 8944 18626 8481 15383 6379 18305 2264 5115 334 15705 7792 4235 4023 4880 16246 15849 4843
4964 13039 2830 5207 9617 4919 7789 9191 13691 15378 5939 12415 11435 11254 7357 18732 16241 19503 6630 631 694 19442 10365 5890 1433 13750
14030 13248 10578 15212 9937 5701 4630 12773 1733 5919 3038 19527 5125 2768 15344 16116 17199 10681 16274 10958 3369 11948 13233 6907 14476 6839
15957 3256 9537 4008 3311 8979 4460 19437 10766 804 18833 15188 12627 16159 19387 9987 10855 15250 8042 8622 4617 8697 9188 17518 4846 10844
7297 5924 9959 2351 17639 16149 18854 9075 1891 12607 16644 3501 11163 3852 17027 8743 1477 1480 5840 10427 8119 639 9670 19682 16952 7299
3356 3240 11295 19533 8985 6673 16874 17335 2766 10935 2453 11744 12797 17242 10458 10726 664 10180 5474 8419 2247 10551 18696 14291 13728 14559
7208 3051 14867 16306 8589 10940 1857 15155 11401 19939 3903 6032 12475 762 5887 14783 9306 14623 15730 6447 12085 12688 19316 12540 3845 4349
18875 7178 3818 7222 18456 7826 6170 19022 17478 13690 18 12504 1806 8593 5253 13837 18327 1441 14884 9020 13903 7267 1144 6482 15798 18025
6851 10111 5407 4189 11510 10143 9084 19713 12020 4755 16542 10162 19199 8331 10875 6779 8943 8253 12320 10531 15714 6507 15852 8966 5560 3509
1950 3757 9134 9102 8626 11433 4110 12039 10887 4490 7459 3455 4819 10295 1472 17022 13941 18853 19743 4911 13762 471 4988 19363 14908 6710
16109 15229 4715 8463 4574 9958 1667 11358 18766 11369 3749 12726 7164 16086 10358 18678 5393 18282 2010 12717 13902 9780 14195 2857 18396 10477
19108 1013 8082 13255 15804 4620 11233 15508 18075 17922 132 5884 19520 660 6723 19331 18769 16244 15408 16851 909 9708 3931 3775 10245 7976
13305 7652 3864 5447 5753 15283 18932 8441 1948 8918 16883 10782 4348 10546 15248 4597 8746 1058 8407 13793 5138 7865 2117 13269 9059 11816
3480 18913 9736 10813 15076 12133 16108 9910 15479 13872 12309 15608 14911 16300 6067 760 19468 6639 303 16672 2774 2978 6195 12508 10154 7452
7240 15427 17526 10834 18756 9507 10459 15180 4998 3149 7974 12110 19808 3679 4536 2177 18585 6699 911 1638 2447 16478 7033 16393 16197 9973
8889 10163 3980 14205 222 4402 12246 15720 1180 4608 17842 8848 14379 3704 14591 6137 3963 6456 19322 4158 3052 7551 2522 16799 8191 12292
3932 17768 6164 7553 11333 14153 9350 5051 19957 14418 3225 15333 11029 8919 11233 4330 3134 1807 6808 6286 16657 11055 2469 3653 13764 5746
12528 13842 14420 15269 2564 512 18886 2116 8564 19444 19145 17115 12825 3652 14798 11368 17694 13897 4224 18877 15884 2754 1335 17928 124 11257
3004 15368 11863 13344 4767 10058 12525 14581 5200 9476 11966 19119 13982 19742 6451 9278 2327 16474 8594 14501 10021 6473 5613 688 10983 7045
17261 6889 5878 462 6985 14651 16515 15693 7270 9278 6080 2338 3832 2269 3264 14981 18875 7986 14090 2249 6110 511 19211 17405 818 2596
5592 9451 8299 6587 15108 6979 5487 14613 8317 16516 1664 8082 1286 16798 3682 11540 4986 19336 11712 19212 996 10190 12707 11230 8589 13869
1043 2937 15412 16404 1249 17466 18461 13241 18537 7460 5064 2165 806 7601 16675 5448 402 4573 8067 13508 11465 17215 12455 12651 7251 12939
3342 1965 4984 5805 1075 15995 6040 19224 18931 6480 75 7887 5133 18250 6103 15591 9305 19692 1032 19988 2650 17998 11990 19903 8388 19677
3811 14977 18898 6994 9927 9728 2504 5841 8183 7127 2113 17677 17908 3956 3701 15404 4747 13330 442 19909 11546 5501 2328 14548 5799 11416
19817 12191 7285 4838 18924 9850 2237 5376 14230 12293 19767 17502 6411 4002 8358 4135 2532 15041 1791 1056 5362 3302 16321 6622 9236 18743
19413 11418 14902 9331 14762 2636 11412 14777 17735 17033 2686 11260 16458 12014 2343 22 15985 7651 15562 16763 16173 13800 4151 11449 8938 587
16175 8591 19534 12598 17756 14173 16335 12243 8073 17467 7948 17910 8405 2359 17129 2786 17279 4357 90 103 1371 5931 18387 9318 7993 11352
15892 13804 701 16278 2190 17062 19847 12454 2557 10450 5852 7588 4360 17222 13360 17862 15279 18440 10037 15827 19574 10988 19544 13629 2934 11634
8979 2745 17823 2429 8938 11615 17697 14906 4523 2636 9705 8144 9229 12933 9795 9367 16793 4197 15693 12867 17246 11200 9194 15420 14338 6112
13385 14919 10956 1683 2166 9311 2367 10273 1430 8861 15715 8745 17533 14812 16303 13400 2637 10828 9298 9409 2357 16579 5777 15553 15701 1025
9942 4067 15247 10954 16938 9634 16106 15453 16371 17232 7078 5384 8149 6785 17509 12691 15599 19917 3189 5570 18077 18466 3053 5084 17151 250
12393 7932 9604 12002 6441 4038 19946 9533 6362 12189 15947 16084 6833 11598 8797 13473 13314 1468 17339 6479 4145 1553 8906 7874 11925 13061
12860 1451 17757 19735 2299 13722 15485 16035 13378 2281 5509 19844 15001 4715 5052 6929 706 15511 16730 12838 12710 12288 15190 3791 4109 6483
9432 4072 17725 11876 4832 17462 11584 727 19790 9919 16753 7504 3244 7983 12166 4507 10473 2795 7133 2202 8889 686 13801 9539 12470 14123
465 15487 14502 18588 1766 4621 11153 399 8420 1940 5925 17104 2459 17783 19184 15752 14251 5091 3785 2399 8952 18935 4468 17339 8505 575
6589 8310 11220 11250 860 4362 17339 9106 3710 8437 12044 18675 6766 7850 5689 11321 4680 4137 15526 6859 178 16393 264 11270 19162 11433
15314 968 9444 14657 13478 15434 18677 235 8789 8976 6614 18180 18899 5607 3498 6945 5868 7264 8386 8582 5459 3678 1184 2598 7465 11753
3404 526 314 1927 4808 4212 17418 3401 19921 7440 3343 15201 15504 954 9586 18006 19346 18799 104 12803 3526 3562 2105 4747 17972 7062
11519 11900 3428 12528 1543 9212 13192 5027 2824 1284 19675 3471 3935 11187 3288 18226 17609 17758 8490 19928 15758 18584 9026 7044 15757 4069
19865 7529 18403 15457 1482 12956 15108 238 17160 5770 4474 16157 12318 3969 12273 12357 5272 787 6897 7065 18606 2649 7008 593 16317 6992
14463 4598 16238 1281 12261 382 9243 19881 17452 8495 7269 2755 16402 19091 13925 14642 6068 12633 6155 17657 2602 6145 632 2030 2261 15830
1964 2174 14732 18587 8974 17928 6 14888 18554 3875 7241 7775 6638 13894 11838 917 16347 4728 15965 10202 13911 9671 17034 7185 15553 7103
12222 5544 14077 3433 15630 11580 15595 18886 7377 191 19311 12215 7173 3315 16028 3532 6178 8133 8837 10599 18978 1649 9238 5491 8791 18014
9846 533 4118 6511 8935 1994 10442 14387 18165 17103 15981 1613 13524 12391 16274 19220 1773 10475 10676 9396 11842 10576 6433 13043 14593 11096
14872 7491 911 15051 10414 1124 18422 3448 16978 12715 18783 18415 1892 10362 13926 14547 5069 10272 4417 5936 902 12817 13893 14514 5016 7566
8319 19705 8675 19833 19966 11008 3164 16031 14486 12308 288 1265 2445 6431 2692 4400 3250 16888 11853 6748 14922 5166 13389 1178 14758 7673
17362 7575 3587 155 8933 18695 10384 16093 3384 8927 11357 9174 7227 3790 1333 1031 11321 4047 3267 3018 6481 5186 8866 6868 17220 4265
3387 644 6545 2967 18905 9004 17030 6537 1161 16237 19636 19915 1659 8485 17573 13339 6539 11820 149 11213 295 1518 15725 15712 13942 10014
8444 1625 7834 6777 16530 8923 17617 14532 16297 5328 6304 18475 17805 5382 17904 202 4689 13941 10473 15841 4390 19031 463 4163 7678 9842
14011 10107 19634 16350 1483 7156 13583 10793 14557 10084 1259 8932 1061 19100 7197 2682 2703 1490 18843 5416 6099 15790 15241 6737 19462 8933
16691 11610 199 8868 7835 19523 753 13793 4081 7623 1808 4513 3317 10177 4754 10959 4562 18102 13668 9807 16402 11039 8540 12580 18342 16275
3041 14870 17238 16597 15017 3142 661 15318 599 1507 5137 11519 5017 15432 12489 3390 16727 17207 19204 5889 18268 4930 11075 17314 790 2351
7278 2469 16284 5642 17659 8179 7751 15045 12516 10736 4312 16138 7260 6137 18005 11439 1932 8668 18753 11934 2686 9876 16833 9008 3715 9376
19470 9762 14915 17438 2057 7177 13311 9975 10255 3022 15723 19149 15344 13329 9923 17799 7297 9969 14938 2028 9367 15933 927 11602 2128 10568
10253 6381 5419 4325 6952 1781 9679 5955 13504 3645 10647 7250 19461 3279 18331 4719 7460 7286 10198 17937 1406 4509 2554 9417 2451 5883
15296 4159 8259 7796 13084 13741 2399 3913 4597 6581 8374 19964 9333 16034 10065 18632 5652 16810 19470 709 9976 39 5954 17658 7358 8336
8058 4610 14145 12460 2520 14902 10186 11457 1487 7499 7463 16929 8696 5592 7040 8140 6371 11234 14078 10137 941 4931 5887 14707 10695 2093
1354 12124 12706 18286 2217 5004 6156 13989 11125 16133 2254 16473 10176 19264 2977 5234 291 17086 17381 5380 18586 9319 19005 17741 6430 10537
13348 6870 6215 14208 4940 4921 3987 18679 11149 17822 5135 17621 18298 10400 11288 19690 14430 13060 19885 3416 15327 15220 13068 17095 15387 17272
4803 9426 16414 18057 16521 831 5467 10691 3527 15088 643 8473 17116 10494 16225 14578 7683 9430 631 10040 12502 2318 456 13861 12455 17241
5326 16970 3081 9949 765 12731 1730 1786 3816 11331 19310 3951 9954 14621 1877 12826 12141 5755 19658 6437 18849 4751 15400 4092 1841 6247
18964 17491 7941 8097 5402 2122 13058 19471 8753 2741 10415 3968 19708 854 2472 7408 12582 11383 12825 11551 3142 19834 5368 18180 16884 12854
10994 13937 12021 7010 3652 5868 12263 11168 2349 6338 2063 15834 12758 19735 10796 18186 6069 5331 9671 6359 13626 4621 6566 9649 15476 8601
16406 11465 6164 15529 7598 9601 1529 6063 16934 85 327 12475 5818 14101 17296 14897 17627 17081 16636 18676 9266 3614 9004 541 7856 10043
6736 12294 12283 4532 246 12315 2411 4065 19177 611 15320 1940 19111 18294 5968 14942 1250 19126 13013 10117 1701 3055 14294 6882 7881 17253
3218 4189 15639 3760 15691 8516 5921 4619 2847 6499 222 5341 11473 12355 3756 6824 13032 16067 1729 6447 8743 13259 3095 9919 1906 14103
1752 11016 2556 16563 5267 16302 10928 12964 13632 17942 9577 12239 16007 3982 8922 6985 9659 3771 13601 3931 17314 18962 9733 12425 7989 1868
8695 498 13226 12993 7387 16803 11932 5809 19735 13472 1424 15770 5346 373 15446 898 3140 597 13105 9737 4249 2628 4901 13536 2431 639
5742 349 12320 1200 13829 2228 11576 6876 14989 16810 3655 19737 6984 16843 4401 2912 19258 15871 4621 1142 15137 2147 5128 3028 2676 16223
15157 16192 7327 14231 17856 11905 11237 1011 883 17658 19150 9034 4782 18823 5313 1522 18460 9224 17901 17010 16482 8753 12797 7731 13033 10604
17038 15829 3960 18743 3025 14704 6941 18457 9817 14812 3481 19803 4108 10310 356 16229 7279 3746 16469 18780 17970 13457 5444 12395 14851 1704
2212 6718 1995 4768 251 1926 14070 8124 17994 7636 12051 15495 13173 11424 11589 8845 12671 5865 7606 8658 12094 19763 7268 1130 3652 16098
18297 2837 10887 18854 865 11250 18786 1243 14929 1760 9190 11441 4185 15548 16038 8553 15622 17077 4561 4597 14285 870 6093 1065 13232 5487
19926 801 10425 15951 5035 2046 12616 11334 13713 6611 8816 19329 9485 4255 1117 13416 10233 10664 14394 18016 549 16820 11453 5698 15969 944
11179 4779 10527 9534 1063 9784 13814 9952 6321 19205 17655 5124 15332 5342 16717 19936 8408 18748 10700 7483 4273 10972 10760 427 2711 986
6459 6265 2445 17014 13086 7783 18150 12988 1658 16187 13519 16558 4501 15234 519 6720 8515 14417 2927 18928 2652 538 7787 18742 16136 17040
11089 4677 5867 9970 17056 17721 4491 14773 2752 19006 5515 11452 8370 1857 4287 5999 8831 9982 17518 13028 13446 7667 10733 7209 6254 1801
1700 10890 9825 616 5467 4002 6431 1368 5796 17639 15144 8207 13357 10955 7667 11587 3284 10545 406 15400 1576 5934 3049 4927 9569 16758
16271 11083 13776 8728 5089 18018 995 10384 2263 6799 16755 6041 18408 9712 16442 195 16447 362 5773 12263 7420 16090 14873 9805 15368 10533
3210 12534 17889 14672 16332 7477 8031 4621 10833 168 6221 1795 7204 5208 19894 8939 13934 1532 898 14139 9561 5350 15446 3562 17595 12788
5320 14828 8180 9379 13631 2344 8928 18118 4106 10894 3576 13385 18692 5247 15257 19557 10956 19853 8598 10387 15950 12575 2003 4345 10608 13132
19137 15614 15055 7340 7066 394 17504 14528 13840 161 13801 11160 6860 8010 13082 238 2544 2637 596 18508 7736 10396 15071 5900 13490 15032
9159 5718 645 16058 1202 2591 3703 3216 8171 13556 5435 7501 3818 1464 17692 8242 19063 8690 18985 4264 10697 2024 6734 14745 13114 19148
4016 886 16128 2617 19529 15137 19485 3547 12962 12102 11671 19468 11173 19697 159 4840 8500 17347 609 193 19114 9649 18721 1547 9245 9006
4242 2433 14738 19368 10346 4412 8746 3319 18450 4918 17170 4710 4463 18788 4826 13331 5368 13047 2889 5541 775 12786 11203 6747 18131 16534
5273 15195 16704 8340 13372 18636 2298 17285 9543 19463 15968 874 19008 15806 8559 13074 3296 11798 5436 16629 3324 15303 8190 8067 3531 11633
10384 2913 10255 19955 11389 9748 17489 6085 1967 12157 16963 4414 2203 14660 662 638 9161 14910 6684 19226 3668 17652 13924 14441 9177 13445
12198 16755 7429 13698 2550 8193 16144 18500 13902 11036 17502 19021 17078 15293 17115 2084 5285 5399 3189 10648 16758 19320 6886 19156 15050 19762
6020 12643 5018 12481 5778 5195 10329 12820 5300 14147 5377 19256 13267 10953 11274 11150 10661 15520 5343 6487 11636 12652 17261 13507 13118 7994
4403 19421 3049 1371 1382 5041 13538 13644 12846 17609 10781 6538 14767 12169 11012 14370 19360 9132 14814 6245 18023 8788 9788 1255 8885 16485
17240 14247 7567 8619 13112 15352 18895 10341 19969 8875 18994 19900 19753 12972 8053 4691 8059 6017 9894 17524 12461 4725 4837 11601 7845 6305
6018 9424 1421 14842 12528 600 4390 8102 9016 2692 19302 10335 8445 8140 19355 7740 7391 8023 5716 597 7455 14388 19899 12419 5794 3442
13699 18313 18148 5150 9499 15419 3188 6583 7431 10726 248 10649 1432 8094 512 6027 13136 18519 13096 3251 8095 15645 16917 5999 14449 1798
14912 18635 1431 14962 3142 11276 5462 12055 19429 9601 16527 7225 2765 13198 6278 318 12270 14812 18284 13402 5655 7198 6268 13478 4968 6042
5626 15579 12847 13821 3264 4501 8844 6054 12096 7930 11311 17596 18637 18204 15902 10280 13052 17798 5937 15408 5481 10016 12685 16487 11275 10982
8753 19202 12871 8015 5917 11710 17296 5859 2060 12652 17093 6551 17518 11229 16835 13451 18654 14321 16596 17639 5468 17825 10943 1675 19947 14851
6866 18223 3894 6420 5601 14847 10745 13682 3448 19743 12085 12550 7091 19726 5620 6052 17279 4771 7197 10516 9538 14368 5049 16468 12589 1969
3970 651 5137 17192 4052 7826 7194 6171 2639 5062 7190 10452 19718 187 11084 4595 14120 12339 17768 4875 10503 10703 1292 9903 16677 11925
1929 19563 13486 2236 6425 13971 7647 8170 899 2063 3316 3988 3299 7738 924 2698 3302 17694 16842 19272 16466 12138 9503 5309 5848 6671
15892 19434 15906 19247 19416 9267 9112 18148 1607 16033 6312 14344 575 13668 4562 560 13775 18600 10337 7572 3291 12853 480 3458 14910 1423
12723 12713 2714 14301 805 9598 10913 4927 18561 13162 16799 5978 10691 17535 15630 4975 7728 8100 5468 10980 358 296 9043 8993 15455 5105
808 17492 6948 11713 10061 5000 11906 16081 1755 8644 16369 18659 6771 19201 17085 18699 15102 12318 3997 5057 3735 9995 13563 842 13175 19883
4397 7152 3474 16075 11398 1004 10729 15403 13235 19353 363 15177 12582 12686 10024 15913 12842 18700 16850 15176 3299 13465 12973 5090 6402 16017
12097 7774 842 12770 6972 19956 14753 1760 16144 16440 1723 14857 11206 6217 11533 4252 3309 2833 19196 10694 427 14650 10453 14468 14095 3982
3639 12678 17234 17932 3841 5596 188 17239 9309 2732 9469 10612 12879 7826 2590 5264 2286 5661 8484 16581 2638 16102 11719 4720 19090 7935
4 3176 19054 3188 3330 13829 4493 18983 2311 191 12358 15765 8492 13054 509 18571 14645 18002 1703 815 14250 17129 1039 13017 3207 4550
15192 14049 14802 1413 13575 16263 17072 1388 16789 12967 8106 16689 16380 5567 2047 15722 17742 10148 17669 1587 16248 11818 1708 6148 11895 1119
11239 12489 5707 17446 9491 17659 18551 11206 2965 6304 16189 9309 6978 1194 815 16827 13466 5472 17289 12153 13012 11511 6271 1960 1291 8546
15026 8191 1132 6182 2743 4534 13225 894 12369 8270 5310 892 19660 11247 7756 18423 3430 7419 7251 8460 8731 11901 13927 13643 9790 8380
8121 16718 14459 2360 7976 16538 2928 6176 3140 18570 11280 12287 18430 15960 17074 10427 16042 1350 1296 8670 6921 5823 8370 15669 18257 16480
11937 13025 12484 4648 15198 11955 179 5390 11962 9436 612 7353 10393 12861 9772 11868 6652 8030 15788 10349 13561 4714 3706 17323 3092 8087
3626 5392 17379 6167 12065 7091 12982 1175 4597 15844 7436 3838 4010 15078 2926 10954 14357 5414 8200 14575 7210 5714 8923 826 3458 1583
7557 1885 957 9142 11569 17948 13783 7292 13018 13732 5731 7169 11381 3743 12002 8518 13539 10819 5337 4526 1430 10994 18813 9952 7247 16744
17217 10285 11231 17915 8154 204 13440 15875 19706 10728 19805 2393 11190 8489 16734 2346 11947 8651 6873 4241 1515 13649 19048 3031 9069 12213
11527 34 13187 17634 11423 11585 4581 4885 11134 11641 19357 8361 7696 11947 6013 7232 7839 8771 251 5953 15403 3078 1843 17396 11108 1106
7872 953 17383 16946 19662 18555 2405 18543 16594 14050 7621 12830 10977 9231 10612 1269 7389 1792 18965 11668 12368 12292 17174 13861 15153 10175
8855 5933 14421 16691 10053 17724 6934 19513 6373 7562 18218 10379 19162 13047 7431 13133 13760 11705 17714 2449 831 2480 7047 273 4691 1727
13805 11936 3874 77 2553 16309 18244 11324 2051 5005 18402 19398 6803 18417 18942 15144 147 7511 3590 2604 13013 9874 2715 14038 17674 16519
19329 2103 11412 15549 19158 13524 11935 4696 5247 9334 19269 2998 2523 17413 2140 16124 15214 3108 12059 6254 7953 14521 13313 980 373 16612
6817 6118 2164 1961 19452 6352 192 8586 14750 9696 9415 2218 6750 12167 19178 16595 15826 7824 1182 13086 8578 9861 5932 13739 10073 11772
5911 1849 18755 10984 6466 3173 9794 12888 12243 10557 11610 19012 15978 2151 14645 3504 445 3803 7770 10563 10961 6169 15342 8625 142 630
13807 2069 4820 18249 1941 7806 14971 19190 2263 3982 9119 1383 2289 6748 9228 1583 14980 11155 517 15718 9699 7321 18603 5705 18505 2033
18184 2247 108 19072 4237 13096 5472 7772 7289 16924 6158 18610 13165 18909 1234 3066 16958 9083 1703 18206 11967 17317 2604 4362 9250 19146
6611 2782 19628 6771 9981 12386 10209 7082 2780 14799 14493 8743 7120 15422 17730 18755 10445 3055 18039 6192 19665 3510 5100 1788 12395 6858
16925 14251 14971 14560 3518 10888 119 16215 17068 12337 8839 19612 129 10522 423 6924 11658 13137 15968 6743 14735 17596 18156 18974 17131 11418
4346 6238 10822 15646 5578 3329 4344 15913 1633 18865 1207 9607 2672 3876 3665 11568 11788 7004 1066 8358 14126 12211 13056 13293 14616 14434
749 17769 16623 9759 8767 6953 16626 14449 10768 4124 16847 8157 15018 4332 4270 8594 1786 6303 12682 19442 13324 12608 9133 10080 3013 13668
2926 16112 2471 18374 12603 18179 4944 12443 4655 9098 16281 5715 11693 17403 1954 18702 13508 2451 1342 5338 13463 16013 3214 8179 8322 8843
7119 8759 13614 15350 15906 15811 14452 15426 1161 7243 18502 1109 1604 4123 5249 3024 18667 19550 13457 4234 7767 2446 18736 13938 18159 2057
13676 6417 16152 16158 3144 13778 19689 601 2796 18327 6554 15501 4922 9255 68 8852 8417 4246 14778 7676 10412 2587 346 1631 13178 14727
17065 9435 11580 13082 17025 12448 6338 12354 8947 10068 18581 9980 16501 8810 10208 12248 5401 8749 10734 13122 17892 7273 13145 1013 16048 14830
14422 18864 9009 19410 9911 6912 14588 17639 18923 11286 5707 5262 8906 4143 14469 3028 7873 12800 10079 8375 970 5995 3137 10037 754 2911
786 12344 11766 7940 19546 15141 2927 4015 2214 8235 6948 19185 9092 11103 12081 10942 7150 2813 17391 1258 17833 2790 14758 9236 9215 5170
14167 18582 2499 16011 10880 14227 1228 16984 12270 17290 2083 8566 11699 22 6282 4803 1332 18455 17570 1111 1271 2230 13579 3952 16779 13266
7246 9836 7078 11387 533 19739 9635 19183 5080 11233 7181 14405 2547 5538 12370 3104 12749 5405 7539 10420 13458 13596 11877 4104 7548 6955
6869 2159 10666 19147 17955 1623 13422 2063 6137 10900 8221 19100 7487 13273 10322 4306 18627 3011 10674 12266 7791 9174 854 18489 9626 3997
8855 1217 10289 17999 15876 16167 13635 3107 16860 9928 1742 8923 16500 18751 8685 7301 8891 11813 931 17584 9328 12750 14452 1409 14863 17251
7985 5938 1265 17947 4750 16436 8683 19651 1908 12703 1025 10516 5404 6597 740 15171 12215 6275 5411 19825 16967 8098 2283 11289 10228 12751
12955 11465 5411 6069 3565 1514 3406 5445 16473 10078 191 2785 15168 16 19542 19415 8841 6465 2404 533 19058 5836 2937 16122 13130 10912
1037 8421 5410 5420 13950 16927 16807 3811 14058 19967 13354 6477 5759 18733 6455 5784 17463 17026 19506 15185 5214 12080 14997 2522 18960 6410
10170 679 3160 19060 12886 6910 2563 12710 10482 16930 16189 11705 1702 13855 1102 482 14390 10630 3453 9035 4598 5554 3934 18197 16023 5341
9738 3812 13275 1664 19885 13733 2207 6096 18785 19765 7409 10109 19941 16172 12683 18996 2830 11359 3188 3858 6045 10487 13606 10308 12098 15842
18046 2605 31 4732 9567 17412 18030 19670 2547 16407 2117 12861 10713 13688 7684 11681 1722 2889 13865 14801 18752 6212 9994 2010 19503 9220
10843 15389 2064 12998 15823 13163 17219 17344 2371 10491 1886 16639 14393 15284 9392 4543 9859 554 10134 10012 2535 19121 8240 9053 7083 7932
3431 11694 5186 9613 12583 699 9638 560 11474 14873 782 7293 17555 15570 12210 19237 9828 9826 2037 5162 17755 6317 18094 19889 2923 19673
5286 6626 8280 6603 6539 16546 17611 18826 6152 11007 19186 9201 9659 382 18950 6262 19964 19763 1618 19403 14910 15526 1826 9310 14474 19192
1388 16208 8903 13221 6242 18548 19688 4946 10628 6197 4603 8300 261 5743 16361 11705 8743 9341 5330 3211 8073 14260 18347 4777 19141 9604
17456 4553 12795 6194 13537 16620 1851 17959 5908 18624 569 17652 12141 19004 16061 7278 13216 4090 13702 18801 19624 13006 13781 4952 2330 5745
10120 2269 10334 11750 14664 6479 16107 18413 2877 9991 17463 15844 14601 12426 10728 1152 2663 17727 4085 7142 14648 6319 10794 15060 6125 9127
2263 10341 4719 7876 14123 17185 15674 11940 11040 13118 7587 8644 18242 17981 13829 9690 12858 14242 14281 17271 18378 8373 7050 1856 14566 18368
13614 1766 18776 9896 19363 10031 11213 18255 9572 15623 4343 10128 3186 9754 4144 19525 12212 1072 8847 11051 13937 16093 13342 12639 672 11680
11331 19324 4718 16717 9879 14660 6479 4175 1518 4352 5461 718 18450 18637 18917 16533 13798 13716 16651 3614 2011 10230 5060 15147 16637 15647
7127 9374 6218 4726 14135 12393 10564 11409 372 1655 646 11778 10703 12110 3897 4444 2345 14734 2028 4146 6202 16594 3622 13704 9191 12535
3334 19624 16676 4260 16285 1943 16645 10675 19008 11141 8628 19391 15298 6559 18237 3 8011 10241 6518 3263 14119 18974 17198 10689 9272 17100
13834 12660 8817 5214 19298 3190 10609 1563 5553 4232 11289 18011 16209 19987 6550 1457 17660 17095 1616 3328 4973 3787 19087 1350 10853 18774
16446 11691 7970 4108 3109 6244 5389 10789 16313 17451 9433 8392 18068 19993 14395 13068 341 15926 11505 16461 15794 8148 12762 8230 6202 12863
9940 13633 4399 1349 8080 3527 19616 9969 13215 3598 19015 5249 9658 3977 12943 5401 4406 15646 18743 14211 11465 18370 12125 12398 10091 5515
14626 16372 14782 16968 4711 16461 20 14526 1981 17181 5166 16163 18619 9765 13019 11886 1757 16920 8154 3288 8703 5920 16242 8936 3295 10775
6551 10407 9608 16136 225 11933 17218 13647 1273 14298 1935 16770 19174 7572 5441 9866 1996 18820 10693 19366 10924 10132 2456 3073 2803 8962
10431 6716 8967 3981 11954 19568 13955 10913 13595 12003 18674 16192 10509 14718 4966 14264 17641 15936 18257 13330 7073 14851 233 4351 3495 19108
4493 10305 5727 13463 1175 3772 5095 1492 11098 19797 19716 2236 14839 18789 7310 5883 6645 3759 17405 15402 19930 10190 16856 9107 4574 15541
14000 19560 11628 393 18143 19196 9246 19793 8538 13109 11164 11073 16055 10226 15254 7853 15544 18995 18754 11203 7057 8307 14639 11880 3514 6423
5634 11372 720 3546 11882 13566 18015 3719 2067 7003 16542 18944 16287 12469 10954 13495 7735 1555 1697 5161 13933 16765 18825 18048 7332 13282
3760 9454 4515 120 11643 7877 10349 19081 18923 2265 13926 346 1351 16464 6247 18820 18645 12527 4872 11897 11392 16344 5573 12081 3062 17390
10726 17273 3535 6975 8119 3493 14498 12412 2304 18897 1029 3173 9753 11394 1094 9569 11306 8600 10034 18680 15380 11117 18787 6818 7068 18288
14840 16093 15196 2512 14146 7795 2195 12394 1158 15365 12278 14413 14503 18040 14823 7742 8674 19670 8123 15491 16635 11787 10548 13799 16191 12601
1106 4754 15832 14006 18205 7735 11196 7881 2651 18052 19611 18066 3932 10570 3783 17139 3325 15688 3341 609 11623 2749 15320 17904 7164 9442
15536 6614 16579 2377 19608 837 9283 5740 15349 15852 10451 11769 12287 1919 11555 9287 18500 19461 2178 16868 14346 1683 9912 12047 15499 12356
4829 7914 17277 7376 9548 3985 980 148 11978 18658 5001 13293 1159 5135 17473 14763 6116 12672 2477 3922 10312 6618 19711 2540 4520 16309
8981 4676 1310 16146 3103 17944 19395 19113 4166 16331 12997 8078 8516 10182 9094 10187 3206 6944 15681 15639 14421 1475 721 19950 7392 4070
15478 2027 5332 16011 11584 19962 7372 9291 8816 3816 14348 12052 12683 10578 15817 10300 14993 5955 17505 2296 14833 14272 13183 13847 7605 13625
5034 14688 8587 9843 7461 13078 15906 7821 15216 6766 13026 1876 9458 10361 168 5467 19398 10108 850 4641 7769 8988 11277 2840 3212 19944
17975 18724 16858 18012 16076 12423 941 19030 8723 14047 4629 511 15861 10151 18176 5884 4366 17798 3075 7441 1912 16401 12782 73 14367 18427
8267 2059 10936 16238 15590 651 7305 17672 11795 13172 14375 16071 10772 13432 7161 15496 15118 18525 8715 7556 3007 5021 3270 3279 10851 10665
7772 15594 12443 8603 4129 15970 14680 14480 1034 8874 13788 15054 15186 10076 11017 18649 6690 4949 16310 9494 19683 7112 11023 13929 4323 14996
722 11809 5937 8369 1418 8084 13740 8398 8427 8803 8378 13537 5141 12435 3328 15455 4212 8981 17553 10793 19349 6111 12637 548 3678 12946
15110 12130 4743 12511 8638 18016 8166 6970 1996 16344 14821 17565 7957 13665 18894 17701 10064 18536 5648 19495 2746 900 10968 16353 4072 10076
51 9844 18232 15406 4169 16868 7078 17152 825 4667 16070 18236 953 12242 7251 18562 6043 19065 13632 5058 17990 4651 2184 1891 18287 19942
13215 8001 13815 9467 18371 8707 14999 6570 4341 9618 15367 91 8770 12285 19456 2288 18030 10453 15137 14520 5731 7856 1597 418 8812 9008
16888 7229 15101 17855 6748 44 1745 3950 2408 19303 11871 7590 15573 7938 15174 15563 10667 8843 3118 11935 5846 15736 5349 15049 8987 13323
4369 8801 18538 10019 7795 16816 6587 613 3889 14720 964 10955 4983 10161 14374 13461 7338 3995 4214 7427 11627 7252 9002 14699 15602 1800
5132 4089 17411 6867 8954 710 16155 18036 16238 10059 4725 5037 16708 5319 14481 3627 5231 8 13445 16715 766 7504 4988 7032 18141 7349
8646 19824 14944 14609 19518 19538 4821 10953 12143 2673 19280 9546 4237 6004 2200 12310 278 377 3543 6293 4375 9022 15615 5535 19394 960
13903 9341 14877 157 15473 3815 2971 19040 13701 17931 10008 13526 13946 4515 9982 1608 4774 19068 457 2563 11866 242 15531 8962 7570 9895
11061 19443 3641 5864 12393 3555 17350 12518 19565 7929 12602 1670 3589 14162 6796 19070 18468 6389 13009 4517 153 3531 4544 14341 13778 13245
2466 14328 12971 2035 5752 11145 4652 19545 11752 12506 5525 15609 15111 5696 6640 11367 8812 18367 11729 18859 9849 15788 10569 5128 12880 17112
9438 18042 19907 11650 6886 3598 1539 7300 6963 9177 12113 10918 7458 7594 19190 806 16636 7848 10671 16807 7179 14695 5740 10427 14274 13569
11570 19962 4154 410 701 5773 760 2715 4701 5828 3592 18845 16325 11469 3590 5449 15233 13870 8801 18156 13688 15517 3356 12204 2934 7799
12102 7867 16864 15580 10453 8641 19411 4071 13948 7158 15870 4570 10599 2822 8473 16625 19831 11268 12114 2634 808 4367 5648 4356 11044 7833
13592 11598 14293 10686 14760 1912 5796 5692 13579 199 3304 5346 3499 5797 7436 5498 3680 4488 19717 6838 5188 10762 622 6634 18984 19797
11509 3009 10041 9737 4335 16703 18237 11879 9081 17511 11936 11745 574 2009 365 9893 16463 15334 16604 19954 1725 4031 8916 3237 13612 8166
17617 19763 14973 17766 7135 16544 2769 5055 17511 13660 19689 18982 7882 11864 6784 14404 4646 7183 14917 167 5091 11958 7913 15994 15544 17568
12018 2814 6362 8556 2255 7004 6929 11642 599 6701 2404 2125 17474 19467 15668 8803 2346 11145 11912 19212 4935 2656 4981 4783 98 1490
10104 2466 11512 18795 8375 8388 7348 14184 12162 14759 779 11861 10121 134 10369 3522 7354 3164 9814 12032 2449 19086 12294 12521 17475 5424
13972 757 19134 5660 2198 16101 3211 5130 14550 4038 18862 17402 9637 16553 15238 17926 4492 1248 12111 14371 19279 13846 6327 15164 16605 18471
16963 5010 2836 9788 15356 12686 15120 10605 3086 1742 5605 9622 822 12592 7720 15071 17917 12290 14546 14722 12927 764 4727 16387 1425 4389
1531 11843 16719 19621 10715 9497 4235 5643 9282 11852 1174 8898 12198 5646 3263 10464 3540 12244 1630 646 16414 9648 16405 12644 1509 15660
1774 16896 6076 13508 12634 9530 1740 10146 18064 5849 1468 8100 14426 15491 14942 11393 14381 14690 3473 14300 13318 13593 9442 6429 15394 4070
16514 114 3169 16694 2905 1710 5934 17079 15596 16172 3758 10075 11560 4068 676 17138 14215 1029 9482 9734 9871 18761 12681 8111 7822 3370
