365
41 31 32 68 51 63 38 96 14 9 34 95 5 58 76 99 19 23 97 43 91 72 17 0 0 39
10712 16709 16879 11299 14353 3323 19901 7496 15838 5783 12238 9107 18469 14287 13651 1442 8574 12921 297 2647 8144 16754 19769 19891 1116 7633
7655 1594 10121 13898 7119 18978 10560 4920 11974 1505 19030 16547 5685 8012 4733 16209 7855 16082 4861 15510 2612 4213 7949 7846 9257 12688
19364 2985 2062 3509 5562 5102 16703 17312 3412 8746 18361 8770 6709 5570 7746 17650 13109 18291 19502 17029 17283 10632 9600 2290 14547 19716
1409 1122 10996 14020 931 11323 14772 19390 10086 11094 19905 16762 13060 6168 8178 17629 16516 8636 17088 2698 13102 9601 3299 7345 5559 10836
16607 13145 17129 19668 1035 8941 7585 6042 4629 8378 12606 13699 11551 14783 701 13363 17121 17365 12013 8700 6161 19184 9460 5761 18544 6722
2669 5215 9489 19577 4200 14120 7025 18448 15426 9710 11007 17028 4303 14086 11163 19195 12008 4395 1469 19264 13066 13311 16660 18103 5052 5998
14033 3993 15217 18636 18718 2540 18303 1249 12985 1416 8841 3262 10701 10764 10610 868 19884 5562 6917 15937 16769 9272 9094 5424 1888 5801
845 9567 11986 14624 4055 12993 12586 7475 13711 13253 8724 9721 13231 2141 5092 2779 6403 7296 10786 5253 4455 19666 13902 16844 15727 17777
3361 15973 2089 1788 8682 16717 3873 12923 10458 771 5244 2685 12383 12252 12187 14296 5713 15277 12243 10515 11838 2099 16840 8185 6453 11453
5965 3112 4036 1785 17607 19523 15766 13231 17918 17171 10171 19505 7517 15000 3863 10356 8534 12227 12689 6686 19901 18267 1378 5926 9805 15483
12715 8445 4235 2779 3470 5965 10298 32 1037 8696 15165 19132 7081 18113 14272 1104 8524 3240 11950 13726 17158 18378 2398 8417 13440 15680
14748 11601 2312 1527 6121 687 10990 17142 4310 5507 7323 669 19693 1722 8032 16874 423 11007 16962 18222 14642 17666 18527 12573 4037 9669
19459 4185 13558 5844 6790 7978 1345 12632 6833 6499 19962 5897 3293 8873 5003 18788 15430 8296 17939 12209 6215 2348 12011 738 18300 19130
18289 10877 1675 19893 18594 9500 12749 9598 19240 17712 7413 16141 3497 6230 4933 8184 4429 9884 4741 976 15627 17327 1975 1099 17974 10819
11369 14855 17076 4573 5652 19049 9142 13379 17334 13135 15093 6452 6150 13705 15043 14688 548 8728 11903 12624 18513 3151 18681 1011 17124 13410
14591 6790 1810 3913 13574 14472 18605 1612 6414 6214 17507 7109 5489 155 14867 19611 2003 19686 2159 4409 2727 4749 19149 19271 3690 11251
11135 6482 7532 12121 2916 14239 10381 9252 5873 17277 5903 13687 494 469 5794 17426 6857 18379 4587 14343 18194 3653 10770 11081 4473 19141
5955 10341 9282 14449 9064 6072 12884 13527 6892 12508 16871 2334 17230 332 6659 12959 3906 3930 18776 17539 1392 8487 9205 15449 16899 13851
3378 5535 17366 384 6298 13423 1411 18924 618 18941 16897 8413 10320 17295 18740 10030 13061 12166 19545 5466 15201 16559 6073 6423 15778 2652
2888 19605 14240 11576 10957 8059 13746 17616 14218 16792 1422 14268 11659 7839 1077 15543 2407 14747 14517 19998 12326 5350 8071 5404 14347 10055
10510 19363 1153 13336 2620 15481 8690 11768 18188 16288 15359 16767 8234 10112 4015 3281 14323 4303 5497 9258 8010 7603 16639 13468 12000 7959
10666 14063 9181 4890 5709 10611 11743 7147 17449 15488 3983 5432 6325 14374 12891 15162 14501 457 8927 9635 8928 5533 11281 18432 17806 619
3098 15875 18781 14827 16576 10852 5652 11089 10907 1115 969 14648 12439 18231 14213 12835 6399 1505 16211 8638 430 11021 13213 18559 13071 16976
19576 13648 8352 7892 8634 16028 2887 2503 8728 378 16634 18224 15836 6959 9834 9151 7921 9676 14831 13048 19420 792 12854 18332 11438 13499
12367 14013 10974 12349 5912 19925 15093 15955 12745 10151 3875 105 12666 9954 1788 18088 9605 16505 4083 11819 752 13712 201 14979 19349 6807
6415 5147 12846 13705 7401 3705 12152 9617 15714 6282 18948 2521 2747 15240 5236 9999 199 12137 1536 6676 15493 7128 6177 3802 1263 17205
18760 4063 17685 6025 2605 17054 9566 3073 11601 19312 14481 15205 4871 19250 3623 15449 2724 5295 14538 15347 8421 14012 2713 5103 17818 14993
6071 4069 13882 16780 7779 6987 5689 2507 17857 15233 13994 17944 7755 12803 10019 1126 6334 3198 12217 1533 3834 8155 14640 4487 6904 10997
17523 3288 7654 19015 13455 19874 2562 15139 7695 1004 13810 10675 19958 15676 9635 9455 17411 11679 1676 2631 281 17432 1959 333 685 11078
8125 6059 8532 1644 13170 16424 7800 7848 18439 13916 10148 13459 6283 2351 3708 9932 11745 5379 17596 9292 3865 14946 641 12667 13326 14103
2584 10110 17689 6598 19483 6332 10577 12620 10795 14714 16771 18408 11561 12214 17958 15705 9972 6413 14398 14677 18228 17584 17214 10144 3085 4128
15090 10185 1383 1953 1094 4817 11486 17073 10507 2116 3830 18110 5202 374 7295 12106 5520 12327 117 1371 1851 11403 14945 17007 16439 5840
3750 16162 6963 5223 18123 7137 3833 309 2853 1503 318 19309 14030 4656 11876 18809 14651 15267 19353 19152 19978 4215 16126 17868 6558 12523
4305 15919 3766 19949 1759 16928 2855 5106 482 17520 13909 18617 16607 216 16037 8660 19433 3933 2628 2675 11994 18026 17470 17273 13464 13285
16128 8182 963 1609 10234 7215 8995 2699 11779 9409 4659 4202 5384 8097 15211 18658 13188 4127 4784 13610 5023 19086 2331 5053 4299 11032
15300 9804 7737 15596 14797 541 1435 5940 3711 7253 11133 11298 15045 14686 5362 17834 10521 7643 717 11695 14047 12686 9094 8937 3907 18696
1466 10461 11631 10818 18534 1894 11460 18849 6034 11238 1012 8731 7011 8431 9301 9475 18927 15231 11619 3880 17248 3245 4818 12589 4247 13740
5333 2598 6030 16778 18860 18502 8634 9804 18928 19460 9067 13674 4301 16885 1860 18613 19947 8729 9881 15408 6653 8881 17911 11093 15940 16653
3218 15713 3620 4337 1051 8353 10128 7093 16135 4610 5220 17293 915 4479 15087 12033 15551 12987 7125 18110 2748 19591 17259 2040 249 13974
9711 13069 8559 1215 14052 7820 11298 5640 10178 18890 5344 8289 1266 11169 3536 16647 1958 2812 7157 3353 7653 9097 5740 14256 7632 6163
1401 14042 7595 16994 2159 7611 19205 11748 2797 7409 7484 2375 8400 2404 5780 7939 4420 8636 9105 6403 4678 3059 17153 13071 4546 16428
975 8437 2481 2149 16860 11410 17926 2760 7752 5639 7593 13496 17516 18977 8966 10842 2616 2661 3459 16577 9222 6981 19948 18578 14702 16451
7763 14604 738 15184 16099 3814 1247 3322 10540 11163 7879 13917 18878 16429 12763 6985 2105 14542 6381 12326 14778 4967 5695 15300 13119 8387
1039 19970 5314 7255 15283 11329 3509 6367 13927 10608 4617 8884 17045 8075 18426 17100 7458 15391 13745 16053 893 7283 9186 6037 12756 19012
8795 12661 14040 7047 11051 3600 3431 11994 18537 10565 9423 18237 7112 7842 13403 2587 4042 10871 9658 16983 12254 6189 15208 3759 1780 2919
13144 11405 1697 8394 4498 4518 15473 4688 17952 9084 10338 15801 5104 18451 1243 14703 8677 2762 10214 12951 6303 5914 10165 7802 7863 9074
13835 4484 11724 12569 2895 15429 5818 6138 5641 11389 989 14026 14252 6465 9429 19699 2057 3254 13468 16333 18325 6391 212 12357 7158 18671
8127 787 14398 13805 12932 10283 9644 1124 8697 10782 17315 5891 17536 16326 5916 5342 19270 18365 3862 16570 3507 17386 17974 977 5695 17485
13525 1405 12971 17054 14027 13872 9793 17494 16588 12077 716 19433 4899 10791 5805 16784 14487 17743 18603 12171 18536 16048 10835 16723 16460 8736
11466 3674 18002 15780 6643 6850 19662 2336 13097 7466 10280 13146 11876 1417 4484 18388 13757 3476 14119 12627 9858 11047 2884 14139 11051 6373
2708 7202 5475 10446 17439 129 9928 19705 7585 2043 11781 14741 12606 15512 3559 17279 9658 952 11952 6954 6589 195 5034 6698 18456 15735
6332 19464 5918 11767 1166 1702 4138 12934 5030 3028 19720 15405 17539 14866 1503 12098 18896 12183 6948 14167 2080 15786 5028 2740 1724 3698
19990 2292 12516 4625 7820 3633 18178 12365 3932 16810 1012 1649 14483 5814 4896 11258 14351 14114 14902 3360 16257 4697 13697 6204 9757 3810
81 11206 3828 3097 10677 3637 10836 13679 9349 5109 8332 18756 1251 11703 9172 8867 4158 2557 14459 15289 18038 4388 14041 7500 7392 1295
6617 5476 16604 13806 12130 19691 5817 17027 17994 1240 12932 12529 7804 11820 12847 14993 17621 18752 17641 17509 15477 15774 11763 19079 16303 15407
7345 1640 1233 19034 2005 16208 6003 14064 14828 17886 3777 16567 2178 18598 15024 14808 15852 18927 10900 4550 4073 14216 529 1689 6713 18698
5603 11943 3023 11586 8663 141 12202 19173 11567 9715 3683 12290 1037 4874 7008 7044 18257 1005 13924 7694 13162 7989 19311 15800 8807 13691
16824 9431 8522 17335 4661 4819 10574 808 15918 8245 738 2706 15378 6046 7544 2568 7565 1556 1351 15309 2339 13567 15024 16474 17282 11033
14223 614 12098 6877 11811 811 11402 12579 14863 9042 1618 8718 6275 16997 3242 8747 642 2089 996 829 609 19745 17377 16958 16807 11043
4987 18175 11933 11143 9407 7645 4098 12499 16881 8837 6199 11963 9160 880 18543 5011 18690 3751 5346 6190 1557 15003 16713 12169 17181 11933
4748 5125 3817 15619 1266 14895 14328 18655 14147 12184 12211 15343 2517 14765 10108 15263 18285 3718 19429 13162 11233 12475 7131 6767 10019 12780
12418 2040 4433 10752 18361 6053 14791 13890 4823 391 10718 1723 5458 12388 8095 7436 1861 884 8901 963 10140 19151 5871 11878 14590 1925
8596 2824 15010 10954 10237 6134 19582 2731 10870 11581 16181 11958 6733 7709 19021 1980 18394 5392 822 2598 8324 11686 12296 18048 8577 1207
14597 5696 9030 18881 2777 761 428 9617 7561 2911 6476 3509 13424 5617 541 19452 6781 9685 4084 12378 17255 11917 17160 19859 12501 9132
11457 19511 14353 13920 15333 2898 15393 7877 6214 1908 19012 6034 10149 14303 3160 7040 15572 16369 10701 6564 6667 401 10197 3528 2271 11337
13102 3679 1065 541 13494 9266 13549 12700 19049 7698 421 6072 705 1641 18260 14323 19589 9842 19180 2200 7580 4195 4171 15076 7530 15989
18000 7950 2719 116 13743 16525 18239 2123 14028 7259 10913 9593 14854 7428 13428 12603 10046 8047 1445 5868 10175 10407 15411 11751 2068 11234
10476 7621 6094 1902 7771 13592 19684 141 17077 13291 16966 6998 2033 921 9801 1576 6421 13757 16105 5778 5142 3201 12314 6358 2059 13554
3843 11152 746 9976 6437 7467 96 8591 1866 15122 18634 11879 18157 17944 6439 12951 6179 9283 4094 5132 1359 1208 453 3556 7294 17441
8904 14792 884 5075 1844 6532 18464 12902 6758 8244 7786 10388 13158 19882 12844 16615 16389 3691 15828 18305 9645 8410 7635 10253 16488 19491
8719 5827 7104 17093 9792 14939 9245 10066 13784 16722 886 19900 12937 14489 9650 11271 4335 10122 2309 3104 16536 5527 3516 11234 14727 603
15353 15800 10046 15398 10259 18479 14592 11054 3105 14357 1721 3270 4083 13440 14943 9754 8357 10614 1170 15218 6813 18754 11126 14598 7304 5170
19230 11517 16764 16084 14894 17709 17033 896 7528 4975 14604 15640 10903 3941 558 19086 14510 4079 11561 14497 9064 15444 17276 18866 18352 19676
17560 4370 10312 7834 4539 12796 19991 15408 12485 14928 14042 17156 11126 18393 19529 15914 2862 2522 10476 15218 18528 11537 15314 1452 5770 918
2125 18304 13518 14442 15705 3675 12847 14206 13918 10523 10631 10103 16554 6727 15835 17704 15527 7081 3288 14081 19880 10632 14705 4809 14269 2422
13469 2005 11163 17944 19574 15029 10789 816 17599 2779 16047 4164 2707 6014 6170 17604 10813 4087 13569 5476 19346 8012 2887 12845 8811 13180
15292 4744 3478 9613 11261 18506 7768 15547 9692 924 10898 19021 19395 12270 7329 7383 17631 18246 2361 7070 4202 17190 10579 9467 19886 16017
7120 15505 15811 381 19016 17936 13121 12621 16911 3124 17815 15360 18391 11997 18181 3111 3885 2174 3864 888 7029 4868 18504 7758 4953 1079
14090 14411 17600 11492 2606 5297 5561 3350 1999 7625 11164 5255 11744 11555 14578 10754 1819 12810 11835 2993 18918 606 12977 17029 1703 10560
759 16577 8527 3469 10186 4854 9094 5431 19623 13061 11843 5641 1689 19726 18963 4942 8453 1297 14708 10016 13604 16080 11692 11403 15028 11767
16981 8394 15723 1761 16059 13900 17437 6782 7640 15801 18037 18340 7058 17473 17776 4747 4759 723 17506 11698 11143 2470 15025 15088 2329 8336
7471 12957 19888 15074 5137 7084 9154 19389 16460 9640 4532 11632 4866 6075 14020 8433 6011 4416 8968 1630 9532 18428 14445 10661 6110 14652
18361 8125 15972 5393 19970 5504 3518 1873 19179 16511 8942 9838 10958 15408 16664 8553 1192 17440 9090 6407 4280 2283 12414 12287 2419 4210
18749 2625 12252 15730 1662 1248 19465 11644 7728 8613 19708 12890 15773 9568 6536 8167 15729 6560 16918 19361 17995 2530 16309 8286 11497 977
12731 7678 7660 4384 10380 10037 11398 15389 33 955 5297 5172 4409 15518 6144 12778 9341 4556 9031 11021 13313 5568 15634 3035 10204 17002
8478 11902 422 16803 6324 18083 4134 19639 18273 9007 9461 8016 18810 9595 17278 10747 11036 6138 4985 7426 709 5551 18121 15071 1492 17416
15119 18758 2844 17579 13445 17005 14446 18976 12828 12441 5007 3532 5077 19840 13429 15032 1812 9851 19347 8778 10094 730 1714 6780 13766 9996
2812 12770 5611 14804 14707 4810 994 9996 9294 7434 15605 15147 16556 9853 9068 4426 17221 19643 3406 18936 7222 14801 8273 3227 9979 17919
8361 15546 17178 7411 11394 7736 8305 14352 4455 16108 8236 17588 2057 9555 19210 17493 7130 5229 9731 19384 17338 12233 4020 15646 1987 16430
6519 9567 15976 14950 19042 12014 12639 6087 5970 18329 18061 1544 10482 11921 2259 13179 3055 2103 18558 16154 723 15140 129 15595 5183 1635
8098 16373 11926 19290 18647 4782 11239 8598 6654 18666 12720 19007 14048 18442 2807 10517 2125 18362 2388 11923 17479 17500 8526 4488 165 12132
14183 7508 17812 12271 19021 18820 2739 13837 14888 8358 14815 18455 19604 5464 10777 15993 2146 164 17964 16121 8169 2355 15108 13797 10591 17831
11262 8382 8810 7492 5223 11420 12208 8089 2264 1752 1693 1820 5382 10384 15401 4272 17617 14917 1505 2004 11947 9318 4733 4065 6561 8635
5592 13566 19128 14054 10991 16391 4468 10446 14303 14478 5579 10385 10861 19926 12893 10129 14512 14469 10538 9371 11805 7377 11565 12786 10236 3792
2636 8150 7925 1878 7897 14444 3859 17254 10273 7879 13459 1540 16996 2526 705 18140 18532 6530 19575 13591 7405 6495 4733 15458 18665 2301
8133 6606 14703 13900 19356 14437 822 14508 9054 9801 10324 10277 2849 17369 11404 4347 1718 1245 953 13618 17934 7486 6712 10863 15327 18175
14873 7699 474 13485 8711 9635 10042 84 16714 2016 14086 3937 16993 12883 3659 3739 2889 15676 19234 17130 3709 11318 2592 11441 12378 13726
13066 17093 16281 12250 5259 5596 777 1119 413 5836 13223 15266 5063 8615 6297 12269 1734 3590 15146 13552 17820 7745 13966 16184 8099 10776
5437 10032 6706 16240 7637 12085 9998 14529 3190 16164 12860 11026 15485 7713 13225 13240 761 5818 910 13132 2265 2143 12450 1090 5286 18385
6000 15067 8981 13171 10185 17189 10640 12932 2398 11145 2252 19386 14955 1517 12635 10882 13544 4175 13222 12140 10521 11381 12529 5619 17254 10240
17567 4022 7756 18332 13999 9400 14774 16476 7722 2347 16386 7922 15204 2742 19305 2089 13359 14361 11033 2441 9180 13774 16531 3482 19566 5984
1046 12360 12426 14046 9527 726 13183 18296 12945 3891 1897 14774 15310 10547 13427 2594 1658 18242 8976 9126 17838 867 6017 1445 12837 7409
12339 38 2132 4952 16504 17345 5095 4568 9383 1576 1437 2989 12308 18821 7829 13718 7455 9742 14302 10747 14637 1521 19675 4679 11276 917
2929 3992 8150 4159 14750 18722 18045 12392 11758 14013 5562 4292 1849 2490 19350 14358 5787 18700 12990 12951 11148 3223 6003 16066 3714 14400
2030 16730 6396 14533 5310 569 1335 16300 3356 8304 15794 8904 17113 10336 17406 16577 10214 13828 16537 1946 18975 17043 9469 7877 19258 15905
3192 19513 13376 17556 16417 7764 15427 3874 6048 16751 10368 10603 5815 13517 3389 16245 17401 13292 18203 5451 8487 5742 4020 11229 2169 11103
7109 2141 10067 12026 694 6656 782 891 11862 9191 1588 6690 17972 1516 19029 715 16744 12197 9229 10501 11573 15730 12459 9661 6024 18467
10828 15298 2144 8997 17263 7267 8197 19181 18719 15272 18038 8634 16002 1564 19039 13616 7078 14892 14235 4676 2260 10201 1266 2412 13850 3226
5855 14818 12565 14198 5053 12515 18672 10290 8740 16873 17833 3091 7624 8833 6053 16678 5015 7844 12882 12412 4381 19728 3160 10000 7434 2129
14859 19963 12720 18428 16935 10154 8347 1398 1282 10507 8365 6922 16153 3390 6574 157 18580 10951 15481 7001 3135 4362 6886 10641 7266 15058
8800 4175 6607 14671 16763 4887 2677 16370 11951 3424 5997 13574 19846 1169 14137 9670 737 8658 6192 15878 16747 16203 8891 4720 13980 14113
3983 11650 12175 651 3720 18698 16220 10499 16033 14785 8717 2731 1892 790 9946 1223 11049 13644 6843 3745 2069 2328 17014 18935 1123 13879
624 9542 10246 2919 16807 8073 7660 1978 19081 620 7393 13852 5610 3751 9996 10087 14504 10742 14265 8576 17173 7631 19729 4144 16879 4707
3719 672 1618 15337 15057 11643 8778 15177 19393 222 10005 12870 11171 2799 2339 13292 11055 13591 19926 14848 8220 8832 12012 8151 16858 12040
15835 3335 17422 6053 10460 5339 3796 10495 8948 16504 1806 15356 6560 9939 5071 16284 9261 11850 8889 7241 1805 5480 16077 16658 10133 10602
3341 2002 12907 15674 11749 1015 3956 2716 2770 17191 17102 996 4489 5528 19620 3562 10287 2937 10498 8384 15863 17852 10967 15177 15034 12275
359 374 14471 1402 17569 4358 3362 19308 18113 13650 6402 12145 6350 854 12112 11120 12302 11226 17107 17100 4386 13593 3899 9031 18750 16916
7757 3392 4458 8007 18593 19592 2053 14637 15398 374 2292 11351 6254 14353 10462 2344 11424 13234 7200 5860 17103 17610 18977 4887 12001 776
4061 3992 17719 5171 8865 10699 14994 17274 8202 14355 11299 17372 13056 6304 17723 14251 13744 16398 9117 19174 4243 18394 2255 14129 4881 8436
6208 15268 7159 15650 12322 3992 2931 11245 8639 10457 1958 6531 13313 18574 18367 6512 1595 6199 19818 9648 9190 10357 12744 2164 15633 1416
9229 5641 623 11479 14911 8179 16978 2741 12093 13506 4210 12345 2354 14840 9535 16630 17924 743 4257 2573 3524 13438 1944 11307 4474 9175
14002 16012 7832 15567 18194 13124 17455 3583 260 6368 7814 10199 10164 4960 15820 1834 13529 13933 13458 3390 13425 8714 9929 12589 12999 7771
5949 7240 6487 18513 16918 9775 13249 7535 3123 2778 2765 5697 9122 18766 10074 13998 17430 2804 56 6591 8940 2626 4539 11877 18861 9019
8534 10372 8896 7043 5350 18416 18960 11187 3270 8935 15399 18654 16256 18296 18117 10170 10666 9489 7818 11683 19479 7782 7260 13359 2486 3696
18700 10819 10939 8792 12861 16810 341 18242 18915 12745 19437 17004 12316 6132 11001 13643 8006 12573 12628 16076 17848 12980 19127 14146 11229 12105
14320 12040 13409 17598 9665 19504 13146 1686 6769 12786 9739 15417 9884 19507 7944 19429 7644 13937 5970 19609 19247 171 1899 1303 4622 2523
9269 16617 1066 15834 7469 4097 12784 59 10367 5271 19989 5015 17659 8383 15262 2426 255 5247 18609 11213 10185 4741 18580 11479 15406 10870
4681 87 15223 4615 9796 16210 18070 5777 13354 138 11263 12939 3752 15492 2721 6567 15919 2755 16679 17527 9667 4235 6438 17426 11239 18151
7583 13922 10843 4959 9194 15614 19931 8577 10571 15457 668 1553 19653 18477 14042 16364 14916 11990 5994 1850 5349 5211 14832 179 10695 3251
14133 1771 18652 8195 7794 19859 7773 4876 13253 12060 3266 8395 19080 7955 13073 5938 14835 17148 874 11026 13573 15099 8771 16538 15387 6121
15862 16412 5565 13378 2920 8322 7139 13829 11370 16608 6935 5855 11276 17705 6147 425 1087 18124 10586 7629 5292 19416 19377 11901 14719 18012
19704 15136 19698 1979 9591 7518 1576 19507 11019 18809 427 12728 19795 4839 9266 3192 17149 13420 13563 19953 11632 17121 1396 8874 15147 19279
4039 13173 3306 13877 12882 10294 15643 12262 17568 16322 8032 529 17379 11428 10141 10099 19837 4933 17665 14245 8804 16536 619 13300 9760 1986
5539 18463 948 13660 845 18883 1996 223 14413 14153 14281 12691 8730 11884 1828 13365 13027 13165 6938 2082 17153 10931 9379 8898 3523 18013
7125 5435 5580 4122 15025 3850 8934 9776 19403 18766 1257 6869 11948 14911 6288 7785 65 6170 18470 9914 4800 9085 4711 6790 10508 11424
12366 17640 1119 11605 13168 8525 14189 15131 14443 13590 7773 13149 19291 5623 8363 18505 1043 10024 8399 14992 14897 16157 5868 11116 788 271
44 9452 10915 19681 9727 1574 14619 18695 5757 2605 8870 4113 4744 14107 18896 18006 492 5490 1096 2644 11263 13652 3747 16150 16350 9698
12002 9014 3987 16830 17174 3883 13445 5255 7758 14027 17969 6418 3614 15724 19410 16847 1955 1227 10634 14896 13585 8670 16368 4217 17851 11371
12798 2193 950 12756 2886 6904 18905 2942 3136 10105 6871 17334 18622 13950 10243 16620 3980 8573 16344 6937 2267 2250 18547 2035 2517 6564
15444 10182 9430 16710 9969 15984 8721 9678 10802 17336 739 9497 10390 16319 2088 6457 11766 4688 7725 5040 10673 4869 2582 1860 1950 19624
3819 15926 1660 9176 6622 8837 622 5638 9811 13286 12689 6579 4214 3968 7191 5295 16158 17263 3228 177 7399 16232 6410 18552 5279 665
13631 1138 17953 6808 637 781 12651 14195 1559 12756 5939 11278 8021 15793 768 3156 19305 8217 12673 10720 14655 4229 9321 6568 6866 2154
1153 2926 1246 7187 3108 9783 1410 19006 567 802 14040 2140 19602 7458 7733 10522 19951 8385 19263 14418 5094 15225 8304 1953 13447 18303
13091 12695 17498 11293 1102 9363 16558 12594 18817 3871 11149 19546 6339 14660 3413 16292 17061 3934 689 6416 13424 6395 15423 11261 8544 14496
3142 7208 7031 9195 17555 12038 14567 4420 15438 14833 7734 19066 7289 884 12601 18898 10568 9220 1418 10345 15613 9671 13994 11466 19273 5765
16348 19497 10561 11924 14755 4069 14385 2484 11067 10970 1873 16137 5408 18528 1512 17987 13227 18392 18706 11524 5295 8901 17875 16359 4781 3456
16060 16269 14595 16572 12198 14639 12955 352 10147 11361 1945 16842 9543 7852 7909 15098 3699 12693 2964 19427 18284 10183 7809 15750 3560 9579
2333 4652 16438 6070 6394 6705 5935 13851 16747 2360 8199 9591 6718 18499 7794 15311 18924 4297 18890 11943 3525 6438 12157 14269 2696 19087
2210 8700 17000 17837 15565 12868 54 58 17017 16469 5388 19939 4447 16199 19969 5921 10561 15140 14428 8487 376 6050 18233 16423 15026 14953
2806 12287 9538 2534 2601 5393 4533 5083 876 11422 2397 18894 11062 683 15268 652 15284 8126 16676 17916 15952 19940 7308 18756 14885 5060
4467 17543 6852 533 16729 8158 14166 23 12515 13066 4611 19411 17146 8291 15738 8926 12557 5080 6545 2461 18155 18112 17767 2638 17855 7295
5732 11558 7212 15583 5661 14326 4544 13655 7352 7647 6906 17090 17246 18724 969 876 9620 6994 14732 5961 3407 1386 12397 1868 2841 11818
2569 10912 10079 12975 7573 14502 6945 14029 12469 9165 18300 9711 10046 19197 1405 6133 2297 21 13442 11546 13229 9613 3176 6480 3267 13333
14936 12558 14694 838 1509 18715 2562 17042 10774 2074 4849 2799 10490 6833 12710 3747 4762 3145 17403 4653 18764 2465 15468 434 2431 16031
10247 15119 7759 4938 15733 10346 17310 8307 10861 16131 18079 19812 9269 11165 18017 2844 2184 10973 15335 17092 17773 16592 3046 19488 4948 15027
2605 8074 19115 12973 12204 2514 3484 12608 8280 4706 10777 17376 19134 6986 392 8164 594 4863 18733 18281 7855 2575 19465 8880 1833 962
2005 11778 12471 671 1990 10563 7211 6746 11183 35 8925 8626 18049 16896 18952 1802 6885 16957 11321 14756 14347 15273 2231 14999 3533 4839
6542 1440 6866 1913 10986 2117 2443 5728 15942 13260 3791 2956 1400 2159 2752 18883 9593 7434 9806 19423 2707 7825 9610 10379 1697 7585
17554 12950 12929 1519 15758 19484 10937 2406 7871 13983 814 1211 17000 4277 5829 12894 2583 17991 9463 8505 13544 791 18871 9 4585 17838
17304 2172 7851 14543 6290 10248 7061 18695 10647 7504 2635 16316 3243 16332 4309 258 5694 6599 19451 3476 4605 3341 14160 1720 2802 7516
18785 17163 10542 14682 8184 12001 460 6676 7214 13438 13137 5156 8867 16581 6264 16056 8175 3582 639 3787 1314 5313 4986 15246 6671 10659
14281 5429 3005 9701 4830 4022 19388 3029 7947 12165 763 16535 11176 16212 16387 18324 6008 1081 9139 3661 11493 17196 13938 7533 8750 1807
9898 17727 12805 8668 6904 15078 1486 7336 5012 2288 15180 8953 4113 9166 1181 13019 16874 17678 7404 16343 11314 10646 15871 13278 7061 9719
10744 11602 14573 19510 12142 4703 4323 14148 6422 14513 11184 5550 6135 10928 2961 19542 8946 17770 8058 3508 3390 14383 4050 2583 19395 4562
16034 803 2502 19416 14014 11370 17454 16586 15824 9394 13180 13954 7297 5309 5489 874 15741 5490 14359 11317 18281 1160 6270 2028 884 2191
16719 18866 4146 13922 5893 9780 5954 16683 19660 19178 5952 5245 15056 9932 6979 12098 6867 1448 18369 17752 1552 17861 18435 16748 4171 7358
2931 13354 15985 17162 951 8103 6069 14153 13621 903 9395 18913 3767 12898 15405 3081 7319 14780 10618 11745 10132 12671 5015 3726 10106 3921
15190 12896 11458 8521 18879 2036 10159 6938 17196 3654 12107 7000 19486 18261 15350 676 9918 2839 12070 1034 4838 13265 17437 1452 3418 2699
5723 4223 17730 5670 18775 987 14654 7760 15664 4174 7406 4073 3843 489 11279 4490 830 16808 1789 14904 7569 2729 2376 18917 19542 10722
12229 15526 11018 3857 932 4656 16606 15777 5195 13593 3934 19906 6058 1004 8704 5676 8200 5119 563 9683 1712 13886 19066 2370 4630 7660
3135 8885 5167 16855 4559 27 15310 18227 9362 19563 630 18534 16853 3479 8190 13484 8150 2222 14414 3354 1923 8832 4265 12287 7240 16936
5487 9042 18554 14106 4117 6340 6614 10405 17080 11790 12865 16250 18717 11451 10553 10303 1201 7773 8194 788 19193 18241 16934 18177 2497 5038
18458 14590 6582 5993 10205 11428 726 9604 12787 3141 13013 16080 12969 10333 13912 15199 12426 17225 18191 7998 530 19695 19580 18569 11786 4716
464 10159 14239 3828 8361 991 5770 19574 11489 5162 9436 2225 2881 16371 2743 5242 970 2601 3659 100 12532 1285 12511 19166 6371 15394
14212 7217 12486 3633 9762 18259 9119 16997 7723 17389 12570 18589 16194 9319 10911 5295 12696 12531 4002 6321 7864 11936 19583 19171 262 11657
18612 3463 1165 8215 4593 19175 4936 19470 12187 1052 17532 10435 10932 10177 4115 5860 4119 9386 1078 16456 16499 10623 17707 7526 10955 6677
6206 8165 19229 10754 2662 10156 17078 12352 1929 18206 11159 10709 6724 4923 14118 9984 6303 8880 8138 18641 12803 817 7229 16274 11876 11428
13105 12570 6719 14077 5969 16575 8219 5182 11493 8368 10810 18250 10987 3830 19595 18861 15062 4129 3648 11471 7215 13148 14042 6803 18266 5522
914 19532 16938 858 474 5308 19997 19089 1974 12039 3104 17573 7153 3110 6901 19638 7693 18920 18455 5916 2431 10537 7804 18037 12266 1051
19404 7164 19188 4035 2105 8288 1571 15506 17254 7729 18878 12782 9889 14709 19107 13318 10528 2698 10752 14855 8123 4781 2081 3943 19247 14012
17713 6565 8177 1784 2785 19832 5677 18734 7516 4425 15347 8680 1642 19379 14118 19332 15818 1635 1353 17304 12589 4472 19264 968 18715 17334
5745 8496 2989 2112 6486 2027 6341 7245 5443 11205 14222 9675 15982 18520 7394 14362 9998 6013 12146 17802 3948 12916 9310 12715 4054 9567
15871 1067 9178 15915 352 5021 7663 5486 5908 1537 5997 15558 18939 13461 1278 9821 1987 12968 13720 6006 5122 2783 19736 16418 11167 5600
12593 16972 5886 5901 7460 6440 4464 18877 18531 8834 950 19296 19754 3548 1108 3203 11805 9889 6578 199 18555 5743 674 14744 16412 15364
14310 12499 6028 8659 15457 17547 12865 177 6553 14003 4281 13781 14087 3928 10564 11720 16598 17976 16320 3268 16418 8959 9597 17983 15559 15791
15348 8386 12750 2712 14039 16705 17275 17940 1364 10984 3960 8083 8166 9570 12205 18784 3120 12571 15316 12394 9695 4129 9700 8710 16787 14379
8675 13390 100 7208 6837 16369 18998 16939 14720 14509 18328 7621 489 15252 8060 6067 9839 122 10775 15711 4245 1833 5002 17977 2613 5900
7435 13932 12701 10349 11824 3718 4825 5379 8517 17394 16324 16669 19412 19861 13518 3006 78 10835 16825 9152 14206 12556 9675 11893 15837 5282
19132 1402 4987 11526 8229 7123 835 4030 3978 7359 300 14763 6146 15985 7376 1257 18369 9758 3400 19841 17720 1025 13254 7263 18901 15416
15941 10338 9804 10619 2979 412 12661 11235 10698 10935 89 5990 19062 4147 18175 12083 9355 14257 963 2595 3454 1624 13863 7854 8774 18007
5380 18345 13138 10973 14742 17456 10269 2928 1620 7748 6409 8807 1924 12707 5931 3053 7064 33 15706 2448 11835 15377 3290 1341 205 5489
16986 17273 4526 746 16869 3516 1495 1759 13474 15731 17429 8289 17243 15663 6094 10707 17224 6266 14639 10059 10591 11870 8380 14659 12933 9683
13527 11266 2799 8901 5552 2989 2245 14017 9653 15154 6530 18236 5549 19042 1515 16621 7462 19620 9622 16643 19374 19492 10430 10160 3434 482
8691 16611 4023 10054 19246 8140 3840 12723 324 14869 884 3508 4908 2091 7165 303 1632 15940 16685 765 5207 16608 4634 15642 17612 18076
5382 9501 9396 964 15365 3007 11495 1381 1404 18763 12920 6970 3723 16813 16271 9810 13074 9779 281 9346 15734 11426 8911 1419 17232 7836
11936 4503 2867 13744 3532 13358 16457 17493 17197 12028 104 8835 522 6829 4284 15025 8287 251 5359 14495 3282 7663 15918 7421 13947 18343
2757 1248 15170 9515 2070 6538 7665 2824 7513 16760 8681 16840 7734 4484 9416 15479 75 6649 18638 14331 13081 645 7384 2125 5772 901
17141 14567 17114 3959 15460 11133 13390 4925 8612 864 13544 18793 1804 11913 15959 13190 4332 10227 7681 19544 15975 9906 8833 17967 8227 18819
16184 10170 3611 3457 3661 19992 10180 4065 16763 11539 15342 10180 15308 1556 2135 15164 19653 5474 6110 15648 4545 12340 9239 9703 3489 2740
14682 11905 10261 7278 9565 3328 17232 10972 4270 11394 10104 6623 2957 4655 8446 16723 19920 15747 17399 17633 14890 15068 6021 14145 14307 9964
9910 6173 16939 6773 13102 875 14134 19424 4679 11610 9418 5923 17855 14191 924 14768 18149 12395 733 18806 19232 5065 4416 10261 13583 8820
15066 8107 9686 6405 9132 12569 360 12215 18564 10286 8396 11102 6799 7579 3895 6429 11453 13244 7870 7343 18138 14167 13828 17952 16140 12544
19068 17934 9281 19986 9704 15203 14914 7752 7174 10976 14955 9266 7245 1807 19094 10700 1986 18179 1305 1537 16369 10745 9978 19242 380 9990
18454 17774 3478 18346 824 1479 14017 12277 13770 11892 9754 9473 9112 5754 11069 2392 13622 12334 5174 10274 2036 6308 9838 9897 2443 1370
9941 11038 9200 12049 4003 16376 10120 6330 3279 19413 15302 3888 2877 18228 15428 2731 5331 12837 11176 7961 6541 5358 12893 8221 7570 12935
10329 18574 1491 19313 7375 9084 12910 3126 5747 11158 8260 18406 4822 1836 18762 3925 129 18006 12238 17478 4261 2618 18882 7030 17081 12993
8605 7525 2331 4994 5494 8617 9410 10535 3309 9310 11055 18637 861 17312 10024 13948 7367 13009 3798 5027 19143 4039 14244 9120 6637 11659
5961 9296 6008 18826 8457 15401 583 602 16822 6954 19386 13393 13592 743 5611 7072 17149 4874 12614 13382 13247 13132 13292 18671 1691 10857
11201 1133 4884 1304 15310 11969 4558 8192 1324 3020 4741 19051 17218 10951 1059 12632 11115 1088 10781 12668 19252 705 16720 783 12807 598
13741 3233 12455 1225 19043 4176 11664 15582 3709 11007 1422 14281 1781 16578 4239 10523 5843 8983 16176 6356 18936 10606 1315 11349 11155 12021
8132 11111 13065 4593 5138 1869 539 12006 2573 6224 12712 4697 19758 12967 16842 17418 14177 17387 1933 16338 15448 10177 3358 13204 138 7555
2455 17069 15576 18910 9315 14255 16726 6326 19478 19455 12138 15904 5755 11031 18804 9719 4234 19113 13697 14930 13050 1188 14995 16066 10351 18904
10670 4552 11615 7186 7600 10936 2104 13632 148 655 11450 18429 14313 9944 4778 14943 11546 16520 14074 2431 9582 9570 2102 10462 16406 8171
18786 11514 18606 14180 604 15510 9356 13279 11443 19281 15610 13327 15632 10972 14754 9333 11198 8469 11538 10045 10506 12354 1008 12084 9665 14625
3102 19513 2045 7407 9187 11640 3264 6781 6244 5582 17696 9242 14015 8138 2511 6343 19477 17252 10623 19615 1690 1962 14715 4243 6563 4634
17192 5426 14178 15262 12524 9992 19295 12706 19110 19329 18362 7901 9148 14042 19263 110 5303 8361 12320 7713 8100 3424 1594 15260 15742 18839
11089 16407 18233 4055 13253 4421 16433 7010 4038 8928 16817 6856 8513 13755 9748 9956 17519 9244 15982 15779 14610 10550 869 4461 4324 11602
2531 3519 3613 12594 13325 425 10371 9758 16278 12205 410 10345 6065 6289 14315 5272 10009 18961 5796 16423 9018 13459 2295 8988 2051 6648
7515 1165 6796 727 19701 19116 14049 7936 10328 10975 11406 8475 9254 14144 10267 280 5199 14016 17639 19550 14430 13681 13013 16027 16102 7407
8411 17681 19194 19097 12824 2188 401 3992 1398 15336 3487 19647 2906 7057 17128 13001 16478 13471 17837 16623 7019 255 2595 6320 14858 9005
15785 1318 18688 18797 17580 10677 5085 3569 6532 16600 6534 8919 555 306 4079 10103 167 10040 16531 347 18276 6322 10785 13124 16821 2562
4865 14920 9288 6636 16811 3169 19529 127 4570 19752 3664 18149 13805 7135 15893 1446 1469 2619 14410 10043 1744 7587 16144 5284 336 18553
14064 4305 4482 2072 10125 6595 14075 12868 19990 6560 8807 3004 12635 5095 8518 18854 8125 9475 16686 1731 11332 16372 1523 11756 15013 9059
10231 1396 6163 16663 12039 294 2666 13272 660 18254 17988 841 14088 17119 19169 18983 4500 17770 12467 2733 10000 7650 19243 4063 13555 7507
13808 3519 3389 8208 6402 1128 11519 19069 10643 2256 11878 17659 5596 11869 1436 14380 6553 1423 8366 12441 12175 4496 5754 9107 2717 14473
9633 17796 9941 8720 13787 1378 15958 7589 4761 1438 2237 15746 14488 3252 2778 4111 11539 12367 4417 7021 17320 16096 2751 7056 4151 18413
3854 16484 19859 4443 9956 4749 13747 2840 19361 10769 2441 12127 10835 15593 12703 9284 285 3677 17690 7171 6618 12441 13719 4531 18580 6076
7192 5028 16093 3996 306 15758 18914 7224 14915 294 19309 9685 1218 15411 293 14899 8642 14006 464 5576 11629 1712 11254 3934 275 15407
13818 13607 2998 5849 6090 10881 17243 16672 19822 6193 15544 2941 17617 9744 319 13344 1030 10484 18411 5160 12596 2549 8164 1968 13863 3139
12415 11853 2688 7464 729 5961 5012 9479 12558 4023 15206 5311 17318 10428 5987 3127 2940 14305 9205 1083 14812 1387 8198 17924 17648 5834
8956 8326 14811 14567 16534 15738 1329 11504 1560 4826 8146 7940 5672 6720 13935 9759 4310 5308 17585 11967 14843 4431 8128 19586 7735 9434
1462 15542 8716 5149 1690 8725 5698 265 13235 6118 12506 13858 6560 15152 5576 4396 17620 2557 12973 831 6070 11905 8094 5987 6628 278
6682 16553 16838 1632 15847 18772 8860 9203 15972 18884 4585 1489 2054 8752 17060 5472 12410 15654 19084 12558 1021 10265 18112 8499 6195 9748
442 12817 8323 16976 127 19816 12256 2925 18123 449 9891 11742 19238 8048 8455 10508 6855 17909 10741 14699 840 6172 8461 10353 5526 18180
14175 3797 5396 8285 727 8464 4862 5201 3614 8154 16220 12223 1218 18717 18807 8256 13104 14937 8163 4585 8374 19528 5457 4610 6326 5083
19176 671 8555 3749 11478 2636 6696 17878 78 2531 163 2800 9306 8071 10033 10316 7391 3605 8603 1243 10574 18062 6725 3725 3481 5693
5877 4714 17530 12702 12967 12200 18406 1767 12613 13277 17542 13663 15060 15514 2605 9472 3769 5226 11262 14947 19592 11043 6388 1104 436 13928
14621 13820 13799 11874 17421 7812 12239 19408 9583 6238 15894 3628 14245 4009 4345 1646 12680 11930 6139 629 19329 12625 14226 10543 4397 6284
1592 17687 16137 1597 8780 18201 2143 18142 19772 1057 12740 8201 2367 3082 19714 17759 4124 10569 8399 1572 7973 10112 2446 12189 15780 12118
6244 17035 9696 8399 1457 13577 7631 12599 8001 15006 9599 14328 15001 9708 16180 10640 16120 12460 13116 16085 10254 15677 2050 17934 19430 15623
10939 18209 650 18947 8923 10415 16804 18749 12826 15005 12098 15489 14481 9063 4085 5446 9028 19050 11250 5465 17683 13316 11896 13100 6202 5750
2056 16007 17133 1004 10917 9662 10991 7070 8316 3620 17619 7911 3472 8649 5652 3751 16087 15954 18265 4688 4029 7088 5741 2753 16614 1758
17191 18217 231 7250 12443 16236 18973 8164 11195 1594 4131 2678 13821 16672 10499 6197 13678 13033 3893 7276 16530 10558 14398 4024 19647 13089
13171 15270 15951 15824 140 17678 13854 46 18036 16315 4526 15091 14883 9718 15423 13104 10293 12691 5820 11282 17323 8500 12450 10580 16049 4101
19017 3660 14061 16861 19339 17390 12563 14846 14550 13960 5853 16302 1049 12069 14648 12635 11847 2484 12453 15090 11819 6346 450 11945 7491 9520
8963 10020 5768 18137 17971 2670 13629 15839 16901 16667 18635 19103 16358 18087 18350 5632 16431 16825 8655 7920 18909 8494 11462 12056 9992 14604
14258 5342 11771 2328 6479 7327 1499 1369 7258 3311 5803 7105 19308 10220 16620 3287 5726 6098 14447 7729 7792 4495 5525 5701 275 19841
19159 3192 4541 11956 18018 2443 10076 4514 6944 19264 1087 15676 5074 2317 2496 18499 2711 19052 8417 8824 11974 1907 18815 993 2190 14275
6339 99 18418 12554 10821 2067 17001 17102 10815 4232 13639 4573 14318 1567 2725 6062 8843 845 6984 10200 18352 2643 3975 12968 13623 8082
12464 12344 10592 17360 15903 11089 8054 17120 192 10943 5641 15610 9396 2383 876 7533 13518 2430 17711 10957 18843 15254 15523 3507 1642 10106
6973 385 10348 16279 11928 14677 7511 13509 15782 11512 7225 3114 6836 15499 8356 6913 18186 18159 9058 19494 6665 1872 232 17402 5966 12147
13079 15127 11724 10871 1865 15847 8853 19007 998 3405 14638 7577 1548 15875 6040 6039 10458 14256 10045 11904 18086 14911 15374 19380 11579 6586
17482 17027 13355 370 15623 6358 17798 1354 15790 18947 13946 14766 5250 6202 7450 15249 14740 5981 10381 8478 12024 3438 6226 14269 7862 2840
19569 5431 7785 2529 17928 6589 15876 11176 2423 14411 8885 12853 13860 14228 17802 16207 13144 19587 10631 14147 3607 1609 11512 2981 5747 5865
18012 17068 10256 16892 4740 19708 14628 13711 14884 12789 15236 17123 2965 14007 780 9353 190 8523 8818 9641 12551 13753 2008 9299 16814 2047
11624 5745 11317 10360 7646 1465 4298 13269 2723 5157 13177 18817 7336 90 8098 10872 3329 16694 6492 15406 15395 1080 8262 16604 15613 7562
8150 11416 2981 15302 16339 10093 8798 8898 7371 8788 311 9685 3857 14265 2421 886 589 11116 9305 4567 19937 4057 4533 3350 14394 18861
3586 5427 15700 9799 7104 6802 1798 15010 19722 19817 19363 175 14860 12866 12335 9212 2722 14030 19706 9335 6114 12107 13732 16285 15807 11428
7746 2384 12450 8254 18244 10160 6191 16309 16002 3111 2943 16500 838 13233 14257 3009 2774 152 2472 12317 9625 1792 593 19683 6526 2744
10979 3196 13322 19557 12343 11831 16540 19212 12373 14916 2004 8920 2727 1411 19300 19171 3996 4258 4545 17183 14825 18006 11354 13182 19462 8823
14292 10346 2193 9106 5998 13738 10984 10847 6599 8640 6876 3051 19962 386 12998 15451 3793 9528 10855 19404 6461 6780 2832 15901 6445 5576
2024 16198 7142 5794 760 6219 5217 14404 5500 7066 8533 17717 15839 13525 16869 1791 14674 13174 4140 6936 12287 9906 10396 14880 3799 16820
3529 14019 17563 18701 2147 11404 13893 7798 9947 4098 15180 18159 9425 18066 18938 10328 5833 19526 15499 4701 16739 6026 13210 1666 3944 1179
17807 11571 19507 15883 9542 16179 8085 9736 14593 4134 15704 7778 13278 13118 4719 2826 11144 2226 19153 15578 11557 7809 96 16966 18905 16023
10837 4987 19046 3974 298 440 19258 6867 3046 12324 2786 5449 12594 885 17140 4600 13124 1759 3146 17794 19659 11773 5741 16048 7140 18310
19452 9737 3292 595 6777 14519 11876 11193 18824 4643 7239 4432 19463 8133 8843 15404 10952 3637 18203 538 19109 4633 19580 3904 2148 16271
1378 7860 11689 14806 18138 17383 7497 6650 881 575 19527 4470 6587 18395 11739 9496 2253 19825 15205 17265 18865 4262 14768 7504 10633 19884
3586 1015 13341 10813 8226 6484 4564 14716 10287 14630 18451 18858 10570 11593 13337 1695 4879 6420 9893 553 1948 17432 655 2232 10029 8214
19052 12046 16517 9044 316 17420 5204 14084 17289 1108 3925 11753 8942 3500 10300 1278 18610 7732 6897 7568 9331 3744 7344 1926 3010 10558
15155 1591 10850 357 2807 4134 712 6701 8051 5486 14437 9329 14833 1373 19467 12179 14871 7639 8798 7713 9917 6766 9415 17409 7439 18679
14768 17649 9361 6676 2178 18104 17955 12074 13151 18746 420 16742 112 7767 16475 3 3991 7761 8785 3295 15044 2804 17477 2697 12519 8524
17134 9521 8406 16551 2855 2635 10773 509 15563 16721 4340 6594 10813 17110 14063 17743 16531 16517 1136 14885 9444 4351 16532 1313 15253 15908
6813 6618 1060 17200 3080 2362 16574 19860 6144 13565 8333 15363 9101 7351 3226 9516 11494 16541 12229 19319 13594 799 7165 7629 17074 5775
7196 5327 2750 2074 19415 4668 17209 3153 5836 17513 14205 19943 17097 12339 16972 5927 19582 8710 11174 1130 11806 7548 12524 13604 9617 13558
11090 15712 10856 553 13692 15044 14098 19964 3340 13885 10833 7262 12464 10339 3270 7698 12315 15232 19543 17578 12284 2854 13043 8092 2464 7257
15906 6670 1306 16202 4778 8913 5699 10298 779 13063 9985 18149 18635 14317 8736 15262 4777 5532 1154 5064 19435 614 9695 3337 9419 17108
4619 4516 4120 3966 355 9389 10534 8421 17873 16138 5968 66 3887 13545 15926 8500 11137 5130 17986 10623 2765 8050 18437 11467 8584 13969
1273 13287 12434 6660 9790 16515 6453 12314 1435 2857 439 18311 3584 12060 12841 16153 18055 4061 14509 14257 9833 12418 15897 18129 17886 107
6012 5918 8702 10817 9568 1908 7077 13111 9587 8469 18417 3719 19904 1494 2408 14558 1983 15716 15740 18957 1697 9604 17500 1165 2026 15824
10204 19189 13026 10347 11081 16600 9668 1107 1676 14677 5585 10000 128 1076 9897 10637 6246 16299 5439 3676 17618 14941 10430 7288 11994 18075
14727 19321 14372 8290 12275 5815 19390 1189 19339 843 14357 18492 2600 10206 75 12964 17952 12672 14411 14388 11863 3957 8445 439 7536 10729
4187 19281 15568 12489 14680 13683 9996 10425 1206 17837 913 19360 2111 14357 5924 4839 19056 16047 3276 4713 14579 14431 17775 6680 14407 19121
16008 14201 11185 16466 5693 9724 6068 14440 1913 6910 19395 2399 9741 8924 5622 18949 2260 19513 13219 16027 10467 9249 15451 1363 10069 7327
10493 16616 1439 1808 19909 13473 17316 8049 6922 11304 1381 6496 5562 18484 12726 7901 8000 4908 1021 12245 10785 18553 13374 7238 5896 1214
2315 16195 15385 476 15558 9464 18713 11908 10316 19014 6495 9023 13891 1561 10716 9849 13166 15010 8591 62 12413 1014 21 7537 15633 11844
8755 19110 10871 11352 5261 13986 18661 4290 2491 13598 19689 3587 16158 8845 18939 6807 18756 2653 119 10534 12170 7043 4568 9229 17415 3575
14382 3672 8433 14730 9371 6737 17192 14655 6929 13474 1583 6819 18457 13935 4437 18504 5784 12766 14700 19595 9329 8876 15687 1610 13518 17943
4514 6271 13600 6965 13739 5419 19835 4212 16438 10057 13798 6300 1072 12318 14525 2120 1405 15993 15906 9558 6236 4585 17314 12771 18317 4886
2655 18567 10655 5761 12891 3773 18547 19411 10425 6635 16446 12118 14411 18142 13389 3292 17332 10511 17160 6649 4334 12497 5713 3436 4359 15478
15330 15126 10448 5793 9503 11584 12622 18284 18279 5084 13949 13068 7449 5968 13703 12545 3991 3662 12557 3847 4023 13448 8318 14984 8379 10850
18453 16141 603 1834 8883 680 16797 14570 11880 16918 14926 10330 18230 8631 18695 9271 15527 4171 17386 15581 1209 7491 9418 10603 6876 16657
17746 13541 13638 6755 13036 18996 11028 4587 2955 2806 16345 15931 15432 5182 18150 7654 4635 5821 4653 18903 9514 15467 16281 13100 19860 1269
4168 3292 10419 12976 12794 19734 5402 13815 5022 5154 5949 3253 15945 10599 11777 18913 14639 4726 18763 16218 11039 11430 16353 12154 12171 7796
16569 18087 18742 8972 9599 18164 9890 8002 13133 10293 1593 810 1099 13489 171 10597 14423 12578 17829 8323 1362 9348 19332 3940 17357 18294
10856 8515 10957 13027 12966 12526 1359 12112 16854 16270 13249 1591 8914 4206 447 15136 11582 1161 12852 14109 5032 9436 19870 10849 3765 14777
3208 5226 16704 16382 2147 8626 3566 8200 1455 6621 12800 12456 13557 18027 17985 14616 5759 18595 16928 18032 16631 10509 14651 19614 18488 395
8335 17483 8237 1715 9566 15624 3433 15901 13343 703 4207 13304 6074 15430 15874 17922 6323 13221 18365 17294 9099 13129 4167 16465 16767 16233
8745 7136 2684 12638 2813 3789 8043 5638 6781 19251 5997 152 1302 17741 18295 14884 8108 12153 405 10458 14129 197 1691 15461 10334 3719
562 10106 15889 15305 15039 3374 3564 12557 5127 15389 19385 10630 15380 15892 19220 3640 9842 19211 11853 13080 9980 15645 6223 6986 9086 14368
9463 14969 15650 18035 13070 5379 13336 13361 18272 18605 2935 3803 6695 11073 8516 9747 3256 12520 18022 6095 12484 13372 6251 18660 6418 10050
15459 1907 15721 10491 9418 7798 19276 9315 15024 16203 662 14816 81 9207 15583 1397 6967 10964 12500 13775 19934 7600 703 17753 16088 9108
10123 6850 18240 19776 4267 17793 1538 18987 12039 15179 19914 11725 18207 4715 2503 8682 11683 17420 12670 16338 1803 11261 5559 15161 14820 9336
4416 2060 12777 10728 19092 9992 9214 7100 4970 19663 6576 11218 17320 11443 14703 15328 5521 15790 5606 8834 18349 4225 16112 10623 7333 11585
2869 19249 1581 2688 12396 607 19377 7896 17590 3319 18860 1006 6360 12588 678 7063 5802 7415 17033 2835 3027 13338 1596 11872 1526 7580
6025 16952 15418 9431 11492 6373 1845 3728 2378 17220 447 7726 15613 18160 19341 4886 10438 2732 7667 19301 18410 19832 4910 6786 2245 10723
12552 7719 3799 19996 19701 6602 1375 16246 10152 17678 17141 18997 4548 7727 13649 10944 1758 4969 16981 16308 8977 3166 5574 15175 14090 2916
748 18263 12431 6268 12784 4865 7534 16886 11009 14115 14814 18927 10815 19477 6214 19715 6303 6567 16346 15255 13486 2923 3312 16300 959 5677
7742 8041 6760 18820 15466 18478 2532 9041 18601 2076 18578 9350 10594 2069 13569 14233 3098 14019 14293 12448 12792 14778 19093 18774 7156 3097
14555 11324 13047 7882 11237 4190 4190 1573 7258 17846 8442 5444 14723 16269 16202 19604 7928 13462 16489 7516 611 4777 10481 15896 7826 2624
966 7205 6520 6957 15589 16525 3153 13502 15052 13311 12261 8692 5168 12705 19981 8709 2680 18602 2626 14831 14352 10714 12575 13904 13853 3794
13105 11602 6784 19799 6577 5488 5875 3751 15629 12438 3774 4321 7098 7852 3184 7348 6407 15211 16010 6618 10334 13860 2740 19890 107 10524
17523 6989 6259 15062 12361 9239 9857 4363 19294 16517 18540 2100 18442 18606 10520 8849 18579 13186 11144 574 18962 6831 18872 12010 15254 5234
19110 19006 12307 2224 15297 3010 6085 2128 2320 9935 15439 3099 13359 3217 10397 15422 12825 2934 15796 18398 17233 5095 18663 9270 3127 11789
8406 6254 3796 1664 19413 13276 10321 13419 244 8910 19739 8657 12979 15407 13186 3470 10296 14027 616 5626 5026 11184 9327 1684 15484 1581
14435 3842 8475 12698 16990 3901 13017 5887 2358 13232 15085 9268 3698 9791 5547 16398 9279 17194 3138 16652 5795 1565 6292 9492 11667 18024
18198 1286 4249 17129 9069 14898 15958 14149 8294 16049 9415 11433 1178 15753 16881 8120 17868 15097 8854 2860 14141 17235 18156 6765 9002 6140
11221 79 8056 13298 19661 5952 19031 15966 12753 3435 12175 2352 12239 17122 684 2755 13460 7290 18485 958 5991 14157 9183 18676 10391 11001
5888 17850 12689 19506 11545 11866 10729 8859 19421 11756 16106 537 1802 15430 18001 15332 11349 7951 7345 3385 8495 3225 6367 18880 19433 11822
4114 10172 15000 7096 9174 6497 9061 16755 18997 15181 1029 8549 16824 8492 17392 241 5915 13021 14076 7948 10312 11244 13510 11302 3037 9735
1528 16209 2873 18279 9938 17071 520 7693 1722 1829 12680 7716 3274 3458 4143 18415 2898 4523 10974 19620 1617 16232 8535 10696 9901 12350
4780 8916 10393 11957 313 3042 18276 11943 11574 11469 4154 12995 9941 6368 15224 5853 27 9986 5529 7992 2249 8256 10338 8881 3747 15057
13976 8032 13305 19826 8256 19664 3592 14102 15651 16459 15282 3965 2999 430 1141 6028 19717 9633 5812 11936 17307 1915 6387 4639 9341 807
15713 19711 11732 17163 15925 3679 1418 14807 7197 8764 9444 2381 8684 16802 11810 19338 11959 11122 2746 2000 8129 13357 19018 5398 17796 12992
3158 5816 12687 5475 390 5680 15122 679 18361 16144 18416 2947 5209 3209 15538 1264 19846 18889 15495 10301 11883 4075 6030 18748 4502 14127
4737 11071 6087 7889 5863 7258 2875 6163 17973 19793 5319 2987 3672 9894 13532 12436 15373 15197 10769 14546 9793 8262 19437 19382 4524 11726
9092 5222 14341 10056 19512 10908 5532 11472 12403 7964 5076 12164 3692 3371 18558 8037 1466 6579 17393 16455 7737 15631 1814 9844 17194 7617
1370 4331 680 15159 16076 4068 2579 16604 8364 11988 14115 14031 3777 8684 11042 1967 8814 18608 18794 7484 6637 4259 16170 6898 4722 11523
3414 13427 12551 19315 8862 4106 17291 3737 8961 19414 8217 8017 2108 874 2146 11660 10131 6477 1750 17536 7854 7190 19029 4681 13485 8855
6417 2519 2527 10788 2494 14566 15773 4460 16939 6752 3577 694 5339 16543 8273 17411 4786 2246 15360 10301 15634 14151 6741 15628 5744 12393
8881 9381 6941 12763 921 3454 5694 18918 3663 4057 15895 13531 12383 14370 4523 17167 3204 6115 7381 10049 17521 17927 743 2657 3673 14439
15616 5339 18989 5420 9562 10590 14237 15906 18648 6472 14472 15696 14644 13741 10422 7032 13253 15942 18907 13246 2024 18744 6362 2639 4445 9519
7518 18319 16146 894 279 6705 6696 5271 7966 19213 10080 11029 7764 15511 5476 14819 684 18746 8026 17295 7714 19368 15284 8071 12770 17670
10803 8173 9625 12437 16121 19664 6389 9944 19707 4985 18856 4538 13380 5397 6003 3304 1763 17394 14768 12543 8223 3330 16116 1139 1028 17967
1638 9367 7535 10501 3816 15849 12618 19782 7643 18827 10097 1763 2989 10822 1816 11635 6707 6162 11973 3293 7269 7077 9381 13649 15252 5465
9510 3267 16170 6377 15095 19070 9622 3863 3065 17891 11416 3925 1284 5615 13811 16271 6948 17546 13146 11090 19092 2583 15552 5660 16665 10785
19984 9680 11069 13544 9955 19851 16635 11812 11130 10386 13354 15024 2967 5807 13945 12173 10492 15467 6135 2843 16400 8113 2219 14040 4942 4243
7446 7188 13973 10817 17581 6191 585 3757 19361 11116 16242 483 3933 18563 17476 4794 920 2416 13739 9584 1392 19713 5835 8118 12694 9349
7655 19994 7229 3906 19871 11305 7273 17457 2633 18979 12225 14194 19979 13749 5460 15388 17970 8542 61 11536 18330 14398 19897 10241 17606 3079
11522 10142 13665 2464 19397 7103 1748 7039 3600 8239 12026 1472 11949 776 15644 2477 4903 5040 11619 10881 18195 7918 1328 10449 6637 19539
14767 16043 634 9417 12552 2175 5893 14346 7 4672 17670 14393 4861 8627 7484 4448 3060 13904 4619 6072 11091 18483 9015 2814 19339 16053
10636 15581 5950 366 18370 14137 8762 9717 18712 5442 221 15058 2248 3331 4662 2389 12971 15792 11296 8468 2125 14511 18358 15141 6474 9188
5240 534 2055 9883 3753 710 1112 7590 5485 4304 13797 3380 18978 8628 9033 14219 19508 11744 436 573 9015 11551 2747 16122 2806 15828
13263 13053 14067 13313 2470 6517 1838 10395 4994 1233 7388 2619 13483 16396 6637 8947 4079 14017 18403 9677 14912 15940 2139 18605 4866 18662
14096 7687 19985 15754 16834 19436 7633 15655 10124 16625 1295 19222 1923 10558 2190 971 14503 10530 13139 4102 1891 789 2536 13380 5577 9467
5010 14381 794 15139 7409 15567 16242 6305 5724 17285 11396 2661 19728 6973 11513 176 13951 19368 6616 810 14613 2939 9355 9847 6438 1467
12362 1892 17589 15191 1912 6758 10834 17910 14461 13910 15734 9574 18113 15095 7742 10916 9847 17565 491 459 3320 14829 998 16803 18132 18837
9963 8655 4241 2660 2555 17899 5199 562 18695 1199 3161 2976 8367 2044 17873 18733 1463 16235 14643 14838 1928 129 19164 17913 643 12505
7672 5924 9660 18931 19323 1816 1029 10448 2897 6714 13162 4435 121 661 15617 10091 16122 15282 10410 10228 16413 14153 15591 4484 5687 17201
18278 16190 3663 9151 13949 8171 3662 3015 2285 3659 15766 6107 8507 19937 15945 15760 5061 5125 6189 9834 14392 7930 3040 11015 4094 7197
5246 514 12980 15165 11725 15126 8472 7520 17847 2315 8708 9864 15417 2896 4233 2239 15369 12589 7217 4134 308 5334 6082 16210 10930 18170
18156 13896 16947 11506 2850 5788 16172 9790 10243 10933 1928 7587 14418 15990 16048 11299 17008 13000 18864 15889 2082 5485 302 17045 12545 12893
866 14456 7410 19066 19235 14890 496 12186 17344 82 11579 879 5385 16464 1576 3157 17620 8877 7258 10348 133 10730 12975 11613 16581 12583
10870 15886 14491 16749 9056 813 18496 3678 3116 4219 2896 1167 10300 11956 10842 10015 1279 10884 2139 7578 14427 15921 17896 9810 2763 15725
7315 3396 11588 13836 4040 4340 8391 13486 8355 15421 13568 15053 11687 1352 16709 17031 8568 15014 7453 19813 10462 2734 1807 13036 8697 4657
17208 7485 4015 1801 628 9227 3724 10539 17357 12941 1416 6672 1998 4592 17181 2289 6024 10101 10597 14858 968 7565 12110 14001 1754 1820
12110 17779 10616 6113 18501 2067 6430 16842 18915 12166 2281 16874 11892 17176 5765 4838 9079 18480 12504 10038 6115 19962 14532 11078 7599 16095
5386 19639 30 10136 7218 13057 11798 1031 8268 9219 4234 10122 10954 14709 5208 5259 15509 14316 4254 11131 7462 1802 15549 1068 2708 2244
909 11775 10245 9700 8458 7306 18829 8870 3150 15194 17267 8007 7046 16170 5965 17377 10538 419 7440 12616 19881 19688 1556 2523 10072 12237
3344 18344 16631 3230 18765 17923 3936 17250 1955 14799 12454 15646 11164 5007 15753 19459 17238 7331 1979 8135 1835 11697 1086 6110 6082 3834
3207 4542 3093 7524 6333 14069 2865 3162 5962 18851 19027 12812 12438 9752 694 11111 19336 17822 9766 16210 9222 5234 14514 3398 19985 14745
1616 17188 8226 17785 5581 16124 15459 2790 12864 1530 16459 14912 18317 7530 19958 13952 9088 4010 3808 6314 6963 14228 87 16082 16673 5258
15620 7790 9196 3340 3056 7478 1509 3829 11388 9666 18522 19627 8095 18787 4245 19742 2709 17824 2191 11559 796 11841 17118 8137 9163 9730
13218 189 16135 2328 5812 4232 8793 8463 4102 18856 17531 17161 10740 18154 15691 12229 16327 13051 558 19688 1487 4382 3842 12789 2828 17832
2422 6731 10953 11456 7620 743 14158 6693 18544 8339 7725 10481 8134 14562 8235 4745 9279 7437 17969 18497 8966 5638 14662 7688 10757 6708
14646 10043 4922 6009 154 7719 4133 16976 19094 3880 11743 13050 16101 7090 9139 9446 2204 10138 19138 16481 11737 13005 10764 5447 2401 1040
