365
15 27 1 43 6 95 76 69 9 61 62 11 34 50 37 32 34 62 5 3 24 20 91 68 40 78
506 15446 7045 11121 9711 6597 16932 2702 8612 10386 18912 8312 17416 5376 19887 1880 19007 16168 6580 2869 12094 3302 12403 17213 3440 13576
4545 17952 9694 17417 4997 10720 17638 5981 8633 3946 3518 10914 13838 9998 19485 19569 12961 8949 11229 17186 7813 12559 10936 6815 18901 8710
2791 3740 19085 17119 14819 9880 14508 2994 8840 17606 11119 1422 4451 196 19968 8514 6145 14810 13929 11408 1166 1935 7157 5852 955 14657
10225 8372 10323 7744 4819 15996 1036 13819 5957 4288 2577 12810 18459 11028 10516 13877 14208 11165 19770 7087 4332 8379 4222 8930 11143 10069
17432 19125 14565 11847 79 6748 2989 225 278 6919 9516 2340 19033 3050 7495 2567 2914 17871 19785 11579 16286 739 6434 14331 4220 1006
3702 11007 4307 11814 3303 14261 6099 18219 19164 7377 11747 6650 12409 15442 12852 29 4294 18195 17776 13388 17531 16589 19081 8604 8473 15558
2569 3027 13617 15057 11672 18955 15524 19833 7020 12333 10000 5473 14779 1303 11073 17910 5938 14151 10183 4965 828 19897 2502 14264 7721 4325
13134 6131 11736 1539 17753 5846 4366 12872 657 17559 15930 10536 6347 7909 3105 2838 14976 2302 13044 7603 8167 13835 6046 5711 6331 3269
10263 4796 7156 8202 10265 10227 3640 10932 3250 12012 10180 10767 19417 6799 540 808 12428 1810 6362 10241 15078 14906 5897 2747 15694 17159
3173 14536 13305 11912 13846 2766 11381 11438 11220 14073 9786 14111 16699 10198 12537 19247 18164 16549 15018 14590 8088 15881 18865 13659 15980 14382
12737 11722 6762 3193 172 1891 19059 321 13863 2853 4000 17438 8591 4558 810 11371 8285 4254 9259 13324 6390 8245 16719 6706 4546 8583
8115 1660 10164 3188 13736 17933 7258 13271 13788 18993 11874 17672 4931 11095 9446 3783 2252 9594 2211 3611 5127 788 19121 17243 5717 8104
15394 19766 10315 1326 2954 16902 3412 11195 18870 11872 2255 2805 562 17041 2746 10477 15640 5692 17625 17314 10739 19598 11924 16578 17139 12067
15361 17493 901 2589 2802 17227 11352 4485 17979 14819 15707 5036 16575 4336 701 13961 17284 16797 7993 18205 6027 11293 1071 13877 9874 2179
17946 7451 7310 1758 14809 7756 6230 13622 9128 19049 16916 4482 11443 3379 3126 12836 15426 6456 2665 5304 13479 15338 18528 8799 3795 17941
1548 11049 15398 5872 358 19523 13800 17828 2663 19640 6117 19778 2666 19119 7242 15201 10658 15750 12302 18162 7700 9520 5034 165 19994 16565
10468 18008 2021 14293 16374 3675 6958 10845 2918 19488 19003 426 17222 1745 17365 16337 4179 17352 9429 1323 19237 11450 576 6920 792 18437
15556 16981 14228 562 4837 14178 3581 7549 5165 14298 17625 3169 2170 15049 3374 12338 6458 19736 19266 580 4461 16302 17835 12476 7190 6778
8072 12276 1513 1798 6183 636 1264 13579 10747 9192 18418 2421 14957 16917 9235 8548 7246 17396 18671 9585 15955 15824 505 8182 10596 6402
11033 19998 8926 344 12190 18929 9553 7231 7052 14121 13206 16538 14160 6113 10622 896 10362 5944 10580 19073 4244 2730 1036 18252 8416 7717
14220 11744 10608 582 9667 3459 12447 91 8990 9518 10643 8037 2848 10230 11521 1099 15197 10331 6737 18497 4549 4661 19351 16930 9405 13872
16710 12849 3928 3521 3092 17095 9210 19055 2445 13962 4044 18013 11275 14559 13140 15776 7039 2455 18661 16360 10995 9324 3505 11123 8883 4772
16223 14915 12420 7040 4815 1132 10569 2095 6448 5417 6135 8850 8629 14236 16599 423 365 17115 10378 5741 8437 4403 18344 14834 11642 6387
8786 11029 9635 18583 15226 7174 4848 10834 383 16256 774 8585 13425 5462 6129 2277 18407 6526 8455 2874 13999 11188 14708 11557 7740 11829
5754 6661 12630 16072 6453 15013 6701 10634 9407 11201 12455 16342 1989 11081 10277 17322 565 4801 17812 14724 4740 10021 5211 3162 2244 18826
4490 6811 15873 5128 19308 12080 3215 60 14532 14795 17969 196 13614 12091 19978 7402 16437 13964 14392 5699 18848 6729 10501 8506 704 13561
16514 12859 11553 5846 2144 6640 13716 4058 16832 16091 17413 18767 834 19631 4898 16820 15598 18170 18873 13592 7425 2444 19961 18507 6990 2452
3994 1679 16422 17936 9900 952 3678 308 10880 2367 4184 6338 15421 15242 18271 6106 18700 2966 7692 10543 44 16169 11592 7481 18150 12340
3713 4127 19153 13464 4198 11109 13253 4849 14717 9402 13974 1428 3935 3117 2817 187 16461 16329 16816 4297 7560 11429 3088 11965 8367 12363
8080 9287 3584 4268 16411 6871 10745 12866 7438 11174 17051 9666 9911 11719 19554 6568 7114 13411 17291 10219 14489 2229 17401 18892 4250 2174
969 6235 19474 6583 13386 12600 9205 3318 3421 15940 11257 4439 11254 12139 6157 10330 9312 16118 7531 9987 13122 8568 11038 10557 12823 2930
9639 18254 169 7122 15754 9594 7994 16338 7714 16886 13290 10606 3392 12145 8091 8890 6831 16030 8278 10860 18813 9864 8207 17918 5631 2315
2007 3960 4935 11919 2342 10148 13548 19563 15590 19336 16174 16434 18028 17917 14374 10264 6373 15176 2488 2478 5582 18638 6951 2991 13058 16323
5251 5888 12662 6413 15951 14129 16189 13583 9064 2780 15662 17685 12710 1867 7772 18719 8093 18132 16241 9296 4061 8084 7582 19864 5972 5657
9732 13053 8507 1191 4216 15139 16889 18759 18133 805 2936 10963 16117 9731 5632 385 1400 14321 9955 9228 16842 14317 13869 5017 9087 18069
14092 13697 15067 19356 6918 1656 3655 7336 6100 19684 4200 15550 936 12559 14174 902 5501 7484 3028 17242 4682 7980 3099 932 18602 3274
4369 5063 6490 5143 3392 10233 17680 19057 9267 17876 10978 9532 9245 2320 18688 4153 5982 1875 15597 12494 12864 16679 15817 19790 2166 17360
8853 14957 10424 14259 3242 16803 4356 18767 9799 10518 2013 11685 6507 9138 13575 7921 14780 10905 89 10390 13608 16131 12207 12929 7033 4465
10767 15841 5391 5577 13323 4260 15134 9339 19872 16255 4830 6076 3666 5891 7975 15394 19229 5818 7720 1195 13407 4675 14147 7163 9047 3087
295 10935 87 6612 9248 7955 3804 3484 2082 19019 5299 5713 16112 16406 11572 12168 4095 432 7411 2403 18466 11898 13028 5388 9955 16981
7667 17410 2247 8854 4200 15149 7210 19137 13189 5789 6992 301 14515 15341 12259 11483 4093 16025 13127 8717 9168 6227 5399 8339 16182 8787
2280 4562 8978 9920 515 15622 2697 3497 1061 4827 17365 2907 19573 9389 18753 5377 360 16134 16871 13067 6308 15625 19141 19522 14373 4520
17387 10554 340 19155 13632 12834 19251 877 13320 17720 2692 14056 6619 5148 14672 7816 5169 18154 15873 16844 4206 17603 17960 19289 8278 3223
5338 6813 15183 4945 6366 9375 522 18138 18064 8283 2510 4428 250 8732 9814 9986 11872 8015 15010 9996 1344 11587 67 4910 1679 12125
10608 19502 8784 15106 15602 13360 12605 1446 3337 364 19944 1866 11309 12485 13704 742 10189 15661 14176 374 9044 2393 14529 7710 2618 1839
13861 5244 17780 2274 7533 15048 3430 5694 17398 15743 12667 9666 3814 6013 14998 9311 10283 18856 15228 11564 11314 10367 12653 7075 17371 650
7836 5692 3437 17510 5273 3474 7861 2269 15191 3505 17433 19661 6635 14584 3938 8757 1678 15458 2827 1207 14271 8849 3706 15315 11964 16356
13260 11868 2925 15056 18888 2500 11806 11627 4840 2434 2192 12723 14405 452 1374 1457 7138 14833 3853 1614 1499 901 11711 6890 15917 8429
3071 7872 17412 13660 1485 11507 16286 4969 13762 9719 985 1115 9095 13763 1501 14710 18097 1109 7815 2350 1326 2535 3333 7777 8796 1496
15956 8490 9703 15114 4424 8289 4837 15177 1875 15373 1599 2157 16328 12717 14513 8567 1905 16284 14284 15967 2465 15378 321 3660 14069 8519
1306 5139 11830 3918 13711 5235 17437 5969 17225 974 10294 7647 6960 16505 1001 2214 5426 9318 3288 3517 3394 11376 1478 6422 8631 17856
1749 8892 4824 11389 17849 1815 5278 6423 15291 1335 14493 4077 19469 14094 13908 10748 967 13246 1174 11281 4349 16973 11570 7477 18178 15558
13698 13896 19428 13115 13317 11594 8744 13497 14045 15268 10520 819 14881 1761 17199 16627 6185 7651 4240 2009 14019 16427 6015 75 7788 18854
2904 10087 17726 4884 7106 10296 12405 1192 3810 15826 10937 17306 10564 12334 15808 15135 9845 11365 4570 13555 5897 9904 4826 8764 902 2612
10576 18922 19343 12320 9672 9006 2135 11044 9501 2740 828 158 12743 8607 3605 17138 12999 7790 10437 1443 8108 8938 2092 19310 14549 16815
1130 3657 5120 12775 12735 7381 522 9347 10669 14801 17397 3715 17186 15084 16658 11480 18754 13236 1945 15298 8108 2339 8518 14806 4687 19441
12575 14160 10067 1237 7587 1653 8247 10541 149 9982 18484 19149 8383 13239 11436 12804 366 19835 13284 16305 7187 10917 4062 18164 3080 16303
7176 19397 1350 5685 4063 952 9442 14283 17385 5505 12123 2793 16173 13366 4669 17510 19808 17472 9190 16970 7297 15482 1690 11766 9866 12008
2737 4117 84 19534 8558 5651 3330 3633 2030 8015 8763 14529 6924 19603 18626 15346 11232 15488 19127 4771 19060 10790 8707 10366 15347 14488
5631 430 693 15515 10513 2206 5336 9436 10587 17145 14027 14648 7204 17524 9487 17965 162 20 3284 9081 17093 10404 2692 16330 17005 14731
18668 9057 10924 8213 11909 11726 8450 808 17873 17938 4610 12195 19484 14092 454 3812 9815 9713 11815 9834 18082 5184 18713 15484 4962 8512
5653 41 366 17552 4290 2765 9199 1386 9885 11712 532 755 9652 315 11998 12544 12281 10860 6496 11945 2707 9499 16229 15220 18094 11631
9207 1444 16491 17112 12731 15469 18832 10679 8021 12327 17480 102 19543 2249 8059 12571 5964 1803 16652 5600 14883 19250 12579 17507 13812 14659
4738 18240 16100 10762 8076 2102 13573 9921 19929 2384 10645 2178 296 17680 13013 15520 12604 7513 2777 2247 14575 2245 10897 17669 444 12385
2655 16743 19928 9145 13944 1585 13956 16538 868 3997 10640 4626 13091 13419 1326 13769 4030 18086 6548 3754 13792 13845 11327 14564 3400 4706
10700 13845 12458 5695 3328 17804 13338 18415 15794 4744 14955 689 4032 13097 5339 10888 9499 1562 6749 14682 15428 10088 9263 4118 13255 1368
13679 10158 3409 8118 11809 12441 3959 719 14548 130 13905 1697 12032 13087 17172 10247 1542 13429 2357 75 14296 11995 18088 326 19504 17537
2329 18604 4573 19387 13742 19843 6775 1270 11582 1795 12149 384 12060 3684 564 15898 16516 393 3238 5474 7129 18970 1341 11506 12061 9717
14576 18443 7163 13097 6319 7582 2753 3372 7645 15197 16258 922 12962 18804 7042 14579 2042 5818 14612 1562 17479 19487 10522 16281 9777 4916
5906 13969 8501 6641 6494 1809 1028 0 9218 16168 8757 10829 2790 4022 12368 12393 16189 13725 10552 6660 16622 506 19605 12348 578 13052
8033 16281 11678 5075 14021 8635 14110 13901 1204 18108 17164 11134 18857 19534 1602 18116 6123 7492 10408 16440 1314 3860 16285 1303 16577 932
11993 9473 5353 107 8412 3491 18238 7727 4835 4566 12412 13150 4140 3302 17684 14125 16766 8001 8308 16169 17756 8205 13236 4531 17770 9618
1980 3449 5011 4083 8509 8841 17241 9045 14660 6811 6819 10451 17170 15564 12746 12825 12862 5280 16319 4470 19714 6566 4953 17975 14787 4184
1742 16526 5988 1189 7944 14591 10299 18596 3577 568 7865 1030 17277 5900 314 2450 18218 9983 10382 4856 2387 12061 13566 19243 15864 13150
12801 3173 9565 7806 6874 9170 6510 16229 7895 1450 3447 852 10491 4473 11212 15161 19666 1946 19119 17628 17069 11096 4746 4460 15362 11826
19219 6621 10185 18645 13506 10167 5893 5498 13552 3577 17094 10672 9755 6564 13691 7672 15744 10211 11704 11079 10829 1874 2164 13733 11520 16647
8127 4968 6536 7172 7510 4807 18873 11735 4238 10123 9558 10728 10274 4625 12852 19732 19328 14340 13074 15274 16142 4091 17714 6556 15375 14701
575 2766 2989 6653 14078 15028 14341 15792 7945 455 8358 8449 15199 15573 236 7693 14864 7738 16778 16962 6450 11882 2687 14437 6694 11102
14934 13153 12898 6107 18027 1823 8591 13226 15538 19223 18159 1392 19299 7628 16440 9076 19362 6622 12250 18414 3327 18070 12486 7026 13992 16152
6353 623 13399 1018 6020 1858 9559 19287 161 7197 14459 1709 5910 9317 12664 18070 2729 12606 8619 16065 18475 14622 11656 7125 19675 6953
17680 6394 19753 7817 5543 8562 16246 18754 11040 11520 9462 12567 6645 10569 14377 1965 10224 14904 16818 8686 9046 15097 7350 2450 15966 4769
17342 8812 6097 722 2620 18058 12063 13731 1031 12912 15254 1253 12387 3856 3026 4251 5993 3263 12382 6295 1002 12728 11050 19670 18278 18711
17065 7446 5209 1216 8912 9977 15893 14113 1283 19398 1517 18821 10012 8855 17144 18007 5339 3283 8403 1362 15644 13279 11691 2906 3671 2321
4579 12165 19188 311 8624 10361 15029 14517 3062 8666 5203 18614 18956 7142 12439 12832 14415 4761 11583 17518 1868 19167 7719 10502 13562 6603
8535 17306 3270 4522 2984 12488 15163 14953 17267 14455 14578 15346 4765 15259 2436 19259 5145 4865 3301 15066 15002 19385 2020 5789 18811 19848
9976 11640 15788 10143 7422 15769 4570 8039 19565 13705 16579 14696 7773 15745 17052 9122 4912 15994 1856 8134 11858 12236 14345 2823 17545 17742
1051 12303 10556 10008 10476 13579 19770 478 15450 10750 17584 10682 14353 4272 5151 7725 11422 15828 15298 11660 7878 1195 132 15620 1248 1416
18544 10998 15353 14849 2053 1927 16934 18367 344 16718 12808 19445 17205 14111 10837 1578 19763 16272 9235 7592 611 6280 7165 4333 5388 19823
12470 8801 10166 13312 7339 9954 4164 16128 16441 10449 11630 1393 3699 8476 12977 7967 13068 14325 16785 12043 11163 1412 3188 8890 12248 17430
6820 15468 11576 6327 12980 14056 9012 1969 5315 1283 11420 16579 13342 6778 12363 14709 16192 3469 5430 1717 11100 10588 2128 11899 17101 6423
18746 3095 1239 5675 2339 5716 1955 967 10488 6972 13877 2413 19917 10021 19515 6981 10012 16818 8811 2296 16863 13772 4759 773 1256 6263
1653 4218 9805 1675 17423 9997 17745 606 17542 2587 4750 19445 16597 10787 672 19331 13702 2112 4687 756 10851 10289 12502 13138 18114 7652
17033 125 4958 5907 17137 3352 18305 19122 12730 3419 8766 11189 17303 19688 1117 10927 14771 6669 10636 18750 10515 461 18347 2414 1082 10088
2382 18426 665 5573 1271 14577 13488 963 9046 3923 9428 9791 8074 3580 15025 7870 84 2321 1381 14378 9649 19879 8825 863 10459 13092
422 5227 8765 1602 7552 19273 7 16972 5313 9881 15561 16043 15933 4209 9452 15997 12827 9799 12250 15287 16096 13594 3238 9984 16046 15582
14545 15175 19859 492 15111 4888 9132 18241 19619 8986 18465 13854 18642 2900 18011 2934 3213 17259 9148 8453 10950 8468 6997 1938 4587 6233
14933 7722 12882 14202 10484 12801 4157 9934 19430 16168 19708 13237 4882 6534 8152 9987 5696 9524 12171 11774 2101 697 18048 2622 9087 14580
12058 4833 13752 8239 19806 11579 6522 2887 10764 5767 11928 10168 19324 11784 19577 2492 9772 17491 19716 2111 19832 19488 14134 5077 8046 9411
5573 8363 8326 6245 16540 15269 13028 19029 19746 3195 4178 16818 13798 4923 9790 11383 12043 4045 16270 18878 13672 2423 19036 17457 16631 8391
5340 10738 4477 6979 3125 7000 10236 13908 11362 8661 2163 14493 7528 7618 17163 16231 18028 13485 1037 18379 13116 5068 13174 3743 5829 12126
3898 12536 18201 12855 3568 1661 17219 7350 11922 13087 18171 11135 10571 16705 14665 342 194 2080 7889 9663 1825 16199 12040 10058 10806 937
14158 368 13593 10824 17961 4814 8547 1920 4106 2947 6507 16468 17445 6261 14635 17942 19057 5143 13220 6921 6069 17889 13137 15527 4635 8531
19355 19938 18237 17182 8201 18664 1723 9258 7187 3494 4140 7962 4599 11165 18241 1682 4396 18948 7558 2179 11385 6297 14604 2077 12239 16038
14181 16493 6075 17091 16152 11581 13357 17377 3701 12461 15964 18000 3751 17088 13068 5886 17246 13673 1418 17425 16604 440 1927 2527 10509 4181
1734 14044 9029 14353 13305 8070 11894 13695 14369 12195 11363 2687 7386 17284 9115 12404 1855 4709 17754 18796 7819 1088 9767 269 17030 12249
13813 17588 17160 2557 16520 14061 7182 3495 15592 19749 4963 11047 2956 13085 12159 8394 12502 6977 2633 9604 11599 6669 18062 10785 2155 337
14987 6312 8814 18279 4771 8946 5436 11575 1209 7847 5119 18489 19437 6770 4859 14110 7149 17136 15684 2509 18898 7179 10329 12203 12420 7102
10500 8393 17133 13694 14380 2756 13511 14712 3194 12033 12066 17580 10237 2200 19964 7016 3504 11249 5937 3485 633 6099 14449 7412 3132 3378
9654 2013 15222 12199 5576 3309 13804 6373 10770 12001 4665 6558 19010 11810 3922 13599 14378 16704 12286 6223 2062 14643 18820 9904 13818 14196
4807 11624 2385 9042 17647 8366 1728 4273 19751 3435 16110 9325 6930 4833 11070 6447 84 8164 8203 18716 13020 18461 15964 19938 7433 18255
18023 17725 2196 10928 3792 2013 16944 12628 5122 19729 1551 19410 3288 18173 10573 12870 769 6038 5519 10620 9406 1984 1713 3272 4468 9175
17188 19618 14317 1379 19556 3503 5413 9908 10417 15081 313 13985 2748 12991 2177 7972 9669 6686 631 18354 13932 4518 7462 18549 17640 19848
14954 3747 16760 13620 17666 17101 7558 8210 15543 10416 16453 9846 14720 11210 15449 2963 3981 8836 778 5157 19633 1473 19030 15432 6722 16911
14562 12392 3087 11369 4562 9487 12070 10168 18056 7697 13297 14278 9270 1543 10165 8466 11084 13212 1316 17424 17140 5804 17663 15799 10723 17836
12401 13945 12093 15813 9635 8800 18656 140 17000 1886 11832 15603 6106 6755 7645 1562 3328 8648 4499 13734 13469 7197 13763 15814 14182 19686
4504 9028 12120 681 12013 11748 10294 1601 14493 9322 15116 6795 8897 6561 7437 7118 10470 11612 9752 45 13271 16998 13752 1509 19730 18744
18277 19801 18021 9913 2822 2942 13162 11643 7675 18535 14303 236 5410 509 14533 4282 3943 11157 13610 428 15535 9153 13885 11170 9423 17496
19875 11668 2411 10091 1080 943 5978 17235 6125 19991 6779 188 3135 7433 3432 9790 10246 3948 13240 19358 16011 11652 5172 1662 7546 1016
11890 10405 4335 994 4912 11169 3671 11365 6804 18970 18765 1227 2232 10816 18540 18885 2633 14106 1659 13525 17722 3213 14361 18086 6624 3924
626 7983 3202 4935 12765 12026 2589 639 6355 3993 10105 3997 18400 6975 14888 14173 12291 3192 9216 3473 4790 15727 2681 3466 4714 18765
1814 7856 12127 1484 17553 5303 15510 12074 14528 15384 12606 4862 16214 13937 16286 17925 9174 6896 17705 18430 18696 13947 4252 18115 11621 10053
6592 11693 13574 231 6992 17930 2664 11060 438 4223 6037 19755 8199 16979 5274 13861 5032 4667 6069 7767 11647 7317 401 13755 11631 9935
758 10870 4780 9690 10486 15124 5521 7550 10915 3150 16309 8656 8061 13919 15454 19526 7608 19399 13075 10666 10024 3561 3658 6831 13030 131
5803 654 13002 5629 7748 582 16317 19 6661 6139 10023 15664 12557 6334 18101 374 1087 3328 12330 7514 14554 6787 6321 146 17630 10872
7154 19264 15798 1375 9203 4986 7494 9225 298 6726 10597 3631 16748 14115 14570 8473 13179 3345 16365 12287 3507 5014 12183 5716 10618 6702
12347 5947 14233 6564 13946 16124 9577 15584 18160 12250 16707 433 10107 16776 3135 3721 18203 12489 16529 5821 6583 15040 13873 13877 6023 282
12546 7481 19345 12186 7819 10323 3427 16572 4011 2347 13455 5927 14100 6090 14661 214 221 3976 6798 17314 1616 11571 16375 14965 3801 17939
14674 5648 5449 1888 5274 2090 3087 17648 7185 8831 9663 10596 14046 4105 15114 10601 261 2869 5051 14464 8362 9744 16282 10732 18559 18334
6134 4831 18137 15724 15998 12022 6778 15130 19896 14320 5334 11608 9026 1318 2891 7860 17492 16582 2702 4456 3086 4499 815 16350 14691 9873
5767 18558 1620 19088 2183 8724 6885 15766 1478 9863 13298 9115 11832 491 4000 4813 15175 8427 14899 14761 2383 5462 14684 17591 6895 8913
9482 2238 17862 16061 15271 9642 7295 10981 4344 12734 14672 4000 12489 9584 18664 10223 1090 6379 12766 13986 5696 1611 19230 11446 17385 18400
619 6025 5141 6320 14811 8144 19132 6219 15275 5788 9517 12238 1022 16141 11161 10029 14128 1874 7815 8749 18493 6916 13842 17029 10720 15446
19119 2190 17324 10049 3094 19973 5210 10004 819 15489 6906 18329 6612 18960 9713 9041 2829 2113 15530 14772 9517 18368 8731 7322 9664 8881
13784 9326 17369 6094 2185 8690 17626 2554 15398 4031 6494 9220 3549 282 13999 12625 18236 14935 17292 16066 17200 10305 19217 7854 10883 197
6868 11529 2321 19755 17023 17587 7777 11111 1940 6018 2727 950 14021 1802 10415 11049 11496 16417 13361 7347 8960 16640 2188 5358 5233 11025
11127 19028 16012 3415 12091 7068 19456 17492 16239 11730 151 9466 16477 9693 6181 19895 18126 1073 16662 10161 517 13733 14534 3501 1274 6797
1195 2651 893 10444 9270 18889 3664 8906 16949 2482 811 3838 10652 4541 6410 14605 6460 10967 10520 15550 2132 6762 13475 17561 2731 17376
4564 12173 17049 9751 1626 14632 17951 11977 5024 12169 19464 7344 11800 13854 7409 7210 12701 4293 5447 18797 3693 3581 5869 10979 13600 1300
1160 9069 16788 1809 1726 14345 941 1478 7437 14449 7005 3124 6171 18589 11955 777 16417 7130 11523 14018 1540 1905 9658 16661 14243 14388
14366 12371 19631 19940 9977 204 9369 8766 13373 2330 656 14903 5092 11554 7899 6569 16791 14657 12677 7323 4823 7022 14192 16823 3721 3109
8070 14298 11585 2041 8623 3011 12350 6620 19342 9710 10840 5091 14952 9623 18702 3350 3588 11475 6372 17661 15215 11875 13224 7743 8043 12188
8631 17199 451 5549 14489 9575 13514 14139 16122 2909 15942 11589 18757 14888 4997 16388 18833 6875 13633 1299 3843 16238 17720 8222 2663 7175
3417 1149 9691 3329 9585 9876 9215 16979 9015 15473 18910 11283 19653 19503 12372 17419 19880 6328 266 18362 588 14852 2463 18760 9932 3144
13103 231 10310 14109 7542 16491 14527 17914 5857 17511 5994 7810 17851 1671 7440 4615 19637 5205 19525 19985 11284 19843 13131 16854 1432 6985
19968 6805 18765 4024 14099 311 15606 1832 10027 3644 19796 12277 6605 19579 13889 6732 17864 11954 5144 5579 6460 17487 4904 6086 13186 13800
17691 17167 14487 8003 14663 4846 3936 15396 637 10883 4720 18232 4578 14715 17837 10207 12785 5782 15446 3602 18830 6296 18460 13406 8796 7579
6189 14758 12986 2208 9872 9987 1876 7075 4231 14310 11487 1522 1349 6822 15903 862 10011 8665 18734 5601 14313 12879 7953 14829 761 561
6945 15030 13624 16402 1960 7664 1214 15590 18783 1092 1401 13932 5919 9178 13471 701 9703 10304 13271 12190 7752 16004 13685 1195 2903 18589
4856 19368 7924 13901 10384 529 408 14696 15500 17521 8317 15421 7763 1584 16300 527 3989 3560 13707 9941 16716 13103 4270 17309 6157 9904
9707 17664 8935 16671 2538 17089 9089 10774 2837 17060 7212 3185 19015 12935 12988 13312 7345 12301 14796 5491 864 6350 16201 18002 2398 8860
16605 11258 8267 7790 11875 1974 5329 1664 15304 8354 12115 2285 9663 10084 4978 7478 11907 3601 17902 18628 675 18262 5778 12836 13019 18376
36 3856 10335 18483 14267 17180 1520 3553 5033 15327 1295 5655 7478 19650 7839 16945 9799 13688 14693 11579 15612 12669 3001 16177 4931 2664
18693 16366 5622 1265 16995 17710 16505 18930 11350 11280 8883 18693 16734 18633 14891 11037 18365 8976 17590 6711 14809 3466 13594 10584 855 16621
5851 1117 9345 6998 4629 2193 950 12798 3734 14983 16264 3124 4069 10805 7749 17035 13442 8470 2711 19057 17382 5729 18512 8060 10760 18330
7933 11980 2154 18600 13789 9690 2085 19921 16954 14721 15367 165 14789 15800 7322 15519 13407 16284 10419 17752 10149 794 10667 15417 12175 10954
12187 4832 12269 18973 11560 7458 7006 3897 5056 9182 2519 1403 13414 5156 8747 2862 17882 11113 9445 7962 15063 3534 6701 3706 9420 17534
14916 8028 2307 16960 14172 11261 492 18241 17895 6084 4788 7047 15590 11611 19064 8623 14943 18254 11293 9319 11374 19969 12932 17578 9461 15917
336 14465 1311 17729 8381 15751 10173 19124 7149 19883 12869 11961 3426 14269 282 3803 1948 16364 17974 14428 3227 18187 3342 2698 4127 1533
13690 18662 13543 3509 7503 18178 14462 14684 8104 5461 15452 9886 5644 8001 16058 19480 12597 19700 10762 5572 18804 2447 15865 2822 17354 10481
3894 12796 6655 8539 4643 5205 9302 17007 16457 4713 13335 12172 2148 8682 7408 13166 18671 8189 15637 3003 10535 10832 16110 14320 19997 7086
9025 13146 570 16074 15956 17816 19678 10795 12350 8512 671 12571 16643 13998 19885 12609 2370 18976 13386 16928 6115 7594 18200 9322 13791 15536
4373 4754 2813 8723 7796 19603 17225 7510 4503 19317 11761 2383 11127 2953 835 10174 19331 16939 9258 19154 17088 1314 8271 17469 12539 14724
11233 15171 1155 7624 18853 12070 17468 14776 5113 12980 12037 13909 11407 12052 8828 16073 15838 4125 8309 7720 1198 677 1935 19737 6938 19140
589 13071 8435 1279 17144 14108 7416 12336 8471 19664 11720 6490 10022 10369 1159 10596 9285 3171 2480 3228 6825 10143 1636 11732 12495 3010
18060 18473 9912 12697 4355 14342 13589 13056 19434 3155 17120 4428 17874 7112 3824 17556 9080 2368 14095 11737 7938 8520 16652 611 277 944
18093 4050 16175 126 6505 1053 9615 18251 1669 15770 13609 2047 394 19385 10501 1953 16290 3346 3781 4008 13171 17648 4253 11631 11582 11229
9281 15877 2286 6828 19274 7750 16661 12598 13648 10883 24 16268 6503 10682 10346 15774 15909 7991 9432 10379 8912 3646 12185 8101 6575 6156
13873 5547 16923 10339 373 19620 1636 16633 19293 9111 17757 12136 3058 1479 19201 4576 19435 8211 17841 6386 10171 14937 9722 7314 6347 12431
19986 15236 3493 14495 3891 7424 8959 18283 13941 9952 18219 13915 7609 7753 2932 18993 8313 4170 12972 997 19361 7809 7849 6350 16703 4379
3083 16277 5526 4984 16709 12601 17940 9585 3579 2692 10295 16723 8623 17963 18819 5990 15367 3663 18597 4067 2475 13652 5956 14142 9204 837
10416 7330 16453 3110 501 15978 4755 19312 16319 7119 2152 3499 7331 15272 14512 48 6805 7858 19384 16723 13057 18541 19554 582 10105 17715
18176 19212 10616 19698 11283 16306 11504 17461 8658 10639 18078 3172 6478 17290 15118 6320 14332 9389 1687 5547 4228 7022 998 7522 249 16443
6562 8189 3788 16928 3608 10378 12816 13608 7010 1188 19130 5261 13099 19192 1058 18797 5142 1346 11605 10435 5389 2931 15074 8892 575 11746
4178 8657 14434 7649 6957 82 7896 1365 8725 5107 14667 9069 11922 6197 19561 824 19531 17806 14531 10150 17260 5643 7309 10345 15373 12972
4641 18914 6159 7332 4059 17229 19666 7703 16087 10213 10076 9237 10785 4771 11417 88 9151 14654 15924 9898 17877 12493 12352 19556 12831 13093
8153 9988 11328 17875 6642 8814 5155 15921 7100 4831 5361 17283 15525 16295 13496 15913 9775 6836 16091 19173 7155 8067 2259 11902 1561 16443
8542 8129 132 8557 8291 11986 18551 6725 1627 15750 3616 6873 13340 3619 4778 1450 322 9954 4725 10299 1815 12840 18073 18107 820 13217
7812 17444 823 2336 15127 535 10266 11148 13403 6020 6570 16558 16270 15054 8258 12021 13534 18090 16447 19514 6606 5620 10471 8810 1433 3318
14423 19260 690 10877 8340 9137 13142 14115 10901 19051 11554 9197 9530 17708 19398 833 6978 2164 14661 6913 15467 9563 10463 420 5275 13163
10413 17096 7673 18388 1889 680 18711 4074 9757 9825 13073 17566 14543 343 19026 11172 14701 1 19260 8072 12894 948 4494 14186 19042 9352
2190 13975 17138 3975 15924 153 14281 11531 9102 14806 6590 7908 16989 9666 13617 3831 16959 15518 17811 2277 11638 4264 17618 18212 453 3336
16738 10493 4855 1514 4017 8052 17941 14270 5804 3724 10781 1786 12092 15478 18415 13665 17822 8999 7119 12211 263 19656 10571 17113 8134 17687
14001 4584 18774 13461 1345 7200 11505 360 4493 3170 6398 14882 6541 8650 3912 4985 16146 9598 7585 15701 16250 12193 1929 6060 7819 13849
4687 7203 930 15735 6940 16032 8632 15125 13456 16792 3963 21 5198 10214 18899 6191 5917 7467 4535 1940 799 321 10793 1043 6731 15220
7522 9573 7983 6715 1036 19748 16847 14427 14593 19126 1682 6769 19802 7558 119 1393 10073 10050 5041 17489 7876 18962 11819 17502 16775 14317
11835 8780 14704 17433 8724 5096 17202 3532 14456 13819 771 603 9935 5478 19724 6314 10793 9841 11097 1507 18966 5005 10878 3710 6693 6590
2615 2154 4604 4486 11894 15819 5863 18205 11264 10201 11578 8109 10669 10266 11234 5213 2299 5215 14987 13226 14992 16163 17549 12746 2408 7850
2341 17454 2257 3958 13208 19678 2673 14440 3237 4933 19312 4413 2466 14219 11870 19470 7072 13547 5693 9120 3821 13126 3782 19540 9152 473
16721 4786 12046 4771 1665 19949 306 15018 9215 4439 16906 14856 1716 13732 11606 16619 4547 13497 4083 12360 9137 978 1408 19535 4572 17577
16225 8014 7153 3244 12303 18066 10997 16776 14810 13137 12950 11301 19959 10421 9181 16625 8970 19098 13318 2261 2466 2352 6594 18311 16450 13779
9290 3869 10531 8774 18093 16175 8465 3283 9048 17657 7362 18815 11442 9167 14543 18168 6838 2255 9141 19334 6086 1837 14172 3517 19840 1495
18976 19293 3469 5421 5952 19456 9127 730 220 10949 16314 9152 8380 14615 1102 3075 14919 13632 8713 11481 12702 1137 18581 3346 18525 5221
4433 8388 4079 16757 66 13433 18070 17018 14557 19217 3155 4139 8687 8274 7015 8764 263 11988 16525 15258 9839 7535 13526 4676 8703 16894
13456 12496 9530 4222 16076 3215 14372 14836 15600 5553 18272 14623 15889 5046 124 15983 12926 976 15700 19670 11247 16643 16410 10625 19781 19850
611 10501 13159 11604 3757 14357 14046 16661 4141 7088 1878 9258 19292 10645 8077 5294 19168 834 4606 6778 6090 17451 4516 594 800 4649
10 9169 14438 7803 11670 15904 14769 12821 8982 10746 17648 10439 10552 907 11162 4357 7448 10087 2319 5483 10106 1689 17747 9379 8477 8948
11026 10044 6784 9012 554 247 13369 4149 5834 19558 16236 3173 732 4427 17691 5254 11612 2041 5903 12606 15256 12792 7773 8098 10751 12762
2284 7250 7626 14016 6057 6875 7172 1157 4635 7987 4376 17708 16709 3724 16571 14313 15424 15338 1595 3948 4066 5678 10873 15160 13892 8812
9538 2632 7598 13374 6286 3740 1240 7605 2219 14553 17728 16975 8045 862 2596 5675 3940 16787 2445 11987 1112 3837 13564 9194 10129 6871
18020 17531 8763 4328 8398 6856 5195 12878 17559 13205 593 16102 11857 6164 6666 16370 12340 15462 9882 14163 8962 897 4051 16133 8702 16938
1130 14654 12320 15948 10017 11224 1375 14369 5230 2626 13303 16379 10722 9259 18725 7187 6299 17723 15648 16981 10843 11571 19940 16043 11691 9356
18849 7951 15797 10468 11999 2841 13234 7362 8189 13819 11479 14263 2383 12473 3902 14269 9037 6912 18598 11124 14671 15735 2870 9499 12914 9236
13812 1274 7742 11912 9964 5795 7123 3755 7047 698 15246 759 16963 14666 1207 17955 19492 12912 2611 4150 5017 2922 2511 15800 7917 7507
14250 7893 7150 15127 16120 16308 18122 7496 13469 14701 6219 18654 20000 15383 18007 18139 16544 17101 4821 2115 2572 3598 8777 7371 7017 76
572 7597 4002 7879 7688 17852 2888 12286 499 16370 13890 13148 3417 17825 713 14522 15854 12439 11642 4412 10619 8443 4981 9686 5396 8523
2039 15 6556 7671 11059 7944 1656 17722 5987 18196 9592 14400 3904 15463 3487 12307 525 18830 2639 18058 1023 15839 15189 248 6934 621
18926 19927 16972 7134 16597 19144 8373 13170 10034 9645 3316 19220 14396 16494 17050 9324 16905 12981 16634 13747 12140 15340 5190 12499 4336 16972
15294 14618 1124 2554 7225 9830 3511 3639 18249 13319 6505 18191 8607 17162 13206 1036 10253 4584 10738 4436 19518 7058 9789 1023 17939 13437
19866 12728 7440 4781 3045 5365 15892 12203 17359 6475 9789 12839 11481 8497 15567 4869 2655 13821 15087 2620 6885 7819 17053 14244 7934 11873
16329 491 2370 188 275 13761 7659 8764 11503 8244 10130 6009 2617 9990 18481 6160 2122 16020 18783 17428 13789 17337 17798 3708 678 8621
3622 15198 12714 12369 1077 4169 8879 3570 131 11748 3598 14070 7092 16777 7800 13813 15707 7557 19777 15811 12719 19157 7677 8818 1214 18953
5102 17578 1381 19908 15295 18228 15558 7274 8510 7435 4528 18564 2776 11633 16577 19625 18141 19931 1363 12009 7218 19486 18222 635 18107 6693
13448 1228 16124 12880 11419 17945 18824 3292 10447 19880 15091 474 14799 17219 4296 18204 17855 8036 19048 18791 9478 7481 7425 6890 11692 17905
2290 3490 3472 11040 65 17359 6711 7764 14447 8058 62 11506 7774 6282 13877 17010 11459 7568 14225 272 8972 11511 3887 15531 3900 11612
6678 5996 17638 3332 10221 7340 12908 7606 5638 13721 16574 10379 1720 15331 17678 17639 2858 15999 1898 7890 13024 409 8850 2654 19216 3124
2042 17785 14616 1657 16698 13786 19969 12034 1378 8800 12520 5112 15233 10903 11290 8011 6267 16803 15927 13390 14208 3557 7135 2631 2367 937
16161 10938 15808 7428 9013 19035 521 16433 8524 14388 11282 4947 9016 12511 19147 18299 9834 15988 4813 19826 18865 984 15349 3374 9352 11744
8112 17670 4493 6371 13536 17993 5634 14576 13835 11255 6447 9327 3136 11217 13876 3590 1025 13536 12051 18105 7276 12261 1673 3558 11234 1608
18291 14744 18227 1244 16031 8970 1822 16928 16444 6824 17705 7716 1129 18094 7907 9363 12436 10834 17477 59 12472 16080 14076 6892 5201 3878
9412 15179 1069 2103 1029 15687 14795 11642 17087 5849 19631 18513 1765 18210 1980 91 2040 2507 9555 13101 426 3674 12374 16900 19931 4060
18344 3076 14599 8539 9348 1659 17694 10258 17132 18142 14617 13646 11275 266 19583 14766 8452 15042 1181 15577 15886 5868 1658 16619 6912 16422
17740 6002 14566 12657 18812 2913 18714 18817 19872 11184 15352 13976 14499 13914 8341 9307 10193 13149 1764 11181 17994 1784 18170 18325 17193 13516
15192 8860 18238 10291 2730 15517 8696 3647 14404 3572 8155 19889 11707 1086 11249 10820 4634 8063 4745 5249 27 17363 9273 8582 15935 12501
15251 2910 18575 2714 697 4430 1240 8822 14598 11221 17739 6382 2471 17385 4159 9243 3053 3919 17848 14093 1707 12903 1704 16248 19651 8775
12036 10234 17105 18244 943 1136 11659 11158 8628 5521 7326 16969 1847 4776 15046 17591 11124 6435 15983 15880 13707 6945 9199 5638 12462 12256
17465 13180 12807 8905 9396 13144 7917 10166 7317 5318 13600 13474 1944 7344 19679 14352 15246 14995 445 1346 18577 1220 2296 6910 7674 1172
19090 10819 6206 412 11946 12239 12795 10790 19609 5735 10462 18513 1391 17355 19764 13424 14286 14209 17078 10849 11262 1265 10166 18738 3563 809
16705 10901 8743 6073 5129 17673 3654 8097 3763 6926 13434 13350 13896 9820 6676 720 1197 10364 4067 2805 19705 11191 14764 14250 9742 8479
3474 9936 6246 8249 2666 17936 16549 1939 16737 17236 1601 14175 4317 15493 1386 9688 4352 16753 17929 691 4167 6806 8472 13684 415 16614
11093 18844 16728 5309 11409 6696 19662 8498 11994 9968 13310 2628 16681 12648 16616 10768 6560 15749 3262 13785 11843 16051 2358 16968 4671 19637
12964 16954 15130 18849 10725 4379 7955 19489 6620 4514 9566 13801 6223 16135 15756 8849 10586 8943 10703 2729 4337 9430 8809 9133 16003 14025
15581 6658 10354 12985 16609 10628 14647 18746 12845 12932 11226 5281 3132 4047 17700 9222 12322 4454 3550 4795 16821 13214 5160 14711 5206 16806
12530 12530 6156 9432 16219 15016 5755 17080 10101 10944 302 11913 18882 4800 12181 19622 2680 15731 3089 8933 18893 2021 19772 15700 3036 11825
9517 17302 17085 14672 4463 19001 13371 18328 18706 15852 8923 408 16745 5288 1608 8307 609 16067 249 9391 11304 3913 3174 17474 1010 4299
17027 5276 2156 13143 19367 14891 15654 14050 15798 13641 15321 5412 18077 7458 2714 267 1752 2244 18949 13369 2942 9354 11709 7968 16942 9618
13783 19660 7082 1267 9253 11238 1565 17295 11044 4756 17902 13619 13854 2381 7659 12742 18451 14815 10017 9879 8342 6415 7422 17516 11117 11758
12878 11679 2516 14370 19302 16059 9 16510 8754 17763 14350 817 5339 13072 371 4804 7361 18218 13014 18729 8416 11128 609 14990 13966 358
14275 10463 1173 797 8343 5498 16695 19035 16828 14526 6437 2895 12126 2491 8809 3853 8708 4799 12019 19981 8337 8703 17646 19064 2082 10851
15370 9281 5371 13534 17947 956 9027 1211 7869 2439 7131 14617 8580 3388 13813 19935 14442 9422 12823 7162 14731 7779 14938 247 3152 3408
14322 11687 11208 7276 9179 13124 3641 12789 2613 13491 6241 9752 16895 6588 5665 10354 2112 3063 7538 19564 13318 16050 10967 18210 12058 3570
14864 16855 13589 16205 11668 15258 10480 17798 12802 18244 11466 5967 7321 14868 1315 12324 13146 5592 2217 12287 11493 1465 7946 2099 644 6080
7046 14938 13792 3327 14932 17768 4857 18226 10461 4886 10078 1859 4536 1050 17470 19201 15826 10859 14048 1231 4341 3909 15190 4410 16510 10055
1740 17950 2088 615 2576 14377 1234 9586 4572 3581 3026 8139 7346 9951 1242 4157 15884 10060 1049 313 3089 7326 19172 2501 9813 10175
11007 19370 7853 8524 1112 15828 17530 15986 4676 3679 1347 18248 15282 18736 17298 18106 3139 11588 2282 8250 775 5719 11877 10444 6489 18829
3341 494 17665 4205 17858 4295 15608 5629 14023 15496 5532 13589 17571 15321 17722 15466 12054 58 858 3828 2285 2094 17752 19935 19096 18117
3128 15859 14095 11304 18713 7443 15635 13973 809 271 18113 4098 442 7229 16789 13375 12691 1128 7846 8938 494 7880 12630 12242 10639 955
15295 15686 11208 4050 6197 15 2220 11764 14664 13632 8098 13841 16920 13821 13192 2290 14718 15992 17560 2775 4042 14137 5779 10077 14021 2564
14880 10313 11645 9549 3824 8892 15596 4982 18082 1000 8422 18354 6157 15020 18962 3422 6780 1004 17690 14166 2571 18487 10464 11004 5631 17189
15396 923 12458 7309 5530 14094 8566 16239 10764 18688 4560 12501 13010 18950 4416 4544 8432 9650 19252 11289 2695 18486 18326 9739 9797 1857
8789 17932 15643 1529 1320 16288 7987 6231 1241 3039 11860 11271 15889 19662 5343 4218 4039 8781 13274 16304 11333 19381 16242 8581 9701 11277
15322 7673 9230 10032 2530 9057 3600 9133 18805 12642 7790 14752 19430 10382 12736 15454 15895 3334 86 5513 3583 5826 7887 13407 17842 798
19240 9273 16364 16797 6598 2686 8242 1411 11594 9575 18891 11572 7680 19916 14469 8490 18673 1563 9550 6449 12179 1888 3579 7860 7104 719
14805 7872 14660 16646 2527 6589 1811 11217 6221 13838 2037 8060 13707 6435 5624 8787 12364 1084 3728 1847 6636 369 7581 6831 15659 1710
17757 10368 18396 5840 4464 1553 12718 14164 1077 8646 8716 5804 18194 1584 1370 19724 4432 14145 16005 10558 19639 8279 9448 9649 9561 17990
7035 7248 6448 8237 19481 16957 1128 13120 16403 2549 6511 9032 4939 19999 1567 16529 13276 10811 1606 3924 833 8655 5329 5263 959 10283
3573 13075 8080 18583 882 12557 15880 5364 4191 4269 12152 16341 15842 10629 18668 7550 16039 9483 17489 841 12919 188 17006 14385 18768 8950
9325 12651 10787 16290 8000 381 7637 17895 9101 14284 10180 7703 2338 3672 47 8558 14269 1929 15019 14776 9985 7038 18659 17029 8868 19935
6811 11253 4857 6507 6228 12290 9878 13306 1140 11068 18226 16830 14176 3826 7479 11260 16774 16373 14384 14062 13640 4383 9591 389 10992 7531
16988 4708 12617 12330 15783 13673 19316 15386 433 16728 5700 12241 16576 11725 10338 19687 17167 9292 1777 10482 15901 1622 12212 5613 4663 16677
12194 15560 16950 12713 6743 15537 12929 10681 279 15163 1648 14182 18915 14854 5009 14537 5776 11281 397 11470 9831 9994 752 9716 2043 3025
18510 4314 10262 9380 13463 18426 17144 7020 11974 1177 18918 5947 2005 11899 17450 9202 8620 2756 13268 1290 10932 18655 12885 16610 13808 3292
7735 8447 3280 3691 18919 15238 6451 18030 14665 2104 6617 10520 15335 5214 17615 12098 66 12499 3081 11179 16513 8316 8091 14384 5289 15818
8221 17920 3161 10924 3953 18750 15466 17075 5720 12658 15442 5392 16449 3760 12955 16141 1279 15642 16728 6275 11870 19818 19846 11938 3761 2705
6325 2863 16551 5648 14492 9494 9532 19395 12253 4234 15074 9422 15070 11995 14080 19475 8763 14165 4798 16987 5822 3873 17846 19396 11773 2598
15788 190 15990 19537 4884 9231 181 18998 17164 8603 15092 18379 33 6654 8207 17585 14268 16012 8432 5001 16340 7873 14966 1342 5600 930
15863 19712 5628 17803 1489 11362 14685 1762 18181 5611 192 10895 11946 9811 12678 9547 3791 8336 13127 12691 16649 16957 7806 1658 1393 14258
5969 597 6174 3476 4329 11422 3614 5171 6945 19059 14800 1660 1323 7583 983 2730 12363 16716 1962 18369 18600 2532 12392 5408 12206 9390
8859 11265 4973 2951 6019 9658 17660 6657 16941 11090 14003 3607 9003 10472 7045 16041 2241 2333 1404 2767 8490 4737 10099 5041 2632 10736
16170 715 13875 4659 13953 15936 6178 4447 1732 305 2311 8848 4564 12577 15342 168 2772 18718 16905 17865 16949 11572 620 4952 4719 5530
13424 11312 13781 11914 4197 11666 4068 706 6353 4928 18908 16739 3077 2256 3968 7309 4764 7082 3193 13508 17119 9494 3127 6314 14458 12718
2460 6951 5023 10435 1983 10723 545 1115 9374 13512 4237 17218 13533 8781 2799 7297 10111 10733 3845 191 15589 18928 13535 15615 12721 16013
1470 10303 6136 8481 6386 6593 2447 9052 5173 12961 2592 10354 12888 4823 17305 11344 3228 4758 16675 13237 4079 11427 5319 66 9736 6803
5560 1377 5903 17165 2020 17053 12361 19168 12261 2113 7085 6859 34 11202 3386 12989 133 9333 19959 14538 979 11954 14482 15676 638 10345
15606 629 17059 6334 17449 7395 1933 11072 10198 8198 6320 8426 14108 8197 3690 12122 4588 9780 775 9664 15778 9987 16973 8491 5829 11377
5513 6665 19884 5583 9339 3118 16332 7620 89 11499 1439 11321 13130 12841 5979 2239 8785 743 11846 390 5990 969 8502 1307 5635 15942
6417 19024 10252 3023 7908 5159 2708 9605 8959 18578 7718 6521 6100 8024 2248 7051 13348 11881 4502 15858 3953 11923 2528 3372 1392 19139
11632 12069 543 19407 19585 9250 11372 946 8905 19635 12189 8990 13794 2759 13989 17326 6690 1800 9735 6087 12858 3532 2752 11700 497 3969
10503 7647 17805 5404 17262 7719 9472 6083 9789 10224 4994 13642 7165 15711 4141 10340 17745 3174 12726 17859 19279 16095 1218 15274 7016 1320
671 3214 2879 15010 5846 18799 13577 11705 333 18201 16729 18061 6960 14365 19431 14567 17269 1871 17453 11373 17977 14555 12080 16644 7622 8806
720 786 16607 9568 9211 18665 17763 17175 7130 12596 8447 17249 10684 380 14303 2193 4157 16511 10073 15008 12756 1442 11451 19923 10478 14276
7559 2797 15156 9546 3004 12993 11171 1493 11105 18271 5975 19552 227 5531 73 10876 13007 6409 829 6871 15805 19359 4315 13048 7916 18388
18989 18127 3016 4977 16762 7716 961 527 13887 4447 4018 612 7767 10812 13811 15137 2890 16434 15231 15115 2961 17506 15532 2527 1342 6872
16800 11879 13978 15651 18497 2367 17352 10361 13931 3577 2593 13133 6572 14728 17664 10644 17959 10157 13820 1459 11670 10782 3571 14446 6633 16251
4305 7293 5572 12783 10738 2117 14949 6129 525 19684 473 11188 14550 11728 15059 10729 6035 1154 10750 19348 3116 2268 4410 6774 16056 10729
832 12138 16173 11402 13795 14129 14540 30 15480 9363 14097 6291 6913 6832 5650 18671 845 7935 19241 11975 19157 3555 3426 7224 4704 10791
16923 3211 3320 4721 9174 12690 8455 1114 16145 8922 14337 17561 1027 1567 16437 6492 4890 13424 12673 18100 18535 10484 19946 13115 17817 7583
9839 7476 18642 15086 2962 880 9230 8278 3510 19946 7635 8134 17136 3003 9498 17199 4949 9771 17424 17875 12952 15611 17431 323 12742 14119
11654 4318 13739 14825 703 15640 4426 7326 12359 14311 4836 1243 13144 4668 16619 2439 12928 11740 16307 11095 19734 1571 5083 2909 14774 14065
4738 11576 9604 4658 5766 12862 2105 5080 8161 7088 8060 1493 6643 8086 10591 3330 11999 18502 2305 16960 1279 10408 19012 6607 9090 5773
14060 17996 2934 14449 4086 8110 5355 6574 5129 17297 14340 14419 12751 5748 151 19767 10182 13894 8306 16499 3927 18332 2728 14826 13342 11221
19335 12677 3726 18762 8869 9308 3699 7775 16138 2369 10349 16228 4457 11867 17605 10900 3835 15803 18765 17550 18345 17766 10315 5037 4371 17295
15163 17263 15311 11123 13212 10024 9331 324 12499 9157 2111 17396 12910 7096 14236 1785 18872 2678 1572 11387 10803 1993 10472 5559 19720 19311
15113 5280 2037 15031 1298 12471 7323 5735 15593 11509 18653 11836 1372 2135 18306 8203 14647 10768 952 12854 3808 16145 9247 19315 3955 14932
15291 3125 1536 15337 9901 3735 7736 18192 6006 18111 1863 10608 18181 12694 12745 14561 13992 18008 2115 6714 9948 13504 3830 17547 15948 17078
842 11992 9210 10760 9302 12840 10294 6583 978 17155 19177 18189 19091 7687 17943 19672 13353 9697 12217 1480 1706 10276 3934 940 16485 900
11799 15971 11549 686 6742 1249 6104 12687 7068 5692 18872 8453 3915 18637 4852 13108 15377 8230 10073 12922 6609 11976 4336 16758 9295 10384
11789 17057 19432 1040 15775 18141 5246 11558 1766 9268 14811 3706 5435 11894 11662 16715 12765 17678 15735 11843 17847 16942 18214 1062 12374 8399
15222 4223 18281 1949 16093 11935 2405 13750 7804 2298 12263 17027 260 13512 14016 10012 2453 14783 17515 15240 19776 14031 13281 12588 10286 6580
10531 5822 12977 12603 14532 16893 12896 15559 17643 3262 14596 2457 5296 16019 1520 491 1482 18482 14802 14005 13613 18851 19937 9673 1012 12187
5970 16012 18738 16036 18746 10993 18573 6835 2004 12058 9713 9460 9911 15908 6099 3667 16274 15617 17397 15798 3352 438 11941 3283 2975 14440
9648 5475 19946 18137 2070 19435 2896 19870 18443 3014 424 3686 9979 3494 9341 15790 18637 5315 1261 17600 381 19927 1308 1530 19848 10957
14087 19397 2304 18233 4105 3132 15164 15960 15206 2007 17209 15525 4358 5899 6633 9377 5469 13421 4508 8997 15689 8932 17838 2280 779 19010
18627 14437 6665 17271 14283 1090 7752 15071 17921 10674 2939 10397 19308 1547 1038 19356 7612 12372 2778 10097 17006 520 5207 17319 6912 14347
15179 16097 4752 17025 14258 12678 2463 7366 13168 13077 6674 13298 6717 11579 13234 19931 17731 6783 352 1899 7009 18571 3605 5200 4306 3458
7506 15019 12585 7487 10972 13348 9531 3200 17579 11362 9254 18520 5646 12138 10443 17915 2186 6252 1628 16658 7430 16390 11584 17125 18774 17233
3481 15687 10818 15677 18664 10700 14893 12001 33 7980 19203 9004 17576 2001 6187 4636 19596 8959 8083 1158 1919 17904 17893 14669 807 2182
18230 17425 14916 19997 7706 16867 394 1231 2880 16724 2314 16144 17153 7509 2363 12648 2958 14636 2585 18729 6827 5892 101 19909 17224 8756
5691 4287 9271 930 6012 1559 17194 2574 11776 369 4415 11588 5426 4845 17120 8814 10348 9566 14732 19149 12478 19022 11111 14201 18602 486
10579 2388 18086 8355 11116 18034 18292 17409 10311 19085 14128 5467 18925 19685 15227 15317 12267 363 9652 8130 9490 12171 1635 3064 19946 13754
5728 23 3955 284 16013 14506 2136 11617 13014 13683 3363 14936 2652 16403 8853 18452 17688 4342 10290 4906 13786 12026 6689 16871 15934 16652
3045 19494 10922 4581 19124 3013 17949 19680 19699 2905 2385 17510 7516 3805 17072 7153 16550 16235 8323 13244 19511 3592 5054 3649 18134 1372
11772 7490 3006 13569 19232 4992 3103 11342 18337 7308 2785 16775 14070 17434 3803 5254 10041 6865 18996 19474 12290 7770 11508 8307 11063 8438
5471 1577 6820 5030 5972 1674 7182 21 2760 15485 14515 10327 3529 17204 5221 4000 10912 377 3067 12251 17479 3795 16030 11211 2427 14378
13134 19123 4822 4716 16658 7115 19836 19620 6513 15224 14043 18358 4113 56 8769 13337 17131 17417 19628 5006 13102 12771 6914 7926 19035 8698
16581 4295 2728 994 8574 7088 8688 11023 15471 17800 11009 17853 1042 3957 7264 14305 5858 8341 12580 9457 5826 5352 151 3673 8359 7258
78 16494 4890 15182 16303 19942 2088 16880 14723 1712 5922 8337 14076 5366 19934 15937 7416 10035 4666 227 12201 10225 2537 2917 14394 10249
8529 1170 17605 17158 6852 18486 3953 6850 15791 5111 9793 13035 3078 8506 5163 11594 17181 7170 15995 13036 5331 4088 8792 11339 15409 3110
331 4289 19269 3179 6587 5426 16759 13486 17389 14705 2678 5042 14936 10681 11828 2724 2475 6338 13500 8874 8303 19641 5696 6152 17566 8178
50 5907 17267 13521 9556 17075 16120 3871 15264 661 4648 18299 5669 5853 18185 14465 11748 13464 2901 12498 3403 6408 17375 5300 10661 8743
14992 14535 13746 10342 14602 11068 2540 4413 1070 10117 18641 5524 5502 12432 13759 9115 14537 12455 13054 19031 13140 10460 11142 10294 17646 14290
7088 12645 13426 13151 10904 6707 18074 19190 15182 4699 11760 12453 2571 8686 17573 5551 14681 9507 19086 6848 17601 8818 10943 5686 13617 2794
7101 14400 12528 6288 12822 7156 9258 9256 1843 921 3984 15860 3984 17585 17447 9628 9040 19820 8311 10696 8315 2892 9225 12282 9974 8188
7942 7995 410 17369 13322 12445 15950 9678 9162 17457 4501 17634 3506 200 14151 10921 12317 19541 9626 12164 16782 19041 14537 12089 6425 5424
16510 4314 3522 4000 17305 77 18036 13152 15111 19395 14845 5337 1332 9566 3427 16031 12855 554 1572 3600 4292 8083 1661 13430 17998 12235
15335 7221 15112 9250 17361 14910 7656 1926 12619 17769 12273 6206 6422 11816 6770 11723 6629 16785 1915 13995 14941 1501 18695 840 7252 8067
18771 1279 14708 6893 18224 9497 17281 10274 19618 18040 11385 13808 7446 1627 19548 18682 16031 17640 5589 9328 16777 9562 949 11786 15468 2646
14142 18347 16706 4008 12498 16896 6525 10051 4079 16131 12306 2590 2516 12743 18515 12133 19872 9148 1907 15330 18980 15045 5508 8589 6272 6967
14299 16172 18392 18983 11209 2467 13217 10573 456 951 6209 15547 12191 12508 4672 6131 6636 5083 7077 9666 7756 11360 13071 11586 4060 3474
6486 19376 8925 8872 26 10053 10291 14070 3634 10075 7441 2097 294 7102 14604 8666 7190 2 12319 14730 5357 6196 3018 3414 2761 4659
4225 9093 12759 2713 12594 13020 16207 6118 1978 18057 14859 6559 17205 19762 1936 17537 13102 136 19176 548 1382 19981 11605 14350 6359 12611
18712 14762 9952 12133 14123 885 8914 38 13871 10202 13196 2366 19390 7385 899 1274 811 11998 6282 15027 861 1617 856 8143 2008 4131
9706 16252 14617 4347 960 10970 5996 17257 6636 8213 5633 15238 7136 13048 13362 2529 9698 10042 2450 6754 14214 4124 15687 905 16304 11995
10774 15922 663 6456 18809 6382 11983 2269 15230 676 12962 8601 4068 10620 11860 18394 9758 1573 10687 17720 3638 7387 18692 11263 7269 17112
5239 14156 11646 2190 8307 7677 1034 9303 2158 9930 6741 4742 13768 14286 7125 8058 12545 4482 11103 16537 5353 11799 17142 9601 6423 17838
5473 225 13644 16038 8764 10275 19436 1512 17235 7326 17517 3014 9251 6683 12767 4372 12485 15171 3259 13038 2534 5106 14024 8167 1409 3443
8164 13631 16537 7193 9408 7083 18479 19776 14760 18405 4808 12203 7159 15952 4964 19367 12484 16305 9665 1659 12938 18518 9974 11790 15063 2400
12376 17954 10785 1248 2942 9954 2853 140 9844 19833 2566 795 18154 8212 6390 12037 19138 17299 12247 13971 5556 472 15884 12468 4591 3556
2642 14280 16144 13663 742 13775 12440 15020 16182 17872 11343 14631 6526 19840 13380 2766 826 3170 3004 3788 7329 14759 13554 3856 10140 1281
1361 16897 5151 7330 18196 11672 10000 18715 8503 19307 17103 4783 14683 5984 8551 16283 8779 1198 16629 10624 4625 417 2913 18566 19095 16052
15668 1857 12037 5915 19966 938 6152 3445 11765 10642 9744 11912 2899 13712 15791 11586 5745 11506 2484 11967 13843 11964 544 1568 1070 9890
7401 3096 11463 3695 7840 9606 1805 19154 11658 1334 15890 9783 14804 10933 16082 18915 16776 9492 16044 18205 4836 5392 5074 19527 16099 2826
18013 14380 16156 19299 719 16467 14070 6689 10768 17940 11148 1725 11535 15715 14592 8424 9316 15688 736 14331 5870 13853 7839 11910 5469 5553
3057 17494 15055 16459 12246 12555 19067 12290 5876 12084 16261 11521 2343 12541 10138 18705 5506 15156 6796 3371 208 13156 5149 16109 15881 14948
12241 1964 18016 11608 18912 16642 12855 2454 2058 5066 6147 12023 3003 14057 1941 7952 1786 4419 5813 8758 8841 5534 15838 3138 17038 9465
8399 5696 1174 4280 168 11719 8253 19171 17168 6906 5499 12337 445 7434 17418 8222 14173 973 8338 5928 4122 10391 15644 19247 11151 4836
8847 1631 9016 14836 4413 7371 16691 8507 1536 11633 12715 3198 14237 740 7453 5783 19472 13060 7011 13062 1999 3840 9270 11110 19803 14052
12041 15374 9292 12196 17379 15584 18622 5803 18933 16811 17955 15583 7697 10817 18326 1075 1609 14872 6754 14912 10954 8890 5622 15156 9551 19721
931 14146 1187 15398 17000 9748 464 16458 12877 11408 15200 6115 6192 834 2626 2006 6827 11552 14772 8865 15070 9245 6494 8366 5118 11265
3166 18931 13645 16975 18605 11364 9341 9052 5559 13816 17642 19310 2431 9535 10304 11655 14194 11536 17199 19702 11519 8555 11061 3585 9655 2372
18626 7900 13318 8396 12383 2930 16772 18741 13583 1599 5622 13127 10633 14324 7499 6183 15323 15840 17910 15449 5931 11471 1270 18867 19209 11345
8951 14564 17354 8764 334 12755 4787 979 12956 6108 13564 18127 17166 11228 3715 9009 16994 19649 5398 11169 16578 4853 16726 15342 836 5737
14765 13988 17788 16185 5695 3901 9598 18197 5590 8608 10545 4943 8392 17074 15465 13892 4379 8564 10140 17055 13295 18688 18361 12320 8773 5062
11925 9991 5999 1772 3431 4622 19841 14556 9886 10045 2924 16462 12144 11906 3512 7819 15654 10731 12423 2995 3556 7402 16142 11602 18600 13101
13347 17752 10232 4782 16916 19629 15544 10348 13612 17953 5573 19636 19058 8768 692 19167 17677 5453 12890 1068 8018 10705 9979 18764 3462 770
10720 12821 13331 8893 8109 13775 12762 4479 5152 18227 13253 10365 12405 928 3413 8327 17781 13632 14292 1953 8815 6479 9019 8157 8647 308
6248 1226 9760 7993 9720 10435 17676 17611 18375 6708 11035 864 5221 3782 7565 6545 3954 6611 18160 19489 1350 14194 9961 4698 11166 5883
786 293 16113 9731 9441 14386 19363 59 12846 12234 7130 12387 19925 2270 15365 17926 3944 8286 8556 13678 732 18215 6291 19880 19657 15085
8559 15685 6890 10188 6249 743 2973 14891 2632 621 1533 2544 17131 13902 18886 1415 6145 13955 13566 19553 3086 6297 1024 4345 15894 13446
1307 17963 9612 8441 13703 15632 9585 3318 10550 16251 2199 8145 11456 19848 11553 7596 2671 9261 15589 13553 3007 17468 16084 8838 8124 13045
869 2020 6970 4159 1875 5777 5808 6823 14361 13980 17963 737 485 1954 8223 8016 10158 16295 1205 8313 4443 17061 15084 10272 16323 2824
6614 4011 3895 9874 6202 12092 15020 83 6804 14004 11130 9586 15801 5990 10881 19540 15560 18250 17766 8263 2709 16960 19626 14593 7092 2453
12537 6829 2033 17573 528 9885 14687 14837 3275 13727 4915 6361 8263 2467 3229 1211 10087 1259 17221 19749 7576 6268 14094 19937 5570 1190
14429 18256 7525 19038 4581 1614 13598 17110 10108 19599 1592 10829 15008 15092 7838 5356 5813 11878 13479 14641 8298 15380 862 7522 10652 6921
13705 19137 14299 6957 9305 3880 13476 3213 6360 12212 16306 2724 18058 19651 3500 8505 19434 17960 3846 13682 11611 8223 16280 16919 19643 18889
18755 14843 19603 6573 6794 7741 16785 14950 1232 7032 18556 7625 19815 338 6214 18852 9844 4058 10937 2859 2819 17607 7653 2732 18312 2488
