365
72 29 88 65 3 45 61 96 0 74 76 94 96 71 44 61 72 60 85 89 28 10 81 92 48 84
19039 7886 14717 4401 14262 14423 7789 14144 15093 10295 14266 7635 9202 1027 3199 3495 11775 15817 10228 7465 8164 11203 2242 12359 11549 4346
14529 1199 14512 14525 6374 13631 894 4277 2461 7718 10129 5684 15111 18021 4384 16938 16351 15037 14478 13955 8896 16047 17650 16436 6497 1762
2320 17110 6391 6359 12920 14563 3706 12768 10972 5725 12809 8750 18118 4009 16511 4980 7797 18185 10296 15568 18457 4499 8446 4376 16558 13593
12006 12054 12455 349 12825 150 15221 7684 13187 94 2742 15271 11302 7980 4168 9782 7902 19664 6808 18553 2693 8373 757 16137 4906 142
9791 13241 15301 12059 16607 10807 10519 702 12265 5426 19681 4588 835 19572 18551 17205 15222 12807 19235 15276 17060 3589 9414 2593 17912 17136
11920 8932 16737 2425 16384 6040 14365 8521 16017 6148 11063 16888 6572 15096 4333 8947 15786 13169 4134 11858 3263 11342 15433 5465 2586 14018
15082 13714 10752 19816 8031 18074 11235 8903 49 19224 18602 16173 4226 3856 5453 16631 2824 18888 11120 5326 1318 11147 5555 6632 19815 17666
18706 6530 6368 2995 1394 5933 1675 19153 5472 10232 15706 905 14 9729 11255 12925 15306 13376 13612 1072 19313 2889 11396 9227 6273 1820
8330 4891 2460 12233 14131 16634 15274 2378 14263 13540 13260 10135 8034 11534 3175 12696 11343 1687 14122 11704 13356 2707 5010 783 9905 16273
19478 7768 9630 6369 14691 18667 10014 12142 600 17413 3272 6310 2574 3465 14980 12823 7489 15546 12972 13661 14022 6318 6262 8497 858 6961
9402 741 5899 12211 7195 14069 10869 5739 19897 10422 2119 9001 7979 9859 6315 2249 2004 7513 10136 7701 14467 14481 4888 9107 7037 18724
12732 14782 13860 3093 8267 7011 7836 6098 18049 5561 12277 6796 18223 16570 1709 7759 8353 19380 5974 5651 2274 507 5138 13611 8283 11019
2274 18740 16828 2081 5270 4968 9475 2907 6823 8749 19566 14813 18584 13278 18536 11183 15193 19066 13003 10730 12339 4819 1843 18730 10311 10277
10833 12781 14118 17197 5240 5670 14609 574 14437 4917 11856 11181 11288 7709 19270 4469 17733 13255 14338 18832 14899 1526 6380 6650 16396 6640
19729 17676 692 8807 11990 8420 13626 16350 10097 9892 19621 19375 9186 19483 15832 11944 6180 4193 15588 4008 1472 12797 3041 8386 11958 10702
2353 507 2540 11101 9398 19667 18532 6754 10941 17883 9937 10230 7382 14617 18693 19230 5054 14356 3009 7127 19074 6628 5352 3508 1473 258
4471 12879 4343 18869 18291 4866 1215 14844 19727 11948 6389 19300 2507 10157 16135 6384 16734 12999 745 1246 19855 7705 11492 9021 15128 561
11719 7162 7047 12860 463 982 1185 19698 7582 8014 4849 879 12720 15588 1400 5818 3204 15476 16345 17869 17991 8818 1186 11168 8719 19752
16943 11474 13138 16382 19748 12680 17777 19089 2536 5145 3446 17084 13568 15715 1912 7676 18705 6212 13808 15744 16358 9036 1710 12148 2166 17443
19862 1404 9165 3991 2861 11313 10378 11865 11292 10345 8076 12172 14382 427 7962 11991 14585 14388 4064 10275 13210 18211 18799 18738 1504 4939
9638 12546 12562 15426 8242 2780 4676 19962 14962 9119 9389 19981 14121 13508 4861 4058 3845 17872 16432 3119 12757 1923 784 14730 10204 13007
3516 16109 9908 17745 7319 6903 1760 3437 5800 5465 379 5845 4304 12814 17392 5156 3201 15887 10562 767 2467 2278 11817 6265 16765 6584
3537 9571 11793 2289 11479 7241 8902 9904 19312 6515 11249 1215 3093 6299 5227 11860 10972 6883 11312 12131 19187 15212 18624 18589 2305 11318
15755 19806 16511 952 12074 8316 289 305 14021 16424 1530 5841 1620 7844 476 11741 6292 10640 7495 1013 207 17008 6635 18774 7573 9352
11519 7994 13025 9491 1037 13991 7199 17070 12201 5419 15626 2639 15854 8675 19246 7237 9910 3710 812 13149 2572 7120 7371 11495 1893 2605
9415 5316 673 2136 14217 5829 6759 3747 641 18443 3784 7002 10130 1680 11233 10259 15383 1388 8976 12061 7757 11465 388 9087 13751 2582
9621 10180 11958 2034 7967 2147 8462 11440 6149 8938 8544 16421 16805 10816 6763 11190 10347 11496 14196 9815 17395 2436 6087 13601 8396 10792
1998 19126 7763 17508 15019 8720 11458 8072 5144 6082 19227 8738 6676 12893 2415 14030 11089 8518 16784 2940 6695 472 14612 19180 15960 17260
194 18707 7797 10599 8218 196 15186 16085 3770 4268 16812 10951 13327 9390 19731 14007 1306 2233 15038 19126 17797 1175 7801 3773 11265 2251
2313 18656 13927 9656 5095 369 10480 3743 678 13975 5078 17563 8635 12970 15058 10098 8564 1484 12310 8363 19240 13339 17783 416 7913 12705
3847 10072 6968 11290 18445 11163 8602 16290 604 19420 13371 2405 4460 14330 8533 9284 15210 634 7614 5578 10394 4703 9687 10782 4192 14974
4830 11507 5258 2864 1907 354 15232 612 2807 18230 4885 17874 8929 17610 3355 16846 2636 2034 13768 2414 3499 17449 12575 3865 2492 19988
9856 7905 16125 1110 363 16954 10459 10118 9353 1584 14210 7997 18454 12406 14747 98 10752 13208 11940 13292 8311 10033 19366 19390 12583 19218
477 4195 8958 17016 751 11146 14306 1609 12628 13328 15849 17573 15139 15076 13873 14306 10638 20000 19360 14140 13561 7959 13124 8003 3722 12106
5204 10124 652 15315 7843 15243 218 19723 15293 11374 1509 9662 1272 18406 15148 7659 16692 4591 4085 9525 4171 15972 1791 17346 14672 17852
12694 11961 8665 6827 10010 8531 10105 4070 14881 227 10450 10667 8552 8348 9982 4338 6481 16698 4165 2152 12990 3580 12120 14740 3567 15460
8950 7763 9031 5137 8648 5183 11456 6069 23 5504 5356 19755 2104 3143 10136 8085 17095 17953 12903 10835 15146 14457 13443 6366 9256 15096
17850 19637 18831 16555 5171 6714 15345 10280 16411 15712 4599 17725 18353 2853 12894 604 2274 6796 10300 1327 1492 9109 14005 14391 238 10371
5467 418 6959 229 18198 4196 18429 3683 15686 16939 16041 3176 19934 3943 6137 13834 19518 13808 10062 10581 780 7217 9626 6866 10372 8234
17156 10564 5364 12040 477 16068 19700 4176 18989 1615 15639 8941 3742 4412 7185 5245 13408 26 7440 18662 7021 15913 6772 10746 19968 9539
7940 11325 18723 5365 18142 8094 18027 8365 15398 11583 3155 324 19007 16039 1391 1331 2219 4242 3677 15412 18181 16514 9315 10451 19820 12107
1321 8514 427 2573 16450 17170 15630 13056 7377 12982 233 11746 16771 14800 8050 1540 6968 15586 3710 19914 14537 14102 5701 17652 269 19479
19687 10508 12392 3376 737 7255 940 9133 15712 17100 18716 8568 3089 19616 2423 18516 5480 1856 14505 9607 5681 6409 17246 11416 8139 9812
11603 516 17064 15724 9944 6631 5727 1103 14060 6916 1185 11924 17373 15754 2859 5489 12450 1861 4322 2386 575 12959 6922 6531 15581 13767
10088 3296 3321 5579 18744 15389 2349 17273 9522 6373 13366 16310 12208 10504 18406 17562 15189 4442 2460 16288 6166 3519 9661 7975 3526 17160
7388 7730 10526 15260 1186 19662 13127 8715 11226 18676 10767 17389 19901 6231 1178 15742 10059 12229 6063 8651 16020 6370 11543 6835 15370 15468
9378 17922 16762 19518 6255 666 3356 17772 8420 1080 8684 7227 6535 2558 138 12660 655 11445 7030 18903 6949 629 19020 12539 8496 13830
1804 17265 16260 14235 7089 19099 2900 4436 1505 11509 15079 9808 16940 994 10998 18777 9354 14932 19247 11864 16939 15829 18048 10724 6926 13946
442 3390 920 17740 12359 16131 16641 12331 11309 13090 8846 7983 11765 3401 12273 8068 19421 3736 15412 16025 11257 11727 12138 6691 16067 16264
10928 13551 15920 15912 11114 3114 13733 12436 1267 13312 11655 10681 15977 11604 16336 11026 17368 18240 17378 7286 12871 13082 3043 10453 18835 9502
2614 12727 8655 1168 11786 6539 6772 13832 4715 11502 189 2002 18256 1678 2146 17626 10864 555 7871 14450 15406 7789 6344 555 18161 16152
3773 18949 12456 6148 3625 5170 1308 10505 11977 14234 17124 29 6554 10460 3227 96 13264 804 12329 2657 18230 10510 11790 4862 750 11780
11466 18932 6413 15493 9329 14156 4671 3528 1001 4581 9282 10455 5378 5331 10600 4228 18071 5479 2499 9718 19349 2518 9351 531 17752 7406
9445 4550 15060 13139 14868 440 15668 7163 13873 9959 5929 11724 6775 12212 3227 16692 13257 19611 1053 19352 3628 9854 6654 10149 12809 1691
8431 5640 11024 13337 19264 12265 4862 14118 5835 655 13998 4463 9015 9997 2644 10347 4294 18382 15176 15535 10940 9389 19809 16597 7449 17468
624 11495 14432 1167 7149 18056 11543 18802 10715 16340 4869 3051 92 16373 3248 12156 2371 9464 7330 13474 17421 13618 1194 16692 8021 13909
17565 14645 1806 15160 1336 17427 19245 13447 1561 4600 5776 2810 18447 1870 14250 1524 9631 2338 7751 9668 17668 6250 17386 10045 1064 9997
19826 18259 4854 12126 11584 12134 19964 12340 8736 19609 8280 12303 8326 7083 8354 2805 12219 19306 17778 5166 16423 18456 14003 14012 5712 9266
17981 15017 2336 3511 99 17312 17464 2462 8939 7779 12557 7366 10788 15002 10660 14808 16071 1752 8713 17355 14633 8926 6078 11860 5628 7331
18871 19 8014 4410 15637 1324 8488 354 1971 18316 3268 6443 5426 15402 4389 14963 9792 1282 3408 13984 14929 9047 7676 7991 19515 19395
4966 2319 19260 4174 754 2165 14806 9707 9057 4709 8999 789 14506 15168 8175 483 19782 18679 3352 2060 13319 949 16574 12828 5207 19242
3692 4899 6463 2387 14712 4467 13603 18376 17706 17080 4642 5993 14487 14154 5336 4723 7311 971 2017 2280 4413 6400 9313 3041 14448 10557
4444 16354 13201 1038 14985 1807 8525 2015 6145 10938 3812 14274 1648 17470 7167 17334 5818 8388 15518 12381 4927 4447 15533 11442 16596 2407
16151 12050 8416 12103 9433 19978 16444 8227 11500 2897 10689 10675 5616 2341 2728 17689 11136 14833 13302 15931 1246 541 11909 288 8891 16572
10508 99 5508 11375 5510 3193 19590 4176 16967 9336 431 3883 14190 10976 13148 2741 16315 16920 12264 13425 15196 15823 10073 7286 13735 9331
9567 18579 15468 16623 9036 5365 10092 3377 7891 8862 16578 6695 1977 2025 883 10149 16639 3644 12892 17472 7880 16291 6924 13090 19661 10856
14325 10924 5954 7644 19050 3298 13324 11077 10311 11271 5708 1978 17214 19433 7664 3513 2938 5511 15386 9439 5084 16334 15771 11369 16732 3158
7281 19856 4012 5378 8325 3681 19376 15104 10504 14394 18588 7317 15927 13337 7332 5992 7629 10648 15740 4063 13139 3334 9786 16193 14194 14820
15136 6691 2887 18538 11210 18091 16839 10768 14580 1289 14268 15265 2946 8876 13194 3486 19760 2020 9812 14429 16809 5389 7889 6373 5163 1765
1981 7460 15048 13929 13540 12614 16307 9989 14315 3562 15147 6063 59 16151 6062 7540 8733 18958 3865 6988 12484 8401 14329 15261 6780 6247
11368 18845 13916 11209 7755 14350 14301 3877 1109 12523 11714 14784 13492 19199 17072 9418 8549 14823 5964 11013 242 1049 17393 14112 16201 1289
15244 18781 17118 5398 15413 1277 19235 4688 8831 10551 13738 1519 17609 2202 3297 15426 10951 2246 8320 8010 16491 1834 11048 3519 12731 19552
17058 1395 11338 10273 17687 14084 17080 7550 6658 359 4863 4389 10726 16249 12748 9350 14437 4080 13981 16271 2602 18222 12113 6431 4213 942
11949 12970 19537 1369 8467 6430 11465 18433 9864 17519 18177 11409 5948 6343 4849 16549 7986 19447 9431 6415 1508 13025 18459 7944 19119 19301
10230 11479 14218 3963 12528 17023 15132 2023 7476 7220 13015 18388 2952 6111 14369 1650 1116 15375 1550 11605 19370 13145 19188 15415 19888 96
18743 5708 14219 9430 2748 6435 11475 12706 15387 12536 7294 7859 2767 7749 8511 5018 9050 3329 10088 11625 18307 19913 18530 1490 5602 18731
18815 1096 8511 13846 16862 69 19032 9585 11699 4315 5423 8668 3497 2193 18605 10215 669 7023 138 5925 14122 1423 1931 16267 11960 19772
4971 1542 9819 383 16554 6871 1181 18748 17029 16116 12010 12931 16823 17069 10630 15818 9729 16002 7714 7110 16162 10895 15361 19940 516 17698
12597 8009 12589 17110 9895 18804 15479 11681 9104 15672 15585 10176 9269 8799 5543 15801 186 7507 15316 9320 13662 12597 16361 4136 13613 12444
5109 3446 8299 8563 13894 1920 5970 9181 10358 11212 18283 10861 10669 6073 13391 5181 1397 5720 15451 8099 4524 13475 12878 6039 18724 10308
7636 13771 14054 15022 8079 11434 14871 8887 15166 11576 18720 4846 9831 2739 10079 12207 247 12112 1542 6665 15298 5634 16587 16121 7533 11158
994 17468 12506 1214 13907 12685 4151 16597 10091 10550 11213 2591 15031 1227 5504 6287 13108 749 17262 6216 5613 19940 11072 9160 13609 7370
7004 1475 6952 9921 1217 11133 5941 16119 17012 7888 17247 8582 16606 3414 18848 14090 5672 17982 19410 7153 3013 3620 15908 8322 19307 15033
14289 4361 14398 18158 1211 88 4307 10061 16796 14093 18600 8663 9277 9783 19883 2891 2815 16791 19325 9297 16487 11485 7525 17903 8348 18769
12794 5706 16879 17443 15946 9515 10870 19357 1735 13106 644 17173 12274 15450 14853 11708 3910 1507 13053 8156 9366 2096 12986 6793 17825 9439
15069 18477 19528 11820 17482 2959 5445 1937 19445 4775 11446 3897 18923 16258 19978 14973 25 3662 5014 10010 5982 18728 11645 2498 5430 12428
5848 8784 3814 4329 9846 6783 10674 15728 2191 3225 13051 3407 5136 9589 7508 18200 101 12689 7275 12098 10234 2568 2439 18556 1663 8030
4231 9990 13860 13913 15211 13249 18198 2113 12191 11771 2723 2847 8064 7263 1376 19515 482 17316 18186 17543 5734 6889 4780 17336 11364 17889
223 6453 19352 9367 4171 18437 11168 2434 4097 19851 17441 2275 12211 6272 5867 15845 13876 18567 19614 5338 18821 7399 569 7250 14318 14886
6587 10457 15748 7111 19454 4176 11724 6003 6461 9443 4799 8774 16093 16564 16473 1560 14331 6165 18554 962 18619 3900 3457 13450 17238 13861
17394 2167 412 15109 10829 3817 13864 1976 16975 2381 5914 6058 1925 6713 10747 242 1848 1615 18145 6152 14631 18410 7105 1432 3861 11894
6239 2727 816 11011 12668 6750 9474 2757 2731 19898 2225 11749 7148 10717 17020 11420 6486 17419 10898 1180 18244 15650 13849 4925 12 4062
4410 1539 9147 3190 12663 15785 11389 8767 18018 19251 3217 7608 1047 12865 19234 12259 11458 17984 4805 14258 9514 19465 10066 19574 7042 16146
13564 10710 2780 17476 1613 9120 1826 9298 16595 665 499 9201 13122 13263 1734 15832 2501 8377 9295 17924 13177 4547 14819 15140 5298 2400
18903 1155 2912 13085 15821 18273 2380 13408 17538 15087 13260 15316 9023 7878 19882 1371 10946 3034 5471 18356 6220 2310 17075 5348 4655 11332
16848 525 10621 18472 15950 11074 11770 5359 15753 11065 14918 2638 9135 15893 13434 6180 10898 12624 15297 17756 7150 15643 5742 7401 15991 10983
11754 7220 1235 12121 2703 18513 1206 3932 11426 3937 12839 5753 15142 11565 3171 4838 10037 10131 18795 3923 2507 9246 6438 15739 16156 7365
18146 15096 13680 489 12582 3178 18259 917 9292 53 11918 692 4858 16182 14826 14138 2726 6520 8422 15665 14875 9253 17533 8323 12602 1418
12305 19486 13476 13182 1479 14841 18115 8212 19702 11078 9113 16623 11906 3929 12096 15126 3277 13109 14658 12304 11492 4382 18541 18467 18957 19328
15040 15321 665 11069 683 2305 9235 2644 16383 4952 11722 3657 2757 11422 18379 8869 4388 6991 1964 19312 11486 218 12160 9920 48 16292
343 16051 2048 11693 6644 8907 14673 3032 998 5040 4128 4101 12012 12068 3647 17096 10618 1620 8152 14476 11019 14318 14661 4384 17347 2906
11152 13046 1790 9994 9364 17320 3531 19756 19505 18949 19177 13060 15786 6842 15780 3521 15155 11573 7751 18921 7807 4649 17040 2566 9155 8616
18552 5121 1310 1998 11282 1048 15346 5047 9725 19118 19959 638 14340 8588 2324 886 11576 5096 17822 14050 8867 1064 10845 16757 16059 4368
12923 9430 5616 18881 12948 17412 11069 2084 952 14420 17946 6478 14626 1059 15050 4340 14906 15646 13074 1431 142 8646 14401 14507 14372 12855
12951 12376 13854 8239 10479 13457 6576 11994 2469 8356 3068 12642 14440 11506 10113 17565 11624 10623 7216 13092 18121 3716 17530 9816 13856 58
4176 18195 19436 6292 10237 810 11800 6928 6811 12409 10852 9044 16013 1929 723 9848 5298 17364 12126 16802 13114 18054 11283 3094 10697 671
7436 7940 12199 1391 18046 15639 5501 2639 8284 7679 13095 16824 1656 13064 15501 7480 11104 2757 8870 9569 17054 6206 10143 17220 17722 8942
11812 6548 14177 2529 8843 11818 3575 14478 19403 6364 18659 11302 11595 18003 14316 19979 18790 17868 1210 15123 15739 17909 14439 5924 960 19034
17530 6388 2031 10073 9558 18465 1499 3802 2082 521 13181 17226 15299 4481 3391 15241 12614 5906 12516 17435 7250 1029 11588 1295 16367 6934
1850 19792 12415 16886 1388 8243 9545 4383 8473 17202 8636 13414 1767 7197 8388 5519 11841 14029 13288 15500 11100 5901 6609 8196 2069 473
16771 11240 9177 13060 9092 17595 5332 19702 19833 1362 19909 8249 15117 19025 33 9315 7864 3397 6869 12005 10242 8388 19485 6963 16455 891
17331 18146 184 13197 19948 18365 18117 18843 10861 18793 9474 10122 18145 17711 17456 16479 5211 13827 17444 7427 3726 19763 5212 11112 8522 16842
18416 3202 17042 4321 540 9681 12258 14294 10988 14096 12481 3034 13465 3352 5048 18195 19047 8930 2308 1439 5569 10956 12767 9593 8932 2320
11431 2617 15895 14128 17067 19397 19759 17839 14441 12809 19044 13651 1607 16193 9386 5407 5365 2744 7262 12328 7140 3063 4973 17900 4568 13862
13450 7698 16481 8144 14615 12573 17451 18220 16390 4274 13322 2498 8521 16978 5556 16671 498 1384 13407 811 10093 3888 3311 5625 9420 10680
19135 10815 14035 11653 9748 2547 12896 10696 1537 1709 6472 3992 7633 9698 10169 18085 11987 12304 5555 17627 6174 2027 16304 26 3692 8292
9344 8260 17 9163 9395 17077 1433 19586 15021 14323 1459 11864 4758 4612 11641 17679 8701 15158 5922 2574 10146 8800 12706 3053 768 13716
18500 12765 14314 12154 4845 16443 5287 1208 18478 16698 10540 7943 495 885 5055 3017 5775 5313 19399 5285 342 2221 8183 154 18935 14767
9394 9220 9435 9214 2002 7296 16843 516 9058 8312 15434 9842 4644 5876 12660 18385 4291 12411 4225 18146 16505 12262 1576 13773 5979 777
17038 19655 13317 16924 14755 6651 2291 11842 13417 17519 10518 3422 17414 11250 17314 625 8938 13025 724 17132 4243 10354 5336 2999 10298 19226
14195 35 5398 5340 3270 16104 4140 18796 12390 11526 17158 3302 10315 19255 14903 1688 8790 7450 1726 19774 13350 9514 17754 9524 15309 4962
8589 17501 2781 9178 14803 1902 4062 590 9308 4666 14690 11854 10529 7243 10773 11795 9428 14286 13167 2723 6972 7652 19621 14671 1969 12704
17465 1892 1988 16269 6096 8784 18267 6199 18744 1766 149 2376 1950 15669 4239 3336 14106 1173 17868 257 19235 6295 12747 2359 8620 14615
8614 11197 3698 14672 12807 2654 18651 20000 18555 7436 19244 19667 12038 10444 6438 4115 656 13795 12952 15018 15886 10829 16473 14993 102 6717
10206 17965 19743 14919 5930 14102 6660 12298 18763 16449 9553 19038 14006 606 16255 6164 12019 7117 19559 13306 5437 2092 5608 353 11752 12947
4576 11611 19103 3128 7458 8654 7095 6036 243 10948 7776 17814 17294 18379 2021 14641 19642 8174 11634 2241 5983 379 14930 19539 3033 10991
3579 18154 6275 3829 17210 19377 3301 10276 1046 756 6086 19741 10848 14107 3273 1843 545 10000 4961 18417 18816 19056 4791 10900 1860 10369
1136 16801 13352 9241 13738 15976 18826 18328 11176 3131 19238 7352 3893 13843 14019 19140 8730 13459 14792 2950 15066 16242 9455 1881 5171 3177
3278 13466 5631 14404 3997 4113 5925 15537 8172 8748 12368 8625 8757 9220 16532 9990 7468 2039 7225 14473 18927 129 19611 16131 18255 4281
10463 14053 11946 18583 13210 17361 1188 18593 1365 13657 18384 16199 5882 8567 9498 9517 1088 14366 3793 15613 19382 2644 14298 2312 9756 8776
2786 6496 18723 5291 7216 11670 18021 11337 17014 14368 17235 1060 598 16526 16965 512 3220 18561 11685 6445 7004 15857 15404 15377 11831 7144
15507 1709 10437 224 2462 9060 5886 8978 6345 8822 4439 10396 16724 4561 10015 6271 19925 17847 2797 14201 2036 7677 9093 15631 5222 11151
11530 18085 1264 18663 19588 11351 5121 327 5720 7319 5766 4902 6063 7939 16205 17935 16857 6910 19099 19598 6181 3433 12957 10218 18516 12182
3490 1181 11081 3453 13334 14503 19046 18289 4327 14450 13025 8471 6524 11490 3122 7137 12791 18469 5525 13615 10550 9403 8035 13819 11427 4403
1554 18659 7037 19408 423 6039 13245 11215 6920 4871 16310 2401 18544 19731 1727 17070 9297 3155 2734 16841 4154 14906 2514 8759 8122 8015
18799 4023 3707 11482 17514 3336 3136 1413 11091 6037 2017 12625 10403 14614 10598 15377 14303 11626 18417 19236 9804 11233 10112 15801 16173 17611
9986 86 12057 7374 11102 5625 4285 10670 13251 16434 8432 19282 294 597 8035 7724 17074 18897 5478 17875 8481 17536 19809 19242 14691 15423
1978 12873 17434 11692 2986 19343 9361 16537 182 1406 9061 735 10817 5776 12129 2904 14101 9169 11166 5868 8791 7545 18573 17673 10757 11695
5167 17413 18505 13259 10112 2473 12656 19215 9821 14025 12301 19698 17372 8305 2275 18922 16167 13516 8795 9579 15150 4725 16350 16557 5064 337
827 555 17453 379 18506 3615 4594 13095 9524 18556 14256 12934 6134 16337 14882 19866 11197 9777 2019 12119 17982 9747 10212 15071 13100 11611
5020 3740 14160 1280 2369 5064 12433 11875 2053 8891 19667 6798 9387 18883 12328 15894 7460 13078 17935 19068 7943 16030 12736 2367 15504 6139
12540 18235 19274 19255 5614 4721 9277 14021 18675 15626 18224 19379 6699 18642 3892 14217 11859 5833 13091 420 11713 10851 12248 5623 7282 11059
13107 12896 12890 10183 4327 8482 12318 4358 4386 8260 4534 16269 16390 12101 19691 6788 5575 15834 19643 14257 6550 5501 758 8440 9488 14124
8911 2969 4305 6784 12709 1988 9990 13745 14650 11667 5371 2679 10750 17242 3210 15815 19509 18569 9433 8658 18303 677 1445 15468 1102 3076
13047 7483 18120 19857 13817 6655 18457 16434 1627 4395 14319 17590 17828 15764 14906 7491 8957 3412 1912 14040 7756 16581 9637 1014 6056 5996
16301 9771 1972 12610 7220 14138 10915 7096 18819 7752 7995 12729 5608 7085 19471 15883 12656 6876 2925 19483 12511 14963 854 10905 4855 4704
17756 5064 13377 18160 19654 9863 12646 17704 7558 4185 571 19658 8912 18479 2766 2596 17473 19087 7275 12816 17013 9040 10593 3555 18039 14932
18047 19599 16309 7085 12991 1235 4444 13240 5312 2500 5545 18283 14373 13768 14707 19245 4456 7757 4858 8226 10071 7024 17409 16276 11924 8446
2844 2699 14900 15934 16963 6923 15082 12263 8785 11997 3924 1295 16226 8045 19959 4493 15184 15021 7194 2913 0 14514 15623 15296 17174 18615
16220 6563 9729 10078 17317 11650 16447 7141 6333 9621 3919 4976 14355 17870 3464 810 6752 9874 18583 16547 18835 14744 15697 5860 14105 12351
16905 5933 6917 11462 5477 3569 9302 3442 10503 8362 3354 3396 13845 5399 10954 19707 5877 4172 15356 12626 6560 12630 17774 18198 4900 8483
10498 15689 15804 19525 16234 2920 12588 1782 4108 16954 17681 858 7446 9625 156 24 3243 2414 5502 17532 10152 1343 10461 5067 10290 15188
17414 17289 16259 7617 6416 4810 2414 16610 15014 7010 9043 8236 15995 5319 5822 2886 11122 9134 15617 1433 12113 4247 1475 15202 15669 177
1602 65 9531 14351 17094 11102 5654 4247 5565 17733 2371 121 3536 11109 2597 13183 3742 17437 5508 9645 13842 10216 4045 15597 7342 6801
1744 13172 15735 8352 4310 5937 10543 13602 8251 7123 14522 16327 12232 3 7776 6820 16923 15548 19481 2164 9393 12617 5109 16544 19017 14838
8796 4152 18522 3330 6136 10790 18072 13871 9950 13209 3843 10694 1475 15853 15022 15833 20 9423 1779 1910 14615 15316 19009 7207 11813 6687
19812 15292 10733 3413 4445 8322 14760 16131 4147 13007 853 4272 7850 16846 19633 18154 9767 12183 7499 6359 1501 15352 12225 2122 3872 4799
3375 14880 4705 11801 15716 16647 1768 9489 191 2239 19826 2394 5362 8423 13363 4273 10678 19681 18330 16786 4725 16419 721 13199 18299 15142
9624 10146 9328 1959 15708 6173 10866 9309 2376 19778 7903 7917 11645 9304 16751 14080 11678 13569 2618 6096 15156 15244 5973 4546 13185 11170
15966 3630 12041 9301 15372 12569 376 9559 2659 723 5535 4486 5311 12645 10186 18436 7512 8080 17520 586 7595 6437 866 16921 14269 12019
7757 12484 4647 15462 18078 14013 2723 4583 3002 6698 2537 15159 5301 5251 1213 16895 8489 15590 15536 15451 9593 8964 9065 12733 18982 7235
2834 11700 6711 15639 10188 9556 17499 7709 18808 15644 4938 15360 15635 16669 8235 11374 12785 4600 19759 13794 19153 6542 14528 17044 9923 10602
3134 12999 16286 17747 4395 12496 10274 4165 12326 9481 19419 9535 19880 7372 4162 13444 15919 6661 10798 1478 11717 19953 18955 13658 14364 13083
8571 6617 10435 9697 8668 6174 10507 16886 6994 10823 13611 16111 1430 13282 6641 12976 8996 11979 336 6713 13443 17323 13429 16094 18241 12889
16825 17926 12937 13118 17822 10626 15229 12762 10829 3877 10641 16097 4160 1054 6841 16163 3231 11338 3516 19316 13010 11485 10981 9017 1323 272
5275 12010 18408 12527 17068 10663 2412 19810 3868 1315 6708 7637 18438 299 11518 18292 16302 9182 19162 1194 16173 14783 9750 13749 3428 12235
2412 3072 10959 17841 2385 13537 8864 10604 17135 11383 2078 8217 16523 17892 17178 12138 630 5490 13244 6042 3637 1054 3682 12672 14877 15399
15316 19963 2033 16458 12792 8264 4436 16882 6363 18484 19292 18044 4727 15189 13693 4599 14318 17701 18645 6225 5448 14139 9489 14844 9636 12112
11452 10099 4422 11638 7738 2609 3940 18425 15337 19231 14227 19654 8126 4670 2992 9806 16106 14602 6268 18822 8486 189 10172 11034 5882 2563
5933 209 11314 9902 6733 6099 12742 10037 2204 2156 18743 18953 3784 9277 5111 16797 18585 4861 10782 16833 13596 18106 11716 1980 6543 4418
5654 1588 12497 17917 14152 9355 11340 14785 3925 11867 6012 4277 3744 1758 11991 14827 16580 18420 1785 592 7220 1822 15807 14420 13232 16858
15661 4688 12295 9192 3743 4394 2376 8749 16181 15019 15050 4573 10374 17328 10258 10004 3604 6389 18125 1237 1418 18232 9290 5467 10537 13068
10362 11187 18947 637 14696 16079 18761 7209 19696 13948 11891 5238 607 8013 2893 13532 10831 13812 541 569 955 2538 7164 6429 1975 4761
5241 18647 69 6917 11832 6524 2233 8382 17098 15832 6249 6412 14013 3494 14987 12876 3077 16359 336 10425 6093 8923 5722 207 15413 10068
11887 16760 2020 10871 13629 5733 8135 2285 16448 4864 12859 13125 14463 9838 12851 4978 10928 13080 10617 14127 13940 12161 19702 12212 4970 19238
1462 19045 18222 5081 3663 17831 8917 10875 4843 13540 16273 10607 5882 16698 8928 3552 19920 1580 14497 13640 12256 13033 2208 3525 834 3012
18880 13217 4357 1247 4848 19275 10104 5210 16555 4752 12187 14791 2348 16719 11500 4524 5466 2560 17775 11120 14781 2757 16934 546 10334 10315
8946 6042 2769 18370 1145 2261 8332 17565 238 8905 12161 8217 6232 12497 2744 11541 16046 13670 2955 2244 8824 17377 15433 12746 1325 7973
16263 3929 11263 16590 16351 4463 3151 5596 11162 6446 16484 69 6907 39 428 7557 1027 11177 14955 11775 330 11282 13742 1365 18051 131
17010 414 16922 16416 3002 13338 4381 18230 13122 11052 6433 12612 13769 1125 2191 10799 3485 4954 14070 14275 5538 18837 6511 12573 7990 16373
2870 13787 10623 10640 4964 2051 2078 13932 8439 17876 8654 19156 19302 1300 15439 17552 6070 445 9816 14556 10495 4382 11983 2056 6181 8466
5402 4900 16891 13669 15508 11418 5777 15266 16189 17606 13522 7595 1819 13975 11135 6993 16783 145 18939 9552 122 10184 18869 19530 18187 11299
520 11494 19899 15853 19066 8834 19702 9847 14692 10429 9562 9785 7188 11728 3833 8875 17443 19426 7922 19125 10437 13274 19893 14137 3118 7955
10908 2599 10562 17285 19520 18432 4902 5779 2771 3816 12506 9060 12695 3789 13406 2370 2657 2288 9771 6500 6463 8007 7186 18164 14438 8814
1391 2026 17728 4979 3506 15420 11374 18362 10800 7197 12692 4286 19622 3598 12402 7549 8549 11993 14386 10925 6635 11409 7759 4572 16738 10786
13065 6996 7519 4846 8606 4761 15535 17774 5322 17840 17529 5590 8391 12488 3438 1127 6990 13113 15773 19562 7690 12085 4925 3252 1973 19265
17768 1614 5477 13744 13681 15448 11893 6429 16219 2504 19765 2423 2232 8673 11960 15379 7569 6210 7431 15968 17320 2394 295 7521 16710 8187
18060 9407 7249 8759 12883 17448 18809 12804 7988 14608 10425 16694 19402 15071 2393 482 8372 8940 5655 16280 7675 12967 5428 1237 3295 10776
8236 9942 9157 331 5775 17036 15926 8640 13131 4831 12830 4993 8568 10097 8207 9461 7780 2732 4948 784 19349 7584 15817 19658 19139 7174
19815 17844 17550 8722 13243 6771 12359 2908 3613 10082 14881 1544 16584 18515 19945 11382 1478 397 7507 9948 12815 4671 14512 3556 8657 16904
15769 16592 6593 14774 1347 11577 805 3891 8558 18415 8730 2235 510 8841 12825 14295 7178 9736 8601 13025 7966 4406 18019 6 7572 295
2733 7086 7440 12359 16997 10234 3420 11607 5745 13961 9963 12248 19055 13632 15245 16632 1932 6668 16354 9565 11853 8024 10661 4268 18641 19540
7117 5191 8247 12518 579 13018 10884 294 9392 7900 14235 9580 13893 1270 18864 15496 12517 15839 16376 10503 17508 4687 17458 5365 3003 5352
4929 7258 2812 17191 5616 3904 9090 9785 9109 9763 589 17824 8949 10790 2176 14896 12359 735 11226 2815 13286 1398 19057 10144 19438 15698
2205 14009 13093 16298 6268 7063 14586 14425 10938 5049 18166 11556 5855 2756 18720 6904 888 7188 12358 9646 6495 12507 15214 6494 7353 14404
17732 6770 11607 11996 2571 7998 15675 14681 14648 12872 7050 16264 15980 5612 18175 5859 7191 16086 12070 11424 19658 3502 7555 2239 9578 9876
18201 13499 6664 14762 16740 490 19833 4387 18598 2077 12463 5273 15588 10388 16187 4212 5476 12255 16528 18923 13221 2743 13393 8924 283 4041
13265 9391 7210 10153 3199 3916 14727 14627 17508 7647 17149 17916 19982 3383 3590 18444 11624 4946 10511 16825 221 14636 19523 5470 15210 7432
9965 19336 9281 14640 6724 5446 13050 1599 789 3995 10097 16330 2012 11853 19928 9457 15775 11975 4732 13444 13513 9125 10885 4493 14367 18792
9877 8543 14820 5271 11562 9350 17981 19947 1772 18024 2228 17532 41 9587 18461 13467 11001 14122 7876 12461 1944 10053 18521 16893 18628 17031
19751 15547 6731 14286 2726 12417 3124 9971 5755 15489 9502 14105 11861 16100 9816 13982 2012 19198 6413 1176 1260 15329 6199 14155 11055 18255
14390 11934 10552 18302 6086 10326 2496 17764 2982 6670 11143 8495 3176 15322 13196 13401 16803 13211 16750 17970 16220 5200 18819 11522 11445 11439
13385 16940 12768 2466 9495 5686 10669 16617 19241 15802 3141 17403 2525 10166 4786 17543 5838 17727 12962 7960 9020 17460 14032 2037 1013 3660
16768 411 16273 12958 19878 3341 826 12696 17544 17506 8406 9518 12337 8101 19977 19341 15106 1423 1687 15666 9991 8854 11223 664 12745 5995
5853 4509 1137 9965 8246 16487 12795 17347 1051 14810 1390 9039 19588 10968 3521 12997 8117 5420 2623 3718 9888 16421 9852 11784 4911 2187
17840 8484 5394 17730 3191 226 19865 9071 2742 17097 6694 3374 3897 11598 676 112 4497 9401 11668 13733 19271 231 14361 8191 13230 8028
1863 5349 7028 5378 4887 398 14501 14345 3199 19617 13009 7370 4195 11373 11566 5479 8076 12964 14229 5662 7484 9145 8012 4635 1202 4141
11151 15999 10494 14071 3986 4391 18823 320 19369 6969 10818 18677 8096 7616 12428 6336 9138 12067 18389 15565 9351 6905 19393 10440 6522 2514
958 19048 8864 11788 10876 1454 4053 8794 9605 5054 11715 11517 3634 296 11372 2140 19973 9369 16729 11741 15495 15099 3317 1730 9207 18854
3867 17177 1199 5702 5867 2319 12616 17071 9345 17094 1125 7645 10700 17503 3664 7029 1703 17656 10261 4330 6958 13166 1730 8430 1496 11500
395 14936 15265 1232 5743 1422 19622 16476 1763 18329 16961 16835 3403 2378 4384 19237 11885 2073 8871 2664 15816 2102 6251 15026 9888 10441
8140 13701 15614 1013 17591 9502 8926 18644 4227 6076 19120 17209 4506 11700 2217 19325 16737 19391 10454 14150 1149 9685 13825 15728 5769 4970
9114 4201 10936 8134 9732 19174 10933 9997 4841 13044 18197 18177 9582 5549 4365 9585 17336 17283 5689 18494 11522 19615 13806 14572 2821 2024
5152 8722 5123 9901 17015 193 13021 18152 1142 10156 17650 5430 4895 6929 18090 8695 18108 4322 14072 731 19875 16888 13845 1765 12119 10038
1210 67 16383 4189 2026 13579 16383 8359 3419 4747 4632 16623 10937 3913 6678 3392 10435 2123 6452 7350 3986 8359 10090 15257 11237 14459
10526 3993 16923 19075 4130 144 12409 7136 5859 15027 1155 8403 3929 7477 10256 5976 15788 1998 528 14778 19387 14885 7690 14057 17422 3975
3394 5299 1868 3223 18788 7942 4447 19632 13334 15367 8175 11915 7166 5456 402 1041 11915 794 16532 19739 929 15423 16264 814 5966 2177
13587 9180 2714 7256 13158 2195 7474 19383 12527 10831 1853 7632 3132 4389 15066 15750 11611 11788 11132 4983 4658 7759 13729 12512 483 14194
2060 16481 10579 11532 13511 5046 4094 1288 236 7310 10109 15994 11811 12840 4024 18129 10655 7586 17632 10766 17926 5328 4779 9474 2121 15390
7391 8878 12966 10659 4773 4840 18377 9939 3394 11756 10436 7003 10724 3002 7696 11050 10724 2704 7063 7252 2065 13239 5309 9906 753 8005
8253 8444 9041 18366 1701 4227 11027 9175 9847 1413 8890 11383 13565 7192 9038 5631 11756 19237 18082 17502 6216 13441 15409 11122 8997 7892
15596 1977 4420 2213 16791 13351 14466 10605 12001 2789 4881 19093 6340 15001 5037 9603 16325 3247 3970 3639 10407 15618 8275 8411 4053 6555
7350 10187 18835 8115 16654 3736 6120 14093 7153 19913 11410 18911 12513 12504 7563 10009 5318 12668 19058 12388 241 523 18125 14577 10516 14257
19767 3525 8789 19702 5930 11987 14261 19446 12674 2802 19972 11657 17816 4068 7971 543 15392 8445 4555 2756 16978 9578 11684 4985 7170 15731
4162 2332 5183 14765 13827 10382 7955 12956 9472 14388 12676 3043 17537 2438 3887 997 18005 6271 19989 7725 41 7920 17699 3310 11854 12062
5479 19474 15505 15057 17683 18439 5243 8235 8629 9587 13483 2910 15979 16262 10218 7284 12236 4062 8404 10148 13046 9059 6744 2297 4482 5364
6480 4499 1644 8455 14551 15923 6849 2263 6929 9502 6840 350 5903 15246 7206 10253 17113 12947 12222 10543 1320 13952 15632 5381 3564 12459
16741 11503 1909 242 8983 7614 4410 5947 15098 16247 7613 13698 8462 9517 12227 11813 13453 8646 14300 3768 13077 11043 12122 19137 1744 2623
12926 17566 1218 10900 1636 12081 9251 5609 6073 9835 12119 10618 15839 12059 5225 11619 18027 10718 10158 298 15053 19142 15794 19295 17447 15678
5978 16367 19329 14933 18032 19976 17754 17180 7058 5316 19829 17470 18536 13954 6171 16786 5598 9219 137 7078 14289 2660 17938 6959 1534 4879
4873 12677 1502 15852 14567 1109 7679 17194 13252 7829 11685 1719 12496 9033 7682 408 12019 12776 15281 15129 12257 4881 10251 2642 8544 7338
9147 15805 884 17069 16700 11829 7483 1930 8349 6386 14087 13500 11910 8155 17391 1885 4323 10276 7583 18114 4494 7160 3036 169 10711 4648
10423 3389 16049 10967 15788 16710 3131 13672 18681 14857 13037 19315 12145 13501 18074 7914 19085 820 7675 8719 6903 17330 5496 13352 6264 3343
17530 52 19150 605 17269 16197 9921 15459 14928 474 10702 714 16709 12627 19198 7985 2565 16252 7861 18543 1712 6518 11212 10903 16519 13010
15926 8100 9199 3508 16702 3272 15717 4234 6381 19073 19085 5827 15980 13520 5941 7829 1106 3108 3329 12010 12502 19403 16355 4122 9601 4185
14990 3179 10343 3856 15954 2525 10055 10301 464 8842 3537 533 5122 15058 11271 12394 2003 3683 3677 12287 6743 17025 15842 4990 10409 16674
5827 1868 13200 9182 4740 152 19265 3528 17831 2203 2069 3259 5672 1199 1857 14763 9673 8102 1401 2266 13053 8571 9219 2397 7244 5730
15084 10769 18406 13412 13166 8944 8517 6857 9988 14774 18544 14679 17863 13159 2625 12952 16591 4264 17282 3695 4835 5285 5892 12711 17034 4172
4502 5165 18087 10980 9325 19825 7537 7975 11271 18712 1600 5549 14395 17364 12265 17747 13441 9514 13393 19122 6623 11203 1372 8532 4920 2503
17083 10179 7489 18999 895 4356 10628 325 14367 14733 825 10749 17885 14890 12967 3078 3285 16262 17808 6095 14183 1274 13794 13017 14055 2944
7282 3893 1818 9117 12310 19321 13502 16040 8361 13233 3679 10229 10833 16524 10634 8597 16347 5612 2913 8959 13663 1619 18399 11435 17902 8916
12768 16979 19660 7175 143 14850 2989 2735 15410 7924 10874 4122 549 2942 12369 5199 8107 19038 9325 10815 2663 1255 17511 4816 4853 151
5980 873 2143 18330 1292 4015 1028 4252 3513 1188 18724 14660 14847 4782 2747 10405 3667 16106 17635 198 16955 17374 8215 1062 11789 13995
15485 16561 9523 10626 16954 4790 7235 4530 5659 10066 17366 14861 18154 9818 16908 9399 19968 15139 13229 6372 4684 13793 19256 5921 9488 828
14198 13048 3802 10069 9337 7003 19832 13301 19715 4845 3932 709 6995 12591 8802 6618 12738 18351 10672 824 144 8038 13106 8193 14068 6607
4319 5140 254 14094 10350 8671 6589 9553 4756 128 9175 5271 246 18295 1738 7522 401 8519 4982 15481 17680 18312 10337 11626 19978 409
8456 14446 3161 2246 4535 7893 18323 6864 11674 6226 8820 14839 6269 1947 18343 7395 8966 13057 7032 13768 15141 17512 9608 917 17775 372
16727 8255 4618 9931 6789 2884 282 1498 16186 10765 1234 16924 10975 14564 4411 15245 13666 5964 9794 17346 10494 3270 647 12012 14059 406
16408 13747 16789 19919 8061 1870 5249 11083 18450 16054 18262 3077 11101 16213 19492 12980 4801 16835 14888 6850 12106 15710 5690 14211 18651 1915
19039 13921 15074 14257 908 15686 9551 19723 5739 6736 17090 12303 4283 10785 16390 18934 10879 17107 3657 19772 7190 19117 19921 18443 11857 13719
4051 3296 12045 459 3812 3529 4118 10958 815 10558 7861 1313 9964 18570 11085 13139 7410 831 17593 7680 15912 15673 15728 14445 8319 1232
15181 14507 4919 18046 9893 16034 9730 16526 9900 17115 14824 12992 8217 6435 4788 17501 15667 16165 1240 9463 6608 2683 17998 1458 15500 1624
15706 8064 17076 17693 14006 14184 14046 14661 2586 2937 5274 12338 5647 10182 8921 296 18182 3991 16581 16674 19998 16700 3525 19368 13574 4179
17015 2939 13678 9573 17680 5254 16562 5567 14202 2646 5513 18460 15081 6188 7759 14715 5283 13205 6200 3425 16623 12052 9217 18562 19296 9971
5212 9488 3106 3522 3030 14863 19934 18078 6072 14185 1128 12161 16367 4397 17778 4017 12961 6158 14976 15414 1451 9030 12295 10162 1542 10451
15403 14615 5811 9823 13131 9944 484 14019 3787 14275 17801 5481 6128 15394 3613 14465 19462 817 6795 6651 17428 4351 275 18408 11584 12800
6596 1171 8472 2457 5172 15836 16099 8764 4865 7153 14 10449 3078 10014 19450 5473 1405 6467 18123 3833 11077 17260 11070 8734 12796 8380
18740 5404 15833 17042 6141 1430 16644 14652 6575 11495 2373 10834 16751 6242 18293 15676 15677 7850 18264 3672 4808 12250 18457 1940 6779 7643
19594 4981 9004 14724 18386 19057 4538 11827 17075 7651 18610 15654 19430 15660 4169 3914 1132 3344 12643 728 3504 3913 5873 15535 5900 17277
1890 9456 19913 9285 10680 10833 1198 12636 19183 1319 4267 16445 19153 19 13638 3931 18000 3383 17896 2610 1778 3180 11213 7193 19951 16675
18353 7990 8096 48 5217 1107 19167 399 11683 10489 3435 13321 13632 7081 3353 15220 17171 9937 163 3953 7481 14644 10106 17632 4959 9694
6806 4155 8170 15694 4239 11384 5396 4247 10959 8018 15031 16362 13255 4471 11231 5659 8544 11063 1016 16374 3212 8016 16914 17786 3639 13821
11989 344 705 9065 18133 13604 10430 11376 15761 16298 17314 1671 16549 1894 15007 16789 252 17434 5227 4992 490 13577 16619 10278 4221 4008
11246 12992 19130 16520 9478 7405 7523 13512 16318 916 4096 15047 8912 18415 16223 13584 5400 12124 17757 19118 11389 13550 13448 7469 13181 6323
6265 6266 1666 2563 16918 10651 6024 3098 2374 8744 62 1354 1853 17563 5408 5143 18017 8437 15677 10688 783 166 8276 15520 19802 11151
9705 1174 19780 10210 13113 15128 10223 9326 14069 6405 19967 125 9722 3733 13098 19362 7965 5796 12045 12594 13229 11220 8158 17574 7067 7287
1811 399 5508 17924 3199 8279 16543 599 9998 7110 13684 5105 1893 19050 19864 13267 15000 19625 420 9596 11216 6789 6539 7766 6592 11081
1827 910 9406 1886 7726 17030 11032 18333 11025 7601 6609 1065 18583 8723 17082 3154 11371 16111 17307 15096 13640 6589 7761 18595 2855 12585
18732 5714 3401 11411 15759 4287 3527 1874 17136 17381 10233 872 15259 14990 18604 6752 10813 13615 16497 19210 5459 562 11540 9692 4610 5450
19117 17308 9423 19858 2063 19980 9977 5989 15945 14150 8802 2765 17131 5853 2663 9828 7669 11477 1868 19081 6160 17609 3755 9151 10135 11458
16919 12018 14086 6389 10305 2701 17841 15310 7774 7706 8004 17602 8189 7722 6765 11837 11329 5788 9071 13549 17629 17212 7478 8979 6283 6309
18973 15382 16815 4164 19350 16850 16870 9075 18038 15678 4032 4082 15766 11546 13433 10811 4482 19295 10197 19484 5408 19324 7220 14400 47 1714
18470 16455 10679 16882 11200 6694 15891 4162 16918 15729 12883 4405 14557 13912 5489 17653 14427 18959 17730 12244 1185 19082 9382 8649 14942 17266
6513 11046 4177 10162 18155 12060 2542 19472 76 12350 19158 7652 17193 8728 11170 6255 7066 139 16595 6175 12602 4745 13805 4922 1258 884
7681 1736 2569 14445 14944 19184 16973 1520 8362 4488 7036 768 2585 17916 8438 5576 6409 2198 10358 13361 7177 2715 3165 12820 7390 7219
2645 17528 8325 14358 15219 15564 17244 7244 7245 13470 7018 5619 8646 10799 17524 15175 5505 5268 16623 8569 18198 12719 14804 14299 2657 13607
9124 18999 11780 12742 6150 7854 1728 7838 13196 5235 13301 2363 9518 15258 6519 13059 8017 14969 1258 18604 4757 7635 6259 11182 17163 5692
10185 11487 11840 9971 3128 9410 19325 4308 8118 19756 14146 1082 2667 8290 9411 10546 6845 7025 16209 19261 16841 17634 8864 19745 2733 18721
12862 7520 7370 7347 10760 8550 12635 8845 18398 17256 8116 4276 7845 13663 13542 512 10328 9986 16166 15345 4298 3819 15576 4045 5016 14996
1341 4554 16020 19017 13507 5018 5624 7390 8963 16380 15656 5676 10472 9448 10684 14637 12056 18434 7221 8867 273 196 13546 15448 7535 8575
14452 1086 2438 8237 8649 5761 11365 8289 5871 1207 15015 10906 16411 4691 766 449 7326 8465 4889 10699 8389 13404 4606 5319 7589 14089
14924 10711 10487 1424 456 12875 19230 4975 18661 16818 12140 5092 2427 17589 19533 10895 11404 3025 18329 10606 6624 16544 15639 16887 10337 3692
8468 1393 14543 4033 18999 12548 2069 19553 7297 17234 13727 6843 6042 14159 2096 4442 10233 14566 19442 148 9222 13645 14948 15166 14886 15028
1510 5410 19412 5958 5997 19344 5412 2150 18231 5754 7330 10450 12075 1097 7947 18404 11714 17520 14712 8180 15694 19410 8803 1763 4090 12718
18135 13393 5667 6292 10596 14673 224 16992 11729 3803 1856 13974 17000 12189 9518 4961 3245 10764 18930 3752 17955 12197 13178 18335 18094 6421
19029 16065 12025 17045 5655 6691 13804 13113 3851 7263 14329 11651 16692 19730 7409 13413 10557 28 687 1004 19531 17679 7369 16479 2044 6824
11890 6476 7446 14381 17151 3374 3022 18472 9457 2120 18215 1258 11989 15027 19318 11244 3033 1092 6091 2184 12418 19498 10711 19778 4550 17533
11481 10155 6545 9993 17047 3039 970 1056 16732 18194 17759 3310 3553 19182 16326 3233 9974 19999 16086 5200 17509 8015 2817 12609 17271 8298
6715 14061 5587 12965 19969 560 8768 14283 19859 16540 16332 517 19666 2529 8732 8688 8852 887 14815 17527 6610 1313 13717 2618 1142 9678
16285 7658 18662 6313 14803 10708 3020 11700 18235 3276 16783 703 17028 14518 10350 3275 18141 6383 1771 7714 3137 924 4149 874 11210 9050
14013 14623 13802 1912 8081 19671 13340 1166 15860 14257 8301 16086 10048 19231 386 1413 7571 18613 2444 19751 2498 12032 16857 6293 12889 9410
18047 11939 11485 14873 4563 4112 7035 14098 10199 8657 6126 1565 12541 4322 16048 6439 7036 19552 11628 16435 15403 17509 11383 14258 3364 11650
8275 1644 19432 1562 1115 10330 14012 2953 18007 13531 16252 7683 2792 1728 16149 18135 18741 17618 10335 604 10404 5818 6156 9686 9532 12180
8779 8859 16524 3511 1451 13013 12083 11034 8634 1807 1549 6330 5011 16497 13901 7485 10990 3199 16132 7474 12684 17081 580 10200 1525 1034
1054 19716 11838 13314 8299 5664 5135 4766 83 7720 10880 17834 1727 16476 5422 17099 12095 8165 2381 3424 8977 12776 1043 13380 14230 16864
7838 12182 9407 9031 16240 12263 737 6665 1085 9672 5742 10416 19829 19844 16064 4986 261 9189 12201 5940 16345 9797 18558 8580 8085 3572
18644 1590 2818 190 12151 14809 15345 17861 18732 8298 19945 19963 17723 14367 14865 7669 10673 17726 8553 7571 14483 15952 12167 6211 9716 12159
4959 13166 9085 17127 16774 10795 8242 7374 7512 6988 15426 6396 13138 5734 14078 3255 14581 4197 10168 2164 17366 16368 19513 13613 4410 19741
17416 16053 14225 1734 8634 3688 4584 2159 678 13130 9974 15880 19562 16768 6531 8040 3760 13359 18632 7150 5142 13667 8098 9317 16749 15615
10422 18839 10960 7219 19332 10382 3659 14678 3164 1383 5840 12321 8729 4993 14234 11601 5236 4943 5839 18861 1518 5824 9618 5315 6946 10056
9478 1072 13859 19823 13279 1690 17667 15060 12775 1454 6940 3546 19670 6848 87 18056 4647 10538 2680 2122 17494 10896 11993 6889 822 8449
577 596 11623 18859 3016 12472 15759 10824 19038 18387 217 10314 11670 13307 17837 17582 6840 10839 18215 6135 16896 2270 17171 15325 1059 14650
17934 5830 17223 18389 19295 78 5703 7539 17216 19892 7593 16907 8011 7940 4096 19278 10419 12748 14589 12846 3961 3949 7978 16142 6070 11921
5896 17948 14883 15858 9739 18540 1524 2623 9514 7195 19740 3391 19447 12841 4800 8954 19340 12894 18932 10822 3230 18211 1525 2182 6875 393
3583 6613 8723 4036 922 18736 5605 4443 4150 9704 2968 17575 13143 2022 1473 8896 7106 9013 569 13434 8910 6380 15072 9661 15563 1110
4156 9322 19318 14369 3752 47 18793 1365 7720 7748 1202 16005 13737 7661 4972 5342 7895 15833 12206 17667 13846 10534 11910 18805 19586 2728
860 17636 7326 994 5895 13244 16753 18902 19651 4513 14814 12134 13167 13433 8549 5975 2800 5420 6071 13672 5129 15024 12792 4678 12916 19294
11739 19308 13420 9279 113 1414 17443 6975 4179 15212 13112 5124 13251 14628 8966 2059 14819 9708 10848 7692 5810 6772 7830 19756 11160 19828
9083 19700 17540 1201 19773 15538 3879 8229 4534 14575 5578 4091 16038 9811 9518 13481 17820 8608 77 3546 10243 13560 7977 14992 10820 9769
8331 7566 5715 18579 18187 10436 8295 3621 18391 15895 5826 1661 5449 19259 326 12115 1895 9579 15071 7254 8038 4298 3283 19365 10731 16236
2211 145 10114 10888 17928 7881 17617 1153 18622 19677 11202 6704 8061 9882 9493 6190 7485 5621 9181 6024 15444 6816 15334 1497 19010 11020
18316 7112 1998 198 10390 4254 13573 11676 4488 16749 4961 3942 17839 4397 680 16771 17578 10772 16846 3672 8509 13854 16580 10009 1100 11073
9805 10378 13759 29 5967 2474 19269 19321 5718 1399 2857 9173 14358 9239 274 5088 5774 8987 675 12780 9299 10325 16429 8807 16982 6148
3991 8753 15687 18373 1465 18086 5631 11980 4434 13038 19234 7938 19128 1809 11008 15796 2966 13525 5902 1014 12448 13816 2999 6244 3883 251
19633 17125 3645 15737 4704 5123 8989 17525 17608 1393 7765 2520 1268 12925 17857 15623 15328 15484 8303 2983 14615 7871 4998 8597 6450 8639
18188 2335 17485 15747 12858 3286 8746 12548 9981 15148 18159 13701 11753 285 5839 5662 19040 16681 7781 9885 18032 19242 2409 3470 3022 4205
16471 18460 1805 11831 6457 3771 16933 18871 16551 16028 2656 6837 10787 6970 4950 13719 15951 5978 19400 14865 4670 4855 14823 16795 14188 12452
6995 16667 4277 12012 9826 357 12694 13782 16935 9907 19457 5396 5701 9545 17721 3477 14880 627 10995 5481 15841 6186 12209 4358 6924 15644
6093 7924 11073 2902 12412 15612 16470 15568 14589 2183 12959 8696 19813 8245 12801 5435 17104 18179 16595 15916 9169 14555 16063 17711 6907 2890
10996 13434 3185 14170 15503 8753 490 18821 14743 3057 12483 5822 14731 6246 10483 15714 16399 9136 14334 14038 8965 384 19823 4679 1582 17237
14048 12208 7103 16464 18671 18781 8801 12181 8414 13090 16330 18070 18050 18734 6268 12227 7551 19916 18216 3871 17140 9268 270 6817 10024 13546
8945 7270 5580 2069 19874 15091 14920 18785 7320 2439 19417 17430 15772 11877 7262 17038 19115 5821 19712 5516 16434 19977 16696 16659 17193 16649
15331 10565 3208 10509 11331 2982 12468 13437 15336 4780 12036 10747 17349 4102 1035 4145 10236 9854 12560 3687 8160 15622 15349 18219 11537 17820
15817 15753 4470 7564 2363 8359 9113 8240 17090 693 1678 16625 18044 5329 12823 1497 3882 11237 188 15319 7198 11819 7855 13080 13406 5667
6179 12410 11377 15275 11817 1145 10528 481 13214 9059 9587 16629 18833 19670 1091 12169 1918 5636 10315 18690 2467 13318 3168 18269 7266 14465
4200 18851 16482 19914 14135 16212 19146 5881 19612 16025 9646 12453 19828 14340 16096 4888 670 5987 5100 14047 11218 608 2996 2619 10081 8349
19750 3133 14928 3685 1331 10875 1413 19757 7841 14101 217 4485 10164 12416 7566 14815 2533 11264 7129 3912 904 7016 17972 9069 9881 10793
3601 19842 1105 13164 4156 14359 13461 10592 2154 2295 1979 9577 855 6404 7531 17597 9072 13712 1671 14946 84 124 7519 14644 11267 16448
6980 8121 12219 7719 10643 16200 19031 3848 6047 14198 4940 14054 19619 12382 18036 4901 16490 3281 13717 19323 18921 10631 4408 675 5917 6928
19773 13506 3958 11845 14771 6469 14485 4465 1994 14497 5648 8801 6305 138 16503 18063 19052 7165 17520 11203 2004 3876 14451 1898 11902 19884
11100 2129 538 3390 6916 1071 347 6227 9575 2580 13452 17664 10178 7672 1976 8759 3724 9230 8872 7808 349 1361 2452 12399 9412 604
14612 10580 14137 17693 3121 17756 19323 5255 3172 476 8134 3184 10433 19090 13033 3511 16814 14576 1952 11115 2472 10169 17283 13122 8235 15730
18374 6216 2141 12144 5126 6868 9817 5698 14754 12859 15028 17235 11057 18140 7682 9885 6698 19691 16090 19257 218 17293 18318 3592 10647 80
5090 8060 5266 8512 2587 7831 1058 10919 17315 1618 5873 19740 19311 12271 16785 8351 7586 16950 10514 7951 5306 902 10288 443 2764 17062
18838 12391 7210 15492 10156 17735 7770 18395 15521 3483 6722 7977 14407 18717 16907 5478 10553 4319 18948 8794 8162 3288 5956 6613 17189 6991
8839 5559 13381 3107 19146 18419 11781 14598 18620 3064 4133 18844 10191 11965 1570 11508 9294 14714 5928 2144 5188 9197 1475 18728 9372 6868
682 4272 1539 17988 5918 19328 14986 11781 16939 10819 5882 13738 10045 15687 17969 19574 7036 4699 584 12411 1817 4425 2200 6302 5588 1084
3776 12110 893 10928 17071 16425 915 927 13743 14556 6393 3425 11626 13472 17059 12561 2176 12595 16823 9303 7961 6259 8947 13933 18826 4556
615 7366 16541 16984 2391 10031 15137 17005 5788 13818 14640 8843 14205 14046 2971 17012 13493 12489 6196 1702 9050 17238 8257 12678 15775 5440
13925 7939 188 12433 4829 3611 5634 1713 10301 13542 17171 4475 5669 18467 8065 14978 573 3553 5566 11197 7448 12956 15358 17664 19714 16575
11315 9298 10988 4469 2735 15188 1343 4826 19548 15698 6980 18330 16942 9144 10064 4339 6865 2847 15448 19129 17009 13746 6891 11650 15690 13380
5696 1427 5117 16999 2907 4928 10666 1121 19719 15020 5385 7297 5467 17849 5826 8743 606 1123 16181 6148 4817 19087 3989 10970 15103 5846
2767 9780 10679 8842 5428 2596 856 15322 8040 9516 19281 7849 12667 5362 19316 16553 15858 10845 4818 11594 10088 18064 14241 269 6597 5874
2349 18153 2186 4901 14031 16032 3694 17785 318 5596 17332 15192 3426 5537 15504 120 18072 15035 12708 19498 7387 14209 4734 14689 10930 5955
280 10597 13053 13503 16758 13079 15902 282 17368 2895 10266 14968 14292 12987 7203 1938 13818 2493 4844 14301 17938 13391 3533 9089 3592 6446
6297 5859 17817 222 19406 4666 11188 19215 1852 11901 16145 16164 16472 5221 16019 4906 16483 17031 11192 17685 19388 5857 15957 9020 8452 2480
16656 8576 15892 16938 9839 4017 6037 948 18018 11379 7446 17343 10135 12341 5627 11179 10869 2414 13010 12961 3431 14219 18055 30 3675 5329
9690 16549 15868 3223 5789 2668 1150 14456 17947 1469 9166 17159 19439 14588 18592 16908 10645 11537 10205 18904 5349 11934 19619 4324 16287 13117
51 10346 9521 12641 9648 9132 11079 16564 1971 13587 14373 3024 16180 12471 16384 16023 6469 376 9941 8289 2836 13858 8035 16700 1721 8732
9853 224 11620 9915 18148 3295 16973 10243 17619 8547 9096 6134 6368 18482 881 7935 7498 16114 8108 16647 4483 19892 18607 8269 695 12375
15361 9334 16780 9966 7955 4814 13768 15475 7795 18533 19311 646 12652 18994 639 9571 11950 17048 7581 16873 17513 11977 18761 1703 11088 11272
14693 5664 10187 17534 17536 7551 5934 14186 4685 1748 15142 16670 12685 12289 9270 12605 6663 12913 19752 9809 7875 1074 290 18279 10524 9954
5706 4709 11729 14561 17159 9424 4911 80 8704 14012 4246 19272 8377 15722 1468 16502 16977 16545 17460 242 10599 1704 10296 19475 19141 15066
8002 18524 8341 6874 1461 17332 1715 12098 19662 8689 6945 16210 5149 17755 19601 9386 615 9787 4353 4771 1385 6517 9507 7538 8562 8125
3375 1202 15661 10501 6630 12066 7019 10120 13570 7538 5007 7504 5497 10669 12793 10971 8594 8844 13160 18605 15210 14285 17044 15447 9579 3712
14841 7040 14710 19522 10456 457 5118 17146 19018 18723 149 15163 17712 9552 11137 9932 19831 14084 5508 13145 4855 6501 15977 19652 8096 4742
975 1284 18545 1606 3474 8576 3042 556 18112 19054 18929 19714 19164 19815 6617 16244 7475 2341 8838 17624 3697 15174 17445 19629 10511 3634
1486 16969 3308 22 2714 10707 6102 8476 9112 17261 5329 8409 12503 14274 11504 3022 18197 17543 17868 16816 17514 17726 491 211 2635 17577
14120 16444 5119 18353 2911 14141 9172 19207 2597 18781 16634 14570 3342 19137 4180 17474 12597 3444 18685 18672 19044 13167 5142 5880 14986 8242
17348 10843 18644 5717 15004 8373 13557 14974 6888 459 9278 6761 9269 9424 8713 4556 11145 17693 18610 16038 7100 14496 13022 9487 10191 3597
6450 16600 5632 269 438 3641 14136 16050 9722 9119 12199 5448 9797 7034 16123 11847 2984 1816 11663 4552 5834 12722 2596 14768 7918 11285
10104 10465 17883 12697 4109 17606 11129 16196 7324 10339 6295 739 14748 8371 1980 4792 10790 11150 10715 1565 4228 3688 12303 14848 5947 4769
4225 8280 6226 7023 10028 8292 9214 16179 5155 7299 462 3320 16790 18924 678 4562 5951 5987 6110 12968 15689 19224 2771 2671 13853 10500
9374 11202 3282 10051 6267 9363 6476 19024 19411 3020 6561 1703 9018 19631 5162 5327 19909 57 7408 6197 11012 13471 16600 3221 14704 12427
8915 17873 14988 9627 8178 18334 7985 17913 13010 10138 1543 356 255 4197 11031 17464 5657 17025 12140 17589 12241 4596 6925 4921 8887 5728
