365
60 24 45 78 45 82 83 25 35 41 63 90 47 22 10 88 10 26 43 99 2 28 58 48 87 26
1738 10078 7952 4338 14446 7223 18112 17818 15518 19992 17071 3039 16328 2585 15292 888 16443 4305 1818 10521 1330 7252 1908 17079 15667 241
713 19103 8741 2683 16559 13027 2534 14158 17724 2317 8401 10449 1496 2221 11141 7352 3837 18835 15085 13033 1592 16982 11996 14453 9922 13126
2493 14063 1267 11520 13853 2211 13125 2873 10701 6175 6437 9242 18575 823 5751 11440 12398 3056 2854 18965 1239 8844 985 10711 15795 12452
871 3793 15590 7720 4823 5545 19387 15870 5224 4776 10124 9881 15468 4088 12129 17666 17396 5969 9866 2161 2537 1504 13951 13208 15624 12427
19438 1193 9314 3735 12433 303 19544 12271 12581 5276 17403 9494 10757 7069 13023 10598 18708 15134 188 12263 1404 3524 5408 13333 18123 11634
9094 1388 17136 13973 4382 7131 4279 10290 18287 5303 7013 5388 14654 6820 8139 5872 6607 15479 15411 11390 6177 7467 8515 14471 19807 13627
13464 1826 11743 12088 14230 15396 13119 9799 3457 18607 11408 2320 15467 11710 12752 7332 17471 828 3698 6978 18667 17336 16557 5975 16257 7356
12135 18569 12785 8177 18481 455 1827 9641 17608 5747 12130 2362 17587 9979 6155 19677 18580 11852 18220 15080 13203 5448 5771 18259 18949 13957
3554 5445 8788 10376 17666 15159 4528 13981 17419 8264 13897 948 5617 6346 19481 18980 2510 8138 2367 3337 15008 19026 366 10263 1329 7365
16025 5206 1698 12064 3432 2777 2420 11810 11274 10176 4262 821 8923 13154 15055 14786 18633 9599 5977 13054 2037 13920 8353 11979 2346 2682
17462 13390 11495 19223 18061 9227 6623 4876 19343 14502 14558 591 5154 9763 11456 8058 1478 10232 4481 10446 5890 7228 17484 17670 5414 18932
6686 17147 4118 15889 11537 13986 9798 6762 16134 14869 2234 8463 6487 7985 18928 12098 8384 14179 1341 6966 19335 19479 14357 10532 690 7401
3253 16512 4533 5578 9209 19152 13040 18105 11216 6738 16806 2543 15221 11127 6994 192 12243 10230 11208 10295 3194 4315 14847 8404 14565 15749
4085 5833 14524 3232 2032 9825 3421 1288 4642 7759 9955 6745 15520 5691 14233 10380 18353 13565 1043 2098 4334 2573 9963 3757 4542 16040
15751 13910 5021 9011 5087 13699 15254 4797 18048 3344 7867 13126 6017 19501 13657 8553 16125 19676 16449 5595 10433 15498 12270 18230 275 15340
1835 15934 7434 7531 3075 14498 14909 196 19844 6838 10477 16000 1562 10642 13967 424 10366 5133 4001 12711 7277 18943 6369 8195 16930 10400
4024 677 5044 16130 11227 13638 13723 13078 11096 9560 10926 5135 614 18506 4108 11078 10510 11324 7969 5310 1134 11457 3636 14566 15243 14338
9669 10056 5764 6595 15641 8744 3343 8588 3803 14584 8555 10732 10563 7573 9016 16874 16211 15876 9678 6301 16220 16009 14778 12355 13941 17429
10827 7653 4118 16843 470 17397 13515 12959 1294 19289 14762 19631 9078 14588 3123 713 15268 3661 10460 6852 8457 348 6091 19216 13264 4954
14379 17714 18259 13104 14082 12068 17853 19172 2446 2710 17389 1408 10941 8014 3301 15005 7376 19716 3088 16342 4980 9416 18586 10661 1969 5679
10101 3486 10515 9530 19360 12056 9315 12516 13950 8886 14315 17340 2852 4201 1187 8361 5820 13597 3584 2009 4478 12798 12759 15951 11083 18884
306 14055 1856 15059 19627 13985 12425 724 2501 2738 3703 251 1816 12843 10634 9679 4899 4917 2215 10249 369 4876 14543 8486 18172 16892
13485 8165 8183 13823 18039 10052 15528 723 8050 13091 16322 16919 10988 15391 13365 17789 13120 18798 8139 6130 3820 5417 8842 16239 19759 15830
1463 7023 19740 8213 7450 13467 16932 10991 11996 18300 3037 13800 11590 10677 17796 11984 4816 9892 14326 16702 12709 16403 17059 789 17507 1060
6105 5680 3548 8683 390 10422 19231 10436 14270 14864 12563 160 9042 13418 17267 14968 14519 13612 12980 13371 10673 10201 14344 18742 11142 11978
9518 6863 13300 13989 3411 14297 1375 400 16326 14222 12810 7525 8644 4088 7272 10957 4203 5481 3956 17610 12325 18874 3674 4161 14116 16118
3019 658 19118 5258 2223 8206 17987 18637 10500 17868 1989 9421 5311 5637 13471 9433 690 12057 19481 5306 9395 16777 4653 3905 1502 19051
3952 4216 10329 17794 1632 16290 14618 8765 2737 11445 9811 4573 14373 11616 12014 6806 13604 8013 9687 16083 4108 10735 13184 10568 9133 2256
16206 11665 18922 9618 12162 19401 16265 2011 9977 5234 1398 17501 17856 17924 8912 3800 8097 15185 10281 9771 5275 6736 13009 7828 13201 2782
15181 12072 16160 18684 3614 18336 17726 3768 4738 3697 3129 439 17976 5432 7582 9689 5597 2955 9499 2311 9171 17699 10536 11186 18488 3094
3109 6340 6249 16969 9935 13815 16628 15525 17165 15506 18254 5680 18666 9970 10537 4382 14028 17321 85 4253 9730 17143 1762 10328 12219 569
13824 1910 7016 15621 19689 13897 3419 6229 17666 5267 19244 10704 18184 1877 13226 1549 987 14927 2958 433 12889 15944 2230 8766 14064 18514
2080 8932 13303 9317 11676 5974 14265 8916 12153 15095 15798 9089 1299 19897 7553 12081 4433 9480 3408 4278 8277 11439 5747 18416 1905 9399
5086 3893 11924 3419 18880 2969 2750 17108 8788 17731 16008 18596 11692 7688 15802 19660 697 17911 19150 3342 8403 1980 15566 18175 12934 6036
8664 9122 15646 16233 5873 17556 6496 4146 14951 526 7543 15010 13538 10152 665 3496 8464 15793 17758 8866 4285 19110 5505 14692 13870 17225
12532 13311 11506 7544 15554 17555 5790 18959 6286 17491 16737 4034 4796 4750 603 10508 19964 10271 8774 8317 7778 2934 10125 2836 19750 6349
8980 10470 2408 13277 9477 7993 11474 15221 10748 12035 4732 13086 7734 18647 10013 9132 3302 11648 960 12655 15315 7589 3873 3892 4575 13057
2376 662 8061 14185 8620 3169 5036 3894 6914 5711 273 13435 1374 13224 11223 3566 13462 2105 4705 1355 2509 3971 2227 14788 8868 2002
4055 16504 11427 3493 3105 19521 8607 11164 9355 11809 5236 1348 13765 4122 18037 196 16883 16003 12111 14616 7010 8553 9753 19318 11221 2557
4342 11772 4385 19447 10651 9420 12857 17421 1728 3826 4375 9002 16866 12644 11557 1964 13938 8205 16385 2944 1715 10742 10623 18988 18936 17393
12884 1807 11727 6949 906 2097 7464 181 13460 4242 680 19126 6060 19361 16761 6467 16475 17165 4571 18281 8844 7132 3563 18325 17665 12303
8031 13388 1489 19733 12910 1380 7489 18196 11977 13662 11848 15774 14572 9576 8037 4571 4259 5348 5323 19268 5656 739 16534 17149 218 14988
2815 15219 9766 5863 9006 8477 19739 11744 15552 12584 11358 10610 15438 15716 5677 10844 2492 14374 8403 18336 7084 13955 16224 8022 17905 10642
12681 19527 12240 14297 5844 12271 2514 821 3544 12506 11694 3283 15127 2853 8039 12387 18580 3318 12521 18418 5907 18464 15279 796 3157 2810
13631 8130 13275 2408 11763 756 7818 17446 5930 14361 19888 4690 2943 15192 12304 11516 8396 3973 18772 2482 15814 9298 1571 13510 1312 4829
7471 9568 3772 6973 8018 14127 9499 5083 17028 836 5261 4910 7839 13587 16831 13585 8697 2220 18686 16563 17243 11890 14303 13875 1626 11521
8115 11578 8847 9950 11431 567 10459 18702 12931 2935 1084 2516 4814 6388 19250 18494 4715 5200 6110 19085 18898 2553 8680 15424 4377 11905
8583 10057 5734 12901 12049 2206 18936 18725 9219 3153 1370 19489 9533 12944 19637 7871 11839 859 6511 15498 5019 13354 16121 17202 1289 4676
11473 4774 12101 8538 7136 8373 17730 19739 19263 16989 17680 91 3049 17850 17084 15846 8061 3525 12800 1665 17768 9539 9196 12432 11005 12735
4778 2588 15790 8231 19581 5404 18637 13116 12194 4790 14254 6459 17423 16539 5967 1408 14126 9165 11393 12649 19587 4671 16206 18403 15767 1801
7709 17951 3238 9016 14901 7756 9296 11506 7494 3300 5209 3857 605 19096 18692 1045 13613 10347 9658 9228 11957 18191 22 1171 3814 15951
12489 11536 17385 9086 15616 14786 9025 12053 8060 10101 148 11914 4024 5449 18990 12152 2359 2153 14597 13818 14875 16588 1866 12695 4857 9380
17463 1196 9924 11068 4114 12136 5635 11960 17639 13956 2708 14483 11606 14380 2659 10349 12937 12886 13642 6463 18143 19873 1504 4297 14426 50
17550 15800 17227 12385 971 13914 10690 5525 8902 7359 11335 11791 3036 18032 4943 3888 10221 5621 13302 5337 11143 19889 8452 139 18713 4154
12681 6894 8125 11900 18403 18105 19806 14883 3921 1762 2657 15620 10671 1841 1238 5824 9027 365 11363 7512 19232 5992 13044 13746 18746 16821
4524 18533 3191 10127 8279 19077 9270 7503 5207 17505 13066 19529 7741 656 12938 2477 2108 19119 9855 6589 6139 1531 13412 5656 13953 13049
12434 17137 19148 12969 13206 13854 13341 17552 49 13297 14102 11468 3474 12801 17260 6858 15421 11429 12074 14672 1212 2755 11722 1108 2194 15890
18675 3603 9558 4734 14863 1678 16231 17370 6330 11756 15755 9251 561 15291 5835 6443 14507 12556 215 10363 16710 3140 6333 11039 18041 10820
11286 4860 18398 3086 19912 5856 6786 2517 4278 18187 18079 13886 15740 8024 4626 7329 2170 13605 9425 4053 19194 11251 15531 5408 7993 513
5425 91 10500 512 8226 9455 14618 14936 15066 15448 14479 10108 1363 2592 17912 11374 4278 17008 3961 10920 6415 6493 5827 3241 3074 8504
15110 14186 6475 19032 3759 12810 15987 12261 6455 1978 15965 5824 2388 2289 638 4611 1836 8600 6824 9909 3907 6880 3133 2741 10337 18740
7630 11552 675 8660 8028 17339 17168 4609 6389 9484 11930 7652 5698 10354 2864 9159 10553 8660 19410 16346 1644 19984 14886 13627 262 19335
8211 14477 14289 6865 2940 3980 13496 8293 12539 15427 10986 17087 8310 3859 18880 15111 2631 14887 1675 14159 18205 2517 4414 7541 8161 6832
9718 15952 5553 4514 12840 4917 15528 9083 4008 13096 11805 5315 859 16644 4690 4697 12431 589 19019 5745 9565 11468 7932 7821 1759 16048
16905 8320 16226 5888 15872 12985 12480 6207 6552 2841 15535 3979 10954 14315 17056 17946 5410 18407 8272 14206 8312 15460 13307 4820 299 13322
5675 10840 5231 12067 72 13675 13691 13747 393 17791 5299 13381 17887 17735 16381 2375 7144 10138 1272 6114 3555 8498 786 456 19211 12675
10813 16844 8188 6422 9226 17481 2261 6676 19368 811 4756 19889 1675 16001 13237 1582 7818 2513 19187 11244 6174 6659 1401 6559 2613 19638
4276 12878 4919 4314 920 6026 6395 584 7529 18338 6441 8580 14981 1867 6748 9813 739 10901 4560 13917 19894 131 2942 7592 16560 11554
14073 4132 2448 14650 11764 1934 16820 19823 2799 3265 17618 6642 8868 15121 17202 17483 3561 13350 19024 7499 7703 6282 19293 5854 94 1998
14449 18312 19904 7643 14236 1 2855 2569 18684 1208 19168 9640 17906 908 5131 9548 11222 3947 19488 2727 17447 7386 8728 10910 17288 5960
19965 14928 10410 1681 17969 19042 9629 13721 9579 8641 11643 14660 530 14312 6952 18458 8075 3558 17368 3014 12445 15192 7938 19183 14613 14655
16085 7398 7766 10880 8846 2489 2339 5729 1638 1227 1113 18896 12842 4200 3571 13641 17676 5186 7024 972 19004 776 16348 9333 12433 2324
13879 11198 2372 15476 8520 12353 2842 11639 12898 17755 18292 1556 19050 7713 934 9857 10486 8430 13098 10879 14428 662 19869 17071 18687 15521
2281 2363 10435 4542 9330 9453 11804 351 15233 13277 13770 3299 10482 11670 9789 1275 15076 17554 5045 1856 12150 16560 15383 16738 12533 1412
603 8989 13514 15629 9556 19609 19834 11246 3315 2142 15353 13096 5662 14544 9983 15179 1300 19289 15248 7559 17048 3474 12380 2306 1941 14126
7256 7464 7516 2917 13973 7686 13102 9680 19868 15404 12638 15989 2267 12591 10383 7126 13499 6790 2170 3906 2407 13777 9434 6191 10818 9784
3240 8418 960 17326 15684 16468 11178 17939 3368 18339 12159 16292 1424 5285 2714 19078 2581 16304 18334 16253 5174 13711 12667 6 8925 4989
9081 17334 15182 17361 5544 727 10455 7626 14809 424 13307 70 10701 4045 6914 5918 16858 9349 15947 16157 13656 682 10122 10292 15214 19710
2002 9400 12935 10273 8674 10021 11593 5444 7040 16262 12971 16703 10795 16777 18228 2702 19929 10522 8957 5239 6235 2612 14572 9810 5382 5390
14589 7936 3249 3778 8191 5875 14701 7939 256 5432 8901 5457 16025 15859 4369 1630 8405 16088 12409 7281 12972 8398 18612 1694 8741 16611
5097 12683 7749 19419 16455 15217 17509 15427 18527 5996 15010 12957 6599 17918 3009 30 17716 13290 5439 528 11444 807 18633 4183 17661 19222
3571 8753 4116 8017 10402 5910 17042 17294 15936 6886 14029 8370 19671 16172 15421 14895 2360 19242 16117 5580 8353 661 6934 699 3863 1257
13484 8933 11123 17005 16890 7688 1812 8770 10279 3184 7186 3298 9475 10102 17024 11598 2032 499 10172 3705 16445 2675 11416 13660 18271 11273
2798 3857 10432 18276 16064 3588 11358 197 1491 100 18843 4117 1761 17235 273 2246 9873 19787 8435 10660 9685 15038 15621 9579 13179 3929
13909 19919 17554 736 6922 3447 2293 2678 3660 15153 18794 12548 11129 16199 5629 7538 8774 14698 7015 5434 15467 2429 8963 19268 191 13304
10849 5872 229 4579 10556 3562 6346 19606 2070 2080 13490 2282 16958 19241 9164 7753 1662 5293 776 6893 17681 8328 17254 2776 14023 8791
6453 2935 3854 14819 7548 90 11361 7424 1035 15704 13868 2335 14161 18654 3786 14713 3919 9500 10679 11348 18555 10460 2226 18675 689 5076
14908 3210 12017 16450 4694 6355 17645 9833 2260 1165 15672 499 13571 14088 8460 17182 2526 19895 12656 8488 15735 17654 12755 9611 4760 17363
8705 11690 8902 4033 13548 2859 5152 855 6530 2283 6888 5059 8952 14963 19198 7115 14711 8725 7677 10246 16428 15556 7008 9715 4540 8636
1359 2242 17025 14338 15466 6536 12289 15460 10433 11132 17540 17169 17089 15497 3214 3039 1469 13577 12234 895 7929 15748 18510 5311 2462 13760
19466 19159 2248 14523 3818 11475 1460 16102 1063 11839 14373 15416 2314 5715 13366 12734 981 4327 16119 1825 2608 9425 5603 9648 13289 17764
6368 3207 4956 19702 3230 4746 680 19212 4281 9594 5711 3789 9780 12322 17879 18541 7795 11991 13336 10290 3229 7568 16899 2252 1396 6077
2875 12434 12309 18109 16982 19932 18423 11232 17560 11970 2305 17311 5494 4816 7254 17145 15077 18890 1279 11821 18054 10653 692 10234 6989 15282
12999 2244 11263 19817 18669 14680 3432 1553 18828 10949 1194 1479 3226 13102 15865 19971 2508 289 6887 2900 9171 16096 9260 18889 15825 3910
1699 19631 7879 4368 4284 13260 5757 7164 8556 18913 6351 10988 14558 5333 11516 13170 14769 4418 5413 8544 9422 7761 7589 12788 13541 3613
1032 15360 9651 11036 3018 9507 51 2102 14214 14378 6945 10176 14943 15970 18014 4404 140 16691 256 3215 9100 766 13749 8452 1189 17264
605 15807 8805 5197 1525 6498 19148 4710 8160 12224 15793 5803 8823 1059 5780 6307 7768 17806 15966 10884 6251 18281 14099 19183 18100 14814
8397 17308 1773 15524 12199 19175 17269 13570 8125 1341 8971 3350 2362 5794 19889 18854 14605 16190 15818 10728 2100 10441 4033 8193 6146 15298
16405 5082 12689 3083 12307 12859 18752 17778 14671 7060 8212 6859 9499 10801 10386 6582 15519 18393 4953 4141 15257 3257 6843 13723 3725 326
1772 17530 12878 11952 1657 19676 679 8631 10731 9578 18413 10475 8908 14343 14066 11958 16086 9759 11760 328 19790 9630 16699 6919 9510 9704
6513 12901 3761 4511 12552 4100 4367 6535 10719 11447 13826 8388 10050 16909 2276 11466 17647 18695 19123 1799 12838 8958 6209 4616 19073 11770
1259 9175 12555 17213 14507 5688 8936 13342 6989 13633 18573 8659 16400 15641 160 19339 1217 10359 18944 10530 15545 6022 13389 4556 13888 10992
14250 174 4168 892 4390 8502 14276 19132 7929 14041 7124 16188 10460 14823 9587 4426 14690 8497 10168 7783 11199 8271 12899 18218 7927 14197
1695 14261 10190 8572 7866 7893 9398 9480 11304 6714 7803 14830 1532 18020 17671 14353 13505 10296 18094 6517 14644 14923 17381 220 3171 1549
11130 14241 19109 11651 5008 18304 19774 9095 9756 11482 17697 990 2953 10966 9408 18688 18997 9545 6188 13284 17461 9211 2832 1342 15944 7452
13237 620 16055 9674 2083 4457 15934 5268 14485 13420 5912 10776 7100 18959 10698 10369 19314 19174 18064 3363 12174 8626 6820 4373 11283 19057
10264 8485 1530 15819 15970 12284 11068 9944 9809 16681 3922 9423 12995 388 14576 16924 1229 14593 9007 8373 7213 12235 18412 879 17154 7357
19184 12207 5696 2566 13502 14898 12720 11654 3375 12273 590 2931 15594 13072 2765 5649 6891 10811 2384 10170 11932 17821 9872 1961 8616 2277
17070 4520 13832 10049 3941 8570 7430 17479 3418 4766 17805 12656 13143 14851 18800 3323 4687 18786 19052 14293 15863 14069 17267 18483 3134 1336
18213 3054 2303 18177 10184 12566 14287 1447 17772 1279 10640 16137 4516 1860 11703 9388 9678 4329 11311 1706 13372 13223 10043 14098 5445 13394
11246 15899 12039 1164 5404 19440 8139 4583 825 7415 18831 9053 8733 16672 9868 13806 6419 1528 5113 15753 13252 1239 4685 6631 5719 6267
17234 15787 14295 11662 14641 18821 18473 17955 17359 9828 2112 13823 17174 9396 18680 7966 2048 8668 6040 10816 5948 12451 1612 18427 3229 7751
273 1575 7548 9182 14480 17994 14100 19540 4785 11166 2201 12843 13109 1607 6759 4460 3231 7939 192 7272 4874 12662 3481 2111 1766 1308
16256 19907 10761 9150 10454 13412 4693 8199 15497 1321 1336 17691 8460 7644 14027 19962 7335 14710 8279 4255 17023 7964 7305 3869 17372 9096
12423 669 13418 13808 49 3134 13852 10452 19533 2033 19113 1505 10651 16161 1433 6004 518 18137 16713 10499 16480 17141 6718 1796 6170 18433
5164 4884 17325 16882 17232 2589 15256 18376 15299 14589 17041 9488 2582 17265 4600 9649 10406 2395 10352 10761 13504 6745 13336 3347 7326 1552
5049 5590 14483 13456 19000 8483 4542 16899 9407 6381 18909 11826 13240 9625 1566 16135 3442 3222 16931 10513 15234 1477 5806 13342 3942 1299
18449 10146 5234 18668 16274 993 11469 15429 15327 1527 16661 11584 9751 11091 13292 3108 13264 8176 18705 12041 4654 12124 463 4612 12768 1487
19086 6989 11578 785 14673 6797 225 11063 5983 12609 3838 15654 9748 5599 5871 504 3183 1041 4582 11315 5611 6579 130 17631 12467 5754
19037 14131 17706 16349 13493 4160 18241 10162 431 6319 5775 19060 11238 14622 16227 9137 12353 9582 10187 1096 7130 3681 19867 13601 1819 19487
3573 264 5533 163 7757 10242 876 9770 12947 3216 12234 18489 14123 14139 14364 1917 12462 1986 5352 5121 4752 11180 1562 13258 6260 14133
16691 2158 13124 13159 1239 9423 14690 17947 18230 223 11815 18855 13476 3152 7556 5835 9305 6250 1487 866 4992 7275 18443 14655 12049 9230
4873 4072 18333 11840 13120 12692 7938 5945 19358 14723 18071 10241 8739 658 7438 14269 16487 4577 15586 12405 10293 10351 18387 17016 19639 3087
295 2096 7854 18791 18157 3609 17441 9726 17635 16996 12415 5803 16856 13523 8009 4912 1089 13544 6617 4054 5103 11145 8184 11926 11573 10105
11097 5179 17851 16993 11732 6531 15689 15284 748 5324 17562 6798 3393 322 14506 7134 2887 8945 10292 14238 9815 13262 14284 2672 14672 16246
14963 17965 6920 15700 13258 8272 16764 10146 7320 2519 13611 11393 5465 18761 19289 4511 16249 5020 12235 17691 7879 9206 13814 12452 8603 16770
6266 12720 15810 255 2230 15332 12580 11159 10644 11988 13791 3581 18655 12371 15667 10363 2307 14476 4956 16074 706 15956 19905 19300 3320 17661
5283 16719 3397 15379 1042 2412 13912 16164 5970 17204 8797 13190 19063 13577 8690 13254 18940 12445 4563 159 13060 18748 2726 10420 14479 16822
3893 799 16513 12944 7296 6975 17520 5683 11460 887 5861 15920 16763 2705 13304 15689 15541 1223 12665 13309 6018 15596 8975 6122 12263 19871
3197 810 9141 8631 7766 7620 14333 19071 4845 2033 17089 6833 3360 10166 230 7364 19846 8104 12547 4443 13716 19124 1938 2091 14540 9512
10547 4972 6838 12808 15259 14696 15890 14136 9495 15608 7517 13631 7485 13498 17359 2561 15923 18862 6839 10218 19876 19054 10595 15990 13229 2171
8171 13489 8523 17016 10625 6573 12020 4146 9675 19338 18428 2891 9324 12064 5537 6362 7006 2145 19867 5820 2122 19740 4010 17705 15101 11316
17724 10478 13902 18884 14771 12076 12629 19340 13691 16926 543 12877 14279 3242 14066 3055 19191 7512 12957 11097 2183 11663 11811 15906 10214 16953
15104 4957 16737 13218 19250 12842 2304 5811 6163 16116 3292 1988 1726 16700 15884 9276 377 6012 18340 11411 12082 2508 15400 1483 5142 12098
14203 15863 4423 19097 8134 17321 17356 18581 7184 19047 5808 10615 10643 19252 2246 10071 483 4105 16520 11797 16481 6774 1200 10492 3313 11031
16597 12237 8905 16424 11844 2308 10735 10622 5118 14024 8903 161 19524 10998 5710 8457 18680 4103 13929 17796 6649 11711 7070 3973 14190 398
16902 17189 11654 19058 14661 9557 3257 7574 7601 7425 5224 5791 17335 3293 7727 4373 13495 8042 5027 6658 7361 9779 13245 2353 16222 17800
544 18189 2039 3905 14239 12695 5634 177 8770 2610 16948 12763 5304 2302 17317 15066 12215 4351 18991 2543 4917 14559 3090 3463 15464 7761
3149 10027 2246 19480 359 14819 19130 8025 12343 9998 7853 3846 17160 19993 3063 5579 1376 7297 597 6002 3941 11257 5713 6990 10260 916
3026 9533 11333 2692 3569 11869 9549 4738 19423 5089 6791 5532 9667 11779 13741 5583 5243 16040 13935 1160 5279 17418 2843 14635 17867 2617
14711 9877 9365 2322 8015 18671 1772 19349 7981 867 15048 14570 14047 11196 10748 713 14822 13715 7698 6226 16465 5040 5235 17553 1593 2475
11169 18350 5223 7994 393 7630 12634 16646 8083 6014 13928 2291 1072 8960 19469 6659 8346 2421 19277 11096 5670 9747 1661 11227 2349 2998
6238 128 19596 15673 14279 669 9514 19729 19766 7970 15039 12750 7866 14569 4730 18977 7798 19013 8757 17992 3447 6381 15339 7477 18090 2722
13319 11959 4289 15825 742 1912 772 5814 9315 16410 3743 13940 8561 1033 13597 762 11133 6271 14235 11612 1653 5130 6854 4702 5580 5783
884 18126 815 10391 6477 18593 12797 6910 11219 8186 16494 11475 19539 12821 5594 7586 4028 4817 8345 12224 3146 6246 3545 2373 3980 7647
8325 18335 4310 15572 15911 12009 18108 794 5603 12502 6668 18040 1084 16133 19979 13828 18098 7665 9021 13525 12086 13696 5339 14589 15043 8226
18531 8924 3443 8100 39 454 10581 8617 8093 7801 2456 17849 5526 8536 14282 4311 8430 1206 1118 8993 876 8886 14714 8556 18732 795
4669 18296 12868 9271 2586 9082 10175 7641 19320 3502 11919 16259 5540 17009 1643 7229 19553 16539 6659 10081 16569 10612 8261 18159 515 6719
16082 13700 4252 17403 17582 15682 9668 15961 13701 19082 19053 17426 5395 18226 7027 2245 6351 17465 16724 17171 13981 16927 3211 673 13017 2198
5809 16126 9382 3857 11579 11208 18030 1264 19661 7066 1986 8782 5832 6180 19112 12942 157 348 11615 17502 10346 5917 18057 8918 4723 15868
17960 10725 19167 13162 16312 8057 3714 17190 17432 7888 17953 15294 10433 854 10507 16846 5971 16880 8005 1652 18789 18938 15851 13762 19962 16076
3916 13458 1389 13338 18618 17909 19875 12629 3878 13734 16983 8890 2935 6982 15122 15810 15036 17394 15526 14760 19602 2155 9351 17952 17460 17125
8542 6364 2149 2851 2023 10485 16458 4357 13904 7704 7961 6325 7173 807 19185 9813 17265 13807 11739 15500 16960 14626 7283 2179 16581 18408
6659 8309 14423 7732 12068 13765 12768 11176 16945 5060 10176 17943 13136 10838 11872 8523 6206 18082 17772 17750 22 4223 15741 3253 8737 14720
15383 7683 16449 12336 2837 4763 6044 9208 9234 15267 13224 11860 5430 1599 11953 12559 15521 10061 3569 19071 13320 3372 16005 17797 6470 15107
7394 14006 6723 3502 328 3140 18094 19253 5713 19656 14627 6078 7273 15646 8929 17441 4063 15876 1597 17927 14017 470 16652 9494 5380 12185
13432 2451 19734 10482 14705 359 15103 1668 6561 17122 16423 10135 1774 6408 15382 4277 16951 1212 15088 4842 7811 10101 14227 13751 8908 14757
18748 4378 13019 14502 4574 1120 1350 17163 11345 12924 4474 13419 4171 13748 19141 6254 9766 2844 2110 5473 8587 16670 8457 2360 19452 16930
14365 3237 9161 5529 19211 704 13893 317 19921 6275 9459 940 17320 12712 5960 8420 10410 19497 6219 3546 13810 10774 17383 1748 9735 4647
1350 15208 10150 14253 4996 5496 19978 10176 10272 6421 5911 10108 7353 18143 14493 17305 9208 6731 1412 17927 19728 6995 9045 13658 18257 7116
18115 9140 12204 7795 9757 3357 4219 10029 14086 19872 3494 15924 1360 10091 6556 16410 11879 18385 9783 6331 19686 11820 15826 16418 5670 12798
7622 14704 8819 19250 4661 2196 17053 19042 8578 18303 3509 442 11138 17158 15749 13336 11557 1176 3731 1537 10492 9806 7251 8633 9180 1329
5034 2613 15740 12381 19752 10688 14466 7881 5168 11097 12905 9996 19890 9925 14038 12040 9199 15648 16583 14462 6692 5707 12750 2342 12952 6745
7337 6674 5780 13533 10504 12195 18174 13517 12073 15050 12322 14652 7449 11573 12066 19621 2874 11022 18865 2445 13740 986 4173 17798 1088 3160
14462 7583 18323 16378 6860 11685 9789 11178 5296 8954 5851 19870 12459 8009 2944 13040 15333 1577 4392 8008 9221 19627 4022 1638 9614 3878
12340 11451 4620 13548 11543 19116 13880 14280 18493 7525 11229 14516 14800 1729 11909 1367 9788 9441 9660 16914 6262 15476 19852 16551 3073 18597
17654 13923 8384 9335 12299 11165 8536 1215 13694 14924 2080 19074 19045 3744 15339 18717 16593 7128 10467 13989 16299 19234 12620 17065 16743 9265
13816 18812 18093 13674 1990 17569 5201 3036 14645 6173 6051 17339 15966 19328 6221 8857 14112 5483 7682 8877 17082 11343 6449 17156 14320 1729
5743 11294 14271 9071 15963 4911 3854 8829 4019 10455 3903 13349 3700 5386 9286 11561 4318 18170 5609 15628 12335 2308 1205 14366 16732 8400
8183 8296 5058 6253 15958 8398 1927 10886 11587 12833 953 11973 13397 3180 9795 2820 15458 9273 6099 10072 6603 18829 3302 9578 11146 12173
4955 5084 150 14010 2632 8497 6198 4384 19 8320 3644 18848 7207 17535 13376 6519 2376 18337 130 15370 17681 19125 9600 3759 955 1450
8588 14348 16478 398 6184 1861 4210 16926 3083 2931 17969 9648 9306 1956 559 5733 4004 16748 6411 14827 12416 3701 18858 3540 10066 6111
7974 16663 5384 9800 9051 242 9560 15507 16261 12859 5358 9068 7169 17474 3657 67 4653 19280 15897 16135 7291 8888 16171 12869 3308 877
14104 1935 19261 453 17510 13241 3753 7292 17509 18838 15257 18454 19512 12879 5895 7050 16947 17309 15844 15888 19329 6563 19225 9383 4674 14064
4529 17652 4530 12740 12945 6244 12675 3080 12548 10811 712 16534 9295 8553 9800 15928 13332 18542 9575 2046 5542 14757 4507 3606 14029 9553
2334 13602 9648 5443 6425 6648 18786 14128 18862 7813 1254 8937 14082 15206 5052 8138 14466 9199 9017 9160 13409 14350 7345 18415 6636 9694
12881 4130 1455 2826 12822 15658 14241 12584 17102 11260 14921 13507 3941 15112 3043 16829 9458 12151 15397 4632 7620 10256 601 5648 8325 10443
4596 11789 9714 6347 16353 5437 11029 12840 17457 8308 15115 14193 12651 7769 1399 11217 2428 6290 16635 415 3653 18265 5398 2378 9609 19067
14105 16377 1966 10993 9032 13115 11464 1043 9491 5465 6364 19407 15374 5808 2623 12684 7724 12605 4152 10914 17254 9453 15091 12613 13349 13380
14340 16312 3789 219 17675 16253 17610 8280 16584 16434 7202 10278 19443 18212 15997 11701 16115 1325 15585 2538 8168 8202 13935 12063 11789 17680
13420 14837 16178 3733 14768 9003 19097 19218 15228 6599 17740 11938 9443 9606 1262 9747 1450 5771 12934 8632 19661 11116 1167 4866 11634 2922
2879 5773 11420 7613 18772 3325 18435 14283 15981 13232 1051 525 14763 7008 21 13799 17435 18437 11242 19915 1213 2103 16837 6962 3450 7479
5645 8623 16419 3815 19948 14049 8900 14784 19338 3000 13312 7009 11391 7948 4266 3829 18531 1212 6366 6414 12907 19176 14860 5988 5591 10540
13225 1405 13690 11361 1087 6416 1269 4355 6998 2670 3470 18891 13616 2066 6334 4784 16354 16300 9717 19401 10043 3037 9461 8468 6793 6725
8453 6213 2528 1364 9570 7430 16220 4146 17242 1576 4109 14373 16915 18685 6048 10886 12000 18387 5818 3651 631 7501 18708 10392 11889 11725
16295 7008 8906 3991 12738 5687 8729 12346 17072 17519 67 5943 7431 17693 8404 2765 8529 3736 12264 7466 1229 6487 4543 2908 16355 17664
8612 2448 19875 8816 14798 7639 13461 15751 6942 4096 4449 511 12986 4607 15510 9902 7660 13506 19673 15187 11816 5321 15186 6582 4326 2597
12062 3215 13156 9852 16325 13843 278 18852 1790 3980 7927 15753 5501 17902 13421 16905 8648 17690 3667 478 14189 6702 2427 11422 13751 5652
16177 16620 14272 8142 11798 19963 3629 16395 5380 8969 3329 13211 19228 4773 13568 1139 16641 17157 9278 9190 9106 17346 19341 5332 19412 18105
9982 352 11749 6686 18687 16327 19546 15568 16483 12983 115 7261 1065 3411 19116 8837 17820 5874 15311 19132 1031 13276 3903 7770 3269 14227
2821 8269 15846 16580 11968 214 14805 17044 16425 9782 17375 7754 2544 5731 7 15421 9635 13612 4688 19003 11592 3392 11887 4642 19976 76
8174 5961 14522 9262 10884 10442 19273 964 6998 5676 7587 14881 6223 17676 19744 2044 2167 2881 19739 7439 10114 5968 10695 19289 13831 4168
2737 15269 8051 1777 16238 10563 14117 3976 15613 7448 18825 555 16563 3663 3669 16739 2016 17972 16311 18834 16453 9873 15868 9635 12142 2660
6613 7240 15752 172 19131 7181 6890 12801 12601 19687 14447 3646 19445 14936 7339 19553 5122 5246 5610 6788 10222 12307 2019 17360 15446 16071
11530 9998 3977 10866 15911 18486 14114 17960 4359 4616 5485 4262 16421 7774 8051 13878 11054 6927 3131 621 7626 18307 8038 13003 10017 11187
3454 9044 12487 17652 6614 13757 1348 19987 18057 12832 7924 6002 1094 10208 8366 16601 8545 9763 8939 17707 12049 15270 1195 13227 4074 9336
19818 15100 12856 16531 10665 15860 8058 15701 6717 13815 14959 768 14431 3353 15192 4237 13354 17115 9942 10643 8652 887 12642 14956 803 1437
7523 84 14575 14497 18560 5139 16654 11044 9438 9091 17945 2750 1059 7319 8819 2206 19970 15687 5339 1980 6746 19032 14223 2092 12407 12974
1459 1214 8580 625 15911 17740 12429 5098 11172 2789 18014 17938 6279 3564 2133 2286 10664 8001 12035 16860 5087 15090 11540 8237 19635 1925
6173 12706 7093 1350 18769 12296 678 14223 10789 11524 3839 18176 6302 10191 15090 15487 16436 14944 9533 16656 8057 19744 3767 1583 14798 4964
3894 6529 12529 18112 18568 60 8309 2947 13104 7720 10541 12214 11122 13647 18308 11615 8476 3637 3634 11551 19361 18587 10289 15783 10889 9141
16442 3986 14820 4863 6358 2061 19069 11347 10945 12075 2162 7473 8181 4708 15538 6816 10254 5856 2688 3376 444 19333 15129 1332 18576 7767
11234 19285 13593 14067 10027 17176 6217 3102 4998 8560 1806 13135 6210 14575 13806 7119 19018 10278 9711 9220 17952 11452 10519 19990 17396 7615
3803 8462 8694 6437 7953 16042 11086 12963 4484 2897 4201 1481 18941 928 13300 16251 4829 9142 11836 12867 6562 9540 5742 6867 10375 12037
6305 11964 18312 4286 5981 6252 8520 10754 6731 9113 455 2309 11970 2972 18347 6221 16530 877 11712 3352 13750 17640 13874 8658 12526 15085
432 5416 8614 1741 9235 480 10073 18890 5867 7756 13215 14579 8548 431 10728 12619 8886 656 18305 10905 17016 2969 9246 11807 7770 12899
11568 16937 19130 17575 7629 366 8078 15503 2049 7553 11969 14849 10804 15904 4747 13512 4550 6459 14346 9408 2686 14380 6985 10330 49 16461
1532 9781 9122 14775 3889 14705 10539 7904 6258 6597 4762 6847 12095 13683 19203 17702 17972 10671 4019 15652 3356 10673 18204 5917 7474 6778
7090 4685 9511 12814 4406 6128 6301 8469 11859 99 10890 8862 7764 18884 984 1041 8449 7225 19430 906 3018 18882 4565 4750 9283 6355
217 16617 11396 13301 14445 6860 13078 19613 9853 6441 842 5061 14330 6771 11209 18754 11703 11721 2337 16275 19664 16424 14770 10901 13850 5298
6292 15230 2982 5169 18799 3881 9753 1341 9553 674 11252 615 17170 5743 12561 12333 9035 127 10794 7429 5507 6898 8346 8052 5171 18072
14441 232 6533 3460 1743 19749 12743 19463 1466 16095 1667 2754 18977 4576 7735 4306 9722 7439 6805 13458 6957 4527 17863 6326 711 9110
11081 7579 1890 1232 9845 1351 2101 6114 14080 49 8303 10095 17346 11376 7724 10881 7488 4372 17173 17923 12902 4347 19506 4953 1287 6028
7125 16005 13664 11069 18898 7377 1565 10963 14654 6753 16003 14321 18814 19199 9142 16430 15436 10992 3519 17431 13676 15291 8178 14392 3315 13969
8599 7323 5373 535 14021 13629 6818 15416 14503 12346 6051 8740 17839 4514 1647 9970 2387 3297 12960 7369 18139 13781 4274 5837 14169 15000
910 12644 1316 1091 18919 9846 7719 15593 6235 6343 1060 10112 4632 6328 9135 18106 8205 1170 2061 8096 9702 9804 15280 17966 17701 9220
4519 14519 13526 19658 7795 9141 18465 12979 17184 702 4453 18028 15478 6269 19562 12671 8902 11308 272 3348 18942 13299 17496 8683 8433 2744
7115 4829 17550 1730 3642 3661 6229 7126 6291 2305 2887 6048 8595 364 16675 19155 11897 3870 19959 14853 7558 11893 6709 19883 7235 16962
19976 14994 5574 19928 7266 6913 18938 11726 4565 12736 9153 13311 10272 16031 4058 18305 4487 16718 10260 5710 7499 13272 11027 4566 8560 2134
1848 9351 5828 19710 14673 10132 15699 13800 9077 10154 18980 7768 15228 14873 13609 3714 16861 13959 14735 9764 7685 15535 9081 3058 797 8657
661 10276 7454 13724 12162 10461 11909 2239 18806 1169 16727 2100 3212 3407 18344 14460 5992 4254 13765 18860 13527 16743 395 5809 7748 15340
15827 8530 11052 4535 9401 3522 17341 16308 17464 4381 7717 429 7072 2257 16701 5402 3357 16926 7464 10428 9643 4347 8507 3305 2496 6537
11452 18681 16413 18362 6027 9864 4461 3564 16332 18144 19456 4586 8358 12189 16054 512 2646 444 18362 7602 19379 14159 3853 6696 2277 16229
5828 9033 9394 4553 967 8932 6737 15641 1541 566 2410 1380 9886 2260 11577 2553 1788 6286 2649 8290 17184 7261 9211 8311 13666 8242
12282 9978 9973 16604 18636 443 17861 14338 12738 3087 99 16525 5656 14781 598 13802 691 6524 1238 7269 6088 12051 16627 3829 492 11793
2391 15040 19238 2807 5917 9093 14092 14681 15253 11258 4363 13169 9211 17889 8515 257 1819 4869 9194 10039 6886 14404 3959 19194 4487 12306
3995 7522 10171 19984 700 16420 19776 6890 576 7583 626 4417 2887 1316 15799 9228 4182 12933 10782 12756 13356 8115 3467 5790 5815 492
15817 12339 15962 14740 3982 5446 15727 12501 2866 14826 8450 15913 6096 14427 13906 7597 6689 1234 6702 14370 14128 400 13565 3769 5800 5566
10264 8463 11302 9101 6482 4682 12832 8508 16618 12621 16091 2626 19577 13596 591 16392 17250 5986 8300 7877 1020 19113 10129 17371 5968 15382
10459 19779 15691 6260 11305 7309 3146 9206 12837 11550 3445 13614 3362 12215 14499 4806 19586 12509 13507 4426 6551 17294 11245 3431 9168 16744
12250 16236 8094 13556 18627 15194 6012 1062 19377 14780 11304 6972 10748 4366 19764 2410 18829 18866 15023 16706 18356 8385 9402 18131 18063 6197
4818 6632 12261 16386 622 14409 1982 3109 7651 10542 11346 3281 17059 10617 17778 7035 12490 18660 14565 6125 5437 5619 15114 19749 8771 7783
11884 18535 19748 18579 1593 10731 8156 19119 7528 14239 7730 12429 444 18210 3224 7044 16432 661 18957 18630 19487 6278 12186 3699 98 19328
19135 12956 12838 19030 15271 14113 9017 12000 3917 7642 11406 18583 5347 1435 16805 14544 3872 9049 4065 13983 9354 13427 10665 17068 12571 15038
6753 17620 5107 14983 19044 13118 14165 2023 18270 3448 14028 11637 17568 10418 17069 4128 12937 5525 11090 11077 15612 12447 17953 12234 7616 18221
11968 18950 13088 4466 17024 10030 8304 19006 8661 16303 8155 8066 9623 17449 7159 8027 10957 15125 18512 8401 2067 5971 1867 19229 7905 19258
15241 3789 7048 3153 3023 6239 17657 15498 19224 3221 7668 9661 8801 3990 6715 705 2949 15986 14618 7719 15001 14758 143 2869 13615 18891
7561 11373 1974 19979 17646 14799 6793 1734 12871 3180 7047 2828 14755 537 2692 10323 15427 12459 517 12744 19686 15032 11242 6206 3454 17837
16614 14648 12652 9663 8698 16112 13008 12998 1265 8026 14078 15127 1857 15184 16464 8919 2237 7394 7160 11842 3291 9825 19808 18787 9662 5332
4833 15469 5044 11064 13500 1249 94 5626 987 6103 4593 7611 6535 3213 10176 15278 19700 19389 3819 13157 9777 17421 15184 8801 10189 18806
11054 5271 6135 2423 8587 19018 13403 2684 1200 9743 10027 12035 14711 14623 9508 6292 15791 15598 10996 7607 6601 1176 1201 2903 15400 16823
2845 7917 9988 18630 7240 12164 6161 2843 7239 6045 8826 88 2921 6582 16053 16528 3063 17784 12767 18461 1952 223 8244 15985 1305 19994
11631 7666 12118 2184 12477 14533 7877 4503 13991 6265 2932 19816 15485 11834 16193 16146 1692 19489 4815 824 15769 4087 8141 7431 12661 7165
14697 18001 7108 7274 3447 12387 2212 3681 19580 6464 8259 15895 19824 13894 15476 5655 3306 4120 11440 6215 1557 8336 14081 5727 18654 2838
14979 16250 12832 12815 7374 9313 14459 8945 2214 14718 15512 12749 10032 10159 2159 5059 4768 13586 18903 1625 16707 1171 15165 5047 306 15064
7065 6366 11746 10291 16048 3579 1548 14126 10444 13259 4563 12306 18550 15483 4335 9473 12291 7084 9358 3311 325 16615 14177 19963 16902 10681
4435 5314 11777 10873 17690 8181 11586 2122 18691 14036 481 3069 8479 1556 13246 9178 8677 1100 12942 11975 13129 3752 4560 17407 11445 17108
7520 13409 4224 9699 7632 12036 13897 7487 11004 18364 1537 5147 3438 5603 9715 14444 4163 16535 12917 17519 10391 13438 5322 12169 106 3406
5430 12931 13702 10011 5489 12708 9760 3323 10719 19542 11957 5784 19447 19862 10185 2017 8879 13698 3479 6503 18094 11283 12862 11618 9329 19893
7214 8352 11726 11589 17801 17842 13697 10585 7258 17503 4265 194 7855 11149 8281 7358 7864 13883 11938 7368 4103 11776 12431 7719 17833 13181
6626 17949 2183 10042 528 1776 966 15021 15186 18934 6928 3505 3181 11211 701 12597 11762 9453 5335 11874 14169 7731 3315 13003 1233 10140
18421 1728 3519 2137 3318 12876 10090 11058 11797 1790 3320 8530 4190 10317 4915 16190 19474 14212 5760 13041 12813 7890 2330 11107 10327 14675
11468 4853 11062 2660 11980 1391 7808 19205 14601 2045 5437 6648 8797 1317 13996 14126 11966 15921 5049 17178 10890 12635 4028 6291 9428 19191
16135 19457 2366 9999 4956 8834 6090 14341 2527 3012 17185 17183 5713 4896 6370 15253 12437 9434 1762 2391 1034 6155 3376 1512 6875 7077
17705 868 18937 4247 14713 13487 8179 4023 6104 5014 14477 18769 17100 3420 8930 19573 12642 13356 7683 15928 3812 16040 8584 8425 16034 12338
9406 18253 2838 1730 82 9261 13598 7857 9091 19090 3758 10205 8845 7727 3852 8802 2604 2570 2018 16391 2697 14247 2363 2180 2593 18090
13555 18809 16954 15402 3565 12857 4905 3518 9213 7192 13963 3192 16415 5663 13227 7673 19705 5766 4498 16161 3815 15820 18084 12953 9661 17762
16803 61 11337 11913 15988 12185 7260 7180 3914 2999 8563 15817 2676 18496 6940 11867 12788 18006 788 842 19680 18445 15205 18863 1928 17790
16984 14603 4475 16683 13717 3785 1117 12049 17594 14757 1624 18242 18924 5554 2995 4888 5945 13172 5906 13577 13266 5938 10282 14587 17030 15761
8499 15385 10416 13428 9680 2636 19750 5181 16732 19231 19536 14854 9615 17627 14348 10868 12285 13245 12195 14530 16469 8427 6956 6111 7237 1119
6157 19961 17085 3707 5063 12376 11340 11641 13397 4530 4675 7823 12047 9725 15024 19805 19933 8664 17711 4589 4248 1292 13604 2915 9148 274
182 8000 15047 17846 11669 11527 14475 7804 14657 8400 11565 15191 3362 6317 9025 4387 18886 8023 773 5878 5151 16651 11643 11044 12627 3380
15596 14679 12285 19154 7152 10985 212 2807 17976 12113 6289 9215 15565 8399 10861 16139 6221 14305 16757 4321 1517 10163 18351 4907 14467 279
6257 15521 18443 11682 8749 5051 7071 16615 17666 17853 17892 2012 8734 10015 9726 6769 8365 14677 13080 5752 17319 1293 1781 3833 3488 11327
1682 14725 12416 6456 16250 16070 2449 11995 9105 17113 14328 3728 3853 8718 3896 12733 17837 4537 13686 9896 16470 7328 10961 4615 4587 13178
1013 16696 2875 6178 4254 11334 5236 18593 2342 1083 13288 19396 12186 15592 8624 13774 14717 3661 777 16486 14236 8107 14716 18437 18801 48
12126 16456 1128 16599 6974 9132 5688 18375 14591 19228 454 7449 802 2349 335 12287 15350 1954 14664 6243 228 8217 18635 6970 6476 13812
13711 5688 14724 9457 11786 107 3257 17753 3327 18223 17499 14469 3994 17829 3227 17018 16455 4369 13840 12525 3624 2975 2110 17386 9462 640
1221 19279 15877 15393 1453 13764 9685 18927 11925 3165 4670 17579 11807 3048 4899 9599 10884 14748 17047 13461 15278 17270 13787 14729 6681 4481
4073 6727 101 12044 1531 17133 2993 4724 12437 16860 3233 11946 14703 3993 15180 13969 10473 13531 2230 19609 11399 270 18472 19044 17379 9578
15660 11589 1579 10716 13252 10059 13313 18825 4478 2 528 17860 6551 16925 193 10317 17092 13461 8267 15061 8417 13769 886 2371 1019 18878
2297 15305 10092 1361 2179 11241 19835 13906 197 5753 17008 958 17378 16164 6551 16206 5596 17200 13458 917 12841 14557 17401 12758 19001 8710
868 11154 18587 15456 11062 11368 5712 14035 1674 17661 5283 12986 9891 7626 1437 14112 2514 14831 18571 11568 1807 16704 12545 13424 17654 7212
8971 12529 13205 6395 18774 12820 17490 12104 9175 9181 19081 13420 7480 10718 19463 8242 7316 9069 2204 9310 11121 8186 8964 15521 3819 3289
13166 17224 15614 3070 3858 5398 13394 957 9033 14554 7797 4822 6141 1382 11617 11738 10108 19029 1873 9427 17856 4266 11284 11307 2240 5890
1085 15704 6706 11982 7630 18229 19464 2588 4154 5781 4511 14732 2526 4541 10539 6143 8415 8180 1903 5801 4716 13049 17434 5023 15877 7634
3276 13809 6681 4274 6546 11138 9054 10014 1095 5349 288 11672 12614 12745 11103 5607 7408 4587 1828 10232 9434 8852 1678 6694 12290 14724
12598 2438 6605 18197 7965 1562 6134 10825 437 19592 12148 8748 6037 17492 13068 976 13730 17121 2657 14497 18253 15240 10344 12920 10078 2475
4199 4351 1606 174 14098 4543 9851 94 16080 7786 3376 15042 14862 16877 4827 6199 18091 19604 12646 8697 2173 1480 8853 14924 4954 17074
19881 2885 10765 14510 12196 17118 13456 7957 10592 17468 15307 12238 15692 5324 11663 848 19696 11194 3665 18119 5490 11853 1464 19294 10385 11050
16267 18292 13340 13674 17010 18832 19706 6367 13439 10591 13867 7859 3662 13002 1045 5189 6992 9803 10787 8343 15791 9748 2352 15372 11062 4990
3541 14259 6725 4580 10263 17019 18355 11900 9209 8435 19027 18758 10227 8929 14838 4742 15707 15133 6509 15195 11443 2256 18597 526 5917 6894
17576 10571 12779 3924 5747 6633 12363 18282 4807 18951 14135 15751 13216 9022 15739 3310 6284 17311 18484 16023 3146 1231 8046 3685 19165 6728
13847 12499 9264 2034 13687 8730 2381 5943 18551 14722 11321 11308 18133 172 7592 9446 15641 6527 6790 18491 16576 4251 14128 4341 6641 19526
14385 4066 11089 12536 5083 8704 17584 475 19038 9886 1578 853 626 4707 19466 588 16927 15451 19889 7891 1680 1939 19679 10691 9523 19576
10292 19454 3186 18195 9040 3291 2664 14402 16434 11005 13538 15653 17393 18545 9593 11030 3135 1377 19086 6181 14367 16106 11656 18348 16998 4350
3617 2953 2633 7518 9164 4395 19993 11939 10557 17793 5594 8549 3030 14767 14368 8470 15208 11904 17096 18371 4056 6773 5759 1696 8623 17870
17035 13288 13706 11890 13459 7341 2803 3824 15009 819 2861 13597 16138 11094 14265 8914 2357 419 7666 15318 17908 11516 5640 18651 7549 19146
12844 3213 16178 4692 14371 9137 3235 10844 9146 19732 12885 6390 7138 10388 13766 15328 8049 6518 5452 12088 170 2300 18193 4582 15240 10016
893 5149 2841 2613 13772 18166 11119 9666 1169 7994 18236 6548 9404 17085 2984 9184 6495 17261 11560 2300 18393 2824 13525 2803 14892 18938
13914 13967 14984 11738 19825 13923 13851 13975 6748 12653 1003 2291 6867 7511 4208 5094 5438 2730 1242 4807 11206 16643 6952 15962 4854 525
3913 5512 17162 17923 6854 6363 15172 11800 837 1837 4382 6890 18866 3744 19823 10158 2246 16250 10385 5482 16372 3507 10660 2351 6750 16751
6927 19234 19082 1237 2101 2132 6427 5342 2264 17296 14158 12820 17473 5332 10102 16712 6054 15991 6688 6595 3550 9139 17173 12531 12505 3730
7246 17535 3150 18761 9052 18806 5636 8445 1817 4702 19814 2303 10691 17127 5279 10530 13218 5170 10411 7277 3433 18122 2587 4276 19320 10549
4542 4921 1204 6973 7195 9707 4182 6810 15160 11668 8930 2376 11609 10998 15784 9720 15024 7471 3059 6490 11498 16060 10059 17181 8270 5255
17313 1991 19748 11462 9130 17347 8529 385 12220 11684 15229 4088 10880 5975 14913 12548 11918 10816 2662 9273 12736 14215 6974 19537 7051 17261
19929 14410 13822 19295 11235 17238 15339 528 7778 2209 9599 9257 2342 1402 9782 4275 2221 19936 9716 2712 7572 14659 8390 3308 3094 7101
11514 9616 18796 4034 18445 8115 5565 17701 8063 2914 13317 10265 19403 11793 19574 19740 6689 11308 10274 12852 12017 5461 2301 15409 14433 6660
19567 1341 5505 10570 13231 8136 18180 4425 12058 6752 14729 19122 4816 8796 17260 18159 18165 2919 9381 14904 996 11082 7325 15070 8311 15194
8290 4768 18028 6437 12770 19727 11885 14718 153 17115 3352 19208 6542 824 1799 521 10655 9867 12845 13355 15750 6393 16187 5441 7192 16969
17049 3688 4189 14300 159 11664 13263 19617 5196 3321 18915 3461 15216 4123 16278 4160 11609 6650 2097 5545 7570 4836 14607 1206 9778 5995
14536 18074 12123 15891 14898 7433 11524 9536 16275 14624 10201 1083 4372 7223 739 7712 16817 12389 5098 14558 10947 15800 3754 15468 4141 1249
14810 14535 6808 1890 12556 1521 14050 8002 3364 12246 4070 19293 17255 16840 18357 4587 9016 19505 6683 9936 7287 17964 10773 19948 8845 14088
9996 8687 11907 16617 2509 5312 6243 16676 1575 3450 10019 9000 17062 18973 9066 14508 4566 14220 6811 10631 18589 9548 11240 5381 241 14176
6310 3121 8325 10477 1566 8189 10117 17940 7581 546 9104 11804 9793 17534 3746 2703 9287 1165 4967 4866 10128 15261 7368 15950 17437 12676
7801 622 17986 9039 7281 2788 9022 9669 4776 4734 9431 18731 2792 6638 4142 10574 19917 14852 19185 11656 9997 8903 7122 4880 17258 312
4427 13465 11601 681 18848 2819 4000 9267 13648 914 4721 12824 2019 13036 19796 19779 12107 64 9288 3981 17733 15065 13219 1931 11753 8657
7478 8742 13511 2983 19546 13243 13727 11727 7982 19698 16972 14550 11083 7058 17214 2093 8668 6674 1683 16846 5069 4181 18153 11922 14812 4253
5937 15343 10197 9103 4052 11533 14910 8202 17790 5017 15581 1483 4066 12046 10161 737 5428 17909 9012 17081 11017 11886 1215 18554 13261 13533
13960 16831 13208 12746 11974 17388 16299 4783 11368 14568 12562 18586 19994 9936 7624 1093 2002 7097 12280 3361 3058 10147 4174 15905 15360 11408
10844 7135 10626 1435 5328 14693 19413 4626 12495 19806 16671 14739 5645 18339 6297 11526 8013 1190 7663 18303 13669 14772 478 16222 7539 13407
3371 17523 13209 692 7222 4024 961 7002 5387 8511 19626 5251 17964 18545 17323 7274 17518 9067 13283 4824 328 5457 1047 18256 12352 5287
1497 10373 3100 16819 6345 2818 3079 1147 11442 17003 2138 4477 7073 7159 8838 14204 6677 1752 7635 18608 17077 5547 17020 1324 1957 3757
12576 7388 14702 15681 8193 14406 14312 973 12309 1070 16711 11441 7979 5620 9012 16257 19650 16110 9795 1247 17850 14978 12144 1492 16152 2124
18714 4285 6933 14267 400 2287 5597 7437 18873 6516 12821 5320 19597 6824 16892 12937 2817 15757 4089 8527 19577 10888 8583 1097 6160 9308
3970 5527 17864 17633 2888 15703 19129 1679 14151 12209 15458 13287 1785 120 16761 1974 14856 2265 2174 19561 15824 1051 14801 6979 17049 17123
19310 11709 12674 13961 1164 2098 7101 15478 7257 2271 16570 4814 9965 14421 365 14016 1573 6457 4208 13077 9473 16624 4818 5187 1019 16441
11590 122 18353 14525 4708 14989 19539 6769 6120 7951 10612 4000 1414 7515 3665 15290 3862 13328 6325 1656 16832 6181 17735 12921 13245 3154
16580 1909 15690 11345 8432 13809 18024 17964 19979 14871 19382 4688 4292 2294 2474 5031 19459 313 4086 5932 2005 8642 16015 6168 2660 11434
8641 16432 17925 28 10649 2799 9971 16551 962 12188 2761 11569 5949 6647 8445 14015 11191 9644 5484 13507 15899 6945 8578 19530 15156 17454
17356 6527 12964 19960 13142 10461 13011 14059 9525 634 721 8329 481 15893 8536 9202 1006 5873 2728 5479 4334 15831 2595 16194 18146 13566
12031 14719 11350 11200 10670 16380 2820 12027 9893 5393 3469 8152 17284 17177 4597 6728 16156 4120 6676 11905 18746 17573 18220 11658 15903 8963
8072 7603 3143 5826 18041 10947 18637 15017 4389 16144 16844 4488 2580 8774 15058 14580 11216 16689 13048 6818 11209 10415 7877 4142 11787 4655
11020 513 7826 18309 5854 16329 19365 19556 16114 13004 2217 19572 2284 5703 8668 7045 16680 8486 17421 1555 2098 4978 6357 6900 909 15419
4562 5167 6450 4022 8746 14391 14924 12897 14047 7697 7097 17331 1822 8057 4480 5405 18357 5701 19984 12453 1913 7505 1358 18236 6684 15489
11066 11802 2929 18903 19803 14185 19113 14215 11145 14979 7570 11829 1284 1339 16249 5017 4967 6213 1938 8395 12377 3862 12305 14182 6806 10819
10102 11027 5229 1368 14504 8134 14463 16951 4601 18970 16026 11573 3601 4323 1979 16863 13232 4739 8243 3439 12830 11042 16500 3929 10690 17431
5502 10305 7455 19284 14384 10855 18521 16105 10524 16695 10209 964 7977 19984 7545 6317 5268 1719 2904 6824 4076 8395 16986 7697 17817 1023
1162 18314 2480 10771 3054 19163 5835 1548 9401 4188 12393 9942 19247 5901 12218 2472 3117 9431 1455 1293 17701 14800 18850 10054 230 17594
8319 14759 15275 2007 10535 2591 5450 9027 10126 19195 12095 4727 19807 19305 652 15970 6053 8395 8713 10176 2895 1283 3070 5409 6845 2295
145 10601 2327 17812 4645 15262 15065 19194 5566 6185 16808 15724 2560 14436 5316 734 7233 6653 6118 10738 8874 11996 8396 16084 4350 16839
16202 17079 19991 1458 1708 3460 14604 14290 16573 14270 13384 17157 14788 17830 9500 8471 4069 17660 5006 7366 17172 19254 2246 8109 11360 13324
10680 19397 2734 4131 17861 15862 3581 13615 3871 1764 3249 9809 7904 2899 10931 17147 8590 15733 1332 9744 16770 5645 15685 11499 11244 17474
9050 10529 12569 2423 7655 17293 9203 6801 6318 2917 4790 17298 8764 9873 13548 5333 10780 14184 2332 9904 18394 15985 7985 1127 3714 285
2314 18867 1652 5936 18965 89 17490 4704 19675 15277 19398 16700 13569 19852 9487 12601 5870 8421 15661 10802 3959 615 3027 1401 19861 18098
15014 18143 13033 939 14872 18312 19017 8972 19081 7199 10894 8858 4581 16965 12525 17339 4729 2735 7183 796 11919 8795 14260 9145 4701 17773
5828 10211 18538 15780 12423 7291 1981 16002 1052 18693 15264 1205 1130 8411 8079 11 7757 10750 14748 10525 5434 7547 18830 18812 4534 12138
13748 11622 10112 1113 17042 3242 2818 6342 7203 14589 2672 8713 3697 11331 9104 10847 18755 4778 3777 4113 19851 16779 14888 762 1802 6944
7908 13774 5076 2227 13333 3813 765 140 7954 3674 9878 19365 18625 1560 19290 9072 14561 6545 6924 10417 2394 5745 11029 7435 11360 4843
18394 8237 13693 13289 9871 7211 2084 13181 11864 12621 16923 6589 11666 1135 12606 15734 11628 12194 3089 11831 17591 10558 14074 19406 10802 16255
17712 1942 19176 7698 5611 18385 13646 2015 8789 8508 11371 9628 4053 17591 10966 16798 11122 8940 16097 12787 4879 7287 14628 19297 2539 18340
11930 10008 603 2477 15041 7535 5526 28 19681 12078 10591 2283 13641 4540 18939 8121 11358 5475 3243 3026 241 19120 11663 18837 19777 4125
8040 9697 262 5327 8729 7792 16483 8194 6471 18809 19830 13984 5601 10284 13454 10917 4299 2892 14248 15541 6180 3574 10485 7131 3909 14537
14378 6195 4329 8103 3471 18970 15323 9614 14345 16511 5248 2645 18596 8781 1138 8171 6637 3381 18800 12931 1918 10353 11721 10324 2820 6330
14998 8063 4001 15702 9682 14323 11485 4409 13270 12599 8758 13928 12738 4467 860 17061 19446 3965 9799 13706 18663 3713 11642 2979 19423 545
2305 3412 18186 14433 19089 4481 7960 17569 2410 6207 17147 16507 9175 10120 16285 15611 2717 7605 18775 15323 7864 13891 17506 18636 7558 10725
16016 3001 18280 14086 15031 13859 2658 13014 16062 2288 12721 14747 13202 1263 9756 17182 8828 17700 17794 9991 7003 13521 10157 5979 14466 8980
10490 12490 2584 456 19158 6167 5895 15829 13893 6799 8870 1093 4771 9801 15579 8759 737 7402 1802 12351 14046 5262 17546 817 3460 19525
11288 13888 5210 12735 11187 17139 4995 17809 442 7425 16796 5399 1405 7475 8220 379 2118 13611 19251 18548 12741 19599 4022 4601 4297 6578
3379 17899 14706 8561 1583 9320 7583 3126 10582 13018 3900 18237 6996 2128 1442 15374 8194 6155 7110 8448 11421 10465 9234 15398 6396 15085
16769 19498 443 5404 13599 12351 1520 277 13504 17669 3973 18656 14676 7191 17055 2019 9703 8069 6210 7426 9286 7913 10255 1770 10580 2939
13664 2267 6155 6360 4845 4386 108 14880 19660 9247 5863 17910 18956 2403 18438 4446 5437 13035 19923 9747 12615 11852 7321 10015 16556 18796
393 1413 12589 858 2492 16212 6458 15956 1807 10603 3037 11091 13799 4054 2782 1063 472 8801 13372 18177 9636 6573 4567 3372 7254 16470
2432 11312 11743 17106 109 7385 6410 14763 10522 4836 971 15782 9861 3071 16199 18843 19495 12241 296 15649 10383 2025 3420 10463 906 19599
17679 13952 17942 14662 9292 8098 11293 12306 2431 13543 15330 2916 3502 9732 10992 14491 16015 19072 63 3716 5274 9642 18538 4629 14357 9605
8058 3500 14084 1532 2208 7581 16430 3321 8139 11723 8940 13279 1700 12072 3253 18441 10415 2902 17278 8718 2399 10184 13000 14614 18151 16780
8617 14042 10200 3654 1614 10188 9819 10954 6652 4656 18999 19762 12285 17372 7307 8645 2130 2014 11866 3084 13098 5814 1272 18729 8506 15304
10783 18912 1537 327 14473 14337 17405 16421 8445 19906 2878 11379 13847 16234 16085 3132 10785 4803 14168 1876 3355 5367 4452 17670 8535 14259
6634 8967 583 3692 681 18541 16870 163 10977 6793 4363 4878 12826 14443 11297 1853 749 10275 14849 19560 8293 15295 18172 5094 11202 12664
10154 17997 12881 8883 3339 10157 19025 7191 19640 18445 8984 13043 1734 15523 901 7087 12940 361 7542 14359 19804 10402 17958 9541 5828 6148
1804 14262 5025 9613 18880 10903 2743 5040 14935 6409 6427 4845 14731 84 13386 13865 7696 2071 18485 18995 15064 7845 15606 563 2832 12801
13102 10711 14738 16511 14808 2686 7596 12887 2986 19252 11194 8733 15789 9831 15560 17617 4640 1751 10295 7212 5043 4926 10805 146 3768 11030
4321 16245 2721 241 18834 3920 2644 1929 4280 19851 9500 4730 18379 979 9232 14490 5231 14469 16690 16300 10861 7376 12036 8641 17137 13657
341 4229 6788 8681 16072 12129 12777 11586 2696 9138 3728 7393 19228 13342 17881 19576 5854 15016 14612 4219 10608 6091 8786 17714 2655 17708
6145 4805 1143 17767 15164 2119 4063 8423 5603 5719 15077 18267 3637 604 12930 13568 11392 16436 4508 11830 13611 6532 4904 919 16596 18012
