365
18 23 70 43 71 20 69 85 56 77 42 22 29 8 62 57 51 67 3 64 80 34 7 82 80 92
11591 12995 10447 16139 9253 11213 12137 11634 13399 13049 12845 14172 15873 751 6157 14796 884 13964 18801 2530 5722 6917 2503 1949 10852 5575
5707 12605 9306 16724 8054 17631 8733 1912 7617 9213 4476 2003 19648 10832 16419 2271 19214 14077 5756 1661 10395 8461 13060 4422 1719 1295
8438 2939 5319 1644 1127 12979 11205 6691 6783 7870 6536 12265 5760 370 4787 7830 6570 7511 11046 6426 18135 17547 13847 19616 16698 13075
18985 19484 4216 7509 18696 14096 3029 11185 19248 15239 304 14611 15122 10199 4909 16170 6927 17218 6110 18277 10451 16431 5910 18480 19819 15964
8362 738 231 10243 1703 4537 10000 2157 16558 11049 16080 16182 11187 8254 4564 4741 19591 5383 9895 15252 19479 2326 12276 8312 9698 17972
18501 6942 14131 16914 10376 14781 14503 1881 15109 18381 2301 17406 11805 19100 14170 164 2990 7215 12852 19432 8436 1430 14002 8717 5232 7863
17963 4712 10848 6201 11292 2472 1785 13714 18070 6022 4358 19716 16198 16354 8270 14104 12859 9352 13001 16694 13205 10146 4381 3678 7781 14923
8882 15227 16773 11202 5561 5430 16870 3668 11397 4095 13636 17847 14675 16186 13595 6230 1660 7738 3631 10333 2547 3876 979 18636 11283 19907
13926 3077 9075 19980 12712 17916 14016 17831 541 19278 11296 9330 10990 5189 2315 6940 12171 8950 14655 16673 4815 5006 2293 11513 2385 15334
3153 12185 10190 13206 7055 5651 7654 10964 15943 7257 18001 18043 9137 15261 11276 9920 19269 1889 545 13678 10800 12764 15306 17509 573 7342
2042 19145 17390 7489 5845 8163 14447 12728 12392 15382 8689 7322 13175 8816 13436 15672 14695 5193 3438 3458 1490 8314 15710 6834 13823 12564
18822 12057 56 18674 14475 10552 16873 14985 14018 16620 17873 26 7282 6880 16842 16734 7952 3845 19188 2280 9539 14263 6342 11167 12068 15442
14031 7982 14604 10834 9823 13249 11146 3363 3608 10952 11210 7186 4856 11795 9093 6536 12356 9834 16285 9699 14724 3879 18373 18771 766 14233
7758 19028 18815 12273 5678 19870 5232 19351 19279 11549 6426 18038 7881 17717 12554 18375 18807 12930 10403 4520 16279 11054 11004 18504 16482 7308
7413 18789 14132 6687 18814 13009 10706 13076 12964 3542 2198 13723 12173 16315 3182 9096 8854 16563 18323 5035 4945 12370 6142 4021 19028 5965
6470 11413 4464 7588 10780 4145 14112 1818 11652 10063 1986 13677 13750 6178 13617 2444 8113 6345 9583 5017 15727 12289 378 16605 1553 8825
5753 14219 14581 12116 8845 17077 7337 19802 11442 6716 15724 11642 9385 14867 13643 3979 5150 463 5217 7341 9632 15693 251 14616 7513 18924
19236 6929 4412 12452 12989 1532 17171 814 16439 13833 7236 5824 327 11541 5143 3208 16148 8396 8623 700 18242 18079 607 15904 18025 13942
12960 5754 14501 7543 2576 6393 10305 16836 17584 298 15815 8941 11211 3970 17790 13077 19142 8600 18513 16595 18677 16726 3643 10722 10248 9957
1752 4548 3966 118 19 17418 19928 9671 893 11232 11393 16674 16910 19368 7791 2230 12723 4739 12883 2681 19820 468 17 11469 8146 229
3141 5372 6861 11275 7253 15513 13610 17373 9297 393 4779 14299 18199 9484 13276 3986 571 13662 18871 14542 11772 15935 1400 16754 18077 16584
11835 16396 7879 8162 16070 13414 4529 3166 19644 7449 6421 5634 19892 8457 12130 12066 12808 19726 15755 13422 13492 8047 17426 17479 7496 19294
5121 5131 16422 12161 18586 9149 15775 15450 10515 4404 16353 11844 8401 11634 18250 5349 13827 1466 7202 5671 15312 11471 3010 6972 2256 6955
10022 15721 131 4991 1296 8870 2837 9549 7225 9965 19986 6933 12939 13127 8918 17398 924 6478 8430 2035 13348 392 8093 3914 10922 1968
15990 15295 15129 8783 10342 19142 4389 18942 5113 19756 10542 1449 253 17323 2113 17853 8391 10198 8227 16119 14309 17996 530 9210 3961 18811
19037 7397 16098 3740 2706 3096 7628 13074 16397 1485 12324 8831 19792 5812 1279 10214 19089 18917 4789 17193 18973 11340 17419 19329 18809 11069
1564 6848 1433 8360 16915 13635 19042 7532 14597 12963 8607 9137 12599 11937 19853 5304 14540 18765 9873 4752 985 13692 17514 3855 10998 6816
18901 15869 7065 12607 13917 5001 7106 18837 18060 9255 15722 2323 487 18363 10725 6384 18929 4736 10492 6344 19004 18272 19237 19557 6232 11252
19235 11979 8737 3755 15767 5236 386 5498 7393 19603 9966 18129 2156 8158 7472 11573 12861 2678 5077 4024 15606 16732 14604 1973 15785 6819
16464 11271 1479 505 3004 18235 18985 19782 3931 17351 16689 4968 7710 6689 4640 4147 13871 16499 7844 12372 1101 14227 1434 812 19808 14380
7395 1154 6028 17573 16898 6693 7551 8058 9901 11575 1218 15110 12265 6443 4164 5304 16004 6470 15902 19276 13325 4292 6385 19700 5162 19699
1437 8467 8124 12364 15162 18682 9940 9696 15652 15346 18484 61 11519 12159 2060 14772 18068 16385 2572 12950 10138 10374 15097 12109 3657 7904
6651 10138 12484 1999 14626 1964 1571 8808 12554 2795 18107 4398 3940 4483 19222 8310 3522 13935 19736 19140 18855 17463 3065 11738 14018 14783
118 15432 11242 11199 13352 3443 10964 9627 11549 8329 3154 17883 16722 15672 15970 4668 6231 5644 7972 5801 16 2789 13601 8927 18955 9158
11360 9460 17830 2377 16202 14365 8225 16922 15918 9052 13002 8123 1115 15408 9036 548 12627 19272 18136 17027 4209 17557 17588 16138 12102 16501
6399 4221 8886 12528 2743 1373 16117 10715 3227 4120 14753 5246 9695 1839 9145 9009 1838 16576 1389 9377 11598 2616 2909 4098 11603 17226
14384 9977 3938 10707 18939 19220 9029 17490 5428 12478 12822 3570 18393 12619 7047 14711 2257 15281 4048 1916 13783 7854 8269 4970 8500 12611
11152 12327 15918 2387 6636 10683 12850 8972 2404 13785 2512 11877 15532 1171 14669 6135 1674 15717 1164 723 7900 11869 1020 15812 6570 1369
7980 18224 15930 9646 5663 12274 4559 9265 3955 9790 9943 4714 17416 4342 16482 4231 17529 14756 4813 15 16743 6769 16717 4445 2817 6530
9605 13059 15657 15936 14856 11194 8528 8448 8178 15362 2445 13173 1803 17101 10080 2544 15467 10048 14560 5093 3233 18201 6935 8188 13869 15648
17943 5762 10323 15252 4355 1351 10641 16826 17807 10408 3022 1626 6849 17726 6367 14140 19743 12812 14459 12032 10675 17570 10811 3180 2100 5316
18952 14484 7850 5944 7374 7671 7923 10480 18449 18346 1811 17611 2073 4852 11012 12588 4573 5229 8956 6056 9611 15594 3896 17753 6139 15114
17700 7458 12862 632 2473 12951 968 6476 11184 18130 8472 7028 4107 8729 19834 16524 9992 3075 10875 8304 9518 5435 13058 15351 18271 11541
14471 16216 7010 15804 17014 7979 1734 18376 5698 7539 1192 3737 13961 6215 13899 7160 18623 10315 9505 17789 16179 11975 13544 8639 6606 12952
2983 7326 16303 6347 19934 2039 1765 15053 5075 3799 1165 13661 5879 15897 629 8629 6736 1441 5475 13467 6625 9771 15431 15202 684 1512
10315 9008 11432 11093 14781 2881 12997 18634 8770 15331 6426 265 115 18368 8811 15716 545 10235 2368 3527 13934 15273 16263 1200 13835 19471
16721 11403 9384 10735 12197 4854 18534 13078 1548 17762 17119 10469 8751 16806 19795 1302 11243 12691 4361 16649 11850 6659 10911 12686 14573 3456
8868 10934 3968 11072 10680 3158 3346 426 13675 19608 7916 6860 14198 8654 42 1285 356 9964 18453 6802 13545 6565 14225 12455 1881 17376
5655 19566 958 19277 914 17931 16382 7597 6103 5038 7026 14150 3818 3633 294 15209 9752 11936 14697 5398 11083 13016 14482 10260 1868 8649
19178 16074 4225 886 14520 12453 7899 13515 15355 583 11850 5239 10614 11999 19410 12021 5165 3231 18065 1811 9548 1900 17806 4312 11643 6390
6708 8152 1530 16159 6975 7226 17950 17672 12422 12381 16047 4966 14621 1092 5707 17719 12918 8762 424 9814 2875 331 16782 16978 5755 11995
16341 7374 14259 5286 19440 11462 3915 9583 3361 8654 5713 19509 2983 5991 5845 17551 5964 8682 10312 207 3466 4780 19057 1505 13581 5492
15512 18737 6168 7801 1457 7971 8188 6386 7133 266 7842 13876 7965 7030 16012 13394 6400 11604 11537 18580 5955 12557 14659 19235 17060 17722
12485 13975 13207 9280 12526 17996 8290 2950 3291 8554 5748 14929 14984 15136 2426 8614 9785 4795 10615 17943 10715 13513 12414 4938 2554 3229
2372 11993 18255 9993 2024 19026 7161 13934 6998 9491 13100 12876 4455 8389 2256 17263 19987 8397 12064 18060 11340 5637 18308 12541 17719 15778
143 8407 19643 12443 1285 8891 12385 4617 11949 11454 11726 1422 10363 3265 13098 13871 11160 13270 2337 9289 2282 13985 4290 9856 3362 16268
16145 7992 7974 9861 3419 9153 15171 6155 1045 19970 15605 13595 16477 13104 8648 19019 19947 4232 14408 5118 16551 4168 19313 9243 149 11780
19853 10733 8647 15875 2221 18465 16089 2961 13257 1472 4241 9155 17 879 11836 808 2941 9549 13775 11620 3700 18355 13318 17491 1635 9854
17674 3534 11506 10545 6994 4139 14669 13374 4067 11242 11459 4082 13985 18133 16177 11239 3766 224 14771 13599 17615 14819 10575 12212 1019 10959
9959 16927 2079 7569 19877 12229 13479 19299 14550 7743 6876 11896 7215 13449 4649 1818 19932 9185 2000 5293 18852 1226 14894 8663 6592 6996
6218 6096 929 7414 2122 2486 10981 5560 8593 18421 13302 18396 19623 6336 13963 15304 9930 2745 19463 7436 4339 18048 110 3012 1732 160
12597 3780 10648 251 19260 19008 14391 12217 1712 1880 19422 9529 19744 19275 1833 16324 16272 19881 19646 14052 3186 13125 10644 4550 3343 6729
14369 5795 2751 13959 9040 13580 12882 5516 19472 13245 19849 16507 6602 14817 13095 5707 6851 617 13640 2139 5869 17011 4112 17272 18320 18071
17528 12235 10590 3715 10634 2022 2023 14273 17050 3182 1982 15841 18625 13648 18953 289 9326 15488 4921 15097 10066 158 8771 13527 17850 19542
18998 8207 7174 9931 5836 10554 18213 3680 3753 3683 9030 6409 7758 7351 1289 3122 8960 7184 18888 18390 14761 19707 7699 4181 5959 11195
15965 8183 12454 8647 6898 5733 3926 1266 14558 16412 10301 4719 4390 5496 13597 17956 918 16110 11858 13396 19842 5798 18608 6025 5795 10282
8112 16448 15257 11245 5150 12171 1617 921 18553 18724 9378 257 964 11249 15627 15664 13922 13262 14252 8984 3278 19811 2992 18546 10929 16036
15296 17695 11745 6412 13844 19828 16314 2578 356 9042 16754 17541 8023 8059 6223 14417 2537 6994 10326 11665 17566 6202 2935 15049 14184 16242
11818 15162 8110 16420 17084 8807 15180 9515 16185 16511 16895 2808 18798 15140 11849 18160 829 4063 6712 7946 19276 1495 8200 4199 11945 15813
3347 1268 10646 16878 17319 17145 7835 5741 5125 9025 936 17968 12786 9152 8703 8308 17261 5369 16506 8360 3266 4187 338 13639 11489 14364
6787 19606 11261 1335 7831 5160 13027 2859 13926 1021 16044 5088 19325 13103 18045 9377 15364 14293 3928 19774 7224 17309 8462 9269 10691 15059
8361 12614 5653 16302 13893 12943 10843 15434 10495 7158 11056 18645 5148 3753 9321 7982 7081 18102 14817 18736 1835 17940 17585 15612 1493 10061
17645 16001 11808 7513 13108 12202 3746 19332 951 12607 10711 70 13228 18855 14024 12337 15523 11977 19482 3879 6621 2600 6614 15356 4538 17868
1545 6493 14916 7568 15797 16106 19117 12490 13647 10271 807 3351 1270 726 16672 741 1704 6011 1149 1441 13364 2488 17424 14615 1168 511
18266 16924 6523 2032 4102 203 9596 18323 1834 7357 18326 19742 8243 16707 1010 5146 11688 2851 13463 10688 15759 17079 6488 7365 18155 1251
19682 5706 18642 5767 1385 8367 10193 13525 4405 15487 8045 17221 17632 7613 17405 3312 7611 17545 1052 18656 8301 18182 19537 17795 9691 13256
11430 2324 13864 14789 19436 372 9969 13352 5142 14540 14664 1082 10762 9318 734 1275 19921 10688 14533 13107 9850 18095 16322 17682 19491 16409
11666 17665 9521 6370 3859 13443 13651 17210 14343 15166 14284 187 2783 11736 13761 9736 5040 14500 17585 8287 14230 15228 4940 5636 12625 8014
7698 16697 13059 18458 7324 3117 6382 15799 10998 3835 8583 13220 11202 14388 594 16282 1564 5819 18915 9155 14840 14736 16089 17155 12891 4129
15503 10692 14504 288 13990 13050 13877 13645 2337 15482 4608 11657 11138 15085 14351 1550 832 5049 13843 5543 19702 6933 8877 12211 1921 6300
16711 16075 12120 14637 15743 16089 16864 13109 7455 11793 2635 10860 7982 19682 2633 17685 17672 15430 15456 1752 16960 8151 13602 8468 7716 15055
4741 5274 5861 18544 17342 9254 19681 14548 11431 15534 4947 8179 15129 18012 14346 6440 14799 7234 5566 4211 1451 11909 1199 12333 14119 7130
8580 6506 4055 19131 3320 12219 1552 16326 7411 13729 140 10700 15977 14625 12350 11251 13782 5094 9137 8138 16380 3150 6816 13439 18454 9845
15021 2988 3403 645 18167 17138 4165 4356 3912 18631 16786 13971 13544 3436 4604 7256 9501 18101 2203 7698 2270 9456 16913 4757 8135 2701
5752 14734 6442 1681 16466 8404 10060 6853 18775 15285 5031 11649 11527 8216 17279 7422 8698 13544 7538 6579 10758 7705 6692 14086 10715 12370
14710 6881 7486 13537 1100 7980 8386 16700 10431 10951 13924 656 3016 1175 9694 15784 5454 13928 4951 15144 19738 11604 19397 15688 3874 1332
17044 16241 6803 2065 18069 3220 392 585 12574 17250 15443 10537 8564 1758 14729 11646 10432 8341 11429 4869 1305 10902 18999 2455 19355 19077
11424 12230 10586 7065 1670 17909 15239 11189 4920 3782 14441 14553 16632 7364 16667 2272 241 16435 7585 11526 2327 18207 19063 10114 7531 10846
17383 11350 5059 1736 153 3078 4714 5018 12632 2795 13410 12443 18851 6111 697 16094 6104 18843 1337 17014 152 14478 13419 6668 11176 11565
2708 2021 19570 5699 19326 16934 7685 8305 1915 3887 7560 16072 5605 19324 821 571 2197 4907 11388 17656 935 11956 1473 3149 7049 121
11462 14122 14185 18905 16451 16719 139 7815 12723 16890 16934 18057 19493 3204 17827 19436 2785 2798 15140 1739 13990 18875 1233 3539 11524 1019
1541 226 17236 17546 11831 13800 12059 1452 825 7418 3065 13240 877 2942 8057 10048 4021 13381 10024 8257 7701 16509 8201 9877 9701 19299
2361 10865 17581 1229 6400 12245 536 11253 18249 18590 11273 205 5107 19387 2721 19009 9927 4406 11273 10814 8529 1453 5743 15886 9687 5902
5694 8553 1156 11692 1847 1266 4750 11389 3444 6593 1897 2899 15076 8918 17928 4489 11849 2207 15869 8874 159 15170 7014 1527 16679 18998
9637 3449 8292 15621 4411 14408 1532 13606 16496 14055 625 4949 6331 7097 2895 14351 613 6928 15328 13411 14803 1227 19071 7294 8679 17396
14260 5031 921 18130 10559 1792 5571 2472 11048 18076 108 1223 1677 5361 16462 267 16421 15273 6701 12592 11429 15875 3137 19126 14555 19912
17404 4719 10450 15808 2804 4533 3051 15181 16458 11993 15794 11473 17784 15871 19700 13895 7339 9984 6279 15886 17184 7901 6785 8501 3010 18247
4817 7768 1323 14178 11594 6597 12785 7855 5096 8768 19620 12867 4447 18441 15220 11156 12962 11263 4819 11574 16156 13916 12711 6059 17099 11799
19876 7413 14428 7513 3453 17088 19083 9534 8839 706 3197 5204 10322 1654 906 18704 2342 7700 7844 32 10991 5109 8584 3921 16652 60
17743 1543 15445 10714 15099 13413 18421 17672 18469 19236 572 478 211 7948 13604 818 9891 14847 12095 12578 1462 15116 9704 990 10870 6539
16029 4657 7270 14422 8791 10695 5461 14365 2571 9798 11165 2645 15074 4186 18156 6029 19754 7067 6809 11503 9580 5922 14758 12508 16377 18494
2251 5792 9639 17186 19641 9253 6478 1610 16264 5744 19291 19392 14771 10803 17854 3748 3497 15481 12977 3632 4092 659 5873 4605 9610 15646
14556 14659 7334 13500 4462 3970 11378 13245 7331 10546 14900 13901 7205 31 427 10009 8352 1121 13902 862 647 7572 14340 9529 17799 6294
4758 5166 5081 12475 1867 14851 8918 12696 3488 5012 9158 14672 14877 13738 1089 7812 1046 3739 9846 16321 11841 17034 5091 7186 677 7397
5714 17071 17382 10304 15094 9227 12006 3325 364 6077 9890 76 14184 12712 6718 6375 632 4380 14817 15745 2962 19990 7333 16781 13376 6082
6063 14769 11961 10068 339 13054 6409 14211 7100 162 19818 3141 15576 1500 12770 2388 9679 12516 4506 7303 14333 6380 785 1658 12109 15397
1495 13120 11299 5259 14467 15596 5508 12148 5704 5181 13708 19132 17203 13748 14946 10608 14579 4876 6722 3161 12026 11269 16500 18241 511 5419
15776 4841 1604 11909 16471 7933 1086 805 2205 11425 7685 12436 9404 1347 15418 10133 3605 6091 16360 6710 18539 16428 14580 5053 10979 19372
15961 18867 10616 8625 2823 8778 1375 16262 8089 103 9479 13416 7190 3322 10388 7913 1267 18642 11737 879 16511 15198 18186 16276 7125 3206
14954 16902 4176 8366 9202 9157 7390 19004 2737 2022 4207 15130 13121 1352 8763 8208 18064 13646 14011 12512 9117 11302 14919 2395 3891 12805
4035 17041 5860 15613 4210 18061 5209 10 19399 2581 3843 13566 7651 16420 294 14342 5287 6319 13462 14267 14476 17998 6166 18121 4957 19423
4108 10009 17623 9245 7298 2431 8138 12990 18396 322 1556 15147 67 16842 14882 4005 420 13958 2173 12585 19399 4806 16941 13774 1193 9358
18680 1200 654 14992 15747 15424 13123 9260 6460 6635 3922 13928 9330 16910 10481 10944 2177 16252 5063 16922 744 7505 14091 4554 17826 17629
7017 15916 2386 13156 3997 19273 17281 12708 8648 15032 16051 1656 6089 10560 18733 3091 19830 13335 2600 6323 15262 9542 16004 7140 13528 7930
16152 9276 17791 7166 13832 19237 3733 17915 12766 6159 12023 5371 13032 9828 2607 8071 11395 3549 14771 4127 348 9352 15799 11512 16053 2214
9898 14089 6661 16047 4619 10378 17132 2645 3674 14192 5096 9396 2949 18505 17497 9280 18792 11624 17930 7022 12420 9843 5446 12461 15171 16381
18638 7516 1683 19808 12687 12757 3909 10283 7819 7881 13088 5823 19914 11181 7842 19309 19079 743 5962 4940 19398 15862 1267 13611 11481 14359
17386 5164 14744 150 10807 6784 2204 11054 1072 1248 5495 17702 19672 12806 12694 14255 9380 15621 1959 14278 1634 19273 17670 10456 7548 3744
18890 11070 4183 1302 784 14276 12131 16278 15993 19161 4869 7259 7108 11890 9253 14895 8895 16663 15177 3117 7239 6916 7609 5378 6416 14423
13355 17062 5460 15684 19665 19381 1586 12116 13470 14266 17149 11669 16935 6682 5157 13743 12166 4075 13004 10703 17895 2349 7553 2621 16528 822
16776 382 19581 6461 15105 3226 17135 17830 8563 16770 18062 16830 6131 13429 8771 3588 10287 6779 14858 18626 4411 13963 1262 18971 15605 8549
9330 3634 16011 1346 2991 5773 9912 7407 4258 1588 16815 2464 18581 9262 12789 14337 18052 4215 4498 14807 11627 1014 16506 13792 14964 19250
8718 6733 1609 15939 19319 4676 19586 3003 4155 18989 9433 2162 3890 1184 4553 3206 17885 18994 4184 17390 3403 5332 1590 8363 14 8295
19817 10677 17357 1580 12101 18756 8882 4921 10910 12036 2094 17993 11772 19693 7754 227 1649 14566 15722 15841 4407 17362 12588 4012 13746 17564
9237 2665 4464 1032 6963 2495 4689 10262 9849 10261 418 18424 5830 4075 17714 2337 14684 19654 13054 2050 17958 14916 1413 18104 921 13164
5388 16967 18805 10627 18349 13100 6190 17742 8891 18487 5318 11211 1743 7961 4395 16419 10962 7770 13902 10379 16616 15538 8887 15649 15655 3585
2867 2026 14000 6135 17143 11483 11608 11584 10107 14650 1884 8314 16330 10103 8289 17189 10719 13920 17959 14210 3664 6789 9856 16642 12321 4641
18923 14149 12263 940 5497 15187 3604 3554 19720 439 8079 18539 4725 13507 3149 15760 3230 9648 14500 8160 7185 1927 15955 4981 18261 5907
13328 15026 17703 13621 18047 6617 13658 9393 1268 17299 18705 6801 8926 15291 19502 17406 12524 2312 11906 3662 1039 6906 7784 9953 10048 4405
9344 13347 17903 2412 10931 9650 4088 7879 9644 761 6325 17812 6044 16431 11702 453 2496 9526 6583 2313 10769 12472 14761 15527 6084 18233
3504 9628 1741 11472 17438 295 6588 16021 7834 1478 2789 13164 13695 13267 9464 10824 15022 1433 14770 929 17782 16489 13280 4238 11255 8227
19201 10573 9964 16331 10364 1698 14171 5426 16951 5404 17310 9009 12446 5566 13943 2182 7345 2668 15424 12734 4972 9122 1091 17055 1838 18119
9351 7119 19884 615 14659 1695 5051 4433 6681 7695 13164 15209 17701 11652 18905 13665 13986 13329 1853 12674 6985 12105 12042 17544 18820 1512
4612 2353 16729 16567 15645 11051 6701 3930 15051 19783 4077 6975 9367 12653 7306 8072 15474 12019 14521 132 17863 2605 19431 15665 6546 10011
10103 12685 6554 5289 2983 17921 11163 2684 19559 2232 6206 17989 3156 3468 14463 15574 15768 3647 13075 16705 3774 2861 14331 10603 18549 13972
13711 9791 13417 2423 5066 1366 5906 1176 2863 6057 3353 17996 10580 13631 613 6242 15704 19140 10734 9344 18369 4772 17493 8432 13307 16177
10464 18370 8938 5757 5480 13284 14337 17773 9555 3691 3921 11594 1304 4829 2908 16419 19951 14804 9846 15010 10548 7360 9771 2650 18281 10082
8955 5233 13760 10637 2515 17228 16435 16432 15809 2951 4282 1371 16528 12717 19839 9713 17188 19934 19404 19153 12078 16800 15442 4140 2016 16397
2973 17962 3249 6827 7957 3009 14162 7322 15438 12546 19484 5445 3139 10636 15619 9252 9142 3317 13494 5869 3324 15495 7783 13018 10825 1731
12138 17611 10545 16504 15370 12207 6483 10552 9351 10922 4734 18842 7902 14003 12354 1965 3672 15722 10975 5317 8177 4334 5174 19678 15661 11701
5093 7591 16634 12373 13282 12265 13440 17994 19161 8857 1645 7845 11044 14635 2422 7597 13161 3136 9368 19861 756 5645 8171 8537 11643 966
9427 7248 12884 15722 16078 3878 470 14705 14416 9626 4749 18405 1668 14343 15137 8682 18297 16974 18681 8251 6997 19598 19371 5004 6009 959
1725 14320 13585 13523 15181 2663 8779 2883 7428 542 11649 2988 17471 6541 9019 11017 4247 1636 15626 4387 12745 2948 10332 10089 8859 15090
13915 18209 16878 18159 14762 760 6646 1603 10444 5492 8565 6738 5418 15501 15133 9017 15073 9349 9441 15213 19650 5478 6355 1516 5686 1302
5783 4144 18461 10134 7819 17728 9096 11809 13499 16123 19573 7695 6855 16347 3145 12486 18970 19597 6544 5385 6837 15236 3497 6187 19079 8769
8712 2653 7842 11232 7257 14839 9823 9633 10008 5348 83 3450 3399 3619 5808 10962 2326 14155 8598 15555 6018 6188 2005 15139 5945 14229
8659 13231 898 561 4603 1396 4621 11157 14855 12505 5439 3569 6754 3048 1212 13351 19063 4041 9621 10834 17350 910 479 18467 15511 11929
15185 7027 11314 1559 10631 18150 19212 18788 3948 1263 17001 11368 14619 8986 15928 8063 18600 308 16813 13605 12905 3301 4771 16603 12937 3648
13802 2722 3011 5054 7568 9209 11062 13573 15480 19780 8427 19265 18403 19107 17127 19921 7487 1367 4530 15534 1097 4465 7024 18675 9854 4943
834 1349 8141 7553 7213 4711 9891 6315 13891 7399 11270 6837 6308 10771 2638 4138 13368 6202 12008 728 7224 3721 2591 5481 17804 7524
10636 18226 1547 19340 12246 1389 10412 15696 11858 2308 8309 17901 323 14080 16440 3720 18567 2429 19039 11672 17501 7772 8200 8167 16832 2964
10610 14727 1711 11509 7626 16432 16187 5514 5430 9381 2092 18068 14843 15310 19918 12934 9002 9282 4096 12514 10372 9590 15681 862 6936 14531
8957 6525 8497 5919 11277 6894 8508 1798 6031 19133 1853 6150 19923 7233 4960 11556 3689 1323 9234 8001 2313 1395 7789 5765 13047 18821
19613 3388 5184 17617 14262 7647 803 6038 14022 15700 19904 14997 3829 17223 12067 18530 10517 8646 13308 9287 19767 7359 16950 9387 7981 4038
3903 16106 15299 608 5814 10944 13430 18456 9473 1539 14102 13099 4110 6576 15822 94 8104 12015 3679 16000 16335 3872 14478 9458 13809 6626
6166 16810 15070 13394 4761 14807 10193 2952 14103 3280 11273 7905 6805 6078 17309 5398 7514 6445 10096 2726 19582 10944 13054 7663 777 17276
18395 13216 16901 9368 13607 17934 11996 19709 264 17373 15349 430 8503 15377 8527 18018 12780 17324 6604 6740 10779 4648 7906 16170 5509 16166
8659 2706 6944 14983 4001 14203 37 17563 17831 8554 9458 13991 347 6259 6188 14361 16966 16513 2245 7661 18993 1643 13592 18649 8083 19439
1408 13967 13305 5621 17044 634 18686 5803 11956 6687 9723 19130 19871 11542 16345 9902 15078 13898 4340 7866 19071 11019 13006 2742 7109 13343
14933 3140 3753 2708 4280 6335 1574 2526 9506 11815 7941 13358 4747 7440 6219 10125 13878 7719 3603 9020 11164 8044 14783 6891 1477 1390
12330 10306 9708 9589 10360 3842 2481 3879 15740 8703 5812 10388 7109 10547 7730 13957 19766 16850 19632 6711 6633 14029 6027 5703 1487 21
17780 1990 9624 14089 6381 17321 19865 14793 17214 173 15113 18884 17750 17424 5705 4807 14920 930 7636 11974 18846 14838 3088 6451 3233 6442
16666 11824 5709 3044 16938 309 4211 5584 12548 18615 11219 1356 12369 10818 11974 15668 7089 3541 13434 11169 7195 17629 7972 13448 10882 17796
8188 8755 10434 2898 16270 10172 14975 13895 16610 4477 1672 9974 8018 972 4474 9495 8954 4428 16085 2489 11267 19834 11808 15882 19559 14958
1639 10581 260 13624 12867 7552 3861 16352 10129 1490 4486 7691 1753 9319 12456 15864 18793 18752 9482 6272 7516 17854 19485 1791 2275 19592
13787 14785 2092 15689 5327 3025 11643 3630 7240 16402 17783 5571 9862 1827 3721 4165 9170 11965 6214 11737 11599 7307 10877 14773 6492 9726
16024 17598 15050 16245 13235 18539 18010 2574 8794 1558 3717 18259 14620 16447 2347 4778 17828 2153 19510 7890 12341 10668 12874 13209 7019 5513
196 10094 5339 7112 1931 15279 14407 7016 11291 13329 12500 19220 4411 9514 17055 1988 9883 10422 12989 126 6828 15585 9575 4214 19094 10199
4527 35 18419 10650 15870 1492 4721 16914 17022 9358 5006 8438 6706 10788 5002 8981 3844 14506 17342 2745 17298 7399 15312 8124 19523 17395
11644 15193 4317 6615 2588 8224 18687 9078 5319 7562 19814 17593 5610 3905 13899 9518 9718 6443 4701 19380 9642 18703 17604 17196 10521 11689
11373 19745 8653 16379 10123 14452 18299 1136 6926 18330 6135 15890 15948 11282 3088 19198 19309 527 4794 1667 819 17647 14037 13810 8488 19316
16041 19046 19716 15949 11638 13505 1417 16196 10408 1128 13425 3452 10298 17216 6702 18195 7189 7398 17398 7618 13081 7304 12818 5697 17220 18738
12540 14242 5695 17205 16372 14793 7444 4701 8419 7108 13799 3702 1735 10569 13519 19665 9813 18709 8757 17018 2064 5248 4350 15544 2177 5764
6594 16668 650 14332 3584 558 19299 12283 14853 3144 5031 2922 10208 16516 5484 14639 16793 18146 19559 6051 9342 17743 19143 2757 14562 3381
9138 9176 13211 757 8277 16029 15635 19707 12053 9817 10886 14399 18431 6937 17343 6494 7318 17986 2556 14394 18670 6773 17583 7707 19331 4465
6362 265 9313 11616 6951 9923 13839 8385 9285 8901 19131 15892 18864 4647 13412 10666 759 16159 5365 1259 2658 946 1146 7444 11134 8939
8462 17342 13037 16058 17099 8508 11176 9198 216 14851 12219 6031 16523 2017 15985 19940 9119 19033 9041 3995 2686 11449 18088 11061 943 14058
7960 18488 19518 7269 15427 8677 14057 3150 10809 8262 6906 5902 13537 5490 3157 2620 17808 7848 14770 10135 7798 6322 6335 5084 11444 1179
10283 16903 10747 17488 12702 10379 16941 18215 18234 18207 19036 4875 19036 17250 12305 6109 7402 8877 7605 7933 4834 13822 14619 15432 7012 9910
15509 10748 4857 4585 15363 4168 11732 6504 14767 11234 13579 13530 17208 7108 902 5387 10679 110 6781 4088 1003 5702 12459 7902 2170 2172
8777 5395 18670 15371 16262 10471 3601 5225 14756 13631 16732 10885 6104 2251 19013 8807 15220 12047 5817 10893 20 15070 19953 14466 4826 2496
6383 6571 7052 18985 15812 16348 8364 5876 5340 10519 16508 14465 9995 9207 8980 14842 6240 7721 5710 5944 14510 2457 17897 10922 6381 19553
9289 18024 14280 15625 19334 14365 4558 19879 6043 6992 2184 13328 15340 14084 16171 8840 3576 71 6007 15757 3011 5636 10668 18384 2716 5748
3634 17973 6388 7247 12832 17906 11267 17888 18471 889 6928 16781 15830 7007 9696 12899 6666 3069 12405 5879 17179 4060 14334 19172 15416 10686
2230 3217 15886 12179 5464 4747 17917 7136 10835 1702 4051 16560 7758 16226 8792 16855 7771 4623 8658 270 1445 7983 4575 13196 15162 2002
19795 11685 6486 4692 16830 15728 5652 192 4102 15192 16695 9129 12384 10996 11938 6503 19440 9723 10023 12349 154 4430 3630 13494 12088 8050
11561 15363 8357 11369 17428 7420 19627 2142 9202 10776 3896 4953 11247 13366 4860 9103 13770 3061 18790 10077 9910 17482 16326 992 8475 15023
8015 5569 1802 6255 8051 5221 13109 13614 10964 6486 18785 1615 11261 19435 18638 7436 1997 9187 2878 3290 4106 10591 11324 1231 6234 9651
4749 1485 7203 12630 5869 19853 1567 13007 1123 7483 196 16857 19275 5196 8116 15950 17515 5838 12703 8223 18362 8678 1789 2225 11504 19584
6484 11568 14544 5298 18408 10968 17608 17039 3119 4618 13141 361 17590 18199 5714 13846 17754 9244 5554 18203 2501 13000 14960 7008 5044 18141
11859 7052 10747 7574 4323 11732 3136 14000 12127 10831 5831 3727 3507 15600 10393 7275 14260 18229 1689 13375 7663 13560 12431 4978 19428 9711
10268 10518 16685 19344 1823 2904 15207 7337 5023 14122 14025 2461 1862 8931 11555 15708 194 4154 11267 10556 15678 14269 19560 16507 9212 4549
5077 18744 7756 8344 7842 7447 11867 18995 19378 10869 3971 14997 1898 18127 10633 12119 11396 12448 13606 15500 17170 10904 16918 10171 17616 1504
19336 8104 14410 13601 17902 10505 4910 9466 2925 8958 7359 4252 356 10655 2434 16883 8805 4626 2514 11902 11661 6763 8253 13094 12452 17790
1367 12699 6992 9297 17622 7800 3753 10085 3046 19259 9461 14302 12777 4181 15807 5603 14032 18762 5708 4260 16527 1691 6601 19172 9824 19033
4927 15061 5465 3723 14880 179 2350 18641 13287 1550 16955 7528 14967 19316 4497 14762 1648 5909 3394 7315 11587 12859 8659 17899 16349 3405
12538 5154 12139 6106 17617 17706 17624 17537 8659 5793 3339 18157 213 15688 14090 19047 2852 7064 12688 18167 18866 9676 4644 12845 8928 4843
1813 10560 15925 197 15032 2120 16010 2362 12983 1376 13283 2708 11566 243 15250 18202 10451 413 15601 12971 2586 9030 8510 13068 15029 11937
12925 6488 1307 9020 9373 10405 3262 9661 19212 11467 16889 19130 5493 6780 16600 10313 7995 19761 5526 11399 1679 1706 17633 4950 7989 10145
775 10097 15872 12164 13766 19951 14583 17089 5192 13975 16627 2166 3757 1215 2870 7525 15627 13910 15858 14291 18833 8142 9398 10187 19744 845
1980 10107 4146 1316 11194 13519 857 18281 260 11305 5946 9922 7933 2656 12254 1670 6470 17541 10352 2 5970 4514 14484 16775 332 2614
3593 6180 12994 6172 8778 10729 18548 18052 1026 13827 5348 11575 12054 8060 5557 15245 6206 3680 715 12480 15961 13698 13330 16178 12314 9411
8328 2058 14163 16671 18004 5855 8246 16367 2478 9280 13949 10197 3576 364 3957 7538 16559 14680 8254 2767 10569 16454 6780 3839 10049 5050
19912 6560 3793 18721 11666 18120 17169 13159 1057 6548 11541 6545 17393 18093 8568 16581 3774 6744 9832 13377 11689 868 13771 2808 1435 10250
531 4824 10927 5929 4720 7415 12787 8554 289 14799 13807 5396 4767 16369 109 4355 13222 3454 17631 13000 3314 13092 2149 8845 19888 1656
3744 7968 284 17086 4961 18185 15717 1207 1237 8809 13281 4234 13400 16989 2311 11852 15689 14146 11530 5590 5764 10658 4170 11859 8056 2716
4567 2974 19807 5730 6202 13241 6710 10160 16228 12778 19711 7052 7435 18779 1492 4177 5725 18636 3400 13686 13630 11675 3972 6351 3063 10069
6173 3927 4588 600 17050 16417 13357 1432 4551 14183 9132 6288 7404 5793 120 13692 14824 13589 9253 19429 14422 6922 1016 1674 17525 16086
4153 13162 3821 6408 6326 7696 12481 13212 5438 14219 19308 16453 13583 15913 16334 19693 3821 9580 2921 7074 15733 15060 14224 6507 15915 5368
18709 17084 12608 15151 11763 3005 14537 11390 11575 16068 12373 3338 6591 16424 2923 7806 12966 6741 4545 2114 4543 2680 13989 19966 3299 509
10646 4624 4460 5310 7587 1406 9175 4956 7968 1587 12225 15015 1925 6865 3546 1718 12845 14165 18520 3704 727 6924 17347 919 17961 17625
12238 19750 13229 11082 542 14338 6970 2264 3962 9349 14333 18903 9704 11733 1921 1957 6030 3871 17296 6868 5091 10641 13831 8146 3670 15920
5441 18817 4614 15329 14214 274 2946 3597 15412 11092 2074 118 5910 14936 13525 897 5209 2705 15694 10451 6138 9290 17511 8741 5149 3985
8587 13368 18233 19019 14461 5554 14458 10892 17909 1355 7014 8790 2382 1281 11079 462 12836 17560 15707 14008 10297 11231 19329 12779 4263 5639
13906 12586 19560 3580 9192 13336 5546 17724 4040 8255 1882 18555 18006 8959 1798 5051 19695 3765 8445 12156 11819 9016 17377 8172 17346 17660
14313 15998 7299 1530 11086 19113 10108 3670 6597 6033 1329 13295 5841 2206 9084 18445 1917 3239 13158 7616 3285 2846 12854 10278 4642 6045
9062 4063 3567 10834 2477 14687 11881 5694 11460 18219 1030 1051 7532 1640 7490 6839 2185 17110 4070 8834 14921 19568 12813 12288 18702 12160
14622 5099 917 13667 3892 19800 7579 4376 18949 19982 15129 1583 10886 15635 7589 7045 4161 16344 18605 11955 18430 4321 5716 2264 15742 18396
16093 2927 2134 2878 5695 9705 9408 6857 8945 5378 1323 1766 1407 4410 555 13003 4201 3416 13876 1214 19530 13887 19538 14513 1955 1039
10572 5382 8244 17763 7802 157 13280 9344 1785 2391 14542 6927 11114 1248 16519 11943 10606 625 1358 7547 19723 7145 1750 7276 3724 19151
12647 17350 7114 4861 7505 6957 16509 3993 13831 3617 14637 9064 10530 14937 19183 19454 9163 19926 7254 12741 15216 7805 4920 4746 8784 18856
4820 8341 9738 18431 8466 19172 8592 15306 10832 1929 8986 2368 15890 10404 19743 5716 16318 10014 11019 3466 6175 9198 19018 1434 10831 14891
13393 7416 17843 18958 464 4046 12586 5524 7683 7398 13797 15903 11629 14781 17919 12429 13599 8349 6703 18700 19702 11109 18677 70 18397 19715
12391 5139 18414 11685 5944 13909 15570 9152 1055 4779 4423 12069 4945 8722 828 8842 1058 3656 18440 16039 18087 14693 17748 1252 7114 5890
8973 16999 9867 10397 8005 13849 2078 6634 8334 10708 7825 5870 5969 17623 1656 16568 4171 11550 10266 6126 3942 8434 14108 919 4274 14531
17745 1263 19568 5147 1343 17800 6274 11727 15529 1897 11895 2065 11185 16496 13373 16578 16371 4641 9382 10062 16729 1595 19703 543 3854 1142
17767 15836 12419 14760 9674 2155 15025 10908 3066 17932 8666 6805 1787 3342 11587 9925 12766 13730 10167 2144 11666 3932 18736 3393 5830 11299
6827 12438 920 16012 2926 19185 14408 7627 6412 17285 16951 6698 16968 7073 9105 14310 15425 12421 7988 9355 13298 16068 19695 10922 9530 3678
15333 8644 12086 13864 3903 9480 8754 2354 19335 18724 1779 1282 17162 8649 5320 19168 7352 3138 14460 18456 7501 12856 19787 12034 14568 12212
19617 535 10787 19992 17860 74 1349 15732 15613 8099 13898 18927 10020 1669 13762 18919 13543 5083 11306 12174 4894 10843 11973 12524 11206 49
11612 6522 7529 2506 14067 12999 10764 429 11097 16662 6055 17450 8916 12974 1317 18953 18385 5427 3229 15349 16991 3470 2104 14068 9673 5079
5493 19190 143 1111 3178 14861 7019 590 3956 17483 10597 17553 10880 14277 3305 15029 18782 9909 11305 4627 18026 18926 12101 13789 18628 8235
18668 6375 9367 2688 9011 15556 16339 19987 3726 2916 13130 9125 10679 5581 9910 16266 7306 5129 8717 7369 10258 2762 17521 600 5846 19301
11913 8143 239 9988 7428 3085 4323 16334 11204 14741 14843 13176 12785 16464 10080 6393 19383 102 5766 7731 19200 934 11065 7694 19303 17103
12668 19235 4266 16623 4750 996 18337 10397 2606 2201 6724 8823 2837 3946 10057 18628 174 7691 5074 9927 16516 13658 14649 11378 6820 11575
16444 456 14407 7906 6535 8436 17398 15977 1407 10568 3445 9405 18190 17361 8089 8140 19573 10580 10893 13418 13495 7174 1054 6478 10742 276
14874 7527 8072 720 8501 5956 13280 16654 1872 15616 16269 13123 14377 4011 1332 18004 14279 335 2885 9951 19443 5516 13676 4587 400 14742
28 14204 16782 16093 866 19521 2671 19191 15632 14895 704 13233 2471 2495 97 18463 16906 4913 2405 3951 2634 10071 1127 2141 12230 7904
14551 1193 5425 6138 11662 13300 8467 3170 3098 3776 1094 8665 2795 12992 18071 19926 1052 8563 5241 10671 1198 4494 19963 7350 11197 15082
18260 70 7135 8585 5300 3930 1796 18944 13916 14836 7632 7541 11150 19776 9091 4082 10566 4161 5273 16784 8931 14124 1518 16519 925 8473
16506 16869 14725 2451 19109 14729 8142 9207 8770 13014 12008 3696 3831 1366 16487 3118 8568 1850 14923 11784 9995 1734 7273 7621 15508 707
12701 14356 17184 13579 197 7241 16989 7755 17249 11375 11862 9293 847 13400 8795 1081 8058 10903 4336 16079 5007 5965 16014 4477 4884 13583
17990 15907 2425 18559 6228 15610 18469 16040 8983 6111 8425 13447 3287 14327 8561 15085 3138 11171 8142 6282 14897 2766 10552 5934 12176 15286
17042 13966 6685 19156 17135 14674 13166 1847 12773 1486 10159 14153 17612 17164 1584 7660 19263 2468 10871 1146 14860 17505 2847 13039 9734 8025
11879 14610 3043 19597 18205 16198 8651 5446 5071 7651 5422 16302 9459 10706 2706 11247 17113 6353 4987 10385 13643 9490 14558 1475 6388 4836
10803 7891 5496 17628 12837 2915 16274 6240 10015 4457 17892 19877 10183 8072 2263 1474 16413 9188 1662 11392 2350 370 12881 8502 1046 3407
19363 17014 17644 6579 12790 13379 9594 3572 5789 15361 2748 18051 18943 4598 5270 17376 11870 19291 5347 17041 7819 4196 3029 12836 7753 13786
8920 4797 2821 1586 4704 14817 18893 16109 1350 5281 8548 8599 16712 16034 511 2065 16197 4031 6614 2869 2630 7029 19177 12157 12361 13156
15003 12378 6865 12309 14388 18914 1439 12677 12746 8520 2718 6527 7247 1323 12200 3201 18142 18936 8310 11113 15045 14400 1765 3115 19236 6149
10354 3765 8203 814 8749 10586 5394 4343 14065 16879 4899 10433 19901 2198 9803 6471 9172 19045 11897 7336 7227 17653 8521 16275 12652 4883
7512 1648 3906 14337 1113 10518 15009 15147 18808 2104 3751 4531 8198 10070 8830 2322 17104 19225 8110 7674 14525 14873 15959 4516 11693 3729
1791 8802 13157 2549 8879 1211 3465 12880 14895 4298 11748 13235 11283 16727 1797 5307 12511 2877 2890 18968 14698 17832 10281 9567 9406 4966
8418 5995 16367 18014 9048 8332 8279 16646 3399 18075 14740 1861 18245 6065 5749 11885 4971 9184 16963 3175 18542 17213 5798 8628 1406 5920
10764 749 19565 16746 4231 18934 14191 4190 8360 18294 3548 13052 18999 9550 14315 13822 4903 15219 10068 18613 9357 9015 3596 4111 11253 15170
17296 18713 5465 10935 14072 13853 3008 2944 19484 25 3618 497 10919 9446 11722 15413 19916 5197 13304 16097 1052 15380 11244 12426 17980 11346
42 9694 1006 9129 18235 17847 2516 14613 10509 10245 10364 7861 18199 13023 16142 5737 13234 1623 6021 13680 11881 2965 13435 3976 7555 13243
3283 15058 17038 9961 3392 5841 11427 6359 11336 16816 5464 12124 568 2200 2341 3375 18953 13270 1489 11631 15782 5906 18552 7457 16446 19091
13243 12960 8358 7651 18014 10107 18505 15381 4402 1018 2292 4968 19699 11098 1017 8444 18139 1589 14364 7606 5753 8253 13164 322 10477 14424
12066 3741 1696 386 10376 15691 851 8177 6400 17670 8119 6908 183 6607 11487 8549 7322 9914 19708 859 17593 14358 17415 3820 5147 2074
12937 2158 4720 15933 8237 3036 15544 234 13205 14905 5220 8200 1992 930 3054 13732 11648 5404 19557 15430 5907 6153 16479 10486 442 1046
18077 18890 9418 11900 2925 5791 7048 1678 13026 6438 5131 5897 14416 1153 11791 11334 13431 13711 16528 19469 12211 6790 17034 1890 11475 18187
5327 19646 4993 15370 2264 16312 5138 11803 14875 1549 14507 1086 19954 7329 8280 14736 169 13463 9295 10766 11047 10702 18205 17073 13943 2864
2677 1837 5162 7547 17268 14207 17804 3395 9165 2841 6370 9584 12383 66 2624 8689 19468 6312 16412 9767 2145 10967 13692 17446 3841 5680
18658 4981 12739 12168 13698 1504 11477 19624 5479 10480 1863 3168 2932 19238 6876 6196 3460 13296 10579 12146 14062 2321 6404 12899 15921 19984
3836 2506 17492 13441 15705 3280 7666 11973 8170 1841 5314 1118 16704 5604 4184 7743 2474 18170 3877 13099 11095 5601 13170 8362 201 3382
4723 9824 14864 8658 5389 12527 3410 15524 7504 17125 12641 9475 18331 12351 9294 15318 11512 15511 15891 3593 289 1887 19213 2853 10836 2202
11420 4991 5986 2707 5502 10376 700 1444 14416 11757 2532 3684 5141 4340 1475 11498 3704 10845 10047 8500 3010 980 3252 2895 5348 5908
4055 15972 9819 1134 8803 9257 11068 16291 6054 15711 17085 17959 14554 11120 5239 12872 12284 15388 4747 6133 5079 13110 9252 18066 6876 5586
7708 4954 8386 8545 10564 16827 15277 7262 3292 546 4061 14312 19716 7545 17017 13826 14424 14291 14525 2698 3751 10272 5574 19512 8882 16640
3503 6564 7273 8895 3167 140 8583 16406 342 11605 18842 12921 8192 7202 9650 10068 5413 13493 15651 7568 15761 3679 9166 15402 16201 7859
14627 8176 4086 19262 17287 12106 16939 10659 17772 2767 3976 9889 1547 1312 6098 19705 4798 17761 8714 13392 10445 3171 12425 18302 19437 11561
6311 4472 706 14355 7175 5184 12998 11749 6031 17623 18461 9078 5608 4836 6398 14583 13040 2490 15868 6538 17621 8342 3299 4746 19121 15571
2022 9267 16468 14774 1116 11437 3710 13608 16192 16548 14309 18258 4921 11795 18849 12240 18209 2825 15520 4088 17892 6670 1624 10579 13884 11545
1581 3136 8717 5119 16233 7638 6314 5371 15787 10280 16730 14847 5790 15177 15944 5847 13065 290 9472 16682 3564 14141 16320 12513 4318 17393
15286 13542 18511 19165 11088 17652 1290 19811 17278 16832 11653 2213 14747 9962 10613 12152 5903 4271 18524 19499 10776 16197 13786 13997 3398 3804
6307 16677 8402 14781 10899 9947 5891 12537 3244 945 15571 10003 8281 19479 10387 10330 12999 11267 3322 13995 3610 7187 7800 18098 6572 19973
15507 517 6833 10728 13605 19075 17689 14370 9459 19784 11672 8807 1262 11165 5013 9708 9924 8908 13806 1825 11004 4009 17563 4218 11572 4545
16885 137 8236 10 2452 8096 14902 17345 13459 14989 14825 17808 14272 19906 17346 7517 1646 17535 1454 19583 16291 8014 7990 8218 6370 16551
7431 2780 7995 16364 2804 3999 13372 3013 9234 13994 17243 2490 6429 3965 11431 12416 1305 13615 18714 4435 13293 8470 15649 11955 16832 947
6101 12611 2255 18953 11563 4309 16216 1590 11254 929 18004 16473 9032 11233 3789 981 18744 3470 3477 9460 243 17815 13990 7608 2868 8711
2140 6318 15191 13140 3668 11872 13308 13489 1509 1618 17120 984 2839 15444 10396 5343 3402 9137 1031 5326 3145 9027 10684 994 3605 13292
17787 17480 627 18054 11412 8218 18567 18687 6076 2791 6017 6694 12757 11772 4375 17945 17808 19578 17716 2797 6736 10285 5225 7055 10093 11366
717 9284 13455 8080 17238 11168 12457 8482 8286 15713 19399 7644 15092 15312 10425 7043 3506 9347 1474 6551 16998 7839 11296 18976 5 6592
9874 15015 1971 11588 4140 319 15510 19369 14756 8847 4399 3528 530 12787 13492 19106 13412 13931 1727 11937 17847 16029 75 576 4587 429
5613 6321 11512 19623 12193 5192 18347 10556 10056 5453 7854 6937 14986 1729 15899 7486 10887 11085 13909 5583 14259 7203 4557 15111 15673 15775
14149 12867 5638 19082 6090 13280 614 13282 19002 19328 9530 7456 2957 8601 19282 6233 4372 3900 12165 5633 9021 3714 726 3700 9452 7597
7661 17714 17184 17373 5646 16718 1680 17335 1326 3587 7553 14996 2423 15501 8063 1363 10553 5129 2472 10193 6501 10400 6368 19297 6201 6902
9592 14769 16384 9428 19485 11126 200 12799 18190 5752 11393 6327 5955 13464 11726 12490 16981 1610 6059 9938 803 19109 4425 9605 1002 14586
12033 5164 19457 1623 5352 8726 18067 14282 9622 13081 6210 7424 18537 14649 11906 1447 4527 11435 10016 4152 12737 4753 17004 19154 2690 18911
8416 6706 16502 10071 16825 16030 8789 3226 10891 2719 19296 8072 6324 6884 6710 5170 18599 11241 949 2937 11711 417 18689 14244 2889 7230
693 19774 5734 16179 11424 837 3498 12573 891 829 822 12879 3092 7412 16579 16032 6138 17063 3649 7615 2002 5396 9240 7367 15862 13799
16825 1079 13675 2822 12659 300 16812 7488 2195 4323 8553 11934 11523 2739 14322 13386 17815 13572 12005 8192 13092 188 18523 14592 5841 1088
17245 19737 11328 647 10250 15230 3849 9768 17037 9416 1413 8212 13234 12876 17749 9122 279 14942 10851 18330 5585 12037 16666 14409 8961 10761
1214 8820 7854 4174 5321 2429 4782 783 4182 14189 14590 2487 2774 17481 6578 14711 3667 5864 15457 11499 4191 3653 18970 16003 18128 1901
17856 13558 4720 13949 12653 1211 8270 11967 667 6900 2776 3877 12409 3364 16258 16575 9505 17699 11634 3500 1924 6000 19952 9989 15857 4296
5320 7634 17682 887 15310 7698 16021 16273 17412 2170 14410 13309 14150 6043 9508 4923 19319 9921 13219 963 19895 14581 18002 18167 17210 9128
3867 19810 7137 3344 7991 19430 13334 13516 18578 11622 2966 16253 3666 5190 9162 209 3332 6606 5774 7917 4775 2642 15238 15045 575 16806
17571 9172 19422 1781 19822 13091 3856 16556 8074 8674 613 12876 15222 4526 11034 12496 14553 6732 17457 861 11138 4040 2042 544 17146 9172
7641 2705 5006 17856 4583 15238 2543 8145 4631 6172 5850 11958 16333 13005 1470 18794 19747 7449 11987 9346 16508 4864 18063 6066 14658 2652
9244 9899 9696 13275 10727 2017 2331 17476 12618 9325 3935 1075 10460 2454 5295 144 8905 5392 8824 11667 15374 14507 8615 7233 17585 5371
10702 12475 7156 5991 13421 13048 13179 6431 19379 15140 12050 353 8235 13548 10570 14579 18015 10224 6071 10539 18549 11986 3282 11718 8938 6607
14573 15133 18330 16600 198 17504 16295 17124 17225 4394 261 4681 18304 14929 17776 15870 16619 15938 5314 6704 16616 13227 13977 1227 12268 15467
5188 6758 4574 19454 8806 14588 7985 12966 7763 99 7105 10972 12603 16770 12076 5671 15527 17966 18457 3487 10547 9315 16758 12735 7528 4595
18042 11214 12164 16082 7788 8483 9924 19399 18182 8772 14064 18421 10927 5451 7038 18414 11713 1593 14331 7989 12559 4272 15824 3819 15080 10613
7288 15847 1858 5670 5666 6161 5601 226 1638 1757 18760 16531 6968 19036 10022 14621 11152 8606 4252 13569 2267 11039 1257 7968 14985 8207
13941 16429 19876 16748 10248 10888 317 17752 14800 19491 14509 8939 3119 9734 6600 10932 3595 16823 9763 16244 19390 961 10281 5782 5890 3542
9160 6612 5731 18465 5049 15309 6785 4099 651 6044 7743 2793 16273 5639 14085 10102 16280 40 1250 14032 17571 5195 13829 16116 16488 13879
5160 9113 8104 17024 14255 5142 3774 15093 5219 10471 14879 19420 19306 17657 148 16595 15817 8750 5127 3596 19483 16549 10634 10876 10058 16675
16999 157 16288 8738 7699 6515 14944 1728 10127 1132 3801 4606 16416 3642 17349 4741 16642 14165 3243 10792 4440 8930 2140 18745 16692 9899
18671 17082 7341 6563 18235 3191 2489 1349 2618 2399 7915 15664 7442 3363 16733 5043 13106 5686 16100 16810 600 12942 14593 7486 18322 19763
1334 10816 8724 16943 14008 8080 18778 11897 10778 8789 194 3589 15821 13322 710 12901 7851 1330 7124 2813 17835 11933 14590 11218 16111 3750
11809 13240 6140 9618 15730 4523 13117 16215 15080 14306 5316 4504 6566 14620 2832 17381 4218 2372 18128 18737 4925 5126 13033 14724 1028 19682
11498 6739 5111 15098 11327 3399 1757 11022 14123 7624 4586 1128 19512 19831 15951 263 11168 3312 17191 3662 2800 6940 9579 18077 10555 6278
15422 2834 19437 17970 11782 14023 3404 17643 12224 16731 6681 16663 17028 8546 4579 4156 18983 97 123 4217 1202 5170 6395 14065 19158 9489
9129 8958 7292 3131 7526 15913 4999 1606 13423 2135 17375 17431 6873 8106 7962 7326 12779 16071 14169 1957 18154 16392 5817 4141 15126 11310
12062 8489 14550 5494 9454 17725 13492 5471 6905 704 7253 10270 7158 13362 6618 19251 9516 5336 16619 16345 18396 8070 18551 1892 5971 1733
17826 11033 11103 16329 17327 18956 11011 12836 15947 9810 3722 19383 17208 9891 19967 7244 16097 15871 12366 13806 4669 17755 17259 3203 15504 18743
5913 15823 12997 1563 10167 4492 19948 13487 14307 14737 15491 16195 763 14600 3810 1410 4960 2566 7190 2114 5089 894 18994 7472 9753 18734
2219 14208 3766 15151 196 4619 13974 947 12609 10430 934 6126 15871 14870 1072 8674 1245 9068 18195 4829 4291 15109 7994 19758 10855 9951
11235 6593 5234 4236 17379 15244 11226 4875 6422 19029 17131 12621 2827 851 6367 3188 18611 7519 4172 10339 13028 19593 14638 6747 16850 6888
10598 7494 2886 7098 1432 13907 10943 10229 7067 14074 2447 8215 14100 8666 12538 18761 67 7912 10554 6344 3575 12080 441 6316 3423 13933
4482 16095 13315 11130 19863 19660 1188 19792 14814 16253 18632 3480 13889 7413 3099 6584 3264 13468 8711 2263 3079 18790 5298 2683 7552 14835
564 17958 4523 8187 14024 16794 15089 234 10915 5283 18112 8432 3841 16319 7970 2238 17041 5670 6064 15916 17091 12105 15793 19069 6097 15188
2741 15198 7172 13694 18785 13802 5167 16520 11573 10245 572 19199 12693 12185 9848 8082 13585 19312 16018 16163 12004 6184 4891 10043 1181 17967
10148 3496 19974 7080 1605 18303 4110 11343 15867 13005 18349 14620 1930 13399 764 925 6220 6116 880 1278 19947 468 8215 6177 19820 2075
8720 7920 11920 10785 18309 6215 12046 15949 9033 7391 12957 19910 6276 5263 4675 2668 16946 15211 19805 19464 3728 8893 14429 16587 14131 9800
10629 8687 261 49 8629 2663 17592 10780 10852 4746 693 14911 15565 1962 4102 1274 9242 19717 14494 2722 3824 19689 5942 14507 7473 8042
14303 12664 2475 10934 8475 4998 7754 4693 10121 16353 14278 10295 14135 6054 12148 11632 2575 16143 18707 11122 5158 9185 6744 18749 8431 10738
9192 14955 861 17973 17532 10144 17399 12973 15116 11715 8722 19158 17044 2613 6430 16070 15269 13978 13548 2757 15216 8025 19468 5990 2078 10268
8326 4500 12165 6228 13216 3873 10208 12911 11688 7539 18473 14558 9280 11617 9497 19720 3379 7606 1538 8466 10950 13065 16988 11570 10415 9270
17187 18711 10444 11219 8102 7721 18059 19896 15900 12584 19385 12040 17129 9091 12641 9263 7392 2776 9766 8822 254 2546 1939 10721 1388 5044
1272 4386 11912 6905 2878 9213 18402 15664 6413 19702 15539 3606 2553 12220 1214 2435 6997 14503 11224 519 1422 11750 17335 6799 5310 3446
840 19692 18952 12942 9380 8202 11642 8756 5754 4333 379 12070 18184 2082 10584 10088 18310 9608 18352 18759 18698 14676 9495 3167 14570 18918
8731 17885 19734 17537 5307 3001 19141 18118 6884 426 2063 4800 8655 10173 2056 16080 14405 16721 17577 15792 17288 3538 19886 5531 8788 4602
4998 2114 2060 15568 19190 7809 12268 19107 1526 380 8892 15830 17006 16989 16053 8705 7717 2688 18615 10140 5854 4637 3699 4732 17106 15917
11770 5558 16443 19203 13097 18427 14506 11490 19202 14925 3403 616 7217 6300 2179 18360 15245 4708 6231 2578 18665 966 18861 12048 8511 16070
9342 19266 14202 15484 12982 3058 18820 19866 16133 11990 2304 13044 10717 6683 10101 15062 717 18501 4058 16863 9045 14503 808 14407 3402 16572
19178 7076 13175 1627 11601 5964 10752 9732 14795 6346 289 12838 2861 10435 14999 6501 9382 17275 17868 11155 12925 701 11824 550 19477 16157
13841 8331 8128 10761 3702 14206 1496 16422 5081 5709 6325 2588 17332 9964 1419 18333 15140 7294 17895 10559 3335 17371 13487 17546 7679 5728
8306 870 10174 10977 10856 17055 13146 7922 7286 6687 15736 18246 3424 6365 5422 6526 3430 15204 15577 14499 6767 15469 14394 14749 2093 7562
2724 2184 11032 18347 16690 3086 15485 3976 13919 9439 1735 7970 168 2431 16237 8772 3687 13706 7082 15320 19819 9540 2271 1159 4429 17927
1328 3222 2148 7848 8827 18212 4413 3747 15520 18329 5969 12780 5347 9667 12174 7882 7530 10889 11197 4712 6017 18096 6796 17945 18304 16842
18035 6378 19430 17937 19019 5818 351 10474 7915 18644 6153 1676 6517 15010 2931 12762 11995 15449 19942 7115 11829 15366 8514 18137 8436 14204
3295 1946 19745 9189 2640 6065 9555 12629 5239 15061 17678 7799 8383 13424 8142 18443 19803 14036 464 18712 9628 16835 9472 13977 5128 8621
18058 13792 8121 15299 8493 445 903 7431 17595 13388 5116 5445 5410 5642 16653 19541 15009 19569 8455 3351 9989 9605 3859 18931 2285 13311
13894 2015 13627 17081 19257 9458 15021 8341 8414 16513 10150 5171 18230 15776 4642 8983 545 12852 2935 2421 7496 11264 8610 1444 11164 3650
6056 8272 16023 4568 10824 839 8695 8019 5016 6015 5277 6928 4490 19919 4488 577 12148 11437 9545 17757 2343 4501 9867 7788 18506 1491
1960 10356 6379 14994 15600 17016 2968 17249 13479 5050 10644 8234 12625 19469 5239 5771 12918 13213 17148 14449 521 4220 10752 19461 18475 10908
2706 8562 12758 1590 16289 15841 19826 8716 2663 18860 3365 9874 7689 19028 14211 3122 10376 5956 12838 2395 16756 8455 9801 12064 5760 13478
16586 13253 8060 19951 19288 6343 9211 5636 8233 18541 5955 458 4252 17314 2423 6108 9913 6727 7478 5959 19290 145 14357 3813 8754 6574
1057 2116 2607 5379 5357 19975 10830 4825 15406 18616 11948 16148 8897 14791 14876 14984 17978 16424 7514 15995 3779 4098 15293 9142 19781 11686
9772 15951 503 6398 15448 1400 2518 13198 14647 2197 3187 17664 521 10821 11694 15410 1655 1089 16288 12646 16380 63 5081 1504 17226 8198
13779 7826 11559 4332 16941 16923 10022 19452 2487 16047 13605 16294 12349 7507 13671 4059 11294 14520 4417 17370 15414 17435 14927 971 8233 6258
16101 2925 3542 170 941 13082 15281 9338 5866 1780 10222 7931 3537 8149 161 845 1669 13444 12054 13478 10504 17824 13340 15362 14816 16528
14544 15772 7477 3487 15809 15952 6013 3821 8520 12674 9572 6476 18822 7981 10623 14051 4088 18402 9143 11678 1893 9460 3135 18512 1183 13590
1734 6516 5664 10277 5743 10183 4394 5511 17416 8810 4767 7536 15680 18869 19993 10075 13171 12634 8148 19273 19418 11261 15790 10376 13107 13943
17930 18578 6950 18704 1948 1924 9850 16163 11395 6063 265 1001 7406 12936 693 14909 13606 6905 9185 14184 19830 5346 15165 14660 17722 3048
15394 17613 19182 13894 9479 3139 36 19247 19061 680 7133 11368 10849 6051 169 6082 2049 360 3349 1199 19782 14263 7643 16823 3449 1219
4167 2499 9186 62 13682 18793 8596 13176 5049 4128 8387 568 17662 16405 9569 9595 2287 2357 2293 18316 6305 10220 1563 18755 94 10137
14573 3973 3154 17188 8928 8556 15735 5025 6442 6250 231 4629 5077 5084 123 4398 19949 13451 6616 14808 10907 9973 2343 8514 8911 8720
927 11429 4789 3216 14384 16424 15078 1991 12143 3567 15968 8329 18323 14834 2994 13802 4451 4606 17333 11096 18449 19104 4712 13913 4554 4444
14916 9071 15300 4122 12878 19735 8029 11587 2443 7249 14690 4555 18867 17616 14725 14924 8584 11331 16921 19093 8727 9955 11835 8135 5640 3048
6919 6650 9254 18920 4329 16149 1381 8555 12586 3015 4661 13877 13339 19379 6641 4055 13086 18233 7726 9803 5453 11260 10787 6906 16096 3602
4390 11525 16538 4132 7325 7743 19245 13291 2007 15816 6550 12472 1293 14116 11437 19265 9443 15003 1078 9066 17888 1341 8229 15017 18891 5638
16346 11137 7269 7198 15576 2546 19799 16680 4730 9293 8566 12741 2432 1390 8555 6292 2038 10199 18500 17193 15179 8629 3496 18249 11252 19248
