365
64 63 10 78 5 68 75 9 97 56 16 27 42 7 68 99 64 83 78 32 43 20 40 64 37 52
4836 12209 989 4259 9070 11363 17182 1769 2907 17757 9112 5660 3588 9532 18596 1497 414 19027 5728 4914 7616 16755 8073 12536 13339 3826
5451 896 8798 17646 19392 11116 18105 14102 12367 19143 6218 1506 13586 3549 4107 6834 8372 16122 15667 6704 19281 19765 17772 14368 3913 15011
17495 2582 12694 15371 4852 2168 9234 13004 2698 12094 9755 15530 10605 19290 3297 11327 6649 664 15764 527 10470 9308 6447 14176 4889 15125
3028 19271 6089 11089 19563 11359 6468 14526 8637 6170 10068 9767 10916 10902 777 8061 8117 11097 3247 6853 11410 3016 18604 7120 7161 16276
6912 13168 3328 18283 991 17611 14104 581 13460 6402 15611 4658 1896 16759 2820 11276 8215 10481 10814 9700 12159 12711 6961 7525 6208 5094
15595 2256 8142 6395 1728 14377 10155 18975 4751 18441 5284 16855 14301 17030 14944 10899 8137 19515 18103 17205 8088 4310 14362 17221 6732 12426
16994 17344 2517 4545 10347 6796 9522 17977 16416 2365 4437 13293 2139 16488 14753 17782 12431 11551 3024 3085 7233 1445 3844 19360 1092 3336
4793 12840 6699 10153 10390 3135 17046 3226 5780 8795 9904 12039 12017 7194 14629 565 17423 18486 16449 11393 4580 5368 10441 9771 10265 7744
9541 14916 11328 10522 4411 15049 5504 4998 17887 13345 11772 14607 4793 10204 2675 18641 7962 11801 13164 8952 7081 9665 3345 12373 9552 8850
5408 5977 15447 11368 2206 17654 10616 7140 14426 5997 16867 2912 4205 2914 6807 15468 8973 17408 15660 6380 2407 15815 7370 2815 2528 9601
13372 19476 10159 17399 10373 7617 13198 2220 8898 1036 5764 18632 794 8989 16300 14109 13819 14877 13617 11072 15080 18660 14847 14031 4242 15380
14 19056 19526 1532 4875 17589 4585 7985 5737 3744 17941 11124 14883 11090 4728 18955 19956 19605 14824 18034 5987 12625 5903 12793 18260 12511
11837 7010 12862 14335 9727 9965 16152 8068 15421 17296 17068 896 10076 976 16842 19069 8908 10424 10346 10843 5147 18865 297 7431 6196 9682
6690 9987 6789 7083 18931 7166 6226 16619 8046 19805 13464 8610 13828 12785 17183 7664 16229 7699 15575 15619 15376 10526 17287 7167 16222 7834
6106 14288 6217 13580 13329 16409 10189 3909 9752 10295 6835 7357 7055 13118 1617 19778 15860 8148 9677 4759 14355 6585 8237 1152 17786 7879
13791 15214 19796 1810 4491 11563 8665 2289 19405 5311 19514 11193 5949 5203 13162 19440 14213 13619 11818 701 915 6351 18001 15884 5742 1027
6908 12562 16947 13982 12506 8163 12938 11763 8239 14478 18370 8063 11710 9777 694 13739 3834 16704 6913 858 9713 17606 6393 4426 5766 5346
2627 19249 14652 15856 2633 5429 3155 13047 4201 48 5697 18867 1632 14250 15728 7810 9710 2526 256 2503 4119 269 366 10302 18345 19929
10820 13117 19666 8069 10006 14467 5775 12287 19674 7254 5578 19733 12521 4836 19903 13388 14864 19599 19516 9948 13255 4374 17467 9795 12645 10718
10078 12131 2350 9709 4545 375 39 9070 6357 4016 13373 7911 4352 19328 12455 5223 17577 3940 145 16692 5975 11667 2851 8587 9885 13401
19620 11514 5964 5675 9086 17176 5993 6559 19100 9232 9003 17360 17499 8218 17318 5987 11713 15250 15778 3451 9558 16809 7686 11920 19578 5965
10750 14644 1441 1677 8409 1574 11017 16761 16514 17136 19509 11843 16802 10932 17858 8729 9510 13325 2066 7139 6496 6101 18697 11596 11801 17517
16209 2838 2827 5960 6342 15060 14219 289 19341 9917 10092 1805 2930 15513 7356 14059 16519 2514 3056 1153 18532 7445 6451 6507 9574 5443
17812 12323 9589 5862 19332 16288 5670 25 1586 18440 13665 6877 3352 14109 621 8826 12529 13963 18861 18365 766 14535 14085 6338 141 17422
19269 5875 720 3881 19477 8384 13722 17486 7297 734 7311 7112 12689 5856 666 4033 3876 19056 15727 1046 3826 14421 5305 1437 10740 9456
11941 9732 3335 15106 15106 9599 7327 13053 7136 2324 16443 9798 14501 6506 11284 13827 12923 18469 19413 12400 2653 7843 15233 1783 7191 13724
11111 16162 15234 10977 5688 1283 14064 2769 16846 19940 7492 16712 15088 13965 13396 15782 19235 6320 12007 8694 3169 13033 15915 11301 10031 12718
2057 5491 16694 2655 1027 1232 18771 4540 19833 7102 2878 4977 5446 15007 7892 3927 5114 4806 12445 2517 11682 11626 4057 14430 906 13744
15571 6217 10659 18196 7833 1538 4112 18140 7966 12461 10156 1359 15356 14203 10372 15160 14877 16187 9851 8158 11586 2058 9930 16278 17093 277
17477 10412 18355 3073 14665 8621 19501 10238 18822 18219 13636 182 5954 9884 1899 8647 14260 14443 11152 8925 1094 12343 2554 13666 17193 5872
19727 14488 14871 2823 18289 4507 9947 7517 15578 4360 8803 14879 16870 5590 1175 10277 11720 17826 4509 7770 12459 10069 10532 11433 18345 1987
1323 6900 12361 9354 14277 18573 19633 6669 380 11048 19981 8601 5749 19581 17202 15765 2577 18799 9032 19070 6386 1610 14765 236 2687 251
6081 2092 1670 14753 16891 13666 18366 14833 19295 3383 13998 6125 11917 5669 4875 9719 2468 7330 2489 1395 116 1297 19280 852 3305 19538
12072 8230 1257 13668 2245 5510 7413 10336 8992 15919 9040 15153 13743 12359 9913 16518 12675 19959 5742 458 11073 629 13801 7007 16581 9594
11576 7307 7444 15534 16219 18417 19213 17000 6313 6090 14768 14330 15321 17054 19946 15147 5649 13605 18566 11667 2193 15108 8236 13571 9748 9250
15675 4588 3223 1071 18255 7304 7507 5986 6936 3460 16401 19843 8469 13350 15940 7932 19667 4433 8816 15010 1637 12485 7288 2865 9132 10962
17937 18225 12234 7804 18273 3995 227 7966 5905 18281 12484 16334 9059 5073 19045 14027 9078 12447 14640 408 7109 15352 11009 13119 3714 12824
6776 12791 11718 10902 17156 8045 13217 12996 9838 1526 2936 19679 17449 3247 12803 10476 18069 15781 13128 17139 10869 4134 1967 18174 14410 3942
19424 12636 5163 13544 2029 9054 1726 13906 5799 8991 6001 9149 13447 5486 11890 1586 3801 9774 8335 12330 15602 19811 13777 319 5321 12141
5072 14537 19950 430 821 11168 8062 4073 5116 7684 2618 16601 17542 168 10574 6042 2550 148 13347 5115 7137 9273 10177 9545 10874 8400
4231 1684 10245 15666 17426 15255 6879 16874 16466 1989 14252 4653 18823 4319 5185 10581 14352 2334 5311 7855 15382 14990 6887 4827 3455 14724
3544 14172 10944 5536 4858 719 15937 14879 11974 16245 15170 8688 18627 1300 10316 6128 4986 14674 2444 1665 2258 534 15484 15302 5385 18990
7654 18409 7850 4860 13002 16844 9499 5803 17924 14038 15182 6221 17747 3632 18806 4942 1744 18726 7857 469 11701 12271 13904 13720 16366 19537
12624 8181 18288 7746 8033 313 10768 14900 9180 15708 4092 5201 13814 11565 371 10342 3882 9631 14352 939 12389 17796 17275 14934 18005 7900
2310 14673 2044 19158 7586 12585 11487 15523 4518 10614 2272 7089 5289 17135 6007 19396 14097 3224 8373 370 19803 12417 11989 16284 17532 11562
7443 10098 2231 19463 6593 11688 5294 3049 2911 4441 7539 3931 3834 203 12799 12460 3703 16282 2453 1287 2125 1484 3914 4559 16160 3443
10958 2887 5419 11002 19122 9187 1031 8720 19459 8596 15022 17603 13243 17914 3630 18132 19434 1460 12295 8617 6419 17901 6766 15526 15719 15222
4528 3067 15867 3480 3658 4596 17787 10511 15484 97 12631 12098 18703 10755 12934 8392 12224 15575 4009 16438 1837 4149 17271 152 17061 3165
12572 1924 3360 7204 11683 9582 11984 18560 4107 3910 13694 3557 9584 2526 5565 3516 9719 5868 4037 5671 15230 7229 16271 8342 11983 6520
19497 2308 4844 12703 1866 3381 8067 17307 16066 8933 12449 14074 12826 13139 15220 16058 19541 10088 17501 9768 7064 8634 15318 10516 15595 8378
13365 6909 228 536 15192 8848 19 18075 10707 16827 6273 15111 6581 11258 3373 10299 7661 17217 4075 6271 15910 3215 18838 104 12084 16265
11791 1676 17132 11462 4766 9944 12941 17210 12216 2079 13646 13696 10546 1520 5783 11978 19573 2316 1420 18121 11446 13583 14094 3479 17722 14618
12135 15240 13729 6178 12007 3521 11306 3091 10410 18790 4484 8539 1356 7474 6191 1411 6658 9412 18120 15821 4333 8432 15522 14911 15439 3879
4304 18091 12822 10148 10870 8560 7533 3235 15238 2170 19062 7244 11186 5247 3918 9367 7914 19289 10524 15147 7240 8084 18520 9428 17726 15628
10564 12583 18465 3293 19550 8931 3829 10826 8610 15409 14768 64 10087 14072 7101 1755 2818 8212 9980 4759 4533 11028 639 16567 18353 1117
12023 14500 13607 3960 18952 441 1905 17057 18111 19399 9901 11720 14115 266 3220 10861 928 3055 12607 4099 7141 15458 11933 16786 8645 3049
2394 2410 14511 19271 14201 19922 13869 13165 16950 7907 10717 3175 15276 114 19252 18059 16373 9630 4503 3640 5696 1836 7415 116 6105 2664
3873 19736 17079 7493 13861 15757 3495 17180 17247 8470 9954 15400 297 6988 680 26 12274 8927 10305 15401 18313 6596 8643 10928 4915 14926
771 9261 9588 10699 3935 4258 3044 14875 14446 11906 11365 4512 8591 3384 15431 8006 12753 6541 16461 1063 16669 11024 4179 7017 12281 7373
11539 13638 12269 12721 16255 19725 4708 2369 2810 7362 17101 3262 18594 18319 12837 1730 8312 15003 16920 18197 890 4134 12293 4104 9226 5590
9811 6299 18119 12655 19115 19876 19062 2564 7954 17493 2589 10683 8628 9275 18167 35 16428 12452 8635 7726 13722 9833 10784 18389 7274 10628
9500 5208 12056 2553 7787 14861 5710 14288 15348 6385 695 5469 1545 10931 4885 288 4857 17179 4244 2750 14674 15382 4714 11379 61 18434
3860 12532 928 18740 10862 16810 14863 4124 19656 6243 8974 8277 16967 17836 10096 3780 11891 11204 6367 2695 11296 19736 14440 15778 5433 6842
6766 12091 15913 18730 9431 5321 14308 18956 4382 11870 17023 8200 2253 13369 4576 13971 15667 1652 13744 16191 19279 15881 6926 14379 4077 2861
5327 7772 11586 4856 11969 7604 2097 7193 11683 3463 14854 16970 6161 19342 11148 2226 4090 4678 3590 15925 262 11932 16543 3729 3766 8464
17731 14642 19832 18071 17909 9414 7794 11063 16781 1673 17030 3858 10421 16560 6422 189 17560 17899 3920 19765 10010 2879 3489 16827 8080 4984
15171 13754 7341 752 17731 11479 17170 2150 9080 5665 13012 659 14334 764 5977 18851 1840 1630 15258 19579 19532 18078 4934 13044 15493 14085
9171 18070 13610 14182 3613 14921 12876 8734 8170 2363 8158 19424 7941 7461 14211 9201 17035 3145 1548 10364 8814 19630 17351 8550 2222 11112
13819 16855 16472 16801 18815 3097 8095 11453 5788 16261 117 10100 6224 5275 4176 12167 16847 14569 10261 11939 8764 13730 5785 11948 15762 19883
1871 7043 675 9176 2157 5163 16948 15743 11398 8417 6441 4402 10641 12328 10712 12272 15519 3752 1115 3732 387 9864 12934 9403 17270 19847
10370 6140 13755 7230 19557 13841 1741 11889 833 11962 8688 10997 18162 11869 13492 7970 7912 5571 8592 16433 9065 12147 16221 10107 4223 16084
12883 18244 6138 1149 2102 9676 16102 321 14630 3373 7855 4031 18689 15464 3168 7223 6299 14131 5182 1093 2111 12205 9582 4 8921 16156
10319 15548 6965 9287 2580 14810 11885 12038 9282 13983 4469 16184 3991 8306 19986 4707 6393 10661 2171 4747 9975 13417 9348 11961 14723 3923
7827 838 16787 15550 11186 15114 12641 5580 101 1393 6467 16423 6877 13353 13783 8230 6889 756 8488 6788 9219 445 16638 8931 7647 12877
5958 8603 309 18101 284 14848 10586 2436 8254 19071 8132 11453 16657 14044 1908 18656 12092 6731 5330 10324 4137 8415 10415 10144 15844 6529
16786 6888 4727 16232 5395 11539 18156 13581 11454 6967 2146 2761 16960 7 7475 18677 945 18636 8925 19778 1581 8482 13104 11860 11005 9466
9582 9200 6138 120 7354 2473 9335 7522 1618 16201 10315 13449 2286 5872 8043 12737 8558 18865 13558 8519 16166 10424 4925 16289 17324 13181
3645 9141 17668 19872 836 1304 1332 2994 16597 18227 5009 1959 10944 7924 8667 15426 17325 15782 14808 14632 10335 6439 914 16482 7847 1901
6444 7455 19890 7811 18557 1015 19575 15585 13062 3979 209 117 15642 3595 17830 19630 11630 7847 3266 11234 3269 5750 19887 11263 3673 12741
9193 9424 895 9750 4148 6997 8555 3359 5738 15462 3834 11686 20 18436 1287 6123 17225 11858 8493 7653 14228 8993 18269 19963 2563 13523
11743 17927 16725 1357 14749 7839 11512 8615 1320 6044 13979 4587 17264 6974 4740 368 2778 13506 14330 3529 1275 3381 11734 9837 7050 4482
18192 6329 19581 16406 10014 15636 7984 18795 11577 11546 9975 12852 7238 11235 2514 17863 3338 16911 12186 12391 801 7449 6785 6656 16243 11404
14974 3463 13124 17586 11524 7530 1065 18757 11600 10409 4299 6277 3341 10380 9291 4203 14275 6812 16899 7319 15682 5118 11197 19768 18829 11740
574 13731 4655 406 2285 13674 12386 10494 18866 1990 12099 11456 10553 10015 15721 3792 14741 5034 10819 7799 1351 14259 19165 8634 9404 7603
14555 15691 10599 10574 11862 12613 18633 8364 12324 10732 3475 5640 6674 10875 13452 15942 16073 18918 14050 6350 3683 2849 10239 11020 15355 8143
9769 12323 5610 3869 15953 2842 18997 2503 251 14135 18095 14368 3004 5885 14124 10620 4841 11339 16613 19457 10293 15140 3931 5369 15991 11656
5608 7969 9957 10134 1036 3485 14569 19697 17329 343 4420 19777 184 13710 10362 15621 9649 9086 9109 151 1013 19125 18660 15816 18603 17096
809 11489 14550 907 11030 12188 8957 7726 7213 11244 10081 17014 19474 17241 18331 16720 8488 11211 77 8325 7758 11141 19412 13475 17206 10032
9175 9147 17229 18518 18980 8428 18087 12416 5783 9210 17810 7007 15251 3039 938 10486 17890 5691 1485 4467 17409 8909 2086 6044 14961 10278
15246 11969 7266 18911 9693 10266 18050 19572 7596 18861 12305 13934 4869 16659 2041 11310 3520 16631 11715 7905 11413 6319 737 3650 3361 2060
3067 12194 1759 4622 1065 12907 6828 14714 6422 11933 3375 18695 3728 19474 13188 3972 9732 6842 15665 14811 1998 4119 11995 226 18387 9973
1536 4470 14223 6916 13841 11653 16683 16003 8386 6566 19223 12453 4806 4040 2404 12590 11766 3606 2474 16678 9043 19196 6919 15079 17093 12517
1201 12718 67 14435 15166 11462 2326 4056 580 13776 8918 9036 3240 12901 2796 9457 15072 8336 5548 13337 19076 19043 4724 5266 18426 1322
16613 9870 12849 9301 12068 8286 10000 14336 13327 775 16397 5217 6193 12815 11682 4813 17144 19304 6181 14855 10566 1889 9017 17558 8071 3530
14676 8012 14997 1290 3436 10317 5871 11651 12102 8886 7665 7170 1187 17796 6977 16906 10207 7274 4243 4408 5567 2077 9578 18311 11855 18347
2815 16152 10464 330 3419 9105 6183 8255 14004 13721 122 12913 3999 17412 2144 5680 10847 19009 11545 7617 10868 7336 2604 10615 14029 6989
17 11511 15806 17505 16116 1731 9000 9304 18237 11831 19027 19337 6459 11661 8736 9673 17102 3915 19238 17526 5007 17253 8176 8565 19020 16697
16758 11185 5954 15136 11200 19863 158 18555 18239 11156 645 4003 13509 9669 17663 3114 736 2428 19931 11302 14210 4734 9271 15735 2439 6431
17561 10052 2407 12585 18998 12709 10581 963 6156 17848 7226 7420 6282 19013 7625 1140 4457 8257 8291 12064 9887 9927 7406 19804 15240 15019
4891 6067 3966 638 15008 9991 898 6983 19317 11704 8480 5475 2257 8382 8817 11938 7815 5648 6308 9371 5439 17954 2737 18331 10149 18862
18801 3616 10335 7063 2229 1088 5882 19089 17186 13420 10911 1246 10927 14625 11428 1975 14319 275 1482 16718 9377 14497 11203 6042 13130 1552
6287 10817 16570 18033 10533 2013 6458 3847 17362 1250 3280 17822 5529 17349 5194 12064 4019 10304 9944 13923 2441 1701 7416 3497 3055 5022
12385 15287 17873 16408 6922 3085 6693 16131 2897 2622 9912 5202 10307 17758 7016 6978 16899 6816 15791 3055 7232 17906 5744 8403 12704 6151
2343 1549 9872 15022 2214 14277 18244 12388 15430 17450 17168 494 619 13108 2396 17429 3295 14247 8207 19932 10425 7064 16083 16471 2456 4173
2246 7850 12765 11522 19457 345 961 1793 2726 804 16655 11351 17414 13534 19241 11596 18191 16235 16996 7906 19108 11037 19819 7329 5326 13968
16291 14262 3167 19384 9219 8835 6805 14508 2828 8959 2670 7482 1309 7668 4655 6852 9478 421 15631 1226 15543 8559 5635 554 11710 14920
17126 7200 17604 3072 9619 19428 11528 7000 7134 5288 17574 15362 10363 11427 6464 19117 3177 16107 2658 5686 7488 11674 18185 668 3152 13212
18340 5674 1660 11770 5719 6077 3933 18117 17640 2469 7962 13118 14750 3778 10567 12 13164 18211 13374 8847 18740 8776 6607 11857 10419 1042
3843 13652 6607 11328 4982 2557 10543 2948 19449 3495 9850 8296 6846 3334 4249 16548 3141 16051 9536 8913 19917 12371 18507 16030 8953 13685
19885 17303 7870 18442 10790 16736 16329 7535 12836 10021 7411 10477 5323 16070 10888 15598 3245 6447 10879 10303 18047 19810 9969 7582 9815 5608
1790 17095 5428 15681 868 1399 10849 1329 19794 14541 10499 12090 12081 9226 17529 2028 5943 12460 12832 12776 13368 19958 2126 16682 4978 9446
1450 7468 19884 10087 8025 18623 14921 5565 5059 3971 3948 4374 1232 16803 13173 347 14016 11219 17033 10666 9863 16927 5435 18228 1597 4002
17244 19369 5640 18257 11583 16274 11459 9845 9200 3529 1958 7287 4352 16174 6480 12186 19625 1412 16134 17819 8993 2344 8127 19297 7400 11512
4951 13716 4353 5576 7941 11988 15129 4794 10189 4895 11006 77 9022 19951 9680 3504 450 9290 15904 19829 15899 7000 6517 3418 3803 2092
11419 16791 4959 15144 6086 8493 8152 1712 2649 7515 1231 6259 4717 18486 10923 2710 9878 18423 11396 14614 6028 19884 19509 18583 7545 7447
9284 12034 17058 19206 5563 4981 13968 5704 3211 16805 12399 8063 6051 18437 9478 7720 7166 12255 4542 14061 6580 3276 14460 18263 7871 17656
3713 7022 1004 1340 6658 15851 1939 11278 3268 7949 1478 5420 17316 16983 9940 17953 6960 2807 2230 1944 19777 4861 12966 12898 2152 7955
19397 5979 13696 8145 6133 17315 12927 2042 14773 1675 2622 17048 4085 14092 9296 7050 8485 8894 4255 4778 14649 959 17835 13931 2705 3282
2790 11507 13306 5820 6029 5818 13099 19950 4466 13575 1296 15256 9962 11254 3883 8724 18963 7815 13036 2880 14346 18664 11145 9422 15631 4716
16100 16194 16137 5841 18351 19973 4516 18055 16512 13237 7051 15128 5689 18709 590 4902 11537 13367 15106 4496 20 5087 3301 8173 2458 16133
6563 10468 18209 1346 4889 12372 4933 9250 15076 7048 13728 5940 10148 15202 2126 19632 10628 16079 5324 17503 16678 1210 18094 15967 6614 3839
18854 9796 3722 16222 8824 17991 8849 19509 744 4134 13519 14031 4400 1506 4819 6469 6909 13861 566 11881 15727 9973 13909 10925 11065 12802
1995 19358 408 8987 16481 12903 7272 15446 9994 13887 2122 6774 19288 3737 14152 4206 10225 4241 10897 18203 18334 818 3615 9273 15249 8151
10688 15272 16963 14549 7544 2989 5254 8057 15881 12422 7493 1291 1953 10067 5934 905 14467 3761 4258 12476 4262 546 12768 2970 4239 10451
12129 15764 10590 18767 7470 14832 797 17368 4208 3776 3443 15539 12008 2150 13838 2878 15260 4897 2383 13224 16191 5529 11022 4604 2335 8675
7477 5598 17722 1262 7940 8556 12854 2099 9130 1603 4407 16995 5918 7869 17675 12997 19773 15285 6729 2235 526 12346 10860 11066 16143 1666
5529 12390 14397 12152 6293 15348 6421 17836 13719 8594 967 18479 16309 9674 19357 1533 6647 19582 17095 9913 11975 16087 3064 10717 14758 14191
9641 13149 10384 10778 6247 318 12766 698 5818 11430 2838 8070 1921 17767 13260 3311 12510 3279 14723 1252 17829 5565 14261 5245 2863 8537
4935 7374 19058 6849 12354 7862 4223 16432 18906 19993 18667 16903 8447 15829 6621 8438 1658 10836 3594 18492 812 10140 18063 3213 4729 18627
14321 1008 12060 8828 15784 7721 13242 1360 14550 8260 10343 8971 15479 15988 17852 6429 5783 14758 2554 14776 14367 10722 1801 16554 14847 1676
16741 11615 9723 10508 5430 5256 6439 9068 14926 10213 2756 17505 12103 15250 13784 5881 3163 14654 15105 18253 1880 16903 2906 5684 15333 18311
6552 356 10530 6764 16045 18744 5820 19181 18873 13529 71 15203 6385 19616 15284 17406 12150 2172 4644 17429 193 5941 1659 9013 1579 1680
14032 16972 4734 17557 3093 8546 3188 14035 18469 18295 18373 12843 3301 14597 19600 11607 7442 15093 19826 19747 13929 6095 325 5963 18172 16688
7414 12347 13475 15988 5283 13866 3342 6348 7708 16503 15166 2216 4271 3894 15749 2699 3069 5079 6903 17263 1823 19447 7416 5340 13845 12432
11816 12499 16583 19177 10039 1083 6237 237 17471 8164 124 15630 16641 19832 10851 12662 4252 1180 9363 9036 5365 11881 13594 3929 19326 13183
13605 4849 17259 467 18866 7193 6353 18473 491 609 10214 13608 10321 9443 1630 16894 7298 13931 18343 2408 4719 7268 16553 19320 2935 3612
7235 4063 9945 14488 18848 16269 15950 16897 12504 17291 10017 6460 2418 3411 9307 8328 5615 6486 1907 16079 13882 3032 9696 6265 15755 19208
14657 2634 3131 19687 6002 10032 10658 5396 9435 15206 3132 1609 16948 9875 3530 422 943 15965 9377 15174 16651 12617 6342 11756 9644 3332
5336 11634 12409 3058 1790 15361 13931 14130 7334 10597 7871 14043 9112 17982 11854 7729 14810 8723 5627 10328 5788 16036 15077 9425 14670 817
12627 6970 13249 7178 18513 8351 4676 2520 6767 4643 15712 9785 8847 16416 12403 8807 11375 12798 4056 7095 2674 3785 16185 1054 1618 5916
14888 19326 697 19985 12356 3254 11326 16815 19996 1007 15341 2268 2770 18883 11726 3196 13286 7893 19618 5401 1917 18512 6085 8974 14377 12094
4893 19377 7591 10722 10867 9355 19164 4785 2820 5989 18986 12055 4274 18135 15059 8633 8681 15564 10653 5676 4261 13379 1643 13911 16775 9753
9068 14500 6253 19989 6881 8316 10603 6381 6719 12732 16302 11174 17667 14286 16956 9672 12941 4716 17892 13888 9731 6723 11155 11450 14031 16970
12534 13105 6698 2417 19842 17668 14363 17707 6864 19882 4576 10846 4287 12382 14390 16820 13425 12396 14956 19590 15088 8071 17188 19821 11260 13841
11759 12333 739 10371 4042 13850 15539 19086 1532 9928 9860 5810 5670 12072 12505 12445 15096 932 1987 10445 5696 2077 19443 16505 4992 5517
10010 12820 558 2711 11990 16689 8963 5634 4814 18208 21 10626 1520 19579 1634 15970 18241 1889 19289 18014 17761 4592 17087 646 8779 10760
9575 9560 14344 15424 16199 2457 10237 7848 272 19100 8785 18118 2457 2502 9385 10617 5069 4064 11911 19710 16876 16045 10223 5772 10621 4585
14293 5082 12432 4738 9159 17540 13041 6888 14845 7760 15529 19174 5865 5612 8536 14574 10059 2297 1541 133 18420 9640 8485 4960 1536 15339
2907 8293 19314 4035 14458 13451 14044 16073 1231 14470 9583 1400 159 2723 4683 19976 13463 18439 6210 13233 17575 6552 10460 16642 12014 7414
4236 10191 9289 18838 6513 17616 12314 6317 12450 16212 17210 5383 631 4433 14154 6455 16834 6480 4377 8687 18225 10725 1338 19214 6151 4475
2266 2535 16012 10447 18865 1825 9285 4644 16131 17226 652 1282 14372 3444 15328 10085 8643 17803 9254 2143 18058 19403 2477 4826 18692 11295
16332 18704 16156 8212 18601 6013 2977 11996 5634 17326 18635 17580 6710 2349 7499 3940 5180 5852 14289 2925 7552 4685 6758 6137 13099 6217
13062 5912 12454 6715 15569 11277 17764 5150 6333 2183 5282 19066 12712 12829 16887 1731 16687 5259 13296 2009 15628 7891 3463 11930 8660 7992
16288 9222 11221 13052 8304 12564 1188 6823 8105 5592 17412 19651 15155 8571 9144 16080 14664 11989 810 446 12297 8834 9158 4979 11941 13831
1007 1665 17264 11661 3060 5287 1346 3649 10221 15677 19840 8598 4639 17776 967 8195 4213 14213 14219 6556 12530 3503 7661 2997 16935 8842
12042 11152 15920 3793 7368 1730 10796 834 8668 821 15397 8420 16817 6953 11873 15705 10656 5722 4022 10444 2868 11601 15950 14659 13191 476
876 2571 5942 5955 19255 2458 18172 16072 14174 18549 1979 16247 7180 2754 19087 6038 4845 11560 11182 1717 9760 101 11921 10906 17088 5480
16691 13017 5818 6249 13668 18286 17653 12390 4678 11490 15053 13821 2987 16736 19527 4100 12705 18969 1636 15336 19514 3369 6590 19652 14912 15110
7992 1940 16667 12026 884 13248 15100 10660 10036 1620 10982 13104 3120 8651 6464 15755 7581 5287 13136 3244 16895 17743 11946 1704 19895 8841
16741 163 8113 2079 10683 6613 12661 2118 5552 12355 2864 18908 1 9062 19429 19389 4326 5368 7242 17342 4554 17559 18178 18356 2514 16509
17174 10242 7386 14418 11488 7311 8069 1827 9080 18615 1300 17195 8113 2823 16521 17280 6857 2150 5606 2408 14285 12198 796 4501 4188 3645
6909 10332 17109 6406 10299 15838 3491 2044 17341 4814 4281 7737 7863 1133 15811 14963 7774 4848 11520 17822 4209 3136 16607 2218 14338 5525
16874 7581 11112 1883 695 704 14048 6607 6827 1553 3709 5611 3491 16164 12547 14931 5134 19420 7066 19823 18117 16143 8587 10008 10742 11139
6624 7442 8439 18926 17913 19853 12173 4948 16436 11999 9755 10639 3281 8277 17029 17166 15999 18706 18892 8865 17834 606 19239 14126 8214 14068
10082 2983 19284 9833 854 41 12712 7445 9239 9493 4164 13093 16496 10997 2233 9632 1069 11092 15879 4743 3753 620 10441 1487 2856 13256
12770 15421 308 3232 9329 170 13566 15216 3467 2507 1342 7673 7779 10587 16194 17486 11585 8383 3111 7196 11155 2201 19470 8829 8137 3653
5047 13648 10254 6206 1053 8849 9172 5979 3881 17274 12348 18489 6315 8566 10704 14620 615 4708 10238 10495 7008 17644 16661 7334 18970 362
15898 18192 5186 2476 9841 16853 14577 6917 1236 17760 7986 12072 11732 7591 16520 18657 16667 3445 977 18136 17347 17438 19932 17220 11540 7435
16326 18446 7980 12552 18104 11202 17124 2805 18526 7464 2517 17308 13383 2514 9851 4359 18529 19030 5795 4713 5208 2757 1436 12385 462 15037
1633 18726 4463 16583 13596 15345 16848 14951 1361 5766 690 3319 5005 1392 3340 15859 17628 18425 19269 13513 10046 3588 19369 12851 9040 5723
9889 3850 19683 2810 3364 14328 18944 12156 3210 9184 13907 6382 8022 9088 11801 514 17380 2290 1496 3160 4754 9777 4675 19273 406 13048
8 10716 45 10513 10371 16556 13311 9187 15956 6269 17612 7219 18920 14871 15402 14571 4405 4734 7104 3931 11066 2790 11991 19002 3159 7320
12257 17546 6851 6648 9886 4558 14040 5977 3598 2004 2722 4400 15273 17942 10223 15547 10389 5728 7901 4997 16242 717 17291 3445 5837 8081
8919 14981 13221 13656 12380 207 9754 11625 17638 920 13919 8995 17195 11030 10217 1559 1754 18957 8855 6154 13356 19561 15627 17033 2748 15515
14908 6277 9979 12001 8776 6086 17684 12246 10362 1780 8193 14461 1728 19922 5822 12224 300 132 18607 3463 3466 410 4759 14677 8592 4227
9912 11055 8721 5538 4872 16879 18760 4520 16125 15319 2272 15331 8070 18400 1793 14124 4037 7554 18264 1853 34 14436 15590 6824 16180 6869
15448 11798 2036 16961 2171 15553 18279 15672 19254 2362 10293 5866 975 516 2657 516 13553 19021 12636 7756 13186 8575 979 4596 7463 7375
8519 19113 17618 13935 9935 17808 762 2067 13519 1364 3453 19239 204 12693 7316 4637 5706 16723 3219 3228 4157 5689 18837 605 315 9577
3514 6304 425 17804 12248 13182 14841 9603 13900 9271 14064 9256 5656 17988 19830 3836 18474 11719 10206 6299 5550 5311 19962 16302 6865 16608
8969 8397 12477 858 3312 4162 17352 17760 14050 15653 16102 13059 10184 14261 10110 6400 3032 5477 19501 6724 7208 6867 14112 1185 2569 516
11432 15392 9620 7816 1073 16883 13311 17036 15923 18117 10506 11759 19026 1945 5813 19207 16879 11907 17672 8495 19753 11257 2990 9124 10842 16468
1367 8069 8392 10141 17972 7115 6106 15635 2822 12078 17769 6228 13 2921 7069 5078 11206 17826 15411 17919 2736 14269 3865 9393 118 14090
6940 13546 17290 14898 9933 3306 3276 4775 7163 6689 4341 16171 18407 11907 10067 19183 1773 6573 19931 15628 17208 13627 10124 11406 11336 9386
15067 7713 19500 5254 15765 19867 9437 13912 12412 11832 11433 1710 13606 7913 9314 3990 14153 12755 15227 16830 16429 13891 9462 4553 845 7353
16989 14318 10944 7884 7231 970 3820 7491 13305 3378 16317 18302 6403 18840 11032 2114 18151 15279 6945 18626 4002 16134 9961 16082 7379 4054
12202 9569 4903 16993 17580 4627 14950 10031 8433 12310 19359 15029 8136 1280 5553 8656 7505 11674 13585 7790 19166 4689 10767 14542 12119 3966
1113 2553 3871 9480 851 11362 1175 5454 4744 8113 11686 15226 10341 16108 9753 3466 5265 10767 1862 4716 6030 11633 1662 7646 6708 19811
10638 18740 2484 9800 14144 10196 19706 14266 6047 4933 19955 19859 7326 19955 5708 12718 3456 1238 5083 2221 10288 13361 9188 17241 1417 19126
14882 6731 4313 13006 9885 8210 2492 15074 7096 7169 2034 9129 3557 9676 7121 8871 16676 8546 15837 7274 10995 729 5746 13888 659 9943
11466 8904 13910 11678 9877 13214 1964 13646 16830 11468 18372 4251 8642 17441 14352 15500 9033 19539 3597 12876 14827 3862 7586 3865 7232 18623
17837 11628 12647 16684 11789 17989 10587 14262 17994 9725 9011 4931 678 7548 18033 1875 908 4417 8421 858 10729 7893 17317 2163 4970 5223
4665 19543 5794 4751 17645 8053 6440 15845 15273 17816 16159 16858 14617 9020 11234 6542 8113 2798 11683 6580 9622 3405 18536 7607 12134 16207
8326 12561 16775 13611 18527 18210 15884 3032 18017 4471 5183 12147 8979 6625 6207 3433 3314 10936 14204 285 9736 13503 13447 13339 18054 12578
13140 4263 18859 8944 15488 1474 1846 17926 3667 2734 6066 14644 2056 16292 2133 7094 13095 8417 2347 17687 15994 2050 10747 6614 14368 19068
18566 8077 19896 12092 13092 455 9890 1685 12791 810 13896 15306 10305 11506 13995 3981 5758 19489 9808 18997 1955 16613 7230 5635 17297 5543
7964 6534 4781 19931 13507 3804 5840 5704 5644 7311 6132 19154 3052 6327 3331 13800 14582 5429 14594 10939 869 15346 16392 11323 5024 8214
12625 9176 13942 12642 3262 19946 3693 3069 14252 19197 3775 8056 38 6473 12106 2737 18168 14183 1567 1572 17145 12753 10107 6813 18029 13114
7452 6677 12503 15004 13921 2157 18685 9446 11321 3693 13604 19847 13606 13744 12083 17408 4049 5585 12127 6438 13411 12038 14624 5779 9746 12827
2838 3465 17909 5722 1003 8734 3261 16045 17258 8655 9390 10848 4829 16394 15132 13233 2493 12273 18103 9330 13164 1685 13718 7866 4834 17026
7167 10415 4422 9019 15481 19955 13244 17310 7863 1690 15325 5615 5151 18532 8718 7111 4858 7455 8710 12222 16170 10305 13726 857 3260 11552
9979 18591 10978 6499 16824 5812 15133 13739 16099 3761 2497 7774 8441 15073 1930 2864 5141 12464 13767 506 11436 17289 15160 13167 8044 9187
5001 5546 10030 8657 8929 18712 2546 4967 4258 14752 15657 2239 170 9259 15037 13823 15686 17742 3210 18429 19095 16704 5026 945 11477 19522
9382 4927 15415 9185 1343 16895 10226 9401 15479 4381 12334 4302 5368 8393 3329 16700 18500 4618 803 16083 2788 7121 5247 3535 248 4097
15058 1765 2203 14726 14183 17583 1225 12680 15172 9891 11228 18606 7207 5331 4469 5166 12725 10816 8139 7174 3596 3080 10320 15657 5421 16713
4090 5406 15100 7563 485 1048 13236 18726 14074 9450 15702 19088 17728 13596 13870 18836 3605 11658 9676 16978 5667 15475 2622 15529 4018 5792
16305 547 4762 18924 19825 12028 19226 3867 13505 1319 13257 5770 7832 5707 15866 16460 12030 17436 8441 1150 5298 8859 18521 1201 3332 1009
4146 18869 2728 11276 7271 17970 9827 8393 11269 15575 7240 10306 12271 3538 13101 4808 2763 4145 582 10297 14298 7675 15558 5684 9819 2571
13148 15576 17912 12652 14648 12854 18198 7712 2750 1563 364 3477 3614 8554 9168 2117 8648 16277 3526 19396 14670 17091 10957 16580 3602 343
2844 332 1646 542 15624 2224 6925 17170 4466 4735 6714 3573 8398 18186 8545 9761 18149 15301 1685 2545 12033 5450 17559 6407 809 4746
8988 13645 12164 7028 14722 2937 9076 15825 13105 1334 18149 17276 12291 8959 18664 9227 6474 10896 1437 1155 13409 5483 12938 5091 16104 17469
9564 12180 16500 12058 6067 13692 6299 7962 17747 5131 2630 6372 11984 12010 1883 19590 9111 3905 13461 10167 7671 9366 15554 1312 12670 4927
12242 1374 3619 17009 2937 16850 16604 6278 5270 19450 9255 10615 13997 4446 14273 9537 3231 6713 3249 4870 12168 5132 11676 6569 2474 10249
12815 4903 17201 7783 7090 2642 10432 2799 17351 3943 13692 18222 19409 15767 2343 12771 6197 5781 18994 13770 12335 19144 6825 7221 17618 12877
14279 2587 5728 6578 6615 15323 11246 13837 9049 19868 17354 14670 7727 13400 18627 142 15097 1544 1688 249 15903 7391 7552 8058 14377 8939
15938 7160 8026 18739 8595 11772 9608 8697 5769 19918 17928 10667 14470 3123 5235 571 12273 9002 5447 9414 5449 2912 17748 3465 6359 1140
15866 6682 15883 16275 17480 19863 7042 11756 6913 3776 15072 7563 15820 1198 11558 19592 47 7465 19038 1141 8397 1473 15190 17663 235 16207
14517 7824 16345 16963 17991 5378 4945 7375 19244 8921 11073 16363 13080 14295 19015 13018 8912 8489 4189 13667 17135 16496 4408 19556 741 4161
16432 16675 12832 5924 2142 8166 19020 9797 17911 1632 15153 15094 15889 17324 362 9183 12061 193 941 7132 2408 13108 17660 10414 19004 1635
6149 2499 10864 17239 19759 958 9904 19254 8683 16333 8950 17581 17193 18400 1696 12323 16490 14960 8373 4051 18255 4085 7925 14427 2098 949
6567 10847 18464 8272 12007 19192 1812 18747 15669 9949 6622 12657 17058 15420 3985 8188 15058 19013 10575 14750 9327 14958 9466 195 14727 804
13243 10173 15981 1411 5029 9030 5362 1940 16728 2633 11546 16527 9890 8479 15645 16619 3267 8101 18683 8865 9228 17012 12161 6379 1992 5034
9345 4470 19967 10616 9714 11313 18427 5123 12003 1526 79 14071 8571 6543 4343 18446 655 15898 15525 11521 2043 12285 2264 813 17373 19786
19408 5069 4669 7208 18678 4354 5880 529 18325 19927 5663 14670 8161 5265 5586 2815 5726 7304 6605 18295 10193 8115 5690 2129 16311 11499
1603 12542 604 14229 1026 19229 17134 655 5236 16126 16830 14734 14761 18299 6258 11902 8165 14525 7212 18710 14243 14091 11775 19171 9575 17650
1091 18356 18213 17250 12194 18535 19404 6532 19747 13034 12967 10156 7173 16847 15605 17127 8628 11359 5548 9771 11483 19711 7811 3526 6494 14620
2530 5873 9948 5594 1252 15564 1257 3914 16670 10615 8706 3775 9431 7144 4604 12791 19647 11808 1484 11930 17936 14880 459 13788 1875 17301
14698 17671 11057 14860 12699 6891 3116 7994 10806 16335 2613 9117 15563 14286 15152 18855 622 12426 15788 13546 17769 10291 477 5917 6547 15872
18297 7276 3374 990 1965 3437 14845 17090 15721 15336 18276 3223 380 10550 12775 7689 7684 8834 3588 573 6960 19416 17964 12034 6873 10587
1764 3865 17175 13635 2328 9601 3983 1919 18652 17903 13888 7072 8749 16030 12800 15107 5265 19755 12830 18764 9038 19621 8421 1551 3229 11392
6595 6393 11358 18294 5924 1158 11824 10316 19993 16375 18783 12438 13215 636 3853 19180 7697 14051 2761 6738 13312 9142 7364 12154 13590 17476
13001 7555 11225 6281 17097 14828 16376 10129 11332 2028 16996 212 4376 11544 17845 7551 7357 18372 13261 3274 6777 10181 17528 17668 1868 8668
19131 9390 13830 7180 7458 1239 11257 16739 1339 6183 9486 14744 723 15193 17635 1300 3605 16976 9654 9434 12231 8635 1503 1145 8011 2440
4518 7468 7395 12141 1957 6609 13139 8521 2424 13318 17796 10571 3915 8247 14278 11759 5009 17156 3268 3923 6949 10493 2537 8830 7518 11236
4911 12046 16438 11768 6737 21 19019 3756 9777 17106 12065 15432 3530 10398 7831 19003 13952 13973 1007 5600 3501 4911 6100 13588 10290 17786
18458 13535 3449 1571 18995 15400 10904 4265 9209 158 718 14392 13781 6013 1304 18650 16683 5411 11847 13577 9455 11811 13197 11842 10094 15066
17132 16563 18747 11101 14644 11404 18102 2777 9098 5951 18608 6940 8990 10369 5361 2247 9366 9200 334 14269 18405 16276 16486 320 13789 14538
9188 16425 6762 7899 16165 2474 19658 2311 5334 18244 8926 12475 7455 9089 5539 6415 7382 5619 7654 5333 1697 617 18490 9090 1151 16683
16995 7709 2227 16050 8080 5786 18201 13370 19628 18534 12738 12364 10696 8178 17546 17465 7886 15918 5945 9158 2939 5547 2847 12655 18676 2163
4006 4607 6044 13161 301 7381 3734 464 13838 16427 8659 10810 3326 2246 19833 12971 3128 14631 8234 18085 13611 9595 8794 8648 18923 7665
10897 10458 6605 3804 8278 8774 7909 19216 4395 13908 16851 12570 16965 16951 16285 10404 6632 10728 6916 5596 7818 11206 8413 2147 14942 13197
19738 4360 11860 7989 3580 19725 13064 12181 10443 6791 3636 19290 16596 7534 1692 4508 672 7903 13735 3261 1438 14129 5766 4374 348 6504
18423 19397 7783 9863 19895 8535 16434 4163 8020 4364 19407 823 5489 1124 7133 19934 4543 5410 14905 5057 16122 10587 1302 7913 16513 9214
13140 15681 19714 11898 11075 15470 12522 10641 997 3031 18393 19298 18389 11550 6381 3483 1956 19716 982 8575 4958 11343 19244 7789 1686 18384
17959 4781 14406 16968 3587 15232 160 17137 18896 13031 10206 17802 5698 2061 18795 14586 11091 2484 17189 18347 3102 9858 4730 3973 17840 9531
5291 7536 864 9026 7932 18699 5299 16819 2758 19202 9949 13326 4384 2351 13004 471 12876 9238 16116 10407 15313 16581 6498 11187 14 19540
1946 7575 18543 16086 17317 11933 19271 5727 6297 13274 4203 15883 16941 13863 16436 10750 1144 7203 16947 16199 10689 18440 11055 11442 16308 645
5850 5997 8385 10322 18124 3775 19275 1204 1269 17261 6462 5422 1338 10818 3430 16891 19356 19227 3999 17205 16564 3446 18844 10252 3219 1957
6538 18666 5271 12091 4700 7674 14023 491 13697 17398 11145 5743 16 12675 13928 7442 15182 7180 7165 14019 780 10869 19462 15865 1168 18601
6722 9984 9619 19404 12143 11657 17976 16705 9560 1045 15488 4477 3182 2064 9848 16142 14191 14727 8511 5375 12184 2134 7559 2381 6079 11557
11504 14431 14994 2333 16515 19140 17421 7842 14240 17740 17221 1275 18169 7079 6733 15147 17330 3039 6058 10532 14344 1656 183 12568 17130 16194
12950 4268 10937 12042 4886 1325 11686 1751 3737 12126 14680 8971 9490 17369 8035 6458 10431 3665 3660 17016 4452 6699 1644 15017 4944 6450
5250 1189 1454 16871 1596 19928 12447 14611 9127 13474 9740 13067 9103 11382 15402 9212 7338 13095 13003 7008 5825 12634 15827 15299 16886 12409
7322 11950 17655 1663 8147 19214 9946 2107 465 10754 7610 12767 8399 7925 14566 2045 1957 9238 1487 17789 578 4217 14184 13755 4476 4655
9648 6542 14758 823 14665 1174 2931 15400 15558 13310 5476 11571 13025 7392 10733 18463 13511 13218 1912 2209 6934 13885 3281 4502 16304 6760
8664 17250 3964 878 1243 12941 8127 2273 11525 17367 1140 187 407 2023 3976 10012 4949 13146 8924 18385 11699 1480 11060 3444 18610 7709
17704 15182 5408 10401 5219 13394 17727 10848 3456 7625 13210 13141 5991 1983 17937 4500 13765 4280 1410 19364 15809 3872 3425 13232 2345 14119
3221 6867 12300 9329 5693 18571 870 6049 18712 2406 13839 6040 7226 17478 6926 1732 8767 8595 19781 387 7589 11054 8774 18910 1644 14811
15372 5710 2217 11872 215 12364 4682 4442 8907 16818 17643 16378 5639 10712 4282 1617 3526 17710 18108 12199 95 13277 5849 52 11090 1077
3988 16262 14466 2739 6094 19372 12976 6000 10644 1390 15184 17326 19644 6279 17752 16845 10012 3784 11622 4500 3705 14404 15567 18580 2881 8572
2220 18400 9821 7738 10472 9153 17975 6730 12334 14964 2187 5957 8162 6711 19978 6751 3550 9570 388 728 12624 19302 13032 18755 26 3684
3397 12761 4071 16379 2572 14177 2731 8702 7735 12753 4125 9236 1057 14055 3226 11672 1129 3066 2825 11834 19417 6639 7260 18838 15987 9071
14799 19049 501 3713 17475 8175 19287 15375 4737 5426 2161 4848 6303 3306 11791 5016 16243 13787 658 16476 18300 8037 11848 17793 357 11259
9581 6856 17191 12497 9251 4108 9296 8518 2316 14233 18910 7023 14802 3448 9718 17326 1273 6277 10601 4991 6561 4763 18514 14001 14191 4249
14202 3327 7635 2538 19415 8754 17617 15941 16161 1471 1047 11801 11373 7746 17255 9246 5166 8023 3010 8817 6505 17124 13385 5870 15202 3289
18939 3004 14547 1312 12597 19529 15114 16236 5646 793 16871 19280 724 8084 18544 7068 1519 18330 1119 7636 13161 18356 1149 17246 10847 12299
15668 7550 2598 6450 14978 7314 13852 18226 2744 1739 3765 429 4575 18958 19746 453 17772 12142 5903 4975 19405 2400 2751 8617 2299 16831
7525 3793 2722 7312 1828 12475 13627 190 10678 5850 4986 19557 1047 4792 10961 13865 3552 18459 151 17318 13034 18818 9578 18327 3506 3703
15363 5749 2917 17038 5772 328 5543 17027 1115 5637 8390 18807 4953 4879 17636 5353 4870 11382 6617 15703 13473 16626 3615 4142 14285 15761
7361 8192 19781 9556 8224 2528 3589 15401 19170 4333 2635 16280 15207 10335 18413 4202 15111 6154 13027 1622 2470 2839 15682 13633 10473 15707
5335 10480 9611 19991 17972 18680 1089 15102 9387 11637 17197 16542 16515 16449 7067 17172 18412 7468 6508 3265 14907 5752 15428 15390 4236 14011
7361 19697 17390 12886 9338 4503 15936 17488 19238 10844 5459 18715 11734 19363 7034 3068 14914 3188 13081 11589 15899 1603 9275 2215 11897 4478
2324 10740 18049 11390 15352 6169 15617 1919 5067 19009 9940 8101 11852 5882 15478 6488 3062 3377 16573 3829 16913 16574 13132 6702 14931 11668
12790 17069 10489 6234 1964 11861 9666 14755 12638 833 10241 5245 14022 9867 17619 1348 12963 15187 15331 14433 16062 3791 3996 1114 5686 3866
10517 13526 11395 9771 2522 1416 1345 6209 8192 6899 9377 8812 6245 151 11836 2295 18339 8107 14750 19725 8010 2337 10341 19200 20 15009
3868 2977 6327 6241 9616 4955 5683 6406 5856 10519 17985 14708 16989 13027 16732 4519 18884 14275 6966 5536 17167 1583 17939 4699 7975 2380
18023 8487 8690 13865 10165 5904 7088 13481 13798 12430 13619 12647 13625 3546 11214 12620 17888 15325 13275 3418 15688 18699 1591 3280 19852 16313
13152 3190 10673 13624 9892 11453 11776 9513 1813 19228 12529 17449 19293 6234 9352 1170 14705 9955 16024 8839 1874 14723 928 2999 7293 241
9825 7810 7428 9326 8635 14975 16531 5026 17665 5165 16892 10832 3206 9650 209 1358 2270 13323 576 9439 342 13507 634 17483 1784 14156
1736 11410 1661 17464 16787 16074 4485 5913 3752 16587 237 630 8678 1600 2157 11744 13918 1617 19897 10954 773 6488 1832 9883 12670 1341
16113 7524 11889 9002 10616 6491 15721 17239 14879 17786 19693 6578 16872 19077 9761 9747 6312 16597 2452 17733 10815 1518 11928 136 17970 3450
13096 16645 14138 11264 3451 6723 14820 3516 15007 3526 949 5442 12410 3754 3162 15435 715 9307 9177 11211 14456 19035 16449 9444 2415 4085
13525 3598 16594 12230 7563 14957 1746 1651 3850 8205 15957 12505 2398 10961 8165 12609 8213 5086 14318 13766 15843 6490 14538 7056 12185 2780
4285 11161 4531 11221 10864 10570 8318 4031 8756 7450 17176 19099 9975 16111 6100 12923 3959 17108 10251 18030 3099 16089 2862 4111 19212 7485
10216 9406 16392 13158 16241 7423 7549 11147 19325 8636 12028 17513 18709 16436 332 9641 6253 14773 5990 697 9238 5367 3199 8822 14320 11202
13770 13709 2722 5294 11830 19446 14137 17361 15076 3218 17478 2644 14540 16414 14013 9284 4621 3923 7304 13042 15845 2411 16918 18058 16123 9489
17248 13345 8770 9491 128 9455 15355 4895 12434 4424 15072 1486 14104 6035 8271 19504 2444 12509 18217 14483 17973 1709 17609 17210 15326 15696
19325 10666 13864 17950 6794 12114 5367 8695 6522 169 13070 3993 15850 1646 19495 10792 10559 8222 11061 8435 17061 6989 15151 12600 10879 12557
629 15961 2361 15552 6962 17553 11897 14891 6893 17441 14450 9152 8714 12885 7828 8392 19136 2662 11915 16485 1221 16785 4136 7062 5871 14801
9161 9355 8129 4941 3173 3587 11451 7508 7997 8554 7458 6515 14975 13573 19436 14231 6029 18692 7987 4131 8292 443 12444 2141 2230 447
6138 18974 7730 19573 17671 1794 11242 5925 11600 19834 3837 19591 8272 4394 14731 14521 10489 11926 2423 5254 13098 11212 6270 7336 15326 16456
10016 3470 7758 1581 8525 5195 18637 7601 724 15087 9228 1330 10090 7751 14505 16697 4463 5636 17814 3677 2979 9855 801 18642 13048 6055
3756 6492 6833 19572 12425 11993 18940 3216 637 1726 10620 16784 4534 10641 5663 16620 7726 6852 15761 19126 3152 11462 19084 3167 18135 6579
11457 4273 4056 3693 6970 13382 17801 17375 7325 2590 151 1135 8719 3152 7464 19079 361 13029 11219 15767 10883 5217 752 2348 14644 8660
6911 14332 4608 3350 7386 14692 5567 827 10057 918 11307 7997 8128 1153 1596 14298 11506 1086 11163 18645 4698 12621 498 13072 10650 2792
16395 5787 7277 17958 739 4104 13837 13256 3497 8546 1588 1590 6895 9703 18308 3723 845 14714 5549 16351 3738 1425 11344 3274 6747 10235
17562 1693 2251 5413 10859 11341 6216 18757 17489 17847 2394 7168 9857 7763 785 5707 5710 16062 4325 14055 16415 8678 19901 12305 8888 5959
1267 7809 4407 6962 2925 16599 3770 13190 11316 12980 7604 10489 2031 14228 5361 13533 9819 16860 11775 3252 10699 8338 10218 12671 8890 10532
6139 2523 11373 104 12891 706 2631 18016 17718 4528 6165 5688 11092 12766 10665 3646 16821 4731 17665 14180 12582 19673 14662 11884 13294 13159
5990 5849 461 12854 596 15708 2281 3302 7899 5744 17218 18629 4668 4424 14888 3078 14389 18542 8976 11553 17120 16132 1441 19827 17495 15191
18487 18522 11477 9187 17335 18276 18949 7506 9152 2240 2005 12283 11809 9290 12692 4350 14525 53 16775 2940 9239 13480 5891 7674 161 15093
7648 9193 7359 9629 16197 6021 18990 2319 4668 13812 15418 6627 15011 8786 9822 17825 19088 16467 10298 12418 15081 14052 1648 3068 15386 10979
18116 17983 15183 897 12340 13195 19782 7931 12809 10153 11457 13386 10285 14209 16498 1000 16598 9039 13433 7916 12771 6526 5663 10609 12290 12635
6220 4390 15884 14056 12543 16236 9603 10263 6935 19601 17970 17835 10610 15712 3557 18416 5451 18234 1934 3910 19598 1867 13366 11481 9043 16677
1981 18874 17471 7532 1157 14805 7341 391 6722 15724 16040 13404 9972 14523 17147 1862 8093 19088 16067 12838 8845 15321 11483 4125 9916 17450
18673 18638 7428 14219 7252 10367 1839 12373 17978 10908 14498 10018 12344 5818 6203 5155 2933 16286 14425 6423 19769 2790 2442 8925 14601 19734
18201 13695 1879 13345 1079 18729 2389 10019 2694 9153 11408 17135 11303 16256 8689 4695 1833 2520 5486 546 5011 1359 4171 14368 12931 1148
14286 16350 1714 19724 16281 7293 6058 9808 5499 4975 15996 19168 19146 6636 13277 2848 12300 2807 4849 18614 14729 4500 12407 18403 11476 3000
15037 9619 15404 3759 5892 17679 10099 14429 12164 13939 9464 7842 439 14760 9949 15622 17766 15272 7801 12320 7695 101 4755 7413 16532 2335
17069 7264 16308 650 2621 2853 13739 18234 17529 8780 2962 4341 3831 19137 16683 8514 13731 1402 12838 2619 5960 10721 8821 11073 525 18655
5568 4355 18305 14407 1126 2648 3338 1290 5675 19196 8433 2143 17485 4537 876 17467 10506 1020 4407 12913 11561 19767 10215 3483 12759 10897
8383 6796 14225 4370 7229 14208 9953 14031 6192 17710 15314 6299 15873 19902 17766 16363 14489 7837 10501 886 10700 3389 70 18689 14470 5570
2912 7693 18673 4270 18218 19157 3879 16884 8144 5078 8996 2431 6351 12527 11974 6678 19355 3150 18064 7904 13819 12004 18286 2459 15580 9061
8996 434 12587 1685 3872 3653 2103 10904 13172 6874 16628 9304 16416 17052 14936 732 9560 1807 18199 14588 7925 5369 13322 10311 12299 119
10844 9098 18388 3659 3765 18964 19176 12801 7584 3321 13731 19150 15014 18994 335 5983 14800 8598 3912 1786 6066 10150 12402 6387 6764 9358
6877 8541 15480 3936 4437 8846 17411 3335 12311 14475 11751 4130 11184 1085 469 18200 2056 3842 3537 14764 9391 8352 19094 10609 13805 5078
14727 15182 11081 9940 12771 18730 15190 2387 19102 4612 12413 9890 19708 18698 12886 2119 4670 16128 4115 4821 3141 10554 1686 9818 9883 19193
14035 16714 3124 1224 18577 8559 5804 15535 14102 3861 13081 17422 3271 736 5939 6354 14401 5565 5879 19249 10512 18580 8859 9278 19541 3809
14564 6579 1598 10157 3932 19643 7353 6585 17019 5459 1553 8030 15925 12470 13145 16127 17938 16687 9371 19222 2124 14264 9484 6085 3636 3223
10143 9164 6088 14630 5469 7682 15853 9592 10375 11808 818 19435 6616 17448 10222 8084 9574 19640 7897 8562 16848 6626 618 2427 3668 2493
82 19317 9138 12033 11584 9257 12657 5080 3880 18604 12495 12771 7185 19256 8955 11000 13924 15530 10766 11305 7377 4437 13831 1874 14685 1203
11191 10060 8818 15666 7598 4788 195 657 17606 10700 18586 15193 15240 7096 10608 19892 19707 2618 811 9942 3119 8080 10182 19676 8616 12154
12661 19083 1384 7837 13928 17142 17054 6976 609 831 3863 163 15730 4242 19015 7175 4598 16042 10023 3669 10862 14049 19261 15802 13103 3594
9864 5557 13202 887 909 3327 3053 8870 8390 7072 2284 18118 14967 3468 3839 14301 19684 11671 14288 583 15369 16647 5208 18559 15703 14736
1589 9708 5695 15912 19142 12018 10751 11632 2008 7328 491 17790 17733 8620 11439 7337 7336 16443 12946 7037 6835 19926 11912 8880 4849 11393
11679 9280 6022 15139 9828 14082 6388 5489 12658 17626 3272 4424 15291 18136 9223 1167 1134 978 6754 15365 5559 4846 2228 18219 16358 15121
4927 13464 17632 2316 14981 10779 2938 12530 16322 8871 1474 3299 15279 16826 234 2385 19994 9268 3985 13571 4404 1672 2866 6133 19698 16064
14708 17728 16858 2133 871 13926 15709 11738 2807 7221 6746 6839 5971 13270 1430 16615 11413 15415 16392 10134 6600 7739 6034 4051 4515 10546
19516 6280 696 3970 7278 5369 17360 15856 15846 12639 57 4676 10654 3069 13907 13801 8259 6442 18071 9660 19455 1109 4736 10486 14904 3032
4444 15718 8791 12570 16763 19733 5561 18707 16477 9312 5478 18436 9143 9176 991 10292 12881 15654 5562 15187 7288 9215 1249 18310 6933 13311
9388 18452 12215 9883 14048 6170 14311 1372 17021 13922 6132 4213 899 6214 2353 1074 3194 1027 9358 5458 16536 15926 17657 5774 1090 7306
18951 19913 18689 6457 533 6994 14045 19436 15783 6041 13765 16143 11121 15237 11721 11488 19669 16994 9381 16129 16042 19804 15505 4239 285 18956
11415 7655 6940 8817 3419 14975 10641 5878 10057 5333 4456 16750 14618 11540 3587 13694 7459 11915 8542 12516 1419 12238 8136 10024 15103 16902
15304 17165 1111 19256 6699 7944 17443 2877 3993 18651 7275 6689 12562 15843 6419 19255 17014 14352 18738 14235 10008 10220 6347 18857 5891 10637
5280 19457 6640 13740 9627 19603 10311 11417 5226 15319 3253 3052 702 12476 19226 14272 7035 3693 6384 8875 19630 7010 19932 7998 673 17084
14402 2479 4086 5968 17411 19475 8830 11808 13728 12689 6572 6075 15646 8479 18377 19958 10650 16902 4346 14840 2745 12712 11931 347 9153 12475
5835 2455 7111 2101 16769 17366 13400 5003 421 16960 2021 6659 16847 15162 8045 3042 9839 1105 9275 327 11281 5764 5196 3951 18748 5224
7473 16339 11714 7200 14757 2949 9266 12550 2991 6422 16753 8968 9941 4149 15450 7779 7989 1409 12123 18767 3403 10058 2919 5030 3927 13948
19904 19342 702 10340 9197 6755 19766 138 6171 9982 15248 16161 8800 10998 19908 3621 15315 18826 19037 3130 5051 16995 15491 289 13595 7941
1396 4629 16076 7628 5848 5626 9503 10564 5780 4931 9506 16216 4225 3981 7258 3028 8527 6497 17282 17765 7523 2400 17353 1732 17422 938
7984 18125 4574 13445 9403 10483 8753 18037 16854 9563 3553 13935 18635 17884 11480 7106 9425 15639 19065 10475 9970 3520 10003 16780 12271 9170
14293 19901 18943 18576 7076 5443 10138 8466 12943 4904 11330 19118 7857 19961 12794 12977 19431 4904 13556 8204 13653 10625 17397 9123 13720 3010
18978 1244 10777 2719 4256 5236 10097 3257 10581 13343 19254 12407 8776 2804 16446 8884 13214 16862 19499 16894 2425 19745 1488 381 15457 15542
16988 6173 9907 12054 12464 16982 1201 9785 17035 7934 6834 10973 11531 5829 12302 7436 4289 3902 18488 3696 91 15531 19871 17490 9654 19940
8623 1067 3397 8655 3892 17209 10802 8852 15013 11872 15902 407 5300 7336 15284 71 16475 10226 16397 17810 19157 13174 5865 12951 17741 2485
5916 7564 19659 11279 8635 19720 7722 1397 3378 15481 12223 4585 18939 8234 920 9059 548 768 10053 258 693 19651 16228 5976 19832 16825
12140 13245 16524 11721 6759 18796 4940 3606 13090 15193 3748 4977 13299 19285 3723 7342 1142 9741 19346 6046 12051 4161 13060 10862 7716 8415
17519 6133 16724 2899 5277 4772 4002 6150 7074 7201 14476 15661 10174 16124 19857 7462 4617 5574 4995 8652 4358 9468 16844 14381 15161 9114
13141 12036 14334 7701 1998 5911 3687 6180 636 13028 11781 13074 12423 17785 16600 392 1388 7184 6191 12907 245 12193 19561 11645 6292 12356
13433 1246 19864 13656 433 17998 18204 5485 6056 799 9878 5559 14421 5969 11494 6289 3561 622 7288 12257 17610 14393 2529 13574 8082 5957
19327 19548 6804 10710 3177 6576 16197 18590 5864 9514 11007 6082 10313 14122 958 17348 7298 18586 19963 13572 13381 19728 8886 12934 206 9087
6823 782 11913 17194 1418 13910 8955 6075 16924 19277 16120 9504 3741 3904 17786 13931 12555 1669 1286 15386 4996 17179 4686 12614 10248 5229
13798 4729 2271 13752 12776 10005 19312 18270 10914 16029 17439 18454 2172 15275 8808 2359 10211 1108 4166 9776 16744 2442 6444 92 13123 15342
7122 18696 4891 10863 18725 6894 479 3739 7598 18779 1352 13177 1274 2983 14770 10566 19475 5170 10430 14989 3825 13404 16743 17061 3639 13424
19686 13883 7853 14305 10870 42 3904 19448 8683 2051 12143 18730 1250 2726 351 17725 12390 1395 6163 16045 3827 9602 18749 6533 10214 2734
14403 12909 5893 1597 17230 18396 353 5686 7444 1099 10658 13337 9046 9528 4199 19698 11998 7713 10956 17754 14175 9963 15806 2443 14222 13499
14086 12288 3512 10647 2909 3553 14683 13913 7134 11396 16615 8322 7468 8001 8035 2462 14865 19000 19909 1782 660 10490 14186 1703 15773 1691
15861 3273 3325 2025 12635 3823 1336 7 9822 15901 14325 1248 7770 17290 18814 17620 14694 5912 13490 9987 6297 3356 13031 12281 10711 34
5862 3696 13974 12990 9808 18394 18508 19571 14186 5226 7542 19085 10748 18657 926 9604 3610 6599 10472 16491 11977 13313 1277 4464 9491 9142
16758 11592 14570 18375 17986 13438 17185 2810 7835 4790 3320 13039 16222 13234 18594 14643 8082 14937 8667 18269 8732 18180 15754 10713 19761 6769
10982 3801 19565 19580 18271 2484 12444 9398 8759 8373 8220 14139 7413 1947 10496 9421 15938 8981 15034 13235 18070 11482 17065 90 14972 233
7680 14820 12588 46 16753 3990 12813 18657 15775 15184 7261 17445 19211 6607 16307 15776 19083 18570 16519 15066 5063 13415 13281 9541 13358 3017
16136 8257 3856 16736 1689 2692 15031 9095 13262 6176 1388 1110 1969 9589 9176 2418 19101 19467 6879 6374 5481 10747 3157 9288 5841 13295
11340 1957 7636 739 1329 4903 9633 18446 17289 1841 12195 14531 10468 16667 653 15830 17783 11192 14157 15492 3636 131 6671 16109 611 3604
8544 10470 17144 13786 5672 5998 16338 4384 17091 10484 5120 15398 5606 4456 12614 12134 1445 12568 2623 7216 11341 14300 10959 10713 2455 14779
1985 10765 16637 16432 1362 16729 8834 14696 4870 21 807 3906 9186 15805 11405 11526 1411 11562 14190 12243 16267 14246 3245 12617 5151 18519
