365
93 50 47 62 35 47 58 25 6 74 37 7 91 48 92 68 88 67 81 21 61 49 5 74 62 56
7404 18865 498 1610 13452 12173 8816 2521 10869 18426 1172 6825 8145 16948 3136 1821 9421 7436 13473 14682 1933 4678 9595 15638 2663 4023
19914 854 11908 9006 14022 17728 6086 18895 10384 7689 11221 13678 19320 9587 19695 14956 16496 9456 3923 8896 12271 14775 4184 16719 3018 3577
6056 18890 12892 3270 15406 12551 8343 16327 9105 10200 13826 1395 2357 2409 12961 4645 18625 12082 5989 4519 2114 1592 599 418 19029 17750
7552 15211 10174 13398 12990 6934 9324 18143 10147 7677 15726 19732 3894 6568 13823 18266 18290 4774 8130 15309 12037 11402 17775 13766 18771 7084
7207 19906 14478 5016 2134 17793 7573 19386 10555 17088 2299 14156 15082 8984 16292 476 14354 13847 7291 15120 10077 8986 16293 18148 15211 18217
3251 6314 13963 2627 10361 5174 6888 18133 14174 19225 5720 9430 15861 3936 17775 6638 9957 2056 4974 19840 9785 5857 16935 6033 12058 2620
12010 14773 11105 13966 18465 13312 3026 10589 10539 14469 4654 16591 13481 13232 7840 14101 13455 13077 8916 19023 6024 12475 18967 12088 2983 15931
8226 4397 7453 7935 12579 10436 19531 13053 19266 12674 12023 19338 19328 11605 14832 12774 6651 18366 60 10344 17492 19791 19773 4507 14993 11042
9220 16395 12603 12962 14265 5660 18927 14486 9042 17608 1029 10914 14802 8241 15082 12364 2280 2106 13597 18968 3120 2015 8787 7601 14612 348
19179 6221 9311 12719 8597 5116 5887 432 3040 9466 13252 7924 18930 301 10087 940 6881 800 14700 5690 10578 13661 3143 16635 11307 4948
3802 5325 10692 8846 11188 19551 13551 10779 7998 4538 16601 11545 1695 14970 1754 12445 2139 19524 444 383 19759 17053 4552 10684 4047 11226
4794 2789 9100 10342 10034 8861 6817 1819 153 5134 15667 7483 2955 4616 6526 862 1667 18805 13191 6055 6237 10111 4636 17638 15498 686
3652 2338 17949 2541 11223 13433 702 13406 6389 14475 8120 2570 11526 14505 5955 4481 19182 2180 5929 5163 2406 16161 3647 2846 15270 8704
5705 19344 18565 14084 16197 14946 729 5121 12576 12200 15597 11373 6808 9205 7477 17618 4777 11660 19725 1995 14078 11056 6911 16021 6282 1792
14012 16958 19927 10365 6532 366 6359 19106 5037 9539 11927 7015 17612 9155 12423 7102 15571 13269 5971 6546 15592 1179 7721 19774 12789 4738
8246 6925 14405 19710 15341 13260 3615 6765 12622 6861 6924 10808 9298 18551 15713 9250 2733 13680 4590 16405 15408 19911 16750 9187 2006 14842
3885 13316 7272 10476 8168 16144 1229 11935 18674 10549 12617 17282 418 8323 15329 12322 9806 3418 15943 596 8181 15740 12098 18151 5821 3666
16657 3391 17651 10858 10356 18156 11790 11933 13713 10007 924 8349 4549 18728 1751 19029 8490 13800 6195 17184 11940 4981 14899 8681 1462 9450
7576 19915 15915 5742 18394 12668 15654 19762 7201 18438 14231 3608 6845 18507 7002 4719 5215 5876 5351 19036 14799 8889 8090 822 9334 17045
9902 827 10464 14554 6514 3678 4490 7989 18786 10759 18349 1569 11748 14063 18537 8119 4298 17018 3921 11781 15063 4902 14796 15947 17149 8430
12874 10031 6565 6276 10583 19498 4457 7175 4137 9570 14616 7962 855 5634 2326 1658 16353 16763 6145 13397 16237 5513 9336 4843 12232 75
11268 17110 3022 2645 14791 1896 7816 12535 1957 390 15782 1808 11204 9000 8155 8747 10165 5551 15346 4898 11023 12110 2485 13712 16857 16539
2004 297 17252 8028 142 17221 9060 15763 12503 11563 9272 89 14707 3733 7218 11916 6215 9969 19939 6882 15123 1583 15092 5301 9446 19702
18103 13650 17579 16738 14148 591 12350 8259 3694 5836 6722 17923 15052 16399 5105 89 13584 17542 4213 17626 7725 2328 19558 1785 7927 1257
8119 17431 1667 17755 14848 15647 19395 17093 12315 2310 17158 4075 19711 14467 19479 16060 17884 15690 8293 8653 10747 8845 7669 18829 3656 16118
3509 9559 18042 15928 4422 425 7221 1449 846 289 3359 12832 14725 11586 8455 3995 9326 1470 14801 13181 17956 16387 2040 9794 18289 18045
18400 18648 17590 11304 16980 18948 19702 11775 13630 15455 16011 8929 14418 10548 14465 8174 9986 6029 10025 16427 4526 4994 7205 13388 7933 6363
15021 7180 5800 10879 18886 13667 4969 12248 1555 3548 15378 1912 16306 15156 17022 17507 18380 11042 19813 15713 6566 18172 19387 10440 10105 856
9086 10963 6484 17720 11872 7756 3552 6538 6378 17066 7271 11738 7167 4099 16717 4447 15041 353 19402 11812 788 1244 16825 11059 6588 12525
252 14448 17240 14886 11524 12582 18750 12323 15999 10340 12206 10855 9859 11990 5972 9058 17244 13155 1113 173 19837 1304 6030 16974 18963 10539
14206 5666 15865 11969 3229 6453 1715 6725 4857 4093 10818 10189 12975 13718 19569 13948 1096 18374 97 18230 5449 9682 11354 14011 12699 19909
19256 1002 3788 19943 9567 784 6074 5641 2703 7937 8347 5166 12417 16130 6261 9062 7787 1149 18262 19674 7229 11181 13057 7646 10171 15438
12262 249 14753 10570 10150 12396 14955 17659 11484 16096 19778 13131 8116 11314 7473 16204 11579 15027 6031 2627 5646 5301 2397 17249 17487 14642
30 9077 8554 16573 11519 2056 7811 6863 4267 12453 15458 3571 19062 894 8269 8559 11573 8646 11110 13160 12220 15376 3477 19269 7417 16815
15762 2643 18138 12520 16749 11799 12542 11898 9245 12492 12835 5466 15775 18054 15487 7588 10701 15636 18278 7061 19902 6445 216 8291 10105 3196
18716 6105 18763 3442 7324 7283 17061 10652 9115 16403 12494 12146 11042 9592 2841 19226 9730 18644 5591 9399 9692 15656 13072 2295 15284 18405
19521 10511 6513 13626 6623 17413 15673 9650 15621 11233 3949 7630 6748 13114 5129 1472 14774 3749 8107 6791 7923 7630 4504 19211 17710 2296
8287 9914 13218 7699 18124 5577 6954 2705 10188 3793 19316 8770 4773 33 19558 1160 5688 13771 12802 9656 4851 10650 3452 9752 10886 5483
2739 15286 18468 17585 7787 18095 8583 18807 4474 8126 1056 4191 11248 17136 17851 4474 15932 6077 2027 16601 10000 3620 16469 16767 11144 14415
7482 1341 9653 14801 8372 6636 2816 1915 15837 15077 6935 16785 4276 14791 16667 6498 7893 15491 7634 4633 16971 19823 13482 14161 12904 12369
6956 5454 5983 15434 5708 19036 11080 18366 16173 19820 3929 10696 13307 17882 12831 3138 1697 15489 7435 12960 14307 6795 6212 8340 19297 3657
14546 187 11924 14356 9806 5153 2229 6425 15924 6182 1079 13808 11727 14780 13695 6130 16720 12236 19250 17726 18990 6096 4265 11594 10217 19549
15566 19752 8133 2183 1877 11097 2032 12206 4058 4729 15019 8547 14365 12642 14836 1721 17669 15306 19428 16224 15104 6816 3028 9546 9279 4122
5972 14129 10053 17883 11219 17715 18469 1947 4056 7535 12495 7907 287 1087 6531 6278 13440 2933 8789 16130 18564 10533 6127 18556 15121 1394
1856 7225 4828 5365 10814 688 4984 17971 13657 6072 17797 4013 2508 15192 10263 8266 4946 19366 11594 18214 15282 13817 1860 13676 19425 7386
14199 7399 3665 9590 17322 1495 10731 634 7858 12599 16215 10700 16437 10888 11977 9879 364 8320 3279 9436 16792 13279 16809 4407 11338 13143
9841 18279 15715 7276 6050 19852 2059 17528 8443 6531 6024 2429 11725 17940 13627 8176 13113 11020 14052 19388 2452 7712 15883 5821 8155 18470
9817 18237 19361 428 12417 3180 8959 4089 7217 6456 12073 6031 14719 1594 5867 5124 5196 11533 7340 19708 11473 15551 12083 3742 17532 12262
11239 11318 17486 7805 6600 15144 7574 8298 4135 13062 6829 8896 10425 10105 11344 16818 6283 6008 7064 17215 6131 6757 16173 6650 19038 18644
15550 19000 5333 10449 16919 9302 3178 2827 7463 17167 15888 15306 14095 7788 17884 17019 16087 19390 491 3618 7700 7859 14510 9906 17598 2138
14620 15086 17307 16016 1338 10415 13875 12373 16326 14205 172 5398 11480 18737 378 2629 16728 18989 13507 3514 9131 9202 3294 11067 2090 4008
11418 3176 6956 4283 18269 15712 7205 12122 4657 6471 6860 12541 16033 12736 19464 10868 16954 17189 17556 446 3450 9913 10446 10089 16355 7950
7839 11625 4498 7562 19651 13022 15462 9995 9023 19042 13618 15321 14720 19696 6788 696 7141 15604 11838 11100 11856 15150 15827 10673 9690 17841
13215 16806 2146 17119 18296 15570 5834 19498 9289 13298 16277 772 5946 17035 9278 16589 16848 7668 19667 13680 9402 10210 5819 11660 13628 10934
12049 7588 3530 3589 7661 8318 2636 17837 19359 10315 645 7059 17397 8634 8286 19269 18400 6189 3413 12342 4134 12289 16121 5942 10054 18608
10508 15483 19166 16426 13310 1291 7842 9642 18539 7066 14005 15728 10449 16924 6603 3909 6012 5878 14495 4195 1593 15779 10071 15325 955 18375
15351 5971 8102 17834 2545 11133 13188 6887 5664 1101 5723 19723 10511 9209 3982 12814 7589 13405 18115 3159 3542 11952 5159 1206 6153 3796
19686 1595 2947 16775 3286 11738 11388 13718 11317 4520 19437 17899 9691 2048 19282 4217 12007 5239 16020 406 19778 5461 14095 8876 14419 6465
3536 7793 7897 10454 6157 4966 498 6924 953 4282 14624 4091 12481 11994 4279 13034 12536 10661 7073 14063 16811 12532 10222 18491 18420 3120
19563 8477 7015 17219 19583 11988 16687 19398 19578 10108 5903 19842 11185 16621 17972 18180 16150 18940 5707 9732 9933 9435 4264 1310 270 18148
6368 1519 16783 6986 16198 2992 17600 12404 5876 14273 2287 15740 148 12025 16163 6392 7021 15542 1998 5718 8128 18365 17915 14360 2458 11203
13655 12177 7718 17928 5157 11547 15618 18221 18973 15509 6365 11255 18534 18757 911 14683 8458 17284 16466 9655 13386 6212 17448 14556 3592 7624
19374 1687 6620 19305 10144 19314 394 9595 19343 5748 1022 15283 14202 13826 9077 12153 5247 18867 4208 3861 17069 4488 15662 13734 10813 12546
1307 4222 12648 12370 14817 1663 4658 12547 14375 11824 11577 15236 1609 12387 6192 9797 17296 19089 11995 563 10401 3007 17465 13016 793 8121
8944 10261 1494 3940 7360 7169 16034 10924 9154 4879 19328 14594 5892 2325 2301 17718 4994 3120 1339 2235 9618 5414 15917 14244 8255 18693
9151 16878 3950 8031 11438 6221 167 7648 10887 17832 12869 4013 15201 2578 16908 14257 1360 7342 9489 19365 11927 4627 4457 5273 12970 9260
4306 14054 5448 5085 18093 12602 19075 13952 12183 11028 14829 1851 1181 636 9422 3656 9703 7633 15437 8633 18931 13755 3166 10853 801 6107
19032 19336 11033 2698 17186 5930 10926 19112 6759 15472 4918 18104 18906 19246 18367 12742 4246 5952 19616 16313 18002 3962 3444 3187 4888 13338
14254 13448 11298 1618 19726 13887 14534 18474 5031 7180 5931 8770 1593 2010 16336 5197 3242 10351 12915 415 13468 9367 8413 4396 7258 19362
17656 6154 6562 11067 19751 5214 16218 8304 8179 3306 4091 2893 3719 6203 8294 3923 17428 13435 12692 18538 9623 16415 18383 7062 1332 1930
8557 9161 9108 4537 17713 4760 18700 12840 18776 8473 11344 8573 5837 10880 12475 1936 9122 10572 1871 13204 4091 5033 10033 13350 4333 10144
882 4002 4092 1291 11793 3570 835 15936 3293 10849 2323 19921 14955 17900 14747 13805 7992 2134 1895 5069 9721 14699 13247 13176 16658 9989
4242 12610 12692 8723 2469 2504 8803 1193 3210 13035 15750 10439 16751 14287 13390 18061 19253 16098 4374 11112 7753 17359 15398 14703 3555 13293
17600 4818 16231 8327 16842 5461 3815 9013 6531 5928 1087 9465 11745 8153 7974 15149 12573 11153 2747 1270 8584 2273 14558 13973 377 15173
2978 9246 19572 18532 594 16358 6372 19764 14574 5794 4864 16854 4222 15967 6484 11287 10331 8081 16986 7310 10453 6154 15885 19873 2133 8325
13114 12096 6200 10678 11687 2290 13457 12769 11495 14518 17008 5865 10004 3567 6293 3340 2456 11659 1500 11420 16570 13864 14016 13643 5181 868
402 8138 19885 6032 2605 17705 6261 11640 9952 607 1053 11754 16092 10789 12094 4430 10138 15089 9517 4039 5706 3395 4843 18411 2118 19235
13179 1154 11531 11483 2591 3518 14893 7726 18970 17840 9930 5955 126 16152 6132 5268 17026 14404 17069 461 6742 3150 18349 11778 2499 4893
18709 5204 17744 7877 6575 19584 14731 13887 19207 7393 8905 3347 3398 2248 18465 3361 3173 10299 16929 10632 17692 14571 16839 1636 17189 3361
7854 3981 3586 4232 4495 19617 18197 14457 16064 1618 19951 6322 6825 2583 17568 6814 17446 12330 8406 19277 6425 10544 4817 8406 13568 4081
16472 12160 13450 19888 2468 15440 1567 2837 490 19397 4626 17517 13413 12235 5507 7141 1748 8271 4734 4758 13796 5243 17438 5084 16238 11522
5263 345 4717 15151 8576 13311 18343 891 6968 5285 11536 17964 15858 7987 18209 5646 175 4735 14772 1202 14283 17467 17051 269 8167 12878
19668 6629 5685 12610 7540 19001 262 9621 17287 13251 1731 15193 10776 8289 6698 11763 12358 15294 7470 15573 4099 13718 3447 3871 3598 14065
9941 2689 7700 1968 12657 2869 7266 2189 15077 7337 3442 5615 18997 5898 9064 9317 196 19340 14511 11329 18593 12278 1696 7432 3682 4189
12235 11138 1669 10427 12477 11969 1936 310 11123 12045 2054 18037 7596 2284 8657 8980 6314 16867 13688 11872 4306 12014 14220 4514 10887 5675
11451 15663 18190 2300 17260 14634 126 15233 15121 6322 13213 12464 18486 8745 14188 11523 19427 3956 8320 2940 9166 17544 6067 3438 1414 17176
7584 10159 72 2401 10207 15982 18703 6315 13106 4678 17324 15261 2321 5541 14511 7820 12063 8933 8419 17218 19794 14308 1148 13844 13683 13019
1368 17726 7917 7548 18474 6231 1830 14637 11941 8149 13213 15601 19717 11338 19993 18357 14194 7374 18148 4178 1675 11390 2773 15879 3606 16392
17163 19650 19062 2398 420 3185 19727 17144 7336 11734 1647 7896 4625 1132 15781 13368 2226 5572 4990 8472 17409 13535 18579 8123 192 8331
8219 13592 66 6286 1753 4997 4178 14938 13372 17176 1476 3416 15666 18124 1626 2923 8475 19331 4408 2932 7033 19425 467 10467 10390 3466
13807 6016 13973 13188 18558 2851 9592 8880 19765 11802 7338 9160 7896 14942 10012 11090 6496 18123 10953 7187 3066 9359 16910 1062 18199 10587
4714 2759 5511 8071 16186 14980 1441 19890 4590 4421 9509 17580 9759 5553 16996 18475 13385 17496 6141 16366 10080 18107 11210 4926 15835 18701
5267 10782 13480 17122 11551 7852 15248 4862 12069 17422 5277 1392 19667 11607 2416 11426 18053 11046 15363 2760 12892 3289 12139 8378 10469 19065
16361 3946 2712 82 12684 18936 2520 3729 13303 7732 2501 8018 16618 4899 12559 17330 5114 4329 2081 15045 18019 5380 8958 13709 6128 4101
4276 4275 9365 18120 17943 17530 12574 13541 17227 6803 3035 5568 15659 12630 14034 19271 6139 10518 18070 19402 18169 8048 12752 2152 12022 18191
9379 1620 3679 3036 9554 7690 12781 9793 8367 8503 3095 10230 17082 5247 12781 15621 7885 3785 790 16656 6639 229 1575 951 1969 6573
2707 1420 4427 19501 3299 19620 12286 1581 16568 1066 3946 16775 4860 12852 18128 8126 3120 10165 927 4685 5908 7588 4001 2892 14707 19469
769 8312 17107 10824 15894 19907 3633 15279 13687 13935 9454 14780 939 19365 14549 7362 17742 2166 4587 5518 18228 11063 7464 2594 1446 10389
6426 5347 15927 492 16947 19659 3375 15843 14825 7645 13532 2228 9322 9896 15244 8498 15635 7987 706 7471 19845 3097 19527 3843 17303 6323
8644 3872 2213 10921 17825 4888 17812 5712 14359 4987 19841 6594 11084 2897 9729 15611 10320 8665 10934 11733 9601 3611 12536 2658 9835 15628
4111 12987 16739 18615 3921 18465 18571 1665 736 6818 15613 17485 2804 92 17690 3090 15087 9418 15472 10006 17968 18792 7098 744 4849 18030
15027 1032 4822 14150 6853 18840 1307 17845 13591 8723 3483 4823 19315 9539 11653 1702 1312 18410 4977 1982 18387 14364 14945 2676 2974 10649
2788 10280 6896 7879 10841 1613 12883 13461 6803 16230 17776 2411 10872 10145 15820 19409 10073 4337 2723 5486 4188 19651 16977 16385 16103 18495
1956 17459 14551 14999 4775 11863 10464 7397 6835 16260 16455 2696 6318 6680 12548 8618 8923 9221 9413 6657 13319 4109 12482 7616 4099 12256
7100 5426 3633 15018 3162 11730 11066 6724 8285 1812 2497 15825 13583 10269 4499 17151 8576 15395 13611 342 5598 10348 1683 17507 6941 10318
9119 5186 8506 17009 16933 937 5771 4863 11784 14066 18473 12387 16448 19330 7646 6946 6010 15411 3560 9970 9433 13121 4169 11865 16520 13708
6953 8038 8801 2059 12397 10642 17381 6359 4386 721 19731 1066 13622 2961 16461 7049 29 16752 3707 9783 16297 19637 7571 2702 1143 10180
13872 15240 7913 1777 5596 5506 13778 12750 4130 12020 1349 5745 8220 14150 6748 3988 8242 2461 16139 19158 11567 16823 16136 6265 1023 19477
32 9194 3886 3603 11204 9178 16171 2502 10700 15756 1107 2528 4405 12898 1260 15561 1083 4689 11060 15505 2202 10571 18445 7552 6587 9434
6303 8369 16524 10205 6786 830 4422 4356 19309 14221 16034 11531 18308 19869 13210 6759 5579 5937 11541 9961 5085 9642 5401 13422 15443 16399
19092 5085 8407 5861 13652 16033 505 16066 17362 3707 14932 5665 12621 13977 3105 12505 9257 19382 14381 7310 11868 7379 7873 16225 2677 4926
11827 15524 19958 1842 7625 19771 11466 12185 13063 2170 3960 5324 14588 14859 18830 8647 3920 19866 18029 18591 3979 15216 18460 11641 17148 8434
2962 19783 15241 900 18137 15270 19658 19915 10456 18107 2627 4168 13483 5763 624 8353 3049 11791 11121 15276 3440 12357 19632 11272 19238 17599
16508 1946 5184 5838 14697 11247 8257 19223 19264 16893 3259 19991 16121 6352 11628 1884 2032 8719 14757 5248 4305 2758 18253 2649 7701 8681
10178 16048 9026 16986 15903 14400 19701 7946 2714 17046 12503 16514 12574 19619 8869 6663 11679 13157 11457 3480 17854 5912 16165 8666 19862 2650
8533 11649 9721 1425 8538 6789 19599 5124 17800 13153 5638 18388 17657 621 7540 7439 17915 10813 7577 613 501 1353 15432 9709 562 19035
723 5698 12795 4072 19762 6452 8989 7659 12838 321 17377 10941 2830 1187 16738 15692 9314 2363 16114 3044 15951 13942 8609 14724 12485 9143
19764 17461 12451 13061 5260 14186 1382 1424 17904 2482 15321 14433 3411 552 9758 18939 19380 9736 19552 1053 5549 2473 18662 8309 13741 10720
9638 3561 10749 17184 3812 18332 6577 7516 2034 11998 16733 5292 10643 15587 16970 563 1573 6830 9060 8231 17126 12148 2594 8117 11314 1601
6756 10563 10295 19885 13103 13754 16944 8757 6458 8480 10999 13293 19245 15517 12446 5459 6314 17917 8101 5200 1443 9120 8765 9171 4941 305
7015 9595 434 11982 633 19656 2741 13747 15285 15751 7611 19583 8017 15596 15013 11557 10523 15726 18706 14398 9474 4428 260 14605 15214 18053
18614 7299 1709 8035 3941 6758 7230 2539 7993 6262 11608 14216 8223 8156 17771 17449 5816 12065 869 1345 2945 3461 11719 10998 1175 18715
18545 11589 11472 8076 10856 15528 11085 18657 4594 10014 10632 9534 6163 8620 7694 17654 2123 14274 18863 17759 17021 12217 17653 5317 2739 4797
18328 11066 3355 6937 2626 7851 3980 664 16285 17539 13525 5791 18966 14697 17227 2810 12745 987 17790 10708 6140 15887 17046 14599 8982 12396
17826 8268 5692 19351 2352 10953 9446 1380 4636 2206 12812 14343 18080 1851 5289 12473 14696 9844 10831 6451 11499 15092 9765 6748 19657 15143
6808 7470 15613 19187 16687 7366 18320 7000 1547 1078 10952 13600 2089 16202 16338 15703 5245 9134 10763 328 203 5798 15088 8806 9068 5084
15167 10016 18503 8949 7324 5909 11054 11509 6049 11009 16074 2978 4437 3966 13050 11934 882 5085 12730 15629 4101 6304 2473 13082 2642 4689
280 4407 18141 11634 5665 4949 14217 9235 9534 11149 15725 7085 6018 989 1665 11959 1827 9299 7623 5335 10521 6254 18283 2766 19997 16215
18392 9390 10667 7113 11224 16854 1779 16639 16211 7470 891 19240 2207 3980 16978 5248 15491 17904 10827 13589 11702 4534 15426 7617 13440 5906
2360 15548 8025 5313 11898 10417 7758 17262 13615 8313 5169 13709 12431 10607 17670 17117 487 18992 9197 11043 6966 2961 16447 18753 10171 18484
338 105 7849 14572 11119 4895 9191 2318 14393 7982 7870 5183 683 10259 4580 5154 17152 6645 18212 16431 9778 778 6753 18758 13288 6343
5842 844 1763 18448 845 12099 16072 12127 8928 5813 17828 2915 7265 15988 196 9370 4214 2125 18711 4736 7868 13283 11973 4616 19111 14584
3093 7450 12694 4459 15907 2133 4267 15514 8113 10156 8600 478 10482 3431 16298 13557 2237 18200 1013 3378 15966 14572 19584 18818 19517 3242
9715 3445 8080 958 6329 2051 4186 5784 17629 13136 12991 9310 5111 7720 9484 5315 14875 8324 9845 19945 5461 6722 16835 1156 2622 16238
18291 18909 10175 3344 490 10533 13356 14537 13135 3621 6822 1253 14808 14183 15960 602 7232 1519 9096 17859 18297 15090 19000 18052 8209 8665
2689 3517 5516 12610 8696 17210 9274 15917 6797 3843 13492 16290 15783 9273 7988 14639 11406 6709 693 4004 3323 13483 14133 13519 5193 15932
9735 16955 14526 1835 13195 7057 14239 18561 10779 11007 338 7224 10128 18745 11177 15544 12856 5518 6410 1316 17958 9927 4635 9550 12622 2942
16463 14613 13401 17580 2526 5107 8279 5922 15012 12589 10866 1710 19421 7869 5785 11959 14282 7861 16603 11431 8670 3127 2129 7470 16786 5032
18649 11564 17268 10646 328 1501 13332 17333 6304 12130 1146 12723 3506 139 8121 17272 12730 8258 18424 327 19408 14398 16802 14661 17039 17798
10431 9149 12336 9910 13998 17538 13303 14547 5096 19781 4265 7067 13385 11200 14285 17557 10581 1567 959 17779 1840 7318 9188 6612 9431 7325
4353 18416 8357 13336 40 14248 9716 12082 5726 9346 18020 9257 224 5416 18563 16854 6827 8301 19557 14989 13127 13809 16803 17463 877 5836
11691 6912 14972 3853 6729 3188 151 5687 19732 19130 17296 7031 13600 3836 9818 14178 15046 4790 4206 11349 15153 9177 9449 6296 15792 3504
11965 10296 4127 9648 2454 12835 15596 19538 4535 19142 17596 441 13765 5917 9324 3586 1483 1488 11167 4607 12524 8041 12800 5140 17305 19160
9225 7313 3259 17418 11006 9924 4146 17385 16004 9315 7642 8151 4282 19751 5710 3482 7654 12695 3214 17232 11627 8987 18684 14708 5808 7582
7221 11914 3891 15956 10039 12495 4929 15259 19154 11955 13183 9830 14890 10894 13947 13452 217 7040 6113 9407 767 7383 17125 5931 1677 8321
19914 16565 6817 12034 15153 8042 18957 4821 12854 15102 249 1256 12161 11213 12410 2407 9944 13529 11893 200 4314 18714 1296 10468 4400 6521
7296 1093 5624 490 11327 1414 9793 1145 18962 11361 17173 5907 2305 4843 7260 9075 3669 10267 9468 1415 14166 14552 4249 11841 10640 10691
14093 3872 6749 2980 17906 17900 14122 15639 14419 1100 19972 3350 17502 18338 12643 14484 8535 13840 13848 9747 14065 18274 1708 6086 4792 1300
17484 15561 7784 14582 13657 11104 8079 1081 10284 19488 8714 17876 15617 16584 16682 19883 13384 5861 2687 6233 6066 7358 18230 9608 15574 18746
12776 4140 8783 3612 9408 3439 6940 14199 15938 18561 14188 3968 4953 2480 6593 14343 6608 16248 8779 807 9161 13310 14174 2243 17897 17811
6035 1552 17535 12197 16896 9863 13371 19072 17127 15782 18790 16944 19959 1935 16251 13353 3800 7644 5426 18610 13589 2605 9661 358 19463 19195
14024 13369 5420 4236 2370 19850 1641 9281 4989 3399 19981 10244 13933 1830 17553 1870 12078 3916 5871 1848 544 16470 7202 6307 7895 9858
19210 9467 1796 11718 11519 17922 5126 18791 15853 17096 1147 12703 14942 2458 5074 3156 47 3244 823 12703 5684 18684 17583 16204 2583 2688
8756 3133 2608 16545 1007 2403 5482 4658 7436 621 17798 684 16343 15071 19058 4596 9344 4871 6106 3259 8446 13633 13163 3565 4040 4481
8641 12112 937 3038 16188 5566 14097 17299 3262 13733 4483 13976 1169 19221 2194 1949 16947 17118 332 5087 11682 5804 4857 1572 178 5243
8145 2916 9843 532 5735 5267 7706 1461 6426 13809 10025 14694 18313 7282 2768 13931 6923 1812 17286 16510 16643 15079 16655 957 17016 6891
3901 18985 12811 2715 8942 11967 15527 8634 16983 13765 5151 15773 10491 5853 15548 13907 19238 3406 16149 742 202 18052 18855 18135 5021 9044
1508 3277 3068 1217 9920 10393 4494 69 15547 5409 13963 15680 3298 6492 6044 11061 16193 14217 4763 1837 11051 5072 15587 5048 8835 4289
8682 16911 4862 12111 11320 4890 13688 3700 2563 4262 8642 1085 14928 694 13133 594 14841 4291 2750 6859 19671 17619 9626 12683 15070 15547
6109 9708 8212 15843 13313 9402 13641 2296 10364 14280 16351 1132 8275 16794 17086 923 15778 11082 7388 1143 13065 12530 4902 2616 13352 1878
7305 10880 10963 6533 8916 92 8743 8323 1131 7770 12673 18084 10914 16631 7860 2925 2846 10550 13283 2659 5329 3214 2810 8434 9196 860
10154 3076 3815 5052 11782 8489 7319 12731 1351 2687 3805 13674 2945 15088 19809 1603 12081 6945 308 3048 4237 7704 7747 19300 3808 3548
3957 13070 3076 3723 6283 4907 3153 15894 15383 8294 7920 19339 1743 17823 1695 4558 19350 16970 5109 17723 4302 2497 564 19146 5305 6712
7015 18970 4609 11228 6459 11790 1678 7895 16320 17986 7742 6796 8979 17369 18364 4516 9932 8097 6684 8704 17336 10348 431 12264 8725 10903
1169 2676 8783 5952 792 16642 5131 16287 5737 19856 2974 10413 3497 11852 4187 9828 5234 11285 15507 13176 18864 4631 15782 15149 7891 4547
4728 9740 6344 1566 16076 2076 16670 19387 3387 8467 17155 99 15316 3039 6893 12772 6779 6196 3098 13847 3216 16873 4604 17310 10816 11181
15449 7306 10903 17553 10109 18246 8041 3722 15026 17989 16439 19554 18996 18178 17305 3833 15503 8257 12760 16505 6107 16379 7037 13047 8505 13023
2081 18916 4778 8941 14940 16264 17459 11513 13533 11281 13124 18713 635 15282 9632 16868 16674 18935 7622 13077 16297 5892 10339 7018 5654 13681
15718 18326 9486 18110 1949 6858 15967 12888 2510 8162 18573 8498 9119 8775 1166 7291 972 5933 4797 12141 9526 14416 13839 9955 6760 1864
13031 10160 5593 13431 14148 13687 13147 7769 15298 4603 9575 4953 16333 19140 1727 13712 2100 9936 2689 12251 14984 7301 3570 16818 18385 14124
9206 12454 3304 14881 9750 9223 9415 12386 18629 16058 9779 4017 3161 11895 16731 19570 19507 17841 4477 2117 15964 8805 11635 4601 17898 15629
1688 19944 10096 2744 8218 7886 4878 1937 11878 2567 10286 16789 13237 10035 2231 4121 18964 2890 5589 4288 14328 514 1150 10733 14474 17145
9520 5186 10333 12190 19251 11517 14447 3315 9745 1656 2901 9959 8191 10496 2413 4019 4770 16483 8283 7096 17969 12182 2023 13459 2210 8838
17870 10724 16782 14533 16850 1707 16598 1046 1735 1632 7384 8162 6174 1919 13207 12970 3375 18190 2919 16753 9278 17984 3394 6795 4638 14269
5587 8112 1020 2142 1341 3631 702 15691 13113 15584 19114 15204 299 6928 10908 4687 13094 2205 14714 11778 12815 14500 5413 7276 8059 7771
7160 13611 13469 6762 8660 16690 12766 6412 10982 5132 10561 2423 10163 10488 371 8992 664 18729 15333 955 1856 9307 8898 4271 4400 7687
13807 10268 727 10854 6124 13649 17343 14010 9656 19861 13257 7969 14101 14543 15747 12022 16374 12386 159 8882 8370 5803 1072 18501 9223 13467
14962 2325 2855 15547 7367 6493 14162 16319 9238 2746 10204 18228 17584 10373 948 2902 12020 14162 2046 17961 13004 9780 1652 6682 5628 1402
12942 12978 19683 19600 5062 4640 2634 6936 12692 15572 4505 4032 16925 15719 420 15111 2748 5650 15375 18991 1434 5591 16376 15335 2353 6960
5106 11093 18049 6277 2342 6742 13084 1598 6919 14578 44 19039 10670 15655 15597 618 12604 16727 12981 2451 13698 7453 3706 6136 12813 12461
67 8217 8549 7953 3867 15019 15501 13228 14900 14707 12686 15157 8337 6856 7627 14279 1511 9446 9040 705 13360 9000 7368 3930 1433 159
4216 1791 12127 14925 11645 8748 14775 18550 7458 16912 17146 4085 9972 261 18477 6968 5276 5883 7344 4660 18436 5537 13013 6961 18760 4747
3043 6554 17279 18088 18122 14006 10547 934 3991 11238 1277 17608 12866 5870 8361 16529 7586 7815 9982 13212 523 17074 15634 16034 9036 19567
10414 2594 5670 11363 13536 448 11270 11888 3092 2155 11522 15556 16446 15190 13268 12986 12938 1373 19908 5425 7513 3201 14437 14396 17449 19216
5635 13348 2098 4181 17493 15173 11161 17278 19773 2391 6982 14739 13742 17821 2589 13258 8898 5842 3519 11506 2319 8102 3275 18098 6222 14247
3856 389 13263 1854 16327 16518 17059 3288 17367 816 8551 10376 15446 1854 18495 17053 9845 9430 15779 1512 11310 15798 451 14503 15859 9597
1281 9305 14193 10383 2056 5685 5506 19509 3098 11723 4974 2059 18802 17947 13155 4053 5923 18271 13780 13724 4653 10257 3116 5415 5994 5555
1816 3102 10624 7337 10588 11511 6069 16718 17566 14859 8898 15218 11990 19912 16300 7158 8288 17099 447 11395 19463 2817 9343 16827 18887 9737
16800 14260 4611 8821 7675 18011 9236 9111 5803 19273 15445 1629 12745 10907 11348 17727 1073 8057 4424 16187 7463 19689 16559 15429 10477 10436
6807 19530 2956 5 3318 11725 11041 19371 6945 11254 18728 1797 12454 18533 6893 13784 692 15965 17268 14701 13251 17065 18440 12804 11192 5822
3352 7470 2308 12733 10040 12791 14066 17551 9817 17111 8995 9210 18522 19576 7433 7762 17729 19948 19444 13492 4965 13660 4142 18372 5954 422
2203 16712 19701 1410 9683 18508 15552 6700 6034 682 5525 10225 19957 2435 7062 18881 16072 5549 10670 12833 18787 15740 8823 1430 14639 989
18475 13473 14148 10823 8710 14550 1586 14483 5302 16328 16698 19228 1023 9453 19562 18820 1397 16192 6134 16982 6753 2929 7540 1210 16406 13493
5617 19255 16957 3032 3837 2714 6241 14810 2986 2591 2412 16747 15753 14221 6400 7277 16072 7612 19195 11861 15257 3666 13120 853 15427 3973
15896 11047 19515 5236 15822 16526 16250 10278 17286 4913 13024 6914 13304 3880 3344 339 2064 4397 19610 3424 1834 18985 8917 5621 6386 13331
9811 4234 7797 775 18920 2334 13010 18630 11040 1361 7391 19756 14104 718 16772 18289 19398 13469 17264 9103 8993 2762 1621 14595 14750 9998
14721 11838 9770 11712 19530 10795 4901 17323 13324 7336 17110 1638 14791 3674 4971 640 5912 135 353 3105 16148 9737 16869 2622 14856 701
12601 10228 6951 19693 4993 9742 18212 17507 12951 7530 4709 10718 16171 11067 464 12397 18577 9094 18356 1962 12275 15119 6982 14831 11253 17222
12076 8646 3965 14104 2708 9098 4692 16456 10788 9085 7207 3590 502 4532 19308 18784 16884 15057 18359 2743 12267 18496 9771 2702 291 10426
6219 6804 11985 1802 15473 17128 16796 8836 17595 8174 3332 6166 8992 9443 4419 15697 15499 7759 262 4529 17542 19210 1633 7514 16429 4559
2445 17238 6253 6894 14600 18793 7277 17678 16281 2908 2366 5096 15559 1313 10244 29 7449 18477 18665 18153 2753 8025 5043 16274 6754 8970
10747 8936 89 14510 5663 18724 12038 8471 8859 18835 12530 3480 9591 384 12840 2452 12166 16091 12250 15315 14803 19214 12814 5688 14701 11118
19626 5114 2920 12934 14392 19981 13870 19381 19443 9 11199 13941 15491 18095 14769 10149 6965 11907 180 9219 8765 11800 10515 10696 14992 12296
355 17001 12026 6379 17216 6364 5877 12394 11620 4076 6046 3872 7895 4034 16902 9929 14578 11476 12221 3834 16637 4382 13660 11719 15026 11076
18625 8952 19044 6571 9433 2380 2108 15157 16311 1585 17745 14732 624 7053 7041 14807 11183 10450 14959 1435 3976 15819 19988 11074 4294 3417
14562 12756 3132 1758 18082 18083 86 10313 1017 8274 15605 14161 2066 18726 5671 6956 11941 15890 2715 10496 962 5452 17242 19675 19723 8572
13297 4589 1925 18767 5583 12815 5342 4275 15914 8695 2297 16444 15624 2405 7620 13655 12890 11929 1014 2160 12565 18087 750 13047 1507 1573
14117 17565 8951 16443 938 10904 2250 14910 17416 11746 9005 13193 5026 1576 6878 4501 16615 14970 8620 7946 5977 12812 15293 2232 11670 4063
15064 18182 17075 26 7220 6816 16720 15228 7922 14158 2330 12629 19253 15560 16026 6191 9806 3907 14420 19180 14326 9410 16854 6728 14118 4179
1886 16396 5733 3475 7678 19368 3659 13885 109 17764 16140 19644 15246 16935 2395 12815 19807 13269 4236 1673 2712 12103 13030 3487 14284 19151
5223 13725 159 10184 5103 8932 14085 19420 7413 12375 2719 19727 10718 11544 1113 11445 12688 13390 16827 16063 17157 10872 12387 1207 18071 7202
13320 373 15154 9808 19986 10998 9830 339 10188 8641 15535 7579 5213 16453 4950 16956 17788 10183 17963 15703 5268 19724 16238 6586 10549 8121
2537 2431 10193 19854 8729 15408 12202 13192 2606 9482 3150 5209 5134 11517 3305 2803 634 15008 17428 12543 6604 4250 145 12853 13970 11611
12753 12291 10042 3473 4365 7271 4853 6726 16178 1426 3700 3601 6992 10809 11500 17519 2573 10905 7299 8027 17170 9823 12034 10248 4923 17837
17419 854 8494 6874 9339 701 15787 5427 12813 3249 1656 19468 15093 923 17778 10830 3998 18292 12612 3394 5169 13285 8876 11756 15315 7163
6161 5642 4506 1433 6020 19086 10959 14826 19947 18018 8330 5719 3201 11145 5749 16733 8417 11307 5942 12055 11518 2196 873 12758 7242 407
7054 10831 2520 575 9206 7571 17169 3482 10633 3622 4475 15578 19315 6507 5202 13747 17783 13193 14788 12552 13456 10384 314 2061 9447 5608
4508 18938 301 13731 12798 4413 12184 17405 5792 5703 17301 11990 564 15401 10531 14386 6659 5147 303 18442 7893 5805 3845 18650 7115 9158
3842 1830 7475 2946 9073 8324 7466 1298 16913 15012 17457 15759 1122 7749 18729 101 5715 1767 16475 17451 8881 896 17132 15044 12241 97
392 11819 12159 19330 12693 10458 5834 3195 7015 8402 2088 13644 15794 2433 18052 13910 19493 3178 9779 13748 4391 12854 9846 7046 19646 837
14053 4943 8709 10174 19940 15340 11912 3931 3881 2419 5182 9874 5781 7529 6140 19956 2006 3439 19933 8628 6561 6169 11859 4375 5661 13407
6136 139 578 5486 8951 14219 18929 1836 19941 5169 16220 2021 7821 15733 17860 2131 18530 16706 364 9612 14376 10526 2453 7732 13554 111
1540 16800 4923 2777 2142 353 6727 10108 18620 5788 625 17029 11628 14213 3601 10645 10115 16849 18031 9125 5488 3728 5848 15276 18734 10522
4533 14514 4420 196 1273 873 930 4430 1432 15878 11913 13816 15795 14788 6626 11328 12251 11968 12435 7195 19737 4608 15519 11704 18584 6791
17943 256 17724 4573 6164 1506 8354 15897 17377 2825 4636 16611 14496 9160 14686 8733 16518 5057 9198 9698 14449 7254 7803 19966 4982 14829
19033 8046 16097 4215 7025 2806 1288 11983 6471 10946 1309 8750 16078 16358 14374 10906 15280 1424 12278 13888 3018 8507 966 7374 7857 19088
34 1333 15398 5515 13390 5609 14989 4562 9681 16223 4414 14731 15209 12413 1839 17186 8765 3151 1325 9176 666 14435 3063 7500 7720 5962
19210 15320 3226 2103 14963 18398 12096 3380 16581 10068 9824 9158 18278 12864 3348 15611 10861 16969 75 18338 15706 11138 8632 18473 15662 19682
5861 10087 14611 10193 783 12688 15909 5449 13926 18364 9406 13153 6117 2424 8314 7902 6377 13322 19333 4659 3907 18211 2536 6667 17200 15934
15067 16956 15501 13806 18463 2918 14324 16977 8192 18724 16390 7751 19964 1446 16456 768 15846 16775 5330 19408 7118 17069 3155 13070 15929 18294
11679 10399 13175 12678 8506 1468 3155 10275 19981 13449 18706 9220 19741 8034 82 934 2446 14053 13254 2924 19492 18785 15072 1259 18241 1977
2339 12598 18612 4083 11297 19303 9747 6262 10995 14238 8260 2304 10967 13780 15821 13197 1691 11354 3044 15903 2920 15113 1666 18293 19352 875
2131 4596 18231 9938 11587 3853 24 10087 7421 17831 2535 5611 5744 13336 19633 14695 1624 15068 13385 5263 12109 18349 1889 10375 632 1647
5701 19522 1082 10479 11124 19683 8112 8369 18204 2139 731 19362 4555 5890 1644 1052 6785 11308 14924 5892 14739 7887 6816 18637 13511 5952
18511 7438 4838 8212 5505 14068 10579 13124 12041 14188 16999 4669 12185 1722 4594 1536 11723 15569 346 3467 9560 18665 6662 10725 4432 17599
11736 11285 3738 18841 15807 4431 15705 1351 17661 14107 5437 15353 1886 3743 5734 3746 2648 12888 17984 4203 9198 6761 4562 11458 17952 9996
14323 4634 11418 3084 11305 16001 14803 17608 1598 9517 16210 8470 4536 1804 2481 15306 19716 6833 1059 10684 15221 8895 11040 19382 15101 12087
8171 12602 13214 10881 8887 9833 4608 7039 1227 11081 7287 7052 1277 10666 238 17721 1420 4699 11192 12112 15053 8350 19243 3973 11891 5016
2348 17115 9053 9369 11548 906 17209 19917 19962 9025 3423 10850 1422 3631 12043 6061 16901 18856 11335 19780 16522 10849 10600 17623 5269 12594
10756 13047 6533 14611 11787 9213 14082 9129 10516 11026 15734 16720 14116 4357 9956 212 12876 3895 3505 11919 5299 18634 17004 14228 15950 344
5362 16972 2021 13557 10561 4541 9470 5714 19348 8261 3253 17272 14638 1482 18752 14004 17 18467 2547 10724 12941 10147 16064 11756 19742 12357
7082 10626 6367 13768 1560 6871 17818 15814 15206 8810 1667 15543 11772 6676 3453 17702 9744 9443 5325 14050 3170 3036 11380 14559 10544 3479
1370 10834 11180 16683 14461 16058 10383 4395 14715 16026 18753 9391 15871 6029 10964 7389 9364 9304 5206 17432 10203 1434 5682 16795 7779 14871
15114 17542 3774 1484 5693 18695 11996 16802 1168 2200 5227 9067 5569 5711 17961 966 7292 8407 11971 17648 6049 16846 1027 17824 12942 6058
13315 16104 11244 197 10133 11094 13079 4546 17288 18211 3838 9519 18338 850 12671 16106 6853 3226 19606 7593 5368 6403 6296 17845 6998 399
7986 17039 18521 1289 19090 4826 2769 11074 14253 14459 10355 9467 3469 10591 15078 17068 3434 15037 1934 10639 12375 11613 1412 49 6082 19766
18138 7603 10197 12645 3177 14498 11582 19993 7064 15283 18665 13982 1376 17670 13374 811 11385 4243 11089 11127 14700 3210 9968 15511 17047 11737
13490 4200 19085 4850 1596 14883 3698 16247 18247 1138 7282 7887 17585 661 17151 8510 7090 14343 5169 4060 14806 3718 19332 4050 18306 1490
5703 1708 13919 16382 4513 6745 15821 3343 7987 15934 10187 17471 18154 18559 5016 4941 5429 8630 8079 5862 17978 4414 7225 7472 9135 8696
4479 12509 9457 6839 4379 14195 12859 19227 4589 11845 14122 19423 6561 14223 9248 17866 17845 1421 10039 1848 18743 15389 16615 2362 17684 12646
6193 3466 17277 19465 10899 3218 6919 1086 6983 8095 5386 4331 3136 18509 17768 2306 16711 16472 13594 3643 18178 15995 4242 2115 8236 14232
10468 18797 17892 14626 5213 1721 15759 10691 14248 8065 19419 8851 13764 13749 17415 19952 16445 13054 11414 4032 5127 4346 6796 8204 4193 5651
3333 8686 9951 13604 2136 10396 19104 1620 10215 13428 824 13167 6938 8180 4535 18946 7379 1473 5079 15720 11492 1327 16321 948 6553 12914
6126 3325 7736 13716 4078 17810 3912 4367 6232 2968 7782 9716 5924 19346 10417 8351 1366 5689 524 12956 18653 19099 1858 9279 10012 17467
15864 13579 7945 13635 1439 4937 6205 8718 9991 2105 6964 1518 3410 5960 14176 9042 11027 7918 18025 3304 1269 5360 12132 1524 11848 8952
12898 17930 9546 9335 16055 9808 4752 3755 5863 10168 4556 3881 1647 15299 1986 11025 19431 15172 3260 17965 2917 17681 3914 19198 5311 1858
11917 6472 13427 4707 10301 7268 8881 1097 8011 18525 3510 673 19293 14167 17110 2726 2368 687 16522 11697 3970 14587 4392 9860 11465 18391
4817 15129 5448 4129 1283 12901 2102 19336 660 8148 9711 1472 10521 17147 16124 11966 4560 3893 5128 11463 13392 3798 4503 4506 13322 5776
19017 7590 16152 18675 1300 6062 12645 7181 12455 4049 2949 367 15913 13921 10147 15791 112 1953 9019 7056 17179 6218 15099 3794 17954 1154
8235 18589 5356 16459 16838 9811 4783 18980 18643 15745 13926 2961 14219 6286 18873 11113 14658 2762 18625 1830 9629 19511 4800 121 3646 18366
10036 15891 5162 12059 6533 7360 19667 16806 18608 17800 2738 4478 4447 254 11927 824 11141 10633 9969 4400 16096 14635 6696 5372 6230 10541
3757 7523 4273 1318 2114 5242 13419 1524 6676 2419 15812 15420 2587 7555 1687 5672 3638 6751 15693 11475 16640 11128 6447 12118 10961 8664
9116 18184 16800 1638 8966 17010 8046 518 17193 14592 17395 6799 1991 3761 19639 594 7138 180 15902 6179 568 19925 13150 16618 17593 11375
4227 19681 15865 13429 19279 17579 13289 17989 14934 14472 2684 3465 13441 520 9883 14862 10842 11029 4296 10171 5273 3031 17384 14404 16453 14073
15830 17211 12193 5781 7702 8351 11156 16092 7820 14681 14000 9905 13916 13942 3047 4901 5127 6721 15691 1143 15933 5120 6985 3938 9806 3391
8629 3490 15744 131 12035 9494 10070 3320 3316 16683 18126 17212 14619 13856 6701 8694 8057 18732 14664 9453 9770 2207 1493 12770 3166 1077
11073 7777 15862 937 19804 13722 2881 5183 625 669 12317 13321 19465 16204 14866 17086 1886 3404 13813 6465 10100 9000 15318 9697 15166 16948
1522 9522 9700 12698 2087 13877 15789 8257 7965 4784 11815 18668 5295 17619 4577 8801 8479 7550 19086 17896 8694 6728 18917 157 16791 16550
5998 761 4444 2746 8726 5225 3528 12938 10192 6547 8295 5022 13399 12529 14716 8808 16041 5524 1199 9858 18793 11218 3776 4126 2432 2907
7531 12887 11232 11521 8879 7920 2248 8171 9931 13626 1218 18347 6347 11187 15079 8952 1029 7074 14694 9596 10509 8275 14029 16569 14796 10447
791 6584 6025 19859 12694 5659 7844 5626 10585 19046 2093 4198 14315 9649 15756 14235 19784 900 19369 14616 8913 872 15022 15153 17809 3861
2876 4947 13305 6251 2748 7979 3149 11268 15346 17073 1672 7909 1124 7713 8218 13936 518 10303 17496 8429 15687 16176 6254 1050 17113 16734
13907 9151 11832 41 5065 15487 4887 8871 13948 2927 726 19944 3676 1050 10433 15799 2753 1102 2340 10511 784 994 3327 10345 15429 17981
7993 8741 3194 1310 642 7013 19505 16661 564 2200 10753 5757 13784 3623 7359 2705 2494 36 13042 7140 15945 14601 10527 14164 15946 2841
11270 9931 17881 1813 3661 6713 6028 11599 18811 6390 10897 2233 4989 5286 3776 9302 4603 14257 2603 11232 13189 16873 15690 1306 15617 8817
18686 19840 4166 4214 13994 7968 1602 14975 4424 2186 12708 13443 18738 17795 12218 7057 3396 16440 11804 16539 13405 15041 13727 14613 14468 14548
3474 7020 8135 4094 10123 4280 14342 19091 14991 16230 1169 18377 7913 17844 14804 15637 1166 974 15319 13117 2773 4466 15424 17159 12243 538
13725 8186 5421 14566 13977 7044 3797 5347 5779 10789 13481 18406 5781 17643 14747 3587 14899 9071 16540 16775 19983 15988 9876 2162 15903 18905
14028 4794 231 54 6377 15392 5932 6775 4938 9648 11769 15949 7850 11662 16121 15766 3246 15808 7093 18481 15374 1601 6098 12575 11627 2368
5002 1694 15014 10773 19059 16765 556 2472 19170 6114 14453 17502 19130 3372 1405 1709 18465 5264 2149 14880 13867 6173 264 12692 15556 5564
6717 11236 19110 16486 19972 254 3944 1807 19187 10324 5245 16830 15908 11342 17407 5390 11541 15621 15943 4400 3903 15436 11584 18752 10902 6391
13229 18250 11413 5522 11177 9194 3438 14427 19845 10874 13469 1956 14869 18105 6860 1983 13223 11440 3038 4560 16989 14160 13436 14768 8319 19241
3257 10579 5457 7294 7863 1996 2630 10851 14038 701 17191 19354 17927 12845 5349 12100 8863 11418 5113 11977 14016 14771 18209 15635 15318 2722
7334 15554 2549 15740 5050 19362 3774 8476 17773 12125 12701 4633 9196 7132 7988 15032 11765 924 16825 18693 9100 1561 4077 16766 4590 7310
12784 9389 17950 14108 13843 1236 8919 8441 12981 6302 19578 15241 10953 12830 8258 13601 264 8567 4102 3912 9842 1366 11808 851 2481 14224
19121 10164 14449 5551 10946 7731 17626 10028 19432 16279 17668 8228 13905 7604 2956 18403 17069 16656 9897 18250 16854 2710 9899 17448 14023 1224
13220 6102 16457 4594 12344 549 2810 6291 9819 14305 17921 9430 828 13918 2512 450 14246 8852 629 6755 759 5040 9024 12623 14810 8940
5759 12387 5399 3500 17999 6236 9599 4130 19197 5392 6125 11359 720 17805 14571 7808 12260 4405 3933 15042 11329 9045 16176 7232 5722 418
11834 4583 17181 4660 14283 1031 489 14301 8140 14543 2103 14901 11730 8527 15636 12238 9260 12771 10869 4346 417 12802 7895 18607 18906 5250
10213 16051 19238 16213 5399 9953 3669 10178 7477 11057 1728 15055 2461 19078 957 5223 11797 12408 7071 16329 18640 12524 4687 4316 15059 7671
9705 13854 16742 10512 6730 14967 10536 15578 4743 1323 4412 3797 5508 8881 750 1079 12671 8114 3911 14431 11008 17075 17094 17875 7308 6740
9847 10796 17260 625 18478 1492 16749 2798 16828 17948 12193 11148 19473 2000 19650 5411 2483 16864 13140 1588 17342 13084 9250 15474 14310 149
13557 10089 8624 10416 5448 2002 18967 19071 10825 6056 3407 3176 15816 13411 9983 1679 4799 4946 18403 14153 7536 15386 19650 7219 15462 6082
13427 16994 16313 893 9071 8731 1046 9244 12914 688 16807 14618 12946 1753 19756 10270 5877 16308 17713 4593 7389 15066 8225 13737 13201 5944
3081 2592 3394 2819 609 1480 9106 9382 3339 5126 5429 10549 8568 9794 7314 17310 2496 19607 12604 12394 14202 17158 8283 5179 2727 477
19699 16819 18317 4760 8806 14260 11573 5717 3837 6270 9982 7970 13859 1714 7341 4411 15162 8433 7404 13011 9875 11961 17808 866 5644 4321
16398 306 13651 17699 11863 10623 1055 686 3952 10739 14538 17935 367 14438 1713 13654 4866 5819 9903 1566 19646 15035 14464 6559 7122 13344
5669 11213 18379 17229 4512 1852 5768 1746 6697 15935 13207 12898 14927 2680 6872 14160 7183 9183 19941 3386 5386 9885 8927 1869 14170 4814
1443 9087 5243 8315 15786 9371 9861 18009 16051 7481 15931 6190 17189 7569 13162 19629 3886 4238 12486 17426 16308 7754 3019 856 13545 4020
2726 9779 2033 12370 14535 17338 4618 4498 16615 14431 3810 7558 16674 19172 19775 12808 5740 1871 2864 5663 16903 14472 10783 14850 11121 7493
13231 10109 16140 13634 6686 9736 13018 9846 6680 8609 6026 18389 7824 12332 9971 6352 5867 10718 2488 11558 17293 17058 18410 151 7641 10313
15647 17790 6005 5754 10622 2646 540 15089 6446 17098 10057 11958 6149 1493 9634 1619 9339 16244 19773 7129 14382 16034 10587 9363 1469 2207
8264 12771 15744 19231 7009 4576 1868 397 7844 13390 16933 14956 8052 9875 8203 16971 3925 1649 7889 928 4858 9923 13993 2617 3059 6633
6112 4767 18002 17709 18320 5587 12897 2404 7040 10916 2704 17553 8948 18846 11498 6349 4388 4588 6197 1415 13652 19277 13187 17449 17819 17639
17399 3526 17038 10538 10071 12073 12266 18056 16860 5029 14839 17165 4837 18769 16364 2985 16490 12216 4521 1748 18362 17004 2896 16479 13439 1073
9603 14326 4300 12645 11306 11534 876 7900 11647 4618 4522 8037 10109 9157 258 1408 480 12378 15439 4246 746 15830 6954 19563 2490 5137
1794 6956 1000 9723 7442 1091 2562 14644 18213 185 2759 11693 2992 3839 786 15657 15928 1515 13306 14651 14848 2750 6527 10812 2601 17225
14656 14360 15108 17083 12834 14563 15900 9034 5888 6697 9595 6640 16181 13368 17092 6703 15220 13584 12556 5950 8173 12572 9072 8718 17642 11122
14800 15061 12227 12059 18330 16184 9113 1171 12746 16393 2973 168 8643 10322 3715 10807 19294 3341 13094 2600 17379 11369 4932 4514 9301 1
17082 11493 5215 19247 7848 6608 19441 5370 2397 11629 16555 12773 14209 16880 2503 6641 5450 5350 11928 16818 2908 9548 8909 15250 10709 15836
1234 8474 5405 10746 13783 13635 7954 2475 15765 8968 17352 13462 3296 14205 3968 6671 5522 6233 18283 8607 15607 9062 7660 11084 17444 8103
9068 17416 7510 8956 7272 5347 11615 452 18364 3966 13190 1340 14 16716 1579 15802 7993 4786 6953 11072 12900 4674 3212 1350 1495 15393
15453 2393 7986 12172 18004 4292 10279 13849 6759 15258 4786 12326 12525 10245 5918 5913 2222 10665 959 13322 14256 8309 15562 7603 13984 13845
1267 13687 10909 9588 13120 15665 12802 19130 18045 12407 5520 8397 15021 8705 8790 14125 9564 297 1624 11885 1151 5451 9177 13133 4134 1230
15633 15514 3050 200 15339 1259 17917 5340 9878 9277 10000 18637 5584 10415 2092 6524 1988 1756 12049 1784 16741 5116 4549 6337 8398 6001
9109 10322 5861 14856 10352 19654 12196 11975 5950 13910 2759 9282 3118 13024 15320 3868 7409 6373 19004 9613 125 16001 8293 7167 10017 18361
11234 17561 16144 4364 12819 17127 11069 15459 15306 3246 8892 18836 1950 11313 13740 18402 15082 14126 18923 251 4734 5844 19894 4913 3596 15270
3708 15563 13096 820 16922 5260 644 917 3693 14370 18241 19034 19369 12026 17953 15958 6117 10627 3763 12047 7726 9937 771 6555 19894 13963
2305 18491 439 19076 1083 9598 9061 1905 5517 5334 15418 12182 5587 17389 14965 1676 8254 10939 18562 8737 15419 7179 4162 6354 8357 2568
15844 18276 6782 4840 17320 17648 834 7052 10852 7862 18426 18919 18479 4071 2335 17116 19354 14166 17886 13766 761 10262 14438 5507 19494 9129
18244 3377 2676 17243 687 18299 3900 17665 3810 7487 14738 1986 948 1630 706 10825 17935 3485 10656 10928 15328 17447 14221 10487 4550 4915
724 15066 15166 15684 2938 1461 12616 789 11190 14014 15727 10298 19796 15049 8044 13551 4719 13996 18028 9117 8563 19173 13170 1132 19854 883
19770 2974 18187 13387 14177 14316 12052 775 19589 14912 17522 1809 17413 9071 6722 14217 11300 2110 2449 14495 8055 14415 15514 17512 15465 4408
8961 12745 6684 11801 4470 12356 2638 5783 8754 7720 13082 6933 7475 638 3816 11719 12990 18578 8570 6075 1717 17481 14376 15235 16716 12382
4417 1874 8941 1391 8636 863 18848 14302 17617 19631 6338 5092 7725 8834 11303 18133 5284 12191 12152 17075 6175 9925 9004 17393 16289 2227
18707 548 1358 2188 17086 10638 3203 222 18015 18180 10740 186 14331 4858 1518 7355 12014 15064 10333 19164 6034 10877 13112 813 4592 7597
14331 10318 16661 15127 3715 14488 373 19933 3096 7628 14359 994 11072 2215 463 3332 8979 1507 2802 14711 16576 1479 2706 15130 17614 2607
8491 14396 13168 14087 16422 1201 3696 19262 7098 19287 5248 16917 9902 6313 4247 12496 8036 13353 532 15768 11780 13013 3140 16776 12202 2078
12380 4731 13846 8668 11992 12293 11587 3232 5807 17649 11549 11407 431 2067 11699 17496 2944 163 11800 5113 9664 8130 8417 9217 5797 5254
13247 10815 17773 17534 630 13501 18798 19074 12535 14053 12767 1373 16188 17352 6404 3701 3888 1550 5867 11838 3162 951 5543 3935 8339 6074
5587 7089 10409 3471 11787 18218 19136 11350 4804 13211 10479 2558 2804 9467 8690 10906 16675 6603 10586 12372 9487 10157 7054 16660 6718 13287
16175 7788 11493 4444 11734 19991 19692 10683 3013 10740 7749 2553 4521 15913 4103 13120 10736 10718 2919 10610 17512 627 5426 10747 5086 11960
7602 15201 9155 4022 6273 1172 17348 11971 10068 6600 18756 16239 10328 4326 19925 3406 789 15267 2403 12584 6730 10968 17575 16360 4885 18283
11035 12572 17986 8637 6411 6155 4219 12618 4094 12854 9696 11515 11913 574 11052 9307 13929 16904 6025 6438 603 7916 5485 1289 13236 5979
7991 10476 16878 3869 17228 7837 13692 4636 522 16707 11983 17811 809 12279 3097 13225 10094 13556 13239 16849 19689 1043 14351 766 15110 14301
17231 19838 22 13892 15087 19070 17950 4257 4000 12740 2947 13085 19618 4000 14592 18064 16809 18755 19987 2394 19415 1092 19002 5489 10391 4960
19722 6814 239 7556 17095 6585 12774 7786 13823 3420 13183 7168 4873 19196 3986 16944 5564 6611 17901 12956 1802 13841 19402 13570 19679 12055
9888 9817 1273 3785 13349 19071 6549 2331 17073 12454 13386 15114 386 8715 18338 14725 1915 8954 263 477 18462 17760 18137 10647 15182 15276
14576 16804 5951 15180 17931 1054 6756 17813 8720 6110 16710 7231 4093 11655 14248 1086 14656 11218 380 3345 12975 17135 7148 15765 18256 6176
12213 19529 4682 8692 535 18929 15962 3279 858 13145 9790 11157 2033 19789 10770 14784 6060 12826 18271 7869 13624 10261 5733 5013 6991 5988
18507 3016 17379 12740 6846 4706 1753 12818 3075 1682 17307 13744 8879 9901 18887 9026 16231 15139 8351 12481 2247 4904 14714 3285 19657 15730
3173 13891 19872 9384 13836 1592 952 11865 7420 17696 10723 8827 18516 4464 15966 14336 8402 13366 16409 13432 19534 16916 15188 16037 16198 1780
3195 2028 2883 345 14526 10500 12781 12541 5629 19052 19233 17149 4321 10641 1849 16853 5136 13784 18769 17968 5664 18418 4835 16252 12985 9638
18915 5961 15163 7249 4347 15857 2492 4608 4784 6643 451 16316 6273 6361 6228 4201 4635 10557 2426 11536 11229 19186 11015 14797 17087 10026
10644 7055 10424 15058 15433 6330 17246 5911 5453 5054 5640 7348 4436 15482 11168 1811 3970 13775 7675 19844 12876 7513 4229 3083 746 13273
15903 17440 6946 3785 17656 10107 18395 14581 10906 14172 19848 18975 19658 10945 9715 12227 4859 15973 11860 4003 7928 4975 4779 9193 6982 10081
5730 17933 12094 13808 2974 11495 12882 11040 12119 12705 1713 6318 8674 3149 4437 4944 3444 12804 12968 5161 3808 8015 1517 8699 6922 8190
16693 2522 13379 11751 3913 496 19801 259 323 11453 6707 16317 7060 6547 15854 10549 10975 12888 4179 8021 10805 6014 7335 3154 6674 16100
19233 4127 7776 598 1721 3299 1475 15287 1622 1042 9984 14188 1439 18187 16618 16785 14269 6855 17026 9863 15136 8496 10132 9572 1863 17576
14773 19966 18280 18742 18686 19131 17534 3691 8646 8984 6461 9467 18825 1165 7555 10812 1402 18095 15795 5001 3275 4243 13489 3390 11760 11705
851 2265 1349 3800 13377 11569 4616 1693 9016 15180 1909 15029 16705 11395 9518 5756 16378 4992 2404 8192 15091 15893 16940 13725 14364 14079
6883 10562 3017 11547 13669 320 18925 10439 10658 17884 6481 5846 155 8169 9449 2500 3244 3472 8066 14192 892 8027 12339 12420 14340 4432
14327 879 1280 18659 6762 9227 7788 17540 11118 2461 12587 8237 7899 16558 3796 4777 10499 14368 19223 6515 15996 1855 8281 7443 9079 18094
14191 2836 15946 4265 10499 13300 8710 7522 2750 6613 14003 11967 19949 7508 9378 18184 11010 13977 6800 14588 2281 17556 10449 16469 4060 16088
3950 6225 18845 11465 15099 18379 19001 16822 8150 5799 13082 13244 12866 10692 6009 19219 10502 11862 9165 5066 8604 10197 4436 18849 2888 14774
5141 8098 7878 16000 12737 3850 79 3395 11271 3004 18477 9107 15775 5755 12747 11573 7103 5070 14083 14864 605 12147 7423 17252 9019 13383
14157 13231 17522 9526 14525 2674 4747 8735 16548 14294 2880 4809 19765 11628 2373 14297 7798 9323 7130 14251 19982 5762 9479 9914 6507 14387
925 331 9852 1244 15602 4224 17867 13434 10857 15549 2035 15599 6961 11407 4239 4716 582 19486 6465 16263 14286 14273 6140 1896 9274 11457
9760 13661 8457 3061 14802 8137 8704 2968 312 1907 398 1171 2489 3669 15092 12669 13541 1961 3357 8123 19739 7905 12068 233 13624 15297
4332 14499 14075 17524 16272 7115 16237 17711 528 14019 6586 7709 9541 1186 8851 14713 18896 11491 7860 3969 19937 17143 12820 11199 18901 5074
178 12404 17391 16305 11560 7651 18311 6084 12192 3463 13820 1080 3204 7577 15844 17566 2663 18030 3219 9677 2534 13260 2019 2509 9226 19438
6913 5496 8318 8974 6550 4304 1389 20 7492 19962 3863 7575 3250 5200 8225 6171 18773 3382 8529 12754 10862 14497 2226 10061 7470 14841
3430 7791 3090 10696 8701 4563 6529 6334 10574 11871 11365 3349 15031 11766 10038 9980 13514 15634 2172 9338 8416 7049 10202 819 11100 8345
10408 2895 7450 13381 3025 17618 5729 4455 9441 4343 15670 8513 10092 16216 8815 19804 17858 11570 11835 2150 18964 13910 3986 9340 5126 16132
10429 1944 14063 10019 841 13515 17611 4454 15820 579 15936 8036 18144 17806 10142 14893 15729 19665 9402 5513 5428 10865 11352 19067 13105 12377
