365
72 54 29 54 96 7 75 16 70 56 36 25 41 42 67 65 70 53 96 67 84 91 50 23 40 3
1703 14343 13297 8155 13445 16190 19085 11027 2853 16766 17489 13499 1034 3580 1955 7260 1725 16466 9517 5008 393 7926 407 10463 7123 18593
7679 9602 9185 7144 9229 6596 10517 11244 11203 8420 15521 2914 10320 17890 1201 10450 9346 3486 2448 12525 1596 17016 10243 15273 19292 11438
16607 7583 11880 10859 16596 17995 17892 6019 17987 5254 3829 2041 12341 12827 2953 8089 10789 10077 14640 9699 19295 17934 15821 15056 18490 938
16654 3281 19711 8325 2677 4635 16227 12985 10189 5294 7221 18249 13411 10457 9449 15661 18184 13279 1775 19197 10472 7028 6300 4302 14493 17796
12978 11860 17006 3796 3679 8773 13653 17197 3404 13918 10902 15765 6354 8031 17099 11902 3743 17085 9969 11775 10984 10696 532 17099 5272 2046
1332 4037 16660 15911 8254 15308 11653 17799 715 14210 9580 17864 19724 12053 18273 1934 490 8046 2834 1121 4061 13638 3547 1717 4277 4360
12108 2407 3580 9631 12722 1028 8987 16671 14257 704 14823 6202 2119 10737 17352 14182 11998 14404 5591 1747 10715 17209 5076 11977 11035 14308
5445 2955 14813 5616 1607 14868 14690 8826 11844 9286 12684 6486 10515 11218 13624 13379 9797 12467 764 19596 3318 9032 15418 7037 12238 11394
3417 12864 6867 2388 17274 18508 15829 7854 13365 12468 6068 16098 19555 8980 5087 18881 6997 5319 140 7094 10670 18942 16712 823 15193 2046
6376 16299 3068 1387 5828 18401 8462 10266 11213 883 11693 13844 6752 17637 6705 2461 8173 2747 14835 13412 7467 7487 9539 11034 13084 7511
8048 7927 957 9677 6075 15568 15812 13869 13761 7496 18552 16567 10121 4197 18021 5542 8036 2402 5921 6918 3637 6432 8747 3680 4809 3241
14708 16960 8172 13559 14336 5133 16446 12662 6590 2504 5745 16659 19086 12883 9639 8173 11011 366 4242 6185 4630 15685 14744 14362 13678 12844
839 16895 18324 1962 4563 10194 5079 15633 11162 19787 19408 13504 5663 4244 12996 12406 11705 710 17730 10705 1573 15869 3755 5393 7342 14020
12977 2924 19105 12550 4557 3904 10319 1272 9839 2361 7283 17707 3728 7459 15239 11311 18483 19275 15585 1745 2278 2035 6079 1348 10653 3971
17377 2716 17862 4014 14938 12495 5534 17508 9997 14592 4898 16066 13837 16161 14720 12177 6957 12601 2542 12134 7244 15890 1066 2840 8975 18661
16322 10287 9507 2400 9146 5120 15158 4370 13883 8833 2715 8569 8718 18670 3979 15257 1754 4370 1104 11878 13683 8330 12241 10751 12820 1481
6538 1978 7335 18069 17678 3125 15260 14317 2212 15448 4232 16997 16034 294 5106 6887 3376 10963 11547 13230 17809 2254 4618 2615 19936 9842
14214 6546 18371 17043 5919 7677 17659 214 11815 16793 76 5064 4060 14637 5879 18505 13724 12886 10189 17886 17273 1829 17709 17336 9607 16833
7514 1113 18617 6217 1163 8955 13326 227 5961 13028 15428 14071 12629 998 2987 17236 18333 4688 3439 5695 4206 1278 8524 3189 7369 3258
3760 16326 7446 7019 7799 4239 3841 18316 16891 11788 9410 5181 12413 504 9374 17162 236 3479 16854 764 9406 1427 10179 10207 18021 12222
13320 4352 19041 11883 1366 2516 4129 8565 9992 9266 15013 2386 944 18422 6443 10926 1638 13947 8858 12465 9602 12666 6379 14299 17822 12475
2428 16663 2531 5331 6401 15195 5636 3902 9426 15204 15297 16393 122 19397 4847 63 5882 610 14358 18402 1031 18715 17622 12104 4892 14662
17733 5910 13980 1584 13429 3927 7918 19634 2928 19808 6137 2155 6460 16025 4902 11495 17978 9072 13775 1046 13466 3185 7014 17746 4470 3516
3118 17369 2515 19004 11032 4212 18401 7766 493 14322 18316 13678 3048 11450 6312 10211 8650 6819 13399 9455 11501 2578 19692 18622 11950 969
7660 9688 919 7341 14636 10473 19798 4668 13549 18983 8018 15507 16657 5721 12786 5796 6663 14454 543 16397 14648 13762 8908 19957 2444 19035
19448 317 4210 4068 10109 2522 7389 18713 18027 6337 6981 2535 2201 1993 10854 14656 19181 17978 19965 8411 9012 3210 13135 9156 15348 11096
6784 7496 3974 4364 12960 14440 5628 3667 3370 3277 4539 12868 8363 19192 6781 6465 9186 18603 14794 4259 3380 12596 8576 5704 16389 13392
15026 11640 5911 10455 6152 10204 13697 2958 5125 12275 5692 13717 6699 4421 14719 1778 229 16106 1286 12130 13291 17629 18950 8337 16542 1271
13315 8062 19294 44 7180 11351 9260 4116 7980 5956 6827 14084 10509 19565 7494 12360 6210 15689 979 7878 16599 4643 2020 9856 19126 2906
2631 17813 13255 708 7147 3639 16265 13095 1014 16079 7441 12731 18744 17530 17144 183 19640 4073 5909 9242 4841 10408 18317 18052 9727 15054
19304 17918 9540 7593 16797 19976 13863 10424 18260 15083 2284 3583 4615 15060 13320 5316 15088 3677 1897 5742 2782 12507 7657 15052 4835 10804
887 11014 11689 10382 784 10573 11025 18897 14503 13547 3095 304 15216 6175 10324 18829 11016 18613 14089 8534 2650 12658 14820 16239 13133 19679
8817 12162 5548 5988 12238 2560 13210 6516 1995 7103 15305 18496 18577 15932 17748 4763 13834 1057 3417 4172 10206 11862 8783 10665 2540 375
142 9520 13295 14675 10685 13092 9339 15103 18387 15567 19570 1861 16993 16244 10798 2646 378 11316 11244 4657 1637 3822 15848 3154 17778 189
19103 13609 3878 4066 1968 14215 17907 4032 3869 9836 11055 4218 3221 6834 2527 3579 3350 14753 13421 7960 16349 12961 15412 19080 9314 1914
10939 11172 18620 17902 3829 2294 11547 13495 17738 5827 9391 14787 15300 3510 19933 11527 16757 3903 4716 16423 17965 19065 16645 3118 3192 2411
12814 7297 4717 11678 11185 18521 1154 18920 8927 10179 3458 134 15927 9455 7093 1339 7696 6250 8449 16487 12141 4377 15671 14487 18085 14082
11361 15630 10375 7751 12654 14254 18159 15556 19302 1460 7574 13364 15981 2015 1152 12559 18637 4723 18354 2518 6197 6476 2558 1654 5935 12271
8412 3154 18226 4869 1552 19322 7456 725 11984 14273 3584 8753 19399 9373 8266 8231 12196 15417 18019 8297 1297 1849 14614 19378 18238 12199
3506 9453 15071 13944 3959 11630 159 10547 12057 8771 10899 15162 18697 12358 8568 17627 10563 8344 14345 8581 9358 8105 16988 2104 14890 18148
17615 19793 8693 883 14436 10481 11316 8428 533 3038 2897 5122 4325 18141 8226 15421 2994 2120 7552 7386 16201 5101 17186 3325 17231 9506
3213 6858 6091 16052 18883 12928 296 1286 11498 11424 18504 11829 7783 19 9618 11553 16295 15037 8993 17878 16954 13222 10480 15007 484 12876
6831 5689 17548 15727 2689 12452 13145 3651 17895 10536 4133 2616 18732 10214 7790 15728 8936 6061 8804 12826 19392 9858 787 11534 5284 7519
10381 13867 17873 14602 5572 7089 9018 3879 16013 1752 524 7645 16567 14483 2122 12555 6425 19322 8598 453 17747 379 14511 13497 15855 7237
18377 18297 18353 13401 5422 6003 14329 5314 18812 13041 17528 5994 18948 17992 16471 10638 16201 2739 11 8344 5035 19640 4451 17550 5198 15908
8260 1369 1926 4915 11141 10840 19907 12485 17343 7116 13945 14022 14323 17593 3303 17715 16091 8922 3180 18680 9816 2937 19254 11094 17956 5968
16977 7554 7053 832 13009 808 8679 14544 9300 16379 2034 19550 12830 11459 12049 3601 11808 12164 12087 6246 6187 6184 12195 15585 16030 2622
5945 4713 731 1988 4626 12973 8648 3292 7688 19202 17904 8434 16414 19547 15246 17130 3911 16990 19526 17747 16086 11202 3189 17585 2167 9401
12043 225 11158 18825 8522 16054 1642 14521 15806 9699 8637 4591 16134 19787 5496 5969 17014 3772 7484 13361 6914 2928 4381 8932 11059 12983
13879 19132 14585 10148 18923 8666 1690 12550 15104 18413 7457 19849 5611 176 950 14657 19407 12961 18729 14836 3959 1922 17312 1329 16688 2704
7959 4583 17116 11121 7609 15042 7633 14022 15417 4498 2760 16464 12899 10675 1873 5322 2598 13610 15046 12642 5755 1880 5126 16608 627 4464
17121 12002 18277 11696 18793 11424 3913 14393 1499 3275 15782 10950 11265 17976 18784 14102 18789 13814 674 8804 7824 6215 18189 7387 15897 5138
15888 3909 6983 4829 972 16320 12020 11234 5820 15184 9267 2990 16478 17271 15662 12179 6090 11901 14997 11093 14654 3220 12837 13075 16150 7694
18516 2784 14547 7608 1965 1245 17288 7906 13861 4061 14830 1738 6929 167 3488 8452 17370 4642 1990 4473 13288 577 4757 15028 9018 11578
16139 4730 9695 7863 16715 16505 18262 18831 11918 11891 10372 18267 16284 11946 17366 17902 9980 7183 15550 5179 162 267 8119 9933 4747 10269
6967 15342 16484 10880 16537 1578 14262 9298 18527 17995 12498 10617 4369 3786 14394 16763 5150 16944 7367 8085 11748 7689 9657 8935 10252 7352
18926 18848 15060 6538 8636 12042 6707 5911 13306 4511 11880 17968 14372 14340 10267 9449 16753 7903 19353 19725 15712 9378 750 16340 17343 13055
14738 3166 16862 8521 3994 19622 12908 19293 7797 19411 4774 12745 13969 11153 2535 18040 3141 7699 13114 14684 14063 3517 5679 526 13518 1436
13013 5089 16223 19302 19775 11430 1868 3069 5888 15050 16669 16046 17071 9367 10263 13239 15671 15934 3006 11246 7470 9087 9342 18430 16340 5550
17274 4286 19458 17712 7765 15166 6454 3782 13383 10631 12603 4235 17097 10964 4318 17849 1434 5487 4366 9109 7332 16771 8260 9521 6155 8415
14607 8512 3230 1650 6353 19679 19344 1733 14177 16906 7694 11115 17156 129 15928 15717 10905 6660 6989 3615 18599 18193 3527 13282 19528 37
15437 17674 11753 472 17808 19877 18815 19204 7693 11851 13537 869 17205 18878 14259 15070 18404 2839 6628 8641 18443 9196 15469 14377 12831 11306
17538 616 8989 4860 18584 7571 6662 11722 1630 2858 9544 6809 2126 6091 1667 3749 1973 6155 1731 3078 4660 17978 12939 18187 10390 14831
5425 19392 7947 19764 7247 8659 13731 5074 7630 9595 16854 1001 19005 7347 6990 15051 13027 17532 16361 12947 8781 15242 6265 19445 4937 19920
14524 17872 4595 19812 15457 806 9471 7626 8618 13753 15234 5927 331 4055 802 1460 6627 16663 13194 12962 5401 11982 17649 14603 16841 13537
401 13603 5907 2964 12507 8382 11313 17881 3012 14474 13398 7469 16519 4501 13373 17751 12007 2839 8104 130 3088 4292 19041 19334 15118 7042
2097 2039 5219 19597 13620 15053 14583 19053 10937 11417 10479 19847 16775 16739 4350 8222 2723 10560 13060 10591 3092 2428 17363 17505 7814 2960
17912 4682 18769 6473 10303 9429 14617 3655 9555 10461 17262 3763 17905 7328 6289 4161 19413 12665 17260 11194 18437 15407 9461 16498 9612 4977
3877 17445 13378 9563 8673 2061 18546 19560 15890 19000 4017 7449 3502 14485 10803 15728 18631 7374 2908 3410 16987 14189 13945 11070 12668 19119
10362 4001 11526 14226 14498 14604 14665 13295 14400 15113 7438 19326 4548 13907 11102 17102 4810 5040 10003 5071 461 11883 17566 5778 9444 5920
8094 14754 5684 14105 15385 3051 594 5446 14976 9933 14935 7570 9276 6545 6592 14328 3479 3613 15980 529 633 798 10356 16 545 17485
15846 19597 7302 12399 759 12591 179 12187 15587 12997 18725 6207 8347 7539 3317 7357 16323 9277 8031 15402 8684 14717 12207 7880 1341 14236
14126 17734 2125 15998 17062 6811 18773 1095 18657 5469 6492 4549 17787 2203 10079 19802 7709 7705 18792 9644 18837 4067 8306 10758 6266 14929
5714 12359 3598 15096 8898 6458 6747 8552 15510 2051 4881 985 4174 15647 9382 15979 14328 19014 10971 3321 12471 442 5078 8938 3322 12181
5119 266 7670 6146 2500 8636 1339 9737 12951 19371 4469 19509 2328 4556 2389 10036 10305 9855 11053 17010 16270 17373 13380 9906 5267 18634
12046 10319 10135 11658 13294 19063 749 18668 7748 3263 7326 12372 10314 7746 4691 3381 1873 10405 1922 13811 801 10146 18539 14930 2477 3761
4467 18613 9549 2802 13490 13844 5587 9375 15731 1135 10370 10677 10028 11982 17049 8607 2385 4498 14701 3866 16135 2492 11734 11382 118 10659
19994 2749 12913 17619 16352 14363 18604 9705 14756 957 17634 2672 6824 4828 14528 910 3119 13816 5539 14715 9512 5316 19865 3893 7713 12049
14142 12189 7335 8866 19267 13102 13587 19988 19842 17981 17519 415 13458 11537 15918 19467 12452 460 2151 14284 7845 15598 19929 3843 2703 10327
13197 10741 8523 6784 11734 13576 8356 3005 7938 660 16851 8657 10341 1742 14117 4613 5812 2770 13348 8571 11123 5516 2145 1850 16431 5313
6680 9715 9644 10790 13606 10305 16565 7098 5602 7376 3078 15200 1333 6560 19725 8235 16868 7887 5801 4370 8067 18503 17661 10122 13485 3793
1834 848 2065 9009 6342 17558 9144 1624 9264 106 15758 8424 6848 12051 1947 13570 1964 10237 2161 3738 865 1409 2088 7819 14482 12778
11872 2642 11998 4148 4765 17857 8210 14358 12758 19201 7951 16616 13618 3267 314 7082 17334 11160 9911 10180 189 3177 490 5702 213 2164
6784 4240 8451 18412 7501 248 8661 8453 17835 16623 7611 16802 19733 17722 12085 14650 9757 3415 15704 15876 3978 6703 5225 1410 2587 449
2985 19739 13188 10806 2576 14517 19929 14959 19108 9134 10140 11502 14531 7739 17580 18136 4132 4414 14989 11773 15558 19965 4309 6306 3551 19995
14142 17993 2034 4341 18963 2117 6120 353 6403 15333 9167 2842 11777 1937 14965 4798 19113 11968 18140 2614 3383 5739 7572 2060 9091 10549
17677 13846 5371 10693 5619 1235 1403 19283 9882 17826 1434 992 12364 16890 12032 4093 16424 2898 8966 9962 8682 19552 16721 12669 7243 2716
12048 10596 11915 5607 3547 7776 1411 15860 7031 9815 9630 11107 3720 10415 1468 9789 19016 10410 15859 10912 5900 7873 11344 12163 13110 1239
3428 10173 9944 11351 18662 381 12721 6173 6107 17370 4150 11842 7036 7310 3862 18733 18844 15266 19276 12357 10164 17930 16668 13525 10343 11383
5558 1421 8194 5401 10165 6383 19689 14667 15635 7137 19910 4136 13593 7939 15103 13061 7323 1389 1022 18860 16136 10983 18786 6976 19941 3536
4284 166 5109 15204 2939 16904 6683 3817 12079 2782 10579 8644 13595 1020 6383 3696 19595 1953 3472 12040 6712 12807 18531 4004 2313 4006
15173 16985 17183 16896 285 11242 9247 18474 4461 16582 18650 8333 4144 3492 12270 16528 7570 13143 7266 17813 8133 9776 441 2192 5548 5197
12461 15262 13168 16093 10813 16910 5782 6452 6587 874 17162 1431 2659 19467 2510 405 9671 11315 7245 17264 16766 13819 17374 6913 6070 2132
4582 2982 792 14168 11598 3333 981 3968 14937 19959 6691 11394 15914 7326 10426 14287 14173 13831 17168 4899 9208 2376 10755 17314 811 5968
11250 823 7189 7092 12399 12464 19384 10871 8825 3317 8391 17875 2974 6897 17144 779 9238 14355 15997 8986 18468 8821 13714 6333 15840 1734
886 17931 16071 545 4424 15491 11231 15307 1011 807 1835 2141 1751 12278 10013 13834 13139 6969 824 11479 2474 13348 5616 13980 18609 4338
3484 5878 6884 5473 7060 12945 1654 3817 1750 236 4263 5952 8420 12295 17969 6067 2333 16310 9994 6529 261 16378 13193 13745 10117 15813
13913 16260 8055 19076 4258 651 8487 3463 13201 14986 10119 690 17605 16715 16162 7213 18325 9911 12043 470 7589 11678 3897 3479 5208 1190
17754 1304 7153 4576 15024 15569 16026 4735 15487 9537 9259 5452 12109 5314 587 7424 13090 1144 40 9247 18321 19446 8771 5168 8977 12904
14951 2040 9343 8450 939 4123 4703 12198 6644 5434 7255 11457 11659 17674 1493 6726 4837 7925 13873 14392 18676 11229 10622 586 15745 409
17681 10606 17500 13574 7234 5721 13677 7870 8009 5960 13351 7468 2867 15314 12543 18321 16311 18292 12274 16806 7234 2700 13123 3911 905 15705
14573 17120 16076 16339 5533 7582 1379 1505 9661 16621 16227 3361 17492 1353 13826 9741 9897 19769 6136 1850 16089 7087 17901 9890 13976 10944
18504 1861 16642 693 6436 8372 6879 13078 13661 7053 5321 11464 8623 2925 9617 10324 16563 8044 9593 9521 7979 7639 18518 4648 12511 17054
14273 710 318 4739 1037 15611 9595 12046 5985 19462 14785 3207 8246 17077 19762 919 10785 11133 10814 8753 8709 17042 6375 6206 4514 11871
6888 3567 6514 9162 12659 11219 1666 13351 17562 10921 4279 16961 11783 19847 19690 5036 1391 5333 3569 8761 14871 875 18636 13344 7176 19312
4326 4347 13798 15833 690 1294 10941 9044 7697 2318 8151 10060 15615 12968 8144 15049 12234 3658 12491 15901 13335 4014 9268 5751 8724 2545
17718 18600 16844 16066 4755 12660 16698 6939 19685 14604 1905 6253 14699 9010 11455 16778 10388 7475 6362 16952 14907 3586 12191 14851 15406 12963
9273 251 17867 9079 589 11834 12427 2211 12058 5993 5824 2222 16085 1295 9282 11139 4258 11309 19618 13420 16283 2382 9363 9576 19683 2948
16132 2523 13299 8239 19193 11453 3150 12383 4501 4775 9136 10808 12261 5427 2981 14993 5608 4609 6190 12116 11454 8517 16046 3459 6132 16088
6916 7899 15907 7419 19084 9371 12153 19486 8487 11819 15843 11038 12745 4605 6566 3321 11170 500 13522 16332 17576 118 18751 7490 8737 14193
6455 9386 3577 16242 3872 19447 2849 19667 18278 2102 11964 2772 10640 9036 8078 2753 2931 9006 19995 10312 3604 10594 4246 8381 9535 11869
3694 2025 16683 6966 16969 11062 12325 13168 6532 4312 15475 15338 69 718 2662 19687 8002 1842 12677 12931 16120 19181 7175 13720 702 3214
8523 2551 6575 19234 14334 17023 2360 8557 4668 10726 13269 19545 19222 18384 18554 1716 14222 18490 15311 702 3770 12271 273 3401 6225 18720
8708 17866 17298 18318 1867 11116 2319 19123 4743 1114 6598 4270 3023 4459 17451 11896 16503 15169 1538 2433 10044 15922 1970 3799 10087 323
6192 9979 17708 2463 4486 16615 12292 9686 15862 17132 14410 5047 7570 12180 5412 7819 6057 8922 3049 19863 4116 14480 5372 9793 19818 14987
14073 5124 14855 7795 12225 5856 6817 3924 10157 853 6002 10018 13166 9056 18731 11345 17212 17423 6613 17661 14851 10260 9064 6280 1201 2929
13446 14870 4346 19848 10815 121 10141 19559 5624 7913 9883 17011 708 12941 12140 10009 708 7851 3009 7248 7474 6789 14029 18449 14035 13552
11639 11222 7125 18994 5802 4453 18891 11705 15300 6920 10908 9954 14211 18591 2970 12035 4250 5850 9762 3555 3642 18798 3528 241 14847 6492
2874 14319 15243 10814 1470 4622 676 2473 8951 8132 5751 6031 19906 4135 4598 4388 15686 9217 14771 15123 12634 8979 2591 10032 2372 8697
15734 14806 3786 8313 13786 1299 10948 1092 14452 13175 1454 9980 5710 11001 8319 19961 12879 10353 429 13424 4118 11272 15686 10006 4176 5865
8388 10967 18242 15794 17230 6148 1697 12168 19699 2736 10355 1167 15909 8268 373 17823 2935 10771 6286 8679 10700 4967 13812 11479 4834 3428
14010 18692 6692 9521 6470 6565 10757 6315 6678 12893 6973 8726 15921 15189 7297 14787 2616 10355 6590 15778 13681 8626 1123 4896 517 15855
7093 13111 18469 15704 18226 6732 11625 15392 9202 14096 3374 14568 19582 14366 6738 5319 8887 6588 15804 11635 7951 4576 15160 15034 13163 6817
8870 14644 8254 18972 6499 12456 11185 7634 13116 1812 19466 5684 10662 19107 7305 14851 10110 3308 17104 721 8788 16221 10248 818 1438 1476
10117 3692 11293 18501 8789 10013 7763 1683 12004 8878 5849 10538 9158 17602 17265 2684 19040 13081 9019 7755 12566 15168 1802 153 10738 18875
6065 13203 12073 10879 294 6722 5703 4451 16719 8571 15487 16518 335 568 10281 19917 15123 17862 17616 15412 12845 10116 8060 16752 11478 13167
4824 14347 6963 14152 10548 17128 8302 5698 16535 3210 659 9632 4791 4775 4984 17220 9033 556 19409 1722 9737 13030 13277 18758 16359 417
9329 10458 662 8434 1690 3645 13454 11136 4614 19390 13971 17971 3728 3089 2007 15927 18415 11714 12018 8884 2526 15896 750 7674 14318 9975
760 16205 8994 18727 167 4828 3861 5034 10733 13894 1786 5797 1279 13250 16605 7343 17344 17439 501 10959 11535 5393 18626 8917 12790 16891
1080 17953 18887 10843 16867 6521 10856 19266 1885 7612 17192 6975 8272 2957 3410 7256 9979 9603 9300 5727 2117 17603 6923 11858 6757 19017
19382 2468 1248 13187 14895 9538 1312 17607 13608 11968 15919 16883 11441 7374 18320 16472 2319 2715 14399 10031 2733 13896 2779 9743 7571 1217
9044 489 12218 8979 15009 8632 11756 2250 12753 15236 5466 13876 11513 5590 2243 12040 764 15322 14030 14983 16136 13003 5457 7993 8744 1644
11780 16936 6926 6898 3123 303 10237 6394 6396 8035 944 14347 35 16877 7354 4066 13291 11371 5437 9003 9496 1970 7410 297 207 338
5204 5066 18857 8802 5076 13027 14548 12173 14234 11980 8137 19984 17111 15687 5055 16436 2493 4649 786 9779 6781 13767 1923 10701 18006 8913
9960 1451 3367 13949 8343 13584 8584 15382 165 1721 18440 16333 15895 18810 17668 5028 541 19428 7327 8764 8179 7493 10470 10899 6986 11024
9572 4509 3455 7042 19527 821 6980 17577 14466 10829 4340 10016 19113 2098 10167 15406 16093 12149 18894 13245 13631 8030 13142 3552 877 300
18997 10017 12660 9721 3413 4612 9439 8996 7372 19493 4750 8701 8375 15985 8436 4000 1979 3073 10437 15913 6775 17087 3144 7025 5102 5750
19322 230 1244 894 6773 14644 9765 8115 5356 4016 8478 19372 11323 10044 6324 5406 2492 1530 15912 18135 7734 5931 4537 8969 2589 18312
2659 11280 19875 11276 7134 17674 7226 16178 13083 15501 3375 17025 19388 3266 7154 13030 3574 4529 7427 18835 17862 14884 503 395 13345 13847
13387 6247 17732 7765 1189 3728 4264 1509 3054 17106 8628 18968 4220 15532 10936 8734 4082 5117 13460 10920 3500 6355 15246 7927 12300 17212
10221 8566 5057 13442 19675 6904 13909 11214 15080 16668 15956 5045 16677 8239 8482 10228 18414 9156 2722 11572 3797 2909 17432 14138 16766 9810
11101 9928 5556 16654 10680 15484 14992 6727 10192 18649 11474 16065 2403 4029 14773 1663 3913 13269 4482 6173 16674 13208 5434 9352 7088 11879
10813 8175 16109 11153 18186 4300 13329 18906 11788 1231 16833 8118 1199 90 2668 14680 1436 8924 3738 18119 5206 7146 18360 6997 3071 13212
8839 12323 5612 11803 13579 4607 15849 5194 8406 9942 790 12518 12193 18241 4282 6982 534 9617 10979 19991 14398 1535 6850 10646 15054 7625
4286 13782 12003 6109 3136 16283 17675 3818 2875 17684 3700 7457 12101 18760 18881 6028 11423 2514 8339 4773 13065 2777 3837 1793 13016 17913
14484 6968 12842 4822 6341 14730 5610 16320 19346 13336 15485 6804 5020 10693 13463 16550 186 18416 4657 4383 15567 8570 18016 1322 12654 5796
12843 10060 17401 18521 5313 18664 13399 1685 4981 8523 488 16345 8847 19277 17486 16655 1323 2478 2928 17285 11496 18900 14422 17315 12688 8853
6624 17391 15672 1909 7406 18407 12538 11524 15486 16116 3102 4753 18822 3062 12196 9003 15286 13570 7342 6230 7212 6739 135 17082 7290 7658
11334 14882 10827 14669 9708 19938 6985 2637 6449 17556 3753 6407 12956 5779 6831 4860 7754 8347 13006 16071 14511 7947 15171 10016 15867 16648
4255 155 17388 1763 9692 18459 17554 17685 19055 7313 1312 1523 14026 12408 17663 1290 575 5050 9178 4138 15830 11953 13604 12399 61 5304
19404 3035 16358 15782 9183 2795 11578 17273 15896 13379 10151 12914 18157 1348 18954 18042 8691 169 15611 9637 5610 8726 2979 214 2910 14813
4613 3507 14433 19585 5018 12797 13155 12998 9376 6690 11766 8568 6309 14885 5071 6482 13834 19457 4562 6827 19867 8455 3589 1233 6556 6191
3638 840 16656 2305 8165 17137 12800 14482 4879 2830 18709 6328 10501 16444 16532 9748 11931 7031 14226 18087 399 2397 589 7961 2733 6401
5662 2 17166 15184 18049 9263 5712 3277 17101 15982 6244 16633 4499 18587 10184 7251 14976 3160 17443 13137 12796 8893 3478 8499 16411 5534
3285 14735 12866 17658 18976 15236 4647 16480 13538 13172 9328 11236 15828 4960 12496 12354 8802 8523 16598 9394 1577 19852 15199 2471 13920 13499
13473 16418 11862 11196 1568 18509 7204 3642 12399 12899 10494 4344 15135 2347 10883 12114 1441 18341 14551 8224 4421 1051 13140 10486 18842 10982
8001 13981 14307 9388 1333 11994 18601 6610 4810 6285 2425 4015 803 8327 18903 2712 12789 3066 6792 13438 3763 15680 2248 12547 6220 6368
8742 16860 5434 7333 13064 6733 18455 11261 5311 13360 6208 9707 17535 12246 17755 6242 8581 1981 14607 11435 1003 17155 15763 5115 15054 15417
9561 8987 18767 8453 17531 12963 5087 8634 2680 18435 2722 11160 13936 11150 1649 14476 15603 3603 5482 9291 12657 10677 2745 686 5263 7679
10353 14535 8459 15891 8111 16379 2978 5119 18846 19474 13370 5230 3139 16338 8130 948 16406 19725 5368 929 15692 723 12205 2178 12302 9011
19067 1355 19627 16527 232 1784 10228 15250 19467 5825 1739 7498 12214 13280 6421 5078 19609 18894 5666 8388 18080 13755 1473 9899 7427 3032
14093 2824 33 120 18182 14833 8971 15617 14690 14047 4646 266 10944 17224 1025 7725 11070 2337 17583 19215 5008 9174 1733 13313 18428 14788
871 5266 3832 11948 18143 441 18244 12384 11093 12125 6319 11277 6925 16088 4805 9198 19378 1035 13808 7013 16346 16364 13152 16919 9577 16303
5684 1861 6193 18720 12378 12368 815 18030 6093 98 9769 1408 10943 8237 17288 9918 12496 17254 17229 13478 2804 12727 14464 14206 7089 170
18248 18216 514 9512 1330 7984 9832 4380 8358 19784 18858 11181 17313 17398 6644 3903 11002 9509 14146 15639 17314 7821 11829 14874 16747 12169
19350 13738 6427 15339 3218 16728 8355 831 7238 3605 9504 4584 9592 12445 14809 9857 4918 8107 3525 19284 12460 11379 7433 1090 1899 7971
6392 1908 7223 11883 73 3527 9089 4250 506 9055 616 2452 7239 11029 19123 6703 13409 2913 9209 10408 8154 5159 18208 3603 3815 17741
7464 10519 6515 5655 10664 11527 17299 15476 6090 6221 12378 6495 2361 16567 14036 18373 9932 14846 11965 155 4419 7936 1680 1270 19750 2173
5009 9380 7279 17905 16012 6955 16102 1713 9991 2157 8728 13267 16346 6726 17628 17565 15838 7250 7895 11677 17601 19256 12755 4972 5154 8668
8935 11625 15382 8042 8908 8651 4951 8758 8355 8116 6581 5054 719 7189 4783 9496 11703 16370 15967 5459 15493 15286 214 11478 16224 14893
4652 13577 5452 16545 11828 3498 9620 13052 2820 12258 11041 17595 5809 10416 270 8346 10155 5320 17247 14062 1528 16362 10413 3115 4775 10386
17065 14569 9120 3413 2271 15863 9856 19551 14294 9837 12042 3221 19812 7881 4735 14421 15247 390 9479 12925 1373 13359 445 18695 6178 19543
19638 13381 6341 8371 6441 8100 6856 7380 3254 1860 1615 15377 8363 14287 1927 2599 19440 14172 16475 425 609 12015 2844 6854 17695 16629
18244 13840 17531 10028 123 4858 9272 9929 777 15545 13125 19575 1252 1456 238 14435 5950 10705 613 17531 10287 6849 19685 11017 4649 3649
11807 14000 19450 2470 17519 14324 14182 18416 9679 11649 4067 513 18663 10601 15836 17443 11493 12257 10781 11914 3692 12957 17144 6166 2165 9831
17622 8009 7842 16864 16844 6310 18516 8168 8827 15258 10104 12220 10549 2536 1879 9359 6417 6542 11961 17418 19380 10241 10285 15772 13080 16587
12258 1622 10999 1753 14064 4580 663 16228 2191 15872 19856 3870 13741 12794 17714 10719 14906 12344 10459 1028 19045 4811 11464 13765 8383 10181
14480 16617 3655 15320 6396 16924 5087 6135 14133 12346 9719 15139 7775 7058 13185 12337 4781 18751 388 7050 19969 13933 10473 10495 10266 5760
5842 15050 12726 8739 10912 5062 8541 16407 4196 16330 3798 17113 6308 12580 587 11095 13799 5436 465 14354 8558 3536 1163 2893 9535 8581
19312 4034 5374 3972 16393 17929 14172 19080 7906 11842 11292 6186 18219 7969 12123 9404 5331 12527 9747 5227 6067 12595 8301 3803 5675 19978
19049 10094 385 8074 4790 4509 5523 16721 7129 9138 17844 13339 7221 16181 18569 9123 7401 19419 2456 9632 2719 11038 8309 4739 2195 19503
8432 13383 11315 2005 7588 11240 6726 5638 12467 10660 412 10161 9015 5239 13476 17453 9775 7523 3870 14423 8698 19201 5055 5622 5088 9584
14668 8981 4208 6054 4533 12670 19604 12450 9613 2025 5357 6936 8450 3142 10800 9367 12058 16460 5637 10597 17185 6414 6203 7588 1356 4892
11861 9941 10327 14862 3505 3704 9964 10912 1240 8315 12488 8070 6086 7258 3364 12134 3444 14773 18370 18663 6745 12826 11843 7531 15775 19231
14185 10624 13604 959 2018 5375 5322 6121 7625 8756 4980 5411 18471 12071 7105 5856 10947 2543 9696 329 14730 10063 17533 19026 13277 1438
8120 17404 9652 16401 9587 18838 11636 7410 3629 4134 10315 8796 2954 691 18105 1305 19350 19351 3788 10346 2331 19356 16690 1304 16504 9120
9497 13534 5552 17329 15081 16287 7145 13621 4262 8115 14393 1660 2354 18150 17582 15903 12091 2707 16315 10089 13750 8532 8398 14830 9101 18798
3139 11040 7589 11561 13682 18185 18828 10442 3534 5492 13021 4538 367 16367 19762 15349 4258 7951 7146 4912 3741 7865 9632 7894 17861 19547
6491 17916 18372 1343 5468 9469 10688 13849 4994 18076 7210 6747 7437 14297 5675 15538 15681 17647 10921 6921 7046 19039 9153 4011 11987 15272
19002 13416 18640 411 7909 19956 5270 14950 15265 13584 16861 8916 10102 12930 3161 8987 1815 16427 13613 14867 12213 6975 711 12742 3991 14227
8536 1429 8986 727 4443 15397 5319 17578 6185 14554 16816 8963 4216 7642 623 9785 10728 15037 15930 17 12346 6921 19908 7715 13077 12066
1145 8092 67 8586 8425 9198 1934 3528 9184 4902 8353 11700 15527 15180 2614 12124 14476 639 19711 4524 5280 13133 6252 5889 5367 17825
10410 12772 4835 13195 13272 421 15451 8014 12707 1441 6994 16475 4906 11554 133 15896 18220 8740 8947 3231 9902 6829 15040 18084 15317 2705
16835 3708 4372 5049 4609 15040 3247 8946 16569 6751 5435 9754 7064 19926 11325 4024 17531 17962 1158 4659 8990 5444 10274 3725 13076 2602
7584 1977 8249 13255 10511 19943 14532 19104 8268 16019 3950 5809 2952 5618 125 791 16370 15154 5533 16717 3005 8943 4198 15839 12661 4618
17993 8668 3066 10966 9665 15820 6497 12189 12994 5243 13427 2528 6156 8069 9866 7917 6605 3288 3554 5252 7071 5417 16417 13071 6459 16354
14012 4746 15123 4682 13088 5353 294 5665 8600 16228 2824 4349 11209 9696 19899 4714 15516 8057 5450 17865 4946 73 17527 11546 1233 16082
18626 13910 8888 11627 10489 2204 17944 9515 5026 11980 5517 17013 5580 19746 14615 6542 9758 7467 2326 10240 17116 19022 1535 8031 13465 6838
4230 7248 3539 9220 11795 5532 10444 12278 10812 7669 4010 15932 796 7281 15612 17757 1190 18940 10884 3183 9033 7957 10419 14862 18407 3004
16656 14279 6288 19867 1551 17168 5118 16185 1614 12047 14450 15230 2109 14229 417 18525 1481 615 19094 6686 10210 7394 16499 14359 962 146
12499 12386 15544 6648 18603 11132 4527 19400 7277 10592 19846 1704 2045 19472 5424 3176 12423 10559 17764 750 14677 16236 582 8248 1360 18662
10397 7915 7665 6152 7252 1906 472 16587 11240 13654 5582 5834 11349 15923 4247 17891 17572 18604 16480 5550 19404 8953 9333 18729 6285 10377
15403 15508 6160 4175 1111 2423 3240 9067 11478 16697 7545 18274 12871 4361 2343 14467 7510 1996 4801 2504 17041 9847 14067 10993 9972 18431
10208 3833 16781 15763 3278 12361 17516 15165 12717 3192 19020 3636 10937 3303 1697 3200 10314 12715 12448 13695 16784 2128 10702 7756 5984 16190
5671 13774 11920 3911 9973 12182 1171 6847 8207 13236 5415 2318 6512 3471 2684 9338 14570 849 15319 18314 15041 8547 3661 1641 10412 1580
3838 9617 8625 16839 2332 14305 4146 428 16810 3641 16373 17756 15682 13347 11861 11730 9335 13200 812 57 8807 14877 13743 17173 13282 17140
7549 2230 10567 7285 9751 6336 4204 6869 8861 4505 10287 17415 10497 16720 11700 5469 18286 4484 245 7643 77 3402 15620 5575 12861 214
190 3117 19974 15817 16127 4309 11644 11678 13420 14577 14202 17212 15288 5179 15566 15934 15572 16482 6422 15314 13264 2240 15188 15648 19418 18458
17831 7025 7371 14425 6951 11535 2110 16159 3378 13057 4543 12453 5592 2430 3755 2870 8011 9506 14289 7478 9339 8297 2510 1984 9290 9956
3946 15338 13693 18217 14757 7592 1768 18852 19513 13083 2399 2773 15960 18106 632 4522 8362 6480 622 10218 18986 4103 239 19112 18737 379
5926 9442 15654 7857 13178 11533 5155 5735 4991 4111 16069 14416 14416 2468 13765 8511 15757 2942 11127 651 1113 16973 7140 6040 3610 10669
7717 3243 472 13420 4411 10091 12054 1049 18229 14559 2820 19093 12525 12816 17364 4923 9529 11743 18132 6836 9082 5761 307 3405 2377 16396
6622 1108 881 1149 4239 9546 3291 3013 15673 15190 6721 2267 13212 13141 8752 17213 7675 8979 19052 4669 17680 1815 18786 8764 17214 18374
1175 3142 15668 10040 3963 11288 19728 18206 11994 13991 14298 13353 7783 15885 14356 3250 15165 16356 14034 7496 8436 19094 9194 897 19416 3415
12732 11293 3274 19211 2118 10327 2602 5862 2203 8661 12018 18145 10484 11945 7737 4834 11094 16779 14317 11032 4141 7517 4905 9017 1820 11031
14667 18782 14980 10203 6743 6585 9425 7881 1014 14372 19335 18158 11614 19499 18387 2872 14136 3692 9205 947 11552 3108 3636 4114 18877 6886
15947 193 5467 16390 10506 1699 15725 2398 10607 9011 12439 9618 31 14991 16257 17093 19607 5437 3759 15341 15383 13791 16891 5181 19273 7137
3744 2424 14211 15881 8380 8106 19105 17516 15589 1596 7134 19518 13267 14898 9494 4098 4451 12997 13649 6179 12141 14162 19981 10321 10653 12808
15242 2690 10588 9434 1864 1139 16920 7502 15168 12477 19285 18040 3768 14993 3882 2537 18387 2465 8339 11346 14390 547 16047 12201 12512 11040
17765 13975 18634 3043 527 3510 8653 18581 17197 12911 10958 17098 14015 19526 7472 15555 13227 9951 18069 9431 9121 15387 201 16135 19627 9126
17939 1531 19074 2582 2270 15885 18244 6478 16682 17419 9499 5653 9546 11711 2644 1225 7467 5255 16300 13928 19430 2291 19152 8824 149 11703
1970 15913 65 10352 1124 10962 3638 7178 11162 11333 19340 16397 6947 7521 6139 1449 6989 13337 5071 4548 2235 15405 14873 987 13741 18150
2889 2346 6645 5098 5520 19949 10521 18035 1172 1260 14243 16906 3816 18050 13706 10408 10660 4575 15595 6519 13149 17789 8053 17763 7853 3062
10744 2638 19331 2573 19952 17720 14091 18311 10643 17300 5859 1112 14817 7702 12476 15681 16748 6711 2684 2114 6141 15577 17726 17007 9064 1720
11006 11927 2616 3203 9080 3227 2503 19719 5725 16825 19160 4118 19862 14680 7503 3049 12297 17516 3929 9325 19111 19277 13902 7955 5062 7673
14098 12515 6021 2564 2605 17363 19593 13891 9563 14350 15463 11008 13835 7135 8737 795 64 3210 5800 6842 15241 19933 17880 7619 19394 16346
16647 7718 5084 12460 18701 2071 2722 15403 11558 12272 18193 2793 13349 3448 16189 10535 1172 2915 8005 6830 17856 19870 6296 11705 4530 5237
1637 4153 2426 18935 67 18998 16464 14075 11453 9522 14096 3778 14205 16023 8327 7056 18935 11054 7499 677 13459 5218 17853 18248 12704 5299
4079 15641 3907 8717 15051 8256 7932 17380 15309 6206 13157 13887 10181 15618 12949 12886 14981 6586 13972 3812 12092 2747 16689 6046 18067 9308
15599 4516 8251 11322 9248 2416 13071 18159 644 14336 19377 14218 8745 11962 13676 1537 9261 4956 10166 4657 4186 13173 17193 9508 13060 14477
18520 12643 13101 8827 18002 13948 6098 18341 214 9497 15220 13697 16812 10873 13032 16321 17935 15128 7314 2687 2730 16319 1867 8368 11195 17960
9197 2718 2060 15905 14690 5837 9271 9033 13995 15699 3902 15509 8705 14244 16654 3506 18953 18828 7466 14204 16127 8313 12120 11056 3653 17118
3669 6739 13115 3484 19648 9386 6197 10449 6162 5193 17621 8445 1772 10702 10517 116 7063 243 2151 13864 10377 7760 16269 19633 46 10567
3425 18798 5002 11372 16951 4491 3310 696 5696 1538 15452 15752 10670 11724 4051 15576 1056 16659 4481 16795 8471 11758 17706 12157 2354 6070
12891 1000 6559 11134 2146 7313 16769 12213 7397 392 4439 9654 5227 11277 19519 291 10844 7807 3781 16140 5717 100 18446 8286 16347 7880
6275 16126 7861 6340 3946 8656 5435 5748 18640 3736 4356 17491 2546 10612 15521 2599 4938 4819 9254 10371 4790 690 12602 18271 9908 4713
16532 8419 15202 1310 18098 11330 6095 19877 3407 14046 13120 9422 9171 11484 9139 8575 3653 2203 7217 17495 8095 17847 14897 5745 6152 7461
5363 18373 11700 14513 14433 5010 7153 7934 10835 17628 8754 5554 3170 14865 16060 6653 13137 9178 7690 11805 7022 4574 11926 11294 18469 1369
3737 14620 942 12815 19882 19578 11268 9726 19599 15355 1118 14385 11504 5302 3807 18258 8179 15077 11204 6717 7273 10917 13918 9888 4285 12189
16395 17639 2874 18317 14473 17320 5135 9984 13309 11866 8503 9233 3028 17223 9085 5200 19613 18179 9192 19008 15540 15991 19868 8835 6122 11851
8135 6911 7298 7996 17640 9494 11684 4328 16501 11565 2420 6173 1210 18340 16466 7715 4998 8515 14780 4507 13876 2241 10640 18332 4444 14318
4471 16642 2078 17849 11600 11901 18782 4421 10775 4054 963 2116 9201 18313 12785 18767 17636 9692 17033 13892 10807 14821 2344 5832 612 7307
17205 9775 12814 17080 19275 16551 3328 10395 8987 3430 13910 18363 12110 16676 3617 15910 9510 7765 6119 411 17241 19538 7775 4938 4865 19905
11401 5685 8404 1183 14769 11609 15986 5884 8124 19230 17589 7035 5232 777 6400 16771 3069 17634 19550 11843 2587 11475 18839 8862 4329 17691
11333 10661 11907 11970 2717 4379 19475 10181 7474 14021 12135 8418 1907 3166 9513 2271 9484 15841 13633 15331 18758 1938 10666 10696 15552 17326
16194 1810 18894 17546 10897 590 13329 11306 7572 16941 15610 1580 14315 4691 7062 11823 15361 857 2347 7319 15264 5815 3479 2609 5060 16141
10132 15673 3275 18766 18795 15820 2130 18249 11215 17315 14072 4772 9532 413 14130 16222 2235 1930 13766 2508 458 13177 13100 7602 13310 14874
15563 8672 5653 16977 678 9555 11045 15574 7436 13642 13491 5607 2524 18138 4165 19970 13642 2562 13880 11928 18387 13499 5055 9347 7297 1007
6774 2027 12913 18905 16327 18352 15718 13169 6421 4323 18614 3370 4058 19198 8908 19379 2941 9883 1086 14566 2600 4329 16636 8648 11637 13809
15035 14117 12136 16600 6704 9588 12295 15853 17180 5152 18008 799 13069 5787 18760 2102 11561 5412 936 9239 9754 10042 2681 9417 6245 1738
17123 11837 18494 17158 1066 12188 757 17466 9123 1099 1630 11671 5792 2167 2215 4991 880 17225 14530 6157 13731 16581 19300 369 3209 15539
19667 8272 15682 8305 3522 8132 15266 9217 14211 2210 2096 5867 1033 17888 4678 3420 13747 8176 3508 1414 4155 15572 6546 5029 14172 7058
9189 8522 11204 1743 10096 15688 8419 4443 18571 709 8497 14934 4828 18475 18047 17301 19279 6360 10172 7285 14318 12502 11436 5416 3577 18609
19336 3842 10441 4369 4605 10813 6354 15553 8102 18742 13323 7412 6785 2073 1018 15037 19491 14273 5325 13569 18190 3448 18549 19663 13535 17591
1472 11078 16339 5839 3101 3139 3279 12761 8492 8150 14143 9638 16059 11271 11959 15478 18081 9876 11074 1006 12401 14633 17168 12096 3220 16923
7067 4463 5032 16133 1610 11216 3599 7310 10566 13992 6541 8696 19498 5823 6797 231 8850 5009 6825 8139 14568 11583 6333 6560 5567 6417
11069 10624 16399 7524 10435 1020 1823 9124 10384 4075 4750 2927 17006 5181 10685 9091 16714 5495 17821 14455 13905 17268 2776 12307 1921 3200
1158 1818 11300 6133 19814 3933 10687 12270 9779 10615 15472 192 10643 16578 15001 12018 2888 5546 18778 12073 5635 19540 4838 5697 19255 12240
17714 8894 3835 17974 5928 7565 15219 13751 9630 18710 3796 13987 11635 17744 15324 13557 9015 8291 4830 11348 11717 18724 11484 19027 13952 16615
2881 12939 16769 7501 2850 313 11957 7659 19402 17821 18044 7770 8517 9045 19002 14538 16569 5797 16652 16871 963 6762 728 1796 1761 6003
9725 9679 15847 5489 4518 14587 1664 10244 16797 3257 17406 11575 714 16959 9704 8274 14497 9546 8548 19890 3270 12698 15416 7879 4366 14494
2919 17540 14341 2885 18084 17041 17567 15429 17664 1970 10344 5010 8351 13002 7526 17796 802 1828 8205 6803 6222 645 11126 3526 6835 3352
16017 11136 5687 16033 14559 6924 18055 2578 13318 3890 3466 797 17626 19452 16721 6116 5880 19038 10773 5579 6090 6284 8184 2744 3168 4820
14149 18303 6909 16185 14936 14528 17035 18069 1006 18090 18980 2491 5540 5679 8123 11853 14449 13828 19773 1059 7232 6234 3645 8439 4460 13498
3605 8151 108 4600 5309 16744 8317 1414 6456 19727 11569 13666 5413 17200 3984 8685 9756 13810 2757 15654 14347 6931 4830 321 2359 16101
741 17132 11513 2310 10811 8620 10164 13687 8676 987 4512 12796 10503 18490 5624 15687 16738 17728 7002 5071 16999 11837 5036 10546 11378 9249
8980 17348 14693 18696 1663 15723 15438 12478 15619 16286 14798 2337 17341 12806 19116 15221 5704 2198 9398 9317 2254 19992 12865 19672 2051 13451
10804 18767 2373 15864 4051 12006 16606 6894 10368 14369 8434 4423 6886 2924 1641 149 8174 11627 444 2755 3192 8816 13704 512 19235 5955
1052 12270 14580 6544 12587 4260 5902 15430 16264 18046 1815 14964 15403 18861 578 730 6573 9168 3017 11493 9095 15936 9572 3382 11073 2010
3998 3213 6710 5819 759 8691 4291 12255 15645 14775 5773 10486 1265 12561 16401 594 8963 10597 14392 8653 17081 12686 16659 4753 12437 18452
16897 18216 9808 18192 10022 13596 11078 18638 17423 4572 8225 6720 8239 6263 7067 6699 13485 4918 4635 14327 10804 2233 7650 17319 13312 13302
2180 1979 18081 5847 8470 7333 10427 19758 11645 5908 10373 10809 5124 16485 10491 1940 7358 6512 13731 14201 8514 13066 4701 7743 14488 8065
1438 12439 16033 2526 17700 7203 19289 7915 133 15908 2958 8613 10620 17961 10136 19730 16120 11090 13774 4529 14105 8585 13292 1361 16324 9126
505 13657 18143 7956 19894 1045 17581 12138 18152 19223 8303 8180 16667 17481 12846 7378 16092 3952 17303 15401 10250 8917 277 19267 6583 17679
16031 2724 6307 10153 15486 13908 17496 673 10583 1201 18874 16343 16392 687 3100 15457 10554 10146 142 1984 13206 1196 6252 12790 11670 13968
17119 9854 18273 9201 10425 3152 17622 15711 2425 152 11852 14224 7670 4579 15640 11656 14554 6210 1819 7613 6058 18332 9596 17053 10739 13130
4031 1359 15737 12068 13773 7656 8324 19658 4053 13253 4499 4345 7922 1643 8563 2214 17670 2863 19139 10664 14271 16949 5857 13657 11836 8281
6077 12246 4512 11231 10463 16451 9109 13801 7038 1306 13118 5816 14293 5033 5316 734 11645 11534 15931 2842 18301 8119 828 10224 11973 7829
7197 897 17591 10274 11728 14995 1300 5876 17072 15441 17166 17584 13398 4945 5431 8503 19683 6503 458 3294 5630 18615 5067 1705 14624 3556
16576 479 5108 2775 16068 10955 5427 18790 3804 14290 16436 5695 19871 989 9210 4227 15394 9757 2145 10917 15336 8780 1166 2703 13992 13586
7809 4087 16317 1212 17039 17111 14059 1078 1203 3654 15421 17054 8802 7672 1008 10081 14096 3174 15100 15301 10778 4293 7299 5564 14774 19318
4733 19496 1922 605 11789 2493 15030 7965 10431 15488 5421 11796 4543 14295 6633 19255 14309 3708 12312 281 18983 17830 18811 11774 9087 9828
5126 3802 5711 19578 1756 12905 923 906 13601 18577 1535 5958 1667 8595 12743 18 15960 1464 4584 7565 10527 2497 11785 6870 11355 13399
7316 12633 17740 8377 7238 5867 10411 5613 14965 13117 16777 3894 8690 2964 13825 19116 7139 473 14170 14820 4831 2256 11352 2566 4347 3581
17904 18340 11519 1551 3720 3607 11761 18920 673 9126 7524 17750 10368 6440 4145 3436 4138 525 18979 9654 8497 14510 9827 1451 7423 14138
6090 2246 841 1601 462 8166 567 8099 11783 17904 15658 16962 15449 4970 17376 18033 16180 578 4314 7840 12654 8431 5307 18241 336 1073
17254 2855 4893 2656 13750 4562 16237 12527 2491 320 2931 14105 4531 12771 13114 17078 15608 2280 16039 13306 5929 1007 1799 1644 3552 9985
17183 9213 7372 19468 15053 284 19982 3550 18079 15021 2303 8468 17904 17809 9613 11613 891 18956 18979 3975 18420 10427 5193 4644 6439 5321
10131 10757 5821 6326 19571 1914 14334 6427 673 18283 6778 862 5489 19377 13403 8032 11019 4975 265 5439 4145 12970 17442 7481 15774 17789
472 18749 9010 14531 16366 3799 16500 14915 7735 8874 2455 19703 3615 6300 4890 3978 7408 16479 14666 13191 14580 389 13622 16987 15125 6967
7597 18518 7824 17750 18111 19223 15839 15058 8139 871 6303 18964 7474 17375 7888 5428 5910 14845 16956 7565 18301 5886 19405 11731 12285 14997
15433 3223 12766 17076 5767 5594 14589 17620 11976 14084 6924 1721 1904 8729 7865 15738 13167 12220 19090 17805 13411 16624 16581 14414 9605 7379
19286 3164 132 6256 9464 8180 13069 3049 9455 11010 3393 12912 5774 19369 5753 15742 10798 12021 2731 7225 11349 17217 78 13044 10709 8804
7942 12821 18167 9927 4655 14457 7129 14228 2436 14912 17047 17416 15587 1222 12258 1607 5699 7851 1587 19851 5943 15754 3187 1055 3783 12187
4580 9801 19620 5609 14896 5268 7950 13338 8128 16369 13958 1976 18524 18110 8308 7943 18313 4181 12766 3125 4584 8833 1410 6243 8709 11626
16853 14485 10945 9345 15597 9721 13619 15154 1770 7590 6460 1533 17682 16092 19731 11095 6190 13382 7498 13524 13402 13819 12952 16213 8563 16011
12707 15274 5652 1295 6642 12326 12676 1092 3388 13727 4250 394 6488 14318 653 15407 6651 9269 249 4903 18413 11236 12397 5401 10723 7229
17403 17807 15943 2285 14144 5325 9828 9005 12947 10575 19861 13734 8893 2986 4442 17906 1939 1505 15267 10560 11733 10215 7619 14240 9081 14917
9356 10568 15357 16884 3825 17467 7510 10576 13097 795 4658 1951 6410 361 7255 18768 6093 7799 19444 19294 4851 16898 4501 18604 17002 12454
17515 909 10997 15961 17678 13422 18488 2854 15 218 2274 6606 17024 15174 6093 13612 14946 18610 5271 383 19347 18939 17882 2796 3980 19037
6394 4529 684 13346 3096 4919 1947 6784 12767 15657 7039 19546 8682 16658 918 18130 2571 3484 15777 545 9998 13632 9923 15074 13408 8511
3392 11439 10376 18888 14507 2295 14915 8387 4227 8591 1909 9755 13043 4641 7188 15986 18361 12789 9671 3303 15233 14213 4007 1223 9784 8507
6140 19529 2091 10826 9559 4921 13957 11539 2126 3931 9106 8690 3633 8718 6272 8062 15578 18546 5381 17848 14037 8717 5223 18586 8576 5156
2461 9064 7339 4013 8848 14115 13351 2356 9877 18022 17347 16120 5789 19513 12344 8643 10664 12361 12907 807 3517 5957 5460 7121 12165 6948
2986 15934 7173 15153 13772 15574 6894 16935 14720 11314 5872 4149 5038 17970 2377 879 3310 2279 19385 6074 14378 81 18369 15111 6975 1594
5299 15985 16090 1607 16888 581 11475 5580 10514 18382 2968 10198 14437 17385 360 5128 12434 6221 11878 18824 16180 9132 19637 15466 19113 19031
1783 18602 14171 16544 6302 6630 10030 304 19122 11437 3806 15313 9761 3295 13943 11422 4009 12574 6015 13951 18306 15679 10821 15717 4497 2052
3302 11853 2901 11002 149 13276 16600 3524 4863 923 15069 4140 8294 2515 4315 5661 9071 10962 17152 4271 9392 14116 4311 3542 7444 19016
8927 12252 11705 18663 13136 17860 14597 11967 8006 11806 3364 4298 8002 15901 9494 14421 15416 19793 16295 7360 5047 18772 15334 15225 10831 13146
13555 6395 18946 3980 8674 9880 13585 16242 6401 4491 9769 9179 7710 16543 4324 17147 8097 3219 14833 18018 18093 11015 18728 8934 8321 10781
8626 12446 2151 15683 19719 12971 13434 1687 16616 1544 2390 14278 14501 12619 17199 295 12926 15423 182 5135 18868 160 4695 3505 1775 17108
12435 15983 14593 16806 314 16866 11520 17318 11370 7106 14906 4254 10406 8149 11119 3402 19296 16414 798 993 11803 8376 9985 3761 3721 11884
19358 5401 11955 4467 2700 16174 5519 12151 14180 9612 16763 11544 13345 19141 14722 9096 159 6773 1484 717 6905 1276 17485 19825 16135 16382
19444 15909 223 19282 3848 2676 10750 19125 11692 13965 1625 4513 8379 3638 12766 6150 17799 4818 9879 13363 19618 10046 14455 839 4210 6665
12837 7 2112 12374 139 15296 5440 6919 3572 19246 9460 10196 11509 8732 15248 4396 4186 8523 16013 15696 3613 2465 11456 11249 2093 7870
7947 7008 8486 951 15765 15098 10559 6989 5697 1209 14677 4893 17238 10507 18842 291 13611 17948 16823 13082 13405 2668 6716 15399 974 570
6396 18483 9160 85 16866 4832 11080 7371 7613 13087 5237 15842 19942 4736 8958 13828 6476 2534 17462 3238 16884 11549 15973 8512 3193 9674
14056 7487 6054 2806 3513 10819 2276 8518 9434 9801 9526 14006 17969 5802 1084 15216 18635 11826 5707 18808 1941 2971 17258 4927 10267 472
9716 12043 3527 6914 6369 3221 14898 6070 6318 7113 15367 15106 5825 12997 12532 19165 629 15015 12362 5281 14290 19176 9170 9649 18909 5529
3307 16944 10617 14305 17315 3754 14999 3461 2416 4937 1907 10421 2521 16659 6638 10685 15123 11498 5977 15292 16729 18052 12897 12805 18523 18976
1060 4408 19183 11684 9026 14302 9962 1437 3393 17652 2373 7124 298 424 412 16764 17292 14306 16383 16094 8910 17256 12916 13590 11031 12981
14756 11924 2405 11597 14043 15653 12875 4938 17991 8425 17442 3349 16220 14970 13005 15507 7573 15938 994 11343 5999 8141 9839 15722 1118 17035
206 4844 5311 1166 12126 7345 17249 3531 1100 12167 10222 8112 16424 10630 8683 12731 9155 7639 17313 16783 9302 10007 1359 10738 19940 19334
10404 18762 3121 1289 1813 9648 12977 7758 4014 4818 11264 8106 11660 8617 16950 16068 14142 472 198 10242 3027 7247 10066 16735 9318 12935
4516 6095 17681 4195 11057 10615 9873 1802 8037 19035 1005 11534 10243 2958 784 7008 10193 10748 7086 9075 1147 6094 9180 13148 17767 16435
13765 3458 4458 7126 12452 8191 9401 17012 14739 15737 9887 1097 3789 8689 6228 14645 14391 17194 18032 894 11858 11620 5212 18509 7700 3721
19126 7959 15835 11604 12988 15468 8675 17003 7171 2837 3018 8840 13780 9120 12806 3994 9634 11428 2502 14759 19107 4771 16434 7753 15203 2954
6564 11183 15222 16843 12592 3402 5138 5591 4691 15680 11630 16187 16830 18195 2222 6253 17441 7697 19773 19682 5328 10915 3539 1144 3597 19716
4040 9217 5696 12893 6165 17159 8881 8577 6856 6558 18527 14781 7686 10932 2848 15662 4493 9024 19037 14157 19969 18131 12955 6671 7059 983
19878 14097 9923 3793 5421 5700 6102 19740 12608 910 14344 3948 17795 7433 6974 9197 15410 7109 8240 19653 7411 9648 11994 4105 349 12371
10304 1734 5443 19300 18333 10411 7666 10398 11344 19916 10843 14822 7232 19418 13900 19592 16403 10538 6285 9284 12848 14939 19849 14018 10785 2018
12876 15114 1629 7858 13470 5768 554 12997 6112 14861 15524 5983 5727 12860 8985 13847 18645 16399 4945 5957 19817 13027 6538 7285 1952 8878
17695 3084 9211 7646 2981 7423 15744 4885 1973 10720 15702 19336 15462 19425 10254 9116 12730 3883 9756 1740 12451 1460 3373 9010 1517 7254
10449 14472 18245 15642 5153 11219 5510 2192 7276 14811 18294 16269 15890 16374 9049 15839 930 4351 14889 19761 5218 19708 701 47 85 1285
6850 17041 14151 13864 19791 15360 6362 3505 16826 7924 9663 17466 568 7047 18831 4216 15258 5887 19777 10644 14204 15533 1959 11920 16841 4561
7819 13985 12192 4242 10370 18734 15183 16004 19634 3997 6064 7463 1029 12801 5340 18587 13212 3905 3836 4638 14721 16985 6289 1757 19363 14312
7895 915 17069 10630 13687 6589 5647 5334 11643 8035 12869 2148 5645 16487 6424 14737 12765 2528 12427 5219 6118 2800 14996 2533 17585 17020
5411 19031 12629 9841 4482 16497 18130 1851 363 911 10590 13492 4664 5204 3133 11643 15260 12376 2912 223 11145 5073 17710 5735 16198 6719
9246 13493 931 2654 8367 9525 13516 5300 15050 13999 1989 2394 18811 12711 10524 11599 7039 8726 3141 7091 8943 197 12829 14683 17833 16911
3768 18006 13124 15921 666 6609 5541 12267 18916 6073 1068 17391 2404 38 8065 16096 7105 955 15043 16697 1255 9729 8496 9227 3230 17519
3740 9044 19865 1393 14177 16851 4639 2061 14678 1533 9213 17805 9635 12715 9864 11013 12389 16103 1937 4611 6039 3837 11659 927 15864 14062
4261 15238 12611 10041 14384 10388 1988 512 11209 687 6021 2779 8264 10189 6968 16819 13842 19707 11907 9981 4887 12353 2576 9274 17794 19903
9406 12597 1552 3028 14480 15833 14579 11358 17510 6024 3942 11543 14201 19997 5036 10796 2244 8810 1723 11863 12169 11347 1864 14696 12974 9997
5697 7351 16151 7 15272 11811 10266 12112 14551 19475 4122 17479 12847 6322 13126 16039 19224 6004 3033 14971 18132 2818 6906 18934 9584 12177
5175 1396 2691 5586 7047 5471 1489 19131 16365 174 15553 8786 7292 11188 11316 19610 3468 17698 9174 2425 14876 10560 7679 16923 417 17931
2748 7961 14997 17676 7951 527 6390 7520 10470 18003 4740 11239 13872 5780 19870 19863 6859 16481 9185 4738 1725 19727 14140 5294 165 14671
4806 17727 16076 10195 1166 15982 15855 4118 18803 10142 2458 10747 17351 12945 8841 5379 1095 13552 12504 287 17631 5671 10068 16252 6512 5011
15156 10094 1399 16547 560 5102 405 9417 9279 17908 19532 3453 7257 19967 14268 14596 13923 14036 9019 11121 4554 17117 19697 12684 16799 7352
15360 374 3983 511 2486 13793 11580 11815 9088 16487 6215 17726 3808 5429 7678 3 15266 12867 18412 17821 2785 370 14066 11377 5973 3795
16680 14552 2647 11733 17072 7971 12855 10344 16660 4675 821 1909 3079 3009 17298 418 11400 4189 7336 12327 15830 628 4592 9648 9276 18556
18641 11142 2162 4588 10694 17650 17181 16721 18633 15929 14536 13159 662 6303 8564 11977 14179 1799 19420 11038 9652 5400 2287 11386 6571 3273
17222 16081 11603 19853 17535 8918 10063 7006 9306 7848 7102 3982 1511 1512 3838 9739 332 5144 13157 952 4596 17880 19239 19376 11809 14054
14439 18168 13717 3585 329 4007 13726 15969 3676 12116 3335 5486 19743 7388 280 384 8734 3391 17586 1258 9034 19439 10030 8055 19598 13929
9298 7851 13603 8814 7824 3200 11344 15989 3294 4120 10806 16004 722 13009 5069 18724 17591 12854 18642 19837 17867 14070 9875 1267 9355 17209
10518 19043 6596 15037 11262 3359 5458 18833 11916 14902 14779 14510 11847 14112 17333 15816 7495 3617 4210 19271 5096 18084 13644 12628 7192 19120
17670 18751 10999 7260 9390 9308 9414 5670 14916 4209 2444 4497 6383 10602 3977 2146 14604 12203 15736 718 15856 6353 17188 5508 13828 16832
13308 1438 7725 15235 14927 14408 10962 10340 8317 5435 11896 18211 7101 13127 8050 11049 2280 15188 14649 6685 18481 10129 15968 3556 5217 4328
5982 12661 8432 207 4608 348 7130 8085 5506 5065 3018 17286 13566 12425 4105 10574 10401 14311 18100 13037 1386 12590 17958 12811 7026 349
19806 4528 19191 15071 17416 1410 8929 7714 9188 2128 12384 13231 10545 18950 4711 11654 3337 317 772 6151 4055 3842 1357 19503 1704 13212
17191 17942 3217 3553 14321 8024 16061 1052 5426 2594 13247 15046 5120 9256 3912 9694 10645 17869 12700 16812 17515 3610 1339 8100 11474 15958
12598 16934 12023 2575 16943 19565 6639 16456 3990 15033 2518 8882 19318 15329 12142 8168 3143 18526 19634 9495 545 10443 10641 5016 8882 5736
19348 8947 17837 2311 1876 9371 8905 7257 19326 9167 15427 4546 9068 19458 3608 16899 2872 5329 16110 6739 1894 9713 6430 4021 10724 17128
17910 7575 12441 16650 4661 10417 12007 14006 9474 10081 16346 3668 130 19262 19498 11419 10849 7630 17651 18252 18221 12171 13621 194 11632 18599
7211 12841 2469 8643 5959 16001 107 9868 13318 7355 19920 10219 4951 7196 10692 1903 725 15500 7990 15266 12514 14305 14067 2403 16070 18546
15673 12628 5070 5836 15168 1723 7607 10898 13879 17700 804 8480 13593 3235 1596 4033 16323 1373 5726 15081 18347 17169 15767 8262 7938 3526
