365
1 12 95 65 22 79 67 39 29 66 50 26 81 44 56 54 38 31 21 91 76 9 18 91 87 27
5762 15789 15741 3242 11402 7309 11619 129 5120 9099 17372 4941 4170 2724 6168 3306 13308 11522 9724 17903 7421 11911 5269 2808 16951 8975
716 861 7515 7178 10178 4545 7689 16377 15808 9008 12231 18141 8576 1667 2169 18688 10642 17926 10724 15462 12550 924 17138 15017 11579 10403
15024 7148 2313 19972 4240 14492 9281 264 3242 12448 4528 19031 14805 3906 16396 463 16540 1818 12918 1432 2038 3562 16323 8539 5257 15664
12135 5959 11917 17606 1642 5767 18271 3461 18786 2216 10610 19601 16597 15399 16885 17526 12810 7719 18659 13592 13971 2597 8436 8785 15856 11744
1058 2996 12393 10801 14399 19746 11946 2697 6308 17075 14873 10035 3984 5835 11942 18174 7371 10838 6727 18262 13608 11322 2797 3158 4110 6866
16636 16103 6744 7551 7185 11734 7237 7913 12217 14477 8857 18737 7211 1604 12320 2947 9090 10259 7070 3486 16307 14492 334 14379 11250 14233
15157 17648 17887 19904 724 14783 8048 5856 9326 18866 3488 13363 19825 48 12724 4984 4568 6632 19546 16817 4523 15532 10769 8609 19721 4403
8968 17460 7748 15449 6696 17597 19729 10908 1265 5201 14684 7294 11358 501 14869 2327 17659 10445 11674 1358 3505 7786 14496 9703 3395 14786
12188 3847 16887 11504 16718 3187 4553 2189 18579 6224 7869 17961 18793 3994 19313 8822 17274 19741 17344 8572 16031 7416 15509 9055 11769 11380
2511 19887 13270 1338 10579 9029 13759 15844 18612 16627 12477 4560 10607 17528 1703 2655 2412 10442 16774 18094 18221 9864 19022 1347 15303 14847
9705 6108 1199 16232 15663 18384 3805 14436 17855 15517 1960 10593 15491 14319 16390 16759 790 594 354 16365 2963 1602 15447 14073 10604 15662
17364 11850 11881 10153 16353 9591 5957 19770 393 14141 1090 376 19692 13157 3130 6561 14481 2251 12916 19564 12596 1203 18562 5799 14537 5093
14018 2226 6353 11668 11572 206 6358 4003 12566 9680 16873 16376 9934 1951 6088 11975 18715 16339 16465 4275 14229 15760 5833 7116 11238 18840
17034 15106 16475 13565 6966 8314 17287 18493 8090 17135 9029 18728 9158 1179 11220 14895 11549 15736 2932 4540 6696 19218 14088 8219 11543 3586
15299 18203 1774 8231 6753 8505 3182 750 19484 16849 15967 12824 5875 11284 8484 15807 15635 2652 16521 15892 8968 13648 12568 2266 8118 5394
2867 4642 295 12116 11465 9421 18877 12804 7610 4806 11263 10244 7496 9044 14367 16107 6088 11337 14502 5761 15534 168 6953 10858 14856 15608
4887 18221 4687 43 14333 10158 18618 18687 3421 270 19295 6049 15936 11032 10545 3461 12129 12356 7142 1261 13854 7315 856 6520 474 5224
4480 15754 14648 9824 6425 7051 2039 9213 18781 10448 14293 13412 6073 307 19621 19530 19584 2562 457 12117 14162 11394 10466 9501 4689 5083
12480 12804 5094 18508 13733 17251 3496 15367 2944 14028 2374 16559 9395 14299 9569 980 19292 18262 10232 3929 6115 1576 11805 4657 6778 832
12648 7308 1852 17762 4322 2553 17824 17766 19979 2193 6797 5166 6620 14693 12744 11518 4112 905 18508 3059 10276 7366 4039 8250 6674 5300
19189 6086 7665 1017 1678 4413 4399 1199 9612 6370 15045 17921 12804 15036 7684 18481 11093 19976 12245 782 10675 8580 89 18039 794 17182
2249 3741 19255 18894 4633 2271 18974 14151 11443 19741 13784 12316 1801 713 5835 4115 19801 2913 382 18660 8450 6628 5875 11121 19259 10515
5891 14625 1807 13219 4952 18620 3640 14076 9752 6282 10883 19271 19992 13256 17102 4261 8670 13189 9942 16701 19076 1157 2185 18107 6381 1473
4911 2121 17418 12995 15307 3958 5125 4209 9084 19348 6144 12171 1631 2256 12650 13102 11753 19878 14999 7117 7830 1968 5953 832 4841 10357
19284 776 7237 3257 11056 16609 1582 13862 6417 13054 18206 3761 5572 15332 4404 5250 7532 4951 16924 16017 13919 16713 4548 14801 14143 10085
15875 14355 19226 8216 2529 9218 17655 3134 17782 15393 15380 12218 10755 8976 9101 8807 7649 2549 16527 17717 11849 665 2018 7242 5142 12809
13500 3035 13236 13439 11975 8493 10545 1303 9306 5170 2243 14275 6652 13781 17065 7931 2071 13446 5903 4607 19830 15612 9039 244 2901 2946
8510 15715 5156 8787 14889 9347 19623 15360 13040 11717 3462 3353 16094 11598 14128 1693 15239 9430 6931 13689 17548 5423 10148 17677 2373 8446
12342 517 428 7423 13421 19517 13391 18401 18393 9985 5225 15877 12432 3965 15050 14341 15289 14485 3810 14631 17978 17293 6350 8119 3795 10511
18694 12452 13572 3205 1630 3691 1545 3492 10198 14930 17449 19162 296 12515 2175 6385 8872 6296 8245 1676 5085 129 17834 12007 15766 19381
1542 9743 4123 18163 1521 12148 2412 7411 6901 9801 10101 18576 4936 3014 12565 2625 15254 14307 16184 14524 2063 17706 15280 14110 10360 9932
7703 19858 9414 9822 16046 12836 7432 3003 9614 2200 2257 17610 2795 278 5551 15487 15324 3593 2957 6478 17216 2178 18867 10769 7566 13687
7661 6665 14341 16278 1315 11285 14111 2901 14360 19092 12021 15169 10705 12492 15326 10634 16520 1401 6821 8714 215 7389 2920 13318 14199 4307
5776 18659 6449 18035 8462 19907 7102 2293 3884 17580 7023 9862 10807 3041 6705 11537 1461 12617 12702 953 3931 19170 15224 8299 19505 10167
8505 16637 10381 18970 13255 17295 11976 11865 15450 3694 18534 12931 10812 5804 19937 4264 13967 154 432 5383 6274 8681 16641 13360 18480 16496
1359 5138 13988 13040 1138 18770 2208 16622 8165 10463 4027 19082 17929 1494 3527 2363 15563 15986 18788 16415 15131 2923 10535 1678 2126 10252
15950 7463 8323 16058 17183 11757 6567 17947 7824 13491 16550 416 4599 13824 15146 1122 19974 7290 4272 839 6100 18250 15643 7321 3541 4270
3718 18556 19816 13895 12514 461 19733 12262 9709 8457 17636 4916 6992 18382 10154 18307 5893 13022 7199 17023 3421 13450 15471 7002 3501 19090
16536 14467 13149 7916 10918 15778 19719 9820 19092 18062 3059 1701 14868 1487 13970 11377 14470 3614 15956 7291 18869 19894 18145 18715 19255 13678
5378 3148 9156 9132 10437 16368 1120 15084 5474 17638 18657 6789 3900 18541 15291 9591 9671 4477 3530 11765 19632 19067 6674 6666 3559 1218
6129 5174 14845 5903 1593 16556 9113 13361 2124 17774 4744 3099 14454 13596 12405 637 19287 14221 694 3269 9917 923 1213 1801 11875 6753
25 14692 17878 18459 11880 8899 15804 19068 5012 2503 2399 12802 17527 2479 8215 7294 3843 3752 7824 18964 2784 8219 3034 14333 260 6988
142 19176 5271 15591 6230 6949 5905 12659 8217 1032 6676 7758 14694 15435 1067 4092 16175 599 17329 5502 8124 16598 10020 18766 15750 5528
1632 19396 15429 713 1248 963 1560 1359 1253 922 6002 17482 3714 18800 4345 5624 3111 4949 4026 14131 790 137 6343 4221 2026 2593
17342 13274 15123 12545 14959 1755 461 2849 3695 2672 16458 13514 2706 7935 5224 15997 8533 11229 8373 4128 4002 3168 8629 18747 5803 4923
17167 4507 16282 2649 7320 17935 5441 167 13678 5467 15078 9073 14360 10912 9687 19165 14551 16135 7624 13116 8653 4913 15436 6895 15518 18349
7605 10784 13115 8156 6507 4719 4330 17832 15722 19328 970 17853 19938 15913 7932 10299 10689 16080 3594 1400 5085 12632 17544 13752 11331 9118
15480 11869 17990 10692 5194 1292 19762 14109 326 11949 13039 8403 7186 12583 7950 3539 6025 3062 1645 10225 15484 3107 3567 18430 12560 3817
8113 12894 9814 14497 17930 1964 11258 706 601 152 4078 16627 3674 11808 16495 628 15090 3003 12103 14287 19455 11604 3391 7052 10215 6026
18506 18120 10340 13084 19087 17900 19183 2051 1195 1176 14546 5486 2629 9214 18147 16205 1808 11071 18427 19098 6655 8443 93 2418 12398 1930
10151 7710 7656 16296 14516 7657 8799 1966 14196 16644 10374 6487 14000 11306 438 3682 6189 868 6033 5823 13323 10232 18118 17210 9623 18145
11279 10507 15251 9633 15717 15880 3167 17120 9819 19987 6294 5409 12561 19556 4811 5378 6497 11444 10256 16063 12745 15271 14025 996 2345 18195
9366 8455 8755 1429 12019 2821 16815 1812 7210 14403 4782 16719 1893 363 2122 18584 6308 12013 1796 7561 147 11192 44 14441 10136 14922
19829 11147 2163 12118 4040 14854 13586 8637 5118 8547 5818 18571 1853 19731 5733 3259 13985 18056 14285 8447 16229 4748 18617 15359 17795 17107
2907 3811 15552 12542 13399 17292 16092 6378 16385 11827 7582 4114 1105 12972 10654 17669 17392 9386 10485 1360 8674 16324 12645 1086 6988 2270
15029 19173 18320 5829 11505 18457 19015 19072 5500 11164 10258 1900 6505 19149 11218 19435 16942 9052 216 15021 14696 10328 19808 5510 16459 13655
4163 15849 10589 14520 3287 6641 13232 18193 6300 13045 17388 16228 2366 6205 13102 13661 9272 30 729 2246 6586 2176 3175 14190 15199 13044
418 1978 3550 4356 8980 15590 14050 6610 7680 4769 8819 322 9813 8378 17958 7103 3296 15213 11971 11597 1915 8843 7662 10240 4347 15935
8458 8138 8472 11331 16787 19013 1603 18814 473 2796 591 7803 869 13568 1500 3945 6332 2665 1019 6823 11757 375 3788 12299 12020 5749
12081 18974 3393 8504 1562 17438 1232 1519 701 8631 11320 7516 7512 18125 20000 11471 13027 4159 16628 17443 11045 16013 75 3499 7769 10191
11127 13888 6062 4616 12883 7507 331 7775 16922 19711 15834 4802 17545 14105 19157 16138 6998 16802 15925 19041 2180 18418 2271 5372 19416 9638
14647 1296 3583 7754 14176 6176 2088 2937 7723 5716 1911 10391 5643 6819 13900 13117 12209 15343 17096 19955 8375 9544 18353 2162 3183 15250
10155 11398 4092 14514 6597 536 9086 3186 19713 14622 14616 6620 16841 18019 3714 1962 18788 10863 2190 4794 11671 895 14554 16238 18319 4817
6074 3883 13409 1405 6754 13390 3524 3359 247 8253 3681 4536 1698 7255 1542 1885 6294 6025 1908 9209 3856 76 15450 8154 6721 8944
86 16807 7412 9660 11832 17711 13214 19346 774 16998 19527 13460 13316 11873 11026 1381 19459 15865 7651 15059 17795 1951 17925 6002 3619 18742
7134 19416 11801 18441 5210 10939 14942 732 10336 13800 7664 15075 18360 4282 13242 19548 18606 936 9538 9828 449 12552 18551 11208 4008 6040
14660 13914 16566 19173 8739 17704 3867 2234 1552 14360 3036 14236 16652 11891 17179 11311 15033 1260 17856 10450 3878 19814 10712 3529 4420 13765
10567 7998 13088 10728 6021 5142 8028 18771 1408 5162 5163 15910 4841 2378 12265 12578 6467 13666 3910 17897 17011 15437 10677 13217 18339 12965
13306 3825 17360 10031 13059 6059 7328 8840 9961 7797 9567 18984 7151 17403 4616 15612 7778 6878 1852 2142 13566 7711 8690 16489 9682 19068
180 10955 9712 982 18926 5360 9198 12089 7692 4725 2855 19289 8930 10415 14162 700 9735 4144 310 18815 10127 18486 16008 9976 13665 6560
8875 4131 16725 461 2053 12436 4401 16039 413 14421 10339 13713 8048 3783 10804 11026 18444 14397 5656 9981 9815 16816 11542 19327 7779 1854
184 13896 7352 9926 15309 4789 14986 11332 26 2464 14393 16832 14010 4969 13221 3859 15002 5204 18919 804 19554 6852 8665 10308 5076 2704
17152 7987 15352 4487 11786 10362 2828 7072 8043 18130 6877 12460 9375 1552 2005 12104 3181 6831 7366 15660 15485 14202 14771 5629 3975 338
10366 11089 6140 136 6182 12170 3861 2015 3881 16981 7017 13877 16272 5137 16736 10622 6191 16088 18495 205 10081 4836 3052 956 14280 10864
8939 15318 15060 14189 16408 1034 5081 13626 2661 9416 12946 3566 14437 4559 6414 4986 478 12261 8781 17052 10171 6510 10803 11441 7802 14456
10652 9558 13908 15089 12364 2165 4765 1416 9858 18495 755 14809 6810 17636 7203 6516 19849 8244 2839 6665 54 7801 473 1881 18812 5253
16998 3585 1349 5259 5877 2759 15096 10011 8712 15269 16134 19702 14775 17801 2977 4965 9928 11929 3409 17100 2320 12446 7727 100 12443 10199
13112 9327 18951 16625 10051 5175 5905 10491 16422 1406 2149 3957 11712 19458 17731 7006 17306 1601 13145 986 4077 10754 17313 15088 9966 19598
9359 10949 2573 16249 11550 17269 928 19924 18680 12438 11177 13332 5211 4507 13989 6844 10670 9210 8034 17219 13174 2506 5418 9208 7695 2133
18089 12117 1451 750 5906 18269 4 14624 10955 10837 16417 15612 172 17420 8953 2125 6666 12463 11378 19069 19950 5301 19843 14704 7785 12094
15059 12467 7623 6855 3124 7438 19120 12342 9462 10891 12950 10766 11938 19470 7389 9698 880 16232 19602 9592 6760 12209 6829 13110 3370 3625
15820 4238 8406 2397 233 4594 5771 7076 12738 18802 9753 11532 13510 13114 2386 4613 13639 14651 14220 8004 17632 5274 15298 1740 3764 3330
10270 12856 2924 9537 17762 17474 17615 7330 9176 14663 11368 16994 19906 720 16876 11211 12284 10060 9654 16300 18732 13970 5662 16174 9817 1220
16390 8629 10222 6515 14339 1788 11871 11371 16300 16627 15073 987 13271 11975 16444 15232 6595 8413 19341 17248 8859 11088 14854 18926 18065 11269
18603 5773 17023 4186 16343 18457 4116 19973 9936 1002 13673 14399 3722 12567 18318 19141 9153 13262 6971 5215 10814 19589 4424 16999 16806 10961
31 12016 6516 8559 19223 18170 3198 16569 13574 12319 8441 16340 10398 14152 13656 6122 4033 18372 6081 1015 19961 12107 17478 1433 17634 15120
13774 150 11743 16605 3036 6219 8662 2340 13811 14156 16351 15872 1419 4701 3241 7216 2242 3755 2500 6303 7772 15469 1038 8043 17471 18990
19480 4018 13948 10396 5786 9221 15931 12384 1011 14056 16037 9273 1429 2020 1584 626 1091 13420 12849 9659 2626 11423 9088 6355 3243 16078
14436 10342 14433 12245 4553 5797 18329 17982 7438 14992 6765 10920 11369 18542 14963 1752 8228 10662 7641 8515 14791 12223 4740 18373 9643 14825
6372 14556 4091 19221 19246 18706 16758 8976 5925 3129 15749 13336 4470 12600 17716 6171 13301 1867 4180 8374 11398 3480 11790 11390 18349 1807
9669 1713 13452 17009 4379 8580 13682 984 1691 15684 8497 10816 16664 12218 7427 19635 3375 1869 17590 19156 11212 12844 13425 18004 10177 3219
10233 1471 9333 1410 16126 16127 8605 4274 2689 13734 9622 15578 5524 3875 693 15138 14288 12519 4120 5677 4624 10558 4589 19916 3008 1027
6401 14435 7600 8824 17910 12499 10462 7044 3504 18030 18484 18407 8396 17188 13320 1389 19250 10145 2075 18522 10709 11734 19988 441 19280 14029
9757 16760 1477 15668 18381 6298 9713 15882 2493 5310 12158 7736 14947 15511 6527 7550 2292 18140 9447 17489 14534 6189 15184 8741 18782 833
2186 15421 13057 18137 19822 11422 16485 17678 10968 5563 17448 3922 708 8700 7584 10544 5906 943 19499 9180 19191 18181 19850 19402 19178 5208
15828 1998 12099 1467 18176 14258 15065 5744 11191 7286 18814 11845 19881 17978 15679 13205 17263 16338 12034 10163 19107 16320 3569 8635 9571 8354
3258 14108 2665 17910 17603 4394 16476 5621 8157 4663 6368 15436 18801 13612 5479 13519 1894 5783 5376 12325 1047 17936 15494 18008 3818 7975
8004 11922 12071 11392 5733 6458 16752 5133 16231 2908 19692 1700 11663 9985 11504 2022 1855 17094 7760 15129 6740 13342 17156 7430 16433 10953
9142 3464 14262 939 11924 18878 2573 14100 3415 17333 4422 12379 5405 15603 5251 9770 15484 14178 13401 18689 6365 8292 5816 5739 2445 385
2919 13520 1947 19205 6606 2599 6035 10270 13032 11284 15023 10648 4400 6305 8735 6831 15471 10582 12 14616 13291 9354 3187 4768 12474 14529
15200 6197 9809 8914 3407 12243 11314 8568 1637 4864 315 6516 5722 18629 18496 11296 4254 13265 12360 588 2982 16756 9098 2292 16426 7654
10680 490 1106 7942 2301 6846 10776 572 4994 18720 15526 10351 7253 3022 6119 17784 13208 15706 15384 1485 8773 1493 18601 9507 13817 12208
7879 9816 9129 12155 1779 9954 3571 5206 10484 12977 9160 5705 14822 3333 11814 16496 19227 6003 1522 5596 12715 7543 12133 13101 15453 18294
1202 15010 11591 6992 2883 11753 8137 3015 17446 88 15921 14937 8502 8441 6100 10013 8507 6809 9015 1107 17971 16048 3347 7916 6775 11904
8749 168 9924 7036 1311 5699 15795 16375 16762 1339 16233 3954 17854 11391 17055 12545 5405 2843 9266 9197 7670 18495 8602 9755 16414 2067
10737 11222 8652 12815 12334 12509 16781 6257 17414 1934 8196 15620 14811 8996 11259 2633 14960 9501 2402 81 7976 4692 12505 4906 6484 8756
11315 11076 1681 16975 13233 19728 2071 4468 19537 635 11483 1011 11873 9808 4548 13173 17280 17082 11314 19786 2044 8739 18715 15614 12639 9705
2588 19733 19625 10456 2757 11045 530 15171 6532 5866 4934 4572 18375 1586 10670 15180 11401 12754 1051 19967 7658 7242 19871 361 15235 16756
11855 7958 8413 17572 19246 15754 6440 4050 18271 2431 2614 10608 18356 9475 6994 14231 1991 7770 5713 10343 6105 940 14490 17290 15793 6908
1803 4746 11626 12103 11034 2067 10318 19786 3948 17152 17054 9516 14143 1249 19948 11192 19064 6470 18498 1272 11429 3330 9854 19345 837 9269
17713 12507 19396 5186 2942 6093 727 14724 7792 5210 19421 3334 18855 3654 11455 4822 14761 19566 16874 16887 10821 784 12302 13599 7679 16848
921 6594 2411 2887 2002 16523 12818 8289 11494 14136 13576 19711 18567 4721 10687 701 5419 11387 1289 16760 8702 1805 19648 6582 14524 13518
641 19271 7866 5549 14306 12307 94 15934 4611 596 2930 11425 10018 7002 7342 6457 19720 645 12919 16000 16010 15018 2507 7590 17491 13868
12627 6034 15285 19409 16432 19023 4049 2174 1437 5213 9881 5074 6510 6055 16492 11563 19269 948 11414 4460 8007 4830 13319 17144 17036 17903
8118 12468 19905 3458 14216 1464 11859 1971 12998 6569 683 13672 10927 3187 14785 5050 7065 14902 1338 5514 14178 11183 9034 18078 6208 9539
12857 12601 11101 9479 4152 5888 592 2381 15171 3060 6673 7381 2719 11883 15173 9890 1871 11802 19411 18796 12572 12385 11399 14249 17121 2914
13654 2637 10 6298 19162 15238 15031 16567 4988 11215 10734 7535 12191 7716 14659 16042 6297 3287 18329 19263 14532 9679 12222 3093 8686 7937
991 13070 1701 12850 12053 560 8579 4010 19589 1644 19899 14434 4058 1726 11591 3358 17136 18460 15173 8809 13268 9814 10797 1335 11379 18862
1243 11502 17004 11641 9975 312 8758 9196 14623 16725 7721 10329 12071 12151 1597 5702 19582 246 18144 3063 6891 19261 11900 16494 331 11057
16862 12786 15151 6630 18683 3739 16305 7435 15402 7074 5013 5094 7690 19987 18183 11102 2033 15142 2300 351 5153 15302 19399 13583 3806 2966
14569 9539 3243 18489 12458 2188 4148 11924 19540 488 6690 9337 5777 7286 2595 18029 19751 7213 15089 9367 15180 18084 14063 14026 18904 11819
1166 19089 10446 9377 16593 4186 15876 3649 101 1641 14663 10403 7926 8569 12377 8943 5448 5567 16100 3843 11670 13482 11455 12298 5991 267
16976 2558 6950 3848 12196 4044 15102 16840 12736 13839 14343 6614 8594 1534 18539 16481 11131 2643 11872 17937 4812 12977 3441 7316 7282 16424
16525 16238 2437 10691 4907 1504 9726 18710 16506 982 865 7398 5663 17297 3454 18522 12471 11358 7023 10965 18981 2353 5600 16491 6438 19134
6447 18912 6804 3543 15063 13958 15878 9767 13922 1655 11000 5118 9581 13564 4266 2101 16780 18200 15213 12211 14668 2605 5798 19579 19887 605
6626 18635 1691 5494 8423 16954 601 7178 15450 7778 6011 4062 15678 7523 2139 10652 15345 17538 12696 2912 11282 3311 15916 16673 13904 2151
7398 4822 2899 2996 714 17050 13648 4111 12690 14366 16232 2071 18142 4898 15429 7004 9053 16046 14647 8498 14661 16815 10447 10863 7963 7511
16745 19370 12323 6405 13846 13429 6919 18033 14823 10397 18328 4455 6030 17588 1504 9332 12118 16760 6447 6114 16210 3811 12430 14261 11068 1965
6960 5453 13846 7602 12639 11834 15204 3174 11172 7631 9234 10103 12367 19017 18071 19663 13851 12407 17702 1984 7054 15539 7732 11140 9861 16040
12496 15603 4732 2221 13802 18967 15555 17550 5969 14021 15716 4911 13469 477 11641 1088 13654 15603 491 6437 16391 3786 1026 10821 10833 6158
5005 5394 16161 10210 2286 777 10001 1835 3807 8406 18255 6407 5920 71 3942 2857 4546 4779 16699 3080 16729 12064 14729 3760 8908 1700
5939 11884 10609 5181 15294 2647 9493 4712 8659 19347 4849 2148 8723 3598 5511 18021 9425 5257 2181 5620 6836 6572 6805 16406 7957 85
13632 11530 10422 4874 17629 19087 892 8889 3236 14918 9821 11878 1784 8560 15959 14910 3319 1719 4254 13379 1160 6301 18740 3506 15072 7858
592 8289 8836 15534 9912 5968 10813 9188 16639 7562 17510 14388 15330 14585 7812 5719 17073 16252 9764 11409 18478 19124 18298 2647 4561 14731
5182 10814 13705 18217 14132 7904 4796 15230 6065 17020 6079 18954 13299 9107 3755 17532 7964 3234 9672 16479 18753 6720 14763 15834 1176 8767
16740 7188 101 930 10727 7159 14432 4715 17705 9779 12415 7478 11777 2646 11205 13846 14301 1401 2469 9908 2036 19092 16432 8641 12784 10486
17462 6978 14639 2309 240 12273 8529 10534 14734 16582 5240 5291 16816 19687 9973 16100 16466 9420 13849 5974 4546 10727 8478 15577 5584 7167
18042 2311 12407 312 2594 7041 7852 19041 15543 8915 19267 12578 2229 1636 15606 10369 9456 15600 6607 18170 1436 17415 3933 19537 290 2512
6894 12592 4560 19637 2757 5828 2 3545 10719 11682 16013 5311 1519 7510 7650 19850 4753 8619 6390 14000 1417 803 13569 6098 19346 18558
9223 4166 3982 8925 8435 2014 18055 12395 63 3353 1460 16957 8156 19779 9166 162 11447 13778 2197 19824 17672 14711 3567 10431 18817 8410
14903 9360 5051 6286 7604 11085 131 2905 17954 6479 3804 18640 3219 8129 16308 104 7324 7507 4635 383 4944 14345 15615 11161 13285 14976
6142 11740 17199 16741 15523 17100 9960 3776 12975 1850 8337 8417 12217 113 1894 390 16413 16504 1799 12737 2396 9056 4915 15903 18255 14398
4680 2876 1541 16704 2471 4110 18191 16412 5522 11427 7673 7974 17124 8082 13479 4921 219 6837 15617 4008 12872 6376 18245 387 15502 6809
12703 10777 13794 14821 3884 15932 11012 8240 8647 15431 4113 17979 6189 1448 12516 7791 2656 10462 1391 10587 5062 1806 15734 14867 17102 5911
12178 12739 5632 7221 19029 12741 13629 8748 14984 7280 15500 13917 13148 8258 13518 17197 9094 16000 2901 3307 16715 1582 11029 13762 92 405
19163 5451 14652 17551 13711 2624 7309 15164 12802 19019 10691 13020 16005 5805 18258 8686 2268 2170 19185 15617 8414 6757 17969 15363 4352 66
11124 10278 6474 12602 17368 12112 16393 19838 9807 12001 16690 12973 16043 16037 529 1810 9642 5511 18021 17172 2579 16474 12293 14491 4360 566
6253 10734 15258 16990 19589 19348 1637 9247 2088 11182 18732 4859 6409 15483 161 17892 2654 14621 18027 4945 4843 8982 2861 12847 16131 11817
7661 15430 4543 15068 17058 6371 1825 356 19179 18469 17539 1337 14576 9715 2688 10870 255 15843 5025 18439 18884 16968 8715 18813 12021 9145
7911 10242 8678 15291 12623 6715 8829 16656 16434 18692 3388 18283 3689 19834 3377 3926 3541 12724 15747 5222 3965 12921 12075 17502 19109 7914
11064 1502 18702 2796 13275 3610 4401 2894 18950 2367 6158 3067 14723 6699 10691 7774 3453 2176 19891 17266 5707 14768 14825 16377 9667 7799
13817 8432 3468 15779 8570 12315 17512 12317 452 2885 11147 3020 8316 17779 6305 11049 3246 4750 9260 12123 13256 9841 4825 17869 4723 4828
15560 13399 11510 10560 2358 2703 3651 17505 13960 165 1809 17030 2753 4801 14993 14123 2943 3707 2625 19422 11367 2851 127 12804 421 7614
18972 10710 12461 14633 13274 17607 19400 16322 16364 12775 11432 15027 8856 19707 10905 8652 19070 2210 11647 18236 5928 10455 5069 8485 16670 14466
1128 407 5178 19813 7023 3921 17576 9528 15473 9436 4598 1834 4881 15169 18481 160 8250 6164 2732 19653 15299 8730 6039 19869 1164 10487
2126 6174 8265 13560 4921 277 1260 17159 19804 6075 10872 1197 4840 8779 7771 9364 14332 6350 5665 17413 16240 19167 7970 6969 19429 17476
17042 2701 13738 15871 10285 2696 16719 2798 16004 9005 10183 7074 13818 5167 19928 17439 4341 17886 271 4563 18194 15754 10517 6875 10491 18872
3308 11938 4934 8250 7380 16623 9920 8992 2608 9785 7144 745 15673 15619 57 10898 3210 16806 7545 11365 8486 3791 13045 13619 8777 4248
15294 13140 2732 2500 3456 19698 6082 9488 11864 10397 877 14426 719 6067 19635 6745 16512 10415 17050 10301 15167 3299 16044 19549 16055 3091
16963 9852 17423 3136 11485 1334 13447 12700 8731 15385 14273 17863 10029 14267 1323 2367 17168 9590 4347 5500 14424 3082 9218 894 19202 1234
11828 14926 19297 11170 3870 8232 15753 19873 15572 16278 7849 3032 19537 2601 10137 18191 19460 2625 7458 145 4611 15809 16643 8176 12582 73
7406 4619 10127 3904 4765 17670 6829 15972 3669 10484 6628 15517 12306 1477 2193 17122 13725 35 3889 2426 16171 18435 12571 17075 7650 9819
1274 4069 14511 1518 8734 14554 5717 17014 18051 9666 9838 2836 9721 7071 12113 11719 5041 3181 17198 1335 5476 12282 18716 5311 13641 7427
18123 742 19826 19299 6387 10653 3096 3652 3422 4611 2627 18829 4516 3210 12791 2222 381 1617 3885 7885 15631 10632 2842 6390 18642 8831
16926 13823 3696 7761 17975 9823 15749 7459 2445 9527 4219 10960 6311 14158 17298 6994 899 1357 3391 17951 2311 8270 19039 14234 2645 17398
13378 9141 16524 5858 2103 9558 5283 1085 420 2776 1395 14665 12880 1116 9368 6652 974 19708 16402 6791 7208 6198 8778 18680 3493 18391
14838 10449 12668 6803 15874 3293 9836 17607 11693 10185 18593 7429 8082 1031 10015 4017 3685 11250 19856 16983 11750 430 2434 10809 1218 8081
5786 11921 255 10511 9604 10497 9900 9852 959 8765 8573 10150 19652 1235 7554 1624 15691 13730 19679 5033 5064 2868 5082 15661 4521 1511
9770 2965 16115 14293 11413 2182 15149 19655 17556 10159 14851 10166 1376 6553 10445 11284 1922 13075 3239 13607 6994 19129 16737 4640 14047 13091
15502 4706 15260 16150 12967 12631 1483 17410 9499 12595 5058 7086 15523 7959 9010 14856 17017 5691 2889 14428 14582 13017 16806 16003 12314 8236
3099 18534 6737 9128 19197 9092 6502 62 13550 5326 5931 16951 13566 18439 16574 14078 16082 9341 12215 4937 12893 13223 6058 16949 2951 6551
4472 2542 16878 3151 3108 7216 7319 18751 1697 15228 13892 4344 10345 16421 3736 3640 5848 18910 18948 10913 19595 19899 16167 5516 4066 1573
9505 19900 18737 19493 15945 11708 9761 18829 15889 14680 5379 6520 14217 8448 16152 9412 3453 1349 1500 11415 8143 14896 19228 18838 2856 6437
13998 4569 8234 3834 11007 4670 10459 505 17187 16295 15208 2930 7045 8929 5718 14537 16599 3556 19776 4548 18418 7135 9322 18598 18171 17477
8247 16180 2488 11903 2684 12187 19540 8371 11848 15671 6929 11585 12650 14396 2543 11731 11392 12240 18152 18529 2100 5005 5771 9149 2591 4088
6446 13744 16620 8432 15508 7017 10559 5815 18173 11844 8600 13904 16779 16587 9810 6797 2744 4693 8560 7192 8860 3794 17511 18899 12205 15897
12 18164 13153 4474 17976 1903 16307 11909 13454 12391 16973 8497 9372 12127 4591 17563 11126 8835 19647 8079 2409 2861 10988 14558 17112 4456
8014 4969 13326 4064 17722 12101 8202 4635 15097 16737 17262 17738 15980 10474 11800 18326 17454 19227 14708 16122 3586 14921 19616 15035 18879 11501
1878 12898 12131 774 8606 16163 5764 8759 18794 1487 2963 725 17198 2626 6802 2577 193 18304 16541 15403 17402 14198 11232 10892 19000 1179
18474 1025 19296 11779 14049 4506 10970 12782 894 9742 8744 2250 8611 14902 4000 2272 14354 17515 5260 18603 13263 14314 15914 3580 17569 17974
13853 19123 2452 18826 6967 7114 751 11528 15729 13111 19441 7539 6504 556 13027 5612 11034 2697 18798 6196 14228 1992 868 3014 7909 5053
14164 5091 18122 9705 13155 12362 15775 14630 19253 8598 2173 11887 13389 4902 5083 1337 1122 6593 12685 10441 12391 458 19565 11181 5564 8868
5929 4701 506 16561 4306 17136 14185 15536 4332 19810 14088 4367 546 14692 6181 2601 7516 17899 11741 17069 2066 15477 11665 19714 3337 8749
7998 16186 5295 16496 19669 18584 12779 12845 8162 17814 5656 2686 5735 15688 14566 3847 1925 17099 15773 648 762 8291 2876 5417 17146 15041
307 9497 2929 14717 13125 5573 2149 6183 15557 1818 4007 16193 1591 6503 19182 15882 8312 17691 3058 9948 6089 4269 10533 4596 7297 12495
8532 4493 2459 13021 10138 7616 17902 6340 5811 2472 15050 7722 19897 2927 17511 4101 17638 18890 267 17577 18030 9459 9820 19548 15239 9436
6391 17980 10924 15292 7231 4390 5634 14168 19868 8068 15953 9648 11316 2245 3928 3046 19322 4648 11279 997 7344 10488 9301 12545 14637 2019
15168 18532 7643 12553 14340 16500 9184 1381 6178 17644 5875 18788 4681 7662 11047 11882 9199 6836 7679 15860 3469 18539 13459 8790 457 13388
15097 8938 16226 1159 12986 15819 8948 8893 6810 15813 12085 9154 9807 19548 16638 4111 15393 1773 8947 15008 7528 13049 3193 10960 4084 16035
2917 2507 1890 9426 590 17068 5642 14682 15750 4127 13285 16541 17500 59 15934 8074 228 6222 4626 17204 17463 15023 8938 13418 2771 14314
672 5133 18568 13728 14673 6584 15886 17756 5642 15295 13186 3676 18057 614 10901 16812 15953 3692 12314 19756 18462 9982 5238 18076 3922 18128
4994 5669 15297 279 7417 6270 14828 13849 2512 2622 19739 12894 14478 860 2853 7798 654 5179 7416 10998 1944 388 15172 425 3001 3292
15835 5738 16743 11732 4005 16213 13583 17012 15893 9862 15081 12657 3759 4042 8723 13139 16587 212 12812 15300 7662 8386 3472 3529 4149 8945
18995 2513 10932 17259 14243 514 12067 8698 17068 409 11594 19634 9939 455 4470 12412 326 1979 6369 2075 12379 12999 19123 3984 8829 7124
4297 12620 6842 19019 1177 14161 15585 744 14987 785 7677 2890 4795 6206 16058 6966 815 10347 15841 7932 10682 4197 7066 7273 17417 1701
1395 19379 18759 2671 15309 8801 6162 3926 2422 13597 4223 15852 2401 3810 3266 2977 12182 2863 12063 5503 17156 8077 16783 4758 10587 335
19464 15945 11475 10074 4760 2085 16432 13811 9701 8276 7877 266 7131 3819 15910 7757 874 8869 18785 6334 19515 1610 3246 6892 3069 6602
15926 863 4169 9178 7516 2503 8681 2801 17670 8610 8511 19279 12117 16088 16102 2220 8993 4739 12675 6737 7724 18702 4860 8244 14858 5657
3102 3440 17981 7712 19472 18058 18208 5344 7515 19913 10198 4278 1331 13981 9876 3921 4882 677 10256 3315 12409 16823 10474 10608 3217 1442
3044 7707 18423 18367 4012 11587 6467 19674 588 18717 13388 12599 3417 902 11122 14794 2839 18424 11861 9665 2710 15442 4377 16074 14594 2263
18824 14330 9244 4410 14277 6565 2167 19153 79 1783 12658 13880 4598 8377 16293 388 1586 8553 4014 16171 16479 8905 15176 5824 19670 13387
6942 3297 14072 419 17654 11921 1991 17770 19073 13456 17858 10827 190 7873 19756 13584 13746 4597 15478 10337 5175 2745 17378 2275 6316 2469
8244 8850 655 14288 18648 5190 18496 8151 10531 4498 5706 12529 2668 16830 13764 202 17075 1916 6921 11577 19199 15752 18036 18389 302 16587
9539 12676 5026 10598 11574 18155 8207 18790 10385 18803 7721 12569 12268 1177 66 10218 2991 18085 19281 2347 15940 5748 8251 18859 8979 10716
11715 11076 9308 1486 528 19076 19592 14172 16712 12294 6259 14010 19931 15277 17266 1142 5856 12577 16141 18972 8562 3391 18674 6814 19773 4576
9028 11251 11006 8606 2756 2839 11102 2344 15597 13045 14038 19749 2235 19785 6632 11414 3391 12705 4099 19700 16186 3320 5819 2743 10518 935
12563 19305 18465 13318 6287 665 908 10683 16722 10517 14572 1304 16855 6281 3214 14288 3389 9718 7601 13439 2140 17595 15370 16909 15325 17865
624 7107 11106 17397 13295 2943 8703 13979 10394 18444 17536 17151 18282 2335 5390 9124 18170 11227 2013 17589 35 8410 18180 1416 4841 5674
6317 15964 8042 16720 16368 4598 4754 19671 6873 17132 9482 2210 6826 3023 14710 461 2083 8790 16067 3635 12021 6883 17651 1306 7532 14414
4244 3435 16818 5796 5814 15100 6321 4325 1352 9848 15731 12028 18248 12301 7403 2131 10542 11189 9559 536 8295 10992 4067 14163 14056 8922
2742 15993 16176 17093 2131 8170 3959 10075 15217 6323 19369 2310 1500 144 6514 7320 5622 16308 13914 15391 6814 15234 9263 15633 10453 6833
666 4714 5096 9463 19150 2014 18876 753 2004 11293 15177 2479 14930 3471 16147 17339 16528 2119 9177 7212 13976 7041 15330 11331 10230 17166
6047 1318 5840 3666 1536 19728 3851 15214 8877 9652 15377 15856 5083 1823 17198 6260 17989 1728 13391 7892 19908 14064 18934 8215 9226 17135
15508 10120 5152 10741 14300 10250 629 18036 6185 3930 19581 5587 17896 10790 10832 16743 4516 11721 9474 16737 18256 7937 5064 7340 5798 4925
19580 12269 13108 11820 7276 12610 18311 18205 14545 10569 18598 3919 5143 4624 6865 15001 15195 5096 18445 16105 15373 14634 11345 13807 4156 19246
15364 8611 9262 3669 16068 9314 2918 2348 8692 17688 14624 7709 14037 19433 18138 18329 11938 8240 10019 3932 1722 11890 16523 16181 16096 4221
1562 9749 6026 19985 7163 6929 6882 16827 5897 10697 5879 6763 16735 7829 10173 15758 14251 18634 7251 7146 3052 6845 12821 4911 18556 12632
17084 17446 10954 753 13595 17668 9136 14665 1106 15661 15232 19663 5549 14239 14850 10797 12371 2342 2380 6641 14754 9287 1645 8419 9162 6857
16759 10652 4707 6018 11646 13237 18268 11534 5603 1858 11843 4157 9399 18214 5988 18814 14114 4756 1907 14366 8420 601 3004 5723 11551 17536
16290 11309 3052 13566 17036 2236 4854 3941 3768 2896 13477 8362 18918 12023 13552 5726 13666 16339 10811 14663 18547 3838 19565 18592 19490 15025
19676 8548 2866 11466 17975 11685 2002 6422 10891 2404 10737 16002 3981 7091 13195 18075 18146 16342 5702 16592 18030 12685 248 10087 18018 15435
20 6154 1757 13123 15937 4365 135 8200 9244 16582 11427 5194 2520 15105 10191 19251 17253 2932 4399 15046 6882 15292 18696 13732 11014 15855
13544 1081 9732 14432 3180 7828 5529 10760 7997 3354 2015 14502 14553 18000 17282 4910 4500 2481 4623 10497 5778 4664 19746 13003 12179 7365
18082 13987 3689 2694 18348 17114 14924 11105 2708 16794 342 14819 3323 12038 16330 6445 8452 1838 19020 18009 8031 13297 6317 16616 10961 3562
18188 14198 13564 16298 13319 14558 7811 2583 10042 12604 13522 12175 3698 2025 18800 14267 11617 7485 12423 6323 8046 14915 11666 7417 3212 5482
11490 8244 12685 17595 7418 10428 14368 8226 13719 13772 13363 1431 3743 7731 3359 15805 8124 2512 5812 9811 10210 2568 14321 19292 2897 8593
443 17244 3082 12071 17781 5419 9515 19061 10942 19769 891 13042 2956 13872 7571 1753 17955 11295 6149 10838 18396 11561 15873 8747 14886 10714
18884 19613 13077 15268 3158 7748 7318 6345 4568 654 6589 10046 15681 18530 19963 19804 5867 14078 5329 18856 4621 10821 9223 3735 2419 19866
16035 10721 4922 2949 2987 1155 13747 13658 11673 7193 17551 10250 3164 12509 18914 13539 14832 12650 4720 8260 19305 8602 5124 17928 6050 10579
19580 19209 19637 5970 4806 9303 16126 19824 19039 520 12571 8016 8812 14984 3088 4315 6553 11391 4088 13192 6797 3104 16286 18091 15715 14288
7901 19414 10433 6622 2592 7240 18871 17729 13646 13490 17674 18053 6345 3663 15837 10409 18328 19728 4886 19486 3392 10173 17248 17437 13816 16816
19097 17424 15502 1969 5271 1628 16595 5530 17735 15897 2801 7250 763 15962 14690 18251 18238 3278 19088 145 17018 10629 18368 4612 12870 7993
18104 6594 7002 15385 7354 11443 17362 15563 7953 8267 489 10493 3384 14187 2261 6843 8334 7055 116 13073 4010 19159 13322 11181 9180 12334
14604 16208 7185 7514 8671 9963 17280 9736 18456 4302 6518 17351 5226 2492 19621 8747 5468 2828 15262 10220 15398 11987 5253 712 2507 14518
7236 13785 10615 18236 1144 14160 8823 6556 10788 4160 3216 18492 5334 16187 4398 15625 6854 12323 2255 16008 8077 19549 311 15113 5677 10554
2104 1756 5600 1411 15167 3161 10902 10694 15590 5407 7259 16977 16857 3594 9902 19157 584 4380 13371 11284 9201 10180 14426 14824 17260 9882
19716 10509 1884 18259 19596 1124 6390 10246 8548 12279 13210 17295 19048 15309 5197 18152 13884 13140 17648 6339 6230 19262 188 8091 12225 5487
19932 16958 17537 10437 2569 12508 12455 3936 11375 3026 6120 8120 15361 11175 13756 13264 6710 8195 17884 1042 16683 12537 17336 2044 11402 17154
19388 13799 15889 8650 15774 19510 17791 2540 13975 8061 4702 13724 13557 11657 9862 10510 16012 16983 13214 6447 9262 6539 7152 7023 11774 6807
901 7538 14017 16151 4974 19280 13938 12914 7150 8906 17356 16911 1179 15930 12292 3763 13713 9817 5853 14167 5243 10618 16327 5343 17340 13109
4545 18396 3865 11299 3623 7086 17021 3235 1942 6263 12305 2333 17424 6808 562 10047 17746 3278 5897 6353 18257 12167 11674 18439 2704 9498
7048 14885 6163 7779 13365 5082 8516 17533 10336 15943 354 16570 5822 16622 14284 8333 2772 18751 14821 15679 2539 17048 7942 10435 5534 11678
10635 13198 6709 105 16562 14864 7099 7433 6461 13740 19958 11902 14555 1508 19976 525 16290 4049 4916 13264 1074 16653 10806 10988 1229 10416
6812 10027 16982 11318 5087 6881 15832 1657 14479 19128 13768 10129 11718 2656 11728 18846 11343 2949 17930 6090 2133 14406 12709 1694 631 2300
11845 5502 719 11035 11320 14955 9638 15104 13398 16540 3094 1547 16302 11546 16754 4966 9114 5305 18806 6083 748 15350 11702 7225 5091 19060
19781 5461 15025 1992 7048 4316 7366 1082 7347 10239 7176 18892 19711 16366 12921 2702 8091 15529 7437 6769 11203 7745 9586 5785 4933 5792
2599 9993 7112 11153 15516 9578 19771 14472 13064 6051 13838 11345 16772 14485 11961 7119 2452 13710 4894 454 15255 6593 822 468 8960 5106
5942 640 13960 15181 3534 7506 3066 10320 7304 12045 10367 12303 19971 86 16765 1389 12505 317 11433 14539 14843 14175 8798 15000 14128 15009
9938 19638 12492 742 8849 18271 14150 19873 9489 3414 11550 1676 14014 5630 6549 9889 10078 19082 922 15361 18083 4431 2285 19719 7554 15443
15254 17172 2855 18066 11421 11799 16582 14365 15801 19128 8988 11077 8291 7394 18965 9380 5839 3213 19494 1226 8893 10191 14073 3481 6736 12006
731 8529 7434 4143 2581 14217 5288 17263 19658 674 5356 763 15183 15984 7263 11306 10521 574 132 12818 7239 12454 12546 6311 2264 13628
11618 13259 8367 17112 1677 9667 17599 13702 1576 848 11045 15641 19003 18744 13067 16100 15656 15539 13472 10301 2304 12989 17763 6395 520 6381
5994 8480 13255 8514 17383 19964 4086 17040 8796 11699 8475 16622 11487 7296 2978 15429 2754 8039 15051 805 520 6173 4219 10762 16340 6344
4568 18319 16180 4898 5506 14715 14391 9999 3044 779 1046 1910 6605 16243 9442 1036 10132 17949 15945 5894 13139 1584 13067 10873 10535 11908
17441 2421 4764 17541 16196 18668 1555 19762 9985 11529 9773 739 10282 3848 9539 1332 2163 12448 648 10029 6078 6261 18789 13114 11584 11748
1925 8290 5997 980 7230 7795 16967 14093 4076 14505 5735 12777 18381 8898 2101 12387 4082 4557 14940 5326 1796 3080 19651 17832 19391 6313
1069 15747 3294 17102 2560 19689 9601 1669 16594 6286 5069 14296 4893 8744 10084 4453 16104 2341 12206 4195 15383 1389 1528 7617 843 11655
4871 14072 10749 17153 4063 13432 15997 9085 19047 8283 317 1315 14339 10152 6953 368 11881 6028 5393 14629 3374 10953 402 7247 6700 116
17115 12447 4745 4854 756 6916 16946 5298 10679 882 15025 2315 10757 7118 742 15763 18445 13443 10579 1814 6460 19150 11233 8696 7387 11287
1289 12919 2797 10513 10504 7293 15575 6373 9818 8060 3988 14057 10880 17265 12006 16411 5521 9447 3253 12663 3165 7187 15551 8517 6761 5056
19196 19481 2827 12574 10984 13879 18162 1319 1671 16965 6794 10045 5175 5911 17279 2321 9670 9469 2218 15127 6340 351 11206 14116 17046 19377
12243 1702 17931 671 797 18506 12840 15343 11839 19329 9507 4965 5622 310 8501 11115 18934 315 14416 3730 160 12079 12957 128 815 5404
4244 561 13151 12076 8361 2554 3762 3587 19765 13848 10036 3107 8817 13110 10623 16760 15275 5400 7329 5952 8689 15805 4968 1743 17918 10688
17799 19737 1687 562 7132 19643 961 1708 12053 8308 13102 9005 5912 4747 5584 13721 4469 19484 1230 8518 11189 19600 8999 5095 7635 12437
8456 4356 9572 11218 19273 10309 15630 13796 11409 5329 274 14365 6280 5887 2173 5073 6883 1826 11514 17058 7288 18732 15203 410 69 7345
13045 84 18189 10026 9341 1918 12283 872 11340 7269 340 3823 11998 9891 15947 15760 6027 11534 17127 9546 8758 14974 18292 19511 10845 3264
358 18929 13804 1663 9103 18646 10275 6700 6932 4003 9477 3109 8705 4784 16914 5041 12940 16184 17881 2904 7066 6975 10861 10351 16491 10784
12982 7208 4637 1890 11793 4341 6177 2091 4435 11690 1257 13413 18610 11615 853 9808 14262 301 4407 9639 11224 13708 1332 14068 9103 6934
17083 17091 8060 12360 8330 7779 2296 9056 509 9603 1999 1773 17564 12604 6801 19480 1139 7659 606 14666 8084 15320 18329 1749 13316 7408
16521 5194 18043 17349 7039 11392 15822 19397 3574 18531 454 7268 9774 1710 2617 7876 7752 19155 3360 13050 14326 9970 14187 15345 13372 489
17138 7271 18021 15652 3986 8775 13384 11089 3212 6438 11646 12760 17511 2479 8291 9700 18554 18309 11546 3048 8637 10979 948 16924 11326 2000
6699 7327 12785 12666 13621 11142 1490 2737 2806 4235 18015 3751 6348 18314 18360 4167 11818 15895 3084 3014 18693 16456 4042 15962 15880 18133
5553 419 16292 13138 8556 1363 8658 2261 537 13462 2574 3528 7385 18323 17028 12250 7666 13792 4233 14649 7437 17382 6474 4276 16139 4224
1444 13529 4589 10262 3763 13295 6524 18540 7480 18424 2145 14912 233 4798 13859 7466 18672 12276 6988 4210 668 16418 17736 16948 19047 4852
9551 16343 16482 8002 17093 3648 4655 4603 9851 15709 8622 5217 9406 5497 14138 14203 4442 5863 8263 15342 7155 9411 7500 17464 5740 14770
18123 10353 12140 15210 18736 12388 3818 4186 16893 16168 2680 11219 11412 8593 18727 12918 5512 2470 6265 1492 7494 2906 3411 11564 19418 8398
8747 3219 14254 11958 3387 5283 13446 7200 1978 16766 9304 16018 16093 10293 5048 8165 18628 5447 14780 18917 5940 18906 15041 9488 19352 11363
11354 17512 16954 9162 3704 5882 15611 15237 14312 8508 17205 12153 6351 16141 12986 8643 11663 7099 8905 3468 4318 15533 746 18090 2720 11277
4483 3400 2602 8291 3220 11714 14101 6449 13573 2307 10230 14555 18522 18966 6273 15114 8354 10033 11245 17385 1006 14829 17599 15182 12701 2988
7787 10378 8729 5766 17648 7296 4885 16157 4764 5238 11122 4374 3071 14453 1739 6619 8332 19190 17702 8339 1248 16458 2937 8189 6775 8029
9301 14910 8357 9152 19305 3989 18502 17168 18592 15331 17252 2113 15961 11519 13117 10599 3898 16205 19223 1818 3543 536 15043 17436 12193 14698
16920 10840 19608 6452 3094 14444 13113 4941 5565 2623 2986 1046 16916 3383 5656 5647 7585 10016 1756 11363 9811 13750 7817 5353 7620 17948
5080 6396 5975 17157 4603 5023 14849 10881 5956 13568 5874 5257 7207 146 12760 4979 16175 11887 19247 9155 15481 8799 14247 12543 19087 11454
8367 5799 15544 13665 4489 6519 8046 4054 494 13744 2294 4493 11177 14201 16320 19625 9828 1099 7127 15999 11477 3085 5011 4693 7564 8265
6389 2265 2474 18152 2429 8963 1546 8661 2601 8818 14421 14258 8077 9782 8389 17470 2167 13762 10742 313 10795 12738 12768 10427 10874 2346
16338 17092 5164 14568 1171 5832 11196 19309 15049 321 12099 960 15409 8295 12389 4149 11133 17583 8618 10784 9194 1804 15297 7193 6682 11945
13810 18378 3781 5585 10065 6157 19650 18145 1252 12051 9046 3641 4792 332 10690 3681 16904 3326 14529 11815 14489 2709 18722 18045 13065 5475
9196 5420 17843 7903 5022 4584 19927 7961 8121 17022 492 1899 17898 1959 4704 11225 1445 6638 16391 6078 2117 15434 17789 14353 4899 11171
11571 10253 121 13640 16429 11046 13754 1015 5671 9632 16245 11537 6431 17601 19563 13485 9025 6184 12360 4673 10670 16749 15498 15509 1056 2348
4368 4525 1950 17351 4722 19876 492 2149 8578 5130 4243 17866 15838 4819 14045 1779 2993 9567 6113 1352 19882 15891 9449 17280 3815 15930
35 6391 13641 9490 1855 310 19843 12227 16489 10291 10502 7270 18249 17607 14595 362 15269 15662 11938 10385 10150 5310 17491 2482 5104 3728
15387 18566 13465 217 14107 15289 15198 4738 8462 17818 12990 11130 3145 11198 19772 378 6208 5 13542 10344 6907 18635 6716 4100 2901 10066
4801 3253 6425 9607 18931 3843 3552 7050 265 5388 15009 16418 18880 18676 8979 11178 12863 7140 1126 7567 13464 17924 3591 2225 620 18834
2047 9085 10689 14809 5816 11461 18795 13914 19889 10655 2715 4503 11502 1340 4991 16836 2680 7958 12120 5853 11047 17496 14472 19487 3200 16302
18459 4914 17720 13794 11062 3706 3482 5808 13573 12494 17314 138 12551 626 2599 2347 10416 19141 10239 7021 19776 237 19078 4588 14418 180
12780 10471 2279 1101 6145 1683 14232 6899 11178 7313 14313 3677 15535 6405 12367 5391 6190 17868 19281 16554 14737 7155 1792 12146 9742 919
10081 5784 2575 12712 17402 3605 6010 9620 13184 15991 4775 13645 13751 7554 18991 1904 8981 3882 6669 14106 16612 7589 6512 11524 2097 10188
2436 19606 19249 5016 16599 2727 774 7795 10807 9023 9052 16041 7417 19846 3776 3381 8458 1264 273 14405 16557 1925 9477 7569 9243 5648
9371 13747 20000 17919 19957 16981 14067 5807 18377 12502 17385 19351 3097 12092 12963 11245 1633 6903 5463 1892 9753 9474 463 5022 9268 9789
6788 4801 15368 15742 1892 19444 6351 5113 15159 1276 2349 12253 12702 11827 18919 4547 3454 574 2033 7761 19552 12931 5465 5854 14783 17573
10166 9690 7631 17524 12364 14643 18824 6960 19138 11333 5865 13039 4396 10850 4271 14380 13928 1225 5391 4490 4451 11745 4378 6607 12267 7630
13812 16797 2641 8321 16379 18454 9515 12036 12859 16680 18871 17536 18082 15842 5703 766 506 14270 7519 9274 3258 7784 18191 2461 2821 13999
4063 5095 2939 3615 5133 2101 19225 8670 6336 19954 2302 1330 19122 2348 10754 2542 1640 13532 18605 1818 8951 7250 10061 9462 14896 3533
18918 7533 18105 12840 10249 11782 11499 9408 3406 6263 8590 12320 7514 5170 4997 17617 3978 924 8736 12293 6803 9700 694 13814 17919 15739
14406 18734 12010 9026 1002 306 14403 2012 12110 5927 4033 11484 15292 19660 3412 9639 12962 18369 14833 14465 6957 9328 4941 15642 13033 10738
10490 5238 13156 11637 7124 14590 14734 19461 3897 3048 5378 15266 11295 15022 13350 101 9939 11905 883 1513 17325 16700 18878 13947 13997 1773
17379 17974 19870 13179 16565 2957 8825 19485 7802 9625 13811 13332 7183 15956 10883 4391 9620 2281 3623 10894 875 2317 9140 452 2188 9872
17095 4684 6204 17404 5744 16669 5440 4007 1849 4840 13700 16456 16387 15071 8005 2242 19532 11001 19016 4437 16127 12165 15163 4342 17161 6270
17826 522 4850 9288 11806 177 15452 8887 17437 10015 12029 9501 11193 11963 3488 7944 4792 10432 2678 3584 9706 18052 15589 2156 12327 1285
18690 4795 8310 8286 15544 10627 19621 12298 3958 5069 82 13772 11567 10859 17781 1846 18924 17433 15610 18148 19407 2451 5954 10959 7873 16158
13742 5103 12520 4988 7293 4301 12002 19816 11534 16959 294 3283 17626 76 9319 848 19536 16592 13642 4044 15050 15548 10589 951 13275 11123
17139 2989 13037 8990 14532 8251 16795 17290 5900 17760 2448 18075 19431 3573 12899 13133 16083 18541 14292 2438 16285 13320 18207 8583 13678 9471
1305 16430 1059 15775 18270 10610 11289 13289 12940 4409 17658 7496 4896 3367 9038 14834 5098 2046 11693 9411 5199 10968 15453 16910 19362 15863
5302 13602 6004 15877 4267 19362 19637 14000 9391 3456 1872 15336 158 3745 830 7758 12444 13588 19622 3324 15358 18234 14753 14528 8679 19
9494 6890 9519 9177 10524 2785 988 4063 7700 12339 16358 2117 10059 17126 9977 4014 9448 4815 1050 4418 19254 4238 13224 4295 7024 4475
5865 6977 17219 16154 5392 1834 2779 19119 9479 8733 834 13990 6102 9342 2885 13390 7152 10104 17796 7618 972 18983 9875 10965 3058 18673
2315 9969 9585 1903 11729 2571 7662 1042 17990 3356 16194 4323 16371 4776 17103 3176 15960 4532 10897 6917 15492 5682 13888 16838 16524 11537
13852 3309 1961 2411 18780 14775 11055 14423 10676 18656 17228 1816 17208 6978 16970 18646 5366 3375 3748 1289 5316 14473 1552 18381 19845 7476
1213 18999 2783 9363 10678 13335 17400 3542 17747 16487 5625 4140 13970 6249 1950 3787 12090 9578 11858 7441 4755 14981 11842 2784 9026 9338
8130 15906 15823 4735 16442 15015 2166 2514 4170 1777 11056 2309 2857 3591 11714 18327 8810 6739 7698 6860 14178 1843 11591 1729 19847 8180
2985 16209 6580 6462 2604 15012 7575 16336 18573 18591 4010 15153 5060 17461 16136 10246 13049 4551 905 3471 4616 2913 18888 2902 5098 5924
10393 15110 16156 10384 16088 17983 171 18229 7345 10639 3787 10066 8894 16164 19278 1611 16063 740 18484 10594 12595 328 12877 15967 14730 12548
99 12909 5881 15357 17635 10734 19078 4329 18966 15390 4372 12481 13079 14275 10406 12692 8801 2251 16208 487 19204 11785 8913 8019 10813 9539
5215 1078 18085 6822 9537 7207 19450 6902 2663 9510 4491 959 10671 17211 9943 7582 17075 14589 19871 18955 9819 4619 19684 2544 3492 15361
19092 7917 10762 13888 17853 12805 4488 19937 509 18423 2964 14027 17597 13095 16771 17399 2495 1734 9578 17949 2494 13061 7559 14596 5279 17796
19217 1807 12161 2153 18112 18278 6259 3236 6473 2396 19993 5148 11408 10691 11076 3499 6132 2224 4972 19526 18391 10179 18991 8764 19833 14369
12876 1827 10639 366 18761 5190 18615 15566 2535 4654 18744 19466 6087 8771 12489 3225 5162 18832 10402 7438 17827 7521 15582 286 7096 889
14741 15879 11995 9796 11966 9113 14143 1421 6956 4186 19299 118 2541 17263 10320 631 19624 5876 5259 10770 16687 8965 7613 11868 7865 5365
13095 5327 10349 16541 13646 6681 3584 9397 19528 7817 14412 10154 17404 16476 6869 10615 2228 14527 10096 18782 17851 16216 18670 9854 7942 11053
16437 10691 18863 18609 16543 15965 13357 84 10417 5121 2554 6771 277 4017 19972 2325 2875 227 15378 11247 446 4664 15717 15503 17983 16049
9158 17069 7589 15870 16919 9845 9149 15369 9816 4269 4595 1200 17225 12778 868 13796 12362 6411 3410 3034 6337 17982 9157 6822 9861 1332
8101 5628 338 16068 2569 4632 6321 17373 14123 11863 3417 1402 10334 8602 9183 8823 12820 15957 12828 11230 15124 14233 11754 17485 14446 737
3862 5664 4580 19132 15486 148 1986 13285 113 11761 170 18248 6922 15421 17775 5446 5431 12332 10706 4851 3393 10817 132 19161 5431 1956
18398 12513 19198 17054 7064 1684 17357 10872 3944 3551 17659 14405 10984 8210 8000 7983 16254 3818 6006 15940 5494 17721 2946 7664 10512 5679
13761 6004 9752 14217 0 13678 4077 1310 1837 4574 19429 5073 11312 1434 9717 16380 8653 6624 8572 3137 13487 7470 16729 16943 16407 17368
2340 11931 8316 2421 16435 9018 13060 7381 13933 13065 11691 2629 15991 18051 16840 8201 11887 10954 13205 4538 9813 14171 11544 4303 100 7258
8517 17246 11079 14008 2085 9242 1741 3238 7561 691 19530 13122 17828 15630 16919 7 13322 7910 15997 12243 1321 18291 7261 1427 17724 19010
19073 6903 9475 4112 4473 16104 3398 11155 3339 6554 14794 14954 11600 14077 9972 2063 5378 8151 6901 3507 11985 16894 7188 1875 8907 10576
9524 2604 12612 10443 7569 13493 1411 8520 4568 7906 6075 15192 4084 6412 11343 10990 19670 14913 17535 6658 11438 5816 514 14512 15047 12025
16248 10190 11041 2746 2786 3472 15385 19089 8341 15323 8243 2114 4847 15479 3696 327 743 9273 2970 2537 3407 3404 518 17981 3247 5976
5952 4908 10828 10349 8995 16983 15358 3084 2483 17288 17035 17098 3090 8819 18375 806 6387 10795 5119 8515 10736 15714 6275 13396 16652 17448
14898 15561 8551 3067 19412 17111 13952 19364 3301 16613 15249 17966 14938 17641 18355 19652 2759 12731 5129 5060 3450 4139 15822 13091 19705 9994
15842 2680 8865 13141 6297 13718 13682 11444 17738 8018 12339 920 1995 2427 10262 12575 9195 12184 12503 6031 10819 19251 16819 1179 16558 12205
10883 14707 4612 7981 14244 13428 113 14884 3723 15892 12880 3748 16292 11016 6179 4523 2112 3599 14456 6451 6427 839 825 1092 11382 12387
8850 1399 19501 5924 4308 1173 19288 16435 2694 11935 11639 777 4368 5612 9925 11667 1572 13460 7695 7402 19885 4472 1661 11055 3158 863
8502 18098 9355 19217 6384 1049 17273 7888 17257 6100 6569 13229 5392 13776 1947 17749 17292 8255 8673 19549 2104 2118 12165 14365 1325 1538
7021 8928 9989 18036 16468 5756 492 3188 11366 2336 15653 18884 11643 14402 3908 14055 6634 7782 15455 361 8391 9794 16179 16838 6549 2047
598 17385 16577 10794 4290 5615 7679 9635 8512 9974 9251 1371 8334 2789 2056 13014 16838 17959 5644 5086 12714 17694 4498 6114 5453 12456
4818 15569 10533 19412 2490 7140 11532 18320 8961 17726 3895 19297 5834 5439 7184 9240 18236 13034 4746 11265 12369 1693 3908 18189 12270 8516
15233 3359 10406 15948 13019 12576 6465 11703 16630 5068 17409 5213 1211 3943 18145 15848 16750 5153 1686 176 295 17459 16151 11628 1374 10775
4509 17594 19321 10609 983 3281 14460 5835 19490 2072 96 13362 16652 4544 12265 10698 6595 4700 19815 1454 565 18842 5029 9505 10628 15582
15066 19866 19596 4117 15683 6751 8678 11829 17345 12801 4786 8282 13257 7254 121 12728 6641 17949 8203 2243 17050 16492 19266 19798 1069 3024
9658 15596 6452 14700 2565 1657 10535 6661 19644 14519 9444 13922 19747 6598 3055 6707 8893 14717 19470 3930 16938 11697 8250 1972 18995 18362
14721 8705 607 14857 14906 7503 18107 6615 18498 18178 1863 14818 16148 1095 1748 2333 3753 6085 11148 18752 1374 9248 300 13710 1263 13420
4321 19503 5798 969 2936 5305 11916 14774 17534 19319 7735 7309 16056 3228 3007 17332 11114 4106 16579 7184 15293 13 17363 3176 15974 188
2671 17179 9633 15957 8702 16786 13359 14863 4510 18069 14484 11242 14635 8415 17725 6097 9324 3680 11685 19900 19104 14810 2755 6503 15850 16877
16750 10708 2721 15283 3721 11587 19265 18784 13409 12897 15446 6305 16797 12170 11489 4846 11420 3113 18301 4155 14088 5602 7863 8993 15027 11233
2628 4217 647 19015 5370 14290 6613 6501 15682 12822 6095 2747 9102 1691 16125 16105 17049 5441 3920 9787 3364 19100 16882 7911 788 11085
2640 15112 552 17306 4931 8014 19313 12278 5519 686 12472 10435 12237 13402 4066 18853 4673 299 3271 6670 2912 15729 14871 19784 3425 18844
17296 17864 8311 10307 526 3924 5300 11462 1889 10460 15372 10474 8039 15748 3295 2347 9304 6039 12477 14694 8762 13966 10156 603 3031 7306
16108 4203 17587 14723 15452 7848 1759 17099 10246 17350 6931 3568 9186 5362 19168 16693 16486 9954 3816 19913 12168 6238 5453 2477 10386 9972
2168 19974 7473 4601 14741 18177 5029 7942 19321 5629 4254 752 14453 6108 8971 19699 9120 260 6932 13467 17604 837 9802 18444 13422 13127
19481 18065 1360 14108 11530 19889 10191 7816 1177 7286 17539 1165 18118 10380 12742 15064 19597 4246 14675 5716 15664 10760 3821 11982 5826 12823
7565 12478 13426 11448 13149 4787 10800 9505 744 12141 8693 1984 15670 10780 23 9333 6970 12235 16056 9033 18759 15024 12232 14411 10348 2737
6760 19347 14489 8374 1672 16417 7676 4428 4959 7138 9232 6030 16837 1060 10186 6576 14928 15375 10421 1429 8590 19634 11030 13149 9248 7587
