365
38 75 94 81 83 73 50 85 60 54 90 63 70 67 100 10 16 46 20 11 68 14 2 10 44 82
13624 6036 1824 19349 9346 3113 16056 5441 10167 16353 9505 19078 793 8769 2495 18086 5309 6869 13112 14129 18567 15243 8517 7114 11216 9962
16644 16755 8666 5570 4360 16140 1608 5852 6572 13658 7711 13578 12170 11771 13622 16615 18383 12643 10701 16928 5726 549 2534 10784 0 18485
8246 14459 13915 17750 26 9962 14460 10517 405 17532 17777 13336 10119 3979 4485 7534 14503 12519 6850 17560 9853 16732 12871 7484 12781 4546
11615 16214 7543 11827 14413 4179 17731 19032 13460 516 2981 2789 3696 15182 13122 4608 13978 7818 10045 4128 372 12553 9581 9728 3674 1896
18358 1190 18806 3801 18850 5586 10458 18276 19359 11934 9466 14970 18215 4009 11649 12268 2247 16798 10119 19249 3185 11163 12677 7003 602 14017
19366 10828 19571 3275 1315 16315 14645 14717 1913 10808 8310 5757 586 1577 10971 12448 1641 18782 16927 15563 12640 2502 5343 18735 8283 4320
17494 18745 13078 7738 10213 11048 5549 18868 8922 18156 16614 15064 1916 3537 1761 19371 18337 8944 7006 4650 15194 9637 3505 13026 14409 11410
2375 4289 6232 8689 13 14465 17089 7881 8446 2368 16869 601 536 9598 3083 16214 471 11874 4051 8500 3762 7978 18675 19863 6356 15878
4315 19931 1081 8990 2436 14157 18059 2030 2678 17602 14730 18461 5350 3469 8282 5984 13837 4740 8625 10309 14603 13871 3452 2141 17816 16528
640 554 6631 8024 13146 3086 4218 6824 10303 13953 15428 7163 12869 15181 2332 5066 6883 12718 12240 15788 19003 3138 4778 11107 12736 544
961 14848 1227 16494 8695 15319 19911 4696 2159 16532 6346 6581 430 19505 4516 5242 821 2155 15639 7189 14000 5956 8650 1285 2660 7487
13085 4397 10024 15629 1016 3128 11610 542 558 17122 5953 19257 4606 4473 609 16867 9922 10080 222 5323 4094 1762 4591 18045 12311 7213
889 3277 2510 17120 18953 12311 2614 6757 19759 12730 4098 10753 5642 12327 12475 15444 19751 18281 9322 14469 11344 11598 14552 1671 19585 3943
17129 19179 18738 19509 1877 8806 6041 19111 16837 5561 9607 7584 18425 13660 9499 19113 2387 624 16233 16836 12531 15280 13035 19192 12985 13942
127 14124 13358 17741 6263 2660 1765 10047 15500 6365 18561 5697 394 18960 13848 4971 16154 12268 12227 8686 18646 17417 2406 17843 12424 9813
6342 2542 8262 16794 9858 2996 7072 1646 14574 13341 19808 15902 2239 18986 10052 8127 7673 4387 14267 1275 15953 19219 11105 11346 13925 10382
10014 3279 8603 6950 13105 7207 16579 19428 5533 15128 6587 7090 17924 3892 375 15022 15276 3282 3413 19754 18880 19511 3242 11870 15565 2835
5063 12736 5333 7373 8933 16318 10754 2027 7983 3105 7648 458 18689 6154 7660 13072 17389 1169 12664 16459 19305 17292 4319 9529 14581 17579
4752 10125 1062 8967 9664 6116 16421 6047 18518 406 11532 4729 19694 4921 3314 16120 13552 14142 18668 14706 16213 15066 18994 6540 11269 7444
19296 12751 18599 8317 16327 15761 7749 7475 2935 3218 14836 15916 16655 8255 19470 17908 13285 3264 11503 13354 4349 19611 10361 3638 77 8030
7674 366 8841 15146 963 19984 8249 12638 1230 14599 19411 4869 9915 18484 12931 15432 6701 18125 14672 7076 4926 15353 16365 5554 14686 1233
2528 12311 1112 14515 17727 7529 18005 15049 8201 7410 15551 2893 2346 7499 18623 8976 15062 1266 2432 6899 17867 7136 13528 9849 5208 6173
16794 642 19712 16913 12964 449 18867 17102 9163 13575 17903 10597 16897 2137 2267 11743 13227 1337 3953 4858 5857 3166 1155 4307 569 3442
13733 15114 753 12067 1785 9603 6514 17036 5441 15595 13771 8226 3839 1189 3370 19607 5592 7389 8752 17806 9027 9219 9985 4623 14810 18468
661 2469 18241 3137 14348 9796 10281 7551 17362 18570 2949 4653 1336 17472 11172 19940 6555 4119 13802 17828 4019 18496 156 2188 16281 18956
6369 17878 987 16909 2989 1342 18520 18546 10908 14402 17670 18007 9090 16185 7431 5724 18778 7711 19355 4363 12696 2333 19430 12834 10574 12424
7016 1634 9736 12272 6977 5492 19739 17671 12751 7536 18499 8656 10096 841 13856 6765 9998 13309 4338 4705 563 14572 15898 2226 233 9748
19678 15250 2894 9806 7351 7702 7492 9236 1882 1316 11817 17241 13103 3121 9599 4041 17148 15033 6975 9310 4867 13855 803 11030 10522 2253
14849 2032 13846 3906 10368 18147 8128 13209 14822 5039 2812 10868 8252 12504 8617 12977 15984 9661 8867 5773 19068 17787 1944 3739 15190 9742
1175 16661 836 4456 15711 8090 129 13125 11243 1711 17961 17081 19625 11348 8094 3945 8054 17415 7648 3164 13978 7394 9774 13537 13470 7904
4300 1488 17201 18789 12685 4726 13832 11613 12154 9089 6237 6594 8428 18466 8207 4725 9429 7428 1544 4929 7811 698 7698 14619 19246 16002
5753 16275 8266 11321 17711 3334 4746 1420 9705 8942 7329 16277 13349 19316 10642 18751 6394 14683 2486 6761 13388 9359 5997 14979 15333 16672
15413 3034 8781 1067 16796 18106 11646 663 15699 19886 3707 2815 11596 18649 7689 7122 15795 3946 9365 19277 950 3491 17155 4996 10840 13215
10191 3973 2216 19542 1570 10556 16152 10422 2694 3744 10877 14513 16572 9924 6389 315 3502 17250 11020 13107 13482 432 10245 16625 14806 5364
4409 7174 9793 14903 18278 568 14607 13436 351 312 3911 1725 9589 4346 8037 3081 19372 1816 7186 7960 3942 19677 18767 7580 9270 5901
9528 15374 5926 5593 4317 2795 1313 13620 6303 3163 9309 15296 18305 14589 9991 17228 15201 9063 983 4723 14220 17098 9919 8857 12258 16273
11904 11638 8256 5775 15616 5518 13914 13520 4233 3359 13325 19771 17411 16866 7667 6712 1534 13081 9642 19925 3428 5576 19130 6020 2651 338
10621 2183 19403 12811 3323 13501 2988 14986 13928 5677 18961 19966 12662 19113 1484 16202 14228 19861 4358 808 12588 13757 1841 7958 18628 18917
9401 19034 6654 16905 8770 2152 4974 3597 8805 13903 15465 12632 19863 9148 5463 14020 19724 10586 15199 16525 789 2493 15106 18194 18512 11799
3403 18367 2241 13458 5019 6317 14245 13641 6642 2757 11703 6191 14841 2311 12570 13332 630 1041 14915 6878 12011 18709 10149 14330 472 7434
6850 399 17501 15695 11481 12442 17269 15745 12255 13680 19460 16451 7992 16956 1670 14350 14132 14493 5076 7345 4055 6487 2492 8092 8238 6420
19980 7560 11846 18957 14902 17879 5614 3814 14467 3910 16811 11271 16821 13613 16061 9564 14391 15330 16708 313 7042 17825 17198 9981 14529 15513
15656 934 5573 4027 5671 19825 257 16781 4370 5621 6878 11552 9580 7589 17587 2703 357 3087 11665 9145 18286 14402 11672 17586 15838 1499
9732 15094 9762 4129 10463 10723 16348 6495 10917 2501 16490 10110 14052 10021 10740 2029 4696 6419 11595 12133 7474 6240 4130 15675 12318 12557
4787 1216 4586 8273 5726 7188 15675 17528 7665 4907 9903 16568 19294 16361 7780 17587 19212 7496 15432 33 589 5830 6437 3580 3623 16018
8044 19016 3421 15906 19807 19111 4681 5084 8118 3444 9120 4046 17973 6411 19022 19191 16360 17275 19432 7655 9509 10850 1589 4676 3841 14835
2287 10868 18460 11849 14139 3318 18703 15964 18266 4574 14429 3042 12547 19189 1863 19053 19416 17185 17984 9892 1988 13833 10908 12421 18883 16006
14602 11290 10936 10692 19271 3442 18528 14387 17842 11275 10467 4682 1321 11552 16746 6134 4296 2039 19724 8250 16983 11833 8328 14278 9806 10194
2893 6615 1705 19467 5062 14206 9929 19770 7767 53 941 19256 7516 11429 10911 13721 15037 12827 10875 17689 10019 7852 8751 9965 16618 11784
7 11221 17118 16990 16303 11869 12433 8809 3859 19473 1096 15216 1976 7555 14821 9351 15200 15022 10646 8246 5378 17608 5869 13085 16861 11498
15842 18223 19970 13065 7345 4279 3650 11348 4814 2537 11445 8808 911 7981 5841 10188 11083 18859 18195 11129 18335 4442 3813 12275 13894 3076
19246 13586 14007 5991 780 16363 3258 14119 295 132 6157 4656 4408 6892 16577 2733 15774 16654 12404 13993 16353 13936 13171 15646 8278 897
3330 15519 4099 2159 19383 8931 2974 7748 4283 3999 11673 14256 3095 10329 17311 16248 17858 18573 512 15577 4901 7437 3531 7562 12378 8259
6104 12085 8375 1536 17292 1550 11138 10451 8984 17984 8504 2335 5684 6551 938 1632 6122 16459 4620 2862 10494 8792 19920 16552 18685 16959
12993 13308 1938 6439 18910 4314 8364 12864 5120 10216 11549 17760 10445 3057 16908 19575 7010 11090 4737 1897 7706 11269 19080 14530 18942 10534
7223 14120 17935 11176 783 14350 8028 12162 15578 10688 8472 12235 3178 7782 14684 18647 3414 2874 15529 12526 1815 17368 7172 9145 9541 19899
5620 6886 1925 3083 10429 1638 19349 11319 10110 8569 719 17077 10949 16734 11800 13560 11221 7000 17654 13066 6658 7395 18169 9784 4943 16758
6478 13506 19197 13554 11829 5496 9658 8746 4307 9301 8659 3308 17419 111 4173 1747 12844 7081 1102 4115 16253 12908 15340 4353 11636 19785
9249 555 5408 4156 15062 6552 13291 9013 10810 12721 11095 3278 174 14749 14376 13721 477 4891 5700 17047 14473 6825 19710 14624 10532 18567
17794 12955 1885 11960 14083 3179 13002 888 11007 15867 1308 8936 4247 3017 17893 2596 12408 19183 18323 2642 14472 12267 8070 7595 19113 1166
1138 10085 10412 8285 10841 17678 13421 18178 7299 17896 4240 8949 14387 9979 6481 14974 11065 3529 17488 12655 11239 12717 17119 4559 6809 19915
17446 7974 866 1780 17811 17627 10771 18727 13341 11500 5628 15462 4406 17251 13643 14579 19567 2184 2858 12843 18347 15297 5106 12830 997 15575
7722 5991 18962 3473 9526 733 13011 90 14657 13927 12943 14929 17798 12471 19102 9289 9197 18968 12535 19387 13239 6027 10833 11451 1257 10059
19819 6812 8491 6944 7925 13617 14185 15982 4111 520 6161 15380 14196 8008 19461 13552 11864 2104 13733 15571 3172 13641 12987 346 523 6601
13798 10279 7771 1967 10085 11989 16409 8623 5272 13847 12957 12172 10722 1982 5879 14137 1752 3831 15870 4649 4540 19210 700 8976 14741 9814
10042 9471 8532 8716 6273 17926 14549 15877 4465 14410 12018 19901 6420 3686 1908 16499 2483 18765 7198 13463 19247 15984 8935 16880 8992 15961
7501 5117 7637 11636 862 12673 12450 7578 8195 17156 16696 9143 6716 11863 9816 2224 16020 12580 7360 16000 9347 12636 10820 6013 2294 16509
17653 3988 2007 10895 15216 2952 3239 689 11715 8841 10408 15367 11065 134 5775 4887 18074 7175 6830 9581 13412 10846 3896 8192 7199 6354
14119 6797 18625 12959 7383 7446 13288 7015 7409 12672 10381 11122 17750 3749 6813 19908 17996 8429 10218 4973 17465 629 1186 492 12033 7486
4245 15928 9599 15595 4745 7638 221 4521 18961 17418 6652 10981 12943 5740 13034 15892 14609 2888 19644 1967 16663 18710 5377 13972 15684 9722
7797 17051 8595 1987 11192 13140 245 6494 19518 15397 6702 4685 1673 12843 18790 344 14878 6425 17746 4486 9961 10332 11023 918 2585 13984
16963 19085 17216 13163 6619 13750 5997 5064 12185 17488 8699 7668 14536 7725 308 6441 2198 14296 16915 5378 18421 13509 18813 8964 7181 13128
12881 9638 2438 19495 8774 12537 917 10804 1844 18798 14792 6404 13979 1371 4218 7536 9338 5493 14477 2832 2924 2402 18633 4612 17410 19849
12127 12369 19090 14613 5651 2504 12794 2832 13994 1424 7884 18626 11535 7116 5930 493 1593 16755 11325 10193 10003 9210 5034 8665 9703 2525
13147 15144 5915 1241 7522 7277 5264 9421 5782 8919 9053 13857 12486 4821 7784 9427 16620 1575 14902 16658 15896 19537 686 19421 4335 19152
19277 6362 14215 535 7782 6772 14237 464 14998 7678 10244 3131 15728 3121 7086 18205 1651 19895 15982 10998 197 8726 18938 10199 7100 8837
14543 9606 19706 15205 15535 3206 16531 19816 19740 55 15375 8316 18747 4662 15399 5211 7028 14248 3215 10184 7303 646 5655 4956 14933 6062
16162 7919 4313 9753 5195 634 11897 7394 11201 6875 13713 16909 11312 8279 1292 15975 16046 1360 11665 8466 4570 10946 6157 16928 13934 654
16471 3792 16402 10968 13732 12614 13081 6184 19357 2514 1176 13183 17490 14293 16109 16623 18547 11464 4907 18556 15379 15245 9287 1609 8961 15031
16687 2296 5977 18125 15464 13845 6219 16073 315 6815 17443 16129 18881 3764 19873 18351 19694 15818 11267 7993 8470 4500 195 14498 11366 18712
13135 6700 2140 4892 11602 3538 6709 14527 4869 16879 2965 19051 1310 1535 12673 17836 5173 11383 10474 18519 18940 7590 15443 3930 15105 8914
11877 18370 14877 1931 308 18898 3372 4751 19599 3218 3953 16187 16781 5736 5075 14781 17921 9444 9519 5297 15312 18199 18699 19363 2256 13354
10831 14813 2676 18669 16677 19774 14238 19489 7375 1173 7189 1511 937 17504 5905 14632 283 10759 10350 8254 11487 15925 696 4880 19748 3585
5493 18971 10510 18133 4825 434 18169 6880 6613 7443 4620 17178 9687 9601 18647 12228 163 11829 9719 12435 13102 15488 14725 9065 4655 18213
664 15345 2058 18827 12580 10018 7817 3117 12843 4894 8495 12376 7144 5487 4559 12460 11471 13174 7888 8697 6141 5324 17218 7767 14293 16377
3504 7956 14490 14654 12054 14703 8250 8724 9485 11170 13601 1207 15603 16715 12030 9970 2387 3136 1005 8718 9763 16657 11172 7853 8458 13942
15484 5326 12193 8508 567 2030 8172 6292 19731 4474 4646 658 8410 5867 3893 3588 17027 9970 19334 12477 7664 10506 6502 15659 11036 11888
5187 11708 18 6078 11600 12780 6018 18735 10186 17002 19191 18858 16799 19107 13308 1369 11203 6287 18003 12620 14198 72 3450 4706 639 10131
19296 2787 18305 12244 13867 4426 16709 14361 10179 10016 6662 18164 13206 1643 13052 13734 17639 14548 14325 11301 6967 6956 18516 14396 17302 7005
17802 13011 10548 14727 11226 8737 9607 18086 16051 9989 5174 15166 1971 15127 18053 5638 15605 11288 8313 1368 19117 6785 9191 18841 13862 1188
12545 19566 6722 3471 10725 18545 17293 5411 14283 19374 12474 14941 9134 5013 786 10295 15881 16223 19535 14702 3821 1059 2681 4970 15895 10336
12596 2550 13368 19113 13467 15866 98 6026 31 7942 14384 17498 18865 15397 8721 8482 13518 16769 14510 18552 3516 5246 18406 16138 6582 8550
387 4555 3770 3057 9129 10198 14285 11297 3046 15002 19749 8938 8106 19142 3563 1151 18627 13253 3577 3537 17301 5059 160 1315 14130 2129
13792 13978 11324 15203 7162 14342 14998 1377 7992 10605 16279 1649 7901 11106 13580 12225 20 18443 19690 10017 5336 18787 12489 3255 18499 17253
9214 7183 9653 2994 5529 2265 14715 15684 3787 17599 19406 19916 6293 16387 14975 17629 8871 5753 17019 15824 9918 3041 17988 13302 3693 18704
6767 5737 7121 13482 17405 18867 9038 18995 14549 14079 12421 3528 6914 7426 1100 380 15342 5856 17121 3466 12644 12043 3624 12766 12806 11857
18510 13854 19331 15600 17584 19994 18880 7157 14090 3814 10736 3520 443 6808 4483 12719 15518 6592 14288 6461 9128 9461 19545 9448 19203 14441
17906 16917 15677 3682 11135 7792 15387 12264 19237 13827 861 19591 8032 6635 16232 14297 4282 1315 13963 17193 8350 9030 13118 13199 750 8328
10998 12324 11416 9108 19275 6462 1992 14961 1949 15545 5857 12298 6586 18426 1657 2842 17301 14028 12477 6026 17300 11269 5398 19331 8146 5897
5038 14372 4799 10074 648 1332 8866 10385 15150 7544 16980 2674 15592 1895 3662 4450 8482 821 8481 4198 13109 3738 7526 3856 5417 18448
2285 11499 12792 16998 17444 17663 2891 17943 11943 7845 511 10466 5431 13542 17949 832 14157 1722 17249 17553 1110 5360 9898 3148 14881 253
11863 4694 17741 16065 3779 17424 15298 12591 12421 13416 1611 11885 4512 11728 11196 2598 13121 17522 6627 5238 1884 12221 18481 18595 16905 11741
7165 14168 10217 9835 13600 4050 1430 12431 5900 7579 9674 5599 16208 9360 2986 7933 14884 10199 10809 8969 8808 16484 16418 6422 11443 10669
7400 8558 48 256 2043 18311 18173 12169 15016 11273 16600 6369 8303 13102 5773 1891 5284 19787 6453 16460 847 5918 8874 18643 863 7297
1767 753 15080 3465 15406 1733 18732 3937 2805 11398 9019 3713 18945 9980 12890 1175 19261 4759 16673 1691 8731 7495 1643 6171 6157 3903
13297 4383 5499 3625 12083 2770 6605 7080 17499 4888 2362 681 12546 8773 10610 14344 8131 17321 488 19657 18242 13826 2173 5266 3515 18612
2972 5329 15834 6458 6204 5571 9677 19450 12513 17523 10255 1721 9228 16335 19941 16383 12392 12409 6526 2376 7052 13584 14594 3352 17845 7901
13381 18282 14165 10477 7347 4959 18738 17298 8858 5385 10321 715 5331 14725 14273 307 16944 6519 7338 4762 16103 7283 15495 8719 14691 10146
19613 14275 14719 16537 7630 10926 9172 5525 4283 14221 6847 14890 15113 5521 4259 7952 3333 3579 17988 6167 13347 12416 1043 8086 96 2807
15925 3705 14323 10286 776 15550 10697 11272 6299 18698 15073 2466 1056 8783 11620 1705 8528 11074 13381 17564 19542 18216 9518 17950 5984 18676
16680 12789 18781 6044 3075 13657 13711 3202 11089 14590 16163 15384 17811 1445 10224 2527 12260 19738 1985 8606 10208 1394 11296 12429 357 4015
12 2025 8740 7883 1648 9982 12559 12487 10620 17830 11235 13855 8316 4872 13359 2196 8224 205 6427 6870 18735 4729 16591 6459 13889 8377
13980 1914 15718 11405 142 15940 15231 6519 19689 18401 11150 7974 8376 11435 2547 9598 19979 9002 15660 12416 16675 4289 9039 11760 4857 14878
14120 11205 12785 13667 16339 1571 14861 11546 8988 7658 4985 16691 7213 242 17818 16025 12424 19285 5374 10247 19043 733 297 7256 1179 1764
1244 9744 11342 19223 16687 1527 17919 16660 16746 4675 1466 16292 18439 5605 3547 10314 15801 6439 8128 792 10855 536 2018 2992 13631 12375
19519 12291 13343 4919 2979 12780 9221 13794 10749 16483 382 13558 15734 9149 10937 4415 19902 18627 15831 17765 12908 218 10818 4600 16102 18748
560 8004 5740 13291 11193 13692 15007 5852 17632 15697 19507 3227 6787 19043 6186 10129 14271 16141 15897 4128 18604 2327 9504 12905 4590 7884
18879 352 11662 4229 7291 13445 7418 13024 12762 10749 3231 4262 1392 2450 13999 8600 9097 12410 9675 16063 9409 17870 11911 16873 14367 798
15653 5184 6874 7342 16743 2187 3700 10415 12425 16629 3261 10464 15143 13637 19742 11314 16142 2967 15851 9089 14192 15923 15503 7249 1685 13352
7648 72 3337 12720 5234 1238 16249 11172 9087 18786 13700 9778 73 12049 11639 10659 8924 4883 6 19401 1353 19378 9008 16834 9253 19870
8264 1096 599 9295 16860 9535 10999 7083 14134 12931 17096 127 15584 2640 19112 9970 9818 12962 15908 11942 13112 11500 17200 2775 3796 19381
4976 4593 10347 10995 6746 9837 9239 19953 1932 12156 3297 5168 4716 12954 8073 7882 13872 4783 12433 10131 12727 19347 12512 8659 18278 17100
13029 6619 527 16753 13323 5680 11811 5700 9468 4088 16898 2235 10739 18497 1999 7463 19410 7540 3659 13689 17724 1965 2798 8261 19304 217
10684 4005 18786 4636 5989 8020 18188 6675 7286 16238 18104 15775 9431 14993 4810 4737 9206 6449 7002 17359 7251 1354 2011 7972 12012 15829
16966 1629 1215 6775 11010 6541 61 9002 12550 2433 14128 12585 19141 17046 15743 11812 10149 16476 12547 2488 305 18740 13045 15266 16649 7532
17829 4608 15294 7309 12585 2297 7727 3348 540 7885 15904 18771 19216 6986 1817 15276 4209 8640 7930 17789 19986 9940 5937 400 10735 12873
171 18706 2712 14660 6869 11481 13979 5692 16047 19359 9083 11319 17072 9269 12031 3492 14219 8433 15281 18687 15366 12162 5906 19731 10032 9970
16246 11519 5533 12051 12683 13780 8575 9897 18340 3849 15529 9059 15677 430 18109 12712 11757 9098 12865 7347 13192 11756 6447 2884 9856 16046
3512 12040 19971 3393 325 6437 15677 18037 1335 1195 14398 18113 15517 1454 1243 11512 2282 287 4800 16331 14060 11660 10770 7751 3542 15092
4179 13512 7224 4957 7684 13607 12431 21 7270 4439 11850 13528 11761 16333 8110 17760 16818 5342 677 10308 4811 16450 11794 12489 14126 15988
15422 12766 5099 13306 16229 13113 10199 17399 2371 17353 17910 626 18870 17041 6476 19540 11302 14362 5615 19012 12618 14450 4847 11740 14394 13934
4144 14284 4253 17962 3467 13675 2042 16267 5158 19567 10621 2717 4156 16703 1971 14556 18021 18898 15386 10155 18537 13641 16297 7852 4004 15216
7780 2231 13373 16945 17406 9778 14191 847 6286 82 10227 17066 425 2354 699 8391 15498 981 2546 12328 251 14289 13478 12739 8181 15754
15907 10774 19971 10001 12287 2268 9848 9281 19969 2937 9250 14454 11858 15106 8054 3820 17118 13062 3730 18383 16630 14143 8644 2857 296 14204
3629 17297 527 173 12252 19128 2442 426 4414 9222 19267 15931 5501 11113 17908 11117 10665 17758 4418 2275 15081 5247 15210 7047 16181 19121
17064 11465 2112 19130 17081 6880 6252 5275 15164 4703 18680 10588 19929 12861 17613 152 579 1196 3637 17140 7457 14298 3863 16170 832 3815
4546 7739 14629 8930 957 10760 9690 3110 17168 5219 403 2799 15085 12433 18444 18118 6353 6026 4427 16054 8883 395 4960 8057 9351 11223
7213 14035 7107 10817 17211 17444 11042 6439 751 15562 16415 11865 7535 18951 19981 17704 1486 8110 3766 4463 4026 15514 6133 13492 2236 9029
10332 13228 9062 4283 15535 380 17931 14452 11321 5056 13669 2484 2284 3271 8953 16494 9722 1035 8131 8176 3526 2891 14561 11864 13911 5086
14574 10660 4962 15983 12513 10023 1070 905 14436 17890 11658 165 7144 18537 13522 19177 16778 5117 4209 14511 17621 13198 4264 15547 11349 18946
8314 13370 7950 16117 6899 10982 3417 5822 4761 11359 18447 4367 5463 9342 7847 18473 15459 9216 6411 15642 17065 7348 357 9166 19150 3960
10607 4933 13823 15023 15261 16109 9813 5342 8224 3777 1294 4140 19337 6208 12130 19816 4301 6863 19607 10897 1280 14159 4073 2043 3560 18787
16059 10722 383 1372 13260 2233 5348 13402 15844 14036 19298 7300 10065 17887 16973 14221 1750 6786 19027 13177 4220 4404 17003 1174 4161 13272
15348 18701 16086 16010 14140 9913 8770 9167 711 10289 19824 16040 10418 8934 962 4071 3773 9107 9458 4557 7882 5364 14924 2992 14781 16503
722 15174 8952 15308 2217 18724 11662 13870 4150 9378 13225 19832 15637 2170 15422 6826 7618 3432 9248 1750 1787 13129 10170 14096 18914 5659
5917 18035 19636 9982 15365 12680 965 15284 18593 18905 10364 6530 3445 344 16801 11761 15716 8164 2756 5885 17614 6967 10099 10716 16475 10914
2413 12179 2810 15545 8266 11798 8125 19398 19444 6592 6685 8257 14400 16536 2794 12635 18999 5206 1452 13409 18789 13316 19280 5704 17624 9203
1287 15685 4294 17260 16543 9359 9667 10912 5426 15812 10909 4718 16645 4879 1453 19946 13460 11674 10424 1958 7020 16890 8389 14933 4403 7045
18493 9433 18241 16230 13896 5271 16959 12740 2208 11684 11812 4810 14261 2529 17426 13927 3879 14808 14874 5578 13412 9889 16098 9574 6363 3900
12146 9511 17301 12802 6195 15176 6915 11797 7936 11342 13908 2652 7016 18014 16347 9039 16910 768 14856 11677 12169 17877 15769 4035 17068 2857
18503 7832 14511 1540 3162 15879 6566 18079 16449 3509 638 19288 9877 6085 19221 3754 9507 137 4809 928 17760 16709 17596 11799 763 9008
15300 3770 3 10590 18441 14238 11883 72 757 8745 11645 9007 4240 15384 13941 14380 3437 2413 11398 6477 8197 3319 18551 11440 538 13917
17935 14019 16886 890 13183 4522 19868 10303 17863 2330 18010 7651 8668 6167 1129 11396 13587 10509 6473 18609 19863 12422 13200 6495 1417 852
12037 3580 286 8706 11407 8736 7328 9556 11184 18476 15235 17845 8487 3772 16189 17080 8789 12969 5884 8377 19225 9272 19867 7138 15116 15835
8784 9222 7005 4110 10547 13806 19865 4946 16635 15371 3914 1500 19974 15908 14037 10489 7068 4884 11894 10784 13197 17213 14920 3943 9573 19600
12753 2497 6092 12214 8162 8411 1837 4093 11998 16288 12251 1640 1998 7692 1879 16988 10654 7661 17981 5525 17152 6178 18385 4462 10408 15748
5484 5925 14556 9419 12707 15631 9796 8990 13674 15790 11461 11585 14356 15707 3585 18002 12508 18577 7964 13970 18395 7700 16108 14009 9109 19956
11405 16249 5077 12020 14765 12398 9769 12035 14779 19535 5566 15696 6815 13161 4761 11715 3714 9906 914 17665 3866 546 11372 2076 14057 4514
2094 16002 13358 9661 7308 17900 4661 10297 6743 5185 18758 17735 13338 17797 2430 4638 19444 12905 15790 8129 13361 2371 16353 2035 6760 12858
19059 9171 277 16058 17791 2647 6732 5910 5510 6192 19861 15005 17537 9506 451 15204 12788 8879 13510 11458 9663 7786 3530 15156 13877 3540
17845 9845 8912 11553 34 16013 13986 16371 108 14858 16567 6313 15448 4673 19679 11317 17955 11193 549 5619 19397 12106 6383 17970 16713 4844
5112 5367 12149 18007 13082 14451 14338 2152 19059 15331 634 3282 14277 11742 2225 13557 4934 5754 9581 9639 18143 8623 13471 11224 3001 11292
14496 6927 9642 18684 5576 2766 1617 6300 10917 6717 16924 11451 13578 6064 14547 8167 7569 15366 4842 2765 2715 15246 19408 14160 13101 12660
15073 2942 9094 5749 4530 19116 6727 18913 2439 676 11929 18888 11969 11183 8551 8692 7559 581 1280 12946 18338 7154 1824 3271 2619 7115
4777 15129 15183 18430 19390 13186 11085 18787 10886 735 14950 4985 13041 12255 18695 12209 9304 15559 15821 11046 13604 3911 17864 14097 4660 3454
15686 15297 15953 8468 11639 8802 1921 6340 4394 8298 7243 1701 15420 323 7430 11840 2938 14831 12879 5953 4167 962 14258 18031 18524 3185
5765 2236 2739 3606 3757 17117 13229 15982 6524 16736 7635 2580 13861 14655 4248 7249 133 18460 12859 12488 12670 8649 19808 4943 17691 15444
2404 12817 17867 12815 4667 16484 19341 997 18279 3556 11540 11121 9805 5081 4819 1826 2303 16879 18986 10531 10372 6910 12058 2712 13481 4345
9415 13088 16780 7220 17746 19782 11277 5846 14863 1416 14309 6922 14847 7008 7186 12807 17930 9467 15623 18286 5013 7194 14123 16860 8833 14447
8150 16172 13734 13542 18068 6093 8645 2169 16925 3769 5800 18388 8918 12930 14243 19833 15924 7846 1096 16366 16913 18732 9168 2997 18693 9443
4339 16257 6699 15231 17090 10412 8757 11916 14232 15493 8536 19651 13235 14805 15616 17251 12070 1608 12926 922 19922 4339 5508 267 13934 73
7603 6220 6194 1989 8588 12449 18126 13726 10245 2478 19195 8462 9370 4753 4179 7933 13876 3162 15790 75 12683 19608 9095 2637 12532 19565
10905 5943 17150 19156 19010 11964 3503 6948 13827 15163 7169 4803 3356 13336 1589 2793 14062 125 17602 2524 9120 11512 2508 11655 6319 8132
6250 17198 14125 7297 3428 18568 611 9310 7902 1047 19646 12258 2211 19306 18706 11910 12854 12543 5706 7891 5474 778 15872 5012 6883 4031
16766 2279 13949 12810 7669 16880 1972 7992 15701 8915 14127 10015 19504 2443 6791 14921 6509 11906 13346 16752 17993 585 15646 7259 12273 16302
863 4220 13767 8485 17325 6740 8097 5364 8072 10589 17598 5243 6502 4689 6474 7107 12176 37 9233 18078 13208 13099 6778 3626 18415 3045
17839 1179 10731 4364 2728 3186 19570 12541 529 4851 15012 2521 2641 16518 14630 16295 16257 6822 18799 13982 10822 7300 1030 13294 6655 12473
19959 5531 3131 18696 19260 4821 7135 7888 8407 5316 5155 723 9426 8182 1751 19829 8464 887 14564 10843 11407 16090 16607 16092 11162 4773
2013 8617 15072 8735 6240 5093 7554 4698 15486 12911 8999 18747 4587 978 10051 6647 1207 11439 6097 988 9262 5863 11600 8998 14297 2732
10746 10958 6797 14326 12213 901 2356 16690 7340 19507 18164 14681 19222 17389 14348 2921 18686 4260 9062 2006 11239 7194 3791 14838 4031 13791
13153 10759 13586 17793 16879 13625 11821 2833 10179 12324 10894 682 9955 13467 3207 1573 8774 16565 3561 5701 12015 3450 18179 2116 1533 11023
4319 11865 5258 18513 15701 17300 7842 6040 15573 5408 13754 19823 8974 1627 11269 15385 19583 7838 10785 3500 8078 4259 16625 14400 9900 1468
8991 7487 619 3987 1953 271 5259 3555 15853 324 6448 13244 5832 4322 722 4799 4465 364 9703 19392 9558 38 5485 17312 17228 11345
3521 7756 16617 6586 3264 14947 8684 8853 5907 17807 14098 19985 12670 13168 17864 11894 8312 12720 19942 5715 15868 10604 16535 12930 2079 5324
8321 1859 3121 6310 5411 16836 914 10614 2851 5038 15971 2802 14525 4461 16603 17905 3582 4657 538 16735 7072 784 9863 10079 15253 17611
13725 15237 1360 3749 3138 3357 19485 11696 11688 12349 6974 1432 9622 10183 11806 11889 1765 11391 1593 7361 13157 629 13963 11874 8531 1808
12097 11173 14776 8442 388 15654 262 19948 7593 7442 12918 15897 4677 9225 14848 15840 4944 7934 7609 12677 17046 11009 6182 4214 12143 13744
10833 19843 16602 4713 19550 5723 14434 15711 15910 16801 13461 13712 12558 17048 3366 3975 1181 13388 19206 8139 3515 13001 11873 3477 1184 18432
14125 9915 12809 17771 10395 7080 1977 4717 9771 4401 14249 7656 7413 15387 17572 13373 17743 18893 18167 8097 465 15645 8255 15238 8375 19507
14770 5830 1605 3076 13626 13300 11368 11371 9417 12829 18819 18655 14871 7775 13186 14780 5575 13704 3644 13721 7341 13677 19922 6446 8652 8133
13325 9879 14664 19088 13619 5592 15373 13928 5332 17542 12652 7835 16348 2518 6098 15197 14313 9978 3419 3280 11163 1551 8568 6897 10532 330
16866 11956 6056 15588 6597 15259 17535 17146 15915 9514 5801 5990 13654 14928 8077 8750 10351 10412 19973 8535 1024 19306 19198 9813 7412 18113
5734 15817 758 19938 15293 19098 1713 9301 12969 13641 1866 2120 3184 12751 5343 2467 17491 9543 13446 18414 14079 8518 10821 14902 4159 11108
189 3501 10032 14989 14616 17921 2161 3224 17552 1870 12113 3106 6704 4466 7401 13132 1534 3008 8655 19304 5206 3940 16553 16627 7421 6421
7979 3560 5053 14372 15651 14090 5049 1526 13067 19298 2207 11573 13060 3311 6482 1889 10507 15900 13248 8459 17529 18601 12912 7294 10652 17867
8387 551 12089 17414 4202 1972 7038 3477 10146 16417 4421 7212 9344 15690 8894 7582 13308 3405 13176 6043 523 16258 18123 15527 8744 4734
19114 2764 3419 9259 17317 5407 16191 11028 7350 17656 7335 4716 18860 13717 12312 16485 3120 18057 9680 11523 14376 14906 13000 1290 8141 10636
4437 4307 5258 17067 10902 17810 19848 2384 10200 18930 16653 8071 1640 8767 15549 11477 19880 15718 4883 2605 494 4559 19046 16739 2928 19940
14434 15159 12649 14195 13426 13827 19565 11235 16510 6096 10809 18118 5527 4750 9245 6852 10601 12643 4250 4020 16075 2780 16192 15300 830 8218
11011 8689 402 11218 2802 797 3957 17275 14398 9862 10569 18758 5736 14231 851 6515 15809 9288 7100 2152 7200 376 12910 14684 14502 5420
15589 6444 10017 6198 4733 5844 18137 9062 3333 13816 3688 13520 7500 12187 3517 15490 4813 1266 1363 17439 12101 18347 4431 325 17693 8071
9994 1390 8098 7124 3117 2422 16195 8187 2155 5392 11918 8957 1070 2086 6366 17214 10638 3427 4080 1514 17412 19520 7355 10433 4041 12302
15785 4194 3907 11486 18861 14290 3814 7191 17584 2111 10257 18352 9182 19752 764 3711 18550 1275 12338 6769 1844 2838 9721 10088 13109 16924
8640 9666 11267 19777 19569 17716 17099 6902 16825 17336 13120 15639 1640 5202 7599 11169 8266 15218 18994 11337 3007 14339 18262 4129 13535 1392
9731 13860 7767 8591 2969 13280 2376 11917 18878 661 5904 5029 16576 4480 17278 6595 7611 6544 5224 3134 17805 4507 12972 11374 689 3578
1055 3255 11954 4703 10631 7251 8630 7645 9204 7556 15985 8039 9883 16682 7304 14538 6863 7285 11109 12665 14335 2675 3500 14329 10239 19437
11969 11180 15295 3650 6508 6228 16806 12613 7982 6063 2962 18810 16173 14723 14882 15605 18563 14423 15002 7837 7819 7325 4470 14080 17107 919
19388 7000 1936 1105 17611 12551 3736 18194 8637 9324 11059 13067 346 16628 3530 8290 18789 19587 6130 8683 249 15402 9033 14725 2507 3585
5898 16093 11940 3105 15337 18480 9417 19039 16935 1969 13981 1424 3204 14232 7810 13092 9926 6354 3668 15417 2634 2867 798 8953 10786 9073
535 10357 5464 15219 9813 199 4603 6582 7136 19271 19357 18142 16755 4982 7543 7566 5638 3232 19630 5534 15588 15479 18661 2836 18814 18892
6520 1488 6643 14139 6582 19982 8264 19719 11140 16560 17402 16386 19951 12976 11917 8149 3921 18404 6474 15834 16532 11020 17229 17247 6110 11166
4878 19047 16049 16211 17849 6182 6459 17669 13268 10162 18509 14320 1182 1992 4479 16844 11377 6820 11622 12313 6786 709 6581 19608 18245 10486
18994 11901 16644 12972 8706 8216 10255 10378 12484 18464 12815 13262 7612 2370 8964 15897 6343 13569 4832 7449 4379 350 3756 16844 1641 9012
9334 3992 3691 14585 3755 14324 7566 7604 11050 12416 10054 9778 12325 1929 9667 4668 15920 539 15057 8421 14660 14041 6315 3033 8546 7460
7143 11669 12344 7185 5228 3914 8114 10253 15529 9351 18408 3295 16545 19625 17520 8949 3745 14044 1876 16366 4930 15663 19066 388 13138 5360
7728 3348 17937 2393 2281 1512 19235 3202 14094 2574 7088 5957 3713 16316 7862 874 1333 422 1735 14404 12189 9224 16919 9049 785 2486
7406 13451 10652 3333 15934 17602 1760 8075 1038 11589 16784 176 412 5511 9014 2741 10237 6942 8003 17671 19569 3191 15135 18177 6232 4776
13466 1889 12442 10624 1666 11061 13033 19087 18208 6516 15648 12709 6818 14621 18247 14163 5750 16774 8797 19203 5777 11321 15168 1128 582 4775
19326 1319 13178 13491 18361 644 784 14368 5172 8830 13564 15263 7458 18178 11776 8705 16595 14802 14281 10985 7095 15536 12785 16874 18513 5296
17991 15605 2120 6064 19466 15120 9940 6358 7923 15259 9766 1904 14310 7070 9802 12277 3502 2011 8501 12360 19852 16727 13440 16395 12787 15808
13782 12546 16784 18733 6313 8552 18605 9371 11818 14657 16337 16725 11117 6451 6733 7634 13187 13631 10652 8456 6277 15868 19273 12130 17284 17545
3536 19051 16693 18760 13812 16287 16446 3477 9453 8931 7011 4533 8037 11353 618 7030 4171 15915 10885 8092 5411 18514 16949 6493 19908 7207
639 11399 11423 8430 1245 12701 226 10506 4984 11731 18875 9261 6107 18684 4654 9627 17888 8989 6648 10621 7307 136 14493 6191 1670 17061
7763 2006 3235 13952 8986 7046 9219 17502 127 1636 8750 14035 18117 1707 14775 1426 1480 10879 12802 12560 6321 4309 10883 15957 8426 7878
17069 13777 18747 6320 6616 11128 1032 6801 4832 9053 18022 12963 10928 11996 3011 2069 4321 12083 3035 782 4734 8056 19795 14133 17010 14893
7184 19265 10026 12587 685 18695 10998 12660 5286 8072 4047 835 19564 11027 5515 19286 1012 911 13125 7375 4380 17436 9373 17945 1678 15147
8563 403 5351 16179 15319 15148 9037 12581 17914 16174 8285 6127 10140 19000 13542 2211 9012 11463 7590 19637 18918 10803 2400 18566 16996 18465
14500 15219 9099 6064 13613 4218 6520 13974 19442 17402 7466 18839 7840 13011 12467 4963 3718 16238 1640 8416 6472 17896 9973 1757 7816 2872
7623 19309 9046 6570 3776 8235 4376 11533 7365 15025 5961 14033 2603 2418 6321 12578 4558 8210 12001 15477 11742 5342 4347 1484 4568 1547
17341 15343 2334 19641 18934 14525 15139 16925 13750 13932 9859 5068 16987 5000 2700 5018 5871 15790 14416 18453 6436 4520 10093 19382 6958 4124
17246 19973 4030 7258 16903 15883 18755 3039 6986 10093 728 19974 8088 4079 3661 11624 17511 13136 325 263 9078 19555 19122 4756 660 5565
2643 2592 17508 3837 7132 14926 16165 17085 5550 552 16187 12241 10669 13936 15983 5413 10029 16863 7878 2062 6620 10455 4366 15519 17823 10107
7100 330 4790 8802 17020 18922 10508 19572 18923 1425 15131 15054 1921 3212 12213 6007 8446 16173 14654 8317 5699 17316 506 13701 6794 19736
16630 14292 9982 5791 10574 6634 10961 1906 19618 12575 1154 2035 13075 182 6512 2041 14150 17314 16718 5709 2156 181 6438 14033 18367 9072
14468 19846 14973 18606 12499 13438 6523 8694 15092 10652 4583 11645 4143 880 16621 5780 4783 11214 4923 16574 17762 10260 16655 2144 4907 16178
18378 18297 19750 16858 18806 19530 12141 16236 9030 3202 2146 11846 3579 14590 10834 5225 19856 17865 15061 7979 11674 18982 4117 7095 768 9456
7163 4782 7072 2224 4100 19127 2646 16557 16213 9117 3104 12980 16002 2597 2895 7554 15567 16019 14411 1934 207 6901 7391 882 2711 17039
11873 2731 5207 18661 9700 5717 14788 7790 5942 19850 7160 17821 13746 17103 4761 16881 16529 8905 18857 10657 3064 9889 14710 4691 13823 5979
13118 17912 13535 13842 12576 17056 15366 51 7728 3104 802 5702 16496 19701 4965 925 11621 11512 6587 15843 19473 11606 1347 3201 18085 7908
896 4826 1387 6042 5312 11597 13463 13184 1678 1086 15297 17021 5932 19128 14090 1766 6531 13036 8653 10941 10689 17505 6660 16570 18019 18441
1662 6954 19672 8710 15305 9432 18755 1166 9705 910 17064 2226 6816 11218 6865 16087 7558 11007 7519 14148 1568 16953 16768 11845 12184 19473
13590 7091 8104 14067 10552 14717 9793 4607 9005 6732 595 8240 7082 8928 5949 5463 5933 14897 6500 5906 10171 3148 11219 18642 1941 53
15694 14145 9398 12789 2497 12012 12249 17780 17978 13004 19795 6807 17367 16537 1361 41 15871 6653 17992 2488 7824 18671 6502 15365 2477 16061
2455 3828 3217 2371 11817 16687 18233 9720 14764 5429 10663 2836 45 17745 629 16233 18964 5248 7169 17226 17973 9386 3414 5485 9272 8837
18519 15855 12958 1407 7280 17093 11485 1127 7682 9726 10506 9906 5597 856 10429 7780 1943 7732 2279 12028 2673 10401 15410 15407 12751 14682
13468 12603 1047 2787 13068 2642 13499 4105 4761 15236 4698 17238 13873 7998 9595 13039 5730 13551 15011 3290 13355 18644 3371 19943 19102 8290
15857 19635 6446 10772 13389 12772 13701 17636 3366 18810 3222 17976 14472 1192 6879 13395 13406 8820 11708 1224 10137 12624 8136 2721 5413 4191
17369 6502 18759 1007 17064 13718 5999 6351 2484 12810 19919 8208 14326 4889 6566 14798 11038 8629 12766 9613 10275 19215 1166 4843 16391 8127
10844 15998 14867 16921 284 8973 17684 127 2780 7288 10888 10928 5052 16180 1586 19581 16117 685 3379 2133 3468 10069 8267 13710 10601 17364
7528 15181 17525 17711 15461 13126 15738 7924 19303 11188 18548 17475 13061 17669 11582 6819 5749 5374 11144 12165 8542 9424 12279 15533 1187 1341
5309 4554 16178 13599 17118 14145 12306 1541 15799 7820 14531 13181 12128 3956 16613 6369 12482 17701 11756 12785 15943 19157 13552 5775 1804 6165
6472 10577 8990 16512 6398 1776 8079 5551 3706 11744 2756 10412 11030 2387 2432 14655 5320 18079 12222 6337 6880 3014 5607 1797 14923 3212
17842 10220 11759 13971 4599 6813 6314 12742 15263 32 18371 9729 15308 2766 17770 2812 18064 14534 19208 15418 12414 2671 12043 3716 9822 1400
2298 4080 13256 6319 8124 16192 15396 5052 12932 3516 6202 16726 9075 679 3447 2430 4083 1874 87 12909 19980 5709 11087 17539 12913 290
7203 9261 9354 4871 6796 789 7131 18556 2416 12430 14514 3436 8610 16849 3869 16680 6925 12350 18598 10052 18929 17282 1599 17974 14881 10232
13254 13255 7013 19705 10116 16248 7337 5293 9155 8179 17472 19849 6767 689 4609 15915 7107 14183 17205 3754 3845 14655 12527 13168 11523 2627
18675 2893 4317 16673 19822 14016 525 3245 14915 13375 1281 8714 46 5112 3975 3398 18696 309 10413 5799 16780 8670 1951 16302 13904 8625
19135 4276 16311 927 2459 14215 17426 9382 13153 4426 2494 10484 1120 3460 16894 6197 851 4730 4084 14280 825 17880 14877 18464 11678 2833
1578 3813 17953 8713 603 7610 10275 11930 9813 8931 19566 8774 12700 7561 12063 9210 17450 4688 4310 15379 1392 12140 8231 14643 2875 12625
3116 15397 14568 7660 14384 8859 19390 16504 588 6850 19863 17514 10546 5896 9309 17799 15879 2792 9233 13477 5269 7126 12617 19479 17244 15936
919 1729 18727 2844 14587 28 6489 13458 4555 11748 4759 7473 16806 8230 9391 1750 14387 7259 4626 12968 8400 7617 14871 7464 5067 3059
3160 17395 13944 15059 6057 15225 11766 8118 19875 19863 647 17739 11523 6351 1964 19879 14904 18755 5457 16552 10699 13127 11865 102 6277 6987
6237 13484 17092 3030 13293 17781 13774 723 15470 5562 1213 18837 9043 10659 3178 6692 139 9761 2458 13179 6844 17954 9014 8665 11774 4379
14761 16158 14451 11434 13306 5907 3985 7105 2764 6253 16035 16084 14445 6413 4261 12996 5222 7326 6279 7707 17551 14229 18598 9839 4691 9204
18192 19907 11064 19297 1675 19490 17034 15953 8420 17128 11788 1953 13707 1026 15122 15983 7480 7974 2160 4916 1212 17559 16570 18065 9655 3047
43 8797 16489 19778 15026 13756 13349 13070 8737 5862 8493 18915 5469 16449 18774 18754 6040 18319 10415 18791 15425 11378 14833 8212 9504 9998
2782 2163 19702 11485 8516 2786 15984 15160 11864 6893 14821 15112 17278 10203 3437 1426 6897 8194 2196 8942 11966 4716 19967 10687 236 3522
13360 15349 13489 11083 16060 11821 18241 19434 10374 13687 492 7656 8532 19161 18752 3645 16253 19755 522 7792 3451 8785 5104 16323 17944 14667
3445 14901 3353 2206 3196 14904 821 14586 18530 9737 14279 12950 18065 19959 19660 8841 9075 16198 4286 14960 13479 9197 8715 4758 8025 12921
14254 11751 7979 15011 14799 10619 16877 272 19818 5973 11392 3214 8877 14873 19454 5676 15327 18426 17272 7075 13667 19699 15800 18151 9680 17725
6464 7578 5160 65 16297 7344 19981 5368 6265 17777 14482 7498 11687 6156 19823 11797 8615 1469 6210 3705 6943 19618 18607 4826 5017 14269
9933 9433 5632 10048 16659 1186 10400 8073 18752 1039 17546 4952 1602 12394 13577 16973 1592 7888 12059 16559 11484 9988 6466 3919 8060 19287
10789 5903 14183 14588 475 15400 11243 6033 8766 1581 17497 2506 6624 2706 19495 12129 13713 9214 6940 10981 10101 13129 19889 18565 7125 1216
692 10954 9005 2269 6589 11529 814 13562 19347 10718 13724 15115 11729 10596 6447 12005 11358 11108 3642 13887 2897 17948 18089 16917 17025 18778
15410 17116 4140 19341 3583 10075 7590 9151 18830 4692 13157 12878 18019 7335 2654 541 7315 9493 5154 1536 18600 1512 1169 2766 3935 18168
8635 5299 9305 330 15858 10242 8079 13707 11769 8003 13357 8618 2200 8823 14187 1662 11470 17732 723 7021 17073 7547 18156 19802 19642 19901
18605 12781 2264 18684 6039 2875 9531 7666 18777 9405 12743 19867 17629 3717 1028 15066 16985 15745 12973 3677 6471 10065 7527 13282 3204 842
15868 19592 15879 5684 13148 8953 18120 14763 12125 4990 10820 16421 10285 5551 12498 2118 4753 2996 15776 18784 5372 1200 14657 19922 3716 2550
13425 2902 16114 10348 2217 15777 10549 7597 6460 7822 6495 3822 484 595 15904 2344 5432 15464 13782 18646 2410 15792 516 19186 10497 19765
15308 7970 17094 9634 2335 12153 14941 13133 5392 11490 18708 5475 17112 8709 17586 14519 14548 4725 11291 11647 18044 6492 15433 17549 13216 1839
18468 9460 17438 17357 4392 3461 11355 16580 8912 3932 15718 18114 662 11384 13586 11308 11749 16210 2502 19096 10145 10413 19302 4863 1877 9690
8010 10493 8491 16496 8113 14349 18250 15034 10794 10137 2161 5352 19782 589 8907 19926 883 8112 7919 19917 4383 16475 11712 10840 13268 9549
4045 2387 4154 2809 8421 7572 4008 9832 19854 12088 13468 15760 11916 8112 14013 9255 8345 9883 7602 19100 13129 12091 2630 415 14595 17977
917 3427 1788 5852 12846 10806 10429 15584 16581 16692 6299 2888 13995 4631 9139 10829 14406 8220 2286 16063 6170 17928 316 5628 15865 11862
11108 363 11486 9841 17625 6 249 10842 18344 11382 11840 5067 7721 6663 13860 11411 18848 4803 9111 13272 10008 8532 11425 4468 79 7197
12381 751 2587 17477 9908 11543 5720 15273 15061 6550 13688 10206 14393 19976 17640 6664 4945 873 3153 3128 10825 9738 11761 14787 19926 14995
3195 19634 11616 3406 7972 5226 19963 4249 6970 5414 17307 4142 11244 4524 10107 14831 109 10127 1733 637 2512 49 9118 14014 9790 5353
8012 6505 11837 17556 17271 19774 16300 8440 2245 13998 13979 6776 14113 1189 2601 5213 1844 9059 4515 10413 17242 17602 17754 16559 14398 17033
15702 3235 11812 13851 10817 10770 411 14945 4640 12300 7919 17763 12119 5401 17169 3105 2511 3259 12401 3085 9248 5948 5941 12102 2699 14377
15904 13267 3679 17968 5616 7709 7315 7689 6313 8044 7911 11382 6660 12009 4783 2305 13305 3235 11676 13493 16280 15417 1460 17950 2569 4006
2266 19750 16017 10940 18728 14264 6966 19712 3873 3563 15854 4144 1967 11678 6455 14822 19988 11794 7459 1307 867 6592 13026 3884 8962 6480
2826 4404 5697 10146 7792 16289 2106 17909 16751 1114 5424 6308 14200 3020 13316 13376 5505 1958 15487 5664 12008 1113 10507 3539 3250 10172
11038 13129 15077 754 7470 5561 8798 10475 5101 12579 9240 13379 13084 7841 4597 14685 6388 14078 4327 5632 7250 9358 18149 19213 6675 4257
14889 14198 16316 1580 6800 19857 934 17312 3123 931 16597 6921 15404 2417 13490 3956 14399 13892 4839 14185 11243 18722 11020 3600 1903 14746
3023 4121 15828 17158 8718 1087 17913 19019 14212 12848 9823 18132 10629 11245 6087 3648 12327 6972 1310 3267 9640 2998 10576 3183 15018 5367
10999 210 1059 2160 17819 12933 8828 8304 368 18116 13637 19093 12304 16700 9643 11012 15823 2441 6740 9404 19261 17230 6527 9662 8284 14831
9710 10567 18247 11891 9018 18611 15473 15820 10054 18910 8787 1805 10435 11418 14908 12068 2016 14794 13704 7691 4024 9152 2110 4143 5931 1210
18513 3464 17732 19030 18975 15578 10767 4334 10386 16932 11389 18775 10740 4170 1463 2241 18484 17907 14496 10002 14683 16571 7929 16097 8722 2538
7969 2037 2594 1973 7782 17506 9330 5499 4498 19733 8443 7984 11693 4143 8203 6916 4136 18302 12476 5681 19537 18858 11118 6414 7308 14158
16705 17811 12346 981 9048 17272 12392 5537 820 14326 14685 1175 13784 12167 18955 14998 14202 13898 12213 2552 9791 1419 2743 2145 897 17530
892 3345 1887 8796 3737 18263 14914 10816 12449 19023 2276 4422 4833 995 10280 17486 2880 781 654 7405 11567 13584 11429 19792 14839 864
8026 5761 13984 11471 19104 223 3557 16938 9604 824 14618 2499 10128 5566 4293 4513 5885 16512 1955 11524 4161 17948 14037 12808 3394 1189
3054 5695 8078 3924 12909 2550 9442 3440 15602 14816 11989 8976 13370 19713 7353 18111 13693 6814 7799 19176 9421 548 11613 4757 9096 17939
17651 206 10095 4250 2562 12089 12890 2203 11307 17087 4073 4982 17375 16577 16113 7101 10770 11187 3040 14141 1713 7141 19024 12376 4685 1125
150 18131 11189 9719 18193 9508 18989 16460 13348 4775 8585 6031 702 11714 10016 16066 14748 5638 13495 14795 958 9280 16698 15590 12820 3186
18556 1818 19132 5821 18808 16421 18860 11670 10175 6534 19281 4527 10406 7975 3351 10867 18824 9994 6794 8359 19085 9861 8572 5286 570 19196
10729 13620 15374 7182 13799 1110 16395 9412 14857 805 2050 10782 3127 10895 16573 2069 10221 7354 3003 15889 13843 12764 17674 14606 5125 754
6447 5497 2209 1510 19860 1858 8072 5698 12374 14835 6385 645 12420 3541 3490 11160 11301 9941 18176 16082 9957 5641 10446 15512 4630 8312
18888 17841 5465 11290 6271 1074 18766 5991 566 1018 14265 1950 8484 10295 5278 3240 13376 3233 18803 10841 9308 4187 14623 9965 16920 5930
10487 342 13507 18931 13878 8582 5014 632 11952 16196 910 591 13452 10267 14464 10708 13442 2081 12024 1296 1047 7671 7207 5748 12385 17700
7921 18535 5450 3511 8178 2750 15668 10189 13720 9623 12528 19527 17390 5976 1911 4192 6437 19287 16760 12178 18226 2159 9754 3778 16328 8662
17347 15751 5755 1344 19904 13957 5397 1490 19422 7492 4782 12011 10123 9876 10477 15245 14811 18473 4284 6983 11357 11994 16853 6253 10615 9070
10396 13598 13671 12974 12603 12557 18837 11428 1699 1435 17479 18485 15767 4599 18600 8106 18942 9257 17727 9289 7356 3620 7621 4609 16392 8500
18523 17516 6609 7676 16909 6790 13991 3751 19336 10601 15243 5748 9050 10904 10622 13999 3351 3121 7613 12175 9301 6785 12700 11522 9452 2827
14034 18632 12049 19180 8325 17231 2344 19058 4435 18216 18415 13460 1689 1442 18644 675 15992 17948 13450 3469 18701 15761 7315 14211 3358 14099
12298 5499 8195 6012 3760 14683 17887 19091 14898 3099 271 13279 1953 10918 14045 17123 3578 6862 825 14078 12343 17187 7432 1989 4072 18632
19570 14777 10781 16279 8282 3998 18440 13134 5221 7452 14104 14896 19678 2483 1142 13635 16763 3899 17473 12080 12410 8779 14453 10569 18298 14039
6039 19047 6379 13928 6317 636 18875 2446 15919 14340 14773 11504 10537 15850 9734 14604 5067 17832 2145 19961 10722 5423 958 16218 13444 6547
12479 8238 6861 11548 3703 2265 14737 15762 19237 6271 2577 12542 17742 13349 17987 7568 3318 7282 19255 17007 17552 18250 19933 6613 13434 2849
11598 7243 19364 18007 9655 17942 7862 8719 8730 9371 5325 9390 133 18838 4288 18991 15715 17645 7763 9246 7645 15476 1239 3289 2069 18912
1773 9842 8794 4211 3287 8795 17289 9910 10865 6333 18420 13494 17766 7290 10666 6335 13503 10145 7389 2671 7564 13475 5802 382 8170 8328
12973 19787 13671 15098 1870 1734 516 18853 2359 15191 18537 18950 17051 11274 16566 10116 1386 19164 3721 7739 10674 1766 16405 18229 8614 7180
5217 2959 1330 11310 6444 19471 6844 2376 10010 1720 646 12874 9972 6856 2764 19675 10263 4421 17512 1450 12166 11453 15891 3220 12206 15578
13427 4086 8107 7042 10851 11052 12252 11500 11193 7196 7347 13283 18146 11027 12551 7459 816 11204 10505 10003 7186 18102 10124 13883 16694 18788
8452 4331 16978 11193 5468 13119 14535 17350 11346 7310 3344 8850 10997 8011 9149 6914 3449 10353 13161 2444 13871 6033 13454 16231 16247 17098
15455 11140 13939 6050 7320 15956 18617 19657 11449 721 5954 2280 2849 11006 5244 4509 15433 14872 15611 4381 3827 19181 1491 9913 16567 8860
3329 14795 12439 16204 1418 18334 2468 14761 10056 14993 4867 2280 2938 3390 5283 8220 871 8088 17945 15015 3579 18671 11132 6208 6391 6880
2721 1822 18196 8822 2253 7173 13782 14598 8573 15119 12293 3826 10881 2297 11065 19065 17568 16605 4024 365 14361 9421 13530 4937 13447 1499
7551 9610 10957 9154 3429 17215 18680 1572 16178 145 7214 714 1162 17485 15259 18231 9775 7128 6964 9186 18617 188 2042 18269 533 6039
6401 10868 19012 12732 286 16992 12272 5218 7116 14297 17242 10468 18760 6514 13412 13390 860 11386 17332 166 9473 4236 3227 2931 17063 11158
7280 7559 9448 19425 4222 13072 5003 759 17941 240 8873 19772 9854 9603 9538 6395 7446 3458 9763 12975 15432 4544 10581 1445 6699 18692
3822 19979 7198 8934 14123 1034 1200 4694 1082 9820 1318 11830 5396 1161 16680 19476 11825 16256 8248 13332 12178 11801 12171 14802 18840 1847
15495 3575 13971 4132 12736 8223 10575 2153 15157 10665 2799 9010 3109 13546 18240 19583 18023 14280 18583 6635 17332 5839 808 2297 18384 16111
5365 6797 16131 13774 13535 19194 16080 9403 9978 4752 1890 18373 12726 11148 5482 2166 3647 4891 1939 18793 15340 8076 10294 10834 16189 18528
5980 14491 17735 11947 16390 19656 19256 17322 11100 9271 3555 17222 10027 9890 346 5219 8429 417 16690 15883 18708 7813 1880 9064 13043 19062
14363 12089 10069 14572 17492 5452 10420 18201 5707 8243 9894 736 6679 18929 19401 7076 16459 7698 5929 19967 6518 4792 7049 8061 3229 19421
7291 18942 8635 8233 7298 2074 18155 14400 13738 3882 13382 17794 1149 5415 8216 18194 2424 9391 17565 11404 1737 5666 15816 9430 7946 11690
13482 6355 9833 15241 17078 14510 3474 1311 18533 18377 1081 8268 12914 10701 9597 13478 18801 19147 16873 18428 6735 11624 18462 15755 16396 15654
4153 2924 12343 6776 3844 7562 19501 16393 5549 5584 12498 620 12958 10389 17707 14355 7725 11995 7465 10137 7209 9758 38 18203 12862 5373
3644 5354 10783 15599 12513 9108 12815 3424 6783 6010 5338 996 1102 4433 2783 8334 11512 19379 12927 7751 12202 17329 1065 10071 6256 11143
12022 2626 17298 15684 16353 6843 8531 16344 13972 1976 13683 2217 17261 7272 13926 19530 12319 15148 18843 28 721 7551 4240 4505 3153 14088
4551 19866 13811 2563 5636 10637 11529 9586 15624 18088 8944 8783 18233 11720 15469 4499 18648 18594 3535 15333 19256 18347 8290 1513 12453 11793
7337 1491 11549 2064 18874 12703 17363 9964 3505 5585 18109 18171 8037 12970 9023 7038 19257 11489 3132 15303 6582 2669 11659 16709 15300 14798
17819 10419 15493 14966 4522 19656 14004 7972 6730 8632 18631 19877 13558 7538 15487 6660 8003 19519 973 19042 9982 7040 4478 4478 2040 10442
5099 8511 18598 11267 17590 14392 17073 7012 14761 15057 85 6257 2722 16969 18385 17274 18751 10852 4714 2369 4326 6489 14721 1779 1765 14381
15826 978 13914 10507 719 13000 4386 12058 6863 13614 17333 6259 18699 16922 7101 6466 16865 14220 13742 2719 5046 4387 8167 1064 398 8033
3741 2466 17514 4124 14299 6272 5590 5029 9206 15725 9752 17680 3891 8371 1908 3468 10887 15573 18365 9430 4101 6280 5239 3344 12073 7491
17627 488 11933 19482 15402 12493 13397 6077 13038 10979 19019 7737 7943 321 14329 16643 6741 19796 4177 6675 5975 5466 16127 7912 14346 8493
2216 5540 10873 759 9261 12833 7784 14701 17340 15256 2426 11034 1659 18711 6901 17433 6595 9363 13771 9159 11953 15140 8955 10846 9807 4650
4251 15249 13921 17498 10923 14714 13629 10566 15246 10627 1864 5941 15342 14442 12264 18525 12465 2493 3876 7312 3171 4003 15808 8167 6995 8293
12537 13626 11537 15634 6148 1273 1878 3778 10073 17805 286 2107 1337 6423 12012 17841 4944 8906 8551 2207 14834 10370 6036 737 8311 6295
5075 14991 17032 15687 17536 16165 9149 17118 11204 11090 19280 2651 5727 6848 6349 19856 11915 8251 4282 16572 16362 17473 14636 6327 12160 5971
16577 13104 11734 16879 2752 8065 4456 399 17361 8543 18029 6473 576 19364 3220 3548 5949 9217 7249 14369 19908 2478 1864 15432 559 2647
10533 6136 11735 8731 3053 5426 19239 19994 2445 15937 8228 16493 7391 1944 7613 11531 7294 3186 15889 3080 5215 15695 15366 10703 17114 17078
3405 15300 2246 10434 15225 10617 12973 108 18187 12278 10525 15162 2498 2156 17336 18032 2746 7120 9962 10876 17916 6123 19768 2687 5922 14666
11730 993 9790 14781 18873 13744 12420 10844 4184 1932 1067 10581 6629 6727 8169 17114 17696 7189 12173 13689 5629 12963 12407 11832 19400 13954
4679 14781 6159 19978 11076 7748 18344 1932 13919 9272 617 6693 14681 9391 4635 9038 18642 17452 12150 2827 17362 4000 6318 7771 3931 954
3310 10617 14861 4356 3417 1285 866 12394 17641 10981 18949 15486 17336 18490 14142 4331 11243 13726 10296 8094 2225 14796 15449 18596 6392 14422
12947 8426 5850 18973 9609 8022 7823 14260 2213 19738 9322 12290 15003 1787 16700 16806 8643 7491 17946 8860 19388 6219 6047 18784 3558 16430
15168 3620 10368 2886 6217 9724 6495 9487 16297 11207 10313 837 8428 3394 17278 6108 13533 16002 13835 1051 2953 15564 5716 11812 18130 4882
15425 17423 4907 1045 190 15477 2827 43 14654 8287 12207 4381 5746 4845 11202 19744 4043 1369 11812 9408 16405 4593 18468 5373 16752 10331
16262 7118 3896 514 15864 14838 10505 3088 14438 10648 7136 12783 12691 1477 18068 15012 11433 13719 7100 6939 4089 7817 14410 1791 2179 17610
9479 1033 6277 17697 1809 6079 9245 2530 4901 9926 8061 12669 15854 16513 3019 4387 3387 15774 3843 11510 13257 8793 15451 7777 5457 10273
16280 15836 17283 7333 15799 19395 4234 14052 17507 19183 2250 10755 14563 821 16756 674 15519 7654 6778 18874 17877 10697 11451 11524 7431 9920
8774 3009 9014 13486 7712 3103 2720 5632 9244 5333 12862 14824 1081 2768 8647 19578 9624 7248 13062 6956 719 12201 10494 6485 17177 2299
