365
26 1 97 11 55 72 24 90 72 35 67 5 39 100 43 18 19 75 3 3 6 81 12 49 45 23
10574 14950 19445 11155 6279 11032 19981 6928 19691 7599 11978 9649 918 5174 16983 9513 1383 11885 4277 10310 8421 4333 10511 17511 4877 15588
3270 15162 10916 10797 6150 19030 4948 13739 10238 11178 611 13591 14358 5501 7292 4681 3453 16313 14913 7390 11665 18961 5838 13716 12989 19591
1615 19406 16051 636 8203 10989 19938 11605 15862 16663 17641 10426 1602 19233 11593 9011 4116 9140 4783 19034 6858 16329 11225 19016 19629 13303
13808 17525 13304 11575 12733 11811 19330 8758 14246 9377 15915 15355 11326 11580 251 17705 15929 1571 4830 6682 11703 16986 13355 10343 4901 12864
4620 11450 13676 4923 8997 10405 1430 15703 9606 1272 14612 12083 7337 3547 15567 5312 14067 5362 16306 15710 11770 700 3203 11399 2439 7632
8635 9569 12855 11401 18675 7222 366 885 1014 1642 14133 12308 10414 8958 15966 4827 11819 15017 10486 19831 5862 12060 10847 1317 218 5484
17872 5317 7925 520 18736 8527 9838 17883 4329 15401 5523 9298 3670 4315 14928 8370 16518 6108 16297 14221 9397 18839 19278 17573 19723 14488
11826 12152 19927 17903 2819 19037 13538 1233 6615 1163 9764 3639 7397 15288 6827 4196 7729 17023 18166 12509 12159 16142 2988 12298 4321 7401
10108 5095 12917 13111 89 13632 18138 4423 6340 14474 9887 9059 14021 7793 12406 12465 3460 17305 5409 2993 16276 17189 5926 5405 7177 14981
7865 7976 19526 18824 11416 12738 2666 13165 19117 10359 12021 18800 6786 4292 15681 11192 1040 2284 18650 16221 6056 19792 5356 13836 2397 17812
2759 17447 8546 6081 16138 13839 17423 6293 934 6068 14840 7686 17143 3313 2165 17470 1215 8534 13634 10224 9055 18711 3821 3016 13478 17571
4863 18872 13574 16051 5347 18210 4604 3288 13777 8031 3048 6292 8219 4913 9181 5 3735 6411 10596 15360 14988 1851 1627 1791 17839 6912
18795 1850 10061 16191 3216 11890 8862 17792 11358 3315 13997 6759 13758 13852 14090 6294 10092 618 1170 13525 7650 1071 13055 9016 16691 15292
6469 4875 14360 4443 11692 3206 14375 3621 2292 8133 13942 232 19087 14575 15520 5181 13449 5185 6020 4183 4136 4548 11445 16687 1886 18130
12898 17991 19832 4923 14641 14342 12352 19423 8189 17719 14504 4718 19337 4964 17623 14642 2571 7853 7933 15600 15848 16206 9655 19049 4382 5739
15490 18832 11890 11321 16187 19103 5574 6899 10193 903 10330 1317 5710 14011 7819 11700 14196 9119 19450 1354 10139 9092 4396 17118 11264 10913
16185 5142 6260 2481 13049 12393 11767 14377 17845 13603 19357 16026 3223 4612 7001 2429 17074 16451 3642 19040 9651 13993 18833 10225 9357 15842
16488 10331 11690 13169 3579 15462 7320 11545 1806 14096 394 6627 16822 19101 9400 1703 4392 14453 2900 18655 16982 6612 8934 12803 10486 6250
19719 17939 1781 5583 2540 14720 15463 9028 1965 7198 1770 12707 7346 8348 3446 1199 4977 8565 11080 19907 12619 12297 11356 19241 13371 161
13603 8790 17286 13659 3811 9959 4141 3793 4181 12684 15729 12457 15195 14530 14389 19345 10359 7792 11741 19942 17118 19846 10469 3320 18470 6731
149 591 6978 14980 4299 16650 10042 10788 2244 9951 13175 5240 6283 17944 18722 11168 2137 10500 850 3853 15261 11756 4699 2873 6081 17088
5932 8789 3259 10852 2963 7076 16344 6049 8138 7724 9933 9362 12663 6335 8628 1476 5476 15192 3303 1341 5342 9511 14975 17782 9857 2355
10903 18149 13198 10307 12616 6732 283 11299 6087 7414 2001 2100 18705 4212 16990 2574 14824 502 18735 8156 9443 18780 16549 2695 17882 7664
6529 7984 16371 5525 4146 588 4217 19652 1508 7727 4984 9044 19912 7138 19545 2609 1364 6016 2643 19241 5516 12648 14854 6964 12016 19277
17611 16194 12998 5296 12654 18179 6706 7908 10322 7461 18311 18989 18559 9771 8065 14573 5655 19679 19276 16434 16679 3576 17130 13039 2014 5331
5234 12002 11423 18863 13903 3671 4109 718 11776 14372 12397 13397 11887 18208 18246 5469 12789 2166 12827 2622 17919 302 14307 4586 18575 200
12719 15962 18085 12153 7235 14649 731 19941 1562 9992 13082 12553 19610 17706 7044 11310 4538 13175 19957 7139 8361 8283 9007 10221 18983 8195
11455 10702 13797 14575 16986 13827 17258 16797 16663 7801 16038 18645 13996 4503 6662 10390 6238 10364 8243 925 10352 208 6468 15538 19694 15477
1122 5665 9092 12011 16786 7516 8305 5624 14790 18947 14110 11015 10214 10634 19032 2618 6300 2307 9213 7933 5308 4212 11199 440 6985 10353
18397 11495 1235 10552 1912 9245 579 4330 798 13446 19126 19443 16109 3924 5705 6368 14174 8378 7863 18308 17342 12962 8640 19586 16496 18182
15803 11359 6477 7222 1401 1041 4015 245 14376 17176 15014 18502 19470 2574 34 9286 19906 6810 13216 9768 5187 16855 13247 7838 19529 19525
9451 8409 5845 9516 2293 18785 14406 1785 1005 342 3518 1418 11953 9290 17320 1449 11739 12578 17436 622 5889 3034 16303 12015 15414 10525
14656 7614 8457 1830 12641 7704 6949 4295 8370 11585 984 3013 8914 15719 8734 10219 16633 15199 5430 16230 13146 16860 10412 12519 14991 5298
11633 9992 3726 7468 1748 4790 671 5113 14134 10947 10083 3998 13065 18224 15882 16196 8952 6753 1097 7245 11501 13472 13476 15401 11070 10379
3135 3363 5720 11827 12708 4953 5480 7509 11964 20000 1607 2360 4660 8836 5166 17872 13119 15008 515 1316 13638 3361 11780 1320 1125 9526
9740 8536 10698 14357 5184 3917 12323 7809 9591 9942 166 2449 754 3935 6102 7883 17297 6028 236 16358 15923 3145 484 10978 19605 14131
8832 5809 10825 5627 4296 19450 16855 18286 13279 11851 19956 1336 15797 14477 10264 1407 11228 4344 18121 7011 19339 8767 240 17752 8870 12354
19256 19133 1807 905 14621 2169 11471 10452 16785 19730 303 15679 2749 1634 1980 7725 1922 15617 15164 13161 17065 193 5814 10393 18639 14369
1638 4589 6689 2037 14474 2972 7546 5275 235 12926 10758 509 11437 6430 17626 17006 18653 19871 10825 18063 1873 5526 7685 14816 7236 16490
6272 7728 17739 14861 17024 2070 992 5229 14854 14689 780 3124 19832 2797 5747 6471 3425 5283 8607 12405 9404 16175 7571 6315 11132 413
10785 2141 16369 1841 15305 11310 18181 9008 10113 3686 4476 8114 2348 2119 2638 9661 3422 10566 12044 9322 1484 16808 13162 1317 5774 8776
2709 15765 3457 2626 14724 18769 6475 11539 6588 8502 7855 18206 3195 12177 12385 14903 3054 8816 1063 8227 16946 6768 14327 4287 5878 2826
1328 14578 895 9460 18821 16430 2693 3665 10549 9894 16255 10651 1914 367 1239 4938 6998 1693 1663 1038 3634 19756 2009 12054 4143 19243
18322 7549 2783 12895 10971 17286 19769 8233 10198 7408 10570 10947 15455 12907 7216 9751 6836 10212 11578 1316 17164 8876 3258 3084 6694 13232
3061 4666 14952 1973 15771 10554 7473 12237 19467 8852 9864 19537 17467 11516 17135 18242 9845 14280 9114 9792 14599 4854 17308 8808 2463 14442
1575 1526 7236 12658 6550 11386 13008 13772 16696 18434 3517 14021 18893 9638 2951 4818 11824 5474 19973 19321 12465 13443 14395 12616 15620 5500
7880 15407 3610 4227 2260 4930 12888 10186 19783 10985 13582 4292 9806 8762 18547 18747 16767 4450 10241 8528 9826 17980 18072 8056 4188 10250
11166 14049 18371 7181 12240 378 880 12150 8863 16083 13991 8860 695 13273 6640 2819 7021 11526 4641 9171 4446 7108 15179 16784 12469 15788
12110 7497 2909 15230 8745 6624 4824 17980 11415 19645 11579 2018 2738 5391 5264 16500 2763 141 14960 48 16822 9949 2979 14165 6963 9391
3385 18585 9711 13549 10155 13715 14749 16341 19453 939 2420 560 14930 18537 12242 18889 15875 5044 1564 17835 18828 17659 16883 19360 10185 14353
12343 4151 8713 9439 6703 15700 16995 326 13267 3548 13873 1715 8753 6733 2285 14327 13661 5009 18864 12033 15766 3233 11252 5754 7645 19515
11626 15834 18434 17888 2134 3732 12353 15289 8504 15494 11982 11668 18923 1481 3266 1130 15250 18197 18229 4074 8696 19058 17012 15081 5869 2086
15047 19771 12324 8759 10034 14209 8683 15761 390 12925 5221 7264 1004 16211 16796 1827 19677 2596 5529 14800 1700 321 149 3902 14258 16141
7451 16536 8627 13169 9941 333 8834 15731 2766 16542 9911 19061 8310 11162 2901 7333 29 3925 2170 13307 7978 15213 446 1788 9566 5199
2669 15444 9411 18269 6460 5013 16873 6966 5018 9977 6114 17179 19456 15744 4652 16233 5167 6613 12533 10215 14617 17934 12082 15775 1904 1977
16931 13868 3155 17319 8951 8201 3464 1677 16572 5357 12123 6985 2097 3019 14602 2997 11867 4010 7609 2001 11343 11233 2984 5579 18191 38
17944 1242 6592 287 2631 6510 8125 11693 9676 12442 15719 5516 8710 2389 3352 18265 6183 133 18171 8003 18553 19360 13312 7331 4622 7120
7219 732 16021 16152 10968 3890 19613 9144 8986 392 19657 6334 6147 12650 10964 19203 14533 15674 10887 11614 1552 219 2899 6430 6538 7782
2471 11552 1273 13051 1728 2760 7188 3323 4756 48 17471 4200 3388 9971 14797 275 5654 2495 8942 11995 6091 2499 2535 6611 3477 7328
18583 5149 6018 6879 13064 13560 12651 6428 1617 6816 1516 5820 17451 10802 3725 485 16179 19365 2623 9362 5153 12205 14799 17937 18109 18789
15140 8842 6890 17879 11829 11916 3560 18734 19065 15874 10106 12303 5583 6638 18345 7229 3116 7913 6462 8212 1466 11889 286 10508 2849 267
2070 8611 17753 11145 13619 5273 15553 15386 2470 13511 19246 12203 5097 18143 6943 3602 8435 169 10854 1245 17518 10679 17350 19402 5704 19294
7632 15756 3111 18467 3328 7376 12119 9507 15844 16328 16471 19881 7295 9987 7085 6967 17105 19233 2556 8474 15103 10295 15110 16273 6694 161
2371 18583 9689 10860 18910 17127 2192 14811 8207 15686 2779 9734 9974 8430 3882 19639 15666 18904 13437 14601 17613 5027 5420 17888 14693 9155
82 16572 10394 15322 4911 2473 6280 17009 12150 4789 14510 174 16696 19224 11890 6003 19225 12361 3101 9077 11568 5420 3371 18029 13954 4705
19751 15504 13815 277 14689 9532 18646 10328 18207 9117 8957 4574 4181 19516 14449 10631 12554 19788 17966 5369 14473 10451 10365 5295 9057 5239
3746 15419 6057 17696 8491 8716 16101 3745 3150 1452 13261 9416 3512 3284 9182 5413 14744 6934 9708 16971 7916 19449 15273 8752 614 1875
7458 13538 4941 12519 13924 18453 13350 18249 10829 9610 2095 19767 7594 19676 12282 8695 4428 14223 8809 1393 17824 10718 12646 5312 12570 8255
18896 4545 1433 12577 17641 1224 13355 19896 3405 6392 721 19178 15095 12118 10418 15120 8028 1332 9573 8102 9649 10535 7084 8804 4969 4055
11346 15256 9022 14268 16436 2452 3652 1683 12282 6827 2395 19289 2514 9999 19707 9854 4297 764 17464 18739 2413 2699 14090 6306 13575 5132
4048 12415 11522 612 6987 17838 16976 15877 13222 16327 18576 5953 12257 12369 8956 15192 3800 2624 16713 7033 4439 11179 14 18828 13317 19188
17783 12178 3324 4282 9311 10533 12411 7544 9162 17028 9761 400 3718 15443 18840 6638 4348 16133 4735 5754 19884 5169 5314 4382 1817 6415
17322 4277 2445 19928 14515 11064 14001 10844 15757 649 10933 1568 13351 5161 18261 5107 11229 1969 9241 8397 6272 18549 6273 14076 4400 12897
9607 11567 7419 1875 18174 13688 19776 6882 11736 10580 4738 7720 19422 4568 6670 8407 16299 11264 16956 9576 7021 2088 10893 3150 8316 19744
11541 6780 14373 11840 16581 15164 680 2522 13650 8057 19417 3283 19118 4561 6214 3620 14087 15597 19783 9294 19786 11777 6481 2880 16971 10147
12072 8191 8450 12196 2276 12868 15104 305 10273 17254 4419 939 18368 8194 1020 4836 17251 10680 6562 12691 5361 8763 9207 12216 9337 13678
6863 17588 6167 2730 16601 19204 17988 17868 9809 17579 6565 16668 6432 19642 7213 3399 12001 3737 8461 10411 2387 16891 15083 13993 5711 10548
17991 699 16829 17541 15784 2420 4030 19662 1727 5214 7691 18191 12464 9032 9423 9261 8644 19244 8114 7135 11868 3209 16768 7508 17190 15810
11790 11145 9469 12920 19771 2690 10822 4559 9463 3686 5106 15559 11569 9464 180 14886 9690 12552 12834 4820 2614 5055 3816 9626 11349 19458
5166 6981 13135 17370 1080 9650 9129 15561 13466 16578 5158 12217 4279 7361 16583 14685 61 7098 7346 3417 2193 15061 8964 6332 12658 611
16965 5463 11851 17311 11641 5121 19010 14166 6479 16381 7832 17498 11848 653 3288 14035 5048 94 11216 6324 12819 7981 8962 14746 10250 11996
3042 8272 7553 3961 19844 18613 11959 4300 7593 8792 275 1975 16389 5432 9709 4938 17010 19271 18943 2376 12211 4756 12311 7268 15148 14943
11843 12136 17932 11029 10096 14210 2430 18744 16221 6391 3384 1214 15192 9407 8534 14048 2159 9982 2377 7396 19579 5171 11508 6176 4457 1090
8008 14318 18359 15977 11215 5025 8655 5781 5336 11980 15157 12371 19141 18318 8893 16903 16331 15219 8420 7980 6215 14727 18405 2097 19610 12903
18454 16652 9977 6934 1679 7175 201 10737 2575 13154 13466 11602 18638 10088 19830 9981 19161 5901 16291 6553 8433 2825 2510 15188 1380 155
15197 12145 10964 15448 19832 3100 9832 19534 10084 9649 15362 8867 17201 11970 1128 961 8805 14289 18804 5106 1222 16215 14567 6836 11309 7469
1876 6167 11500 12040 19679 16614 12365 4497 1547 10064 1698 7273 12517 14883 14565 2113 15158 994 1142 3198 2984 6046 17823 14238 8268 13322
6253 15915 6380 2315 11155 4408 4336 14845 13006 11975 9074 2516 12723 9572 17153 2885 16309 9628 9346 4188 6827 5778 14520 2000 17277 10038
10280 19971 7249 15567 3520 19630 18384 2624 8178 18875 13905 737 10984 8398 13235 5965 1925 11797 18025 18803 19663 10489 7868 6137 17727 9774
13849 8818 15961 10011 4821 15116 837 8664 12431 54 14754 3067 18620 18906 7634 5336 16728 7995 6485 5993 7473 979 4775 4095 9697 6899
281 7917 18619 8243 313 11026 11416 10659 14576 15962 18089 8575 13086 17169 6806 2625 12779 6888 10692 14583 11003 18440 2969 2513 19055 12233
14825 2487 9389 4753 19201 18861 15446 6844 9453 12162 19462 19387 9801 13937 18371 13414 9647 14852 10 6477 17388 5604 3528 19074 5141 13243
4301 1496 13106 12713 10312 7012 13915 13988 10103 7859 15129 16922 16179 2955 11584 15463 16139 10209 15382 1737 2448 4838 4701 19177 11674 14337
12640 3651 15393 16504 246 16055 14505 17434 11210 19618 17566 10590 2111 7832 9157 4287 2477 15462 11974 17768 10200 17949 2844 9473 8 17892
4736 246 5513 9717 545 7677 11415 10671 18300 16988 14088 2085 773 5947 12424 9501 10064 4700 16098 14044 7253 3252 8462 68 15505 8121
14660 17093 15250 2961 2512 124 18907 9684 203 3215 13323 17896 2108 18188 14374 17629 18867 6666 13397 6444 16346 4028 6520 4162 19691 15860
13079 8133 19902 7769 17387 8587 8194 2791 19160 16482 5436 18515 2721 15091 4370 3471 6550 6229 11727 19533 16301 6567 12996 9679 3049 8499
17905 15518 9473 15691 19802 1488 14729 4117 13000 4172 16191 19424 4669 11327 11105 2878 17885 1361 9182 2492 4305 1524 19288 18766 18678 174
14371 6304 520 17693 4372 16362 6534 13834 10367 12387 14545 2389 1960 187 12674 11149 10858 7691 15388 5497 160 17141 7887 12231 5271 11439
5698 6177 7331 11046 10678 13029 19377 15454 13571 14828 6855 10609 18994 9676 6131 16660 2407 9270 15752 16709 5500 8409 2682 17994 13289 6186
14144 17425 14824 5555 11899 6930 3191 11192 6586 6783 5436 10709 9024 10906 17231 11191 11171 2951 2234 10010 13733 13426 7493 12142 19145 19125
1169 5594 9414 1170 4626 5710 10801 19840 7404 18712 19985 11608 3806 9436 17736 2539 18779 2864 3322 11528 1132 10499 6146 6257 5943 934
19690 11385 699 8608 16150 1611 19748 7655 3439 18316 12585 5011 11739 18606 16668 7139 12335 14097 2824 15168 1388 359 7445 4483 8735 15973
156 4405 4676 12134 17297 11549 17670 5526 15260 5885 3365 8522 19771 17796 8861 5216 9812 2368 11389 4582 19621 11962 18026 14228 16827 15553
10715 13724 1268 7194 2343 88 12930 4709 17017 5060 1346 6458 19392 18011 1906 18384 3637 11172 2510 14607 16439 3804 2064 5440 5124 19318
17762 1922 9985 10823 992 14374 3796 8037 13338 13105 17956 3217 16574 17527 10161 9249 15195 7672 3913 17162 9067 10602 8323 12972 17102 14127
15283 15541 13937 7930 4205 3860 10133 15687 12217 10368 17531 4613 8591 5647 9080 2398 10474 12524 13916 10618 7490 270 18976 12670 16878 9431
287 4302 11113 5216 10449 14939 17469 4237 4867 3540 15381 17514 8490 16206 12936 12905 6578 18407 2279 13965 13796 11103 9482 19921 10757 3857
2340 7880 7766 7869 6846 19580 14556 4702 16397 4207 14002 19604 6903 6549 5641 19947 5436 15986 17513 4373 13034 13080 15760 8942 91 18228
2804 11808 13614 19221 16798 14352 443 6858 13219 19017 16139 75 9977 5182 16880 1918 7848 10973 12930 14424 2332 9627 4607 7160 5682 275
7430 11987 17593 4086 12450 18896 324 1151 7769 16531 1169 16257 7013 6250 15192 3212 10792 14935 19087 17559 4409 16247 8153 9826 8269 17418
1918 15547 12469 13460 18310 4830 19431 12363 17176 18006 6538 10611 5551 7613 19787 14271 7417 15038 4546 16568 2961 7823 15906 13863 16734 5780
16388 11845 1755 8305 13750 13666 12941 2095 10740 1308 10103 6165 12154 6973 17750 5689 3153 9295 9412 3520 1727 12048 2340 13939 3838 1531
16352 10535 15227 3103 9681 52 2760 17983 15748 11680 484 1486 98 16821 11393 9676 11945 6584 15493 3670 10709 18143 16232 7574 7439 14500
8221 1286 12200 9263 12638 5336 13481 14401 2862 13221 1127 7532 5921 4733 1827 2972 14726 407 12780 4961 3783 16912 787 6895 11731 10781
18122 1801 1309 685 19646 7274 16446 8942 2699 9532 7444 13792 18683 2181 9075 9391 15339 15185 828 18225 2650 9041 5159 4256 18586 17516
13725 13164 13754 12646 4579 11708 11338 11494 19972 9500 17063 19024 3426 6131 8617 10434 13016 8608 4399 5631 14657 5670 6944 3104 19413 7721
331 19898 9075 12697 151 9623 6024 19851 13322 16021 1289 15500 3022 6834 13305 17224 18580 9773 7791 3295 4663 10364 1157 9199 9364 18316
1380 6665 5339 4624 8377 15165 1445 18984 15785 2144 8745 7548 13619 18063 8831 709 4312 1836 11023 4743 14842 18734 5238 19848 7617 15642
15287 6150 499 1009 1168 6180 973 13645 1887 3802 8698 13622 18930 19751 2536 4955 9660 735 9995 11121 7350 19225 16560 1949 1830 19988
12046 14440 12985 4312 2002 8015 9188 12029 3571 10399 700 7628 5120 15088 5908 1464 3765 19875 6393 13186 10001 18435 9601 2101 476 3616
18917 16951 19826 500 3093 929 5050 14919 15822 13752 15389 8165 18473 5720 1657 2589 4485 13847 209 1465 14972 11122 1697 10023 9639 18200
2738 9034 16623 7070 6048 17462 3422 12627 2185 3051 8775 3701 12258 16019 14965 17976 10681 10465 11529 9292 6236 12003 11314 19653 6553 16246
7742 6819 9459 13602 16229 13790 14333 10171 3412 1090 294 12274 19577 8560 18072 11536 3154 10819 6445 15892 8292 15222 5565 18426 16979 3113
11827 3934 15342 16903 15638 4418 6837 10302 4459 12458 12237 14402 17973 10009 5252 11039 5539 5365 9734 16153 16617 3005 19909 18681 18288 15271
5367 15902 19751 7068 11590 3681 6412 17515 12481 2988 4393 7110 11684 5856 7222 269 15050 4569 1718 7047 11316 7974 7684 9032 7072 4230
8098 11890 9279 6772 7889 8443 11919 693 5974 4050 17026 11397 4668 0 19799 12577 4145 15529 10073 18343 54 6388 17842 5456 14406 12928
19390 6014 4803 18757 4511 869 15919 13350 14767 2620 11776 2732 10384 15079 13179 2476 8073 14134 1582 17628 3097 8564 8921 10506 19884 8787
17205 5473 15964 8736 18971 13367 11222 5645 5638 15165 19866 1250 6947 17379 5569 12021 18343 9137 2593 13671 13502 19589 11888 18821 14523 9314
11489 8423 3405 16206 9717 13054 3711 13397 8357 11814 6899 12384 11540 6183 15282 143 19520 4176 14406 16783 356 17460 8541 17074 17144 1847
11285 5489 152 4934 8768 16555 2280 10175 13424 5632 19737 14157 4933 18633 14341 10857 9414 8198 15244 18893 8219 17151 8506 3925 1230 19712
13659 9209 16441 15514 15852 627 9947 15496 12718 14186 493 13442 12555 5697 11745 8071 442 6890 8786 7390 277 8720 10322 15736 7057 12077
5581 13012 1188 18813 12182 19397 5601 9620 16683 9071 15947 10786 15266 6988 8182 3895 5158 3867 7291 8281 11250 6396 15990 17372 13963 8563
8421 18567 7656 8052 9719 10865 12217 16641 19647 19774 18828 7831 16700 7876 1057 9231 9931 14585 6839 8951 1349 3910 2308 3336 3241 16390
18499 15452 19790 18991 1673 16968 13543 13922 8290 12126 17893 13886 2568 6928 14907 3047 11366 12098 10269 5468 19170 14841 5126 9929 17925 9280
5527 6146 14628 6175 2361 2147 17034 13850 17271 14927 7627 19926 18410 10256 4219 17923 5103 7252 10591 1347 2910 18294 12327 6432 5142 10536
6732 18650 11329 8040 12893 8842 4358 11565 982 4408 18523 12358 14217 10132 19980 15609 17926 19670 19527 10061 12947 5998 5713 8736 1317 9375
5675 10562 12576 174 9727 7355 13534 16863 6048 2995 10398 17366 9775 14441 13511 2708 10806 13299 13013 17716 9988 19745 12108 10653 492 7717
13363 10376 1144 5820 7103 4915 6411 19998 2236 10803 2175 14523 4345 376 2600 6584 6430 7226 1701 17522 7872 19758 15593 2914 6972 14466
14448 1053 15251 19523 1442 1092 8387 5581 542 169 6538 4355 8841 1915 3606 17086 14783 15399 14810 9469 8902 19507 5084 14506 16910 11132
12879 7044 16627 7659 17269 2563 4593 16433 18403 2596 8933 10787 7481 19641 16370 8004 12530 11152 14272 9749 14202 8417 9460 4817 4058 13856
3304 18036 18519 6912 17828 8532 11039 19915 9827 9941 13721 16250 11872 13825 18429 8896 13378 15752 3188 12997 9345 2208 3681 16480 3026 10348
14227 2670 3680 8253 11246 15667 16667 7599 13287 13497 3315 7348 6865 10449 6278 14126 681 10455 6866 395 2454 4092 4759 10836 11448 14554
756 5779 7747 6786 12377 4250 19788 15641 18682 18484 13613 12175 8408 1250 13744 207 12254 12322 435 11963 11620 17249 8003 4962 19295 19645
2448 10090 8208 9254 1469 9963 7623 8464 8440 2485 8555 5397 4197 19273 1470 15489 7466 4347 1634 3653 12887 777 6172 18827 17897 6600
1948 2201 11856 12915 15377 19388 6987 17748 9254 15329 16351 15228 1477 16769 10918 14609 2334 7800 2374 17459 4877 10746 13188 5994 5675 13492
9282 16785 15643 16644 5658 9125 3599 5638 16837 6073 15892 19727 15710 16621 4011 18165 3037 10937 3748 9168 372 1715 5111 4788 6155 12017
17366 19286 2870 10673 19063 1523 1882 15339 13389 12066 2684 19433 6376 18535 15725 13569 19417 7128 1268 18525 7857 3123 8228 12060 12926 14920
16210 6498 6060 13499 15650 9692 2299 16698 10946 5890 2633 12281 19334 7445 7228 13713 1668 4614 12587 18992 14672 1481 5559 2023 1185 2915
13011 16992 4263 16233 10113 6228 13916 10351 19026 4450 6769 19255 12612 11488 926 5146 9499 12370 19152 9434 9908 4564 3909 19386 11913 4524
18237 2930 15706 8610 14777 16048 15948 2256 9623 8524 8677 16040 17921 6222 16586 517 11675 10103 12004 226 11516 8981 8675 218 11393 14661
14079 10940 8886 1352 16972 16549 16082 16493 2292 12598 18307 4978 18116 7995 644 16563 17223 15705 3972 14165 2981 19608 10554 17468 7666 16857
52 4235 9430 12946 8202 4478 9418 343 10197 1577 3895 6496 3490 6511 19063 6230 7689 10777 10048 11255 774 17105 588 4374 34 16659
2178 6355 11773 766 8997 13827 12204 7053 1137 19847 12830 9776 17500 6190 7133 16612 19570 12267 4695 2592 4335 19530 10508 5713 7234 12810
12658 2455 5464 17561 18039 5369 3973 19899 16998 17618 4386 18396 18366 18173 18630 4325 12628 9880 19940 17135 14318 14619 13232 17440 1823 16501
3094 18161 18614 16397 15222 2338 14991 16580 17622 3706 1982 15780 12991 14011 9260 12520 17543 12012 14522 939 1646 7400 18220 4394 12689 716
8814 1370 2425 12706 17927 13427 16491 9570 2471 12111 13097 3099 16797 16476 4883 3981 16379 366 10125 5662 3487 17660 5021 7031 17098 8953
6806 15998 3329 12459 1955 19458 11746 10735 10695 1284 8829 12459 15435 19029 6529 5971 18012 1244 9733 17181 7947 562 19375 7043 6176 9015
9704 12735 14525 12095 11058 5314 11884 7725 18861 1181 7816 11588 15985 4462 1790 17547 3543 17686 11403 5558 1784 13892 19492 12542 12636 17998
908 4539 5264 3257 3174 3129 8574 11191 6134 143 3384 19885 898 14544 18892 14946 18051 7884 628 11134 15183 3176 9696 7017 19316 19323
15689 11524 1617 1095 11591 11385 4888 18809 17874 9349 7755 4694 17815 11582 10511 1880 2834 8125 14130 2877 2656 19702 5832 8334 13946 12009
13752 16597 7284 7843 3557 7971 7016 18615 438 6972 7076 16280 3078 9489 8691 295 12290 9938 9861 18596 3 13755 14935 14115 16446 8234
15247 13106 17005 4968 10423 12057 12458 7520 12429 7250 10305 7507 4889 7872 5831 2594 12984 8057 5588 7633 5540 4520 284 167 2 16480
16827 7209 18307 6080 13556 16171 8460 4132 12327 12995 6219 13426 7893 19173 11930 8786 14880 15920 13064 15282 7601 3970 14771 2413 12157 19327
7330 9009 1182 11708 12842 5149 10102 9150 728 15862 19064 18311 18461 2975 8619 3475 19091 13720 19121 12526 17352 6186 5407 1182 4135 18904
11524 11764 3724 646 18639 10890 6417 9870 2415 487 3242 5481 9641 13521 11027 3848 10804 7003 4931 14239 14107 2625 9382 10642 9025 10235
4967 4351 4929 7072 19385 7420 14355 18227 8174 18064 11718 10313 13680 19928 7573 4809 13425 11524 4813 17955 3666 6954 19809 7614 18047 1560
11041 1164 4768 8243 5886 12245 11684 1450 10859 9964 18551 5840 19910 6104 11883 8567 11411 7142 2390 2877 7327 1577 6076 8992 10816 4232
12641 2512 16699 3412 5655 13274 6049 17406 1547 1171 15012 5236 13761 9688 7666 7011 5357 25 12060 4738 18118 9122 986 14577 8128 13748
7874 6523 17615 15100 4676 3819 7361 3223 1995 7884 4802 798 9032 4636 10234 16426 5345 7380 9765 7187 4597 9219 17159 17002 4714 110
15155 8996 4796 1017 12314 9918 870 19825 7625 11054 9202 5136 3999 17175 17745 3592 1764 19382 12216 12537 7827 443 338 15631 2590 19175
10978 18671 13750 4138 15230 18623 7226 18605 6163 11647 5361 14551 18247 18080 13086 18809 753 13029 4991 13345 17704 1457 18314 7066 5441 4960
1468 15694 2085 17470 16123 10855 9956 17481 5835 4605 7685 9148 5533 3491 8497 533 8927 4560 19670 14444 4254 4771 3472 3079 4275 18964
17836 16177 17781 2363 16473 3583 18167 10970 18217 16974 19710 8998 17543 5463 11707 16737 7818 6515 1034 8690 2895 17209 10728 716 13004 4598
4901 3011 1592 7529 16126 12201 17328 9156 18321 14901 781 4462 4435 6231 8839 16946 3827 14470 11656 8897 11041 12074 19024 16541 8519 14135
11587 9126 8345 10225 9039 9205 2821 2905 14207 18526 8697 14690 6376 8973 4291 103 12634 15528 1820 18274 2578 6333 2354 16234 5035 5849
1263 5610 13943 16722 5851 19653 13704 14492 16164 1914 11891 8939 2567 18743 2631 4883 17298 9240 19608 103 18800 9373 11299 9507 3597 17866
7491 3972 9305 12058 7611 18835 19329 9849 643 15495 720 10274 10535 7592 11925 13564 2193 12680 1866 17309 323 19952 11498 8743 16833 4019
19483 14729 15891 3051 3320 8475 19500 18993 14529 5878 3364 14999 11451 6008 14459 17407 4735 8869 9444 2305 19171 8833 9002 8733 9606 7141
19738 11598 8946 10710 13064 1753 14463 13533 3938 12348 12001 9491 2400 5041 8917 8476 18943 10413 16635 18313 19207 8210 8038 3776 2039 11285
17830 10362 13777 3677 16790 4299 8068 14805 6091 9710 11542 15662 8863 9039 3019 11137 2356 12530 18737 6100 12887 18709 10270 19986 12035 10229
4937 955 14434 13908 17001 18293 12371 1158 13830 15175 15232 10204 6722 12576 11294 7038 1321 2564 905 15545 6239 12230 3356 352 11192 10288
2124 18685 12847 5880 18586 14628 3580 12916 16217 1390 150 2681 12857 3530 13638 12045 12295 10005 3175 6464 8447 12830 13047 17683 9389 18878
8558 10592 17963 5927 7977 10436 5119 17423 10238 53 14541 8578 4391 6431 16816 8569 988 1603 11519 18772 19479 7302 329 5640 14065 1987
15468 13020 9351 1169 15833 12604 3444 2201 12577 11249 14932 5880 4658 6235 7303 1876 14850 14495 17748 19583 13462 3387 12998 950 7555 3320
3795 12070 9695 9576 17973 16978 4087 10141 7501 7042 11535 786 6514 14549 12927 11078 18863 19871 1947 3863 3481 12577 19156 2899 4733 16879
3543 5678 17476 13813 7896 2337 6949 7483 1896 5371 16080 13345 16247 15105 13953 4558 9064 15233 846 19546 13875 12058 17494 9346 17707 7707
12077 4016 4103 9007 5075 16965 16507 15832 3988 14521 4919 6323 13337 455 18639 17193 10109 5287 17072 11002 5089 11393 9373 18063 9628 10012
14196 2640 18584 19820 19080 14201 1633 2784 3477 10616 11826 13217 6348 6465 15115 11329 19500 9604 17368 16784 2675 6016 415 10346 16785 3925
8977 10824 12034 16988 1515 1767 5251 8605 17682 10824 6767 18128 1118 13215 13972 16596 11944 16081 4419 9388 1045 9119 11457 93 7096 16481
9107 1270 18733 4415 11075 8270 2026 4270 15524 5962 2126 18273 15499 149 10638 7801 12655 15412 8570 2154 17884 11860 18935 7846 19809 13305
13454 3421 13739 14362 11161 15468 7096 19985 5168 1699 17717 11102 11098 18066 4302 15070 8980 8017 19983 897 575 4453 9068 6885 3690 939
10798 2388 10912 5504 6629 5111 12879 15655 13971 19911 3094 14045 5479 3675 17579 2932 11276 2774 14575 18545 17504 1507 3428 6432 8836 18482
17671 4878 19973 1334 14682 12345 960 9983 8815 17427 4664 4021 5322 2411 11016 11385 11232 19057 7648 16961 14352 18117 9308 10142 9940 8446
12984 816 531 3155 13395 3530 3585 12861 12674 10507 10567 2498 8262 7843 358 12688 2839 13055 19544 5910 10488 7897 12433 15014 5000 7811
18028 11900 3189 15669 5524 10056 16056 6136 15313 18391 17274 1709 14799 5981 12568 6356 12545 5971 9148 10288 85 4372 4228 415 4964 8127
17339 1915 11000 19501 77 18270 5584 14353 15400 19078 18704 7377 14746 5860 15722 13957 3789 16292 8806 8007 2574 3847 3830 5628 10666 13664
13270 18237 13215 1512 11160 7906 10455 10948 5007 3699 2883 13789 17600 16347 5673 8404 1626 696 17547 19460 209 15690 7295 8779 15820 13234
4703 16499 8138 19102 10689 12050 11705 11277 9101 11314 15813 17470 435 12608 1323 17869 5205 4290 7356 3496 13738 19660 12844 5429 10094 8398
10277 3214 9285 899 6474 10415 18204 12666 69 10675 7507 9166 19310 783 11331 10383 13304 6060 11665 5085 18493 4157 12729 9082 5722 17308
12398 14481 12131 1589 16395 19876 2251 4239 3349 13328 9146 4634 10902 12624 18193 8024 4731 12667 3896 6993 5112 7662 175 16247 13204 710
10582 2395 11620 3821 3315 933 16609 19217 11363 6204 3387 16195 17192 13953 202 10239 2124 3588 17425 1866 7867 13304 2123 10999 12949 7073
18837 19721 11657 959 549 7408 12374 5004 5581 2435 13778 6719 3999 15641 5793 10619 14943 8894 10615 6696 6756 18680 12054 4782 16173 10
11863 4604 14339 14 10970 15420 19356 11633 16356 14681 4891 9676 4353 12227 3092 8766 8773 10737 10666 8026 6542 11863 4033 66 19315 54
12692 6531 2119 14116 17617 1462 9161 19932 9361 1529 19861 16397 2147 13043 16155 11409 10483 18581 2761 17401 382 5241 15409 11827 17685 4047
16079 14134 9150 2722 18399 14059 10551 19136 18280 11769 16610 381 10280 12682 10490 101 7868 2507 8255 1650 438 17425 8200 4588 473 12131
10825 233 18640 13074 16891 17579 5222 11648 6822 18966 2387 12434 7100 7090 2362 18038 10470 1889 8164 5755 1078 12952 14761 17255 19704 8246
6019 9810 15040 1518 7381 9834 2946 8609 18541 3285 14122 9311 16985 11151 1928 2279 8281 11032 11209 6111 9318 1435 248 17480 18137 1751
1144 1259 6653 19492 13238 1824 10932 12669 14150 19371 379 7507 19209 11273 10195 11604 15085 10880 5185 9262 8674 590 1546 9740 17335 14420
4660 11505 10267 4413 13476 11387 14838 17157 16319 9707 4497 14606 16790 3493 10879 2130 2221 5837 3296 10054 7963 5505 15165 12932 7543 1852
14215 15743 17197 15780 2559 6116 1744 18524 4962 16311 9098 193 6388 5616 18734 6380 751 9584 13136 13026 17051 14374 4217 11659 7811 10775
3900 4809 18260 5960 2237 11833 13810 2876 17288 6577 288 7704 7548 8283 1939 1749 15354 11201 8936 16489 7416 13973 13848 8830 12797 8174
13530 1635 4960 18753 5581 15780 5705 13470 8937 1366 15722 7536 17645 9446 17852 8501 18903 14942 14975 7364 9840 6543 2075 10899 7751 7317
2316 6237 9799 19794 7360 14877 1152 3338 3992 594 15355 6291 6778 14335 5102 9646 379 489 15029 14043 3638 9826 12557 19527 17920 5108
15602 6578 6300 7890 14071 4730 16780 13216 18870 10985 18520 12922 12579 16190 14722 9868 3882 11505 9356 15729 8119 9163 10012 14759 10537 5794
13801 5959 3310 10561 3874 1479 3632 14932 18962 11457 4979 693 622 18694 8934 14244 12268 4341 14442 12810 11125 4005 2564 1551 3754 3483
3182 18707 12157 9549 16190 18093 9001 12137 4167 16492 2948 18946 15017 10320 5154 1040 281 14947 10623 13125 8778 5387 1248 15295 4595 8037
15220 5418 982 8292 11370 12489 7136 7687 2201 9730 1766 4235 17585 5865 8097 355 15459 8833 4573 3036 17256 8533 5545 19552 5731 4628
12624 9596 14993 3706 13676 12592 9581 5097 5400 16997 19093 1118 18277 15839 6820 5680 11358 10231 13230 4428 2652 17230 5701 12522 7697 8705
11275 17020 1209 3896 6613 10606 13285 19506 14626 18373 18058 15573 14327 15665 13005 4812 14040 13663 19166 6118 15033 2364 12451 14383 11246 4296
7777 2138 1909 9508 18392 19671 4012 17084 15091 7803 330 19863 19774 16015 9354 812 14294 17374 5422 16079 6997 14149 14342 1755 11179 7597
9329 4589 12462 5372 14752 11108 11999 9154 9440 11245 2618 11882 11189 19179 6190 15288 19655 4297 4467 8691 6296 16900 148 12168 19790 14488
15611 14874 13985 15876 18218 15673 6795 11742 17466 19692 4755 19074 5400 7364 15757 4631 18711 17095 6355 16501 11814 4936 3034 3274 9712 13914
6339 7302 1597 7065 3077 1444 16906 9435 7741 6762 11957 16589 16413 3313 6157 646 7337 12629 3346 217 11607 10149 963 7331 11168 19890
14035 7412 2716 7468 6459 10155 12165 2484 2510 6471 5445 14512 1034 7559 4583 8193 11055 18022 8671 6120 2638 13174 9902 9440 13004 18916
3461 8826 11645 13754 4270 9089 1617 13149 514 13554 2745 11567 12181 4208 8803 15624 1732 1028 17247 17342 2446 14560 1429 1897 18574 201
14906 6879 4328 11833 9153 8128 12381 16339 10287 76 19195 10996 14776 16351 10825 19227 5519 3472 12875 1259 15761 19585 7793 6201 18895 19023
13370 12656 659 15182 11557 12232 10110 5622 19491 11901 10220 13840 15940 17256 3333 1835 15375 11698 8135 3366 17504 4324 985 4065 11260 9125
5914 2391 14447 6230 15156 66 13167 4717 18000 19113 10290 18938 7731 14816 12988 11206 6812 14726 15851 6236 15347 5050 12453 16274 15118 4200
122 13328 9106 9917 12318 15196 7918 15462 5224 19915 8580 10159 1003 18037 19024 9995 17559 9539 6981 4625 18838 4979 16972 394 2437 13862
3030 17168 19339 1300 15925 4761 14477 343 1971 10791 4259 6169 10183 1527 17854 18101 15438 13387 7137 13189 16647 8499 12130 756 11899 11657
6169 16120 16618 16830 10461 11655 15691 19341 138 12973 4118 3699 17602 8936 7454 3689 4085 11797 5791 13057 16399 153 14980 13594 5379 621
6637 12479 8216 14236 9170 13725 5676 9847 14644 12447 1630 18836 4503 4058 234 18164 9617 9390 15341 4706 12656 13020 7115 2147 17566 13128
6312 16756 13138 9752 10153 8179 14680 16823 14793 10005 2401 5901 11027 18704 18808 6946 11335 6176 10237 17706 12580 16496 2713 12234 6977 6019
15364 4727 13490 4300 6539 16532 14255 6388 10151 10765 7897 7951 18759 17867 18477 14852 6203 8633 19547 16497 12682 12221 14761 15378 3942 15906
15809 4003 19100 8918 10431 5759 2791 11652 13142 16262 17467 19779 8376 3420 16856 12220 14680 11453 16834 7522 1696 8120 14159 3402 3525 2034
15982 10041 4801 18238 4706 3537 771 8302 16220 13645 13166 3474 14261 5910 14380 9281 9001 3018 12481 14897 8028 10606 9898 4710 16132 11985
4015 8076 1326 10988 753 19339 2466 2335 14671 3633 12617 12753 11317 13546 16507 6820 880 15789 10766 1653 6040 14427 2747 3662 232 9691
18062 13793 6833 17056 7957 9 8590 3002 8562 5255 11557 7102 12625 19885 9524 6681 16461 6979 2775 10606 15051 3712 8995 9387 798 2160
4589 18815 19016 18705 12848 13829 3803 13927 18264 521 8495 15855 19059 17882 3315 16051 17247 11658 5783 10661 14298 16032 1612 7921 12521 4660
12636 9595 4191 9391 16297 15992 1676 15522 2723 14976 7718 8224 19500 11007 18040 17928 5895 924 12036 6053 4006 19513 7581 4201 10295 4519
13932 17619 12408 19681 16270 9600 11507 18130 13735 11338 4236 19009 17266 16548 7106 3035 18639 16066 15068 16221 5235 16264 5830 1396 19310 16151
9832 11624 8188 5838 13028 3221 6416 9058 6814 19048 9590 5039 13087 4761 6124 15650 10814 18993 13812 13701 10621 3359 8988 19451 19633 19237
17764 11123 11233 13204 8013 15203 14711 2316 6969 9365 15983 17140 13665 7186 1750 1759 12026 14347 18134 18736 10833 11194 9617 8574 4015 1070
6714 16768 4909 16051 19339 15517 2837 2589 9696 13411 6257 6207 18369 13608 6161 5617 2709 8658 15171 3173 10683 5010 1414 6624 15660 8468
16211 4405 11117 9605 13432 12381 10977 2611 19143 4649 17091 16091 5153 309 12712 1709 9881 19823 19069 18155 2425 12402 1329 3086 2568 12693
9039 5582 17438 19874 9604 311 4580 1203 12654 9045 3786 12288 5006 6008 9029 18497 18633 13902 15810 11937 7672 6840 7242 11199 5280 14253
18178 11207 11308 12318 11073 7160 1316 7540 1086 11173 15137 10391 3504 17237 15199 10319 6829 19803 19533 11460 6569 18798 2015 964 7835 13507
7961 13012 5518 18039 16911 18492 3280 8480 16844 359 18875 645 7815 12697 11131 17357 7475 13083 5348 8913 721 13726 5345 18596 1227 2680
19449 8677 1500 12241 16109 1793 14098 5511 1463 1121 14568 8868 16854 16487 7466 6393 9089 10778 4896 18499 9772 10552 18144 13855 19009 18110
13449 18402 9620 13837 17271 18736 4790 1004 76 17342 10663 3130 13228 3639 4681 679 15171 1021 11155 1660 4792 19286 11377 13098 14775 9108
17366 16917 13703 13177 13806 10453 8789 14592 1652 210 12828 6465 4060 2933 6089 17924 11170 14700 11271 14574 855 17243 12820 17027 901 7744
6167 11247 3283 8877 18801 8613 16426 4460 3249 8332 7161 19076 12938 15629 12824 2173 7271 15094 13636 15101 1028 5171 6512 17567 5286 16944
2218 4294 3049 11877 3245 8986 6044 8279 3833 12452 3766 9115 7703 19314 14509 19060 5856 5629 7398 1846 11663 14648 8757 8445 10951 10555
2684 9341 5060 15033 5719 7303 4799 8424 12666 14462 10888 13371 3007 5995 8413 1990 6900 15594 10403 8691 17241 436 1958 9041 5469 503
17958 8063 18220 13269 9015 7645 16938 14091 17295 19016 17458 4427 14400 17038 15702 15790 333 12350 16015 2416 9753 8506 4765 7560 10982 15428
2153 15982 8288 9795 10768 10330 2016 8490 9497 7584 7469 16226 7433 1344 6809 7034 7001 7609 9252 1643 225 3055 5626 19309 16639 8011
9403 19691 11783 7626 13969 4303 19219 10710 10583 8186 8736 825 17968 17103 14327 17099 4484 17840 6375 15883 15439 347 16436 3064 17660 12938
3164 938 5554 14905 13149 6535 19653 2667 11521 16179 4233 19798 6431 8679 11043 10099 9827 8082 18317 12967 15429 2560 8829 4687 19465 5704
13343 3256 5394 9388 748 19456 15502 12364 13938 7594 3991 11790 19389 8630 10515 450 15590 109 3511 18406 8268 19630 12885 8417 14053 1682
3358 14022 9829 1912 13725 2760 19308 16438 5550 1198 5288 19602 4007 13748 15062 8210 18372 16884 16442 12603 18629 9366 15939 9993 6469 3246
11040 18335 14266 16091 9301 9355 5816 4742 1402 4427 2803 7518 17240 3160 12299 4391 11838 4365 11610 4521 5716 19707 18496 14861 6632 2509
10336 19853 3129 19164 6775 3149 16303 15552 5604 13744 11938 3719 1979 10949 9803 19156 9548 1680 7261 14475 2418 10877 15691 16088 7396 723
11552 6249 12389 3523 9074 10184 3294 14694 7368 14226 19876 13772 868 3446 1314 5864 3553 234 1508 19711 10317 15358 8034 2837 12395 6599
17853 7552 6357 3742 3522 6850 9878 13795 10933 12388 3381 6097 19030 10946 16274 16693 15209 4141 9402 9317 8901 7215 15801 4404 9192 10196
17586 4087 14552 10426 5631 11467 6072 19277 17682 1556 13414 4890 12399 17526 1243 16383 13041 5296 8615 12621 13571 1302 18246 15491 5399 519
133 12872 2426 2646 15295 7592 1834 15725 17290 18350 7075 1682 9395 13786 8433 15619 4549 1647 3066 3799 17189 16236 9182 10372 6560 7148
16476 903 15881 942 17133 4684 12115 9791 19059 3990 8785 10268 9118 671 14055 9690 5157 17160 2719 7838 18888 8357 13992 18796 8064 12395
2371 13429 12550 2491 2879 15960 10426 10083 4543 8450 712 7901 5201 15959 7132 18537 7786 15712 15107 2150 527 18302 10426 12067 14127 11194
8968 15904 13155 6089 19816 374 4145 4701 2675 17430 14600 271 7821 12128 16461 6481 12959 2666 9060 5247 19672 18336 11290 10927 1791 6937
6725 1113 5696 811 4711 179 7546 7908 17400 19657 19820 5466 7944 16236 18385 6394 1479 1065 8371 4041 10751 17608 8598 9192 1824 5938
11357 10916 17347 14976 3963 12579 432 13558 14930 15629 12915 18851 9403 15074 70 17630 17676 10846 9171 1443 3511 9362 16602 1567 9982 12829
14401 9235 1215 1761 19912 1925 14947 3168 17660 3023 5483 15009 16439 3409 5561 7569 19459 4960 19249 19408 16732 4647 9200 15211 19905 1829
8965 18540 18511 16842 6169 3871 2037 10714 19045 6604 17469 2309 5493 3797 12544 8802 4838 7934 10958 19744 14299 16425 9937 15696 3777 6111
12765 16181 6518 17247 14572 17212 17855 12516 6643 10798 15427 5735 3889 2871 14453 14623 16033 5963 58 9873 5189 9785 17456 4508 17095 9984
5965 17438 3160 18504 7762 6677 19300 7244 5146 7652 8890 19515 16242 10025 6913 3627 18709 5082 672 12762 18164 17114 19973 1735 12865 10570
18079 13399 12523 17233 6628 17815 1131 8327 3970 12770 18804 19299 16543 9541 11229 2097 17194 14237 19900 18934 1677 5402 9831 17239 6618 4743
15661 13077 11024 5269 11016 18142 14125 16044 874 5509 12249 19887 9429 10544 3476 4571 3366 8006 11275 11212 6716 2593 19004 8002 15733 1649
9052 19849 16948 12694 3470 4936 5422 11613 3840 7642 11403 4724 6677 1588 5539 16914 15040 3 16646 14731 15541 14466 3842 17290 7788 15198
9515 18515 15703 4305 2499 5217 6777 8233 16639 9879 18659 16636 2628 17030 4308 1471 1190 4522 4363 6994 6440 8980 5172 17252 12647 1004
5603 5328 12969 18669 15542 19437 6501 19904 14710 7631 1375 16281 3927 18447 17799 4803 16479 12757 4376 15865 13831 9641 458 14260 2499 17497
1440 1500 1069 17387 16053 8102 17890 18417 4265 6686 13048 15786 15858 597 17296 2006 18940 5007 18931 17718 17686 1791 11930 19040 368 6614
5609 4895 5355 5087 2554 15688 7886 15272 9036 7096 15480 16190 690 8846 13625 4048 1532 15062 12270 13401 7309 4744 18404 6304 13406 5625
16484 5571 11278 1850 3767 17787 14340 16939 2116 9660 693 9828 7229 17346 6716 15866 19431 13934 15460 8267 8014 2271 15187 18596 1493 13586
8960 5685 6707 8958 14209 10757 3369 16483 5040 14872 1060 12547 16386 4914 12296 7316 10155 8099 16329 12333 10145 6973 15698 12008 8253 18833
16039 8568 353 15118 10032 16538 5946 14093 19099 12406 16006 17314 13583 5747 19568 5886 18184 7261 7844 6457 5963 15133 7303 2945 14331 17974
3384 3500 12089 2851 10875 19715 944 5361 12350 4055 18690 5055 1358 5876 8762 18887 12069 12165 13227 16169 5926 1380 14521 3981 4086 691
13681 16325 7803 17961 13978 10387 12063 15745 5846 19704 2380 16154 14984 13150 685 19838 8268 9549 13312 4224 2594 14348 13895 10310 8868 16158
17302 1581 11461 2785 4496 11221 7207 19864 5384 16215 267 3774 7859 1930 7129 18079 6556 12716 4938 11603 11563 16555 5073 18539 15879 15892
9679 19216 4705 17168 9850 7846 10073 1562 14368 2514 12712 9304 4513 6869 10549 15226 12643 14298 5965 17482 11792 3100 18985 7722 5107 18126
14351 2948 5718 7936 377 5654 8899 6134 8317 18889 5938 1769 7357 18471 2922 5671 12616 18857 5709 4186 5958 9322 12751 10078 11259 10841
8521 14493 10160 2891 7821 7320 1660 14751 3165 19606 419 19551 16301 3792 9461 10659 11928 17458 18672 4084 18597 9900 15119 9894 17839 380
3484 16047 17239 8240 8081 19032 2463 6117 3142 3827 8547 7628 12090 10990 3743 11744 8834 12440 3352 19090 16999 9394 1842 810 6513 2117
2708 12572 840 7059 11600 15649 7798 14974 671 6557 11952 2291 1860 15043 15086 7157 3626 12040 4651 5304 11710 19687 14649 18355 13897 656
2036 18875 11234 13425 7257 18841 15923 364 15420 3823 11783 12862 2363 4851 773 19228 9976 4097 19251 11487 5892 1306 14208 11497 2168 12517
4504 15094 19224 2010 7888 18337 4407 7773 1418 5968 1416 14156 6874 17663 14713 9026 2932 9759 19262 15111 16946 6725 12033 2298 12394 14878
14706 19922 5191 9095 7831 14440 13693 11663 15390 4231 3535 17246 10661 7607 10489 2805 1730 11323 5759 2995 5778 8164 13473 10007 10390 5247
10450 16027 2638 18191 14605 3829 3209 7319 6352 841 6754 4155 7895 5831 14633 2444 3648 16255 17900 7627 15719 14053 13221 12778 16728 15884
9814 3292 6846 12057 1156 15951 3541 569 15296 7392 5261 3669 13589 12131 6136 9465 18835 17788 15727 2235 513 18013 11579 5182 9682 2105
14302 17236 5002 10800 2867 9380 17092 4449 11890 5655 13838 3471 8602 3785 7994 16426 14501 10833 9356 17211 7539 14864 7261 9512 19276 5429
2040 6526 11903 8513 17375 11638 567 9963 1254 19359 14717 16648 13616 15888 16167 14376 19501 3310 18721 6429 11843 4438 11363 8105 15817 11935
343 5790 11447 14582 16368 4722 3462 7585 13664 9447 6269 12404 18820 11409 6250 12631 19113 22 9787 2918 16322 17970 4681 3053 18537 16686
12473 4316 19234 6026 17405 3524 11794 11025 13949 17016 17314 4150 5459 16573 5268 5484 15498 11596 6607 6597 2131 3899 4956 8195 7550 5193
5672 5766 12269 4584 18756 337 11435 61 1601 5844 11330 19701 8845 18344 10567 9974 5605 5217 5837 11409 2645 19732 15475 15212 3607 8163
19145 11705 15158 9886 7726 13376 5315 13454 11394 3802 5984 11120 18589 14936 1136 6209 15274 18377 9784 4099 4966 11673 7893 16853 7369 2628
15721 2777 15379 6282 15371 8818 9338 9647 15547 19634 7688 18440 5059 12554 17970 848 10945 17484 7008 11012 12599 4122 10352 9246 8478 16453
13837 8944 8376 27 2156 14736 17661 486 2996 10849 1669 10596 8558 10652 11709 10697 4364 11197 5647 10170 4396 11728 15931 10184 868 362
19799 15187 7883 5963 17008 12234 12419 10731 4231 4792 1377 15835 7997 15883 13896 7124 16281 10146 9766 15027 708 7755 7367 14569 15327 3009
13896 8680 9908 10696 3946 5363 9256 15777 8345 6786 5444 3251 5332 2475 4032 7244 11615 9777 16663 19617 11794 7872 5149 15264 11399 16419
1874 16142 3459 12870 18675 18361 18578 18104 1417 15740 12313 2159 9952 9279 2971 17530 14509 15430 5107 4542 13112 526 7470 9125 392 12341
9090 7567 8090 3650 10621 100 16614 2359 17580 13656 1479 8816 1900 11317 10353 6757 10084 2871 4822 8040 2361 12969 13700 9416 19038 10043
5991 16946 18523 19566 13738 8216 19209 15924 19311 10324 7072 6873 4715 12256 12151 17281 9023 11969 18408 12248 7819 9047 398 2853 664 5201
18377 5081 5511 4070 1851 6320 10306 7537 11194 3904 17391 16520 6097 9219 10075 2652 12158 13731 6730 7377 15831 10196 5227 3637 14777 87
12634 1780 19623 4647 7544 5318 181 16846 2135 475 13046 7413 15538 14252 15099 9966 10012 1514 1455 14769 7031 476 16622 10968 6600 561
709 2053 3310 5719 9732 19375 4062 8772 8280 7122 15339 4180 19417 14855 14707 11707 14085 13182 11386 16584 14139 9324 19047 5502 18995 1273
943 2243 16844 19671 5427 19959 2095 6773 4106 15124 15902 17834 12908 13881 2376 18885 11415 19334 10146 13581 7207 2295 18514 4031 19783 18859
2003 6946 5792 156 8274 15240 12513 18411 14867 17364 1088 12082 19550 11771 2610 8670 2950 12855 11133 6378 13294 665 8958 6788 8270 11842
2352 17369 14439 13971 7894 3013 12536 2174 9347 4738 12397 22 8195 7291 6729 3651 19156 17105 8377 1086 364 9605 4824 5282 16420 15288
14675 17116 15410 8792 15954 13868 13386 11409 3418 11359 15058 4302 15500 4752 10052 12225 2332 16282 12835 5719 3537 2377 2375 4750 18167 13463
2614 6204 9002 19842 10456 12986 7794 17199 12235 11175 13527 5932 1546 16005 2748 18440 4947 17006 19344 12653 2779 8788 17506 10987 15492 5108
4908 11856 2662 5961 181 10477 873 8812 19951 3516 10285 1226 16681 3936 17443 12469 10347 18567 2720 4223 13566 2168 13408 13557 3934 18671
12416 11370 16288 16697 16668 19761 10789 12808 18056 6017 18138 17783 17360 16415 1903 12660 7788 6075 5043 6650 12179 7233 12329 16599 19251 15667
1114 17515 7979 10442 15033 11067 13200 12610 18378 17976 4471 12688 4408 3951 8076 18794 18131 12379 8712 15936 1288 409 12401 10763 12222 5452
17676 19863 7819 9030 9245 2584 18235 5980 3951 15208 3463 8271 15351 17191 18536 6030 19611 6591 1930 19058 14001 13521 5104 10787 12583 8604
6146 6430 16154 16052 12747 3599 18661 19837 12782 18871 12996 12028 17789 5986 3851 14234 6156 5201 18573 17569 17699 733 19408 894 18869 10888
129 14380 19474 7142 7582 6206 3229 4924 14037 4731 10601 16653 14406 10839 2726 15847 11980 4087 19737 9858 14232 19473 11655 10266 15916 8347
8268 7774 18716 12941 9402 18612 10467 18512 7882 4543 11357 10279 19048 12200 2585 7532 3864 19876 8735 8478 11629 15701 5471 13974 4190 881
14306 9808 7173 734 17388 7497 6424 7165 7422 18422 15839 3115 18168 7466 17265 10843 18203 9769 4639 16840 1179 2674 604 6140 16459 13313
2598 14189 10712 6161 18839 9643 15089 568 249 5625 5994 17720 3925 19458 19088 4987 1245 9047 2312 6692 7239 1901 11288 11753 8996 8305
17005 2438 4611 857 18457 8756 15132 13021 6819 18612 10295 8778 5518 6907 18697 7270 3513 2917 6833 6611 4721 3848 7138 15801 637 2979
274 17773 13021 18675 6501 11255 14173 8169 15555 10667 6021 17873 3267 12977 593 6526 1581 776 2339 1537 1385 15220 4959 12569 6720 15096
16653 16799 18683 7018 6495 12173 9703 2476 16969 7978 11214 18558 2876 12244 59 13003 15695 8396 15708 4394 19381 18077 8002 4602 9536 13209
6650 18418 16397 7326 4701 12428 8156 12635 13814 515 15925 7608 2997 14365 16531 8550 17543 14195 8758 765 865 16117 13269 13745 12 5441
16654 7094 5408 4088 17545 18452 11077 17278 13475 11922 16167 1914 12267 16480 9574 14723 5299 15924 10625 10828 19604 16948 10932 16243 8402 16351
11550 9225 3963 680 7306 2521 11256 11317 18168 11206 15835 17054 18475 18754 2134 1460 10579 8780 17035 3580 11053 18564 3091 13942 1178 6814
5632 5448 18700 16303 18881 2437 14411 15639 16512 6279 10729 11022 13352 8863 19000 15231 1426 15328 5520 1684 8713 1027 5779 19626 1383 3454
11795 2320 19033 17883 1947 15546 16758 3324 14740 8680 12766 17590 10640 7620 11008 2868 14186 15336 12111 16271 13742 7792 11516 11656 10022 7535
26 12539 1368 3446 305 13108 6455 3769 9783 16442 2806 14700 7870 16031 6026 13687 7607 18009 2537 10971 5038 3056 247 12303 12184 16570
552 3896 1 1654 4122 1614 18408 555 10803 18016 17160 12265 799 12186 8989 14027 2064 14801 3536 15566 16828 14623 7404 6424 8977 11553
3557 15444 15900 16058 2797 4824 10322 8025 14131 12488 7443 16073 6122 3336 117 12240 6743 18097 17382 560 1893 11103 17467 9868 16058 10602
2244 3328 2304 11183 13491 417 19419 15828 19492 10950 13709 18296 7624 5150 210 6286 2513 18936 9757 2346 18924 151 18996 7029 4836 17762
19944 8485 16311 7169 707 13501 3656 3212 17395 18398 18277 10026 4866 2348 1716 1017 11537 13923 930 9376 5501 4043 5003 14116 17151 722
15713 531 19749 1237 15155 1057 3528 7660 3933 9332 18273 16598 17670 2951 6440 10190 3529 922 259 3515 8991 17922 5940 1187 16553 18531
2092 4364 5814 271 7435 18499 1670 3888 14805 4381 5674 3161 19160 19326 11235 2852 12392 6443 18518 17090 15345 5456 13292 15298 15408 19393
6487 8003 14231 16548 10710 1744 8941 16038 10260 4031 10969 4240 14590 795 19303 19194 7157 10971 12320 11071 11315 773 17044 10117 19493 17606
16054 13703 2636 532 15127 18933 404 16884 441 4549 5953 13054 15495 16535 16574 4630 18691 14640 11172 15131 18673 13349 1967 17468 17718 14771
17919 1127 13824 12674 17488 4557 9061 8180 13131 1320 1031 17048 18732 8543 8440 2969 15653 18599 7330 1334 10553 19646 1089 7364 8006 18200
12261 13994 16911 17628 5017 16590 9027 12263 15832 3959 5556 1185 14263 8966 17844 7448 15289 10473 18062 7225 19000 10468 4935 3574 11055 8826
19964 1385 3505 1537 13159 17663 12816 11988 6611 7268 15619 278 2971 3020 10469 7472 10885 1031 17853 18641 14574 5555 18564 12075 10101 18393
14275 12008 2099 18764 18188 17326 10594 13119 1552 19839 8089 13595 11137 2193 7388 3073 17316 17233 1191 2993 2485 2125 17543 6721 17698 8414
14259 18059 897 2561 1074 7772 178 12081 11392 1787 10706 5376 17307 8056 4431 10803 1852 7160 6685 7523 19927 17156 19235 15055 8189 3740
1544 13438 12186 7496 14010 1277 5807 12998 5784 19732 2711 9700 381 11617 6438 87 810 8190 11298 6696 4745 15041 9632 10590 2347 11623
15890 18147 8804 19236 9502 6861 6550 2780 18104 10386 15733 18815 11664 7131 3239 16720 17065 16987 8725 2585 1957 3349 11641 10385 8055 3994
3850 17258 17445 5743 11261 4314 12318 9495 9239 13847 13496 12605 6841 19756 8248 10900 2668 18499 9634 19234 4199 17936 15328 11377 14120 3929
1184 6053 323 13467 16405 16540 3359 14901 18026 13603 16971 8696 6217 11610 13107 18877 12316 4226 16788 4122 12395 14609 8362 14460 8893 16551
1203 16816 12095 18166 2105 13496 14508 4274 1478 12846 3208 1861 9772 9576 13548 18535 51 13293 18896 2926 14171 12178 3705 7024 3676 11530
7149 9266 6493 1061 10248 18689 10862 1939 17803 1518 19226 7107 99 3978 4537 2043 10535 19339 10415 17833 16252 3789 8242 11914 3266 11061
19330 254 746 11790 16920 15512 16793 19974 9869 11407 7284 2316 4032 9300 7732 6452 18149 8833 2896 13333 4396 2658 18766 12964 10612 19891
1880 19782 5108 13754 17594 9634 10470 1661 10100 1569 335 4625 8764 11445 12310 2255 18840 3556 10503 8409 4432 16268 3866 15495 587 287
10996 11745 6162 11145 15990 15461 1461 13560 12127 8731 6012 3034 1632 17067 9350 1833 10012 11779 6565 16749 1149 18659 18525 19334 17055 6938
10148 1227 13791 8717 13793 14894 8282 2361 3639 13687 16621 4569 15397 12416 971 11874 1901 9042 15942 3423 4789 170 1813 8185 8317 17719
7436 7020 17325 10570 2372 17669 6588 13161 15685 1335 5173 10955 14914 5819 15985 1276 14093 11081 18838 8555 17327 4758 18488 3076 14969 954
10156 2048 5919 14644 16329 12315 2075 9679 10125 11764 7304 10945 11076 19843 8846 197 4344 18004 1650 15027 18043 9159 18636 7094 17004 2057
4455 7669 5936 4350 1430 3062 12936 17750 3903 2559 169 9230 10230 10842 13459 16677 3821 1229 1191 19482 14692 5977 7714 19402 115 407
11874 18722 12849 764 6028 17419 17836 10525 7489 13330 11584 6016 15153 15643 4880 18419 4132 10342 10649 17524 11601 10568 17352 9432 11222 5956
