365
40 47 8 0 53 61 35 29 30 26 42 82 21 84 44 94 20 21 66 21 86 38 70 25 73 74
1366 3817 400 4912 9919 2574 1461 10502 11318 4000 16846 10328 18974 16880 5283 19317 9767 310 14635 12075 18734 2816 3917 16407 9621 1455
17133 5105 19121 12297 15200 12581 11200 12415 12363 19488 11492 12991 15233 43 6865 2490 10126 19967 6935 14275 10631 7811 1821 16973 19982 5416
12217 14331 19126 18390 18077 12264 13247 17135 5455 18406 14497 14619 17636 14464 2864 8334 12738 14704 18591 8416 18663 5724 2082 3821 19127 13482
13986 17155 1561 14217 7408 3903 5723 161 19044 5678 7126 18091 18060 178 13550 14802 458 1650 3716 14707 13883 7867 18193 11292 4433 1872
2121 7862 9928 8758 12617 17483 8477 12751 1141 2285 9525 8131 6641 5188 19950 13423 7028 3137 4169 2646 14289 18018 2580 19085 10007 7801
12451 5316 13748 18241 1401 7281 3919 12975 9741 4960 12189 12485 7307 10335 10681 14281 1059 11576 17426 12876 11002 8144 1013 15856 5220 5320
11904 4502 14762 4436 2140 15735 4271 12620 11550 16806 14173 16013 11375 1251 16915 9278 13287 2551 9769 17956 19308 7831 5740 17587 336 7086
16283 17667 10091 15924 16393 17297 17696 14536 12188 5857 18718 495 13005 5525 8260 4523 16938 4311 17523 9565 10981 10884 17733 10429 8045 17198
14972 19461 5550 1561 1462 5214 14269 12786 1435 7706 16931 15776 14575 6461 13996 4272 17311 2509 14517 18402 5328 5800 13943 12424 2543 4030
18270 3242 501 9629 17562 14564 13775 10595 4070 14318 1203 13414 10683 18677 944 16249 10805 6922 7636 19526 8227 16577 11075 4600 15275 3862
13692 15974 8888 11423 19766 6368 3771 355 5305 11107 18469 17136 19581 3024 14746 6950 16300 4703 6120 6502 1481 9204 12888 14191 4640 5434
1170 14072 12171 1146 16683 8644 11201 13027 16688 2394 18890 1178 9726 568 13427 82 17295 6970 5011 17436 12344 5032 9595 5465 4978 5707
3391 13567 9505 12793 11895 12125 17095 13650 12640 19850 17506 14951 13941 13767 8880 1864 16863 9173 2039 4904 19339 13828 12590 10045 17238 10889
14719 10476 18059 16736 9798 6894 13496 1702 9924 12285 17361 8087 19808 19144 292 4102 5719 5306 5256 6567 13391 3448 969 17270 244 6628
17260 17266 9358 2393 5567 10727 11583 1555 4962 4328 5332 10105 2687 13330 7321 15173 14336 8727 9475 9886 5256 18303 2868 853 13978 2479
8829 13977 426 11450 5589 7679 13861 3114 16711 5012 7892 989 581 15161 13356 740 12363 9759 3422 4912 9466 16317 4937 1583 19258 8116
18402 17254 13124 2059 19462 1965 3393 17404 8045 13482 17283 4007 1026 17077 12428 18979 10914 3996 4028 13808 16846 12296 10586 7994 16709 16815
12390 80 8366 3098 2098 11544 8550 14633 12465 14695 17242 14682 2609 2081 10222 7940 6911 7474 12010 11281 3901 4990 5676 15539 9412 283
16375 9928 5395 9946 19136 12194 11167 7922 7406 5066 2359 17441 8459 5516 15532 8651 10908 7463 17817 4365 18923 3164 10747 4898 7021 7850
6081 17466 11784 3104 11503 12423 17845 7957 13143 10001 13626 10401 4872 1177 1431 14276 11390 17161 2211 18785 7577 4983 14040 1299 1451 15024
12080 19001 7779 7975 11101 4553 15683 15959 9432 7315 8750 15621 9270 12793 11110 8168 15173 9628 12974 19017 10807 12037 15017 9738 9904 12471
9041 8803 16932 13083 11505 3881 16300 2624 13412 14485 13649 19941 17018 17630 12693 16024 12313 15611 18754 4904 6674 6473 4131 10318 5529 1324
18504 8544 14359 18701 851 14624 19745 4754 4839 13272 3422 18938 18254 8771 7301 17128 1339 16447 6408 6653 4560 736 8140 16464 7251 16332
5790 6780 4472 6231 17107 5728 8040 10424 10889 5060 5390 10949 11586 1908 6174 7829 17870 8057 17738 19882 17912 12867 13379 19077 6595 3646
9967 1348 2486 19808 5903 4329 10408 8198 8192 1558 9009 7484 15150 4645 1699 17932 18334 9156 18085 7311 10633 17218 9975 12098 12855 15752
14416 5197 5163 8549 9744 19974 6247 5686 181 18517 7922 13597 3077 13218 16637 17700 5592 17483 3260 14611 9825 3988 17709 13611 8671 4871
9903 222 14632 884 6738 9523 11831 12451 885 19860 860 19815 15234 14622 11552 12867 4803 6986 13510 19549 4274 5979 11595 7518 4491 5094
9873 178 11771 3939 188 11945 6030 13429 1558 3034 10877 11810 14538 5953 17180 7324 12213 6753 10170 497 19633 3926 13224 11486 15350 3886
5560 9361 8574 13135 9465 16482 14767 3976 3414 8834 4377 14972 18602 12842 14777 7848 1466 15262 6142 10361 9735 5292 8100 13154 4199 15514
5808 16652 17297 6768 15527 18503 828 16279 13668 3290 5513 19989 8263 17287 3336 3879 6372 6828 19707 610 18602 1756 13743 8159 13262 6775
19231 2005 12731 268 17886 12937 12324 10957 7230 11806 217 1533 6655 18547 19681 11018 1555 7761 7819 15505 10811 1676 14500 11088 6009 12582
6636 17421 2767 217 13785 6466 17992 12683 19401 4156 3742 14862 6883 13565 3092 15593 926 8733 14405 4938 17092 18363 5394 651 13238 3563
2318 12992 8382 11694 377 13432 2999 14987 9107 12041 155 18240 18935 8617 3467 14929 6160 12939 8979 10214 1332 1900 11704 11987 3335 6457
11376 8158 16129 4797 14406 18350 333 10949 18550 13357 9790 6970 12674 5063 11250 16986 12928 6922 19346 14204 9480 4217 1275 8205 7192 7803
6173 13695 19062 9905 17255 6612 16792 12153 13355 4405 8856 3779 13049 19422 5578 542 9467 15938 10389 12579 7320 3432 7172 15361 16092 6828
15304 18462 463 15039 4639 11220 3970 12978 266 16938 10846 1098 11456 13366 11878 5793 4588 11301 1352 6530 3060 15365 18331 8496 2638 7923
459 18974 1725 9227 3255 1521 13786 2551 4283 2766 6040 19133 4886 10612 6199 14440 10839 19291 18591 18123 6209 1799 4975 12206 18531 13904
9294 9478 1625 1213 15650 2212 1537 18735 15706 3987 3352 17808 15127 16299 6249 5273 5052 4082 18145 2001 7686 12466 14670 942 13158 9127
18178 3185 12344 19358 692 11757 9878 14563 13229 5019 13676 12435 12681 13199 3839 3511 12507 604 12058 12786 16991 7789 15316 16833 17665 16078
11351 7512 18582 6779 3631 17101 17732 15544 7344 14379 4825 1796 3392 2174 13733 8141 4850 976 4886 14653 5486 4664 19881 12951 10021 8912
13612 6875 14747 4180 10455 14699 8230 5880 14364 5992 18048 10511 11763 9332 11595 11922 13598 1628 3482 7007 6737 19589 10075 17225 5426 15519
17551 9687 16007 441 18947 7741 14709 6235 17431 3995 1135 10345 11168 16765 14774 11173 10174 3758 4848 1952 6954 118 9674 7063 16548 851
1685 12888 9136 9821 19564 2615 16815 5246 16781 1059 953 13608 17577 8402 5194 13006 11060 6887 1436 19896 18819 13967 4178 2689 10588 3315
13639 17094 3772 134 5188 17559 7312 2165 11410 19416 15523 12366 7831 9516 3477 18778 6750 3731 3163 19726 775 1713 6049 4050 11773 11662
11970 5999 3905 5133 325 3631 4128 8255 17068 13914 15983 1315 12326 10466 6990 19111 1781 4236 18200 6826 3019 16296 8107 3419 6844 1034
9269 15329 1356 17894 10703 11919 11496 18434 10627 16248 17149 14618 14575 10885 18978 157 18132 840 6758 5011 17783 721 9415 19847 19518 12713
12289 15222 6802 8996 12287 8873 17906 19326 17603 14603 18947 4079 7250 18329 67 17734 11351 3857 13204 12672 11910 14268 8419 11627 11977 6044
19713 11874 15791 4095 5521 12445 14016 1314 15004 18419 7096 14804 1601 13017 7106 18187 15827 2868 18384 7941 13172 19389 11891 19350 3135 17933
7106 14398 17091 8966 15189 9514 10811 8325 17941 13295 387 17477 18045 1361 477 6905 2729 9782 8256 19990 16676 1659 4255 1937 9317 1446
5249 3593 10363 11917 4849 10043 14454 15698 5606 9949 18680 9644 11447 18386 17329 559 5669 16953 9644 19399 15567 13403 19575 8343 6784 5869
19651 6929 18912 14239 1959 13516 8568 11471 12625 18923 9346 38 15020 13852 10967 194 3889 3470 214 18430 6797 8319 18037 6049 8863 16867
1682 7330 16586 18410 4477 19271 12062 862 11061 1386 16649 18683 84 18162 14568 4537 16086 11748 9536 8106 3532 10171 12255 9804 16971 11763
17823 48 19510 17707 18277 17253 3862 5379 3335 14825 18966 17812 6199 6616 12506 8857 6210 10623 1567 12442 1338 2812 19430 15418 986 13139
8360 18358 4581 17035 11185 2965 11124 11816 14972 10131 10578 3868 2620 18052 18041 15061 1632 16150 13708 8082 18302 285 19800 7062 10339 16080
1467 271 785 17532 9770 6137 13704 17202 19169 7907 1005 14172 18735 8909 11825 8917 10249 19475 10377 1390 9304 12272 10145 9185 14407 13845
15524 5913 9552 6267 4854 15768 8346 9078 8633 12129 2602 2208 15501 6751 11834 2681 897 17215 17421 14609 19797 4129 9034 15656 15840 7682
13948 3696 13195 6405 16132 18479 8545 4544 3871 4573 16210 11833 8844 2941 5631 1241 18362 11097 12164 17641 14079 19830 3723 3525 14233 17719
2297 7588 6973 16794 15050 12746 17633 3797 8622 13613 3900 10665 10000 19433 17548 4224 652 18358 18092 5542 3204 4985 18019 3867 2510 8952
10533 17217 2023 15309 12591 3446 7849 15450 5509 12640 18516 7413 15530 17689 14436 5026 395 5099 18849 3396 5991 13301 10403 4251 17224 8792
5054 18147 18297 6407 19719 7835 1567 13590 15151 19163 5466 18276 17236 13807 9462 15441 9772 12133 8594 12923 1183 16109 1545 18392 4510 9537
2208 9276 7248 2975 5672 4993 4632 872 15353 2128 13397 7055 7106 5582 16771 17590 11115 14657 2648 19761 16904 197 552 15724 4234 4636
9135 14482 5615 9015 19375 15761 18273 3656 12790 11200 9259 14094 18132 14966 6321 16069 6604 2754 161 10174 17142 3838 13138 1912 10254 8269
14683 18644 14805 13054 7774 17768 13786 8157 11470 685 17511 7065 11418 5981 7679 17029 4669 1440 8940 9548 17357 8346 5640 2378 7663 5129
304 16189 10616 15853 18950 1695 3385 18435 5721 4836 5360 7271 18296 3885 19026 13089 13960 7264 6160 9277 4304 175 17425 1043 10338 15394
16622 16356 17518 1543 1855 9378 4069 6864 5839 18181 15977 9499 10679 2677 18093 4401 1559 17446 7076 8243 15686 13733 16784 7811 1929 13240
12580 8645 1907 17763 8527 1775 13699 18064 6064 14809 18880 5275 16828 8866 867 3340 15428 12947 14683 8054 6302 2652 856 18074 15140 8962
15899 5439 1675 5425 17583 16612 7357 11048 12336 5118 7603 13892 16734 14093 13470 19273 19041 723 7143 1120 4827 17222 149 4062 18537 18356
2040 9932 13738 9165 18357 16789 7162 11301 8238 8863 12327 2219 9447 13379 12730 688 15539 16090 12605 13340 2656 8210 2335 17867 5584 1032
11154 15717 14271 1842 12413 13504 17592 9015 5754 8667 17342 17301 4542 1068 260 10431 14997 9572 11487 2538 15456 17908 19924 15515 19619 16655
10629 868 4832 1080 1552 11627 2986 16128 9235 19305 7893 12813 517 18036 5877 1980 9924 14674 18433 3429 8079 11838 10287 13565 12745 12658
571 2412 7287 6 6430 646 7581 14005 3509 7831 5393 10278 14366 15462 4996 19978 3252 19631 6292 2473 2073 19089 17640 5832 10081 3901
3895 8560 12943 4996 7505 15168 4562 148 1102 5779 10754 17571 4802 18322 13880 14809 10392 17948 5020 11547 262 12551 13979 3190 1641 18700
2805 11665 14341 18507 4191 6461 18381 10951 8592 4922 9786 15129 3155 4087 6455 9713 14725 12906 19657 5081 14023 17635 10112 9405 5386 13003
2049 17438 6246 8121 19346 12746 16233 6681 17461 19972 17006 1520 10633 8707 13673 17454 5999 1592 4133 17692 16700 16499 15465 9650 9344 15558
11434 5907 12350 15902 9741 15332 610 5712 7494 13708 13151 5199 993 3039 3826 10809 4699 6326 5269 11534 7746 13941 16145 15186 5149 19091
5969 2909 48 2130 2714 4956 51 16182 16421 19886 244 38 16842 12560 18728 11566 7865 9343 10159 2078 1325 26 3151 909 18550 10819
5007 8059 16486 3553 18385 4635 8992 8357 6565 14395 6278 12299 1759 12794 7718 3321 16765 3710 18502 4476 9264 19631 18379 11206 5355 8355
14739 18782 18102 10884 4397 12499 11765 10912 7628 7533 6533 17168 19135 13732 18429 3171 8668 7227 11333 2717 1008 7397 5791 1867 19437 3815
10882 14766 510 10159 4978 5616 7915 16969 11223 16406 2633 5557 13838 5805 15749 9617 19874 2655 14704 3125 8739 8543 7678 4935 6645 6837
19788 12787 9423 1186 4187 3326 15396 1965 19889 16840 7665 6886 8712 4540 17779 11399 14851 4993 17081 14771 5164 12860 16655 19121 8871 4225
12786 2191 3630 806 9008 104 2131 5109 1702 12637 13032 19026 19790 10942 17503 12466 15524 19461 12363 11707 8720 10734 1570 14231 14811 2817
5280 3139 7455 14678 16461 8804 4981 14043 3822 13778 19794 7807 154 17772 15636 11223 10820 3177 14012 2086 14668 7883 15986 205 13646 158
2679 8822 8837 2159 19966 15095 10500 17824 10746 10601 3431 1822 8370 12534 19262 19071 6895 5265 15644 18014 8328 6084 5232 2218 11716 16571
7951 19409 7092 13194 13103 17408 16734 15738 10689 12817 13093 7880 4605 1312 8163 12285 14825 2180 8709 2341 17285 13958 7070 3292 34 18810
4981 9289 17392 6186 7300 9551 8974 16663 18006 5914 3278 18308 15238 5407 17167 2384 8979 17486 2303 9668 11542 4520 6923 14333 9502 2849
11422 8856 18611 1122 3402 18356 842 8210 3222 8416 2393 12258 11015 4066 7945 10950 4646 3187 16171 14005 2780 3154 6202 17027 6303 16683
11612 17490 13586 10021 8618 19776 2986 12578 10949 9638 18774 17685 18879 16113 9304 9855 3197 18848 9828 12302 8977 5673 2266 18044 9228 14944
5067 18626 18248 17084 11649 8590 11860 7509 16226 3785 2906 9451 18379 662 6763 1794 13297 464 11338 13913 14016 221 19482 15518 2900 11267
5441 3624 13649 9924 10597 4589 19135 13983 2037 269 15877 520 13301 5335 1307 15378 13340 16502 15024 5590 10010 11468 16172 14721 12131 3283
7887 11707 18879 14217 10179 6101 19687 14722 17554 7910 4445 7044 1125 18003 1859 19525 1626 8556 16563 12791 8751 3235 2427 1221 4294 3964
2148 19167 3366 1137 4141 17766 5239 2087 26 7631 2392 9224 7939 9590 17338 12790 8849 7942 16430 13742 349 2062 18660 4614 5615 19114
8076 15095 555 12451 14942 8394 12129 8561 10900 10913 15908 19173 16216 16495 876 17338 14863 12418 18811 12817 10149 11209 4270 6564 9907 7840
8004 9344 6519 1562 3391 6821 6421 63 7460 13011 4425 15850 14016 13374 10788 9240 17858 19171 24 19488 14300 14419 6202 13634 9028 2808
18130 12695 12187 16993 19306 15446 8666 12431 165 6869 13245 3439 8163 367 5388 18287 12846 3351 16784 1594 4415 10190 9663 12046 1156 10793
1128 13197 8523 9201 4383 3452 11486 18364 3192 2843 443 8686 6147 2347 361 10450 6058 11928 13586 6438 19338 15853 16720 5456 3045 553
14379 13546 4693 2777 3838 19174 17098 1182 14196 7293 14876 17459 17453 18060 18144 17718 2688 14945 17218 5093 19119 2559 7143 10895 9239 8659
6510 13537 15926 6174 13254 10844 7873 8661 15959 17961 4188 13321 12582 11654 8564 3326 11996 17128 18749 8248 13712 4008 1601 7750 14572 8582
1871 11720 3310 15763 8222 16665 4307 5521 14020 5227 14143 10835 14416 18354 8041 13490 10994 3192 8892 2783 6158 15862 8458 3832 7603 13680
17479 12118 17983 2762 5138 2348 6121 14473 119 8427 538 3349 13778 1000 16342 18954 1494 914 6729 15444 7060 15462 17158 12149 9706 16020
10607 13741 1146 6208 9640 3271 12244 11696 12380 7729 9200 14664 7486 3522 15433 18298 15884 13883 10203 13022 8200 14313 8326 12024 1586 6908
9179 16784 13538 11811 16308 3883 19045 495 16999 4766 6122 8310 15521 6149 13288 6216 13136 15647 16917 1134 16031 9443 4342 10515 6 8000
7979 11982 10311 1748 9155 1317 1605 5941 7469 335 16674 85 18246 1549 10222 317 16566 8073 15542 10769 8968 13602 7141 14785 16411 358
15977 3109 15601 9096 12921 9319 2775 16325 19703 1875 3101 7702 18217 13610 9693 15978 17605 10544 18809 13781 5721 8882 17709 8639 18903 18467
3260 19867 16170 16819 6071 15065 7857 1641 4127 88 17180 7619 13864 12136 13074 13461 18203 8301 10892 17420 5215 18176 3869 15934 9401 12443
16622 2344 7675 7050 10629 10147 9018 12936 3841 647 2408 13121 8935 18336 11191 2873 19612 13588 6862 5886 17018 4320 1040 13971 4105 10450
5027 16253 8414 18864 4283 3364 14211 9181 19217 7361 15779 19718 13083 18386 13111 2396 17386 14117 6082 17268 1020 5000 19963 17964 11998 1182
11980 2249 17958 16392 16750 17773 2676 762 3844 16191 7534 14603 3091 15807 11107 11887 14845 18625 12370 6920 5004 16248 1422 6795 12896 2216
18909 14641 8509 14027 19019 19057 3048 147 12592 12436 15344 7631 12483 17086 8968 6952 4295 16466 15563 12566 655 8422 16482 10525 9232 10515
19310 5089 8940 13688 10063 8439 1776 19271 9759 10164 669 7787 11086 4415 9917 19495 8277 17048 17384 4504 16843 19914 9691 1326 12452 9073
14741 12853 12192 10462 12153 16453 5247 2020 5148 10459 4267 18211 10965 12475 7714 17065 13660 11457 7562 4358 7383 10913 10273 4171 17961 10248
16296 4077 13938 11263 1330 15127 16894 4399 14710 6918 324 2714 3374 12179 18951 8901 10285 1626 5021 9385 10010 4457 112 6322 2680 4940
13486 18952 15451 867 8016 5515 15280 7067 10799 13090 14875 5361 10177 8442 9774 2109 6502 16458 16273 19077 3480 10302 17212 7802 5838 3988
13720 15054 13156 8897 13878 12016 19229 8772 10637 17460 7135 12161 14480 14849 14715 8471 16667 12967 679 12945 19554 6266 750 18185 16370 2316
4309 3800 10472 18029 7587 12530 14073 17671 11596 4395 4808 3687 5146 16746 2809 13948 11850 17165 11327 7103 19177 16828 15671 13045 11608 8298
12470 10892 12563 14024 4721 5729 8293 2706 14505 16132 3187 1407 7687 224 16889 8293 7182 2422 1120 11773 16333 12658 17578 17276 11554 5303
8559 13719 2219 5082 16222 6749 15224 18360 13677 391 17543 18848 2154 13003 18803 7158 5376 15296 18083 11864 4966 2106 16706 14004 8140 14849
1283 11640 19190 2110 10313 1853 17028 8920 9143 7122 18607 4419 14536 3392 10488 6749 15174 4576 347 5594 10225 13318 16729 14616 19033 12023
2632 8526 10817 13234 1153 15381 12419 3274 16535 11048 2378 673 1151 13633 8175 5215 14329 5881 4971 6098 19317 10237 6574 15549 11507 6241
6949 19791 1774 7947 16722 10933 19283 9097 1740 7910 18017 4553 9407 10127 4184 8547 317 15220 19145 8475 3998 4945 8510 10743 10500 6187
15645 5373 7938 5681 17225 9615 535 18857 11846 15256 14033 7751 11409 18213 7002 17201 7602 14944 9862 6342 14355 8916 8566 14526 680 2561
5453 19125 13749 15608 7193 1758 2804 3346 2142 3088 1834 9294 2183 2991 9682 350 18545 9951 11841 14900 8759 9948 13203 3288 2481 14931
8970 15796 14856 11756 7055 13222 15568 9489 9776 6553 8966 2168 14096 10864 13918 6721 14995 17418 400 15037 4094 10170 11211 18206 12494 19420
3886 14380 3599 18737 7911 13634 12427 14317 10010 17936 631 14561 16996 1865 3500 2832 10355 225 1261 17918 2174 5205 16655 17665 6464 4806
15054 14831 16858 7976 3047 11933 11400 12043 9990 13555 14825 189 4294 7904 11063 1514 8726 15143 8206 17740 17304 7182 9570 14043 4967 16147
4536 3698 13106 7373 3454 8734 10845 9926 17925 13855 9844 19534 81 11462 9357 547 17380 11994 10529 2346 7357 705 16203 8986 1175 1634
8594 418 7948 9707 3760 6307 14968 10560 12540 11843 11122 1778 16645 15668 14517 5100 63 790 14273 3709 19921 4630 791 4501 7569 10264
7405 12005 18791 6122 269 18318 3269 17342 12170 12169 7929 9825 8614 17641 10440 6776 8761 11499 1103 4105 19743 10705 9011 19208 3441 3244
4422 9405 2415 19181 16537 8422 8018 16624 386 9648 8589 12219 6408 17312 252 402 10231 15121 13502 4449 17932 115 17991 14323 675 904
14505 18786 18681 10091 1181 19375 2737 8036 9534 6759 4967 1693 19766 7575 7859 13589 13262 6578 15165 513 10808 12967 3342 19023 19891 11509
1240 14185 493 334 3163 10973 16629 10114 18506 6656 5883 6809 1015 12308 10856 10803 16794 7220 18721 13602 3959 7193 1063 19234 5490 2086
17120 4992 1346 8083 13415 15307 17187 6486 15412 8581 2936 19888 18042 17190 18504 14980 9988 7851 9678 17724 7460 4862 12082 3173 13293 1085
5946 16181 7824 6258 17985 19366 17992 13673 6793 13076 18542 18522 16280 10166 17526 13510 7258 17432 10921 2242 2493 6352 7228 11510 4753 15565
15469 15568 10950 7021 13499 6197 3108 21 8949 12101 6158 3767 18284 16585 18246 5221 9650 9690 10619 4227 1507 19262 1790 13207 11299 243
11988 9363 9450 19122 11894 9644 1392 1891 15039 8925 17665 4918 2136 10213 14434 3256 17229 514 14669 8706 3066 17799 8340 2712 2128 7237
3904 8229 3886 3043 4739 18494 1050 12374 6808 7778 7845 18209 18534 3370 1821 3540 15595 9188 8101 593 13479 12163 5504 1392 16549 534
531 5963 10393 19795 7250 1381 11198 16767 18781 6420 9901 5908 19431 3689 8246 19898 12217 12955 3083 18963 7343 1343 8654 3025 14545 10733
9835 10128 18735 11847 1051 13824 521 16575 14958 14226 13793 19936 4843 7209 1550 5114 10899 6402 12375 1937 11780 7903 13033 7360 19759 10151
4820 4407 298 15631 5659 2404 19981 19041 19028 13469 3997 18904 950 19532 18825 9735 14835 3355 4130 17190 12539 3209 11414 11200 12353 16140
3391 15074 1359 1928 9233 414 2496 17328 5586 4655 7801 16069 5405 5454 2152 11061 10716 3774 12073 1088 1871 9757 13718 17541 383 13051
17071 13725 19531 12259 12916 19609 8618 16223 17651 16972 19505 1220 11842 3753 18934 5962 19829 5644 15786 12370 5945 15586 755 3005 10635 14454
3420 5765 3522 9476 10113 15405 6431 14829 19506 7895 9956 5024 1262 2679 1787 835 2928 19374 13369 8984 17206 13848 16276 17407 8400 1266
11076 8333 19303 3756 14348 1661 635 1728 19007 15730 6822 1049 16483 9766 13473 2024 6275 11383 2833 9985 4089 14158 15734 13075 6988 3595
7709 8655 12446 12971 11608 2591 7623 13032 14350 9613 12123 10108 11536 419 9638 12300 2528 1750 14566 546 14091 6351 7250 12368 9077 12745
18994 5480 17687 3628 18463 15643 7329 2030 18710 17758 6594 18318 8217 781 9884 3555 17867 10465 18404 7512 3830 3382 2210 955 4504 10670
12836 14248 6687 18398 16473 2774 125 10232 5884 6827 11330 3965 13529 19944 5239 12208 19406 6112 2400 16932 2933 16968 12348 361 13789 15543
7654 557 15495 12180 12021 8064 16727 9759 2426 12213 3956 17753 18916 5860 5862 2053 15910 1380 14276 11095 3940 7752 19419 9260 5917 8665
1220 934 8840 12154 4036 13724 3983 8251 19912 2784 177 12521 5212 10901 10530 10775 18459 9563 4886 10465 267 3184 5296 13451 13497 19057
7203 9212 9526 19081 17680 15798 18892 4126 5214 5153 12748 11645 4395 18777 11406 6875 2744 861 2599 16449 6124 1540 18410 15620 11072 14489
14662 8304 3565 9460 12193 1553 29 12753 4637 19542 11046 1048 17875 15385 7208 17328 6660 18914 11695 2027 5153 15428 18786 13814 4387 8288
15240 7840 2453 14864 14109 7612 5584 11160 3649 1851 1344 2658 8235 10017 12256 10360 15819 19879 19924 16971 1539 2209 19822 18874 10320 19302
8092 9411 18316 4105 14161 10092 2641 7287 13620 16613 6291 12659 13881 15417 4032 5349 954 9901 12702 12020 6363 3975 18105 16313 5869 17664
8300 13796 17514 9964 22 2086 14253 6485 15093 7874 609 3634 5498 18563 10129 16789 308 5685 11363 11410 3411 18974 8342 16232 4899 19228
7147 4162 5848 8317 1510 2336 9102 5301 2974 11135 4321 4314 3302 6233 3498 5942 2509 16585 4938 18692 13288 18022 2344 564 4528 17605
15180 10475 4895 11512 3402 18346 12492 12524 4878 19111 7518 14457 211 14872 12186 8399 17887 10241 14039 5942 3635 16194 3544 1620 8067 2014
17125 16204 1114 4919 8885 934 9550 18224 19327 9903 375 16794 4218 19737 5498 2603 18358 19298 15816 12530 13183 18549 10163 15391 11283 17753
9867 15937 4344 9455 2079 8496 8342 18578 9277 18363 19045 10820 16966 15622 9442 321 19563 10714 6196 19316 7007 18705 2028 900 14643 11581
18548 9315 17930 10069 4739 11093 19942 7180 106 19456 6965 4918 1611 5808 2243 13706 8541 2144 18954 5647 19819 7900 4644 1622 12886 5320
7382 19071 5926 12369 14333 18252 15892 17971 14638 9636 15396 10063 15279 413 8514 11124 10713 2251 2785 15153 16827 19543 6728 19060 15199 19084
15415 7188 11288 19865 17824 6379 3715 13506 8702 19357 4323 10090 3802 16483 13990 11623 12245 6511 5282 4789 12620 7499 9499 9336 13803 4255
30 13466 18067 13934 16451 9066 14172 10530 13527 15080 12668 11878 17875 7878 19084 15164 151 2023 13678 17394 12555 19824 12414 7464 19074 17774
736 871 18966 8350 2286 12705 1144 5064 7953 13288 5610 15571 12156 15322 18215 14404 18549 768 11951 2599 1406 8708 19904 19055 9865 11141
11685 14556 11953 9098 1121 1737 15672 17667 15934 8227 4122 4690 17556 18296 2077 3814 12159 14145 13792 14342 6679 12968 497 798 16902 10511
12528 15136 17105 4119 2544 6234 353 19896 10554 5723 3723 12695 9388 6810 3241 17439 17894 3534 6569 9388 16667 15703 11573 16404 11443 18226
10571 6133 3779 13369 7888 2170 14468 14611 19340 15536 5084 3153 18073 7943 5655 18291 9918 19672 12967 17651 16765 1248 4561 19636 2532 15898
2630 19515 7409 10148 14216 9518 14126 19646 3634 4744 2298 15967 7781 930 4643 15744 3307 9413 7824 17088 15704 19868 14813 1028 3583 10720
6977 2850 6014 14679 8649 11255 3830 7296 19656 5352 14731 5775 10377 10072 5704 3941 4631 15866 15531 1132 2343 18859 11535 17396 11045 11692
16153 5325 1918 2258 8203 2660 9439 208 8782 12395 13711 19801 1618 12261 8353 15750 3527 3794 14078 18735 11539 6154 12227 15769 11763 10911
946 3666 7928 1937 17526 11746 276 5016 11715 2141 16370 3106 3923 8237 10830 13858 17388 12951 7897 15816 580 11417 15813 19915 9240 8814
6774 11205 1571 8991 10273 10494 919 11709 18331 12529 6468 11293 627 16889 15677 12724 15870 17198 5550 8268 3272 1850 16482 15947 13121 16191
18504 11397 3220 13241 6246 1674 8507 813 19706 19686 16570 4834 6072 6917 18912 15726 10660 9553 19445 16891 6066 9778 173 10812 14477 14066
14152 13523 6 3041 1484 11961 11232 6529 6135 12547 962 11851 1692 7967 17191 12497 19300 5527 11562 3788 15913 741 6334 12797 10191 12084
1755 259 2073 8537 11717 18014 12805 2931 19872 971 19376 13077 9793 15204 15520 603 689 3434 17104 2517 12224 5769 5716 13694 7106 15392
1059 8006 19060 7938 13213 8015 887 8131 7355 9241 4361 14006 10377 11882 12201 19657 791 2473 8091 6985 19772 9208 19062 5458 18164 17397
14765 11510 11677 18827 12965 2916 13221 12512 9634 10913 10642 368 9478 6115 6448 5150 16522 6709 7070 5453 14367 16283 2154 2804 4962 1740
18827 4990 9003 13296 5329 8001 13643 9737 18916 7101 10618 2459 17366 10158 5785 9851 18704 13038 16322 2686 13838 19101 4005 11652 5971 3147
46 4245 6183 19912 19245 13727 9817 11952 14755 7157 1365 5069 10892 19616 17131 16237 11241 14550 8460 17382 5570 5686 14817 7945 16912 5283
8671 14208 16419 59 17778 4059 6725 9049 16712 17645 4337 6550 9403 12736 4659 8289 19517 12276 11575 2056 6141 10154 11113 3504 11688 18419
3718 4550 10451 17051 6422 3172 774 976 1596 18202 13692 11704 16630 3295 13807 599 8370 11999 8493 6707 24 6490 15231 18203 3258 5481
7689 5063 12841 15804 926 11402 955 19367 5662 11627 14870 5138 6360 14126 11568 13790 17772 3989 14431 5838 7351 284 12142 11504 19839 3685
1030 2057 2745 14527 1969 6944 12236 19500 16948 16384 6035 3743 7034 3751 781 3499 2128 11433 14651 9875 9345 17055 3769 8296 14955 11459
5520 16078 12735 4116 3696 7139 14507 2790 8149 1016 795 8957 12121 3738 8522 12140 13375 16532 16284 2135 7222 19678 15824 17935 398 17173
752 419 18689 17023 1623 12857 18338 7505 9756 5057 6023 15891 7554 1336 19881 5474 9006 3656 7798 10488 14920 9393 8328 1346 7563 13779
18856 67 7309 1468 11464 7934 13467 11083 18057 3089 11130 5274 8315 8749 15476 6562 19912 6403 188 15118 16337 19373 4701 6194 1887 8643
11931 5877 14002 9755 2889 6707 12023 97 8171 11701 8541 15534 13028 2491 4547 15002 17358 3650 5379 5982 17647 1219 17235 3233 10996 12433
13415 1033 2124 18001 4625 15511 4909 2365 3736 8930 4674 18797 18552 8955 17257 8727 3760 8983 14530 69 17352 9499 5788 4212 19267 2301
18548 1366 6596 16108 9912 9893 18727 13924 12977 19588 1633 18850 19038 13863 5913 9833 18169 15463 13596 7213 10030 1214 15731 1628 16460 10572
1697 16628 7924 15604 3609 2084 2460 5617 10539 7086 9993 9327 11151 7291 7201 7972 6998 16394 11345 15289 5739 4729 15639 11846 8494 3962
19309 12492 13053 13042 12805 6879 13739 600 5334 19607 4898 13613 2385 18871 19948 15397 4581 3247 9621 1196 12221 13425 10515 17179 246 6383
11596 8077 11624 4641 9497 11489 793 7109 5869 17087 10264 2293 7775 3105 18764 5194 12282 2953 5663 11893 14530 9329 16434 1679 15592 2279
1143 16765 3150 17008 19013 5901 8190 15258 14966 16648 7717 17680 3209 2749 7174 16665 13801 1379 193 14284 17693 5478 4746 18529 15262 2741
10210 6371 2816 19835 11674 17785 239 3741 2599 17044 4087 17598 6959 19156 10399 19916 261 366 12926 9762 3455 19769 9130 9293 11612 16898
76 14477 13556 3648 17053 11862 14680 16497 9643 9384 4831 12847 19529 19285 7269 7584 10152 18346 17250 19260 17906 18900 18271 12440 17256 13685
9769 15025 18474 6470 14606 9157 9823 18999 18355 16404 17365 14427 16856 16676 19903 9173 9631 1114 11596 9272 3337 3744 2332 11115 5179 16050
12349 13990 3471 16010 2591 6652 16298 3794 16188 13640 19228 10085 18006 6019 15430 16276 6986 12212 6122 858 11603 7460 15773 4443 5368 16754
615 15867 19412 17829 8627 16549 8253 9664 18106 11247 9933 4812 14531 12328 13431 6146 17288 5249 19197 8840 1314 7634 1913 4519 3971 11725
18860 12331 14310 956 5811 17219 4455 3969 17687 1194 2891 17704 19633 4281 13157 11821 7482 12489 9467 8405 14591 9992 1438 19770 4684 9366
17508 6361 4127 14262 18996 14224 9845 11549 10942 17356 8349 18411 3419 6729 13398 305 16630 2763 16310 12211 14169 3868 6250 15827 8880 4001
5605 18881 4513 10366 19221 877 4240 4358 5806 10190 7173 14356 1315 3033 8507 3523 15883 4460 10467 2533 1975 2874 14762 17889 15944 13426
7076 6172 12325 13514 18022 7244 7138 15236 15067 902 18703 18460 10837 5964 14714 18246 10800 13134 7607 17786 14383 2755 14413 2484 3369 15196
3927 17028 16134 4532 4627 17152 1034 11544 16923 2950 1610 14034 1612 16424 9941 3596 7732 18766 5508 9615 460 8669 13555 5076 12948 10573
19513 4073 16202 13349 10320 9616 7924 18965 8248 18883 4212 5288 6915 10886 11886 7610 19684 19656 12405 526 8585 17441 3510 16692 694 12389
14791 7721 8091 19227 8452 13425 15876 13042 13005 17479 6079 19583 8209 12829 3037 4208 19611 12827 8840 8097 17121 14017 7739 12435 305 13168
10995 13244 19268 6379 9042 12649 16458 10570 16282 10396 15034 17855 12642 3564 19140 5321 13491 19898 6337 6103 6209 5650 10837 993 3734 3148
17380 2532 1476 8868 15263 7605 14851 3362 13797 16565 15071 15298 19739 6505 4653 9580 3801 12201 17938 10310 4480 4193 11914 4189 4221 1741
8447 16491 17803 18660 7873 11512 3857 11830 8719 11337 5094 12550 1134 795 16528 7706 905 19379 11855 8055 7128 19606 8578 14559 17515 10617
1702 8486 19800 14229 6176 6697 19837 19750 6264 15744 4283 19649 10559 12074 8076 3674 19566 16526 8056 348 2822 7731 5820 6746 15495 17538
18285 17460 12180 18162 1154 4776 18506 8340 18431 17267 12127 10040 13713 5528 6341 9155 9167 3117 4298 11628 15204 5920 5798 9270 930 17494
19244 6221 3990 15238 9785 19378 12245 2590 19246 1460 10869 7049 13775 4574 15014 7542 2502 18618 5489 9444 18474 2796 12614 2642 8790 164
18448 15284 11864 18968 1286 18715 2965 16210 16260 11660 11885 5532 7122 19645 6588 15875 8699 6541 13243 12035 15310 711 12408 6889 19140 107
18362 197 6551 14746 4391 4562 17396 18366 15375 9354 12793 13274 11497 17129 9647 15388 6750 13524 3070 19164 13109 12149 8498 978 12045 9185
2541 14297 17448 11962 13506 16416 11956 8660 3816 409 12596 13804 16785 17804 1493 19733 15628 17952 237 16572 14036 249 12045 19534 899 738
7245 13018 9127 1862 16015 8915 13353 767 15833 17471 6382 4622 13989 15675 16615 446 12897 4633 1625 17247 19416 2266 15719 8101 7734 16204
1943 6578 9216 7558 124 8206 6491 5594 16896 14680 6271 14708 17369 17188 19543 18840 8661 287 18768 15268 2410 18758 15931 12629 9181 15352
4764 2421 9580 12947 3136 8720 4918 5889 16572 2945 10791 9309 1250 3595 12905 11835 943 18703 11168 19023 12987 15107 642 63 12187 8863
3284 14467 8178 15634 8675 2411 1206 16470 6587 3565 8345 12004 11415 11742 16187 2575 12697 13238 11816 19126 13341 410 13397 7360 924 1019
16304 3044 6237 2713 4131 10381 4081 1312 19562 2882 16398 3679 19451 6872 6233 10439 16255 14720 2460 15197 10991 6025 16360 16376 3761 2274
7402 10528 4684 9939 3117 10782 14300 2954 82 15368 19948 16488 1348 14837 12875 495 1258 10671 12554 128 18421 11059 8349 15800 16275 9508
9775 6132 11418 18655 18034 14297 14059 3625 14082 6208 11430 12260 3283 1401 8144 9705 16883 16837 8324 5318 4486 3948 9244 7636 14529 7098
648 15136 18583 14382 13559 16989 6975 4377 7483 11501 7470 2328 6640 171 6100 464 5329 8456 17992 13253 5997 4884 14967 3726 14752 2566
19371 12554 17331 6177 19376 16926 16267 6228 16311 1623 4717 7372 16494 16933 10046 3634 16036 14325 13093 8215 7231 15960 12748 11920 5254 9622
7902 15194 5320 8537 12414 667 7829 4997 2858 5194 2596 10380 8855 6258 11858 6491 12790 14785 6703 18670 2591 1940 17130 3526 17087 11641
3984 1664 19473 15367 4999 8955 5987 11497 2565 9875 6225 2865 7055 14905 7769 4224 13766 3897 9322 14797 1299 18869 7972 1455 2673 7109
10446 17811 13737 5318 15469 1232 11938 7580 3073 10806 18207 16300 5580 18404 13317 5416 14575 4167 5169 1440 18320 18413 6337 6563 10057 10847
17189 2785 15094 13618 15374 13373 7821 1769 14784 3567 9528 1508 5535 10471 15939 10193 15237 3654 12394 1307 974 14841 15571 2486 12523 3537
15169 7776 3318 1625 13582 17277 4806 5377 9368 2147 1715 6204 2719 2903 6054 7932 8215 10730 2725 9141 6953 19052 13835 19543 16598 16088
3472 11643 8836 862 8070 4267 1008 17609 2960 16512 15906 11365 577 15940 10975 14494 15517 1421 8132 8956 16928 13881 16352 17094 6299 10477
6417 9655 10358 9453 4717 17142 7717 13510 3081 18483 1821 13058 4366 2371 15063 2066 18096 2549 4853 14307 10897 9037 13327 18349 12571 3713
19492 6373 19718 852 10738 2668 8995 7815 10783 17809 16160 10628 18924 9447 7329 1740 8107 754 9273 8125 13424 12356 13062 15361 11868 17756
7936 6375 15742 1135 4834 16672 7191 16804 8356 14589 14442 4363 5950 8337 74 10434 355 11769 1541 18769 13975 3918 12406 14414 1150 19284
13461 7416 5765 3251 6717 19579 2066 14329 13914 5312 19600 9554 14686 11678 1329 16184 13564 3793 15233 8960 13059 17397 10328 3547 7401 3334
7459 17248 9172 18439 5644 394 18856 8386 2405 4639 14193 15855 7557 19012 208 10281 11932 9363 2644 8020 7994 17254 18032 8641 2688 13488
18492 12162 5788 3726 3520 13698 6194 2991 3596 14913 10905 7934 12116 10633 14099 1674 7110 18757 16064 2727 13653 13335 14020 5715 1771 11391
3114 12449 512 5097 7387 18769 11313 15610 1022 8722 16025 11973 17056 7000 14894 10418 4993 9027 3128 2593 18980 2788 2157 10419 16695 1416
1227 2411 19414 10006 13989 17911 15975 15189 11561 9704 9796 2246 18798 5524 15718 18204 17073 5175 4214 1865 11964 10561 1938 7114 10037 3885
14387 8986 18085 4591 8513 16004 18255 5949 10233 8444 4336 9295 13470 10368 6703 17917 1632 19311 14321 13493 5872 394 739 18241 2553 10185
13876 984 13096 243 567 6753 17609 9984 17159 15653 12353 4468 19948 8879 13663 869 13028 16718 4971 5440 9868 4445 15143 7163 4580 6968
8528 17062 9313 13158 8603 19898 10773 2560 17186 2338 5448 2274 157 7763 16138 11905 14343 7445 19151 4568 11019 8325 8809 19487 2563 5397
2101 16843 3363 16582 12061 10140 8111 9388 12981 16485 601 10475 17553 5913 15872 11563 5795 6348 15127 12943 2720 2877 19336 3651 16519 2819
16355 4868 15977 7204 3419 653 19539 13466 13608 19712 6189 4666 17909 19952 2553 4088 15216 3512 2047 12684 18671 6104 18191 10732 13188 17176
2089 10418 13915 19874 15947 2924 6148 13612 13731 11139 19199 6000 4172 10799 8028 11448 15090 1287 550 8572 18302 10212 11552 12945 16478 14035
10028 5498 1551 16801 13162 11291 10865 1089 6029 8304 5225 1861 926 14839 13357 8009 14767 3282 959 10934 19385 18704 14182 12925 17878 8973
7935 4928 18829 19549 15006 4335 16562 574 9661 17604 13997 890 13659 3241 3782 10706 3011 9022 4039 7003 7657 1521 2151 12583 294 9142
481 13722 6569 16939 2776 6007 17167 14240 6980 7054 1308 7401 4679 14108 19014 15340 18759 12788 5145 4932 13620 6021 8061 5113 370 13540
18858 1017 19512 19696 1697 9305 3055 13211 911 5248 7037 4487 19220 2869 15270 8595 6561 17810 10545 17559 18548 14442 6335 11166 3292 7300
8481 9440 17595 13327 6558 2823 14419 8970 13106 17742 18800 17319 3054 13810 8893 6247 2073 4200 16801 18278 13569 14192 6863 4336 19491 8205
3045 11163 10954 7545 3062 5339 8306 14851 7179 7225 14880 17355 106 16098 3707 10564 6143 10706 12275 6117 1926 18133 5684 5587 14721 5558
4959 227 1437 17022 13520 8910 17257 14526 7068 18944 18602 12458 11371 139 11235 19034 1025 17045 8471 7310 13035 9559 3686 13662 487 4977
12491 19113 3729 7582 7512 4437 11278 11355 11257 2708 15793 4921 12415 13635 12006 19624 2851 16402 8728 7811 2355 3959 17645 17974 16653 2482
10285 19149 4886 13962 2904 12569 3193 5258 3586 15290 3262 5214 8616 12751 12207 5387 2555 6760 1879 2373 8483 17004 4560 9042 3172 2538
14789 10017 10477 14165 12508 11314 14692 3502 10367 13533 10258 5445 14323 11747 4587 3161 8457 6215 11289 5628 18085 10898 12566 5072 13444 14551
4228 11937 8520 7170 3713 15606 18936 6856 10548 3229 15390 7203 1391 19331 9955 15746 8415 13790 18248 8802 5229 8689 3242 26 13882 19441
8947 10027 11755 8178 7717 13613 8732 6892 17695 16643 8398 12700 6520 10158 6423 2577 2028 16131 13566 15993 5684 651 12293 3364 8217 1174
12032 16667 4836 15844 3477 9267 1927 13044 18963 5644 15481 3512 218 14319 10309 11531 2400 13725 9654 16522 11863 19872 19444 12507 10411 6159
10904 7878 6352 14458 9559 429 980 1892 8426 490 13561 4208 7668 18490 13978 10146 8114 15555 19437 18943 3726 3045 19038 14763 8223 19868
6161 11325 18976 4305 17621 7249 3071 17219 18383 13258 8774 5113 7509 5454 11529 2433 12455 9366 14492 5373 16642 62 4394 13703 17105 18924
17207 16790 5731 13365 8327 2179 204 1587 11835 17690 1983 5026 457 13804 12396 2541 4762 18822 12039 16380 2762 18231 12736 18023 10805 13214
12317 6001 8119 17960 2114 10921 12445 19188 11617 7149 16705 9820 9463 19396 17559 5436 12271 7170 4733 2186 9672 7478 18601 19552 4442 18901
8393 13163 935 10811 8603 2836 8799 18404 642 11145 17442 14396 15070 2352 14732 7029 4768 11922 8406 19127 2175 2617 25 3796 4641 598
6496 781 14049 15735 1523 11932 917 8742 3768 9810 1893 18432 7078 18258 13023 11300 12265 1499 1032 8908 201 10731 8382 17347 7923 10355
14607 8474 15771 14611 18737 18227 8521 14180 18848 17865 1818 3441 15642 16697 13507 4281 4353 4577 8956 17933 7850 19914 4403 12496 11274 4593
14309 13598 2847 2742 15354 8971 11700 8642 18896 7685 2866 13577 9159 19431 12489 11753 7369 15899 13197 10708 1807 5327 16689 12009 7576 10717
3295 16555 15760 9236 12952 9176 5209 12535 18616 5900 5821 17192 12923 11168 6646 14890 10509 4488 5440 14884 13571 9613 12912 13536 5489 8769
4169 19966 14352 7509 10062 16126 9206 17188 16146 6408 3044 12909 1635 14259 18519 12811 16523 10398 3865 9884 3345 1831 11266 8252 14208 3770
11690 14199 6412 8501 1203 2718 8560 8143 11770 6401 15961 11723 8869 19695 14856 10758 15617 15936 19300 9038 13738 17821 14258 7639 7735 6009
7773 18019 13405 3651 1647 2379 5115 14837 9158 6089 17938 18532 19815 4918 4951 6435 9921 7289 2126 12992 14525 13658 19142 15866 13559 1398
4002 7677 17017 9722 12884 10795 1458 10567 17911 29 860 2003 19163 635 14948 18530 15354 10723 17997 3502 8576 7022 2354 1262 3623 3620
7907 16621 2037 2665 11948 5713 18296 2123 1694 5404 17670 8487 9513 16619 7926 11236 15157 6001 6161 13665 11792 16554 9815 1004 8386 10268
16789 9953 2951 886 2196 5827 16831 4691 13643 4423 16371 19634 7287 162 19990 16245 16772 19638 4833 12306 13874 12820 18428 15870 6743 7012
12648 18270 2687 6303 13827 17156 15385 4269 8446 11250 2651 16352 19390 16280 18153 2754 19257 18466 8997 12342 13802 16118 20 16349 6943 2072
11060 13716 11689 2425 10548 12205 3052 17965 12270 14487 2728 6984 8266 7416 17201 18110 3368 14022 413 12240 19349 9760 12641 4875 11458 18774
16368 4138 6012 2470 18732 16048 6761 9505 17247 17541 2780 15156 3720 8224 17086 13340 17731 16498 9781 8600 18419 15958 3345 6432 17875 3034
15917 2664 10606 5237 14546 18417 14065 15840 6962 397 9714 12878 17327 2979 2241 13577 8552 305 4488 11251 13646 6796 6579 18713 1743 7008
4212 5110 7633 12916 17707 18861 7320 1947 11571 4022 11140 4560 2669 18642 16392 6422 17370 15901 6080 5346 17172 15051 4871 2671 16208 4746
14202 8167 14469 19603 6984 8280 7198 13060 4619 11719 16217 4366 13208 8081 2594 10239 5767 672 15128 7738 13036 19933 14254 19809 4900 8507
1110 7326 9241 7221 7214 569 8320 16518 19370 4113 4708 17714 4148 19534 13003 17387 3536 2388 10732 6629 10380 8144 4101 14679 15059 45
9801 9834 17076 12100 15521 16450 1940 2580 2840 4308 17388 5426 1800 15636 11137 7357 4596 4958 6690 16676 1355 17219 17739 1695 8986 13881
9085 16584 5283 102 5158 14822 2023 1093 17668 15011 4375 16636 6984 16444 19466 5350 16763 9603 3364 15971 6055 3553 16689 19034 10799 4856
10668 10185 15022 18226 8664 1164 9638 15386 13449 5032 13439 6909 7692 9907 3223 6381 11802 11583 10857 17404 1579 15827 3121 3453 11040 19488
1437 19942 7793 6954 8942 10633 6320 4531 10035 8192 2119 6743 16387 10064 8978 1964 19908 4784 5087 9465 13427 12010 18457 11267 18261 18168
9274 6059 8459 11079 9163 14033 3122 4956 11435 7239 6568 7176 18598 5229 2967 12441 18790 16972 8275 19434 1110 1699 11445 9110 19063 5702
13389 15229 17302 9712 14940 12161 18737 14260 18094 19432 12182 13627 16392 750 8319 7017 8112 15612 5103 5745 3875 18580 1975 9832 10729 1983
9922 1559 7976 561 16080 12386 7204 889 2821 9205 1134 16885 19764 11648 15498 2512 6971 13085 9453 13766 7992 11638 7340 5857 17383 481
12362 9722 7475 4241 10807 12002 8900 4192 18405 8654 2091 3273 15220 10566 18673 5556 862 11429 4591 13688 2794 3483 7082 9684 1395 17148
12485 9369 4193 17126 7940 1281 3041 16664 11614 3942 9795 14691 8452 16356 15524 9249 6616 13393 10837 11770 17074 11454 5722 12784 10646 19414
2876 16220 4913 19785 7498 18815 14145 5167 1237 11155 17492 17875 14075 5072 987 6523 2342 2344 17783 1273 18899 8450 4760 13557 17673 4689
718 10438 2235 10559 4763 19432 5883 19022 10709 13180 2033 9900 9780 7355 13724 18160 15619 17675 6293 1199 4938 10896 2779 7589 4123 367
9765 15132 14951 1233 11289 18148 914 3092 5308 19849 19102 1001 15929 17771 14585 16289 7869 11132 9022 7833 7189 6492 19762 17801 12739 12177
17287 283 3954 14426 4410 14797 5193 16287 297 3735 18399 4946 18264 836 10095 17450 15201 4346 12781 18390 3075 4294 3013 16994 9589 2817
2186 18170 5370 11529 14798 16450 6311 13483 12682 3000 12525 12368 14796 2568 256 5515 3291 6466 5558 8318 19515 19637 17660 14293 2830 1157
2744 12012 9941 11897 10185 4466 19615 15691 253 9086 8455 1023 12304 15226 7400 10051 18895 19054 7672 14704 14809 3312 13446 16818 3511 12923
13851 17317 16999 1964 19109 13679 3006 14301 17244 16479 15041 12131 4188 370 6552 17513 13872 814 1386 9162 17577 3300 7703 8640 2995 12512
19231 8723 4956 806 2314 3459 1263 12822 2477 2422 7848 7715 4407 13477 8518 10126 3639 10675 3014 6310 16502 12306 11915 7025 17021 14582
6338 11517 6180 2048 17551 8215 16011 19667 10164 4094 16501 15866 19383 1764 15030 5554 2198 8318 13992 13175 8009 8507 1690 11396 1850 15293
14359 11477 2421 16619 5133 17182 12941 407 16870 8565 6452 8247 13452 4932 12905 2554 16429 2972 686 6758 7435 17993 190 8402 15853 4755
13110 1305 2658 18634 17167 8789 3477 790 15979 15483 16464 15628 3170 10548 19101 19180 14362 14941 3025 17288 2487 14624 11920 8681 19020 4263
927 3128 6752 17279 11519 11712 19802 5081 6220 9249 3056 18532 11946 11997 19435 8049 14198 171 14051 4963 6454 2600 6471 17465 271 13345
13962 19179 1269 944 7373 363 3650 13783 13022 17484 19731 19356 9493 5416 18764 5323 17441 7837 5543 2897 18238 6363 13339 19971 14811 11962
17146 4961 7713 12317 18206 15300 106 9794 5620 8842 165 16804 7686 18813 2803 5869 19053 13726 15065 482 3970 6026 1383 12046 4951 3399
2274 6261 17455 3457 11899 10504 5897 4635 18288 16702 1528 18704 18439 18823 3214 8710 3758 1649 8230 1040 9584 7533 18973 3304 17180 6132
7819 7106 14333 19835 15124 12762 10701 17621 9199 6225 17350 6883 4037 4428 7441 8462 2754 10325 13166 10644 19574 15622 4555 18927 5664 1020
2483 8959 17357 3721 7443 13343 17946 9151 6003 2406 14256 17211 6820 7977 4175 19905 16770 3845 11114 11235 7094 2690 4726 12276 3015 15596
18364 19399 2015 15292 488 3037 3966 4016 7550 15670 212 9688 2186 13648 6731 1834 4558 8913 1315 18015 18282 8027 8740 2276 6462 1855
2306 18072 16742 18497 3554 14175 13972 18275 18967 14636 7830 11488 11973 3301 16662 5109 4104 19299 16590 3036 17750 10487 307 6844 11795 8243
10116 9617 10880 9810 3085 10317 8657 17295 12779 19808 16473 17777 11912 16631 18778 6952 13076 19962 8901 1616 17724 7544 15328 18211 15104 10419
6296 13095 15901 18171 7312 3848 19304 12786 13202 19885 1512 7392 18456 10779 18322 16414 177 5113 18713 12946 19637 12369 4199 9368 1960 4759
11793 12637 2343 3792 11454 3266 8393 7357 19807 9335 7272 9018 7592 6353 7056 7059 8207 10124 2534 833 1021 14007 12315 2947 2894 776
2109 15120 2682 1261 11654 7543 16307 1522 6610 17520 4528 18272 11107 5906 19044 5967 12266 16204 11999 17191 5310 16740 6762 4607 8126 6989
456 14064 209 4482 15181 3716 7043 9605 10166 18466 16293 13414 8016 7814 14426 2342 1993 13245 18723 11568 1439 10756 10198 19185 14324 19376
13353 14742 5043 2417 13554 3012 4849 9359 4386 12647 16587 3387 13775 12299 18578 6503 17403 12590 17140 7039 17765 7118 1018 2566 8886 13095
601 19655 8797 13967 8273 13656 4966 16419 3061 13830 18841 4054 15580 3722 15729 5267 2902 11410 11005 16094 11883 17195 13684 14568 13779 17064
19478 15089 4691 3523 16897 9845 5243 4101 9490 19820 430 4982 33 17754 15745 11455 12635 4723 18543 14327 10405 8075 14652 8861 10284 2781
15241 2042 6394 14321 3509 6997 18035 12394 14046 11311 19370 156 6019 15981 3230 6726 4493 3279 10418 13306 16635 16302 9558 16080 9238 1427
9864 1449 7116 7737 818 6325 15412 2924 17247 19419 8051 10398 1047 13875 5879 8841 10390 17927 14215 15126 7268 14648 15642 9519 5786 12813
760 15688 1818 7030 3398 17403 6211 6598 9931 9306 1878 6808 15243 2949 15566 18082 14774 13408 9519 9952 5308 6567 9461 18324 403 18573
3072 19480 3883 12865 1889 4338 732 6899 8805 17065 9271 3892 3247 325 16176 11201 1390 12985 12594 6715 6065 1311 7434 1463 8129 6614
2141 8446 2317 14790 10104 9474 3516 2474 17793 6711 2748 12203 19661 16802 16438 14530 8444 19045 755 18410 7107 318 2118 7362 11166 5925
9743 13739 4661 6463 10310 7813 11799 17281 1349 1756 13830 1491 16431 7664 14736 13905 1368 17601 15078 3659 2268 13939 7706 3861 9441 9549
12575 9943 4832 7514 7888 13508 3235 15347 14023 16584 18381 3334 14316 17302 8904 8453 11328 105 3003 12743 109 15460 4217 2893 6632 11473
3544 11776 5661 5482 7079 8391 19197 9921 12390 8983 3714 15537 15647 7825 12140 17229 9193 17754 18344 12165 17871 14171 6644 19852 13212 8381
6637 17922 19756 5963 16757 3867 13428 11823 18003 5596 9107 1360 8941 10450 3 8298 7653 6895 9015 9751 17309 4957 1623 9722 2424 14357
17862 5001 1362 19906 12376 2143 10990 12209 540 6765 857 660 702 1943 19813 6932 560 40 6663 8151 16230 949 1124 13030 9628 11970
3151 12515 14884 13020 16702 7890 1613 501 5055 11423 18113 6604 3145 8971 17926 1333 16890 15248 16747 17829 12211 9908 225 17615 16909 15809
2349 17144 12048 19626 2351 940 482 13398 12980 5752 17771 14102 12156 11320 9041 18397 18763 345 15320 4098 19471 19115 12156 19155 5870 1614
1444 18285 6168 7052 6520 2087 12015 5131 19073 18401 13391 17621 2278 7163 11750 7378 7095 19963 10964 15123 7979 10042 9635 19448 4328 10926
13273 484 18899 4419 12057 8875 6544 10846 5986 10833 718 2449 8747 6159 1817 14295 10475 3071 4049 7200 2763 7323 1860 5958 11342 19873
5900 15128 11236 12726 1934 7553 19612 11663 6122 9310 2304 2983 976 18505 10033 5317 10196 3458 11943 3142 1695 1865 11945 8883 18320 10431
8128 12766 12262 5300 590 12861 10404 10682 7005 6850 16699 16699 8947 16629 9937 7966 92 13288 11094 13224 13411 14668 5671 14919 16023 17187
16684 19046 12541 7541 16524 15988 1839 9488 7078 16517 672 10447 19204 9123 10213 14623 12714 13523 11182 13709 2292 13408 8069 18197 7430 11356
2465 16122 13220 5419 19930 13532 4966 13356 13559 8178 19974 13944 4122 8187 13675 8302 11660 17482 10704 14047 10168 829 4140 16339 9205 16622
3409 17610 17507 10213 6770 6284 3590 10791 9784 7224 12911 4816 3251 2649 7640 14075 4522 17362 9154 13216 3380 15036 7990 12628 255 18888
1327 12592 17827 7399 11020 13705 14679 6903 15740 13804 6254 4310 19970 12234 13266 11933 19356 15035 5408 4363 274 14967 7796 14224 19342 1602
9603 6103 2370 1010 4318 6782 8054 12553 2727 1814 3889 6540 2937 2810 12714 2627 11312 14381 3467 8973 11460 2747 11354 4304 62 18055
7721 17465 135 1565 13513 15309 19965 8900 6748 17110 4268 6735 17970 2837 18184 11057 17754 5200 18314 3817 16964 17156 4291 12852 5129 1403
19944 18200 9067 14303 8296 6229 12987 2983 7923 13463 11275 1995 7582 5845 10254 8705 4326 6537 4865 9044 17231 16653 12018 14074 4264 7967
19862 11488 15354 14284 3589 9270 3815 9677 7303 19907 15998 9480 17958 4380 6316 2282 18333 13835 2224 9013 19347 7119 10786 17820 7309 7533
625 17089 956 12505 19511 677 4174 14345 5827 15908 3982 45 2510 2384 5482 7601 10295 4704 10276 17427 4555 948 4583 10698 6753 15323
16604 18159 11049 15749 6474 7478 18504 15909 13467 16460 17911 18280 15606 2637 8356 17577 6083 3717 4093 3992 13245 14829 8272 16991 1653 11763
14176 11872 13644 16833 13645 10329 9974 1618 5167 6354 10183 2420 14272 9967 6915 16709 17706 13819 7374 14752 19567 9708 14087 13507 14164 16974
12916 11275 641 3719 362 19632 16964 727 902 18397 7811 11802 18 19999 4227 1289 4928 3434 15996 13383 6174 3173 8463 14605 9281 13434
14091 4040 18797 1193 631 5863 12561 5803 5676 12908 9910 2222 16158 10645 11153 2976 15448 2557 4934 4190 15241 9810 6754 12271 53 11205
19411 4831 802 9379 16459 1139 14313 7175 6640 19658 10285 2066 9784 14795 1458 9455 3222 15668 5271 7635 11035 1260 3881 4809 12859 756
13951 16173 942 5605 1948 2102 8657 13359 7713 14928 4395 17906 11984 17328 10930 7692 5877 1269 1516 13601 10075 16856 6976 18828 1550 10093
18107 17202 10532 2249 7959 12724 9467 9425 10136 5279 11976 1984 18245 10256 1523 13403 11463 18952 5190 13752 10338 9585 10843 4868 10913 16198
13212 354 616 109 11426 5406 3540 7609 16707 14052 2557 4470 11645 14260 13954 4589 10046 12072 14002 18731 411 2483 18310 4497 15029 1688
2064 7354 6434 7528 17074 3896 1686 13790 3732 12372 5018 6136 1394 18860 14971 135 13801 10436 8486 591 6835 1383 9026 13711 1324 9658
3429 3844 698 2133 4674 5711 8956 7198 3933 12839 13689 13385 1936 2306 8707 9958 13326 1422 10061 4416 8361 12020 4722 13137 8535 9419
11722 3081 12987 17483 5123 5363 4328 1666 15271 4151 12416 8561 18733 12761 10486 13007 7963 14242 19076 1362 16363 5071 2943 19593 5227 7245
16029 17129 18353 5299 11944 4826 4004 9519 12799 12618 4383 18171 1188 8064 17090 1861 16263 7883 3720 1703 12704 14548 817 19834 6240 2351
18547 494 18135 12690 10238 6326 2750 5503 3550 1460 5753 10540 17204 6515 13142 5513 18815 6441 11070 11974 7887 7897 15198 14393 17963 15709
8430 12452 17905 11481 3543 17420 6853 7996 4596 19405 384 19156 2316 12252 17266 48 10197 11514 12232 18962 2754 12211 2164 6145 509 7834
11894 3484 17736 7558 7852 5677 9339 5753 10170 4926 15152 14026 9667 10777 19605 1200 12935 12013 7370 11288 45 14840 18067 12543 10223 17198
9410 7610 151 17624 12443 15505 3126 12439 386 18766 7080 18447 14474 8409 11082 5677 6450 6503 10560 9955 10113 16268 11503 8622 8337 287
11331 7305 17147 2579 15080 422 17708 1272 19330 8691 16891 15097 7305 1141 4641 17736 4422 10102 17181 13570 13897 3686 4701 18255 10656 8091
17861 1237 481 13788 8278 11034 3549 16451 13732 1812 9410 17949 11966 10538 19614 4609 5324 2951 14788 6972 13492 11061 11113 11929 4839 5215
10356 17791 13996 7987 13574 5073 18480 13143 12054 10217 2896 12284 5735 19393 11783 13708 4748 13851 19921 9188 4088 7899 5392 8224 17230 9869
10496 7453 13289 965 7394 4342 5168 11375 10312 2139 4285 3125 16427 7846 16901 4042 16215 9416 17058 2091 1811 6264 2646 9864 1801 9455
9404 16640 19784 8127 3727 1041 5259 2186 18854 2384 12465 3824 16957 3260 1907 8453 3913 4514 13693 19468 3168 12475 14653 3821 9704 6389
17812 18346 510 10784 7354 7787 7483 17022 15525 4348 13465 16372 16502 19826 9315 11457 16243 13174 18032 16541 2725 19681 18563 12093 15641 1131
16622 7296 2517 9070 14042 10831 16715 17722 3846 13133 13744 3903 16408 5344 171 11587 17263 1009 18104 4753 18625 5301 748 7768 9559 5349
5919 3531 19108 11992 7403 2369 15257 6841 15283 19232 97 7230 16103 10609 14406 1139 8112 9299 245 19884 3328 19218 3993 7881 3594 9708
9894 5365 16937 18520 18969 4202 17865 17075 15438 19122 6535 9421 4975 9573 17969 5896 18575 658 11274 19256 9251 10571 18362 352 13222 6624
16237 13174 19468 18936 19636 16348 4548 17803 8397 16104 18094 2186 12093 14571 11410 8447 10596 3547 3761 11833 18671 17073 13058 4429 14111 4427
12079 1138 13176 14000 11268 18319 14130 13034 9211 5118 3630 3216 18426 242 3494 6683 10407 12561 3186 14121 136 13999 927 4721 6878 13369
5679 13781 2141 13375 18121 6732 2926 2632 7211 1763 13564 5935 2732 7394 4021 9909 4014 18307 15969 6804 2804 13164 16348 5506 16082 14185
10693 11873 12158 2984 18640 203 19363 3207 6577 6881 17258 10573 8220 17449 11559 7441 10633 3239 17746 7705 19719 5831 12543 1717 16848 9704
