365
42 92 34 78 62 76 64 87 10 80 9 46 58 67 15 21 62 77 14 68 54 59 28 11 45 30
13239 19748 6839 19044 747 19637 1795 19708 9591 8784 9787 13887 6607 14842 19403 8648 8704 16188 16674 4311 15039 15803 11898 9388 11077 8568
6223 11599 16930 16800 12536 5621 19210 6268 17256 3581 7146 15202 5989 19102 8434 9872 16189 5784 5615 3288 3279 15034 17422 18975 19853 16208
7265 5478 6441 10930 4023 13918 15677 19053 11448 133 3590 7866 9770 19624 8497 709 624 4528 12295 9050 14898 17074 19748 17885 10911 17921
15220 5404 19535 17169 15508 2720 9161 6759 17491 17762 11387 13693 6887 8166 15888 9738 5732 838 13012 1617 10890 10773 16547 10781 9482 8985
15603 18854 17383 2966 16651 2002 16579 12453 13351 1285 4663 9793 14026 10834 5904 12005 12474 2026 9023 12618 4366 16823 14232 2534 18269 372
12874 14096 9064 18200 4603 19570 7154 19518 6411 11851 13543 9882 2221 15000 17000 13393 6146 13829 29 14729 627 1931 18589 13139 14266 476
4776 4498 3610 13851 15806 7503 19396 1815 18462 11620 9437 13374 6724 13408 14036 6694 16610 7545 18980 8040 1933 1769 13838 19567 1655 1380
12905 4102 2749 13054 13678 10649 18759 15177 5904 8697 14587 1139 6452 15530 18691 17498 5290 8296 667 18819 14973 18858 6678 14306 9455 9657
19798 4696 13887 5041 237 17009 12065 2610 19253 16203 19043 1646 2818 9363 17109 12661 7880 14655 388 15318 14104 17467 6432 15231 9861 16909
12307 18050 462 18638 9715 7981 19322 14578 682 17944 19580 18554 1355 8939 14219 10471 11789 13586 649 11221 1786 10524 19900 8312 11294 650
7187 4340 1590 2605 711 6492 15528 12497 160 13826 18970 7412 15519 494 17540 15956 14844 13654 18609 13009 17306 14886 14189 16216 6078 10357
1303 6472 13026 17257 9440 1406 5388 10462 9623 1359 10174 15884 5700 17544 11124 11385 16488 16869 12442 41 10122 6165 13352 3367 7619 11761
1775 8485 18000 9899 11129 8805 1987 587 13584 574 13101 18023 19677 17068 13534 18344 10943 1862 4903 10210 3945 10444 8395 3760 2837 19124
5062 6003 15077 12959 3685 8027 4516 7065 13823 12533 3497 19459 18447 15800 1716 17002 13256 19276 7486 1028 12466 1625 10195 14578 15294 221
15524 4416 2900 282 6337 13573 10101 3148 2487 17115 5961 9963 1674 4194 12805 15293 11820 3654 3555 308 17002 7902 2786 11582 920 9121
15834 12963 1055 11893 9738 10494 4379 18984 17115 7415 17684 13517 12405 18378 13826 7478 1026 13483 15142 1148 6837 4207 16887 3627 7548 5964
2008 9321 2820 14183 14738 12874 12416 4917 2100 19030 232 7027 1160 6219 16981 12135 17426 13034 8413 9447 2545 7142 10521 1634 7055 18715
18362 2020 2374 15499 16812 8599 15768 162 15677 5176 15574 19576 19585 11609 9991 19476 11369 5894 17700 14864 6343 4065 9260 4597 16847 17371
6562 16415 4102 2517 7587 12749 10605 10865 12688 1390 15800 10389 11313 9985 11235 11389 2315 11765 6041 19972 2120 9301 14778 4379 18261 1220
5497 15561 358 8115 1414 11387 186 9746 14274 5464 12609 7018 11221 10966 2895 955 14237 327 9639 19668 792 6226 2427 7318 19342 19642
8858 13505 15369 2968 9547 434 13373 3999 1418 5849 18405 18810 10939 8540 1944 19284 7916 7403 8813 6262 9835 17830 8599 17607 16569 14466
8108 5664 329 15036 7917 4351 1078 16024 9249 11024 19236 15719 5049 19020 19210 3013 19373 11253 18802 13271 7021 13958 11147 14904 8124 14933
7673 15882 7486 5618 8883 5323 4202 9398 64 11373 3678 19740 354 13234 10632 17029 12123 8281 4242 6788 8096 18777 8996 9345 12393 12187
12690 8678 16246 3370 17288 11531 12847 15881 14943 10658 14489 14735 17040 4685 11225 12104 11519 8633 5451 16378 9351 6 17596 880 16407 14883
5907 10722 6223 2004 12492 15861 11330 13322 13545 16993 14232 5584 12335 6657 14909 19850 19713 574 4340 11437 16890 1180 4805 6199 11249 10057
1052 16458 1892 17166 19605 277 2727 9309 13445 19636 11976 8611 2181 8673 916 19722 1192 5967 3230 2241 11240 15860 13490 5033 19929 16657
19226 12120 10550 1023 14462 5859 2494 6081 6998 6221 17848 4011 5075 12215 11818 4217 14047 16339 13700 11856 19548 8818 7877 9729 19288 11942
10659 8534 4174 12142 7565 3329 19009 351 18517 10124 7774 13058 1262 10802 19241 9603 4492 3832 4023 4613 3066 4827 3885 7581 2729 18764
718 19752 764 10736 1265 12006 750 18179 2934 2302 8875 4745 14150 9095 19111 14629 6276 12986 1082 7474 17668 10908 17045 11224 5664 16997
3629 3608 16810 3077 7750 2570 5424 14878 1658 17652 13321 3828 10053 6274 8065 16797 6676 9676 14982 11949 17377 8426 15541 13849 16841 430
330 3206 14807 12924 18362 2209 11503 4516 6817 12294 4727 17356 3470 83 79 13663 6154 8211 16252 9872 19035 3719 17117 2488 9273 3090
6810 17020 1903 910 16951 6985 14316 15678 18667 4407 12078 6372 17091 18637 12475 5733 9975 3155 8696 6174 2334 16026 13582 709 7229 14841
11238 14609 9787 13757 15004 12652 7411 9520 11836 16794 7185 14475 7114 5966 9829 133 6613 16823 7887 2405 893 17457 4552 3546 7411 9513
14106 17110 10424 1930 6120 13100 2738 90 17872 17021 16799 7840 5066 16049 13854 13058 2233 5163 160 14612 4079 16003 19852 5121 3159 10255
4823 12381 2853 9372 16583 16107 17766 4220 10252 7481 7650 7963 4234 6489 16255 8977 18156 9499 8303 645 11277 11335 305 15072 11072 8798
15146 5602 17116 11393 15615 10964 14006 7270 1903 13928 15241 19407 9144 4376 14526 9359 11564 7998 19964 17135 9652 11738 3843 15997 13496 19173
11512 2812 9123 9924 4336 14598 7008 15698 10253 14472 11769 13007 15518 4342 8106 9419 13093 526 2768 17626 19381 17000 8893 1946 7023 3058
14415 52 1315 7225 15939 15016 1604 5260 6781 14047 16094 520 19120 3949 5707 5099 675 11210 17613 6098 6284 12490 2225 10751 5357 19319
623 9235 19134 10961 6746 10074 14694 11178 16366 1174 12532 2257 5874 18128 17729 540 7044 10220 14577 3143 14483 5712 8467 9021 16850 18908
4971 10456 12626 18785 18695 13102 18558 7915 18262 249 11720 17955 15273 4387 12741 13593 13966 7623 8340 18325 8709 19731 4227 4991 6933 11862
5106 5126 18198 7264 18657 6272 14097 17857 3704 5951 7873 9126 16282 17651 8161 3768 8855 9997 15167 19684 12256 16480 3938 16209 6319 9616
12650 553 3081 18735 2135 17023 1691 14022 8687 2726 3411 16741 2131 18534 11067 9033 2900 13942 5459 5315 16458 3417 16617 11608 14268 2213
7474 3144 12354 10279 12632 17522 19899 12897 3915 12879 433 13810 15844 13460 11944 4197 2192 19168 13728 18319 11429 8397 5517 8691 9449 15199
353 6309 6092 19907 3430 7390 17219 9617 5476 18220 3924 1478 5853 5590 14889 14061 8022 357 2381 10951 6710 13523 9568 8511 8952 9030
13777 16812 4596 14065 12437 16502 16880 7024 12410 19625 3022 6070 3490 4902 14629 7852 3026 19521 14906 18644 15762 4429 10036 18819 11860 14277
3299 7563 2465 12376 16312 19727 16899 14721 11788 1914 2962 18031 2240 19634 16860 5150 18261 12549 14823 12623 12366 13798 18816 475 7726 3615
19943 8189 6057 19309 300 12053 6626 14943 19782 7995 14641 19770 2698 6954 14420 14722 8046 3900 14578 8380 18341 818 8139 3968 2260 9388
6189 2810 10184 13284 12281 19746 3501 19576 9420 519 1344 18401 7034 588 2178 7850 11157 15561 593 1472 3509 19772 5288 7644 12952 7926
4413 3477 3143 16989 5335 4202 9276 17439 15093 14861 6630 10784 477 7168 3772 10472 15433 18890 19697 6081 5214 18255 1911 15572 8038 7482
4332 11517 14790 11990 7549 3765 17785 10658 18654 7573 13978 9583 8925 5064 16717 1546 4684 14792 18156 10159 8700 11766 12304 8784 8260 9490
15938 7161 1154 10280 1580 10463 13046 2263 8900 0 3582 9918 11777 8503 8012 9115 17558 1822 16221 14460 14181 13080 1805 5949 18778 1201
13839 2487 16195 15338 5932 14567 17176 5258 188 12101 16705 9541 2774 19810 18627 13502 19686 7834 13400 17440 5287 12088 10985 6245 6665 10933
3615 18848 18599 7818 4081 2724 11035 6216 7312 11308 11150 16484 4785 12453 2535 8061 11337 16138 13731 4268 19855 5354 12744 12297 13073 14569
14496 15077 9186 2886 19155 8859 12752 17686 3871 1843 12240 10668 3362 17952 13975 4729 13686 2959 14995 572 10426 1092 17046 12140 3889 8986
6209 3901 6168 16047 1668 7684 183 7336 1436 19522 3043 9290 6779 17488 2502 16821 15506 17235 12667 6293 16720 17459 12003 10383 3854 8630
19646 14492 17933 2592 3064 8821 11318 1570 194 4659 17722 4444 13643 8323 2200 8857 6384 10563 2203 19563 13482 7341 17006 3060 3220 2145
19741 13408 4301 14524 18112 12146 16041 12474 6058 5307 5226 12071 9186 11095 18563 17557 16450 6867 11842 2440 7814 7206 8363 7404 14094 3485
15137 12628 10486 13450 12511 12942 17541 15078 16641 19272 7852 14912 2030 9053 12289 3563 13143 10206 17833 6406 1790 16133 15961 17415 11521 530
10763 5422 1809 13826 12152 12064 9728 6803 19331 3398 19997 2037 12625 977 18050 17864 17384 17779 5228 11236 14866 8352 76 19358 19740 19288
5793 293 4027 17831 9101 19187 5100 17241 5451 7488 18062 3920 17219 16454 17162 17191 19616 1074 7406 9220 17049 2899 8550 7642 4265 10705
2693 17562 7580 18472 5464 14278 18313 19680 19600 16941 16065 522 6435 17542 10144 16422 14025 6140 12241 584 12291 5913 12530 14173 16127 1062
6758 11844 1370 2570 15485 4818 17126 13367 10399 7741 5502 5129 3176 15192 19280 16561 16089 19735 7775 17282 3674 8895 12343 16103 5769 12368
8747 5058 8266 6641 10358 7565 14669 16578 7269 5207 7420 14154 8393 14650 10662 10834 11526 8333 4057 7787 829 17244 4441 10356 16530 17252
4676 12318 15234 13917 6968 10672 16319 7582 5063 7760 16780 4420 2926 1815 16458 13912 19372 7462 10397 11049 12852 3698 451 15334 8769 12251
3340 14804 2604 6904 12473 13354 13208 5363 17102 9743 15087 17473 1019 8286 13433 8744 18787 332 9735 515 15009 19462 13638 13999 19056 10657
9057 19792 3656 19038 15639 10617 571 13728 12726 6792 17128 11304 15980 15568 288 14325 2558 14567 17325 5837 16926 17930 8005 12385 2083 16637
10097 500 12556 8269 9677 1997 16468 14993 9283 8183 15433 2003 19239 13233 3169 15924 18284 9106 2591 14041 3625 16894 13136 14200 8656 15429
10102 11449 14098 8207 6980 8711 549 3005 7871 11866 14399 19391 11232 16642 12425 1275 843 15781 15281 3365 74 11652 15730 10378 3852 8698
17468 14202 19951 15493 2883 12493 13617 5289 9927 9566 10342 4201 11798 10135 470 5648 19331 1404 9915 2211 11726 18948 12101 3790 1416 4100
942 18130 8086 5075 1915 4525 12517 3387 3710 14092 4416 236 10307 12410 4264 10650 19641 19212 2623 9759 4164 17960 17821 10320 12817 19540
869 14505 18885 15228 9518 10929 10244 9440 19295 14286 127 3190 19969 12877 9895 4548 19192 12711 17824 10483 2140 4927 19731 9273 2104 16598
6819 19013 449 18456 18594 4617 18614 2110 564 11068 6019 5710 11007 19300 2691 18044 2081 10867 10468 3568 8820 11648 14277 17168 7018 11039
3099 2561 5001 19921 10707 18733 13604 11273 11240 8287 15559 14557 3921 7294 4648 19309 10441 7356 7450 13803 19716 1579 505 6559 1690 15478
7542 513 558 19644 18960 14237 19433 16438 5747 5686 4442 8349 15526 18812 7406 14936 14922 511 17631 17496 9086 2396 3485 7845 11803 12671
8789 12668 17744 12898 14754 7545 11641 16637 11058 17688 8032 5333 18919 3272 14531 7535 16300 17539 18635 17472 4666 12340 11794 14470 16336 18782
4531 17085 8585 7235 12050 5364 18177 8710 1990 15328 7151 5008 5826 14268 12850 8297 8415 2997 7920 14115 1627 11513 89 13949 19454 19850
16430 6151 6043 15287 13307 17296 29 12698 19658 13274 3586 17554 18272 15351 6082 5993 210 19575 19003 11675 7619 4100 826 13366 8142 11539
3465 12285 17054 12462 15934 5208 9505 7854 16755 9950 15117 6755 4676 9560 5399 19362 13385 15635 7797 1285 10304 6152 1654 2349 3470 14775
12492 14617 7411 3039 105 471 13479 7475 5793 15647 13118 16706 19888 1069 2873 5818 14095 5093 5482 16618 6067 2421 587 10399 6813 7835
7671 7632 736 11936 6210 16205 12423 8179 18601 12696 2271 19547 16834 15312 13768 18278 14688 3127 5129 12011 10600 5838 8776 15590 9475 7381
6583 19543 14133 19709 1528 240 14323 15167 14127 18548 577 12028 5433 11044 8590 10958 1736 10925 19497 7848 11550 10040 12314 11025 8787 3778
6187 15592 6767 16272 6579 4863 10737 637 11307 1141 17545 1109 2671 18894 2894 13781 15728 333 1002 19721 6399 19182 4666 18554 4634 17214
4642 12261 19969 8467 8666 5120 7937 14629 19758 14367 17651 10903 18765 3396 8337 4321 5230 6741 18663 18800 3990 11513 5289 17767 6083 4287
4213 8275 18434 19280 17105 5602 2665 5059 16396 6748 10640 10323 12136 11264 6779 16962 11103 13645 11300 4971 1280 7859 3066 2758 18545 12713
10797 11913 12116 16464 2297 17093 5512 5939 16887 18587 143 10005 9369 8111 13290 5482 8233 3358 7906 17815 1713 331 8133 18294 5270 1802
11250 7893 9473 6248 2361 11666 7136 17845 15193 5269 16263 5855 69 15952 6213 795 15281 6237 11836 16011 13422 4768 2686 7182 7371 12800
8273 13530 18860 12125 14053 4136 5723 2408 6414 18295 9693 2227 12387 11114 15221 19984 18018 9064 10077 12893 15221 13966 12585 1787 6815 10505
9222 557 190 3813 9049 19189 17932 9299 18380 13423 662 8088 9489 6963 7916 7830 3426 6179 10460 8947 1868 18978 4015 4015 17522 8825
6576 17946 340 626 10973 10440 11981 17565 3132 12490 8760 1040 1463 19468 660 639 17350 4787 2190 12963 14693 17702 18877 16949 15926 2682
10713 11557 16909 19468 15407 19856 15004 15645 976 10179 13449 14943 3514 1974 9369 19585 8262 2119 3721 1616 7723 6843 10621 17948 2086 15620
14687 7702 10860 14271 7092 7041 1639 18948 6856 5388 10353 2159 6965 12007 8206 11929 17209 9542 16665 10297 14089 15146 3963 6223 8992 18068
3009 10131 2267 2568 5155 5076 14769 9332 6702 6081 1798 19654 10251 1150 7266 795 5004 11267 19194 3027 8619 131 4234 3538 5901 10801
8227 3018 3768 7104 12525 19511 9408 12363 13225 9388 13750 15399 3943 2500 13391 7570 16932 6632 18095 11245 10797 19526 19269 16263 16203 1702
663 9384 16609 14835 8764 15166 10759 7925 17397 14385 4515 12440 5184 17310 17917 5580 11069 15954 9028 1040 14607 16985 13637 15260 13313 1668
596 15741 12955 4080 1915 10222 11784 15024 6477 4354 6626 19709 18672 11479 19883 16215 1405 8927 17575 12864 4186 1340 17248 5704 4687 9982
13989 17334 9121 4309 13893 16768 17758 440 17407 11712 19555 1217 18020 8543 7705 2006 8355 13489 3233 11285 10761 4319 9909 8439 779 15896
8061 19102 2088 12714 10767 12182 5521 4602 19572 10480 16626 14543 18600 19284 5266 19972 16513 14420 13664 16889 16431 16031 15181 17043 18396 19426
10281 16808 8783 17606 15949 8067 13739 2721 8522 15354 5309 6710 1642 8858 16467 2306 971 7484 1336 6518 5826 9146 2468 8785 4837 9137
881 3238 19871 18286 1739 937 12572 19421 6183 15300 14459 9853 1321 17998 8160 15655 12654 18944 14773 730 15484 14837 7809 3903 4690 15096
12038 3111 1786 4043 11429 13650 16192 9800 804 9176 18 3647 10747 13525 1675 6750 17126 10960 3901 158 16565 4153 9040 16347 4878 441
4485 80 18760 3172 9811 8597 14880 8007 18482 7151 19254 19650 7428 18987 7360 3413 19210 763 7703 8672 13565 18331 18063 18958 16206 12077
10076 18942 1953 17706 4744 12566 8213 7043 9138 14118 19840 11840 4882 1041 19331 4279 5145 16043 13447 16276 11274 10899 11676 5577 10180 3095
686 10001 11547 18057 152 8493 2559 1869 9317 12105 4784 5732 17384 6751 17531 9501 14277 6601 7445 14052 2727 8649 5539 10516 12328 6387
8541 9774 9813 17116 8667 13601 1694 1090 939 5006 12992 980 5813 16976 17181 11769 18731 13518 1466 3332 11491 6230 2797 16682 9183 17662
2960 4926 13742 9771 17926 8900 5464 14436 873 19990 3465 1291 18150 13405 15959 11038 8702 15219 2744 3634 15812 15625 1365 7584 3972 16147
19922 5067 19588 3421 14981 7967 10780 12196 18896 14987 5588 14151 12835 3708 13123 17462 13549 3412 6496 16306 12297 11618 13985 8228 19776 10507
12575 14545 16294 3203 11617 3248 6530 15390 19492 18269 19490 19209 16010 4474 18715 6884 15243 6064 15810 5702 6586 898 12814 6609 3521 14690
1934 17856 3480 19501 10905 16969 10919 7291 3334 8386 13665 13680 9410 7789 9187 14043 13406 17957 19279 2443 4530 2940 17389 13389 2812 7892
7027 4442 6741 7734 15796 4733 1331 15150 3725 5884 13356 17228 14334 16700 7355 1022 17069 186 1992 2760 19432 5149 19985 1618 13768 18528
15556 8661 18886 17014 18859 11622 2717 3963 5914 2412 6277 16881 13122 9789 17744 17722 3568 13778 2893 18748 18306 17479 9304 18879 1508 6202
3935 5437 14533 19314 16922 7814 6282 3183 11044 16111 6532 11046 4301 12068 13632 10060 14333 10610 14343 7558 3308 9306 13693 15971 18559 4334
18249 1816 15906 17149 5799 7750 11328 4235 6469 17038 17678 17488 11038 2417 19651 5783 887 17756 15215 12296 8833 5388 16366 10529 4771 8865
11535 640 3139 10670 14483 3403 13709 12901 1650 14026 10984 4616 15371 13237 2068 13025 14982 17130 8988 1559 3178 14151 11258 4609 2093 14296
7307 14337 6090 9118 17120 18029 4185 16452 17823 14684 7613 13444 12041 10472 17232 4136 14374 8096 4360 15291 4538 3446 3538 12507 1581 17597
3690 10769 18698 18547 4532 4598 3028 19878 14265 18233 17938 12922 7804 2987 8579 9637 3348 7807 6065 13014 14939 7021 12884 6860 9827 9271
10836 14029 551 4037 14060 7123 9983 9298 40 15352 13790 19619 1436 4855 16386 953 7585 4022 5629 6892 7553 648 2002 6171 18761 15240
3946 5167 10809 18717 3437 15139 3955 18823 15025 1707 9250 3147 11694 5965 2235 13199 13135 4198 15593 11907 6459 9512 8215 3364 12686 6511
12425 3447 5012 11258 5992 15783 14496 8723 11338 12257 7427 6185 16037 2638 12795 10107 16755 5043 12171 2631 10231 15330 5432 1786 1449 17821
10031 10143 11528 17064 1779 5802 13471 6414 19202 5130 2527 986 306 13778 10357 3230 19797 6481 1584 807 17198 13524 17181 10445 19738 5252
3161 14434 14636 3512 19243 11521 247 16127 17473 928 17428 8258 4446 17946 7524 18682 14672 11000 6288 19373 14271 17497 19323 1704 10913 14910
11061 13693 11620 476 18983 8231 6681 13981 17471 7905 18049 19418 15807 12927 685 1957 8680 9892 19178 12855 17560 15960 16134 7368 13944 2438
12878 1980 2996 10082 19919 4257 17557 12188 8065 16076 13875 10881 1685 17651 13701 6776 13867 7513 16315 1764 19382 19107 13268 1880 10495 7936
5224 11454 7202 6355 18034 9652 19410 660 16560 578 10304 13084 3895 10858 3422 17848 11522 6767 1609 15494 367 18261 10355 17555 13120 7452
18136 769 7473 16624 3591 4437 14611 8906 3587 6692 19067 8573 12248 5399 3936 959 9641 6416 16224 17153 1898 18475 828 9237 9678 15825
10603 1776 5692 12925 3723 13181 6193 14487 8791 15126 16113 3235 2117 12812 6064 11309 11704 9032 7750 1089 12864 12521 8670 8109 2267 8638
12490 714 18960 17255 13212 7642 17060 8774 11952 2278 13874 5488 7301 4966 1170 6919 1525 11613 13928 10195 9134 15860 13953 1407 9501 19955
552 11050 14514 10109 6751 15238 637 5385 8178 6175 7609 9306 11348 10271 17624 11561 10067 595 17098 418 14083 8686 7623 13240 10857 13451
4246 4839 8660 12668 16126 15102 1533 13119 3032 17539 11006 10352 2688 12265 1898 14114 19989 8676 1425 10396 4292 990 15030 19372 3561 18329
13987 13384 17983 3004 3959 15897 18003 6212 3031 8091 1169 15380 14040 1873 9678 17433 14820 14291 10141 4002 12449 5581 15601 17336 13918 2674
1586 12045 4711 3237 9984 12293 10960 16077 233 16989 5292 10237 2958 11930 12056 16000 15213 8872 3240 13893 18224 13346 2566 16294 11779 3020
4371 1338 5886 12926 10272 1199 14923 19355 7401 6487 10346 3703 17226 10398 1905 1372 313 1478 13706 12513 9832 12101 5177 17542 11802 15215
18738 15438 19541 3465 11470 11167 4829 9375 3875 10863 2992 3432 15114 18536 8380 7754 1156 7937 1899 5674 10834 17440 4340 11150 1900 9327
18418 4387 11089 11912 4498 17443 401 9345 8802 11023 13499 4506 5755 5827 3321 8959 3956 16487 11577 1124 5468 5214 3879 3053 6813 13671
11545 1946 5219 2591 19401 464 342 17454 18459 17822 19554 1631 3160 7809 4943 1611 3518 14903 6408 11547 8414 16206 4547 12444 13218 578
2271 8465 11496 18562 16060 16030 19675 8163 12542 3887 8189 10811 16513 7526 2741 7122 18175 13383 3551 1161 15657 13765 9572 5254 11335 9102
15922 4568 9669 11685 2344 18767 9883 11532 17669 11609 5056 229 1071 3671 9808 19057 11117 14258 6462 14475 11087 10155 887 12867 7621 18666
14462 13631 5097 7461 7730 672 12570 13359 6030 10438 3258 2582 11581 11849 14038 10388 16705 17646 15962 12886 5992 3993 9522 5385 18936 6310
14837 17780 2660 15569 15502 13486 4466 9168 12608 9594 15255 6538 1642 16497 827 8695 16592 8857 6589 17513 14972 14088 14837 10680 10425 1649
10239 15715 16410 16440 16594 2375 14120 14693 10404 1486 16182 13319 19247 2846 11734 13646 9832 15356 7393 15870 12324 4599 11404 7611 409 2878
9440 6388 11919 19135 8740 5155 17818 15829 10722 1214 272 10200 725 2687 15701 6626 11682 18246 2669 6019 17752 8750 14749 2681 17028 13749
10823 16665 7267 10699 15514 8691 5302 4052 12787 2275 19170 9843 2882 2948 5941 17647 11557 19392 15936 18229 5210 9344 15684 16831 67 7351
16900 19291 19380 760 859 9072 15821 5587 11981 13443 3419 1675 5943 14758 5816 15333 15741 5680 11116 10950 14631 18117 9073 8846 12488 15989
8966 10207 3049 10467 17847 9866 14092 18323 2098 12997 6566 12294 15258 18439 4417 7238 11573 11185 2455 2581 10264 4919 11062 4314 5145 6144
13615 15534 2172 14729 5989 13803 16555 16218 15386 16920 12211 4519 19927 12345 18351 15733 1887 15762 789 12194 7300 969 18945 14481 17768 18390
13498 5652 14424 16110 1243 5774 18247 11008 3802 10990 2252 435 12870 6770 10516 11536 9301 4719 12250 4228 6405 5098 11738 6717 5787 9312
1927 12825 681 4202 19781 15558 4375 12414 16201 2112 4521 8297 7006 1330 3404 10497 8394 3151 17033 8610 16702 2783 17968 19439 2045 7696
2358 9036 6682 11244 11260 3663 15130 14972 7475 19564 4128 764 16848 11493 8953 9433 235 624 19747 10856 9557 3519 14730 709 3408 4211
13139 4577 7289 2451 15293 3082 17566 11455 16465 3531 11779 3243 12449 14646 2225 1616 19157 7010 6670 12552 5324 4859 4288 10059 12859 6006
2027 7833 1989 4545 6091 5229 18598 8570 12120 9082 18 2441 8093 18925 7848 17799 7077 1065 8390 18412 18054 5004 876 5536 2761 3698
4893 16026 14738 7527 4165 16423 10493 18066 16653 16034 18367 15446 17031 5370 1320 9835 18059 13225 3797 100 16855 9683 12062 18554 17841 13722
15165 11845 17413 10384 7302 9252 16908 1950 10202 4319 9594 19946 1806 12098 4475 11362 4456 9491 9138 4225 18167 7112 19342 4657 18571 19515
6335 19861 11039 11242 10364 10269 3135 7369 19888 48 3661 946 18549 4112 5629 3753 12268 13808 18640 15081 4288 10285 12782 15514 11455 12567
10854 18343 7054 3306 8006 19213 14146 18541 15536 9744 6432 4961 11218 9042 4872 12613 19277 15640 3763 16388 14119 4563 2323 11735 15748 14868
2024 7596 7534 8861 573 8189 2116 17513 5266 3923 4706 16216 17092 2209 9344 7681 14121 10194 7772 10257 2208 2717 2132 18799 892 6842
7797 4038 1662 13395 19064 6459 5261 10441 18560 631 16990 4903 15311 13152 16169 1724 15946 11922 521 1296 19976 2933 16102 7629 18682 16480
14682 12953 13554 3157 11914 14334 7780 13155 10140 19945 15135 12219 1602 14042 15479 12492 3498 1068 17922 16687 9991 17386 18232 13661 2687 8279
17572 12190 7405 19099 4334 14202 14181 19207 10319 1403 6494 9095 8843 6998 15119 2726 16799 10967 4708 2222 2087 10301 3749 8080 15078 6159
6571 14541 15867 6556 2718 3271 2266 9761 4453 5853 2242 4994 18302 10487 12643 12263 11790 2000 4920 11916 7942 19342 10877 872 2893 2889
6922 5005 2617 17861 10843 16367 12643 4379 17689 5457 7358 7657 14718 6575 11389 367 18043 11357 1259 10767 11158 8640 13717 18403 8236 3933
15662 10383 19758 12686 13189 11612 16802 10828 10674 11334 14382 2956 14173 11316 8217 4399 13919 3880 16579 14296 11898 16062 11739 13059 2138 13138
18369 14145 10744 12631 14127 611 570 7814 17616 19589 5932 12436 10843 13964 3151 14994 15228 10949 16357 1823 7047 13977 19105 4285 15045 13308
3921 7364 7055 1282 8191 6205 13302 19465 7620 15813 19451 8930 4773 784 11256 1590 8020 4702 16765 5263 16775 12790 19430 11495 2645 10476
1678 12633 2406 9577 11550 5387 8693 11746 19136 5315 14503 437 12547 18155 12586 7544 16329 2903 6034 15763 19153 9942 18027 16021 14823 13168
18554 1606 7187 8253 1441 8348 3950 17757 11983 5895 4778 13719 11568 13921 14814 10381 1407 14323 18118 3463 14498 9079 7855 1557 16888 10336
15787 14533 4132 9242 9814 1082 16822 10300 2793 9826 18257 17055 3070 17212 3699 81 7409 17306 7634 625 15583 5888 1215 3756 15226 7471
16840 9725 18358 19956 16409 9398 16047 7377 4794 7057 8831 16953 3452 12373 9742 649 4365 16880 3627 18937 7472 3983 3891 9605 8489 8393
169 16135 14631 12637 1129 16118 8352 6486 18357 7456 897 17426 14276 4415 6006 10204 8287 5763 16877 7551 2652 17945 6121 3147 18031 5792
962 9067 15735 13459 16652 11216 4444 2806 13538 7787 3383 2128 3772 14377 16849 18821 14196 7976 4266 9128 1047 3111 1376 12712 12594 14521
13663 12755 19870 12026 16949 7130 19439 10440 10793 13800 9554 13617 2443 11277 1431 17583 5065 11349 3291 5957 5028 8177 8897 4387 15287 16529
10351 12788 18302 3021 4316 6713 14290 14344 7826 10176 2717 5717 6751 16290 8709 4248 4503 16372 5244 14736 12056 19404 7803 19247 7102 5203
14915 7186 13313 13493 3133 16875 12849 9539 19177 10146 14973 8419 13442 11114 5522 19752 4430 5040 9468 16231 2891 12812 5530 9883 18942 12305
13731 1041 16248 1264 5954 3930 13576 5091 17819 9342 12042 3298 2458 10098 18352 18947 13270 19403 12479 6999 4312 14466 6358 15253 210 14508
6539 2788 11719 11645 10161 3416 15278 463 10426 18299 13850 7459 6692 17225 10905 5429 4257 15959 17414 9511 2402 2822 17983 7674 2705 13429
9162 10196 4487 17996 16909 13428 5809 1303 12157 9996 3278 9428 4919 14542 862 10675 9851 13327 17880 7397 15283 17585 302 15650 17561 4839
1047 7585 1540 16651 9948 9435 16940 5421 17977 6194 13134 10404 7897 19631 3026 3847 15051 13283 18892 4921 3581 863 5241 10044 2383 9833
14785 16156 16381 794 16581 7136 16676 6111 10410 4629 10602 16520 13772 8042 290 18429 11116 7377 3142 4045 1913 3516 14351 9828 1317 16217
19570 14567 18912 15847 17712 17326 11127 5641 3611 15390 15099 2044 18780 15282 14806 12160 9630 9603 4241 16773 11311 17358 11559 12827 12400 8284
11533 14952 16081 10478 2956 6479 10241 15463 2631 11399 497 18671 11773 12182 14404 15259 13578 5433 4529 7191 9466 13160 4689 5956 13967 9327
18709 443 13927 19123 8411 8085 14727 18941 14204 10258 5464 15866 17935 18952 6438 2907 6430 9479 1709 4678 3529 17147 10781 3353 12135 18093
9978 7222 2750 9959 12628 13736 11984 4146 6420 1778 5249 15003 1440 15620 13152 15205 8577 18832 5378 9631 19568 14972 18429 5771 4575 6610
18949 4870 11735 3669 13591 16837 15162 17856 527 16818 8453 4242 2392 4985 15105 1094 17100 13157 2574 17637 3341 12272 1068 18136 6422 4807
2114 6651 1089 2569 3679 6721 19717 16036 2619 13377 16899 7816 2980 1572 13988 9249 14711 7091 6721 1608 13023 117 10126 4915 4565 3743
9672 14223 15005 6727 9433 14881 6756 16788 14576 18985 10142 13265 11848 6818 18160 8312 8453 9701 7161 11390 4427 4613 16277 9391 2092 19819
12779 5812 5338 3172 19109 11214 12102 368 4186 3666 19188 11613 11997 4715 12907 14026 830 9751 22 6322 15103 11111 11975 6698 4508 893
15462 18765 11039 13817 750 16739 5024 5115 15428 12844 4408 15264 8758 19510 1865 6223 15619 6452 9907 15879 8227 7577 18542 14291 2427 13944
679 14576 6789 12726 11630 6378 2817 4918 9629 16305 17851 14928 1530 13000 13612 9621 18934 6058 3462 1167 1131 13383 19078 10807 1363 3869
5662 3949 1085 12732 18206 4444 17219 10806 9936 6684 19041 8890 10935 13494 11184 10292 10717 151 15658 5627 756 3445 3566 13877 565 4435
17140 11969 17258 6696 5188 8287 16044 14718 2265 10127 3679 18786 58 5368 17864 17689 2625 7868 6105 9531 18422 11894 17761 5611 218 3506
13034 11682 247 8008 13672 59 9495 14481 40 302 9557 19136 16577 1841 4669 12283 18859 10810 8564 19806 12086 11306 7730 4924 17794 8203
15278 2303 7382 6243 8049 9684 3494 4762 13753 7636 18090 887 9738 17652 9598 944 5598 11416 4152 6817 10221 8229 8506 8558 19431 10837
870 8275 17630 10564 19685 5857 12407 4265 3428 19993 5590 18876 5823 10518 16617 14042 13308 17872 5640 157 18115 17641 16854 9435 11920 5999
19571 4615 17887 19415 3230 12424 17596 3363 6368 16804 8981 7935 19577 6651 2116 8287 8349 12481 4538 11865 11113 509 5939 10215 16305 13349
1950 1565 6893 16987 15540 13206 14720 3847 15180 15807 4457 11695 14674 3066 7598 13477 14897 7193 772 12132 19580 2495 11466 15127 8818 5706
4352 19579 8800 6908 17930 3655 2058 6907 10942 2250 16498 19662 13774 19728 16504 17798 19037 7524 5045 7691 6315 18019 3868 16875 11428 16046
15661 3613 16226 9060 8823 5878 17636 3089 17135 12372 2321 991 17633 8985 13490 896 260 2802 11364 8422 7129 16563 19351 4254 11199 8043
18796 17463 9412 10003 6465 7487 16171 5833 7226 12532 728 6709 4209 15918 11143 8518 19685 10381 16738 10032 4765 7684 14679 3200 19412 17615
6097 5085 10040 18380 2217 11924 13559 6449 14787 10335 9864 9383 913 1413 15998 5706 13141 18366 7019 5664 12045 7168 6891 15431 13027 3754
1110 1083 19077 9451 5052 5552 16649 5160 14198 6088 1177 15006 8797 5557 9129 7118 244 15690 12107 14337 14369 15065 4751 5671 11436 4506
6741 12427 14524 14124 16697 1266 18812 9051 13663 19919 13653 9059 16025 2445 15145 1409 1013 16447 239 3179 6576 106 4994 7415 17544 11020
15399 17367 1267 1047 4539 15808 19225 9731 13789 12608 9617 11482 13490 17650 12303 5510 12245 17199 2195 15611 19469 14503 14436 8600 1114 9203
10644 8302 4787 15523 17327 8070 17867 9007 5514 17251 388 12292 8853 2507 10748 14780 16057 10046 16329 2249 12590 9795 2396 6719 6042 14118
18667 1847 9813 9714 1412 4345 8825 16589 16354 13900 5335 13971 674 3502 17781 17001 3541 4319 5363 11585 6127 8219 19305 12208 3744 1964
7628 7490 9851 13606 12944 8250 8487 13267 10279 19293 12124 116 5505 16289 17665 13359 13356 1350 8056 16441 3091 8316 4954 1707 4264 12646
18106 9538 15401 670 3897 16573 6587 19364 12379 4035 6763 10997 11753 15992 14254 3632 17902 3315 805 507 11744 10471 10035 8050 6203 6800
16511 19335 16110 7684 8580 14966 12604 5041 7218 15191 15373 10135 9496 15110 13092 4680 9436 12668 8737 4666 555 14685 13997 16329 10223 8108
17362 16722 9682 6550 9606 13034 18505 1136 1825 15237 833 12066 19345 15685 19655 9525 8421 10602 7522 13279 4926 1717 18435 4415 3685 18063
12083 17297 1727 9668 8159 11340 11293 10177 17816 9846 12476 6100 14796 5406 5068 12801 19163 4447 14004 8553 16268 1688 14669 6392 12694 4831
16972 19825 14488 8498 12625 18172 17426 9399 8798 7630 9505 2090 1117 1289 9094 5226 3990 6444 5055 6925 16864 5706 19994 15226 5951 5487
11078 10967 1966 6571 11399 8554 12364 17771 464 16573 2002 16543 7365 14373 1380 17448 10618 772 1076 13606 1051 5473 8099 8695 6186 7322
16199 19489 3530 699 12326 18520 7648 13664 18697 15109 19267 5849 13000 13659 12012 18923 13798 18224 23 9585 6883 1844 13913 19120 18042 6038
11647 1632 6158 8567 19909 7380 8542 12245 15090 8571 14919 8201 15014 4972 5907 1298 18020 7530 16823 18359 6922 14833 18432 9836 13181 3549
13320 780 10966 7790 7993 18143 18014 3230 7758 3178 2942 7973 10699 10869 19060 19985 12050 3139 7298 10743 6858 8843 15602 1725 14782 18227
2531 16984 6061 3491 1121 3050 14872 14219 9850 16124 16077 16060 8040 5960 12467 18636 11185 19010 5250 19011 15307 5933 17867 17808 7391 7333
16904 13480 13523 1450 6952 12347 12274 8632 9701 16604 3818 13222 1237 19658 14001 18691 1512 18241 16052 18124 9551 19638 5752 16012 4706 14500
4390 19197 471 5708 11508 3500 2154 12013 4853 10473 4320 2434 289 16034 11716 10391 15271 15171 6384 301 11063 16690 10434 12330 12012 15488
12267 7642 3693 13997 12082 16743 6158 4304 16803 12032 16399 5665 4950 16422 12124 18776 7003 6501 14942 16174 6940 16695 11714 1767 13789 5113
10460 2995 11238 2596 18282 12670 11917 8269 8135 6060 11112 18922 7948 4152 9274 8562 2646 12938 9387 12998 8013 6152 5692 9754 16723 9168
8012 9669 7160 8526 3805 4064 14164 15432 14952 2241 15732 12690 17449 9776 6400 6918 17509 4604 2969 14365 14650 16047 17225 6303 15989 10638
11238 8438 17331 14306 19632 6488 12368 7944 11279 5914 11590 14037 4252 15353 18124 7460 18691 7756 15221 10828 13460 5098 13782 18447 10811 6236
11825 13269 10301 8704 9703 5874 11477 13333 17747 12951 3177 8767 17729 19237 8153 8650 12588 12905 8719 12885 5030 5660 7533 18996 4825 8328
5157 15837 2234 11021 8328 5406 15563 17821 15624 12053 11296 13688 2688 18293 10194 596 8388 11729 19884 17171 6853 8246 2420 15267 5376 1415
16290 7770 3617 19920 19691 7878 18917 5913 9392 255 7680 18501 7762 10060 1486 7497 11736 19250 21 16882 397 9361 4547 522 14295 751
2516 16789 18850 11682 15480 9888 15175 14880 1683 2344 16988 9257 10880 5791 3449 15326 3663 17073 4433 19146 429 14408 16714 19306 19985 10020
17654 3856 3695 393 1250 10113 6213 15284 18939 10705 16781 9525 19054 7018 8123 14107 17603 3301 8006 3587 2384 17968 16040 16696 13308 8741
19010 19619 18805 12252 15769 8158 8951 77 3465 9173 16864 10556 8490 14699 265 4316 16522 11122 13840 19115 18852 8863 5176 12997 10252 4818
7209 9468 7903 15001 17769 16395 1837 1455 9811 15685 13515 2453 11761 7831 14395 17118 4452 13043 9118 6371 16982 9509 13633 16136 14029 14700
7458 18807 14578 17344 2394 2910 10961 9299 16941 13480 6045 11830 19039 11051 17685 10602 11720 215 6381 5303 11601 13955 1976 5271 12903 18459
6105 7978 1485 13627 12606 6789 14573 13146 4641 838 5233 9155 15980 6932 17578 484 6804 12650 15468 1458 14598 1173 6787 6041 7258 8826
5987 8625 13522 7846 15911 8739 18282 18087 1898 18486 5913 19924 9646 2446 10211 13546 18624 8734 13863 2459 8607 128 2761 818 16850 4943
16234 5111 7806 2587 4262 6368 17792 15362 1104 1420 14721 166 96 8652 2650 17263 16730 5396 3419 15071 1440 18234 19442 19344 18512 1145
17199 8295 15083 18329 5366 19869 8719 2615 5595 4574 14135 16379 18454 11883 10327 5255 4377 2990 11528 16318 3558 1305 17209 5807 16478 12541
15385 17498 8951 3713 10060 18034 3499 2170 2681 5397 14224 4802 5035 201 8178 2595 1369 10777 9705 8169 10551 63 16333 9604 978 11841
1331 12811 19958 19938 366 7513 18545 7298 19967 7236 10988 14070 1616 18646 14595 18230 18026 18069 6875 4242 3537 19559 972 3050 9238 16787
11725 18431 9377 112 13889 630 5796 2505 9365 12993 14016 8003 10761 4779 12643 6486 14175 7704 278 4569 6041 4450 10271 3767 7571 11683
17149 16487 18532 3721 2633 1387 4629 17845 7829 8617 6725 521 5192 17722 5054 1625 18690 8196 11302 12589 13240 11765 17047 16591 19461 5514
8328 14888 13048 13284 14028 7252 5797 12982 11892 8871 1250 7450 12899 17613 6713 3006 14181 8342 13570 9046 14340 1530 3981 19127 13678 12269
8686 4438 6255 5166 17208 17277 5882 9190 8369 6814 18312 11863 6707 15231 3003 18848 14157 6960 17756 19717 16772 9403 17731 19403 3124 4675
8262 3548 9917 4333 7489 7231 14819 13217 17214 11670 12125 17251 14017 16229 3944 821 3896 14203 5505 890 10368 12607 15622 14173 8704 14119
1062 14058 550 9472 8337 10525 18865 477 10448 9108 14819 758 3892 3598 2947 338 14875 647 16573 9106 3309 4063 7024 5615 19647 14809
13919 16284 4921 15909 7927 2758 14545 19262 9488 18422 5924 14721 7150 17495 6600 4839 10623 15302 6231 11750 1317 3916 14345 14472 8029 15279
2194 10193 17507 3307 5098 16882 6916 3471 6672 3522 7856 19097 3445 18584 17877 2911 16433 3747 3410 7177 16438 14074 14369 6338 5307 18234
12692 11605 12276 1330 17873 19761 2458 8364 10904 17656 12903 13635 14829 2585 17837 1204 2150 9487 14687 11161 10235 10846 2791 17819 16462 17368
11271 12049 10423 14037 10838 14861 7944 6854 3995 16717 2884 4977 12710 12743 7412 2 10894 9265 10875 2463 7239 7308 17689 2887 7568 7147
13524 18434 3660 16198 14169 524 1832 17640 15498 15483 6108 5122 455 15980 9481 9830 9214 11005 15941 11660 10432 10809 4169 18313 4167 17922
15829 5579 19802 3186 3205 9854 11780 15700 4910 15765 15545 17756 10883 8326 19537 2356 17080 8072 7240 11052 14686 5363 2622 12486 15305 7569
8522 6704 5967 15951 9866 18037 14551 4899 2030 1696 12006 13999 16694 9491 15867 16452 14044 12634 13314 13571 591 18551 9134 18780 17518 1688
357 13921 129 6774 6471 3289 11512 4805 13958 17976 17181 9176 19267 6827 11117 15567 8252 17484 11202 2628 13681 12126 19065 11713 11529 11871
16088 15504 15199 743 1660 4913 18676 8524 7114 1451 13138 602 9361 852 17865 9448 7743 2269 9926 6816 19900 1908 11408 1272 14965 4226
9962 11673 18565 17260 19366 10357 16582 15098 925 6916 19292 19607 7837 10436 5171 6195 14450 6626 3957 10457 8928 8714 5847 15556 507 7591
4955 12047 291 4449 14978 7739 18068 11230 13373 12586 14278 16292 12981 17783 5898 7500 18667 10560 18734 10618 11867 13873 14600 19895 9143 14179
1327 14627 12682 18374 164 12042 7207 9767 4036 18389 16186 5148 4302 4421 3020 3642 6937 16198 2569 6129 739 429 9079 5250 9102 387
13523 15167 19661 7025 18342 10873 1597 8768 764 13236 2959 3543 18103 5275 12922 18303 9498 909 13761 16742 868 8368 6491 6573 2265 11947
10850 11378 1165 2839 12584 3272 3061 1496 1735 5147 17589 1385 15612 6715 11525 9482 15526 2417 19236 10797 11934 2895 1377 8032 14490 19196
2730 9249 13280 14384 6515 5247 13106 14348 7106 16227 1054 546 2880 745 11720 12830 9782 9652 34 10550 17175 17972 550 14877 8403 18201
1320 3045 8475 19994 17923 15915 6125 3106 7746 3475 15025 8911 8028 10174 1239 8181 8789 9504 3594 12617 16969 6074 10953 5771 10198 15372
17648 16646 18763 17525 13021 5591 18780 5139 7222 826 15465 9093 13030 15908 7601 11290 11177 12872 3694 9871 3879 7227 16198 12367 15060 3621
9738 12990 18968 16699 13279 12666 8518 11681 17914 10396 4901 6188 14408 1027 5245 7553 4078 19253 8380 3815 13395 16869 1681 4177 8384 12998
17118 9102 7207 4606 5795 8998 12617 9113 603 3441 8542 5502 17447 9266 7169 18767 7266 2575 9080 10408 217 14781 15641 12582 19919 19276
7914 15879 9346 17014 11202 18504 11031 15978 10926 748 2449 18972 7850 6162 3296 19158 2651 18016 594 713 633 2798 14624 14898 14370 6739
819 2524 3064 7380 8412 5899 19202 17365 10889 19153 3859 8771 8923 12512 10384 14643 12313 15643 16958 4963 6168 1527 14100 2595 1621 12481
9617 2379 7524 7097 18040 2940 11424 10304 8719 16874 14595 10129 16112 523 14825 1102 16235 11629 18132 1863 7146 18148 4697 3768 3751 2073
7611 12028 14651 10430 690 15947 12860 19155 18163 10514 6998 5215 14135 10455 15208 6545 11110 4875 9654 2069 15530 1125 2751 14361 1440 6864
17123 3343 4712 10939 16544 8879 14452 10608 8992 7826 9298 14791 11614 15048 2319 6422 2912 14593 10685 1365 119 16792 10435 17533 12122 16641
3061 10380 8787 8190 6178 6291 6811 13431 14879 18489 6518 17971 9906 12820 14964 9619 8772 3030 10850 2954 422 6127 19503 10716 16503 10105
5773 7661 19205 10925 17046 4959 12504 16910 4410 7444 2468 7497 6891 11505 11744 12239 15241 12354 16258 1835 14711 7610 754 6181 9519 7952
15685 12170 7150 17081 4445 4143 8729 6447 2348 3449 14092 6868 8162 162 8527 14768 16478 2277 15206 19018 10539 2710 10553 15077 13821 1825
5822 1912 16902 18951 6087 8870 13652 1214 829 2166 14892 7661 6004 1211 17789 9385 17460 642 16488 15592 5202 14598 9104 12520 8240 13996
19118 6927 9572 17844 10152 1205 11866 7056 6671 12773 1821 4563 754 718 8248 12282 16333 12128 19187 11353 16135 14143 5151 17154 2458 4960
8653 13685 6385 2517 9295 3014 14551 643 4030 930 15092 15902 17066 11950 6094 5390 1157 9962 17500 14935 12130 2131 6644 15008 10332 13865
10667 7940 4371 16089 14414 13187 14206 12085 15453 4853 2865 14588 6050 11976 6415 7547 14638 14371 41 6560 13032 10147 7604 8049 5386 1345
2683 997 6047 5924 15002 10028 19544 432 6942 3673 18846 8486 15620 7131 12616 12906 1504 13222 10415 668 1044 2693 8250 17356 15159 3004
6940 1818 9573 2202 14685 7329 3414 12793 1901 3812 8461 12595 19540 11746 5666 778 9005 9604 15211 14599 6387 4194 8484 6874 3908 19671
2417 11166 5847 8266 818 3059 8946 3570 4256 1075 4930 15412 3605 5605 2663 13652 14423 12949 9154 8367 16658 4232 10030 7250 12549 19666
11184 14828 18262 1736 5004 7291 19211 7334 15260 19918 9449 7642 9617 8927 6335 15669 14394 2406 16959 10136 5044 1087 5051 19164 14051 17047
3094 463 18149 4312 5501 2772 15139 8061 4431 10237 11936 14699 18608 1130 3803 8543 18368 9421 7565 5526 1790 13019 17110 17271 10266 14305
17487 2758 19655 10654 11294 10064 12888 4077 9433 5938 4256 13386 8538 16151 3499 19689 13930 17386 11847 9254 10457 18434 221 1355 18643 3829
6714 17689 13263 4752 11608 17440 15097 1318 11160 3584 18632 16357 6346 14154 13753 1163 2760 6072 14543 3960 7511 5321 5940 19124 16343 10987
16948 18820 3780 3742 6831 2274 2506 15715 7734 1432 4046 3966 12284 5463 1758 8564 18337 9855 11064 3624 7734 13481 18264 16866 10430 258
11137 5856 11826 3606 13025 14085 12229 16323 3159 8590 14621 9613 9861 19318 289 10188 5310 10222 19394 15789 13635 9526 5619 3860 14539 10638
5097 18555 7556 16947 15053 2750 9139 1448 1072 19091 3775 4113 7593 7313 11715 15734 18348 16972 14797 3167 19218 3626 5648 12056 11689 1215
1835 14021 4895 8807 14147 16762 17205 1232 9095 9479 3634 2143 6104 7029 18400 6285 245 439 12828 14067 12415 8299 9085 9621 10122 8815
2895 12062 18656 6192 3643 4206 2526 15266 4865 9190 4877 7781 12914 15572 1511 8083 13764 4482 1812 17759 12181 9249 10866 3515 5153 16521
373 14841 13315 17704 16536 2625 18778 10226 17218 14899 15821 18263 14256 9288 13560 2388 6652 3527 16921 17131 12575 4494 490 15094 5679 3487
4590 10345 785 8153 15816 19265 9719 14552 14543 12127 14978 1980 9122 8654 15098 522 18005 16466 11232 8034 19068 2371 10166 8991 10833 202
9847 3874 17604 6145 13784 9013 19552 16376 7994 17771 18312 6715 11389 13256 10321 17690 6107 8804 16471 14277 6948 15578 1344 2091 7303 1513
14064 8648 10142 153 15094 7190 2393 16351 18646 17724 17832 4883 6478 18193 19637 10193 6720 6189 7783 10245 10703 18650 8855 6192 13464 5042
13339 10095 19317 19065 15549 12286 8188 14643 18191 17609 1913 2042 618 17956 13686 1937 8857 11992 12582 11582 14533 2521 971 2016 18471 12802
3450 17073 19827 17192 12508 19968 4575 4830 7288 8848 19401 11002 8798 19854 18460 4869 7377 7142 15620 18555 11292 14207 13020 9240 9050 17141
12604 7203 10771 10765 11587 16606 10133 7980 16906 6563 131 9957 6970 11461 13133 12962 6179 9963 11666 12300 18184 8093 5446 11672 13910 6369
19812 8237 2424 3063 6451 15058 7486 1527 17957 3662 8583 5512 3655 15055 4763 6661 11533 7061 16074 12569 8555 53 3692 18473 12000 12731
12538 11595 17885 4431 18768 12190 9961 4934 19119 13926 8729 5123 5820 17703 2886 13603 16512 9523 16442 1891 1629 14298 2920 433 3573 17567
7288 9030 9590 7833 15283 9353 10053 15165 4437 9045 9670 10303 8362 8754 5689 342 14562 18416 6494 3015 10814 9652 6559 11288 16102 6269
11340 13414 11277 19752 15086 18762 17599 5782 16624 9176 4637 11052 11873 2619 18390 18011 4728 190 13988 615 771 828 9701 10517 2344 12031
5244 18254 19830 5719 7476 836 17942 17576 6430 9036 5441 17066 2768 14255 3971 5960 18001 11921 13932 12654 14617 7078 11693 17520 1952 13762
13999 3086 4107 10201 2688 16047 15235 16406 922 19330 6232 6600 2056 4734 11373 8195 621 16675 1079 11632 282 12400 9146 10739 10345 11041
7731 18061 9300 10196 19998 15482 15413 10602 2244 5430 7561 5108 12368 917 14275 2374 2948 17651 19126 5518 16809 18063 15552 2609 19332 16711
6520 6605 4695 287 5842 8188 16839 11934 13567 14707 9447 19469 18164 15492 10342 18995 17744 16599 15766 19785 12440 6026 19611 3348 9271 10564
431 14523 4379 9840 4578 8376 2056 9854 19856 3930 9804 18914 7325 4284 11608 1100 12934 13524 2609 18254 4564 461 7626 8625 1388 6769
7639 273 14487 2698 8252 15459 15652 11159 90 15015 7926 6039 16793 8955 9056 560 9046 1658 6793 4893 12043 12722 4621 14972 9017 10031
8715 12608 17123 13058 9368 14509 721 19942 16195 525 4306 15185 19059 10174 12002 266 18151 5459 8942 4237 49 1983 7231 15935 1348 18949
2324 17722 11844 13683 1097 8034 2564 2484 14771 16280 15700 8201 566 11547 15188 19924 8256 1368 3110 12501 16277 1217 15775 14754 456 19556
13573 1147 3959 18698 7809 9050 5129 17057 5812 17660 2213 10832 5434 1027 5981 2542 14132 8099 5242 4643 6411 19912 13486 6106 7989 12329
1767 5671 689 18260 16386 373 7333 19438 11723 7962 10724 14880 5707 13936 12290 7706 206 12609 6194 1563 289 6822 5702 10782 9556 1313
17093 10934 17342 4579 14299 8050 1889 16693 7845 4687 905 13387 8188 16576 6854 425 1159 12165 11211 12119 9528 16418 4478 8314 19837 12033
7907 2242 326 17984 13634 13005 16958 8489 3114 4961 2328 16618 64 7421 10090 8699 6540 9697 5947 13393 13109 1749 9122 4491 8410 7684
18133 13526 2197 15302 4435 15566 12555 11918 9463 1536 19663 14938 14473 12236 18314 5945 2852 225 3433 12959 7365 18411 3380 8478 12007 14190
16922 8151 11277 7938 17536 8180 2371 18249 18380 10173 13482 17867 13135 7483 13423 10083 4790 12784 15536 9587 4913 18153 3136 5591 3374 15087
12358 5581 2556 15869 1052 5935 5527 13878 105 2960 16482 16056 1632 13803 12526 15202 4126 13030 3439 9428 9763 7583 10183 15415 4261 8646
2180 5110 3100 13824 10480 17458 16499 9290 8623 18587 9398 17293 7547 18765 18730 3556 16243 10706 14313 3818 14569 1581 3487 16124 19079 9595
2291 17528 8913 17208 876 15525 1924 7943 8390 2008 16611 16226 12893 5670 17023 987 8347 10601 12093 9408 10413 5226 13063 19298 7926 5569
7069 14576 10404 6457 4469 6668 13686 6912 7421 19091 787 16843 9689 11652 16334 4714 19975 19113 4453 17539 3962 17248 10218 3509 4320 14316
7999 2230 12895 4462 5881 497 940 8677 13214 6783 11974 1107 2762 12121 9632 19626 18118 2201 4804 14652 3954 12435 15521 14672 19462 7550
11906 1761 5649 127 14006 16144 965 11497 8111 9108 10066 9849 8835 15287 1980 15376 14525 7550 828 1028 18737 1567 19263 12142 8731 11890
12642 3709 13213 9816 6674 1016 16223 7872 13117 18664 8206 13813 1756 4204 11684 14340 1345 17434 10973 12117 482 14751 6238 3615 9562 8656
19132 12598 7114 1757 3317 4302 16934 12501 8489 4996 11523 5253 15291 5479 13433 1380 10876 398 3817 8054 4852 17505 4087 5411 1978 1082
14254 13438 15923 10234 3040 5317 19640 14556 19473 14499 6508 5536 7995 18469 15370 9431 1557 673 18201 15017 1613 19391 18364 4300 1067 3548
3059 19587 16394 15048 3431 2108 17583 11530 15833 3385 509 3701 2284 19187 14533 11442 15681 9698 16351 1154 8047 13906 1699 17745 3574 7990
1831 3289 19889 14773 3663 5040 19309 18944 9839 18393 13781 940 6721 7783 11171 1038 7631 9374 3526 6487 10789 17969 7730 1763 16656 68
10149 14102 5557 5855 16888 11451 1335 2800 15994 17132 2029 9546 18542 7822 18193 7920 5144 13325 17784 3516 7689 866 13164 6013 17315 9262
14723 1764 15147 3118 4481 13428 15133 3294 2732 6188 7612 7907 13681 11290 6044 14874 9518 19116 18687 12772 1045 11952 9003 7181 9262 6884
15666 7966 12151 2728 12954 5230 9946 7759 18253 2094 11800 15678 1469 17806 10201 10059 14740 4967 2006 10163 15027 2197 13470 7269 11751 15972
12030 14660 5350 11792 3605 2507 11355 15786 12220 12704 4865 17683 4733 10060 15471 9542 1849 17079 11701 18794 10993 17077 11098 2322 14974 13584
11179 15649 13231 7711 11917 19245 11884 16501 5193 13607 7737 17019 6569 15528 3650 11997 18784 16365 5278 18462 4617 183 5632 264 12769 1646
17705 6281 18445 6273 8583 10070 12492 15270 13374 8938 14539 10527 3922 2322 3769 1197 13700 16104 7564 12687 16919 14198 19344 12389 943 15400
8285 13688 3286 4235 17256 13136 5494 3949 15926 7787 14335 1320 4829 16699 7475 9902 12143 11332 2069 7483 11514 13934 19980 16690 8893 17775
12006 6358 2838 1375 14027 543 19270 12796 3853 7431 7949 9811 15506 15585 14070 19091 16174 6706 3606 18623 347 7753 9972 3403 6958 19535
9444 945 16912 19702 3306 14768 6539 18597 9262 4739 2815 11009 6382 5362 4274 4385 2677 12671 6227 15210 2925 11257 4666 19661 16020 5487
9552 14625 17552 2141 6136 1153 15189 2216 17994 10999 12495 3013 3913 16107 4793 14259 17363 7833 13242 18971 13853 6337 8795 3385 16235 1179
5099 19340 4836 10193 11031 11218 7034 3256 1203 8576 14816 16278 17853 4865 3392 12273 7792 10985 13079 3095 10561 7637 3750 7834 4596 9194
4948 14292 1724 473 10548 19887 11871 16161 13617 14959 4839 17886 9219 12527 9747 19756 5784 1484 1228 19299 7233 19112 11744 19761 9828 328
11080 8396 6510 7308 8175 12389 7652 17924 1452 278 10189 14692 19438 199 17481 18516 8886 13967 15632 10857 456 11185 2306 152 9879 7957
5487 16580 19807 4667 3561 15497 4360 7573 12152 9010 2425 2525 16852 15510 15094 17592 8605 18317 3917 19657 18389 2107 15088 19081 11957 19379
7393 13052 18618 3083 4616 6993 3528 8367 6002 18826 19223 19261 11697 5737 2821 13648 14190 5936 11929 4112 12620 15363 1710 19905 1073 12977
1516 13159 19032 19928 8825 5291 16338 4585 9687 12364 19933 8967 5197 4528 7574 13002 9097 6123 8014 11457 13741 11650 5885 5703 9507 9434
14178 1354 6074 11905 15756 9119 4196 8384 6069 18511 17046 17001 17731 15081 1935 13681 8233 14086 9386 9300 3565 13700 8155 15977 113 18094
2885 17251 1878 15868 18817 11527 11210 14285 13582 4430 18728 8033 2863 9687 18299 15393 9946 3953 17834 1938 9910 6401 1903 6572 2024 4317
6145 18061 2615 5642 14226 5600 12368 17107 10022 6698 5229 5444 8428 10481 18862 4708 10456 18682 7289 4529 1419 7962 18767 10044 9296 9263
4109 18259 10972 15381 18273 19288 6961 9229 13762 11693 3280 6947 16668 8398 1936 19641 350 16541 17650 10790 14159 17051 15791 9261 641 14110
13026 7587 17964 13858 8152 7936 11212 8408 15199 9902 13943 1511 11408 1437 19270 14517 2208 7264 6316 11455 10046 5404 8268 7426 1531 14138
17632 9468 16580 4980 14672 7117 9946 15470 4250 8568 12681 2043 18363 6812 11149 2651 8889 2961 17492 9095 17365 17239 18129 19050 19511 10534
10337 2239 11565 18724 16103 17043 7294 16662 3371 12903 2519 11894 11135 14912 5021 16234 11359 7370 2803 19796 18302 9708 16848 3519 1705 12902
18216 6870 17787 7803 8718 1855 943 10132 15173 3289 16374 12482 19430 10705 12746 12699 8530 8640 1347 9960 1636 4266 5786 5076 8046 1365
3135 11852 6504 14622 5028 9446 10996 17663 869 12852 8692 3031 7324 6544 17097 777 15384 14569 1118 8069 3225 17227 800 1818 4002 16451
5819 12244 17843 17778 3029 3802 4487 13403 2154 1270 2740 8285 12909 14974 6556 10796 1378 3398 14723 473 12207 8916 14593 14070 18254 19547
1259 1228 18215 8889 263 14348 5600 7165 8718 18932 4501 4116 7032 18487 6090 8811 4477 15750 13816 368 15006 12836 2681 13086 18883 16319
6488 5718 19819 14560 3275 18262 1711 6714 5033 7552 12030 1409 1763 9601 7693 7309 19817 15648 12018 2028 8359 18244 2964 11423 17668 2582
12954 1080 15598 5586 4055 2285 6425 5802 18003 16658 11477 4448 17306 19198 14286 6787 10632 3257 8181 4082 12469 9645 13372 13317 17433 13694
3802 15734 9889 3989 19184 16096 15483 17161 17373 12960 13983 650 10539 2240 19527 16441 14200 10438 5314 9012 13350 18020 14249 11930 2755 18044
9532 17642 17151 15648 18428 740 9306 11773 1238 7905 18450 8870 16269 9246 7701 16538 5000 1064 4789 8124 99 16394 6392 17134 9919 15975
8680 1526 14042 16424 14282 19846 12390 1446 19793 2489 11411 8507 15782 19086 4677 17909 16531 10627 13234 15811 9666 14525 15635 19074 12257 5617
3237 6772 16634 9196 9420 19542 1539 6893 1059 6699 5305 13485 9137 8547 6844 14020 5062 18635 15336 5926 15859 3687 3385 19747 19362 3869
17011 9987 14929 14059 4052 14137 6340 5064 2814 9368 17223 11841 2605 15739 4454 4390 11172 3004 12528 2291 849 11735 13064 8676 16577 16520
6069 19863 18267 5651 14581 4319 8865 18426 12640 10629 12711 16214 18426 18426 17411 619 17113 4531 12281 18614 13768 3403 14613 4811 11919 6396
7177 8784 4905 17842 2632 1604 5001 10255 1997 6523 10653 6661 8722 8322 14649 14787 18916 16705 12337 3617 264 12196 9986 9325 13944 8091
18244 19484 14787 12856 5075 2499 17372 1688 9848 15707 6322 3465 13303 11142 2073 6113 4880 5999 15513 5004 769 16339 14813 7541 4631 10946
2502 13312 17417 8790 3264 8684 4026 13578 9007 7819 16689 3511 8883 10445 4031 6020 10014 11814 3053 13919 1382 9087 13199 16999 16698 14797
8956 9294 14505 9014 4903 6340 13435 10711 8142 1776 14675 3663 2504 12386 12678 2892 16113 6564 4739 2772 3812 19358 13923 10907 18010 19248
2251 19929 2413 5592 13114 18219 1533 4078 7195 19654 964 5797 11211 8205 19345 4438 13945 18181 6671 14358 5631 9742 8701 8144 15268 8827
18505 12756 13510 14841 13442 18887 261 17120 8446 3282 2490 12266 15750 15344 4093 10970 14308 591 124 3476 6287 2630 9840 14630 12853 7753
3111 19621 5319 5837 4254 13042 10367 3016 6832 1405 11390 320 11904 12053 14826 13261 9977 7566 7706 3034 19405 9148 18158 15544 2498 18996
12004 5197 10201 16382 7874 16297 4201 10965 2504 9164 7599 13579 12442 629 15378 10119 15361 11648 6500 17512 5376 10643 11007 8786 18252 9959
3063 15513 5536 13542 11373 18839 8609 9724 385 4664 19376 14597 4827 7983 11969 7677 929 11031 7228 9197 13861 10012 17767 2990 7773 11089
5992 1502 9341 15079 13841 8913 3361 4415 7102 2200 17577 6197 13202 18868 19705 16708 15216 1573 16554 2069 10246 11216 14428 16562 9636 10672
2171 19004 5600 2636 11480 6961 2805 14054 13574 3295 19436 2216 3856 10239 19030 12860 17544 832 8714 5847 17252 5456 6864 4749 1390 737
11811 9404 8015 1055 16089 411 14797 17127 6889 14280 1247 6185 4335 8949 3349 637 7420 18916 5911 4666 7613 10834 5685 18889 16644 10205
