365
8 57 25 53 65 86 13 61 81 77 59 0 66 12 90 65 95 83 20 51 11 38 72 22 59 28
17774 2887 4728 15516 10895 12152 17713 14215 14227 12591 7533 15118 12330 16737 14023 10929 14887 11920 17595 18192 3565 3779 17500 14315 3291 3516
2964 7443 11662 19446 13570 699 2584 17485 1338 2195 19029 9975 14039 5750 13584 8578 15364 9007 8632 1276 8477 14922 18116 5672 14508 8279
5152 13117 9993 6378 9612 5799 18290 11014 15617 3194 19598 8023 1688 13957 1697 6614 17495 9789 9778 6443 8050 5703 5071 18059 6576 5633
1064 7353 4214 14816 4987 80 10255 8306 17277 15976 13915 5622 16911 17587 11207 4563 16389 15821 6708 6495 6402 13242 1057 4369 2545 10471
10923 13370 8698 12971 12876 3491 2369 10677 14985 13531 94 18446 9677 16824 14456 15149 1555 18106 18572 13702 7836 51 14553 11537 7590 11950
19714 16508 17534 16256 1524 12554 7826 14244 1681 15665 17404 10790 17418 18300 6981 11592 11550 7040 11304 10176 1329 14357 11209 11256 7055 11410
16439 6193 18627 1583 10439 6823 15606 3766 10166 4530 6810 4482 19825 4773 652 3025 12815 19165 11184 174 11781 13058 11699 7815 17493 15489
4446 19123 12738 14810 14837 17310 2130 5897 8809 1604 15374 10338 5965 17812 3928 14725 14717 6689 14027 2326 17252 11733 12595 12574 18658 14781
4306 4490 7735 18998 16976 1210 2772 5908 15352 15920 8304 15536 11588 11105 4734 9273 8250 3372 10749 3116 6048 2111 1006 9417 901 10418
3700 10322 2968 5653 11673 2863 5184 9284 8281 10097 3359 7219 9508 7395 19562 15591 11031 16702 1817 18449 1778 932 2108 1610 17404 17635
3037 11937 6805 5784 4647 10398 18315 18333 17198 3599 16129 19312 7396 18565 11338 4670 5342 17443 1748 12823 2011 466 10624 11615 12532 14775
9379 4170 9763 7463 9278 12808 17536 14944 4294 14855 5327 5910 11329 4038 16284 5396 13058 920 5570 3857 19479 3727 2808 7659 3417 15791
10269 8502 16238 17151 8423 12328 18752 13392 7062 1976 19840 637 18025 1894 13445 16760 4920 5001 17266 9490 1993 4622 16727 5767 11529 5846
10934 9010 13003 7702 17285 12352 1267 13550 17659 9624 16118 4341 5577 17702 7946 9881 17349 16706 15113 19268 13750 1500 4266 10639 15461 15611
8706 8232 4935 19132 8198 3170 7018 10031 4625 11895 1191 15289 2746 13980 5206 14058 8776 9941 12203 4128 468 6357 5663 10672 17269 8004
13269 12176 13920 7057 13478 12860 2859 459 17224 17203 12146 17727 8049 9941 6764 7603 17984 2966 7082 1535 13501 13373 16470 16177 1444 18567
1243 12944 1397 19582 5544 11562 16842 7407 3113 14957 10699 14252 12300 10369 2351 11926 786 17201 3447 12779 1014 12786 14331 1447 16457 2283
4551 18605 4842 3716 4218 11989 9352 16473 19877 3522 13025 8737 12708 18718 9526 9531 13679 3651 2439 14735 3283 12341 14597 17414 17211 1365
19031 8872 7700 9797 13493 3598 11303 1715 5424 8887 18183 9290 11905 9890 1854 12524 19935 10862 6655 177 3966 8090 3261 16577 8579 18008
17253 17330 19772 5978 4908 7693 13553 5686 3115 10256 730 10816 12804 11287 19283 3744 11219 18651 3130 14968 10373 8902 18971 14984 16465 17799
7946 8424 14072 10715 3138 1487 1911 11284 11694 6924 19657 5656 3978 16458 10015 9765 12513 7566 1647 2926 9454 17420 7748 13132 16263 16097
9702 4978 1047 1951 14286 3949 19792 12247 17035 5316 19964 2130 137 9648 7368 436 9387 10944 13977 9635 2562 441 14226 7538 12072 10375
9613 12764 776 3873 18547 8051 7478 11845 8336 10609 19192 11882 989 13132 11663 17053 14859 19574 17495 5333 5508 10230 15874 3820 65 8534
4524 9915 17588 13174 1168 14895 10834 9672 14651 14278 14361 11811 16362 11886 2666 10889 10424 18467 8018 6553 18385 1270 17681 3501 1910 10266
2506 19040 18878 8416 8266 10821 14774 15601 18026 17676 9925 12994 11440 10113 4013 1472 214 324 16535 6664 16424 6675 6379 17743 17310 4117
13275 6941 3715 4020 12698 17594 3495 16248 15264 14221 17411 9574 12 12614 439 5876 16045 11238 3543 7427 14297 15483 10275 13494 13974 3073
12280 11500 10389 18710 4240 25 13017 6376 19708 4648 19598 15530 7804 15075 19462 1747 14442 13386 4446 17489 13451 172 13655 13542 10416 2609
7492 4692 2677 12601 5008 9415 17694 5671 8364 11209 6424 19715 2040 1556 2884 4864 12484 8016 13462 4864 17661 471 15850 13520 18757 9014
13602 8425 9610 15425 3500 7640 6575 18469 6210 2971 16790 9397 13407 16365 19238 11100 17849 11052 13890 1555 5726 7466 17253 14483 16913 19807
8082 17468 19966 520 17105 16002 15170 7318 16167 18761 10187 12074 7958 4586 5791 5047 14380 8112 467 19963 2889 14526 15398 13204 15061 6168
17752 7685 3256 87 15945 13803 14905 19320 17912 12625 10103 16719 6851 12129 7473 17778 19851 7796 14100 11847 18835 11186 8307 3565 3168 19189
11612 1474 12290 3637 15169 4516 9229 15759 14092 6313 18166 6896 1913 17376 8890 16285 2166 10926 11624 4547 13648 3477 10423 678 18457 1259
1527 10425 13300 15478 15484 8919 12990 12007 9805 812 16729 16875 9464 13135 2384 2513 3919 1146 19196 2493 13906 834 11563 11937 4580 13529
3370 9282 6921 19971 1785 9431 4237 9728 9247 4321 12384 18482 8515 7482 16018 19617 15627 8792 4463 19041 18587 19716 17003 11230 4542 5050
936 5732 16299 14380 2314 16729 15410 15796 9425 13712 17496 17091 13117 10896 6770 1264 10447 10434 18266 2139 6127 15706 17561 17583 17809 14736
10752 8759 16283 19745 4136 11414 12205 2850 10037 16214 947 6397 801 4421 1487 19524 9138 1294 6347 8076 159 935 4953 9001 5538 9293
8754 17444 6821 6263 15332 836 8178 4792 16908 14348 5248 3734 9167 11634 5129 7719 847 1910 17978 18992 11873 5464 10354 2418 953 8022
7391 16772 817 10847 12903 580 5063 11360 19290 6135 16118 14590 18353 2539 10766 10394 15338 11225 2567 7874 11207 2422 11838 14016 10028 12322
16334 12869 2334 17357 7287 9844 11697 14687 3220 6553 12632 2299 12401 14672 15666 7903 8577 14785 32 18247 1769 9464 19770 6456 14806 10243
8009 9763 15847 7959 2856 11190 3608 6039 6218 12435 2828 11265 1878 19254 4613 759 0 2884 10727 14 2408 13131 16926 6036 8016 19120
7208 6039 19939 14039 4382 16195 10635 8523 11041 10109 15040 11143 2217 1897 7957 13421 13970 757 6635 15377 16830 17357 2614 18092 15169 9542
13612 12898 9342 4713 2039 2959 11376 17166 7639 528 4734 3655 17842 11342 4421 2760 16694 9522 15168 18072 12774 13317 4017 6010 15287 15443
14824 16244 9237 8149 14289 10436 8144 13240 17434 10384 869 5703 8416 3314 10836 3054 10778 8218 2488 7263 15113 10751 1878 2137 19405 8289
288 15721 18244 16726 426 15026 835 2262 11286 15706 7591 32 6441 14273 7813 2843 2669 3417 1534 5382 7596 10029 13680 2518 14957 848
12766 16155 11521 19708 8898 12707 12784 1492 7776 16856 10649 5743 12561 18217 12532 11175 8344 16275 12414 10578 7990 1970 2593 10927 15921 4701
7091 7162 16991 18390 8248 16165 16938 13385 15828 7975 2837 1191 15407 4165 9823 2986 9069 15725 9551 19613 11497 14337 3984 16080 10691 9415
8872 10232 13282 19041 1098 16775 135 19573 7742 3759 7202 13666 6391 13491 11574 17911 6445 12736 5902 2535 14247 15299 18643 15411 19494 19381
9614 7640 16954 5461 17923 6139 6978 18905 7868 524 3604 849 15021 11608 6176 17895 6291 19503 15158 9885 1288 12323 12264 14901 17433 7947
4247 10992 19370 11312 11795 13343 12410 17862 1415 5112 5683 18755 204 13274 18321 809 9939 17389 19975 4917 7598 17512 8066 8568 6656 8645
6398 9738 17779 18858 147 5877 13302 7974 14048 7884 4350 7950 18424 17381 18382 16071 4825 5555 17215 11922 6813 1219 1070 1626 15706 6500
2393 9385 17341 7549 984 15161 13513 12692 13722 10753 447 3039 4583 18194 12609 12279 12750 4960 17341 15635 7150 5190 15270 16049 8770 11234
2624 4967 4614 10831 17808 2203 11629 9220 16177 900 10378 8163 8845 14360 19754 3935 12504 9579 15292 19004 9314 14105 5914 14581 10595 1863
12354 14498 11572 6307 4486 5145 19370 19545 6243 1113 4016 5848 10879 17758 17664 6367 7024 8897 9480 4947 11481 3030 13177 6863 12631 17044
18353 7758 1525 11370 15657 18670 17726 6579 5670 4416 1433 12285 5821 11389 4342 6229 2165 12313 19835 333 18722 11211 17804 19991 10456 4840
3694 13918 12837 6025 4518 4703 426 17198 16277 14975 8993 14222 3073 14943 17498 19995 11289 2382 19760 14354 1052 17206 3152 15708 15949 10390
6829 117 3709 11190 16146 12619 3420 11794 16966 4204 832 16383 13389 5752 6564 4852 11180 13541 16287 18627 7013 17081 15655 9893 8485 5894
7090 13488 18352 6299 1894 7391 4747 11188 914 10117 9892 6955 2791 6118 2895 11145 10419 19173 1228 14361 5010 989 17896 14897 15558 12429
17197 3441 5913 17070 9090 5967 2228 6672 6414 18072 7614 14684 18487 14085 6412 7818 6860 12331 4227 11329 12645 6371 14076 7275 9720 4971
710 13246 16470 3039 1846 17511 83 16574 17986 2184 5493 2903 2976 10409 3613 16200 10934 12922 2594 18206 15870 12963 2441 8313 19477 14665
7784 13330 6538 15712 8097 2626 12622 9581 8923 12250 9647 5703 6859 3836 8644 2270 13620 6421 2268 879 2578 18093 19281 7562 11346 11752
1237 7002 15600 7978 5663 18440 10833 18607 19439 5564 11104 18335 7396 6105 13257 12682 15552 755 7730 18972 3229 9594 4401 11459 14872 2620
7001 3908 17515 14407 6101 11358 15007 10119 5401 11644 7961 19773 1446 17351 1232 16016 1974 16468 19112 15710 2328 108 13642 19329 9841 7264
12695 7967 11987 4939 19892 890 14827 9877 15606 13070 4597 12115 18503 19698 14530 19299 7239 11872 11992 10752 19221 10578 10763 6682 5962 13664
15002 19712 15045 4135 918 11799 11183 12949 16986 13481 12055 6612 17958 19193 13547 6463 1279 8457 11297 18252 9612 328 14389 1172 7735 7718
10370 10101 9416 416 580 19920 9435 18286 14221 8423 1128 9624 6740 10558 4839 15709 16350 19437 10234 14139 8004 7006 1716 712 14162 7096
868 3027 9379 4519 17257 5438 5794 210 16782 17258 8609 9570 3528 12629 16346 6770 1137 7842 17144 8403 1568 11071 1467 19259 1364 9079
6813 13079 423 5747 13942 16132 3484 17769 4138 10556 19652 12520 17023 560 7939 4073 16623 1228 1445 1000 9034 4434 2203 10678 15916 12361
16070 8743 10138 1672 13160 9017 11146 5813 2459 223 11458 565 18794 11815 9851 4014 7334 11524 14910 13920 14939 17038 4324 12654 4770 4143
18168 18261 200 15555 4380 14574 16586 9146 18906 18468 7569 10816 9271 7887 3578 7929 1198 1156 16775 4036 17953 4292 13416 9015 12169 12660
14862 941 10267 11430 2256 12442 2564 19050 12619 14651 15496 13926 2720 13864 12810 4608 8623 16688 1517 19394 16988 7818 470 8352 16628 4341
19137 12424 18362 7904 14017 4962 3755 12185 5850 1880 17769 10053 6697 7274 13491 17470 14509 444 14385 8270 4737 7054 8163 3681 3934 14115
8943 14478 18979 9080 17276 16162 12935 13067 10690 7030 13274 5809 10592 10864 18543 2332 5969 17719 19135 13730 12994 19023 13474 9008 3179 8908
16029 14900 15093 10762 18735 12093 7657 9781 2753 195 4710 3379 14763 11227 11195 11930 800 10152 7240 9730 17160 16943 14874 13272 17862 11105
4468 12553 4022 7246 248 10457 168 9476 17408 3964 10061 12113 5815 19707 4361 19836 13333 5084 4409 15027 1716 9607 10547 13558 4991 4283
2167 10804 16769 15006 2453 6577 13263 11095 13806 3728 1673 4767 15494 18327 2673 10603 1593 11115 4514 5273 8015 18107 16716 4286 6843 2058
19584 6064 16317 14733 11490 5641 18236 5145 1434 4723 12084 15355 6102 3966 2485 10822 12142 18306 2558 18243 13047 18525 11405 16376 18822 8186
16446 8738 16807 4573 13558 1188 7849 4924 8702 12237 7473 18555 7440 12350 13260 11124 11167 9282 953 17894 5727 17985 2542 10857 9842 15060
13224 18586 7345 14983 17054 3260 18144 8845 7746 1535 19842 2192 15313 3267 10082 9152 7686 3910 11654 10942 17392 13704 446 17993 10626 11977
975 5233 1321 18778 1179 9905 2541 19525 19135 12504 2759 13408 1460 19319 19168 2563 8941 17124 1852 18961 5559 12792 6436 8940 3300 19804
291 12706 5131 14450 8466 15478 1772 6204 8625 15092 12856 17182 17176 3478 11130 4747 13680 7720 17389 2251 17850 3082 11612 10209 4515 5203
12972 15976 18809 18808 8402 9473 18289 6786 7962 16293 14382 8502 6784 14903 10865 13606 4813 2823 7557 2847 14344 9430 443 9731 112 12571
9453 9675 3311 17933 8798 18158 14016 4183 17880 17944 3935 15042 556 6348 2585 503 8710 15128 2720 11942 13682 14192 5572 14169 8056 14652
7820 5923 15909 9810 17273 11551 16452 15202 1091 2291 883 19244 14623 7669 10785 3741 4427 12902 19477 995 19378 7186 8903 17293 18889 17417
610 6335 2806 2892 18565 4862 5503 16035 19074 16284 4008 13205 4589 11358 8665 1376 13759 11112 6188 4153 17319 5527 2729 9392 9466 15232
13777 4997 7625 9642 14193 4444 10855 14510 5416 5817 15305 14772 3213 10760 11145 1581 17877 9787 14558 6998 11335 8377 14652 14896 7830 18415
16650 17972 12883 18594 499 16493 355 6775 3658 3983 5712 9030 4774 13257 5418 13572 7051 6557 4756 3141 7104 5887 15250 6046 162 9578
7629 8978 15744 6540 3133 18907 10874 3591 4929 4233 8474 4346 7723 13001 12201 7166 19149 9171 13004 1500 10081 3237 4665 3248 1109 15065
8234 6726 5472 11829 12305 11477 14219 17969 7203 9070 13540 15475 17801 1221 13618 19520 5065 11239 4616 5430 1312 8739 8807 15394 8472 15862
3452 9856 15962 6440 17311 16045 15619 16556 9158 13086 5051 5302 12555 4726 693 5096 2285 18315 19831 18771 11575 6307 13859 3998 19296 10607
17860 8022 3147 2171 796 10279 19191 6219 6682 9543 3961 4507 13074 2808 5369 408 9486 12202 14212 594 9590 1621 16116 4728 12688 16033
5027 18585 6264 2863 19552 11540 8251 162 14785 19765 14043 894 1775 6016 10097 11424 11104 3919 18602 12983 14910 948 7250 18616 16522 18056
18810 11094 6870 16719 14534 17716 14438 9739 11981 9013 10840 19053 13533 19775 17407 1880 2563 14723 11048 19035 5405 415 5297 13552 881 1678
141 8530 2271 1678 2688 7316 2822 8407 3516 2270 12251 16190 11499 18396 11550 4269 12864 1995 9575 8306 19879 15074 282 11651 13516 9795
7023 2947 2125 19643 11944 13595 5196 19545 4267 13187 16953 16543 449 17817 19508 7435 7991 574 18156 2449 12092 85 18346 1547 3420 13722
11794 14682 550 13212 15938 9210 458 16693 7379 7758 2113 5034 19237 19417 18761 17695 17129 14603 15020 3351 7424 15273 19725 9108 14091 719
14642 12548 4116 7665 15734 12878 11466 3210 13891 5190 13940 7194 15772 19088 13008 10876 973 8282 10656 145 8926 100 6859 15153 17023 10982
5991 6963 825 8675 14477 1190 5150 1525 6051 9484 5200 2011 2042 12188 18133 17828 1223 1961 10006 1607 13641 7556 1418 17705 17662 14676
7639 11884 10974 15526 17269 13992 7314 15167 5218 11501 4367 13793 12279 15838 16165 5441 17548 9646 5768 9270 12581 7829 18754 10008 6178 3547
13956 13782 7008 18849 17097 17339 4373 5618 9907 805 19794 19527 10660 19170 2477 12241 16460 16250 12355 9939 2289 16881 5983 14722 5525 14785
5986 18107 8253 15674 12008 2574 4159 650 14846 6174 80 16465 11301 10895 2325 5958 16175 2156 15286 17443 58 8592 8291 12425 9535 11193
14547 13008 10059 19245 14286 7724 19433 14820 866 9702 15531 12753 1109 7681 11683 7588 9788 1650 990 656 7336 6815 16558 10804 216 1085
1397 13294 5393 3258 392 7339 17623 4690 5783 19861 18155 19888 508 1309 3405 17266 8854 18075 9829 7610 18788 5401 8586 14090 8895 1047
14917 15059 19804 14342 18400 6282 5988 5782 13353 12198 11154 9303 19399 18994 12229 13512 16225 3794 11343 7715 15850 9280 8406 14583 17140 7521
66 9594 15653 2541 19607 13765 6683 530 4250 3905 104 11649 4777 15037 11143 17447 10779 18589 14985 18532 7924 14453 1264 13329 6562 16524
5228 12054 299 925 1152 1414 19151 2741 8854 9329 14121 18926 2368 15393 11778 783 15755 18171 14427 11970 6271 5928 10399 5067 6743 11443
11918 12051 9504 7673 16473 5980 6424 10267 14689 1438 18702 7206 9834 770 3949 8440 10938 4786 3429 2974 2994 7141 1352 11653 16749 1113
14574 2500 1168 19222 5563 16000 16450 12869 3520 13374 9337 16288 18667 12891 9767 2086 8258 7165 19157 5146 7443 14447 10052 10826 13789 19421
8993 17792 108 380 14958 18615 6190 14825 15951 9976 18379 10456 9882 16793 12576 6733 14634 6121 2033 1299 10016 7601 8489 7844 14454 19237
1057 14120 2750 10733 14554 15226 10299 14391 15309 11778 13044 17162 16811 5088 14778 19931 3377 1355 14031 13173 17844 11882 2638 13404 4966 15532
16492 9052 9207 1120 836 16521 19851 5021 19035 4156 8742 576 4044 14392 17540 13204 10514 7617 8310 14127 578 16849 5929 13560 5347 4767
11813 3501 5825 11433 18563 9216 13389 6522 17471 11034 8320 1412 11582 538 17613 1868 2711 2002 11324 17054 404 17648 14437 4549 1900 8006
10308 13682 11081 11788 734 5488 8521 4871 1247 14706 12123 8037 16678 9657 10198 7696 9103 13755 13899 5413 17786 14991 9546 8052 6829 7504
4029 9050 19998 14518 18068 3443 2597 14244 21 17609 14617 1927 8024 10858 9041 4369 5489 3039 2686 1207 17992 18739 10942 13048 6207 15083
19304 12007 13950 14012 19422 7818 6050 15318 15083 18284 9029 19411 9450 18956 15857 15850 10048 16047 7892 10149 7295 4843 12933 596 11823 16508
8204 19090 11854 8747 14577 15971 13295 15578 12296 12747 7035 12596 17704 18490 17916 7137 12805 19789 10936 10497 11119 14698 12351 16139 5767 3132
4254 14249 4434 18418 10470 4575 4630 12842 18180 19714 15581 13920 4246 14152 5928 19138 16375 14325 14397 7613 15187 17078 16528 7642 8908 18294
2761 16417 2842 19011 19332 18993 6584 8685 12962 19218 15022 6826 18327 10323 11333 2531 213 6070 8324 6740 10630 8815 5390 18514 9108 15886
16339 4599 12917 16839 3297 1319 2450 8454 5957 5980 7045 10029 10007 3070 11846 11649 17478 10531 10846 17062 5655 18247 6869 16179 3121 8485
10125 8743 11823 11479 1780 5721 19546 17715 9482 8160 801 8348 17922 19776 7194 1397 15753 1168 17096 11445 2109 828 15278 15192 3180 6975
1904 10005 11351 586 6635 12485 9665 12941 5354 13978 12042 10454 15103 17592 11693 7838 5556 1669 13117 15819 11655 5529 15705 9953 3996 8704
8867 4416 10176 11954 12107 7337 18195 5417 5080 1726 2553 15108 12319 12867 19210 19330 1593 17734 8267 7626 743 11599 14638 15833 14962 1270
4143 15203 7415 4382 19728 1983 15437 4207 9912 1032 1669 3636 18887 11707 5170 1926 1478 10849 2662 18197 12105 10231 17964 1234 7488 17924
19990 3277 6753 17084 16599 7997 9491 9664 18689 5618 3984 6736 6311 3041 8448 2148 14418 9643 13175 6495 5795 18391 2042 16049 15559 3055
6796 6068 3545 9225 17044 3602 4501 2976 15152 5571 5409 6947 4958 1750 3216 17150 19221 6460 17226 19782 5466 17303 13671 17432 4314 1024
13164 13213 4823 9004 8841 13790 7033 9088 4382 4655 8824 17843 2153 12458 10071 3511 3263 9753 1396 19193 8373 18307 12434 3285 13019 10958
11085 16918 2620 17596 2401 19812 1532 14375 2212 11708 12250 834 139 15992 18554 16320 18295 7591 12816 14938 19002 10500 6115 2285 5218 6620
19565 3751 4950 5100 18196 9912 15544 1904 12138 5501 16010 12915 7184 7376 15994 12789 3567 3384 16376 10796 2355 6942 6194 5487 8431 19577
14081 2674 15330 11857 8237 12365 12781 12725 15106 1210 12195 7557 2600 15361 5903 16900 9538 10506 8550 8967 14400 12370 8639 5832 6220 8081
7427 8819 8663 18567 4277 14625 7583 11456 19090 2366 8066 14549 1202 16912 17201 7068 1142 4184 12808 8652 14282 7345 19702 12543 3191 11968
9286 17137 15983 586 19600 6229 18974 3445 15146 10575 15546 6090 294 2990 6000 13163 8341 13989 12362 14648 542 15717 2696 8575 11021 4992
597 16682 2764 546 13768 17724 3059 14125 14743 19041 13446 1172 3305 2958 5666 3797 8164 15049 18999 16514 16277 1252 9032 16888 7048 854
12291 201 7927 12446 9810 19929 17519 19422 14561 1757 4134 1865 4637 183 15472 18457 3728 18240 18296 2004 8784 5040 10594 8160 8149 9527
3784 215 503 18579 14148 13251 5834 11213 15178 11835 17173 10890 10391 697 13953 18961 3570 1157 4178 4800 16216 15857 16474 9238 10688 10589
137 5765 13961 18955 8875 13752 10739 13351 19874 12342 2509 7803 11636 19346 13133 6679 6479 10590 2227 18593 12657 13205 19743 12801 13274 6753
14463 1412 8744 18583 5972 14556 9169 9749 641 3456 17050 6218 4916 19613 14041 2984 19223 17154 12574 6032 6624 12092 13929 8303 5251 8077
14561 16785 9056 7996 1258 9669 7787 7517 5069 15424 16430 17027 8694 9088 624 14522 1057 3140 4381 18734 26 416 10992 9283 10095 18863
8275 15327 3089 5927 7720 14630 14359 17137 14119 15359 1412 3041 13983 2620 6576 6404 17087 10508 647 17869 17353 3996 5455 18893 7968 4955
11814 14402 14341 12281 9144 10465 9360 1914 673 17772 7202 7430 8432 11840 15903 338 17125 4119 8531 9562 10706 2551 10151 16060 1021 18873
11869 11320 4389 19677 108 1887 19341 11992 6252 15137 12008 19684 7733 5427 3717 9045 16308 7236 360 18937 12526 17496 18364 10372 10717 11116
8039 4357 10087 9265 13031 4210 6430 6992 1638 11665 10264 11088 19075 9284 8931 844 14995 14481 19511 13206 11740 4341 12104 6108 17593 4918
18661 16381 16519 19213 15444 8270 12576 8158 2893 6047 2834 7942 19197 10626 18385 12150 17781 17647 8203 16402 4737 18731 10508 10654 19836 3741
13828 13325 5516 5267 2046 1880 8 10929 17435 11702 1613 4909 17933 18929 10800 16296 5649 14113 8600 11383 3021 2329 8036 1144 7684 18359
10140 17908 12710 7623 6786 13937 9868 17282 6411 289 12298 10803 2878 6946 14523 4356 3810 11625 18505 2116 11589 1378 6621 11001 7798 6382
5675 5666 721 1456 16430 1967 11869 91 6783 12436 10957 6263 1998 18470 19005 8657 5186 2235 15332 1502 4150 16098 8836 1106 7209 2518
19576 11279 3176 15875 15623 16290 4773 12032 4187 5785 5188 694 18368 11750 5748 11103 7717 1618 3274 1351 8517 16045 10993 8982 2432 13445
5889 1140 568 9051 17287 13079 11146 14886 101 7842 14722 7456 8971 18806 13657 12614 3457 6492 3610 8160 223 5352 16802 17935 17643 8767
6435 9505 9406 14795 15222 7827 15114 8032 3771 3792 11293 18362 19879 18803 3282 8277 4024 3582 15430 17587 10865 9618 7029 18669 12082 8628
5366 11731 5470 10407 13961 4740 18883 6000 15826 17045 6058 16730 16312 1626 9174 12039 13842 18801 1888 11135 16107 6699 11856 15720 9214 3895
635 14361 12690 1433 9329 7896 17536 12788 17823 16058 7406 6959 18160 18141 10547 5287 19154 9889 3662 4257 12836 1033 10287 13898 19406 16939
2984 19201 19473 9836 17566 644 12955 15077 2359 3507 18875 13292 4560 17107 12727 17035 19933 17818 10980 11180 8048 6635 5143 7091 153 18830
5516 4015 18841 10568 15831 2170 11175 10240 16763 5742 13814 1485 7762 11889 10473 10562 15694 16594 10649 2641 19963 17511 11037 5057 5426 19613
3894 13044 17768 7134 5436 18680 17342 2813 19519 9374 1741 5530 292 11913 13520 19950 18217 1908 9195 8237 14649 15268 10806 18589 12124 8387
18721 18393 230 17536 7633 16791 9281 9993 12099 2944 9493 3869 14595 8677 13946 18729 15000 13139 17387 8163 11216 4203 5275 12855 8617 12534
7618 9261 2045 18252 5949 17506 1874 16765 10717 9949 12606 5662 11498 11649 17426 13630 823 8858 12812 494 5829 1243 6315 16853 4590 1808
14875 16386 5017 10664 14060 16832 19378 10868 2737 5202 16598 4512 7394 19344 19095 5579 10409 19993 18524 7758 8822 66 8581 1940 14305 15926
11415 15017 10232 7317 5840 17943 259 3418 7244 15342 8402 1904 8308 14387 10409 4162 1911 2731 12575 6667 17130 15168 18451 9957 17442 2956
14467 2749 16194 17430 16736 19194 955 2953 11981 6139 625 3259 3772 3897 19288 12166 8282 5621 12089 11382 5347 11080 8025 2178 8227 14375
1614 8419 7250 12159 12486 14540 10701 17461 12944 2132 261 2253 16289 17664 4399 7674 11432 5291 2291 5423 13168 9405 18520 649 15232 17270
1278 14597 14323 12204 9410 16675 2021 13673 166 19166 9692 3209 13338 7843 9738 11025 17953 13301 15750 2068 5012 15556 14590 5330 16874 8092
3841 16080 13003 13870 7159 7243 11194 16206 1473 15013 1464 9268 1488 4758 11310 12782 4034 5915 19331 15358 10475 6703 6593 13037 18993 18758
15524 8147 14770 7818 16844 18217 6146 8230 466 4898 19402 17370 14126 17766 15038 8999 14617 4796 19792 5874 153 3354 12592 11789 17037 8383
13265 19277 4414 2660 7358 11494 4195 12561 15844 3287 14973 9490 1277 6029 10759 7023 12547 10432 16280 7524 4513 12554 15549 1724 5653 5201
3756 9640 18793 5664 15715 13922 6169 3745 17883 16117 8060 4274 1678 6386 17596 12274 11122 11267 19673 11135 11712 6052 2601 11705 2798 6074
13855 3692 11192 2929 1712 12813 8691 8250 5904 4539 18693 317 17100 6432 11785 3888 19602 18777 17716 14144 5489 6837 19782 4035 19234 1782
3181 13613 11842 5726 2118 5189 111 431 18064 6839 17150 18603 14334 5417 19051 4108 5235 14528 12502 3060 7432 13955 14128 7321 11416 11246
16829 17690 4233 14765 12611 10974 16204 4532 6756 17441 6853 2356 18711 6814 15403 1453 15698 9457 9689 1583 13537 5812 17943 7654 1740 392
14924 16650 5777 13758 7632 6673 13239 19060 5997 19943 5603 15648 7545 10477 13498 7624 2416 12365 7295 15073 3844 18768 4807 18355 6283 16951
3808 18275 18985 4472 9236 17781 19761 325 11303 11387 13772 5501 3263 6820 10800 15000 1975 4519 3568 5692 18058 8343 18697 13214 15557 9440
10517 14288 14294 953 6603 12130 15809 2855 11357 1713 18772 13780 19994 4204 16640 14795 4672 17814 17915 4136 3200 7568 19042 7224 6001 16046
16725 2393 13806 4748 10675 2762 12240 18329 1396 13931 1637 16326 13123 19502 335 3949 4651 17356 1022 17 9370 18401 7989 15193 11771 10141
3009 7595 15 2647 17399 16097 395 4130 8578 15624 1329 7735 15179 4648 12507 18212 15990 19039 15017 14479 4300 15171 9965 16755 65 6284
3799 12803 6608 11760 3710 7297 9994 12419 13270 13908 12291 10064 1325 13418 4467 14288 16822 17454 3824 19923 11819 8040 1108 19677 15269 17735
10746 13991 4707 12380 13734 12971 17049 13886 9260 15424 15502 11590 12728 1539 19164 17064 13300 8665 8816 12600 12307 12057 3534 5256 1455 7185
7305 10005 10372 8977 14545 10228 9044 16348 8948 11688 9659 1980 4685 6648 6096 19480 17451 10669 18940 7771 18231 7966 9803 19789 4424 13496
16274 4021 1239 19859 12961 2760 19232 10628 1689 7488 166 8112 4088 8649 10100 1454 7440 14877 11644 19192 3102 13957 15935 5884 11247 8128
17828 126 4377 1090 10682 19412 9261 7753 15740 1621 1609 3335 19756 19898 10275 7042 8678 2274 14309 11268 11412 13532 10679 3217 3128 3112
7045 19556 11652 9452 19120 10244 14664 6592 13907 10769 12064 6330 10754 3323 4707 10760 14143 16733 13644 1223 5402 15379 19541 8739 13020 3266
10539 10580 8963 2530 16738 10021 15071 6088 15542 18468 3660 6285 1698 15993 11558 8048 876 7705 2873 3418 12384 7988 12083 13334 4919 7115
8258 374 7437 7053 10778 14415 5589 18557 2173 3112 917 6970 15353 19097 3088 18275 18228 7430 2755 19201 9337 3901 18942 12942 6594 5593
13442 18182 7346 15817 15905 4914 10865 14731 8893 7193 7304 18484 1210 1006 11847 6015 17104 16338 9272 3259 17879 18863 4437 11589 18575 6739
529 11407 18985 14849 7528 11955 14016 4583 1181 19891 4986 9402 341 13403 940 16706 5691 11365 5887 1787 4341 13948 3541 1930 17405 18632
13636 3300 7116 14245 9215 15728 7591 12707 602 8172 4692 12309 8239 4995 12070 16418 10540 14702 1965 8097 11041 14319 4328 19616 4731 8022
5136 377 5117 8238 13271 7477 18755 7624 7663 2560 2258 18110 9743 18302 1755 5799 6021 4782 16742 14962 3495 17982 9508 7781 12895 17763
5488 1872 11868 4697 6216 18081 13717 326 13199 4913 18930 9897 7998 19345 4356 11302 9770 2063 15769 9423 1202 19469 7806 321 14063 10218
17542 1320 12115 17398 13023 15457 8083 782 7385 12042 6890 4401 15541 2529 8188 12182 9077 4929 1287 17760 15168 1323 10659 2684 10995 9814
7600 12214 13064 1481 18313 11474 10240 19606 16545 15410 9857 18635 17873 5850 7717 11649 13078 4502 18565 13044 15803 16337 19912 4450 16685 14268
17466 11096 15940 5897 148 5032 4356 13468 14934 4216 8595 11398 17497 4818 15928 12296 13769 3830 4400 12643 5421 19107 19104 8285 604 8203
16413 5522 14549 1930 5243 2292 7640 18783 10629 12574 7788 299 10314 18272 2214 11709 19204 18096 6132 3330 14114 6531 11851 19772 16269 18380
15050 5580 7437 15639 7255 873 16035 12704 9515 950 15115 16964 2817 13243 17644 28 2102 5398 2950 16461 18749 11020 19797 1016 2222 19056
12341 10688 3590 13912 7870 5290 11507 8587 14324 9819 5436 9866 4745 10345 5872 6598 18726 19873 7974 11831 19602 11762 15417 2935 15841 11574
6046 4974 15135 10253 7621 14215 2172 12015 18802 11478 12190 16739 18516 1678 17132 1888 15813 19603 2631 15742 7669 19054 9262 17878 9361 5084
9303 8014 10432 11002 7828 10314 14880 19288 4515 2201 3128 17651 14634 19520 27 380 5379 8720 592 17116 7677 19501 14164 15686 16471 15224
12535 17089 2672 6278 15784 4125 5269 14072 1811 13896 15479 3078 19377 1689 3582 18464 1564 12100 5520 2634 13486 19259 7354 1971 10045 5044
7665 6406 18475 12161 19142 14942 17605 1384 8534 2919 6706 9864 12086 18805 16239 13425 4220 16859 1264 10120 2535 15605 18951 17879 2582 214
19507 17262 6089 5533 13311 2681 5340 8052 10993 19795 8296 7096 17722 1631 17252 3122 3978 12791 18413 2639 12238 4973 10464 5675 2253 16458
7649 11544 2266 8566 9710 4320 17962 2414 16827 5155 17476 7884 10767 1865 10921 10992 268 4084 14803 1388 1146 2483 8817 17755 18392 6136
9281 10795 5473 11303 7610 2410 841 10200 8457 14780 13078 14555 9587 5696 10331 6100 14788 13397 13261 12432 10629 10085 3003 2547 956 18122
206 782 8412 6091 19205 8137 6335 10979 1668 18430 5773 2635 14751 7961 10827 11315 10644 5380 18253 15245 14691 12725 5413 7302 19936 15680
2698 1748 331 13869 10670 19194 3225 2137 16963 11801 1098 17706 3574 6217 3427 9466 1432 1065 5098 3325 3395 8070 5047 14368 6702 980
176 15027 3383 15515 15821 13431 5481 14012 14862 3954 9741 16109 3411 6676 4166 1685 7852 19514 11741 724 9149 2460 6474 1211 1663 15631
12565 17652 592 13830 1830 13691 949 13852 18789 11759 9416 1354 9231 2952 10086 1628 16674 18860 17548 9467 16918 1281 11482 5832 1916 7504
5973 18336 1791 10748 14560 17806 3068 2220 17915 12548 10803 14764 9958 8884 3355 12331 9813 3102 1239 6354 17396 17761 3059 12732 12258 17866
703 14478 7557 7363 11002 54 13005 16580 11673 2011 813 18294 13362 19016 14600 2411 9291 12642 11213 11077 16895 14589 3565 13059 4445 7982
10024 9411 11723 4694 3749 18019 18100 5307 16436 17839 8653 3176 12876 17848 4921 16558 8297 16487 17663 11233 17269 9745 14405 14563 7795 5344
14921 6385 6432 15911 16484 12587 14646 10122 5829 385 9267 5698 2625 19452 4806 3977 5528 6976 15664 13100 12375 17614 4755 14369 17300 15532
4799 19404 9374 9210 13213 7874 11649 19041 15936 16997 9789 6751 13268 13537 5090 12223 15121 8317 17402 11245 18271 11395 4016 11215 13472 968
9732 12188 19880 8829 4141 207 13864 13197 609 7560 7711 5115 12956 5443 6516 15891 1987 16985 8480 6109 8169 7224 7622 15450 4048 16473
5667 10738 451 8858 17171 1419 6842 4727 17415 16936 3493 4461 17333 694 9730 4035 8281 14817 3566 17690 12948 3813 8291 8372 2775 8564
2781 14883 3323 4866 12959 14505 7020 11182 5268 11380 7867 5469 16348 15893 1589 12500 9454 164 10823 3911 18358 5134 6127 2419 8246 7504
12060 13798 8172 16102 961 13190 14053 9072 8685 15653 11711 5967 11541 444 15671 11739 19599 7890 2242 1807 4394 8550 8376 12168 9678 7096
16134 19502 13123 18172 886 7149 8132 14279 9552 1966 19578 10801 12339 11458 4962 14549 12557 12593 6848 9576 7177 9846 16283 16378 14735 16498
3565 13214 17434 2951 6836 2933 17409 3423 15762 9686 4721 17787 9102 10400 10500 8070 985 18822 1482 704 13112 15013 12277 13620 10875 6553
16889 13670 16810 14158 5843 10722 14614 15609 1612 5316 3795 13589 16016 3803 2968 11194 6183 2714 19484 10888 12727 759 19441 15060 4239 358
13270 12819 4356 10998 14080 11152 15104 5549 8677 12902 11664 16092 9197 1142 8137 1947 5619 12344 9166 9086 18006 10527 1514 5927 8557 13315
14809 11968 1608 3281 13282 16412 18886 1417 7019 13063 7296 15331 705 2883 19101 8294 9515 15181 5526 11234 1809 10981 13868 2795 4357 7377
10241 3945 10067 7219 17853 7750 1459 19456 8278 505 18000 9363 14472 10670 19767 6708 6521 16599 8318 3009 10591 10518 15211 999 19557 15948
8482 2889 14565 18973 19250 12795 9351 8776 4354 11283 12500 1892 8423 5605 16905 8704 11462 1342 1248 1889 15248 12216 8354 18251 7920 17630
9264 10644 19516 18680 8220 6868 7804 7006 149 3853 1895 2500 15121 10670 10274 15185 3328 8788 1777 4171 3792 6841 18674 16316 18977 10387
13928 18819 17165 5143 15486 12359 19627 14561 5561 15390 10995 2311 17510 14874 10488 14679 19803 6827 2140 16741 4149 6186 18092 6227 3193 12023
11942 7331 16854 18320 8149 12139 3047 7877 4448 6898 5786 1573 9484 14973 606 6721 13121 302 7505 14920 4100 10626 1322 1166 14542 16196
447 18505 11577 18970 7808 11268 14475 9538 11801 9037 451 6451 18268 5166 6857 16022 9858 12372 13726 15585 6917 8642 11956 3942 17321 1509
8257 16864 6542 3269 9994 16289 14174 5676 11869 3002 16723 14887 13709 9940 6414 1694 18897 6076 7875 4706 1473 5713 9377 18231 13917 17296
9453 9497 12937 3575 6194 18303 10132 14150 18475 19687 143 19947 3062 15945 3690 2533 15970 5896 12365 514 16795 7050 15273 19507 1821 10293
13381 19066 10855 9340 10008 4670 9994 9142 12997 1358 3025 18933 6460 16592 13951 1694 18306 1313 10484 13933 16217 11675 13149 8229 12125 8166
274 18227 16145 9248 991 2547 14904 12557 4051 15909 6412 1390 14247 3966 12241 5798 19505 9445 9491 16801 18949 18723 8180 12009 17662 12746
14180 17252 9790 19672 695 15320 11525 19218 812 6461 7612 14577 8192 11787 16285 17 2380 17454 11382 11109 15309 14312 2429 3406 4156 7851
12041 18629 15499 2496 7129 2511 1109 2508 14817 4051 3301 2411 6483 1990 7698 4705 16335 3867 7183 5046 11047 3700 3787 18604 7844 14521
17275 15299 1851 15411 2957 3442 4134 5406 10190 11707 1038 18729 17063 13532 294 10183 6993 709 4288 16223 3002 13698 2141 17306 14833 11908
19345 8343 11432 10284 2695 15819 10722 18445 3940 5178 16202 15534 2057 12409 8169 16099 7147 16132 19312 7590 11560 6963 19038 1927 8728 13369
13707 8276 3431 6719 9246 4958 6227 17034 18901 18171 17824 8122 1631 16608 19754 4488 7480 929 9453 3595 5174 237 11773 14423 1627 6639
4513 15321 18355 11937 1818 2951 15823 8489 2767 9092 13547 18401 7446 9644 17338 6987 5263 2967 14000 10126 15746 814 778 18127 1051 11797
18488 5277 10946 14020 1986 6313 9033 759 6714 13294 11165 12739 12938 15639 9242 12925 714 7893 5911 8254 5533 5926 14773 7510 239 16502
18947 17966 11112 7320 10734 13503 9943 7292 8091 10318 15380 12746 10757 15431 13324 18550 18453 7910 474 5662 12976 16208 9561 10852 14277 13625
17642 2799 13844 18056 13291 8607 1381 16857 13574 2331 16960 9115 4349 12319 5678 16600 11924 7185 2549 5617 7679 13888 19588 6723 7801 12545
1104 10847 15969 12094 8727 17382 6016 14459 12277 10650 4468 4907 9465 2561 19261 4928 9150 13602 8234 6151 119 3108 6968 2995 2079 19101
16683 14596 7847 2288 6292 10267 18068 5901 13048 12091 1154 10291 1967 15284 6938 7364 16356 18351 18741 12928 18655 347 4243 11637 13997 12400
16620 16992 19227 2805 1832 6154 15543 12808 8331 6210 11876 12879 17218 9320 11568 1602 1129 6527 6978 15742 9648 16562 8877 18361 1195 3518
7512 1531 18280 2184 11560 5261 12657 4370 9744 9605 10000 19984 2561 6039 11230 16204 7014 4309 17486 16314 12826 1142 16339 3950 15486 13836
14386 976 12819 9895 1669 15566 11443 15907 13564 19841 958 115 934 17372 5274 10496 18503 1098 13487 2470 18366 41 18750 3396 17018 8086
15385 1070 7008 19111 11074 9891 9910 14579 6596 12756 17047 6599 17416 17784 19371 6442 16669 1169 3708 11073 9742 4588 8985 8806 647 17305
16658 7731 10706 4723 17207 12805 15490 12247 7995 17212 7143 13834 5036 16302 15132 1529 7185 1788 314 611 6275 1727 18977 15486 2449 13516
10556 14853 6410 4218 8012 6007 16758 14016 587 17809 418 17296 9064 19518 16815 7787 16599 3806 2024 15753 3216 7586 14006 8284 6830 17297
11225 5277 3706 19717 7741 14318 8757 16 18440 12947 1968 355 13448 5595 11670 5891 14612 15303 10294 12400 6057 7328 16613 5794 16846 13996
14418 3488 12570 16181 11173 13333 2720 17930 17363 10390 11207 13752 10797 13835 18779 12132 9561 5792 17600 8838 2929 16906 9340 4558 2777 10896
4007 16907 17639 8735 2697 13133 9448 11986 16997 16703 11267 16629 8630 1359 8928 5617 13617 3493 11735 17921 5341 19441 9672 9928 10167 17514
5718 14510 9995 10857 6235 16371 6913 11691 10159 2307 14157 11803 5899 4752 4239 10358 11550 12239 18829 4698 1524 7875 1965 12244 5412 12996
7941 5494 17976 14300 5613 3018 4901 17711 18636 19008 10766 19443 4585 19407 16146 14739 6530 18735 11151 4853 5883 5671 5415 7292 11989 2429
18197 13207 3191 6118 1757 1554 17451 9751 13563 14168 9676 9516 7007 19242 14964 12573 12144 5596 16864 13009 9522 1609 1738 8661 17223 9950
10246 19645 18045 5446 16998 1744 9281 19679 17841 13767 18559 3540 12522 9297 10867 9973 1931 3196 6565 6754 8929 9824 7988 7929 7986 9189
5124 4643 7812 10086 9943 5904 15196 9918 3703 1275 6825 12681 7506 10671 6333 2089 7124 10924 9968 14367 16066 18887 10069 16979 3857 9841
8477 6191 15341 3484 778 19216 19434 13265 8143 17438 15413 7435 4365 15865 6172 17326 6177 17710 9669 7465 2018 12186 14915 19695 18180 8475
19961 14396 7965 6302 3821 14834 14934 14202 17826 10524 15281 16644 6847 10427 7780 8732 18451 15192 18398 13130 15093 19010 19404 15858 5175 2990
7132 17666 9866 2766 4020 13931 10828 15829 2605 1730 18761 366 17267 9835 11972 2523 7225 12749 13593 9190 15812 8939 14275 198 13847 16310
12875 2414 12134 1787 5264 1065 19586 1883 16422 1050 13344 10430 13726 15186 13633 13073 18609 11772 10625 15090 1475 18020 18744 1803 442 2933
10248 1717 16156 9769 8163 9475 16482 18116 17368 16715 19165 16599 2208 14546 3093 6864 14193 12215 6774 15165 6172 9912 8266 2490 16457 2370
11810 7185 8078 8796 4588 18964 7239 15907 17586 1574 15337 11104 39 8825 13155 9928 12822 4009 9947 16714 17911 8866 8487 5837 19501 8368
1313 14227 4947 9463 12438 4288 12916 7454 16820 2333 535 14797 19518 2538 3233 7453 9550 8120 12482 12813 10554 13813 5123 5464 7032 12564
13943 1351 10533 19182 17694 711 17286 9321 4591 16442 4307 2904 2824 4961 6854 12877 11894 5086 2035 10862 5509 10692 7127 19749 10778 12301
11936 18823 6848 12995 13013 1006 994 1998 18326 4873 16666 9659 13326 2319 5312 18875 10258 6193 1091 13782 10656 13633 5377 14243 17243 2521
1445 3320 5827 15905 1852 12577 2372 13154 12314 19633 10040 8140 16597 10224 11747 725 14094 13123 18332 14912 5145 1961 1310 11931 9623 3426
17907 19101 15157 2371 19173 2191 17213 2515 11617 7281 11599 13577 9413 5278 10826 13090 5026 6664 547 5385 7575 11716 14536 11442 7901 11312
18446 19043 3022 2321 17363 8071 2358 3275 11244 3694 6618 4753 8137 16070 5978 10459 16329 9883 2950 10388 15534 5341 14894 16490 1638 2268
16772 13634 19418 4138 5940 15785 12441 1579 9839 123 1677 17510 18941 10608 19801 5913 9822 9393 8031 3618 10657 3968 18041 18223 10582 13301
9737 3756 17467 15896 13953 18899 19615 5849 1297 8782 27 2350 16848 19018 13934 11451 12723 16665 16201 8344 3873 16754 10443 17632 654 6739
7318 11127 6317 6208 14893 9288 9215 3573 2771 2066 10939 3246 3999 7037 19142 13928 6416 15766 1601 6460 5378 16756 5105 371 1258 6883
17860 7937 18500 6674 9328 14243 18678 18412 2429 522 18823 7949 12926 9404 18923 13480 3860 12134 10456 7650 6365 5840 18620 11840 14158 7117
15967 12055 17645 13895 8158 11602 17922 14318 2127 18154 12402 7392 11711 16904 12460 16734 15130 5172 4024 17977 13051 14647 708 102 14920 18863
14076 7984 10699 15974 17083 17130 5718 17709 4781 11288 94 5939 14729 257 7111 9081 19928 8414 7110 14057 5478 14163 5116 15948 8419 14025
13365 5959 16628 4762 9234 19715 8040 5369 6127 5892 14320 7168 17737 18328 2537 17833 10363 16682 6820 5842 14985 17353 12940 1796 11722 16155
14836 2634 9443 10663 17191 4405 14394 4997 3791 9341 12259 11478 2966 11666 2814 11641 18890 7656 14923 11046 15741 12881 6128 6271 16843 16149
12238 10612 14122 585 820 3138 7083 5872 747 16684 15186 10774 14013 8436 18830 5125 9356 13138 7517 19995 12265 1659 13494 2323 12839 19011
943 10734 11558 8796 10953 19153 11084 527 5519 19157 708 17796 19817 11600 16826 7238 5388 12862 3168 8548 17142 5924 18731 14272 14115 9152
8604 2529 12816 3317 3512 7114 172 3633 12255 14128 5806 19680 14400 16599 9841 3123 5728 13523 19317 17650 10351 19344 15373 546 19426 2958
3193 2994 3015 15742 13317 14211 19647 19267 6124 14958 6372 6020 15461 13448 4455 7072 6566 8853 760 2076 4530 6488 18193 1612 3657 19815
7708 16203 13578 14976 2000 1106 15788 4730 2501 14033 9303 19315 3766 4128 5946 4547 18499 5953 17215 5086 3423 1080 14802 6486 12012 16032
11944 7047 3581 4081 19219 10149 12847 4781 18871 15880 17873 14648 18841 5216 5804 16146 3563 679 16244 10151 16601 1794 9114 15201 3102 5309
2395 5151 4418 8988 2722 19665 16025 15538 5430 14180 11852 19118 9490 15924 18824 18285 1514 12844 12133 115 17376 6705 14297 12788 19189 12050
12885 18773 15162 4821 16610 4631 3437 11526 16934 403 9059 4186 14989 3637 14687 2773 15938 15220 10962 2398 2401 1153 10462 14143 2665 9238
10138 15628 4212 7275 11318 8838 6203 16400 9390 3347 12157 9836 15318 15283 34 13418 13077 14343 1195 6720 8497 1981 17082 11661 16640 1635
14308 13284 18812 18936 1397 6134 12301 8085 13026 2139 19946 6824 8036 13518 4980 16137 10664 15473 17059 13147 3295 13349 11965 15803 1960 14723
17125 2987 2704 15000 17428 632 18831 13254 1095 4243 15145 6461 1735 157 7391 4666 12624 16806 1861 10838 25 19032 3518 6845 107 651
1521 1575 10360 9659 213 11990 10959 14738 10770 15312 13823 2585 2201 9476 9661 9809 1529 5746 15431 12999 2154 9062 1095 6652 7576 2013
19612 13672 16446 12527 5687 10852 19202 13718 7804 15611 9597 5661 9682 1056 11607 9688 1019 10619 11953 17394 12125 14051 17406 15406 19012 11242
12603 19534 12706 16011 9045 1985 13370 17164 4076 11398 12057 2857 9920 490 6346 19364 3341 264 5380 16072 6448 13354 11539 15525 11746 8914
9574 17416 5807 3866 16733 19828 11564 18388 14011 11108 15664 19270 14266 15067 2304 11485 3661 13834 10777 2772 19834 4600 13958 807 17328 2640
4187 7013 15363 672 16597 13204 9653 16613 13062 579 6831 8804 10764 9488 601 10850 9486 6586 4333 4142 12199 15733 13358 5645 2854 4891
19006 16099 11268 2338 9688 19375 11204 4787 6156 11512 3887 5907 16144 7256 11318 8923 2602 8676 18790 10031 13526 6934 19028 8673 14350 16633
10297 10276 2933 13511 18599 18238 19268 19881 9911 7521 14251 2145 3836 2499 7958 12501 11384 17349 13465 16396 18494 10855 7983 10708 12460 14674
1685 16568 3281 15931 446 4184 4309 4098 5350 18563 11669 3505 7048 18995 18315 6586 18499 3317 6077 15194 5529 12284 18319 14160 2082 19580
13047 3733 796 294 1924 2982 12061 9790 10534 10511 11343 11279 1247 9502 17586 18305 8861 11624 16529 7328 2316 3934 2624 6248 7754 7410
10849 8395 8529 19436 12644 18687 18565 15216 19614 12609 7637 12387 17640 6873 9663 19311 17721 1970 6304 5108 1511 10825 5856 9804 15687 6460
1221 9070 18365 10120 567 4404 8765 16873 6426 5039 4635 5750 5942 3899 9242 12347 10647 12429 19041 10098 297 5478 3232 11149 13503 5620
11409 14702 6459 7170 13557 1016 3680 53 6937 9097 4412 9578 11583 3337 12864 9546 8577 3552 1638 17552 9095 11262 3710 1599 3146 8586
10248 337 4776 2907 6077 13497 10585 16736 11724 15193 13896 19511 11570 13784 2997 4914 15626 14243 8278 12342 18276 9586 16947 7056 19117 15717
16159 5078 19093 2155 16056 2478 3770 3426 12161 15871 11755 14624 9883 2078 5038 485 12477 247 7497 13812 11086 14612 18180 18363 6075 1385
7269 1647 18827 8679 4012 1346 13493 1503 7010 2268 15652 11196 6426 10687 15687 11582 11862 15503 6330 703 11404 12098 19712 15990 7098 714
19209 16650 7085 4505 13402 17712 17230 4974 3185 4935 3000 13575 17354 17052 13180 13748 15646 2440 5647 11102 15828 2905 13854 6050 3420 8707
1344 8023 12167 8779 16369 8342 17013 16581 10456 11715 9870 15555 9918 13497 15423 18658 526 4052 7149 18431 11229 1709 2911 8947 135 2834
11883 5363 16066 14754 5696 8619 10070 19949 1792 5686 2610 10782 14777 14253 16784 7474 16720 16144 18777 9977 15905 13204 11966 13051 5761 9950
5802 2727 17781 11896 14087 16063 11366 7328 11373 18537 18536 7724 127 1217 9377 18682 16116 9750 771 15036 13302 13665 19127 19569 18042 18431
17972 3440 506 6385 2570 14391 3749 514 15484 5739 1996 2264 14898 9226 14897 6620 8376 5123 2278 3972 5572 14565 5006 5885 11101 17203
3810 10758 15229 15618 16540 4488 12850 8632 7829 14386 3895 19832 14469 15280 9771 17556 4067 14715 1683 7289 16391 2065 7835 1486 6554 4604
8537 2136 3645 19043 11277 14720 102 1374 2302 5336 13926 11231 14954 2679 16996 2234 17645 11594 7858 5901 8457 14336 4234 19420 19387 13135
19539 18744 17815 8032 17743 8821 17846 19835 5293 187 3756 10286 19195 6434 6380 1711 4790 18060 11551 16407 19324 3137 1893 16951 10575 14124
15965 15822 365 18957 4327 2836 7226 5337 11055 16915 12079 15703 18760 17379 5101 14629 8813 375 12940 8735 17553 15592 10144 11618 11141 13397
15404 293 3225 5706 10155 3245 14520 17514 4758 16697 6645 11135 8264 10350 11419 1516 14856 4793 275 1036 2699 9126 415 10992 441 13351
16819 8950 17717 2838 13884 978 7374 16108 222 17420 4964 10431 6431 14682 1293 19394 4663 15977 100 6436 5807 17379 11896 17341 66 4474
7829 6419 6819 19897 8101 1549 969 4446 13854 17516 14785 14883 17293 17648 18798 11112 12276 8471 8780 11822 7924 4161 5115 13246 16483 2828
11480 2688 18417 15602 7459 4370 8879 5672 5412 13986 8659 16664 1826 12759 5603 10005 10745 14471 9168 17062 3090 18768 5264 3380 425 13701
17580 3930 8504 12383 3503 16601 8633 19735 15654 11320 15960 16274 6919 13558 5233 16603 1193 10994 6692 8025 3903 15766 9821 2983 13419 18131
17748 11705 6762 16301 9619 1196 4515 11804 11969 2084 11643 8967 1836 8033 3350 10537 3513 13138 399 489 5021 9278 11273 8864 3657 7653
12815 18472 8424 14014 13533 3674 15733 4570 6220 10932 11940 17768 7964 19351 9917 11863 14030 19403 1879 3292 17971 2929 4665 14513 5806 6371
18770 14874 698 10900 12765 9191 4150 19178 7136 8936 10649 16705 17259 18266 1759 8571 9759 9350 5541 13745 10279 190 7968 8631 13210 3444
13271 9836 6008 5679 17283 5874 4398 155 1305 12444 12150 3368 1150 616 12096 11648 9831 1112 12219 4449 12279 7633 13720 4429 13004 475
16002 4688 8331 3760 1108 4142 1625 8251 19596 12434 7669 2068 6159 15670 18851 18170 15833 5242 203 13956 12088 12273 17430 16149 4987 7875
18589 13486 11340 10944 6101 5095 5021 31 15482 7376 10736 47 17495 19767 11028 12668 18482 1834 5453 6484 14158 14531 15646 11746 1441 8950
2762 6784 6758 6073 8879 349 19253 1294 4041 15078 5221 11419 19520 6420 14460 5090 9895 4657 18738 10313 6375 10783 10231 772 1226 5269
5606 11110 6429 19178 19162 19721 18011 5710 1118 9742 5370 12158 11685 1205 10086 6596 13067 5445 11174 15723 4 17546 3887 5702 1833 6686
4430 2399 9690 10592 5426 2374 19835 6856 13182 2337 18533 12784 17871 7819 15128 14148 8284 5938 4327 8670 14321 2019 5006 4227 13895 13097
11904 17884 2543 6796 11745 12259 16956 15771 2807 11040 9135 16711 18968 9962 18851 18944 6797 13344 6602 1330 16542 12325 429 11532 14536 12421
14755 1000 15601 6907 4956 15092 5029 798 1602 6731 6619 4512 6787 16029 8405 1868 10430 8534 3072 6143 1865 12625 11451 19833 6518 1598
13630 2195 12881 15845 9883 10485 10571 3655 5918 5955 10360 19159 12616 6556 2720 16319 2240 11712 17037 10081 2024 12275 2086 6271 2764 12779
1015 5361 8575 2287 10207 7604 14807 2524 4944 15234 15357 9660 3069 1625 12545 7502 5603 15930 14930 11139 13595 18412 1909 14471 16655 6452
18974 15678 10406 6709 19837 4142 17411 688 13753 392 9774 4956 3209 2515 2258 6005 12368 15369 11072 11383 17279 9804 13310 6695 1193 14997
4538 3213 19308 10542 908 3289 12488 16493 5125 11409 17829 18161 16795 6302 3272 11798 13472 7383 16746 5869 3105 18962 14255 18870 3877 2775
12780 79 12793 7716 18128 15210 5791 9264 3467 1323 2915 9598 4932 15652 19066 4447 8304 2021 19871 1816 11784 7570 16181 18097 18239 17926
13580 4869 15343 9626 15580 7377 17772 4454 15973 8139 6768 14699 18746 14011 18913 11961 590 8324 4735 9699 14426 10336 8867 2343 14524 14097
8375 18414 18590 13562 6458 15595 11745 14398 14783 3006 14039 10075 7574 19191 14503 5576 11674 9112 17309 2097 6271 2428 10885 17888 905 7349
2415 14972 2761 9167 18724 19098 16630 17763 4142 9348 4379 17694 9619 16311 18642 10128 12334 19695 19031 560 1285 7003 4294 16474 9162 18635
12968 5238 16455 12017 7367 1945 14461 5103 8996 19433 17914 14957 14468 1534 17798 2699 9326 6541 11843 16447 183 19689 3233 16292 9504 16905
15659 7637 1311 18769 11063 5634 13510 11997 8629 13350 2241 11233 2584 4521 11998 17903 4435 15684 9382 11643 18414 5012 13199 11994 947 12407
1917 13865 2117 15272 18352 6863 3892 11032 5539 16391 10003 11856 14874 57 12773 18305 7304 7248 10633 19664 17748 8801 5888 242 19426 19089
3083 511 14868 6718 22 1920 16495 18828 538 8848 17413 5879 1358 1186 1041 16002 4360 17831 15222 7095 6189 1302 19643 10731 3124 7185
2962 13287 2196 10829 1104 5960 19222 18707 660 876 17970 13579 16039 15639 7473 8743 6457 8211 12548 8321 18634 6937 15620 3259 9724 9039
7192 19362 7334 3833 15607 15998 9382 11528 5061 15883 2916 7222 13633 13667 16381 11271 10460 11918 2857 13567 2815 15254 13660 5060 19345 247
10819 17736 5074 1468 14620 7257 17017 9685 15998 782 14643 3826 13322 12609 10907 15029 8140 18830 274 1270 9370 6222 17732 9897 9848 6102
18657 9935 13894 11510 2179 8018 10181 11791 5675 412 2109 6410 8238 5887 3461 11787 11837 17009 3577 14118 16186 17167 11597 9436 8229 13590
5363 4880 2539 6175 3901 10980 1615 19085 17622 1870 5798 10875 14585 5804 7807 5918 4705 1048 4823 327 1403 14297 13034 13049 18687 8324
7080 19765 18033 12438 11500 7845 17523 10658 11590 11009 2491 4021 17421 5129 14269 16981 4649 6434 15782 11541 1965 4239 10218 18113 8409 6681
1288 10042 19193 19105 19208 8056 9881 16210 13784 15568 11239 4827 5446 16267 1188 15743 4017 16259 13453 595 4134 11821 11332 13512 11079 19291
181 19875 17117 5443 978 4616 3869 18500 7896 13074 11696 2640 12378 9994 10218 8794 16276 1137 18479 11990 7711 8023 1219 19822 1995 14001
1786 6892 1093 1936 14315 6908 9998 6880 7461 16098 16548 1591 7907 2142 15090 8374 16814 12917 6604 5638 13395 8501 17405 12432 10368 19500
16925 1152 19966 8637 16855 9113 5168 15858 6192 2262 6134 15469 7195 1015 12162 18575 132 16525 6777 18569 8805 6252 11019 18282 3254 4204
17149 4373 13363 6595 18372 1098 7690 8296 4124 5764 6134 14424 13952 18275 15436 13681 5831 14133 6768 11140 6996 10261 9280 17552 16324 11553
13980 3396 4279 18943 5417 15557 19914 4048 10314 18699 16995 3905 15992 1576 13453 9388 8594 8379 16051 9364 11338 11084 15254 8670 3435 14979
11476 11005 8544 11513 2447 3637 4578 19485 14863 1005 8074 6801 18896 921 15405 8744 12860 6758 4940 12852 12556 8421 15834 734 6353 12303
9338 831 249 13776 6979 18421 14097 5980 4370 15682 8091 12935 11334 2850 6794 18766 9276 18935 5176 16908 10970 13318 10159 8322 5452 6106
14383 4912 11298 2381 15214 15237 5516 7120 6297 1565 3195 13813 2951 8060 19038 458 16662 8498 7058 11067 15526 18084 6867 14639 18505 9291
11765 16119 10312 2026 10228 15350 18796 12908 16870 13863 7886 6167 18525 10425 8934 8127 12266 2968 3775 5640 3454 9126 10314 10159 17221 403
5822 10686 3155 15747 4490 10363 17373 5033 17573 19318 6367 14532 4795 14779 8992 11681 1617 18076 1897 6323 18503 7638 98 17128 10586 281
6424 9518 5236 5006 729 2093 16917 3592 7082 7222 14358 12872 9706 14934 8701 9507 17719 6985 1113 15215 817 2525 14172 3193 18871 15960
8417 8692 3902 17971 12117 14189 18078 17519 6858 16878 18256 5793 9199 11354 8170 18237 17139 7705 7826 2644 17321 1886 18303 13885 7023 14345
4438 12751 3600 7125 6389 834 534 3578 8353 172 9104 14484 9447 8765 5551 18368 5190 5034 15612 661 16136 7571 10943 9794 17523 13825
4746 2478 14603 6945 11272 17138 10968 1247 5835 13864 15179 3834 17940 17300 11667 19837 8056 13095 9227 14981 17751 192 8331 157 3736 15251
9853 6489 503 15553 18909 14028 13921 18075 10861 4175 7504 10668 14878 9867 9220 7125 14804 6723 3904 13354 9956 19641 13718 3562 16851 6848
7292 7716 492 13908 19359 7926 18462 19323 17621 8098 17918 10025 14243 17526 3486 19620 9944 6438 18790 17855 10708 15280 9351 13740 164 1466
8503 10360 4002 3136 4925 9070 5630 4689 19438 3152 6426 5585 8351 18356 1736 9526 133 18772 18412 19973 4955 2363 2189 5746 10405 16626
15236 18998 509 1002 4191 15590 7932 5371 10305 19743 14684 6475 13982 11365 18789 18944 3202 6763 16810 7279 9971 4126 5246 17265 1077 17326
12976 10174 2401 8577 16279 19060 17807 10536 5317 3396 199 11263 13461 12549 14888 7462 12491 2268 6852 2276 6575 1506 19156 5780 2019 17179
15689 2855 1646 8056 17077 16224 16738 3941 8404 19284 7440 15708 11027 1987 18455 10144 2253 11634 4847 8735 7064 360 11023 957 18553 13557
7360 13330 15244 12269 5654 5401 16488 12634 17588 13341 15725 18956 2919 11539 15845 11286 15897 42 14940 17513 14779 15036 12726 19036 11245 3136
7020 12399 2888 472 16808 3351 2004 7999 1111 2099 7241 16205 5884 19034 7813 10319 1033 4634 8497 19638 6872 6138 10550 19754 8853 8906
8293 11338 17778 17877 13340 12619 7231 11818 17752 2381 7442 4389 12867 9454 17558 13566 9361 2421 16943 11724 11999 552 16441 14039 17117 15256
12692 4154 19641 14677 4492 866 6768 18365 3377 3451 8444 5526 15027 19025 10118 9320 16577 18462 11747 701 790 10885 11602 2197 16570 141
3660 2061 5982 13808 7295 15043 7399 17462 2838 13266 16550 8404 19579 13123 16652 16137 3242 2961 7258 16272 8844 17670 17503 1752 3265 16418
