365
33 79 93 75 89 10 54 50 94 3 12 98 49 32 66 36 37 38 72 36 92 36 43 38 11 87
10197 13740 19778 12141 9568 3801 11031 14618 1907 10634 7894 19790 16315 3331 18373 8420 10997 2997 16260 12 17725 19867 19252 1190 18122 8450
11232 18140 16287 578 16496 12152 12255 15146 641 13269 2410 13180 16033 7322 9940 1018 10121 3203 13799 507 14464 1141 361 953 7045 8588
8968 2754 13601 19936 11851 16053 5568 10437 19633 4765 16536 10877 16212 14011 6548 9895 3186 2295 9197 3578 16170 11143 11450 18736 14761 7395
5 8471 14792 10755 7073 11006 19448 10273 4286 6053 11746 19751 19873 7248 11015 3692 15095 7804 3999 8613 8061 8676 15140 4316 2974 12587
14094 12484 9854 9458 1115 16753 18562 6230 8186 8159 17711 8304 9938 19461 5259 18388 2065 2626 10812 3833 14790 16095 11891 17056 1634 10744
3124 7700 4300 8435 17779 18733 6433 16617 14924 14091 12502 3985 6367 4565 8863 3024 17929 8080 9395 15818 721 10070 14855 16220 5120 1951
4281 11709 14185 15775 9064 18897 3374 17142 9892 10167 1700 17105 4982 14777 19073 10700 3785 14885 19138 8800 15438 8592 4167 14808 8351 19045
484 4306 9576 4296 19392 17269 3905 12237 15825 18897 1813 2421 18671 15962 10275 6775 15539 16868 1189 8081 15638 9061 7255 4081 6640 6407
5202 158 18509 8749 7388 6280 10656 3278 16766 12648 3609 15853 8064 8291 2250 5218 6431 17846 5416 10058 2525 8329 11763 7418 15888 13044
12358 2064 6916 14634 5946 10361 2835 1069 12593 929 11824 3015 15223 9371 6947 9079 18887 16394 2023 11983 12106 16262 11224 4356 1256 17982
12597 4840 6208 13312 9004 18343 5690 13936 17156 10472 13852 5613 2397 8695 6624 8521 19798 17421 11411 7311 1181 9977 4199 937 2939 11125
11030 6215 416 18811 13460 10605 19464 17259 9900 10633 15721 5274 5763 2398 12721 6749 12828 19442 17803 15318 15671 7504 9546 13765 11833 5273
6398 18121 18866 19843 4841 16635 8308 4763 19361 16408 18687 9077 10812 5921 6141 1592 4460 16701 5741 12121 13648 13945 10877 14686 17011 8067
17818 5332 7974 18567 4099 18582 5089 4934 2872 12344 7496 14336 17966 2055 1381 2636 14409 4588 1017 15573 1985 6896 7336 3428 4998 14268
11895 11123 6372 10801 13194 1701 12254 6657 14133 3725 2412 2909 440 12347 6103 4183 12096 6104 8345 16103 19025 13516 15610 18453 9211 17756
16723 19520 17345 19976 6850 16123 19079 9641 2254 4708 12104 10380 1750 3014 433 2267 8347 19015 4988 15172 5028 1008 11087 1154 17815 14094
13848 13925 13782 14768 15404 17008 10745 313 15399 9791 10033 7155 19772 15427 2630 14217 6844 10423 15997 6852 18473 8511 5026 7120 12811 15340
7112 9955 5410 15562 9049 5193 12115 18592 5816 11677 12305 6110 704 2094 13140 3166 6128 5664 19032 16267 7937 19240 17713 2197 9129 19707
9191 19955 5349 3594 2654 2264 4742 11388 8705 8522 13274 1899 8058 7245 13329 3834 17842 6326 336 7646 4901 1282 19747 8245 248 14966
10248 12757 648 5104 16998 7235 3349 18689 12924 16376 13570 3977 4066 19610 8577 2975 16728 14409 13945 7219 15773 5081 6127 2504 7756 2310
6078 5485 10663 16914 4211 11496 18300 7791 11435 15687 8327 11245 12886 5662 8831 17873 14549 5329 1389 15765 4757 7126 15230 12887 2322 13620
1815 9696 6175 19626 9823 2437 8986 19869 14801 14645 5842 801 2143 16598 11345 1535 14054 16819 7929 2426 7317 13060 7640 14107 9618 11898
9074 18419 17451 11040 11103 12199 2932 7313 7552 14560 8170 7171 16775 1522 17775 2425 16646 18750 15223 8257 18905 19741 7507 16214 14115 16972
17045 15915 1112 7247 10845 19184 17661 17356 19656 4849 10907 13824 1935 6903 8365 17929 4232 11222 11561 2919 4657 17440 17575 18885 6449 18342
10074 2891 17684 4863 13030 4237 469 13768 3792 8008 19808 12927 19519 17438 5950 18719 14295 19753 16219 13566 12789 13690 5991 5237 7975 4140
14982 18365 14384 5618 17559 10015 6994 17492 1352 11113 8798 19247 8749 3908 11711 12561 7976 15332 14099 6810 10640 3666 3769 19922 2073 12733
14782 17422 15599 15670 9467 10242 18372 14842 1432 17361 4875 7703 134 10514 12451 16327 8373 17059 12802 9783 16412 4880 5418 15704 903 1399
934 17322 10959 8229 8906 10265 11495 18603 1924 1245 15128 8279 953 7188 19173 12592 15278 11395 8358 11919 9912 9481 10151 15164 7481 10336
18663 5607 12623 3003 17202 18248 13424 8763 7797 6811 17526 3316 18400 3608 3769 9336 10990 5497 13149 17253 4598 2298 16854 6764 17060 18224
4197 8881 9090 4395 11333 12812 17263 7754 17798 6868 3318 18183 11202 24 14802 15193 2318 6302 19896 11981 3371 16762 10902 13364 7948 6579
11062 1875 420 6725 9148 18506 5613 5034 18664 11668 16003 5650 136 4493 7917 16772 18685 6792 13317 3362 3106 9768 16828 14755 5833 9602
15994 17572 7002 2020 7682 13306 6348 15675 18682 2799 19529 4558 7878 2051 11468 19399 16031 5327 6616 12309 18592 11993 8522 13507 1168 7595
6039 17821 16993 11423 17952 4424 10330 2250 9071 11085 17203 2740 1996 1889 3127 4887 7814 19925 19865 12010 5318 19351 8002 15006 6913 15593
2306 14979 371 8836 19006 5407 6272 2638 5116 1212 8103 527 9179 2791 12203 3341 17302 8080 2589 5156 1248 13366 16953 15474 8530 945
7001 1920 11472 13318 7401 10916 3662 12584 3156 17082 6304 11061 11210 6703 14749 16862 3325 10869 8762 4296 5584 2702 15965 17524 15617 8346
2202 17480 7730 4016 14057 9774 14346 12558 13836 7638 9867 14255 14395 17228 2605 5431 17526 2417 17643 528 7689 169 4408 18774 2920 11476
5257 18337 14328 7695 4685 10300 7440 18871 1918 17779 6010 6728 17031 5862 15513 6768 14044 12342 8369 6670 17372 132 12711 14082 10647 8414
5479 17383 14913 10724 9229 12221 4650 16294 9272 5536 3544 8436 15792 14181 19531 8399 11658 2974 4396 4293 15633 8990 782 17170 2196 280
14857 6374 18659 15544 3173 8766 19100 6561 15457 12632 291 3563 13845 8223 17846 12038 8506 14047 3930 16479 14386 5629 17208 12974 2411 4924
2719 11886 4615 2577 5374 9027 17446 19232 12805 1064 17649 17046 6705 11131 10680 14934 10507 19409 8823 5700 12575 4916 3232 8965 19364 6069
11320 3116 17674 9010 1468 8467 11574 5877 17486 14185 7939 6483 8601 2144 2864 15950 8913 7419 4872 18400 8323 18227 518 15246 16015 13108
1844 1301 6768 14930 13971 13786 19082 18867 1468 14855 12614 2071 10874 310 5092 8620 14078 16868 9703 4712 19675 16974 14581 18731 2930 14517
7707 13526 11817 1307 16114 2350 7459 3909 18312 9359 16017 12387 16244 9012 12201 17368 4389 11465 5155 16105 10860 2560 7466 11503 5378 18820
615 1994 13151 16061 3477 4310 2555 8548 16704 19230 8393 2846 6209 17584 9164 18234 14084 17936 14454 14110 18656 7917 11422 7654 3113 11876
11907 3498 17773 10144 9170 7553 2083 4857 7504 3440 11521 12864 18675 7345 17113 5241 4841 8902 19214 3296 9572 1293 14512 7969 11391 17207
4353 11026 10702 18387 18166 476 8237 10949 5350 13463 19915 3755 10359 17436 8673 314 3142 19001 16164 15313 12713 13958 19886 10569 12586 14043
4574 5458 4875 216 3550 8078 13785 1458 4826 4391 403 15404 18306 3173 9209 16187 18307 8607 6207 5056 4843 768 3634 11844 15127 15910
14238 6846 10624 803 13957 7337 8740 9623 4832 14917 18119 14198 2103 8280 13533 18207 7859 4250 13367 10995 3073 18185 1448 16071 8061 18300
6739 6291 10530 582 6269 2851 4148 2375 13151 3260 16947 10141 1050 4592 7556 4519 13717 1214 13513 19663 11357 6102 10723 7814 17385 616
13198 2412 14152 16730 16141 3388 15409 9489 17909 19179 6872 9931 10828 16452 167 12108 5416 7132 4998 34 14062 14225 13509 16188 17542 9126
18442 13171 19479 1465 18514 15714 6430 14469 17879 15881 4537 18793 6111 11801 804 7384 943 18520 7353 12485 5525 10291 14001 10076 2736 2825
10403 12817 10013 7023 11952 18107 13538 4263 12114 10116 17417 12510 488 376 12088 6918 4403 17740 1440 3128 1042 16952 9838 13869 16817 10185
16459 9248 15437 10699 13971 7773 4591 3182 7504 7639 2104 560 9523 9587 8486 9542 10502 16307 9636 10061 17761 673 5510 11913 10826 1264
8454 3748 19396 14217 1424 17057 18342 1809 5682 2812 10511 9635 12390 1495 13796 8989 7429 16105 12880 2534 2689 12180 12674 14777 7515 2647
9599 666 16112 10015 19091 15940 16873 14804 4558 11820 6724 6754 17158 4447 9011 12120 11913 12415 8332 13039 17919 15101 9909 9877 5656 19610
2472 11354 19855 11120 2058 12774 12453 19128 8248 5357 4676 2923 19908 9968 13321 9130 9301 12215 19225 7253 6814 9047 13472 1636 14670 6652
18098 9702 7200 9769 3535 5352 4954 11870 16506 9711 1426 1821 8908 19936 12033 4984 15631 14170 7634 7423 6728 17106 13963 12061 616 12915
14065 19417 5402 737 9027 4039 10482 14517 2125 12201 11781 13408 11300 17317 17625 5978 641 18894 2787 12472 18780 11628 19295 4358 16080 19160
13810 2684 1596 882 9868 15972 5169 12487 6981 15265 18830 2796 8998 14540 9026 10366 10935 17924 19072 4964 17786 8722 7979 3842 572 3005
3760 6713 16231 12072 11994 15517 16813 15525 272 12223 16753 11100 66 4379 14604 4730 11132 14521 3579 14334 18606 1861 5700 8417 7816 9847
8228 6386 2874 2242 8807 17313 6143 13266 7602 7455 15051 12149 18118 5354 12045 5998 2218 5740 6181 15854 14692 7249 15920 4936 16231 8925
5143 16646 8530 17378 14910 14778 2474 5925 11526 4009 16631 419 10024 13761 13233 8880 4515 10445 1149 9402 9196 18517 3422 4548 4344 16274
11139 16144 157 2658 19343 19488 17825 19478 12844 11706 18773 11703 8387 17723 18452 14660 12946 3703 4636 883 9901 4654 9307 11171 19937 1972
14938 18429 743 17639 12324 4077 9313 9576 2049 17665 17359 13481 12853 5061 7711 19061 10380 16981 15358 749 17689 5074 3742 9562 12889 13060
16146 9798 6006 16177 2099 5378 5718 15406 3865 13127 19445 14264 19168 5407 18571 14685 11526 4182 4851 18262 12689 13240 15147 4737 3732 17171
15970 8540 11288 13918 14115 15612 3331 16483 14101 395 13718 4564 19466 6727 10305 16376 15591 5555 2563 11441 16033 16968 7505 18426 2351 19984
537 1536 9079 16710 4713 12814 14857 15615 17642 19821 11482 11871 15451 11705 5243 18139 8984 12376 15261 7675 1862 18907 6406 12821 17944 443
17679 18601 2591 10086 2703 17894 9290 17549 16728 2849 2205 15707 11859 19284 15165 13794 300 12498 19801 152 11922 16734 14664 12086 18259 602
9931 14810 2402 13609 13586 18180 5234 16495 9516 4473 4475 14872 13996 9500 12781 13707 7546 6758 3381 7809 8620 8340 16323 16259 17557 1257
6424 19488 8522 7744 2022 8032 1714 17911 173 933 13091 13491 16863 8217 14343 14063 11540 19283 16467 9320 14455 5221 7549 14031 3708 2617
19294 413 7719 17339 13031 12431 1007 13495 15247 9852 3695 10407 6498 7361 15778 6269 12583 14833 2949 3477 19232 12896 8173 7814 19938 5937
13901 16437 2610 8756 8606 14546 8855 1721 17983 7658 10499 7594 6581 16957 5493 15446 1814 8678 4394 148 19708 7048 9439 11126 11826 8220
1441 17850 2585 14721 4398 5647 4307 18318 15256 1609 6335 1647 3020 12834 14832 16323 14961 13222 15160 15743 9735 18139 2607 19153 6806 19767
1894 13257 10211 9198 680 346 12332 13065 16039 5008 19744 5782 10123 14934 9713 13331 7021 15724 812 7759 16935 10121 11249 11708 13968 7431
13438 13097 1491 14011 9540 19691 17578 17070 14236 9499 5691 12796 16639 12218 638 3452 17700 10502 5881 7897 10322 5593 8979 266 9097 7151
18143 10881 8620 2922 14753 18616 3795 5021 16115 2164 13935 15273 2754 482 19943 10355 17460 16485 7875 17602 17147 15037 18289 16385 11505 5860
7916 12419 7415 12005 19795 1458 17201 11578 15180 708 18628 13081 2252 10002 18867 1075 17948 5562 14983 5707 7674 7961 13542 3658 5269 6924
6829 18146 1470 2780 10799 2512 18274 13594 861 10360 8246 3196 11277 17066 9738 9846 2463 6031 6294 10876 9400 8977 18934 403 5609 9881
3671 12550 2298 1133 11673 15663 6843 17024 7833 8323 2978 9075 3844 1947 9012 8059 11640 7901 4003 19035 5506 9636 7938 14670 11921 1734
19893 8344 9671 17595 19473 9826 15414 5183 7275 562 4786 10308 17098 11785 13677 2294 15489 1370 13413 18132 16611 18191 14836 3068 18193 8961
7267 8426 19681 1712 17768 8955 9339 8329 4432 2522 15340 15317 7573 6331 15270 7314 8485 12936 19944 17977 2051 5529 1069 7844 5338 14364
2627 9852 9337 1670 6096 5161 3833 2885 4108 8450 12844 15568 11973 19134 1633 11293 4803 13366 17498 2503 13727 17290 7685 1003 10603 9367
18123 7873 15322 19800 14498 14793 2710 5756 3149 9315 5739 11368 18248 19216 6627 15674 1012 667 4373 6300 4743 6765 9504 6135 13848 13761
11596 642 4210 19973 14000 2400 13647 420 18856 5123 8079 5759 8975 16874 1290 16635 3898 9715 15243 15922 18919 2354 12078 7073 5168 10702
5969 14981 11792 1617 17741 13625 15039 19156 13250 13101 18682 3564 13626 4668 700 15459 3373 9464 8563 11198 3894 3664 8002 2623 8289 15472
16717 10818 281 699 9063 18728 5373 15130 14447 2372 4121 14387 8328 1677 13772 4912 19846 11611 14214 10761 16630 14220 18504 17775 2032 8738
18212 1889 3256 12843 19407 6049 9155 5605 12621 5195 8131 14612 9148 15585 3506 10572 15098 10928 1218 14942 7675 6105 10000 17817 1189 6908
1071 18507 6418 6983 587 7081 7764 2841 6006 19746 14943 3846 19450 11813 17018 17004 1674 14552 19080 5470 11895 117 19907 14786 2015 9776
7616 12621 7718 5392 9419 848 3573 200 2689 18208 7739 7897 9006 18759 14564 19702 9966 9094 1022 8949 18086 9144 556 689 5470 15875
11536 4899 9350 19665 13701 14298 1508 18828 8979 14446 16638 18198 8279 15368 12168 10587 9875 18679 13341 8759 17763 9317 12426 19396 18474 2688
13647 15570 14609 19032 7966 4096 15344 18969 15158 7075 3533 18713 10887 14373 11150 6498 18437 10622 16568 292 9028 17650 9234 18304 13083 18489
6138 4567 13500 10104 9473 560 14864 5826 3240 17521 9704 11395 14205 16425 8866 2343 14164 2355 8733 17793 8942 249 8490 4989 8009 6275
17723 501 3269 899 7076 799 4954 2909 18905 3286 14772 4302 12136 18328 15842 19482 3383 7413 5481 5882 18696 18987 6382 19526 13301 8940
16748 10537 3651 3343 14645 437 17095 6828 3411 14975 15434 1619 9567 6955 5022 12220 18946 13926 13939 943 1351 10725 17278 7462 1965 14465
2442 10357 6715 12914 18761 11904 5179 9393 6104 7034 19184 10390 7531 205 16530 15232 19879 19511 1020 16510 4362 4351 11024 10106 946 19934
6861 16890 16868 17388 10424 18288 4770 8402 6884 731 7926 9478 16048 15962 19865 4378 4215 12180 8485 5438 17357 18388 15790 8379 616 9713
2607 2388 1588 13614 19930 9264 5761 14401 8896 14437 2028 5803 8119 14840 11079 19932 12809 6836 15665 1378 13905 12121 4793 4341 82 4543
13483 19078 8936 7639 11173 19800 3660 7988 13320 6690 1442 9408 4590 17648 19010 12914 6741 6472 5559 12950 19884 5816 17876 17548 4567 6328
5056 3331 6420 9954 13655 6169 17902 10928 19981 17261 15778 2432 1498 6535 19968 3309 17465 8762 19084 11493 13117 4369 11798 4162 9194 10605
12946 18109 10120 15984 1298 18172 12182 13543 19303 4185 5230 18610 4362 19271 8751 17273 7453 7254 18835 19680 7073 6566 16127 17710 6380 19248
3812 11219 11584 9627 235 11279 6621 12592 6080 6000 14695 658 226 5215 3878 2434 9913 16397 14679 3240 11191 16114 18785 18068 3515 17809
1973 821 6569 11334 7399 1286 19812 7155 859 11737 7100 5801 10155 11572 2030 15797 18845 17497 3551 4131 18738 18696 10127 18893 1955 16114
665 5450 13460 18886 14913 15954 8491 13721 2411 5659 14912 4974 11232 3619 11231 19401 18110 12529 9141 14800 1216 3528 10520 8331 8225 14397
6605 10160 8519 19514 18470 18212 2538 16124 15409 11343 11496 14376 15447 5194 15260 13929 12577 17105 8837 16091 18916 12379 4942 16253 4171 16933
17755 4104 4139 11474 18576 17789 1423 409 7342 3938 12441 8433 16162 550 809 5286 3450 6308 12126 15717 8829 13438 18143 5367 7766 19341
14094 3129 7655 19433 9889 693 14143 12772 9008 6049 19279 4633 15643 11494 12084 469 1281 14460 12422 16827 11978 13930 17788 7457 7060 12345
7338 1983 5963 10673 1765 5259 19431 19069 3216 19165 8696 11654 6527 10101 17360 15988 19159 9333 13366 1785 17643 11920 3232 19870 522 18281
5229 11364 6832 16227 18484 19203 18305 9090 11992 9178 4809 11837 18306 13372 19789 6685 18685 16104 5450 15744 9015 8385 12263 11819 14665 5475
14205 11549 13191 8312 3785 8195 14828 14369 11825 4911 19744 15989 9367 267 15683 4084 1489 17478 15818 16905 19234 5573 3009 7120 7794 15086
8553 9817 4037 12652 15715 16453 2130 1903 11832 16820 4700 2458 3186 2882 10783 5302 4305 6945 12403 10892 9760 8876 19147 14343 17123 11504
6922 2477 2626 6960 6097 8405 8592 9925 13145 7545 1211 15475 2956 7809 8219 11553 521 19349 15659 19044 15539 5181 11558 16258 5957 5119
8628 12642 18782 11922 15197 15351 18708 4975 2589 11073 450 6804 3850 17051 3698 3954 546 307 6169 11737 2253 19328 16632 11497 7019 10261
4217 11802 8051 10531 8703 10845 9609 9775 19634 15038 16569 12014 18514 958 3391 11912 14800 4715 8513 16312 11119 19630 12783 2801 458 6061
16302 6096 5931 15392 11719 3840 460 1353 1622 6257 17451 9081 15698 16462 13409 11756 8535 2935 11581 5821 10898 18793 8382 10385 2441 12537
13596 14993 13668 19869 6332 17173 12046 15075 16053 15612 387 10344 4153 9248 12088 9407 14056 19227 5432 12621 19192 15628 18532 4186 4234 12441
6549 15345 9226 5393 1340 11831 741 7777 6716 19632 9221 2595 7119 17904 3875 8029 192 55 10611 17234 17960 17618 3761 561 11334 436
14201 9703 16593 6291 7432 8957 9474 399 5970 11676 17662 14718 19152 8238 18891 18210 17772 19215 6447 2415 19801 11384 12872 2913 8766 9292
19393 11058 6640 6281 11233 712 17990 16608 12121 4662 13969 17253 656 13265 4463 4528 10301 14326 18109 3865 18621 13659 13184 1122 10352 8995
2228 9142 18029 15268 12243 8580 1617 19459 9952 4497 17108 4252 4531 5171 7725 15210 8514 6866 1212 4283 18674 8698 9762 16669 4553 18333
14082 14589 12150 1742 4726 10556 15515 13600 9846 4390 7275 1734 1035 10925 17821 2501 12062 18761 6929 15650 15181 16251 1380 1460 13193 10639
15997 5159 14953 2794 18634 11801 14302 15220 13492 14822 8848 499 11789 9232 6648 10191 17746 19001 13911 7063 12127 7590 10123 4510 5805 8611
2522 4862 16388 2465 12570 1796 15752 1184 10792 11342 3005 13621 5402 10700 10737 3462 856 15233 17246 7031 8620 5638 16120 336 891 3309
19818 8357 8341 5067 19950 7321 19986 8846 14740 16079 14672 11816 11619 10851 4738 721 16834 8768 4087 9949 19150 6200 4230 12184 11623 13595
14526 8049 19990 5415 8748 16665 14009 1838 13170 14311 17734 18015 10091 7685 19513 15630 7258 11834 8994 17648 9508 3982 9047 11454 4692 18790
4248 4849 8355 11766 4472 4871 19589 5471 515 4191 5389 10830 12194 9480 11022 16696 1733 15861 4650 16239 19148 15142 4704 8875 19429 6609
11547 5464 7148 8651 11194 7660 14850 17704 11875 12007 5061 19967 17249 8757 4274 9247 4203 13727 10181 11035 4089 16098 15461 4160 1319 4424
14136 13714 15836 13265 10893 2763 2304 5780 19236 457 7674 6069 3427 4635 16025 12056 6947 15109 16056 17590 19335 5076 9617 19229 16443 11188
8475 8999 6510 316 3923 8658 1344 19636 8442 11360 4690 2724 1356 9497 11553 5756 10796 3107 4914 3508 14554 14646 19057 15249 11289 14560
15688 5199 15247 10177 18036 3258 10993 14934 7390 4019 16688 11260 16731 18585 13071 14305 13196 3034 18719 656 11929 19137 6328 13583 5739 10596
1782 1220 563 12079 11227 982 13631 4038 15564 7699 16660 198 407 4195 19781 14117 4288 16718 13784 271 9875 1049 18305 14815 5647 16224
15857 11943 17838 6816 15921 15773 16066 16671 7119 1700 3439 6281 2934 12230 716 15019 14749 18334 16761 6528 13778 12070 6130 15994 5522 14179
18628 19444 16351 11210 19842 17180 18754 11164 5782 8450 10811 7775 16933 7805 7096 13570 1633 4138 18125 4584 13036 3525 53 7012 12769 14469
8629 8132 18961 18763 16559 3156 17942 13276 8055 13814 17410 1659 8995 8589 9786 9527 8403 18699 15036 14201 137 16065 13211 661 6085 12407
9055 12047 837 19352 3487 9307 16721 16945 18899 16211 11446 2965 15879 4398 6024 12427 4312 9171 13334 2045 19813 13908 6557 15618 3237 15983
6006 5969 3291 3223 11283 14187 11994 12008 993 5566 9422 15401 14584 8144 3999 8798 11132 9895 13925 17021 17356 7205 19406 17499 9907 1632
5729 3373 3348 15786 10422 14779 1992 5681 15795 19541 6925 19404 8150 1176 17863 19240 16475 18618 12342 17722 8067 8222 9512 18163 673 18041
9617 10570 10675 8169 16986 7454 12474 12686 6101 14682 4110 8542 12966 15868 4884 4440 12214 15050 10116 10305 2285 13710 15331 2652 18563 16611
10563 16066 11836 16356 17749 3026 7471 12570 7449 8493 5162 8832 19799 1455 1633 6163 4937 2347 12464 2132 11685 1277 18480 2731 18609 18617
5566 13234 17153 17931 1849 3589 6786 680 367 17848 15242 6341 6013 5854 5261 15437 1186 15660 9282 3512 7356 17620 11108 3674 14252 5792
5566 14746 9821 4974 18723 17102 5255 6778 12451 6842 12289 13361 2024 19797 14803 15279 12777 17528 6045 10346 3194 8366 12793 13559 10497 10416
8209 13147 9602 452 11721 19224 11530 877 6391 16541 15274 1326 14845 14351 7702 16506 634 19473 9864 10733 797 4572 17987 17047 19721 1924
4745 1373 7111 11038 14167 13507 5253 676 7555 10305 14558 8992 14715 4591 1067 4197 7024 1745 2989 3358 5054 631 9042 11831 12178 9437
12978 13393 13062 16155 5357 17057 7918 12825 1647 2642 4138 11029 4869 10130 3439 3456 493 15438 14978 17982 14099 5133 10641 6716 16603 13387
10286 15072 1181 8596 17611 1062 19197 17866 677 7383 1776 4083 13024 1878 12460 6659 760 2433 6561 14930 8425 10637 2552 2057 12323 7975
4182 14239 8055 16225 7653 6727 19868 15767 15499 7772 13387 862 7454 7022 8274 9046 10156 17172 12289 13859 7422 13462 6991 14008 8779 14880
13781 5618 11325 13752 15775 4447 8745 15160 6098 13494 5554 1435 9335 10175 10161 17153 10754 12927 500 1436 12071 2456 10386 16979 4629 5349
11648 11115 9878 14929 12547 8799 10391 3172 3479 4930 18210 15434 19011 16562 18971 6162 8843 1705 4161 11495 16407 5670 5618 10970 11236 7857
7149 16643 13530 8561 12100 18179 18620 3745 16679 9373 5684 5092 17174 8252 13415 15477 18782 17883 15002 17741 13830 10185 3890 3200 19768 17211
18619 5464 2431 7815 11367 7655 13753 4406 19649 11034 3202 16796 167 19832 4434 5073 6922 5770 2290 10301 8629 12011 13689 15569 798 6309
10673 6270 16671 8801 10519 14440 15410 15061 18011 6191 17680 3409 6533 800 15784 9297 14269 3235 14513 1633 567 15954 12682 5414 2804 1482
6893 12997 686 7211 7920 12446 6466 8794 177 9803 19035 12108 14127 13172 3620 17821 17489 6912 16656 13879 2433 911 17097 8445 7416 1646
306 10099 5403 16744 16180 1268 17557 4037 2085 19969 16484 7039 6517 7029 7305 2471 18353 4636 17058 12635 14484 3991 15034 10872 18717 4362
12780 10797 17364 16705 11368 2409 2328 4699 9983 1016 6816 12757 12729 483 3204 8096 13569 250 10320 9244 4846 11567 12738 1567 11785 1340
4832 15274 12390 17428 6852 12990 16804 5411 13291 4591 6889 11868 18138 19137 3560 6057 5322 5322 17445 19953 11251 15541 14376 16857 11381 12656
9291 3199 7782 14686 4621 14866 11839 13380 16569 13786 11666 16649 18041 12990 1532 7395 17529 9072 445 17995 1521 5140 11151 8371 2435 775
17739 6981 966 10211 2462 18870 5909 12440 14213 8472 14339 1699 14712 11523 15190 13653 15191 14226 9274 5423 9885 14552 2256 7486 1490 128
2229 4053 12905 1503 2884 13392 16311 11573 5216 14802 17409 1919 5608 15464 215 13084 1126 17428 9509 2662 15648 11909 570 19141 14723 6686
2602 14380 6055 1161 13910 3528 2393 11853 13077 15492 14697 19781 2277 12929 16149 2558 16919 13259 15639 7840 8156 5034 4970 10639 10853 6299
17115 14970 17469 9894 150 9674 12744 7501 12153 16782 1147 3612 17394 18772 3904 9322 18475 3054 3719 6219 6895 274 8534 1635 7948 1324
1316 11283 18705 12425 17735 2647 1904 10743 9414 12466 5443 1837 1261 5948 9295 10809 767 1300 13497 4947 13654 9129 5909 122 11097 5575
19289 5458 12725 19279 870 6980 761 17900 18901 8481 14654 16988 13290 18345 1448 9872 15450 8437 2264 16177 4937 6640 5108 5406 13959 19849
6495 9851 13538 8964 625 1675 16003 12758 15927 212 17322 8736 5059 8336 1961 2864 11641 2360 1827 182 4516 1695 12798 5874 15356 2196
452 12501 11255 14627 12332 16633 6212 17796 12167 7211 10914 2965 2425 18967 16949 7376 1668 3703 18918 5268 3031 3114 3520 16468 19274 18962
8063 10797 14166 7321 6993 13312 9896 11050 11055 14299 12960 5615 6457 4567 5481 12165 7293 18985 17742 2720 7819 10823 18117 5597 13586 11800
15276 9567 14142 4329 9414 8434 4138 6072 12226 11546 19210 11942 17530 264 3452 18323 12374 3906 9594 5382 64 14599 6635 1614 19044 13216
966 12479 743 7266 7276 18839 12839 18372 15017 6227 6197 15485 1370 11264 18815 8149 3515 7714 121 10525 3057 15026 10702 767 19231 18955
6771 7169 6849 15596 1165 7907 13465 9835 14742 2223 19760 14624 1376 15611 7 5974 9806 6908 9695 15340 9189 11605 18619 16899 8277 9548
5994 5809 10689 15577 8103 5062 1524 12533 13175 7219 4213 16998 7311 3359 738 2181 4163 10287 12609 19926 11104 6913 14442 16431 14017 5363
12490 169 7124 2565 19438 10967 9756 18653 1631 12942 7871 10496 17283 2924 18419 13964 18560 4327 1985 12934 2563 7482 15985 8258 594 16431
15721 217 7576 9546 6905 12742 744 4156 4340 10092 2312 2061 7692 3875 18060 1978 8524 14995 1660 4925 12243 11859 17568 8734 1871 3052
6943 6350 2539 3418 5040 16955 11889 1612 12799 9582 8536 18152 11707 9759 10646 212 8091 17405 13315 8177 18214 19928 3783 11321 9529 14558
8983 62 4068 5942 4678 17331 13111 14999 9113 19966 19134 16597 14729 7484 18425 3291 18006 3469 11762 16385 19572 19883 18327 4976 17822 15061
10995 8460 13561 14145 19855 9195 7951 11791 5496 1333 19262 6471 18800 16139 568 11892 4248 18535 14727 10080 13548 19330 2793 13221 6201 16479
11501 8769 2012 16995 13260 14881 13476 17157 16945 5354 14493 15524 14940 18063 2214 3877 19841 16666 13005 3909 19642 16775 18600 11905 9578 3319
18986 12810 18992 5380 5574 854 6836 5408 6557 11480 1226 11637 14948 7445 14317 13432 13814 3822 9334 15111 359 3774 8144 19571 61 9267
18650 8325 12376 260 9438 10110 3282 1358 10048 7844 12730 10021 8505 8226 1693 1391 4905 13809 12950 5891 4707 5059 100 8230 8477 5475
15440 2347 19103 19856 15513 15246 18476 10246 16902 10298 13717 17573 19464 17634 690 17208 7145 3194 9594 656 11964 3566 5986 19447 4011 9868
19606 14263 9543 16259 1266 5771 9429 8032 18512 15918 7653 6409 15702 12935 19608 4743 19188 7526 9165 14261 3820 9301 15042 12718 8679 13829
17893 11868 14648 19535 15368 8078 11118 17466 10394 441 6321 13534 18813 17357 5262 8682 19696 10035 7634 5418 1238 13313 7540 17974 14110 5555
10909 59 4226 16192 11907 4064 12466 19921 15366 9258 18050 6648 14943 7854 6618 7443 10061 7176 7473 16176 2214 5894 1497 16060 18203 19643
18397 18930 5991 18406 17885 3089 19216 13863 7756 7926 17365 5715 2141 17736 9407 17307 2061 5462 9470 19872 4067 299 1542 4215 19880 92
13712 12074 2768 5202 1282 2074 16454 14965 7201 16450 110 10200 13118 6810 15693 18950 1220 6741 16889 2355 7980 4833 14995 8156 11670 17110
632 1154 16304 13841 14378 7128 15574 2041 2640 12795 15435 4854 8618 7714 15792 9561 463 2285 9309 9384 853 415 16630 14584 17769 18423
3169 1782 4390 17371 17369 68 1270 17340 19608 10682 2168 16423 19916 1050 10746 9485 17035 6417 5533 12815 5408 1563 14205 4240 11591 3783
17188 14420 19178 16226 4627 6851 6749 17860 16168 17222 2880 18266 2520 2744 17011 1192 14126 4617 19580 18534 19753 9632 14939 19843 10308 16349
6166 9936 18706 14697 15515 8800 6822 5984 13115 9737 6035 3625 5557 2120 17215 1646 159 15599 18236 3981 7339 12303 16895 1773 4812 5387
950 7453 19081 10387 9704 19467 1018 12944 11616 17435 9238 15408 14877 6465 17806 2781 9258 4282 18355 3791 7434 10226 2582 17940 9656 3693
7620 745 10930 18877 8974 13654 3323 5980 16617 12026 534 11256 8855 1490 7978 15337 4288 18420 16903 7934 18735 6805 4089 1431 14798 12159
4549 14198 11378 12705 6379 8002 17922 15523 9845 1371 19922 3153 6750 17011 9226 11405 16970 4177 978 3654 10191 1975 8842 6591 11351 15171
15262 7767 9475 4621 17640 13970 1442 16528 11417 13669 16167 10210 11946 3426 9438 3193 6269 9903 19150 1332 7172 10937 11522 8533 8384 12872
9447 15696 7893 14377 2470 526 6205 1693 9873 5087 13483 6495 3180 6921 9889 15107 14407 19601 8915 2243 8197 4193 13338 19971 2818 9839
19010 11954 430 16504 16791 4095 15284 16075 11150 7930 10084 17028 12948 16671 17238 19030 6026 7792 10459 14991 69 18363 12017 9225 11964 3075
17887 3189 12371 10513 17532 8407 7366 8154 15584 16974 265 16479 3556 12813 16916 4119 15703 14249 15358 6491 13434 14698 91 12901 1027 18474
19884 17644 4581 815 4458 11090 14369 13799 8610 437 4128 3901 2631 7433 14898 8211 12498 2263 4841 7594 4329 9784 18010 17922 11859 11619
3050 3898 7606 4912 9476 2636 5405 11122 14901 12702 15338 12267 13624 1183 6814 19202 14799 18537 5563 18452 4307 5339 9893 6251 16702 19992
6660 19025 2123 10447 17282 8308 3850 7208 11377 14043 11983 13156 14056 182 5405 19947 424 8472 3103 19817 4915 9687 4080 18878 11000 14789
4221 16112 2242 19922 9072 14774 7075 12910 6901 6294 7310 14278 16223 16793 11135 13087 10525 16518 665 9363 8778 7225 16330 8272 17451 16234
17225 5064 5478 17639 8216 15175 11175 4509 18245 12495 9623 15305 2302 9261 6831 17354 19031 16504 1273 4383 17269 17643 12019 2249 5077 7261
5937 15300 1758 16001 4347 3862 3595 6741 2189 10199 14379 10417 12281 13109 7629 3933 15116 2604 7988 12856 5138 3668 10285 18136 1268 14096
12366 14505 9197 7002 880 1047 19040 16714 19341 6171 5709 6379 1108 2613 13939 9300 13887 2140 9750 12357 2216 18833 10749 9264 18361 17365
3395 15720 13626 6527 16248 11580 4597 19824 12684 8129 2007 9542 568 5422 16833 10205 6141 6031 17261 13483 550 15336 5887 6657 17698 15565
13363 19092 2038 18676 13159 12485 9738 11820 2045 12446 6865 9669 11068 9435 2861 13289 5134 13161 14174 17737 12681 12786 5162 4027 14145 6423
19786 17074 5242 8478 14642 8962 3202 11583 315 2782 10870 12328 19511 9886 14341 9780 13648 2981 288 10823 12841 14461 26 9902 13532 15799
4667 15188 7691 15557 9314 8164 9327 15055 8833 17006 15868 6721 13648 4341 7591 18661 6908 3621 2788 6512 13761 14627 13762 10602 16192 11333
9862 11821 1166 8806 16992 17031 6623 15525 215 15898 11649 9073 4925 5 12136 6081 19898 2123 19809 12913 2064 274 7394 18893 18906 6768
15252 11761 5398 10493 8230 12666 2665 9046 17945 13217 17187 2210 13662 9551 15331 7892 6301 16188 12468 7263 8814 4315 17960 18888 15707 12906
2041 4289 2175 2233 1056 8351 19174 165 8065 7076 3469 19158 10239 2850 14684 17559 12317 4446 2547 436 8115 7148 4012 704 1268 1983
10001 12059 10285 1900 13672 19158 17146 5593 14212 19603 3533 6939 1221 18471 9922 18384 15442 10811 10033 10893 11863 12774 16592 11508 16710 10912
13435 18087 2229 8542 7019 1454 9255 19190 14411 15673 17963 2395 16947 14732 17028 11033 19100 13766 4661 4403 17471 9679 9874 6308 2278 15303
5617 19756 17358 1609 16676 12618 6052 5909 14411 19800 8521 10482 11997 8376 7110 11270 568 1554 19810 18656 16944 16021 7691 7530 14027 1875
10019 16755 15996 17243 12673 2665 18417 183 11448 4704 18660 13268 12662 15021 3694 17728 15880 15861 12824 5977 7138 4260 15883 9323 2025 18554
6339 12333 17125 11970 1231 91 11207 15422 5847 9581 17857 829 8367 8767 17676 19238 19972 8742 2510 15409 713 15455 7841 14238 2467 12151
16632 1371 9993 11776 18260 3396 5994 4586 13462 10389 11001 18334 15030 6621 8541 1801 18778 9888 4999 6309 7789 13127 18983 4529 4351 15059
15449 18180 10828 10232 16161 5562 4025 4449 4601 14843 6452 14884 12005 7302 9759 15781 6618 2274 9295 10709 9324 19660 10259 7740 16104 11848
13171 10996 7518 18407 2561 8408 19342 5235 12109 11546 12210 5308 10317 3515 12591 6929 2792 15489 7178 9991 357 17594 11754 14142 19476 17204
11795 15853 16734 10913 185 6340 9878 18792 858 1508 9479 14969 3920 5899 11744 15911 9043 9367 10692 14640 11150 14300 16850 14189 17337 6388
6044 9416 1233 11535 2656 10555 10848 4676 12306 6357 18627 18536 12384 10712 5944 15572 1498 15886 304 19898 9440 4008 4119 3537 11971 19532
13687 12140 9065 12357 8162 1485 11958 11170 12343 3792 1105 5590 12780 18582 6488 3059 17766 16789 10698 16872 17745 9843 14130 8090 19395 17607
9722 2785 16575 8274 18661 1134 13326 9730 13644 9633 9015 1632 199 6765 15844 16333 7207 12011 18227 14433 16466 14282 816 13755 19943 1395
5091 19811 11094 8228 7889 12458 15729 7667 17100 10787 7801 8878 2868 9053 18730 6110 6064 18318 469 15038 12614 17082 17737 18837 1398 10983
9472 19269 8802 19493 4768 3412 1624 6093 1361 18610 13570 1620 19014 14183 1722 16644 7775 9068 19074 18018 2301 11003 3633 6225 4432 10584
16196 1470 14562 17839 15494 6258 8115 9331 17199 4353 1104 13904 15471 9106 6234 10413 1800 17273 5239 13701 11140 12335 15764 3813 47 936
1469 3655 7305 1402 7357 14756 16738 5113 12062 14883 6641 7483 6518 16631 10283 19579 14926 10627 9836 2230 4888 15998 9795 3892 354 18502
6125 1187 3765 18182 6656 7209 7002 11238 6958 5024 1239 15872 12179 3290 17906 98 19143 5693 17059 13973 8452 18007 3087 4574 12935 18257
9522 3336 17670 7882 7 8822 16424 14880 12827 7528 15974 8665 5013 9597 5768 1529 9621 234 4617 5183 12578 17795 609 18100 7898 10804
1660 5198 2476 19189 1717 583 6690 6244 2977 6322 16829 1455 15334 9709 907 16345 9745 3646 18307 2293 1607 1601 15681 5128 6562 18359
18476 14829 9951 7304 6571 597 2502 14403 4872 14703 11427 12797 3390 18298 10084 13778 9213 15215 14055 10229 9724 19776 4169 12628 18742 7054
14762 12420 9239 3253 4777 8193 8341 10481 13884 16932 10063 17690 11697 2825 10610 5996 273 16452 9458 15985 10064 18271 6920 19774 15745 4937
9562 10669 1291 16352 166 15428 11722 10044 18044 1813 2823 16954 3122 8573 5024 5843 4168 13292 4916 13491 6158 13383 1731 15023 1174 16397
10973 9500 1932 19047 2341 6600 8002 8014 12723 16153 462 6583 352 9238 394 6214 19327 13782 1974 7871 11926 13273 17446 849 15093 188
18008 4643 10352 17162 6580 11222 9478 3767 7 15859 5984 14363 11387 9925 10294 5197 15505 11094 17908 18245 3580 18896 12251 16943 1916 18311
12792 4699 11697 4795 7374 14415 11053 7358 5754 7939 6009 336 11404 2182 15304 2387 10669 11537 10064 1659 4651 6951 7846 8925 6773 12076
18966 9671 17508 2588 2237 16353 13330 18640 9639 18933 12136 743 2548 5160 4262 7537 16980 15926 15862 11253 3946 18855 10229 102 4168 9967
16780 13141 12608 19038 10156 6461 12216 18345 1621 18431 18788 17379 4088 16275 12528 8323 3629 18544 8906 17270 11203 416 2794 3946 7517 18869
11064 3162 8956 12531 4536 15905 9927 540 4390 15852 5249 11784 639 192 9329 15124 102 13016 15727 3412 3446 3208 19988 17129 11054 10542
7097 16955 5348 1801 4626 16194 2090 3502 17601 18724 12663 11048 16746 4451 2062 4914 3595 2598 1436 4019 10685 18965 15542 10492 12426 279
13002 9375 10607 6184 15041 12486 1101 2576 17939 4307 4666 1729 2529 5232 7672 14309 18268 6408 5537 4845 12347 13253 1639 8747 13489 5907
2659 11151 3338 17769 18016 14004 3477 17678 2361 3993 13282 3134 10537 15833 16134 18734 14949 7845 16000 11310 4167 13234 1193 9146 16933 15537
16378 7230 10535 13189 10044 8674 10546 13819 14810 8911 1799 8071 4699 15140 19430 14029 13862 5628 10010 5134 6436 11851 12353 18665 17053 5732
3997 12651 19835 2359 2708 14901 5552 16754 12706 10449 5059 10993 9229 3847 6366 7207 3821 13381 4919 6669 4706 15362 12163 15377 18171 18934
14329 13503 19494 10017 3498 5829 19202 10037 12305 12820 10728 18907 13159 10909 4609 9007 15333 13696 18619 8442 14269 4520 3192 6764 9046 7136
1324 18749 11386 13754 19815 9572 5410 13949 3686 9563 9963 9124 8283 13854 9005 5969 16506 6274 11536 11729 9832 12483 19054 4788 9992 5524
4874 10006 13830 9541 19930 18414 11661 5171 7293 11291 6776 5558 631 6369 1284 776 16596 13431 18837 7957 15988 244 5975 17829 1417 17395
12150 340 16272 7204 4483 8488 18083 18365 654 7685 776 11856 443 15692 14455 18393 11552 7949 14843 9509 2031 5913 13661 9289 17994 4070
1769 16633 11891 9777 14142 11361 6694 17614 13179 11776 12198 17004 10238 12620 14284 13079 16320 12726 1400 4468 4508 11297 5926 17229 4721 9331
6121 17146 14440 13512 15370 13168 10249 2603 6571 2057 1129 6078 6373 5115 19350 5564 16170 9097 10769 4308 19842 9505 11197 9549 11198 4682
1935 18679 14616 16324 13132 16425 15286 15557 15776 14306 16932 11158 13435 13797 13606 10553 18253 6774 19596 16331 2295 12800 5803 19608 13257 12138
11947 8011 17557 14898 18719 2473 7317 19194 281 5903 12025 4363 17872 8241 10431 14468 3227 16456 325 14619 11085 16805 9751 10308 9535 13175
9719 16762 12359 17812 15295 19511 19387 13843 120 361 3331 1365 12381 17555 16184 5886 4591 18158 14784 4795 8939 4931 5911 9550 18950 3756
16491 6347 11267 15335 12141 12917 1533 16566 8449 10404 3902 1763 6925 8303 12002 9250 13822 164 4323 18909 18350 16263 2172 19307 17751 2894
10952 8382 13 7613 4902 1056 10709 2032 13925 19252 15182 1572 8999 8520 16955 3986 10534 19224 7391 5434 6597 16163 5474 17546 15180 3449
2313 5539 11160 10332 9832 5670 3976 638 13333 17191 4520 2929 9097 6906 9878 8720 16933 12035 14650 18906 7045 13465 6979 1428 14326 13390
10871 18600 9937 14550 6474 14485 6983 4295 13203 1859 16604 7275 290 9105 5971 1860 11998 2009 9926 13216 11600 16034 19257 7124 19730 545
17645 16525 652 12347 13414 11144 3490 8881 19018 2795 8338 15500 9517 1858 6180 13579 13287 5441 7293 18857 4714 1963 1859 6381 3867 2276
6068 1393 13991 12713 16526 9977 2335 16716 14418 14746 12501 2331 10891 16040 6559 16513 16113 14604 5201 7823 17375 15955 9994 10355 8120 8338
18936 12056 12095 11536 3798 5820 8094 15703 2421 2185 7126 13221 7007 17828 10271 18087 26 6305 1942 766 12908 1661 1752 4108 4287 11874
16855 457 9922 2203 13358 15565 6547 10418 9002 2587 8632 3127 6097 4543 11238 396 19002 11914 10077 6993 12236 18789 9414 1572 16797 7371
6049 19038 779 7184 1451 1021 17030 1639 2533 950 3260 3611 15384 10031 15271 4213 208 3615 10618 18789 6232 1530 10115 9793 19833 5617
12079 3426 18375 16480 16076 3479 2795 17625 3183 9680 2527 13203 3904 3038 17610 9744 6907 2821 6241 4918 5 8774 3333 12635 4795 8282
11354 1604 17278 8341 2416 159 13662 3257 19148 8280 10305 6611 19825 13694 1982 7176 7123 11339 14030 17580 1619 10571 10123 4986 5673 3340
7522 16361 18958 4689 7802 12068 242 6987 7285 18097 4696 16813 11098 6650 2739 10734 9179 1472 13419 26 12673 5639 3528 2821 12366 17717
2849 17999 8200 6179 17005 9640 13638 13705 8663 13870 17446 12430 3972 18749 5336 10886 3794 3163 5487 1986 14608 2876 2751 19427 16891 2930
7601 13762 16413 10747 12598 2162 17079 18554 12257 3042 3551 13193 3912 6858 15658 9835 17026 2964 381 3887 12215 12165 13207 6079 12606 10146
13480 15589 13012 370 5297 449 14516 17655 14933 18904 901 8427 5276 19060 1670 18741 15195 7704 19947 18662 8246 10527 12432 8644 1772 678
5420 9911 9704 13411 351 19215 3919 7708 3644 18999 17859 3227 9209 12743 3978 4636 6066 9861 12756 19356 15780 18116 10301 9270 12224 16297
7673 9486 4291 17767 9683 6352 13406 1109 2371 15943 7174 1357 15576 19225 19513 16165 14814 16569 5168 9603 7061 19314 3810 18771 9967 7285
3092 4165 753 11281 5755 5411 2994 126 19437 14187 11682 18859 12801 7264 191 18039 5050 16511 13053 1709 17065 1001 8918 11671 1757 609
10422 5912 19207 2489 11508 6758 14900 9270 15046 12915 9369 2540 8268 12146 13334 102 9989 2899 18748 19388 5899 8783 17619 19068 8470 8802
9400 5604 1280 10345 3279 15726 6208 12003 1745 15517 6098 1516 1758 9451 3872 3138 6631 167 4654 15430 13514 15640 8831 9827 14882 12897
7830 15169 19554 1083 16627 548 14889 13565 3168 11225 7318 13318 12024 17384 3729 13496 8232 14849 17190 3217 10034 3076 13489 19810 19170 4778
7382 3609 16675 15272 14285 16007 14291 11297 11075 2264 4121 7889 19641 13143 5532 17739 15062 593 16373 11611 19824 17551 1316 18590 6793 11285
9019 19799 10563 166 3430 2108 7706 7110 6604 1936 10470 3225 3205 2470 1263 2385 6241 11152 17408 1470 5825 19943 14288 7744 3404 3830
3912 15886 16148 17921 2084 4342 9003 11633 19469 15303 1757 10713 19429 15611 4072 14392 9448 11066 16376 9515 6619 124 16659 3271 18369 13277
7580 13241 6289 16012 9375 6411 6916 15086 2217 6917 3099 1773 19222 5592 7855 3966 3571 16795 2031 8467 3112 10382 18380 7220 4630 1363
12593 15250 2746 614 9373 9808 12858 11733 14624 7172 7131 8754 10184 15983 794 19664 864 12936 12617 2825 4890 10370 14966 9534 16450 18217
5289 3037 7126 11885 17913 9971 13473 17682 3840 8869 6655 16156 10124 16730 368 7175 17402 18277 7536 15977 15171 13106 2765 11699 10276 19676
7007 1213 18309 9426 1106 14218 7399 9164 14932 1777 7621 4262 12968 16403 9068 3416 8349 15724 1474 19840 3302 10760 10149 12597 1667 18058
17278 7160 14991 14399 18012 1738 10086 9942 5247 14552 11276 10585 12198 13775 16924 2086 2353 8241 4877 2948 12816 4512 10012 6509 15560 11515
5278 11178 16642 14538 11666 16360 14296 11409 1197 15993 17765 19785 14568 8775 7873 8114 954 3186 16294 306 10545 19612 12613 12100 19998 14869
7840 1556 11883 384 2267 4774 15457 2367 11385 9052 9891 5372 15697 16283 10859 2028 19892 6367 19556 16630 828 15481 9887 3928 19343 13937
6876 18472 13702 11130 9687 19364 1015 7783 18484 534 19188 12178 5390 14664 1065 9381 6949 4008 17600 8795 14137 10569 18744 14694 14696 19365
15839 1203 930 343 9223 14410 1897 46 12479 15149 8743 14866 15093 6519 9203 7506 9693 5356 18527 6482 14626 11852 11982 17106 5981 2409
11404 12620 13204 15556 4555 19946 6221 3681 16977 7580 15651 5959 16243 8916 12788 19875 16587 17502 15968 5485 18255 16047 18299 8337 17182 6994
2626 7617 6141 18749 6898 15099 7851 7369 6663 8625 12637 1991 347 15686 4290 2318 10075 11609 8403 17959 5614 13624 14666 15019 13925 3875
11016 9193 7091 16367 5955 9683 9170 13765 6032 3354 9149 17621 18728 7261 16592 16907 943 6713 1266 2092 14026 10054 11268 7116 5375 12820
13451 7317 10591 18602 18617 6185 4260 19604 11964 14549 5921 12583 13900 133 18361 2762 7838 16541 153 7234 5669 19460 6268 10788 15734 16388
19649 13419 9300 13408 8606 19615 15572 11782 16331 6718 5008 10796 11312 3568 16193 16376 15661 2881 8630 15859 117 3263 8925 6108 8919 9684
13145 4288 4771 17640 12202 17636 11025 2477 17337 12565 2840 8661 1947 10268 937 10059 1054 6144 7301 10096 10270 19412 14686 1134 18383 3136
11464 138 16750 13591 4471 3828 16302 3685 15374 9765 17603 14232 13180 2416 13964 19767 195 1013 1235 11598 6720 2473 13778 8386 8767 2565
5075 10521 6676 1046 17736 14239 2520 2930 352 15323 6732 4435 18589 2407 17929 9288 17448 15066 5552 3424 16442 10922 13384 4987 12940 9237
5204 9696 9584 10503 17269 10901 10454 13066 11470 12983 4844 9353 6909 3031 13197 17003 15691 1443 5713 6956 12595 1368 5948 5498 14413 5687
19839 19046 5257 8391 5783 6301 2827 14017 19360 4749 14701 14602 19681 8688 18143 2948 15400 12488 2377 5752 8606 15977 18366 7045 705 11870
8023 17892 6252 7927 8274 8032 18751 13063 19737 291 12159 18685 1637 8743 19990 6623 2127 17231 18555 13632 6575 10985 2485 5209 4063 13263
1067 3326 18555 3888 519 6419 11371 1816 1447 7341 19813 8917 445 4042 7728 12521 2692 15632 8586 7133 5809 2829 15279 2051 18545 16522
14504 6232 12817 17875 19231 11400 15058 15177 12412 9479 3057 10263 1671 12774 19849 12860 14632 114 9876 13680 1461 16635 16044 10377 534 17701
18449 18663 8375 4280 8834 17746 12704 4205 19236 8508 5212 15500 9251 14543 6927 6328 9133 5233 17085 15043 13256 15980 8539 19622 4727 18189
15859 9040 8362 12185 5973 19317 13234 16978 18601 10524 18844 14101 7160 9226 11803 15261 8476 18037 1220 17826 1280 8905 10947 9798 4597 15235
12198 5538 16413 4252 11429 13074 97 5494 2550 16601 2844 13156 5854 4762 6190 1818 14330 3467 561 18942 4942 16388 1415 4866 14543 18184
4140 86 8167 7787 2713 14276 17144 17991 8273 17557 13590 13013 5591 514 8860 12855 15584 3044 541 6387 8443 16087 3571 17354 4202 1970
15738 935 14422 2341 17576 9559 919 12275 11773 1890 2216 14150 8508 5255 6085 1844 18032 7655 18065 18973 19255 7328 473 9267 8692 18922
2954 5340 13077 3446 6455 10523 18235 4340 4886 3282 2705 8829 14396 3250 16171 4655 8461 18562 5372 12817 2184 9056 18986 18222 13048 17436
4653 899 11701 10024 4272 11726 205 16227 16062 8374 18093 2738 46 7786 10255 11248 17735 4178 160 11197 5942 19697 235 11843 8695 4928
9892 9751 18929 7544 13364 12777 807 16275 6535 18673 18924 13094 19530 19405 11366 1608 2484 380 14178 15109 5118 4541 19757 11227 18534 8130
9691 3047 11466 395 16064 18598 6452 11302 13310 3109 19018 8833 19845 9691 7358 10618 10812 11537 12484 7479 7673 761 18423 9648 10783 2128
3406 4190 1227 1675 19099 9459 11150 16019 14919 9901 9543 17360 4158 13564 1575 19961 15488 10009 14544 14605 2698 14703 10169 5684 2587 3224
599 10966 12991 3796 11600 10279 3457 5807 7525 6912 8470 16397 18790 16051 5529 12683 16458 3417 3720 5984 5652 14319 3133 807 7129 5140
17762 12596 19855 1647 3557 6871 10817 7109 19786 10516 4320 12802 1231 9573 14059 2899 6354 9734 10498 2878 10907 16701 33 1449 4287 9215
19337 1854 4808 1958 5554 3960 7342 13955 4513 1304 15693 9479 16613 13174 4235 11260 954 11981 6580 4107 3621 12824 12639 108 6666 3153
17877 19080 16510 2542 6951 1128 14000 10503 1451 5215 18022 16323 12922 5061 6538 14179 5919 2015 14600 18848 16958 289 2597 3381 9988 2215
1808 14237 14895 15971 3458 12427 17905 4789 9751 5567 2632 16428 18207 3735 17875 6845 12088 6484 15765 9705 13650 17319 875 272 8953 14157
10170 3119 7481 10474 2223 19505 4330 15646 10648 15987 1445 17280 11264 6321 5246 18497 14840 474 3870 10242 17508 4860 6023 9085 8497 8172
1621 1960 9444 7768 8373 15731 18925 5214 4382 14372 7686 13487 4117 4773 6180 9826 12386 15613 3835 14030 3059 4151 18713 13098 2334 16689
8410 10768 3657 3709 9637 19663 12121 16249 724 9022 4168 10723 14096 3662 11179 15815 6314 14708 6673 4996 17614 6796 11335 18220 16830 16757
19575 13373 11426 5597 126 12648 4029 13626 16713 18340 3876 1158 19850 10997 7508 8916 16608 1249 16015 15506 9890 13312 3692 934 5443 7152
4806 6824 12132 19365 16296 1905 7413 8555 2660 9388 14144 1132 10150 13566 3678 17666 1520 15598 18553 6908 6844 17267 10497 13346 17193 15216
15033 11915 8357 13754 14770 16073 4981 5250 8716 8367 18416 13011 1107 480 17396 19571 11127 11139 6577 9447 5828 12424 18675 12800 11543 15954
1743 13835 12447 19819 3408 16100 2285 1502 5302 3688 15797 2387 10175 10469 9520 6887 6447 15386 3972 15120 16396 8297 12596 5214 13329 12949
5565 8945 269 10154 2298 4809 19727 12551 17863 18095 1831 13797 6234 4149 18387 12118 15879 10680 4681 14509 12111 11418 8769 18417 10475 10138
15115 7095 207 10569 12910 18759 9317 3386 3892 8691 460 682 5572 5169 10731 19338 518 4587 526 2676 2798 7846 6766 13797 4585 16356
14037 12514 5390 5087 16812 3732 10500 17298 17219 9702 5178 14397 16780 12363 785 13866 9412 18404 16486 17825 625 8105 5254 7536 14879 12897
17317 10793 19881 9144 19919 1274 15835 10406 9345 10827 18045 16385 12159 13798 935 15262 18034 422 19436 4504 11532 10320 2500 14953 19519 11328
18362 6542 9200 13939 18458 11102 13406 18496 9158 3678 6264 2299 2305 4983 18097 17230 12552 10097 8054 5199 11669 14385 6981 16862 19525 17613
2558 4470 1959 14522 11920 5081 14312 6357 5960 3148 19166 10602 12137 9210 12550 15535 10797 18472 18762 12127 19415 440 3813 14886 11367 18910
15220 4576 17810 13860 3257 13970 6425 11559 7819 3190 13320 19011 8366 423 17629 8596 4122 6673 3166 167 13000 5398 19318 12749 6118 6602
9033 12121 3636 10448 4054 6767 12533 1521 13404 12708 7098 14642 14708 12867 15175 7856 16976 16423 19271 19357 2509 6699 5718 6874 17743 7858
15844 2561 5142 18643 2614 9301 12982 15380 7117 12892 4546 4895 3873 6772 19186 11631 4968 13383 3929 1895 17282 19245 6983 1476 17534 18022
7527 17128 18998 241 389 3793 18701 13405 11681 12643 3231 809 1691 12697 5186 19100 4926 15851 1147 10604 18296 14863 215 4254 1721 9806
4435 15794 13283 1332 1389 4615 10465 10884 17470 8528 7269 2827 3555 3605 19558 12595 8788 2946 905 4114 10943 11686 9883 8980 17548 2906
19362 18338 6137 3657 1986 13602 9480 10145 6403 2954 15345 4615 8243 9483 1300 13975 3895 10847 16069 19240 19631 13127 13650 19265 8421 3730
19864 12464 5416 8104 16667 14137 4875 10217 12598 6645 2245 10873 8370 167 13182 13830 7733 1357 11393 905 3948 7179 4868 10597 2981 14424
6012 16946 10475 11583 4512 6832 15432 14501 12591 11168 15948 14716 10232 11030 7195 4963 8406 18382 4474 16844 18332 2383 12560 7119 14718 6870
10254 1649 19933 2816 889 8801 14741 8322 12098 18206 15628 18909 5796 19429 5783 11901 9440 16102 3881 1020 5898 13307 8824 9939 2888 8378
10132 1841 12154 10441 3870 17415 11510 16496 13126 149 8446 3044 2720 11112 1513 7787 3137 683 3152 1121 11412 19257 5834 15841 6994 10517
11819 5612 11835 6943 18197 8575 11233 888 1687 11881 1396 19693 19645 17157 18123 2551 15911 13958 19954 19328 10147 13131 3100 15583 7801 11687
6180 16341 12541 7985 11570 2670 5219 1700 5145 3742 473 8417 1882 11808 10447 6541 1754 9226 13420 13324 13534 5876 6237 1221 10898 17392
1454 4625 12328 15048 211 465 18056 5348 18111 7192 18434 19678 17329 10500 75 954 5004 10972 15243 6956 16220 7636 5626 1263 3132 19088
1781 15044 6587 11000 19948 1347 6553 10493 4056 3023 16935 2255 11129 1003 9005 5177 6321 17487 8663 6935 18967 4358 11676 6833 1346 5595
16560 18755 16919 19364 7027 13393 4645 16955 11918 795 14910 11685 16295 17874 16518 17246 7304 3942 3481 10457 3438 201 4777 18953 9425 1756
7693 3195 6075 5738 19576 1918 6492 5915 19228 2819 11490 11357 2260 17410 1175 15530 10313 19217 19519 17987 7066 1146 5133 2254 12354 6479
12812 4950 6463 9480 7961 19164 17044 13673 4529 4664 1994 17378 3503 7065 944 1932 1490 9942 7658 9864 19911 2770 9590 16614 4405 3346
3475 19662 15581 19153 13464 9893 8443 14683 14497 2636 9353 4214 7201 13892 18057 4476 13086 2706 6697 7664 9634 3978 2213 7079 19466 17709
4460 18192 11813 15715 12194 18173 17382 18374 16850 11025 4804 8098 3176 9905 8787 13004 4583 3979 14233 3527 9505 5150 17132 12498 6176 1174
15114 13492 14710 10558 9315 9883 17717 16542 15033 14115 2086 2478 7728 3737 6281 3217 19685 10742 14286 9783 10204 11177 2112 17359 16538 16205
19495 7477 8924 457 4795 17980 12398 19745 2152 11362 546 2309 5744 10821 15380 6018 11989 10680 8440 16521 12645 1383 19442 1746 6765 7853
3568 15293 12392 16371 5905 8812 13708 10771 17827 1656 13133 14703 4759 3748 13160 4050 18653 4590 7929 3725 18238 11932 9467 19639 12437 3153
11610 15974 15143 14818 13447 15649 12368 17439 7455 11237 3247 5832 18468 625 11797 12669 6417 18118 10261 14206 3157 13893 13024 13907 12405 18953
10694 16296 596 9686 119 16789 11305 11100 3363 18956 5705 11541 17776 14778 1851 66 5970 4214 7327 19770 12028 8442 2660 4028 18303 6225
8158 18276 1801 16905 6098 3073 3357 15756 8975 6902 18477 13111 9703 12365 7606 9080 13384 18049 889 4696 10698 4349 14044 8942 7128 4602
16649 6699 3180 17823 19403 6339 3244 18331 8826 5127 1944 18999 1847 202 11831 3888 8944 7436 7165 11658 7013 3077 18174 4279 16462 17193
7362 12051 9535 683 18914 4050 2678 6103 12406 1614 18998 6176 19384 10803 4976 2439 15938 8692 7210 19404 7012 19935 14281 18628 1083 13138
12571 4704 5864 1216 10893 1078 16288 14406 14156 2311 2687 13356 12541 12363 7868 17303 10191 13764 19837 15883 4051 8796 19277 3017 14456 5328
11034 5997 2237 15119 3676 5693 14128 3966 15348 1201 10804 16646 3363 17966 19001 3494 11499 11018 5537 725 12498 4986 5769 1230 13108 16772
2006 7422 1349 10773 13451 15754 9045 19526 1805 11971 17824 7390 15061 19453 1380 12711 3174 3470 6472 6581 13580 17873 13002 18350 15387 7735
16353 2574 5835 18284 440 8541 16657 3908 3474 657 2645 16479 12449 9926 13239 9832 9119 10780 13693 12159 8331 7613 4052 10534 11171 9524
7138 62 5002 12303 2583 16779 4093 6659 14869 3924 16219 15769 10684 6717 19387 6548 17298 16000 7086 5520 12596 18842 3706 19504 11063 13015
1561 982 9317 10421 13377 5110 2465 1459 13019 935 14484 13951 13002 8810 6858 19708 19258 8489 788 9667 14655 17412 3822 13776 14659 17584
4163 17733 6578 13969 6872 1294 12870 8351 12291 10951 4158 3857 1769 3479 6276 12836 14683 4961 13794 18604 11233 1233 9962 3511 17205 16306
4354 5374 12133 6757 8872 8647 11846 2104 14256 11143 2213 15107 5020 1549 14222 10011 4258 366 11151 15206 9961 5991 12702 15401 13560 7171
5954 10421 1839 18436 10447 4646 19443 7302 18070 8573 1035 16181 6195 7759 15738 18381 12149 3787 10256 7410 3685 11223 19960 12505 19938 5767
7418 13025 7332 11576 8902 18534 7129 18331 12950 2054 5078 9693 19804 15756 13671 9871 17681 16557 5379 14076 16525 1176 14238 14657 18781 851
4487 16572 6993 4390 10732 7653 2077 12798 10186 10162 5015 1280 6853 7843 13188 9660 17766 3108 2720 4495 6878 5623 3400 12712 458 2823
13337 17785 7925 19234 16311 6053 4095 9757 1382 8987 6040 901 4698 19992 13702 14505 12576 1922 1286 8324 15737 18196 12205 2267 19137 14611
9354 12055 7636 17974 4369 18721 12607 11595 4692 13553 3413 18634 7332 3221 5632 10126 15390 6819 4298 7510 8036 9318 13471 8951 6524 14266
11037 2552 1865 11160 7394 9662 12759 3584 2156 10788 5782 19218 14857 5156 14928 1053 10267 6367 8047 6571 17083 1123 4791 19416 18361 8292
18044 123 5342 16893 10284 12068 12714 7137 6660 11932 12209 4975 9551 5075 12218 13858 7269 8337 19798 12385 307 5381 11704 3112 9552 7867
