365
47 0 58 76 32 41 0 62 68 26 75 85 85 72 90 8 39 51 20 44 68 94 62 19 55 20
357 11693 2716 6704 15118 6745 19496 18180 19820 8184 18086 6692 1412 2143 8185 7314 16425 7518 14931 16560 1719 13099 12586 16931 3371 4388
12013 16044 12401 5828 185 15505 6952 1322 13836 2852 1084 18389 14111 15925 12774 1218 11409 931 18198 4690 1363 7366 18998 16262 17112 5289
15824 9553 15909 4445 16186 8443 5073 19147 10347 5324 13987 455 5123 8224 18421 19740 16426 7036 3974 12081 18071 13097 14180 17091 40 14206
747 4074 4079 17809 1999 13778 19905 1739 10593 8128 13135 10331 16045 4409 4436 3845 19648 3690 1611 1275 110 5504 13789 7487 2291 11913
5843 11926 14642 15112 6042 5279 6146 6345 10620 11372 2953 1545 13823 9764 1091 375 307 9144 14688 16730 5131 7640 18275 18584 10352 12156
354 10606 2103 2901 1481 18584 15025 17471 7250 16308 8808 1404 16400 18610 13586 17831 14515 5208 18787 6605 13719 5218 4990 16912 13856 8314
2107 14198 18803 629 7390 877 19026 5018 9984 6906 9864 1858 18731 11995 19599 8908 10803 98 5253 18866 9280 7440 14387 128 8414 6803
5133 19775 15640 12290 1616 10970 17361 4769 11441 14051 14900 19654 10061 18833 11190 2606 12402 3718 1804 19063 8942 12029 2168 2467 9392 11636
10334 11489 17567 11388 16224 9603 19227 6868 10400 9224 16859 6474 9782 7441 1684 6751 1060 7749 7226 5051 1148 17379 7484 10035 5765 15552
8771 4744 8012 15081 5266 9003 3740 8776 12032 12471 1746 6672 2952 2127 12245 11423 1436 11826 5102 14304 12969 7925 15745 14623 18217 5142
4735 1176 17664 19175 9167 3238 18478 7242 6500 1213 19298 3740 17016 2458 14912 6996 10391 18026 15337 4734 15827 13477 4952 6028 6016 4477
5639 7901 4004 1736 9763 6242 8506 5273 19691 19680 4477 11315 12751 3103 15053 17026 9996 3375 8678 7709 18000 9476 12973 6664 4863 18502
19087 15421 793 9772 11508 8486 17033 6165 4955 9668 12343 2895 9895 16482 9747 5929 588 12584 2795 8129 17227 9225 10042 78 5129 8118
12771 4812 4391 14762 1669 296 14338 13426 6019 9657 15851 11919 19108 11430 6741 19234 4115 7832 7326 6497 13810 9812 14944 9272 9148 5565
14048 4310 18682 8624 8791 13265 5041 13595 2912 13893 15944 16983 7598 15706 7295 3742 12085 17729 18230 13553 18875 8817 17310 11273 272 15404
19410 19183 5524 9667 18036 8747 19932 1620 18763 15603 7586 9786 10652 15128 2325 12943 17414 1677 18466 4383 8131 12465 9410 2625 3179 1653
12270 4381 8502 15972 17310 7659 2396 12005 13560 10000 18869 7949 743 15923 15892 11738 18831 4344 10308 9378 8290 3001 19441 2033 8673 15927
13657 16491 14505 1238 13035 9981 13855 4464 3091 2749 1951 2920 4214 6492 55 8873 6162 12476 7092 12700 15794 10261 1222 16488 11685 4220
14857 18240 4686 1131 6816 3207 8970 3011 8759 18361 16865 13962 12601 8690 9441 15363 19994 5804 9392 13280 3 6157 17522 14759 6319 6103
14068 3407 4952 3255 11426 14554 6785 13239 18330 11050 4162 19500 6021 4774 9057 13826 17095 19764 4155 13153 5992 18778 17974 12566 16118 13258
19422 4223 452 17274 14035 18340 2068 15749 16541 8717 2106 12595 19477 17826 15704 8671 3110 9470 11952 14692 17858 15142 948 16514 194 1299
18638 9283 12820 19537 2943 1023 1190 11327 5408 2110 769 10033 10515 17105 12740 10623 4561 11874 7683 19541 13128 5871 10777 19981 17397 17
5953 10135 15375 1710 1046 229 6543 19386 15538 10279 6432 19321 9836 2152 286 5181 19546 10874 4526 14981 17249 14608 15328 10817 12131 15486
10146 13090 4449 8490 18226 6103 11194 2718 11972 10254 9606 4827 15594 7582 11668 19928 11086 19157 18395 12159 6509 10379 15038 9097 12875 15465
4044 7119 12382 14339 1848 17648 3483 15313 13987 9844 10511 15959 5743 18692 1739 139 5085 10635 17058 1241 10474 4143 12432 2956 4587 12270
19582 1664 6321 5214 1058 11943 8521 15560 1853 9746 17665 19005 6423 7039 16745 1514 6635 10051 2346 14855 15361 2785 18387 18363 21 14275
18016 13961 10529 13151 7906 2245 3735 10208 1357 11815 13546 13864 3876 6971 2880 19142 13728 6319 5924 5604 14018 10465 7275 12526 6541 11153
16551 8951 3084 472 9141 15933 18022 2074 10939 10406 16403 230 6995 1324 15300 16053 9197 2718 9335 13234 10596 11812 1493 16932 16548 3536
2539 5606 17644 11028 6274 3958 14689 3348 14938 6996 13880 8148 6878 19506 5658 4875 294 14632 15312 12220 3248 14254 6860 1201 16920 7364
3060 15638 14959 8453 11403 13952 15527 17850 7273 19046 13252 18026 7029 759 5345 13016 892 6887 1520 19259 19574 2046 232 12467 14547 14138
14845 9162 10147 15633 2519 14923 9785 4400 15488 704 6676 16192 6390 15709 5033 7257 17962 988 8601 7332 18629 19967 1320 15978 8425 12375
11959 14766 10283 4700 12847 3764 12097 1248 7258 15112 11738 9013 15971 17461 12334 9222 7704 19298 2791 546 18647 15041 18903 734 16971 3490
353 13433 11220 12734 19554 2937 19832 1646 696 6479 5377 19732 673 6605 313 15931 6293 13775 8737 13841 9080 15608 10262 1965 17541 15051
15328 2142 19329 19685 15055 6326 18812 11683 14106 1014 10849 2868 5968 13787 3370 19345 12880 10164 16798 18207 6240 10859 680 10704 2977 15236
11955 838 6165 1892 19877 10892 3012 10581 19043 5150 6369 11826 4625 9749 16613 7031 11076 4431 19629 12970 13898 13299 1556 18902 16701 2871
15645 17558 1003 16609 892 16527 16357 12157 14737 12779 6536 18555 14345 8613 2883 3361 449 8179 17237 11194 9532 13877 2004 2700 862 18679
13058 7463 7696 19284 16503 3175 17161 2486 5021 18209 18838 15863 8858 11261 3654 8618 11413 1702 9218 5921 1589 14500 13837 3690 3707 11376
12816 17963 15844 7184 16899 12786 6119 15181 19948 15992 17451 9592 16687 8951 12804 6655 7863 1101 529 7603 18437 6680 12978 2316 9751 13984
11506 17831 14274 5687 15436 9414 518 11442 6604 14383 3475 16677 14933 16237 15391 1497 11321 3624 2688 16557 8851 14124 17215 15107 3473 19917
8399 10025 292 9750 3347 1085 2181 12889 4467 14989 16841 10701 13624 18084 3775 6213 19598 9681 1770 1949 5681 6775 7438 2875 2760 10665
16947 6790 18277 7439 8148 1907 7365 10787 13246 9150 3084 14739 12448 9126 4548 11762 14986 16241 13510 5186 3499 324 13890 16441 3376 15869
8278 15106 19620 647 15670 6576 16964 1815 9753 5513 17953 18576 8253 11332 14140 10182 2898 18396 14093 18041 3961 17902 6271 4902 6851 14383
5869 4826 5588 16525 14446 16186 8912 5935 1935 14142 16628 6555 17173 9149 2734 18024 1306 10113 17553 6878 1815 18856 4286 7772 6034 10744
15881 4400 5463 15960 10747 11125 11036 18596 9481 13407 11080 7833 19965 13980 1049 9802 10400 13617 17979 7906 2813 8797 11756 15177 8602 701
3344 8261 12170 11030 17585 16466 14275 6386 14500 13140 15650 13428 8880 17051 16889 18335 19582 5275 9736 7546 14067 9683 37 11121 5116 5481
13803 17760 10739 3217 13472 15042 1068 2927 11984 9831 558 9978 1900 16727 1682 5343 16576 16633 13572 8924 19365 14285 11638 927 8992 14436
2993 5353 3720 106 18107 10220 2481 1866 13323 130 12166 9522 5448 1351 2551 1999 1498 17716 2702 3186 13823 6000 15569 16336 12818 3157
1190 18786 10066 17542 1510 16830 17501 7635 14258 544 8506 19019 8092 7169 16124 19619 14875 8907 10424 11762 8012 17782 3087 8679 16959 5385
11226 5571 17271 14336 18801 4287 16770 4905 19033 19469 7132 12903 10733 19350 18807 6549 12685 2957 568 14572 18011 9310 4234 16078 9404 806
2970 15150 2729 11231 8557 3054 3427 11397 11865 9284 808 9615 13151 18834 8377 14042 3209 9711 13742 1304 18708 9457 2316 14188 6621 1517
11433 10850 2023 9545 2519 13390 19329 11974 3056 14822 2355 8362 16792 13437 7439 2802 18648 13028 2787 12917 582 13523 9428 14799 3237 1176
9738 6298 18533 9398 7558 8424 17699 15492 4091 1563 1693 15051 6503 6519 5792 6831 12281 17156 4353 12777 13122 17446 10184 15375 11337 906
8159 15562 19642 5745 9015 12396 18503 19561 20 7777 11384 12990 1880 8790 16489 11847 15650 8841 5823 12248 6153 17964 18792 5524 4302 13788
14388 11256 12619 11006 11195 1985 15863 3119 18905 3624 14710 58 8661 321 1595 7005 5251 6950 14853 7122 1502 14091 16723 12625 10683 17497
1872 1550 3608 5170 5084 10005 4121 3005 12798 14691 2691 13037 1096 5184 146 9381 9020 8488 1567 5748 12186 10007 17148 5401 19279 14347
13273 18917 4127 19036 4796 19134 4254 12037 7061 1468 12699 19054 4116 17909 9218 3990 1766 363 576 1594 14922 788 5200 18779 19434 2796
4379 8571 2541 16840 17452 7222 8985 3676 8295 19792 2273 17378 16703 13604 8426 10897 12942 10860 1609 7804 18460 531 7789 12214 12035 7569
5244 19586 7729 15029 18850 4739 14056 18954 18279 10375 3386 19907 4772 17860 1983 14345 18125 7030 3520 13656 10043 1199 9350 6540 15463 10563
18141 1715 2457 4501 2675 7925 4605 2641 5830 3171 8351 17713 17936 15078 9884 7982 18990 10679 17695 18855 12754 5947 1446 2532 6202 12849
11888 19228 10058 6279 11279 2258 15783 6832 14799 5586 825 915 4077 13356 2623 6652 2810 911 7263 7844 9878 12773 18055 15971 18306 2938
3050 2675 325 13153 1596 4063 17226 13392 19209 14419 9352 5450 17853 14202 5665 3054 9437 17556 10014 11964 13306 19492 14689 12055 14524 16200
10238 2783 12618 4855 19179 18123 18574 16022 1223 13857 1864 7721 15801 17767 2818 17059 6454 11645 12933 9337 5835 17540 14585 7757 5707 14922
2597 4466 14612 677 18945 18670 469 9329 5308 2637 4811 16690 534 15228 7707 9132 8402 2054 17629 12889 3902 3619 7896 589 4323 14027
14114 9026 1295 7308 15731 19327 10798 1590 15245 14854 6936 9517 13780 2109 13626 1055 10117 6669 5311 6271 3787 2635 9466 2244 4735 2506
10045 8494 9876 183 3011 18672 8034 12227 326 3574 15763 11143 7903 17157 662 4578 16424 8806 19193 5586 9671 18576 4681 18465 8020 761
34 11935 12025 14453 13328 591 15169 7922 17645 18598 9236 12614 8885 15536 11270 17928 7300 4806 17106 3629 10476 850 5875 11154 11008 16805
6841 8575 2419 3219 1698 4347 932 14280 4774 3153 6041 12699 12455 7588 2992 6111 15355 5092 14268 16576 18156 16034 4764 15064 17201 1564
2498 18440 5265 16867 3171 17591 13346 1502 3747 19020 11964 12720 13270 3307 12308 10839 18625 14214 10116 5653 9440 4079 14245 15706 4968 17238
13804 15170 13646 5213 12214 15948 19104 15774 16169 17551 8683 10432 18244 4975 16270 2153 9955 7541 15631 19758 15723 12834 17769 1246 5337 7013
10021 16129 13869 15560 12513 8856 10935 10985 17096 12673 16854 7141 9095 430 14009 7536 10044 1717 16308 10676 7768 1108 11066 11592 3620 19304
17693 6279 12548 13102 4808 15685 9686 15443 18901 12831 2369 11165 16503 18125 13707 874 5190 16572 5319 13572 16794 16860 10678 10295 13055 2287
19827 16124 11607 8682 14925 9606 6017 9516 5093 6938 5286 13042 1240 14629 15857 6823 9965 3359 12422 11003 7613 12754 17823 6220 5667 11733
2079 19891 1681 17228 3684 2679 14285 12117 9310 18167 9486 10381 15765 14199 19876 46 7965 18385 3606 681 18711 15328 12712 5750 9030 15399
8826 11573 6855 9104 15300 7386 10726 10260 8048 2475 5068 3531 17043 9498 3434 9997 6126 3501 17081 6877 12688 3708 15459 13948 10060 12319
11135 6063 12188 9968 14293 1874 7847 5513 11168 9714 10871 12740 3785 18366 9766 8592 11460 17042 2880 7920 9919 7795 15760 18642 4001 10702
9674 17648 856 6249 8549 1252 8379 7897 4955 6905 11531 10520 3813 19138 11479 18570 4243 18950 14197 8493 18038 3770 8925 14815 17836 9405
14482 6181 14252 2201 5736 10409 11435 4657 2023 17520 16298 8820 16727 13168 16169 15217 18162 13180 2065 8888 3556 1712 19504 6140 18043 3443
10837 15818 10867 17599 16352 13829 13372 15878 17169 7 16022 5760 3823 14711 11078 13050 16657 11067 1491 16276 13640 5088 1096 10964 11256 9598
5592 5395 6712 110 14592 567 5146 12814 7734 8442 14964 11018 9687 13678 12633 19966 4533 7163 10583 13812 18410 18315 14519 1547 10097 11185
19337 3321 4792 2862 7833 4490 9845 5962 4749 9689 13632 3610 18116 9669 19595 4515 8544 1153 16879 18476 12736 19152 6920 14202 8022 6970
17098 13382 9012 7211 12266 2379 16177 1374 18744 19527 6443 19937 9162 7178 2251 9545 2368 5284 13978 9727 8801 6323 12305 5155 7838 13881
2242 19148 18190 7026 2081 7653 4101 14183 14346 13480 6299 10118 2746 14078 14493 3756 16392 5071 18154 9788 13407 4779 13787 7305 15535 14744
8400 19294 4028 5726 18643 6456 16733 5227 18367 1629 5227 18562 2734 3118 273 10221 294 13120 4292 13894 12895 11279 6563 17148 12508 19705
9433 15851 19177 9379 10674 9903 7528 8241 3207 16609 6520 14465 7019 13157 5685 17550 12053 4268 10513 2936 2132 3447 14012 3890 1363 3124
16236 4467 18998 2186 9628 15542 16615 14626 19852 15280 11272 3854 5788 18583 5173 3665 7711 3144 3735 6626 1110 11844 3007 17486 9222 5933
15345 1948 1850 7644 11353 6 9528 6249 19603 15736 2569 15387 5383 15843 10862 9370 854 15696 16401 15423 8032 10537 16433 14186 10038 13700
1647 7732 14036 9460 70 19175 7309 12758 1681 1745 16661 11416 13597 7657 6932 17232 32 10311 15924 5724 740 11835 16694 15833 5916 13956
8163 17220 4072 6355 12522 13658 19490 11642 18715 5751 2538 12755 6657 10959 3724 8198 15172 369 6078 4049 967 12693 2704 12623 12178 14450
5833 17766 19201 13880 9401 18873 6418 2997 12188 17630 9490 11828 18086 8793 9952 5985 10258 394 11250 3222 4999 12810 19544 3369 14483 3087
4078 18154 13232 882 10053 236 1099 5190 1775 14498 14349 11643 15993 17333 15491 19797 7090 4546 3611 7247 15257 14278 18454 6700 16718 19873
6981 11645 7570 13623 17056 19252 11186 12209 1958 14325 17114 14421 9302 18579 3061 13463 12785 18310 12281 17760 3575 2228 15391 5844 4482 403
16393 505 11069 11655 18802 12108 17683 11156 1118 10418 18739 7305 185 6812 9614 223 15368 17752 9433 15444 5179 6784 3284 9898 4631 8126
11020 13630 17772 8058 13736 12086 1875 1490 11042 8280 7535 5131 13008 13945 7468 7552 9391 8940 7898 142 16340 2035 18557 9639 19671 2027
16115 2232 2306 6111 4330 17379 2008 11740 2896 5552 2158 11451 10569 13468 11825 1767 176 2808 6432 2351 17551 9139 1356 4864 9471 18269
17592 4522 10667 16860 10768 15561 11627 11713 6349 8634 17297 19275 136 15629 15504 2604 9614 15217 17533 16992 7477 1081 1929 11868 4602 18509
17625 10857 12643 4547 12103 150 5570 9488 4073 18439 1068 10690 3915 10452 18743 16250 19623 16268 1605 14920 12689 1238 2035 12474 4108 11456
9319 8935 13516 8777 16864 11417 10703 5907 2702 17519 13284 18463 1754 6895 7240 2803 1813 18302 17542 15467 8164 69 6191 17959 19058 17333
2767 14140 13846 10487 6433 18664 8421 5369 15105 6111 9392 14591 2215 213 8399 3329 17579 3063 15461 6183 13706 7854 2074 4867 18039 871
14737 16126 6969 2245 12318 11009 2068 1998 4360 11198 13079 5432 13685 8868 5223 9374 940 16461 7259 549 4366 4164 10866 6643 16201 4936
17668 8975 1728 496 872 9772 13064 2631 10583 17828 1940 12021 14219 18923 9699 2311 4673 4685 4788 9682 5602 7061 1031 15602 18393 18193
736 1460 10784 17935 5589 7632 2367 7545 18685 14463 11770 5796 3991 485 6455 7256 18999 17264 10602 14614 14139 3359 8504 2202 2253 18796
13205 9022 4223 15251 11725 14863 7597 16457 18928 13270 19825 4474 5727 11354 9459 14211 14090 11831 16601 10295 40 11751 15320 9820 7633 4131
12309 9997 4920 12505 1601 26 12908 16064 3847 14922 79 15705 14412 12158 11663 18525 12373 14113 2795 5420 19659 17008 2791 2805 212 15543
4235 2991 7226 3939 12172 18404 10821 9547 18479 11255 6158 575 1715 17673 9162 7203 1070 17297 12724 11283 14356 4321 19584 5870 369 9839
8819 19218 9729 13644 12966 9371 10516 4673 757 1611 15586 9169 15907 11468 17110 13556 6590 2486 1187 15755 7788 18868 9438 9760 2959 13113
8941 17749 1599 10001 2524 18779 4457 9314 9171 14069 10075 3224 14746 2853 15626 5741 11893 19495 9937 16202 415 6265 15051 13792 15420 10173
16334 19824 3501 19103 8240 8325 19109 13109 7746 15303 6621 7908 18563 13882 9749 2091 8331 11996 17763 915 4685 11794 18990 4110 17823 6443
10098 11846 10627 13617 19508 10853 14682 2353 14710 8371 912 5629 1685 14524 16766 18042 16278 8764 9283 18112 1152 14203 16285 6979 7619 1159
10718 14870 3970 7808 3778 19697 3645 14065 17330 7883 7501 4706 301 2753 2529 8537 18995 1770 17245 14779 15632 5402 12133 12958 1677 84
16977 9488 15619 16751 6065 19758 10084 17809 14188 5695 12987 12975 11688 17907 16090 12747 17475 19040 13227 8646 19689 11319 1151 6457 17248 9183
8135 3708 4217 9179 4107 4718 5555 9925 3868 13712 8381 18451 3673 16005 19672 5158 15581 213 11228 5558 2851 16981 5690 18723 9361 2330
5148 9537 3483 11238 9566 10692 10857 1911 13485 11919 5551 4757 15523 3691 15467 916 15524 17639 19222 9638 5812 14743 1240 3661 9711 8487
9591 11417 11034 19756 3992 176 10445 1147 4065 17841 2100 6306 10216 10557 17338 1802 16550 17811 6375 5518 8110 10021 5999 6434 5363 8361
12558 14803 3637 10432 784 5207 18554 16065 17787 4076 12507 6980 2744 17974 17340 4680 17767 12444 4519 19887 1687 5905 4493 12805 14599 19621
12087 3686 602 6723 14861 11296 9385 18549 7101 7655 11495 18125 9124 10725 11598 8101 12078 6361 496 9956 14036 6387 6876 15793 3404 17215
15879 16485 6640 14817 15320 4590 19099 18126 6366 10341 18952 15808 10931 10864 4103 19759 1985 2949 1069 18979 2156 7137 3283 8734 1967 14770
8375 13549 19932 7537 13610 7827 16612 6650 1444 16630 8920 3033 17116 9706 16617 10781 59 4544 415 71 16883 19177 114 19631 17949 504
9587 16457 3827 18338 19944 15315 5332 5195 4520 16587 13867 15768 3724 5698 11248 1488 17252 18706 19674 18290 9145 10030 11496 2805 15975 14508
217 11095 18109 14598 11690 6079 16806 2414 12003 4938 12654 3199 17682 16734 6950 15656 11263 11241 7051 9272 5499 13136 12963 3209 7524 19615
5178 10893 19627 18248 3421 4755 15067 9774 14259 13615 8196 5427 1685 16197 10749 11538 6391 17299 5221 14679 8372 3691 13902 2483 13435 11559
502 2980 12909 15490 5594 13926 5627 16483 16330 19234 2256 9228 10409 9526 17059 4115 6793 7704 4092 2707 4324 12791 14358 8456 4382 2209
4196 14209 16872 17831 1719 12874 7343 12000 17898 15080 3599 1896 6252 9649 17984 6601 6411 14776 1698 18585 10676 6792 10551 7367 6574 18696
5245 834 10409 16580 2125 4230 17008 217 1931 18180 12113 966 14450 15437 9471 5309 4281 14278 15851 13015 9469 13325 4616 16451 11498 18066
17900 1542 9035 7331 14219 18280 3644 17821 9561 8783 19835 11748 13730 2683 13201 11704 3440 3868 15083 10511 13123 10179 10979 4434 15793 19821
16448 10913 2528 4720 15528 16116 7490 14899 13624 6749 15350 10338 6946 6195 15271 6513 6038 14200 7024 2386 17218 12582 4511 7412 8526 17452
17635 19593 13588 4089 5643 305 14919 18240 15506 16574 18871 18044 3103 3292 17488 1980 137 19116 8933 6963 4514 15774 19183 19067 14552 4019
19844 13395 6416 8783 8710 17150 12840 18986 13528 17983 7372 9012 1003 2735 17105 12325 6517 7653 4209 6071 18437 16294 9902 15205 7386 3834
4395 1249 9026 5473 1413 3082 18764 19663 14037 6888 6738 15465 11817 14626 4870 6997 7507 16096 8406 8638 17763 14966 2746 11036 2403 19772
15035 14285 9661 16748 11285 12007 945 17053 587 9838 3926 3903 742 16513 13467 1604 13025 5862 12300 5894 5832 9684 15807 9574 5509 7328
9351 9947 13151 2923 4920 17697 2673 12082 4735 15149 7374 18879 4470 12053 19153 11454 1571 4078 11089 3613 1218 11521 1018 19341 8978 391
16888 5873 14601 15907 12094 1197 18028 16649 19668 17302 1812 16319 2484 2781 1032 3056 3050 16833 10518 1157 9573 1859 19361 8946 16542 15672
13535 19468 7782 10566 11750 16204 6197 17546 12596 13604 17615 14845 8928 9942 8665 6966 14084 18516 16641 4582 3984 3334 14052 10558 9972 11147
110 14972 16778 16292 5572 4212 8687 3012 7711 3600 5629 8113 2119 3941 399 13674 12634 3172 13305 6312 1855 4867 15327 8911 9847 5632
2697 12334 6226 2364 12783 17063 12803 3216 1790 3247 5586 5054 4181 17435 12935 12922 7158 15166 719 19162 16166 18545 3374 4255 7444 9558
9572 6548 2204 1508 18547 18670 1509 13439 4327 11263 1839 3090 2067 1669 7550 10867 2046 9024 8230 18594 16370 7725 1484 9550 4046 15414
5918 13319 13179 17356 6068 3655 9031 12990 12313 18345 3591 9786 11867 12100 16311 14992 12872 2487 14853 10441 10136 3349 13614 19074 15036 16744
11643 1061 15573 17181 16510 16982 16240 6859 5355 9971 5628 14720 15246 11319 9148 14816 10660 9278 14389 3229 16310 602 5475 48 18904 325
14169 19867 546 14053 7840 14753 13422 14877 13100 12963 4616 1127 6145 16086 8300 8660 18845 13938 678 17339 15528 8506 10570 10046 4428 3970
17475 12752 6593 10882 11470 15793 17103 19916 18664 18209 11012 16148 13519 12192 5326 1557 2949 7343 12377 5518 16059 7125 2507 5318 11525 12943
3872 16396 9362 5810 963 13677 8626 14270 8739 17360 596 4955 10479 18098 1362 4332 18457 8523 4148 13712 7022 10294 17070 11079 5451 13700
7138 5248 17311 2247 12415 3717 8582 18580 3600 7783 9653 14245 11323 10957 4708 12805 6123 16264 10570 18301 12728 1122 9424 10857 6146 11305
18231 13995 16368 13824 2151 5444 1873 15640 1932 275 14652 12055 3488 10423 13395 255 380 16127 2076 17377 2347 699 8087 15975 15875 13042
14555 19609 5293 630 2519 5383 18150 10730 11443 11806 7775 2413 11863 10351 11199 11956 1070 449 12675 1631 14118 4871 1560 263 16552 8277
11282 915 6427 17243 17533 5302 15440 13821 12371 4296 16540 5497 12928 13421 10779 18645 3952 3430 12739 5957 1573 6636 16669 19499 67 9561
11925 1406 17559 1635 3417 9364 11244 188 5487 2936 819 1811 16173 1296 4263 5721 8501 11054 17092 8968 4219 13494 3439 16683 2679 13959
10772 12110 16894 5684 6097 16332 19965 13305 3066 19751 4522 18386 12482 6999 4032 8690 10563 4205 15897 9313 6038 2934 14531 7998 2981 1426
16074 6252 3853 14088 8511 16198 8007 6114 16415 1245 6615 18882 9425 9345 9776 16874 13011 13253 17096 15664 3738 9308 1622 3094 4912 1033
2284 15693 1639 19604 18529 13498 18316 18090 1415 744 13172 10197 17174 12028 12338 17115 3538 19974 17839 394 6493 1296 15764 2581 11584 16440
11497 16865 1963 5760 4574 9559 1193 3720 16004 19947 6420 19613 16018 5212 18447 19572 9271 8464 391 11770 18523 6123 9257 13016 19216 2530
16848 3805 4222 12831 11101 8478 11708 17489 11615 9992 18125 10862 6932 18133 11718 8904 18522 14918 19848 7707 802 19992 7834 14495 13315 17638
15346 3560 19969 18020 4276 14864 16848 783 14972 13690 16276 4680 6345 1296 4960 16536 1479 19907 8941 19985 3679 14684 2807 8238 13231 11922
18618 18834 3750 6905 8194 11051 16998 6821 12128 9451 6232 16979 4248 2784 4747 9875 7609 6829 4631 7741 11312 10619 4348 9889 15495 3171
10654 18434 16872 13010 13732 6246 10434 993 6181 8092 4107 18618 19176 12469 8118 4305 14336 10721 10187 6292 16491 2938 19765 2467 14174 943
15484 17556 14897 9911 13548 1868 16718 5813 1016 12298 6626 103 14600 112 16830 793 46 4071 14667 8559 16080 10132 16142 16601 9611 5870
3873 18740 18028 5430 10549 13360 19994 7494 2741 11386 9409 2195 13066 12687 4218 12108 11203 9091 6245 329 16368 191 3798 18851 11532 9360
2105 18547 3758 7472 5401 16703 15017 14531 3389 1802 8321 15004 16217 8246 4933 8495 2088 15725 12519 19207 15623 6975 8047 4483 13653 1811
3231 10302 36 255 6245 9371 17918 11076 13152 1724 7519 7115 5241 6100 6244 1405 11342 8349 14781 16401 17010 6802 14349 10338 14871 8315
3643 4771 16148 11321 19032 14756 3045 3097 19502 7059 8822 2220 8672 15441 17567 18184 208 6056 10054 4101 8727 16368 1944 15485 12458 9180
9310 19577 11880 8777 15337 19367 7863 11143 9133 15830 10443 2484 513 7453 546 17283 15361 15501 17435 12781 14786 8169 3468 19710 9129 877
19185 8482 10692 13691 12611 10787 3914 6431 17214 18252 3196 15285 7261 18903 15701 8829 13000 8472 16645 12714 4542 5332 11563 2247 2024 11523
14890 11109 9020 1204 13904 4366 11810 18533 19405 11917 4855 19395 15189 14426 6627 18669 3984 8766 10833 19465 17463 10675 7668 3762 11475 9202
17516 13992 7178 8979 8685 6323 15256 15915 15554 17262 2843 10113 5437 9540 6809 145 7594 6594 19639 4203 19547 13125 3722 17167 7377 18742
13634 16349 4793 17530 13502 7088 3785 14155 6033 10896 12325 12456 8752 6288 8467 19245 2847 10793 16883 7021 11353 3264 5911 3884 19722 5671
934 3823 620 4137 7649 18334 9967 3201 18432 19740 3458 12468 10531 9675 16894 17521 12142 4289 4811 19949 11683 1064 10373 1725 9084 8058
9973 7442 9520 6242 8285 6649 12207 9417 9405 6089 10659 14891 19632 11059 17663 17863 15284 5 12098 16859 5083 12104 14263 6024 14930 2955
7430 17230 2849 7664 15609 8903 7106 18876 2545 10659 5361 13071 1603 19457 2124 18065 17337 17742 877 5721 18163 3731 15673 13469 11327 5449
18785 2950 17002 15136 16468 4097 19627 19826 1219 2153 12659 5587 16326 2687 11335 15754 9023 1343 9125 535 7788 7710 1032 11172 7718 6921
17475 729 16401 713 19664 12575 12474 9072 2749 6154 8743 1703 1239 12521 2829 10277 6473 19218 12421 16128 17626 19272 10045 727 16255 12671
7793 11792 12681 14315 4498 8009 17533 6359 18805 8595 1920 14359 14775 18573 2472 5228 15294 15805 5582 16064 16252 4048 6213 12340 9974 9123
2696 3165 14994 13333 3279 7416 12107 9467 15827 6243 14984 18480 10487 18143 7421 9003 19403 5307 4079 8675 16609 5372 17111 9996 17789 19505
14335 1056 2764 16161 2657 6862 19471 3750 6199 7246 14933 2959 16821 1473 7028 17271 13043 95 13067 2417 9964 7535 15728 19545 4138 18665
14107 5004 15247 1712 11961 15862 15393 17991 12807 18537 1436 17342 12896 1658 14726 4669 17199 1014 9630 18407 6009 6278 6693 16413 17585 19372
16178 18824 12184 19442 18071 11478 11797 5926 4220 7235 7914 18531 1123 15646 18571 6522 7550 11397 15547 2152 14517 8751 3481 10106 14228 19743
5182 3055 19689 19886 14313 13353 9435 16549 14108 5570 16136 10467 16379 8249 2696 2107 4777 3212 19895 17147 16007 10890 10376 18539 13250 14682
3748 4361 9769 7502 4916 11727 19557 12646 16402 6981 12856 5035 4452 19119 8843 19430 2531 374 4451 19649 1976 6225 3904 13407 10057 4935
4436 17850 14577 14195 16346 6469 7936 5585 3252 6246 9546 10484 9630 19269 16102 9170 7422 11213 17520 15889 4399 18282 11388 10612 3069 9015
7946 19409 8133 5740 18190 130 18804 9706 8822 18604 6184 6381 11471 15634 18694 14007 18435 1724 1885 7030 5099 8929 17287 5070 986 9108
18683 629 6402 9069 16433 10337 2301 9505 12682 260 17227 11909 9404 16371 1520 11397 17536 3770 351 6024 10746 7645 19179 8423 17046 9653
5796 19290 2727 4039 1318 14994 14048 15022 1689 7057 7171 5408 4641 14804 3613 5379 12803 8190 7022 1777 18113 2724 5134 1104 9563 16165
15054 13372 9519 1827 7352 6487 5585 14970 7408 7592 15295 6097 1791 4360 19305 6078 16223 12344 2511 15932 1904 8049 18695 7815 4792 6586
2734 17633 2458 5016 1865 6619 3186 5294 6836 5847 12284 19756 16311 15134 1527 8762 1044 16296 15596 6847 17246 13495 15559 5784 6919 4991
6973 10522 14443 8021 6541 1364 11716 12300 2456 15589 1095 5096 14931 9053 11210 19372 780 14067 659 17729 2706 1230 21 18906 3367 16392
5267 2786 8698 750 4765 8896 11472 7276 11565 17114 4152 18131 652 7727 17810 17713 7541 3394 4185 10632 16724 9803 6493 12534 18573 7791
18250 11905 18907 7953 8421 15822 13797 609 18883 10079 8361 13628 17574 10672 14108 5613 1894 19056 6164 7566 19752 10457 12814 10561 742 358
18443 11915 8595 12961 16459 8159 16761 14909 862 2905 19704 19123 1562 6899 243 6837 17509 9676 13075 28 2952 899 6672 3606 14958 4746
120 9313 7221 18733 12337 6995 3748 7811 5434 15041 1965 13112 4575 7814 5337 8490 5696 11278 7571 7054 18394 4391 17947 5024 2496 19744
3065 7604 2649 14550 919 18227 6080 18563 6509 4327 1345 10656 15258 18714 3193 11391 1518 3781 11136 5373 2987 14588 10731 15766 16737 12423
19581 1736 15689 18451 253 15193 3401 8065 8123 13024 17610 5489 8353 6651 6718 8087 15066 14804 5497 7494 16227 8666 12037 12123 1060 18451
3987 2663 12018 4693 7782 10317 5770 9287 15291 7321 15173 14634 17929 19551 16452 13556 19449 8925 9553 16986 11970 13713 532 10853 9686 12937
5628 17235 12431 11928 7257 9684 14622 14286 10042 3256 11091 8895 3481 9031 3463 17663 7892 6283 15985 5332 10568 10878 5769 16106 7959 11607
4542 6063 9122 8174 11473 18069 2653 13991 16666 14551 15277 7202 6092 16746 5249 10564 14534 19933 11626 6823 10487 19130 528 11248 15613 16829
2882 6445 11510 343 5155 717 4485 18866 4747 4827 14373 8757 11845 16786 6317 9193 821 16981 3307 9456 14921 17802 12451 6760 14835 2793
2640 16133 16710 10282 18341 11480 13820 8407 16009 3901 5903 16504 19153 7490 9286 16233 2892 651 15449 3243 1382 15110 4571 12026 8854 2861
458 7201 17779 7902 5307 3558 14998 3988 1979 6786 15757 10546 15722 6762 10437 3573 8059 341 3676 13275 16908 14942 7928 18680 15243 91
19027 19280 1489 10429 5615 1070 11993 17914 2329 1442 6327 16066 6987 17020 17670 11079 9118 2602 15413 8175 14729 10860 16799 16537 3159 13437
2405 16371 16736 8005 12396 13396 18880 18809 4631 86 14408 554 2512 1006 185 11668 17376 7670 1531 14405 12064 4161 19703 17047 14868 1856
6022 10551 4525 11524 15278 13307 9287 9029 2661 19488 12484 1908 9047 10073 6800 13725 10162 14374 12912 4197 9118 292 572 5272 10825 769
14819 5286 9847 3654 9285 15156 18813 17723 8953 11152 2150 1261 714 5927 12983 1073 13518 12274 16690 11246 206 3034 19709 13064 9865 4822
11357 7386 4204 18356 1032 758 6176 3326 2101 4486 15518 10809 16677 2323 497 6770 1123 7314 2882 12710 12400 17706 11 1403 11530 10770
10344 2760 12622 13397 8601 7285 11206 11243 2667 13106 17250 15916 491 854 15319 19071 18725 13679 19288 5568 422 16582 4548 10883 14018 15454
4986 1720 13694 8697 10307 1659 19747 11237 12632 9180 1612 401 12815 8549 11863 3800 1104 500 5951 10548 9457 10726 3890 16785 18306 19788
5242 19449 1482 19722 646 14244 11856 19346 14856 12441 14679 17588 6889 15035 2020 14537 7584 1654 19497 175 12297 9604 16756 4510 15039 11739
7662 2734 12968 10010 17266 11123 17760 12401 19549 17492 17628 11064 640 1587 4222 4380 18999 14785 4694 17752 17858 7817 10306 11232 11522 19277
5989 3737 15042 15339 1064 15766 13475 15957 7047 17428 3860 6362 15276 9297 14793 17330 17491 19708 1163 18068 15659 18935 10116 11140 18623 15879
17072 12303 19600 11986 4339 18151 13695 18878 4157 18301 19293 3820 13728 8887 6888 18755 12458 11867 16739 672 12987 8034 15495 2049 2186 10397
16931 18976 14399 1316 13295 18160 17354 3548 7508 18616 4183 18181 15721 6773 6191 4316 15453 19108 13867 7852 8783 15579 2967 11194 15177 10656
3872 2606 13262 18327 15042 17673 11058 8155 19082 2144 9649 8283 1085 9376 5050 7965 10310 17844 67 3154 7075 6482 8052 9918 464 14419
11403 13555 10350 15782 19982 151 5495 1545 13669 19651 5312 4868 16135 2540 15138 5594 13110 5364 6547 670 15593 16918 1583 12634 12389 19742
14210 12684 11027 1318 10625 18546 17721 10335 4953 728 2705 5760 3488 5461 1125 19317 13857 13798 17496 4057 12553 5730 1704 2506 11855 4926
17945 5247 19003 16613 9823 11397 16854 19197 2654 8080 4324 8447 13833 10065 4352 18823 5385 9668 19722 10502 9554 6044 17135 486 3400 7576
1071 13632 1703 8209 9053 4087 11882 4008 3120 5998 6820 15301 9897 8807 2407 17550 8809 4519 5827 10922 6276 6562 802 7547 19272 3250
13443 10024 9087 9342 11243 13246 15375 1336 2487 9024 1373 14595 6587 7422 12971 13056 17205 8569 16584 13401 3773 6535 7114 2434 4895 19952
9240 11140 375 16474 8271 10237 14359 17552 11278 6436 2123 10659 3131 16914 2786 9791 17614 7932 19478 19759 15712 2731 11271 7755 8896 13777
10445 10517 2753 5207 11637 2173 10724 7374 8020 2761 2564 17373 10082 11254 18290 13227 13523 15034 11764 8064 19363 14205 560 10263 11613 6139
7539 6 7694 17557 9455 11150 17450 9822 12318 14271 16896 580 1585 10824 14481 5052 2724 5400 6638 18680 381 13848 7085 18612 18500 9418
12303 4378 5543 6803 11659 14829 4847 2810 15989 3727 19147 3280 5367 11352 383 19164 741 11306 4114 19777 19351 6213 6335 3829 4939 5118
9884 8872 7309 10686 2896 189 8996 15237 14279 4419 13029 3016 8976 12237 14524 11271 308 1824 9751 14221 4061 7263 7333 6358 10992 10338
7548 7208 4764 6705 4399 2718 2378 6764 18887 7904 16536 218 8112 19672 1489 1877 11797 6699 16093 9615 14634 7992 15962 712 12084 3399
1383 558 13843 19590 13036 2286 1961 7646 13108 15333 6850 8277 14874 5014 10871 15303 18930 12293 1947 4745 2380 9473 13010 17909 10533 16930
1495 19042 5675 11020 7194 10971 5761 2823 1991 9490 688 14367 7905 13515 19916 18150 11494 11646 1719 17916 13993 1769 385 4825 19602 12150
16563 8963 14640 15204 3216 9827 19646 7374 3193 10933 5785 18687 14227 13067 13257 13770 348 5418 12115 19057 17448 10005 2127 19605 4748 5858
4645 18368 5763 1686 14921 7788 5073 19139 2608 16727 16673 2881 9892 972 9202 19715 5273 11352 1653 428 12357 1339 14596 4562 1995 6673
13568 15692 10434 6883 6219 19528 9794 19223 19375 269 17605 4476 5466 237 6018 614 9590 4079 3300 12232 331 8852 4220 9931 16152 16877
18624 17104 19977 925 17733 10190 12661 3292 8285 4572 15972 3514 11835 8304 18412 7426 10628 12671 993 11045 16996 11447 10429 12490 9990 906
7506 14584 12382 15086 11542 6188 18841 13170 5230 7929 678 10034 1231 5657 12369 17891 16128 1282 7133 16777 10966 12955 393 1091 12127 17469
12554 16541 9078 2902 14726 3375 2233 15013 1015 12963 6906 17267 17033 6299 6240 16224 19029 2616 9709 2802 11114 6092 17683 742 6625 1140
4112 8793 6429 4225 16096 12671 11258 13148 18825 13769 6409 13614 6756 587 18641 8275 863 18532 15976 9731 3371 1816 18432 630 16174 11383
11726 15642 12434 8961 12931 18390 1793 8593 8051 5070 13099 7246 19813 10885 3936 11287 5026 2088 9186 3144 15891 2586 17323 4832 5893 15860
408 14889 11155 6947 5022 12771 19214 11906 14846 15966 15852 16723 15194 10662 14629 8846 9495 18898 2778 9796 4366 5716 18432 986 14318 16333
7008 10402 6496 12868 15416 16621 8348 13537 1952 14191 12281 7779 13408 13132 9801 11186 11847 1598 6039 19455 5430 16790 8266 477 19697 3193
5466 18315 11527 16601 2856 3779 4197 16093 17192 18500 6470 6875 3700 19136 9306 4462 4176 11933 2037 3176 6883 18515 6679 10066 8792 14570
15907 5906 18333 17800 11044 15639 1104 16798 15765 10370 16118 601 19234 19302 5398 4884 5305 6596 4840 4358 775 1004 7449 7692 13720 9603
18625 16041 11506 361 10889 10908 19453 1576 8371 9213 10805 19202 4279 12966 2157 18048 2142 19685 17644 9546 2541 8104 9008 10032 9669 7500
3489 16944 6873 14836 15604 19676 13141 1358 14719 10321 14468 14751 12884 17595 7760 3482 16121 1495 6430 11884 7369 13588 903 937 19775 3498
15767 2611 5486 5229 5465 19840 5722 13199 19646 7790 4965 8643 17168 7157 4263 5059 18633 5641 6288 3179 3227 10832 7653 17545 3378 8549
19958 16380 19126 7700 16263 9693 6343 14854 15735 10918 8898 6989 4452 1136 10131 5138 9819 5452 7675 2797 10377 6601 13400 7723 2104 7464
7744 12823 14983 4553 10273 5390 13332 12146 16598 9012 15802 10031 779 4512 5054 11185 12944 11409 7188 1264 6170 18955 8738 569 1530 5711
19746 9966 6452 19465 7987 9769 15409 2055 7374 12142 6869 19266 14001 9008 4074 16309 14954 312 4888 5211 1224 10701 18470 1641 9264 14911
18995 1596 3712 17077 12132 18793 2505 12011 15038 12882 15242 68 14094 5333 12078 10711 19948 14868 14794 4396 1861 13582 12446 15778 1078 16593
18487 16901 8429 17420 12215 18346 12009 9593 3843 757 10985 2274 1132 7656 15538 9704 11163 19658 19548 2840 14839 12473 1398 16705 4722 11571
6012 13120 17935 10679 11649 796 3996 12414 19184 17998 15137 15219 15791 1978 756 5815 16502 6621 16834 3947 14970 19423 1301 18093 16162 6732
18448 8491 17250 7768 9048 14240 1357 15700 15133 12044 6287 1887 1787 9280 17209 12003 7361 15116 14674 9334 11696 11877 15235 10682 10596 9346
12471 19315 15093 18769 1682 2017 13775 2665 16122 8336 10500 15566 202 19764 14278 17822 14244 11181 12162 9920 18496 10327 11464 1417 3173 7046
15463 2441 623 10876 6920 6731 9754 15981 17783 4025 18714 16855 5301 6428 6115 15825 10241 1823 34 13291 6736 18806 6510 606 170 3288
9123 12019 261 11809 7692 9345 12386 14021 12046 6612 8170 9350 16269 7583 11119 15484 1436 15461 11175 8020 17489 3323 1706 14311 5534 18979
5238 4765 13057 18811 10344 10424 5901 10996 6824 4460 6390 7408 8989 3945 19350 17695 9712 13270 2103 17489 3355 16842 1409 12851 10039 6550
9987 3873 2627 17942 6906 46 10275 19085 741 9209 5469 17085 9609 11035 13050 18859 15188 17894 2917 3752 19034 7380 12532 8338 14714 6025
1533 1736 11609 11895 14866 10947 11303 12646 9028 3739 19297 12688 11638 9709 16937 5954 2675 16741 9035 2870 11332 16644 12646 16334 13835 19637
2486 19543 4126 18467 8874 16174 17080 18249 9505 5064 12974 17125 18881 15933 251 19784 1298 785 7618 16768 1053 339 12291 18708 14965 15065
12438 13897 485 15194 9377 18609 15500 6926 4889 12700 9912 13920 5658 3679 8800 641 4407 12953 19617 14908 5390 9216 11616 6177 9487 18966
2513 13858 16696 8350 9941 6389 5080 12049 18995 16781 8525 17573 15913 12036 6990 18149 8043 8738 14559 8157 5393 2708 11714 1886 4601 7193
15450 9024 12625 13830 184 13913 5608 3981 1695 18156 9764 16422 9623 7150 14370 707 3262 11384 4701 5549 15559 15771 4912 2642 11924 9991
5583 17077 16551 6637 18390 14797 1270 13281 9003 15458 10287 15828 4697 4486 2684 19021 17961 10185 2532 8031 4027 2814 15887 15272 11491 19083
14381 3376 12023 18259 15800 15915 16837 12194 19222 6171 19466 8887 12381 1459 4338 15254 8634 17809 14859 8036 10820 1533 17156 7708 6347 13468
787 3033 9811 19574 4912 4643 14199 19029 16549 13823 9482 18740 12257 16052 7899 11155 8756 12493 9860 9405 16754 19058 9218 18268 4967 3113
17849 15392 10540 6753 17792 12252 4902 3056 9715 5223 15635 6405 2700 12458 9174 639 18550 13911 16549 11618 16923 15772 12078 17240 1525 10180
18550 9260 18338 5884 11938 6891 4350 19246 6416 10786 5384 14785 9617 15990 7757 1760 17540 10159 5648 9509 11945 12435 14811 15384 13980 18239
8820 4119 11360 11402 6521 19566 11905 18117 12804 16608 2933 18022 7941 14755 3739 16608 18111 5074 2374 1260 4779 17552 7941 17394 8741 18835
6906 7610 9610 15240 14995 6372 9580 17392 11370 10801 6733 11456 5577 7681 10278 8961 10909 15914 17798 14319 9950 19858 15728 3187 7534 14177
14475 8444 703 1939 19373 14945 4577 4120 4020 717 6548 3505 11266 3047 4596 9334 9601 2922 6177 4839 15638 16499 18293 3097 10143 2225
11581 16360 4585 18692 9387 12335 5461 10560 8504 6754 11641 16117 8468 19280 12404 19438 18990 14366 13024 12546 13680 5521 6571 6853 9478 17789
17113 5124 4508 14402 18548 19846 15784 2594 6103 5330 14810 9467 12859 4962 18063 4387 3556 2027 2155 11553 18303 18743 16831 10226 12544 3532
16402 19819 12746 208 14701 10485 10931 15582 15259 4553 66 14600 7301 8548 10599 1198 14534 11490 11519 18082 11131 17168 4326 1234 985 8760
4517 18266 12228 2317 15015 15546 18371 7391 17432 178 15401 3199 4235 18161 17935 10468 751 8776 956 1988 637 8593 12154 9926 6751 16634
1653 14907 16578 1068 18248 7465 7196 15045 16322 5838 2372 9008 6344 15189 6224 6992 13963 12461 12873 18957 13929 3439 16904 16770 16655 10992
16848 19131 19736 10954 15989 13096 14668 13974 17120 5534 15967 7144 9868 5081 11279 14288 5160 13165 8841 2298 10116 787 1364 13501 19413 1392
4813 19040 18392 19283 13074 923 12231 9473 12350 17668 17247 10220 18708 4129 8887 2096 18712 2795 142 11883 5180 14797 1996 18579 3534 14428
12693 639 17353 2375 3350 9111 15056 3404 11528 5037 4834 16956 7972 4820 912 7119 15551 6981 16074 6192 1113 1828 5824 14615 5049 13507
6268 12944 19212 16382 11677 5952 2114 14315 1136 954 9640 18107 7008 18646 18876 2437 14408 2280 14730 17496 15793 235 15226 9271 1319 7591
12259 18694 10518 3256 14838 14121 10236 11239 13012 8574 2070 16597 10695 14914 751 9496 4750 2913 8524 19754 8168 6303 11130 19713 2583 2111
4665 19248 18000 13419 9852 8106 8076 5230 16791 13667 9451 258 9472 3029 19000 8622 3879 17540 11065 19632 8833 5346 2643 4823 6976 6304
3739 11110 6758 17879 6687 3552 2022 8824 6768 14605 16707 12318 2833 302 4205 7667 15846 9364 2217 10906 14965 1794 3163 13011 11434 952
2972 12033 14179 3325 14292 12419 11483 1371 3798 6632 6676 3939 18864 247 2192 11488 2914 17389 12998 11618 6913 13806 18875 8072 5292 14854
3603 8575 2676 6462 19883 7531 6518 5288 17835 13546 3552 18870 5279 6912 18100 15361 13659 2440 16528 4351 13217 6792 1861 9673 15532 4145
8158 789 220 11481 6055 14683 5510 3406 8668 17709 8911 15593 8500 15077 17872 12184 15458 8140 10097 7991 17881 484 848 10848 6417 7938
6719 16549 12158 16962 17061 13228 1765 2953 4242 14930 187 5825 4761 4962 6414 8890 18970 2646 9020 3358 12080 18840 6193 11311 2856 12676
270 9635 7039 732 12247 17868 11195 1803 11559 6850 3144 5937 6574 16374 1963 1157 9079 539 659 39 13663 934 8697 14722 17521 14356
4446 3160 15690 13929 15307 9530 6660 10933 4374 10206 13066 17998 2803 661 18576 16317 2885 8465 16760 5386 12960 1794 6229 11502 7495 1096
12903 15110 8092 9243 17720 1750 14910 3071 14291 5072 5443 11352 5516 2985 14828 19931 13200 6670 19765 7109 3384 5474 16643 11036 16659 18215
14652 11452 6509 16252 8569 4651 8762 8760 10334 18022 18235 2439 19714 1099 6646 19110 464 5437 15597 16697 242 3788 18716 11879 3596 14707
9005 1978 3201 8056 4734 6945 1760 8346 5527 6061 12048 19928 9948 5898 4659 15033 1867 14628 19139 15927 19243 2484 14448 19953 1469 12399
15950 5911 19383 9603 5440 911 2025 5594 5562 903 8211 16164 2261 19656 15449 461 18980 18030 6832 3036 14723 11176 18878 3216 15111 19361
4133 5429 2889 18035 4235 13939 13339 18593 11682 6959 7599 5931 13116 14860 18187 15600 6093 17821 13535 17080 16157 992 7301 540 10206 7940
15320 14386 19541 1821 19928 16763 11360 13437 19071 14558 10009 12090 11521 18387 14333 1227 10222 4047 10715 19655 14724 19264 6540 8129 6373 5362
10831 15492 14349 14091 3187 10374 2727 11975 18622 2828 3613 11952 14972 19095 3229 7309 1793 11969 1344 16891 13244 13934 7315 15179 13728 17242
10497 11219 12596 6592 12097 19225 8079 5815 16164 11761 8844 7185 885 11518 4428 12417 3399 321 9358 17761 7090 6933 6462 4273 4518 19257
15866 10965 17725 1060 18105 812 5635 7918 1989 14850 4133 12435 7055 11660 6748 15876 7980 13377 19980 7972 2383 6736 7142 15191 18043 11345
12704 7896 8921 5863 18728 18428 15190 825 3598 678 9688 6132 14199 3000 10292 949 11898 1538 6477 8112 6385 11984 15317 17800 12502 3268
11197 12389 17897 8499 5345 11108 16589 3346 398 2351 13544 4700 3738 5366 10757 17666 7377 18385 6033 8671 17477 3132 10780 3997 1014 3863
7338 2973 7045 18338 4982 14507 48 1172 9017 13387 9779 3982 6839 2303 13205 18371 1123 19968 9635 2377 2083 17731 13477 1179 3444 14941
14738 7954 17498 14060 9973 14172 8220 8320 8272 19259 18295 14288 9871 10058 6530 5435 14528 1039 1049 18645 10828 3706 10335 2506 13992 16549
7965 13780 2478 4241 16963 19850 11938 18475 11954 15096 17679 9916 12581 8099 9974 19517 11019 213 11698 3767 7474 18855 888 376 12538 18961
2094 1705 951 4066 11377 18290 5103 18009 19837 9760 10956 8175 6359 10848 9331 3472 17759 15085 16794 13065 2632 19914 8066 7144 12903 15506
14053 17209 4794 19734 19881 598 8807 11244 17164 14828 14543 10768 10261 7629 19502 2268 14638 17004 11734 17813 14884 12079 3750 17784 13964 4299
3146 11949 15124 603 11121 14587 11651 16793 17197 7169 1203 1259 2173 5478 15683 5607 17645 2572 10835 2251 6987 17052 2603 4453 10474 18714
16725 6175 2257 11143 2719 11003 7420 4824 14822 16148 9603 4739 1480 18259 16353 9488 5501 5828 19209 860 8348 6865 8186 8080 4135 3892
9917 2593 2477 16276 14667 7548 4250 16193 634 4501 8530 7547 19062 7955 17808 2264 5753 2978 545 15947 8961 9349 1658 14194 4894 4650
12621 10554 15083 2258 8350 5109 2803 2266 13323 15093 6783 4156 9036 6544 13295 5890 10035 12093 13090 15709 1924 9390 19347 11983 8669 9433
13433 1105 12184 11274 14540 3669 15647 1461 7117 17407 3802 16230 16945 18816 11306 13327 11940 8195 3468 2918 15081 12465 6233 10637 19544 3612
4461 11517 12094 7988 7350 14979 3300 5217 18097 18182 12366 17455 296 3770 9311 376 15292 13333 19471 6259 8239 4066 3157 12243 14485 15440
7147 9950 7379 19479 18188 2775 14000 7624 11348 759 14281 6277 7023 3221 13683 15199 10992 16401 6754 6835 1467 2927 4700 8684 15678 3445
15542 889 17318 509 6190 17349 4182 15031 10110 16831 13414 14968 12147 10821 16989 18100 14588 5046 3711 8317 14866 18433 14575 16484 18501 16684
10348 19757 15222 3554 7220 12217 5262 8694 17774 12459 5231 9916 1986 18046 319 2408 19938 3748 9670 3913 13490 3187 11714 6399 11762 549
17366 10306 4699 11583 9967 6191 5425 4293 11383 12293 4602 19966 4631 7954 18488 15101 606 10971 1666 16416 4257 17538 14511 14714 11466 4959
440 19150 11633 4571 14898 10253 12365 13575 8071 7723 5273 14202 4930 16754 10657 10734 19409 3079 5666 19659 10426 11472 13796 7756 14615 15237
2529 23 8081 17649 4639 12884 18231 13554 17709 4937 13514 15772 14539 10954 4499 4323 4236 9315 15394 13196 291 7584 14619 7616 5277 13933
1322 15737 11466 13524 10958 15947 5554 13327 3010 5756 12167 422 10756 325 18336 5802 994 7334 19540 7999 16087 9666 5828 9209 9093 16930
4545 4050 16938 10613 19146 13837 16014 17101 4910 3409 6977 6275 13973 3327 5255 4892 16647 13327 11623 18732 1386 7857 6131 12649 2857 305
2194 11227 16334 7593 18174 7107 1012 19828 2553 9371 7939 7850 19495 8839 13230 17609 11808 14916 15799 2592 7222 4560 1441 9404 17499 14930
17194 18550 17853 690 7289 12384 3007 14177 12337 2359 19923 18251 17162 8566 17016 16411 12834 9939 7145 5384 7853 1050 11816 16187 9603 10814
5157 13356 17643 9033 1902 15443 12805 17411 16509 18938 14644 10339 11943 13060 2670 205 15954 6401 14953 6290 17694 2454 13292 4185 2068 7190
7107 12217 10645 7581 10172 317 5727 19895 4368 7241 4201 13592 1209 10518 2409 10792 3110 679 255 9467 16178 19452 14924 16679 2066 17103
15206 840 7167 16911 9504 3816 4578 449 5990 16337 2583 14044 10236 15370 18895 15818 11998 3237 7253 626 3203 16600 13853 2463 17078 7088
10702 17864 13527 12715 10899 1815 16400 3424 13648 6115 16499 12070 2713 19216 303 9286 3927 13174 15291 5434 9009 9321 7710 7219 11986 7801
11848 10612 5784 190 15219 16850 2159 3232 19344 2211 9600 16326 9288 15036 559 18959 4471 10699 6258 7091 16888 13341 14841 16162 8011 6614
2885 16369 6722 14468 3369 3399 572 17889 17950 9029 11423 16446 15261 14475 17375 14945 10905 14187 8842 14882 5618 5580 13834 1691 18345 372
18538 18389 2827 10704 15715 6897 9626 3656 16163 3155 15046 10107 18528 16562 3393 15438 15026 19319 18893 577 7330 9107 16319 18799 2125 4189
5024 8602 6241 9212 12937 12644 15560 14457 3055 9146 14027 16509 10980 6197 7292 17509 6102 19518 326 10485 5449 6200 13280 19128 10859 17919
13813 13459 5034 11936 9032 18633 17544 12616 14308 7462 9478 12739 13600 17621 10467 3391 14863 13140 2380 4819 3643 16582 4619 16766 15736 2585
7571 17920 11294 18442 12827 623 15866 1758 3266 19575 11714 4556 7521 18338 9497 2876 12914 8538 13763 408 7129 16793 553 19637 6002 14660
3749 11545 8370 11032 7205 15323 7987 3638 10207 18783 17093 14084 1586 10881 14688 19023 14807 10885 19365 1640 5372 6287 19982 9678 8416 15808
2818 17775 1777 5919 14379 17357 2306 3135 10131 12171 1941 2811 10177 5301 18677 10825 15519 9070 6676 1796 13241 8525 16989 19785 10608 3025
8785 4051 5226 11400 19159 804 9882 2335 14149 18658 18385 19047 11667 253 14007 12797 15461 5169 15924 5963 19531 13522 18859 2419 6601 3527
14 8756 5029 1227 2574 19479 7907 19539 19762 4297 11866 8529 16657 18063 17898 5393 9722 19792 19326 18804 1025 8609 15489 9268 12853 11595
5691 17247 4105 833 11406 15468 19352 19634 10873 8686 8611 12743 10145 17059 4422 9048 9110 7212 8217 13175 6406 19090 4705 2462 12488 3143
748 8933 3788 4002 12587 2096 1495 12508 10994 762 9381 6197 13901 3403 10343 4041 16153 13533 3677 10391 19643 16867 1027 3653 7958 17363
19311 12123 6562 4912 9613 11116 10591 8555 11858 2094 11244 17262 18384 17734 1104 15409 11315 13064 3309 7149 2477 10218 18024 8830 16042 5785
6708 16088 7334 2840 14390 5327 1372 18629 16185 9326 1954 16417 11928 16332 9603 2560 15726 10992 5230 2371 6569 14073 16922 13097 4130 3029
714 12999 18345 12922 8190 4262 13670 6530 14770 11716 10532 12366 4181 7373 2922 2156 8204 10130 8241 12358 2704 5686 15192 10787 5348 9735
4745 3470 8239 12833 16471 5528 19988 19550 18195 8816 4161 9402 18049 7388 12509 3419 4635 9510 9192 7186 17325 5826 9842 6286 9133 19454
9340 4510 9071 1837 2808 15159 8397 13901 17809 1323 2650 18169 18552 6290 16021 17882 5943 17554 12224 14168 8211 13523 5899 14591 13245 14822
12354 15979 15302 17284 12473 983 8785 9946 9738 13541 474 13130 19812 14637 17008 5963 19432 15624 18983 2163 15472 18748 16737 19216 805 8670
3196 13823 7719 1847 18624 12603 16792 14684 7705 10904 11971 3227 17971 411 12568 4776 16801 3225 17792 18228 8909 11857 14772 3968 13330 12519
12662 15398 17154 2253 10497 10061 2409 11938 15251 9035 14135 7026 3178 9712 19325 18722 5020 16263 10940 9710 10412 15813 2247 15050 5622 4063
19808 11068 19906 12827 13074 17559 8808 19901 9144 15556 9179 3521 2554 3533 18319 5547 9203 11448 8194 18501 5633 15649 2578 11774 9767 17563
2397 1100 7366 366 11031 14863 13164 12298 2966 8387 18443 14908 19078 3679 11921 11423 17825 7688 11374 10006 1155 16988 11383 12613 6335 14350
5008 10964 17230 2406 3543 5462 5677 13489 17618 10972 364 9544 6875 16779 12974 14754 19099 12833 9143 537 11784 15780 2212 5267 11915 14448
5601 4248 12641 9941 19597 11662 8450 11681 2992 6698 3830 999 11643 2668 9925 11733 10843 17602 2607 16344 1390 19122 3292 8010 10567 581
9410 19076 18523 7789 19240 2101 18596 19061 6578 852 2226 8529 5365 14760 9151 2305 8287 10621 9582 14453 1352 958 17826 955 7200 3507
10199 13928 1772 14755 18062 19903 4978 9987 2458 4192 19292 19612 18192 16812 2628 12454 15331 13649 15919 16158 16000 8484 10020 6074 11324 28
4303 2303 5922 15787 5553 10046 15226 9254 7138 16498 9885 5132 17944 10108 14745 885 880 3536 13186 6973 6783 3727 16910 7516 9195 5066
18938 12067 5846 8575 10490 3493 2519 1147 1747 6552 13694 8207 12138 17859 11637 14672 11340 13679 15246 12101 16197 13702 14312 2840 1960 1802
19516 12132 6295 15221 4023 18026 9489 422 7463 7998 6879 8560 17008 18262 13552 16015 7185 9341 2525 1639 19573 7349 1907 8713 17452 18580
615 1744 16553 13654 15411 8045 1647 10182 12793 19646 3823 14868 4593 6162 1185 18440 9497 16619 14988 13463 1466 14460 4142 9461 3408 14200
346 9370 12719 18784 10063 17372 8872 9354 18043 850 4311 10599 6720 16933 3001 5457 17396 4997 18253 8107 13289 18263 4626 14233 5056 8358
11316 14842 11502 19063 10347 10067 18203 8335 17497 11394 10695 2219 2438 18124 19032 8084 6284 2919 178 18585 16159 15251 17650 5220 5105 12724
9727 8665 15340 9843 17910 17468 12425 17571 14306 15200 6705 9783 11925 14390 2852 19410 14936 15464 19608 5347 10265 6396 19998 16997 12162 7170
1077 14304 10737 4128 16744 4723 9325 19246 9363 18267 14668 14945 19585 4662 9307 3647 6684 4801 15820 1858 4822 17565 986 13048 13049 9334
9078 16269 12772 2709 8927 17741 10394 6621 6045 17845 11531 9290 13776 8936 17180 7307 10627 10640 11299 5486 18924 17463 11280 2072 3323 6284
1767 11159 13071 5800 10788 10303 17695 19815 15368 17663 18105 10632 1149 14709 12164 12579 6235 1366 18042 15760 5264 4113 2385 1778 12962 14000
12164 16858 11800 16892 11484 6277 13564 622 13609 15504 10904 19533 17089 10760 4685 554 7802 5162 8615 17547 10522 17650 15259 13503 633 14324
3481 5935 276 1649 1762 5681 5265 16468 5909 2845 19426 8884 6901 3521 3926 1719 12241 8648 16528 10767 7434 18711 15908 14857 8206 12028
16137 10751 12137 8983 1193 17153 5055 11196 6810 13027 15997 13464 16314 5058 7515 15875 2859 9099 10371 177 4619 14712 7315 5296 7584 7006
16624 3971 17886 7123 15679 8066 4794 13364 3670 11545 7674 4681 11818 2978 7013 9886 19888 17600 11993 7004 13962 871 9419 8442 6301 18766
11387 1908 12669 3459 11247 12811 7454 12749 16762 4116 6151 16392 887 16724 6496 1463 19351 6951 2580 816 14463 15344 1238 5573 18073 2753
15832 2715 2324 1433 11149 1787 7235 4865 11433 8075 11530 17885 9757 1174 9091 12003 13698 6327 5716 4130 15616 5938 15932 1122 4114 12670
17124 13912 8902 10513 4905 5922 458 4541 6627 369 15282 9487 5790 4678 14185 1451 7450 11863 3026 10216 13825 8327 550 17977 8966 10750
2460 6316 3421 9408 12733 16204 10714 11227 1637 17837 732 1953 2086 2113 14386 14912 17367 18388 15909 3209 2694 2822 19912 16351 7564 787
9408 6062 369 8285 14125 13006 6669 16870 5690 5202 15207 13396 13904 18477 1683 123 8867 13153 11855 2182 15696 11544 4621 665 16928 19564
15643 15109 7590 2670 734 11649 15232 4514 14776 8276 10267 5519 14404 4864 10828 10870 8200 8744 17023 16371 3726 707 15102 11781 7477 10548
1049 4531 16483 7463 16704 2585 3558 15528 17844 4026 2611 15262 3933 9346 8776 1086 15405 8762 16879 14203 982 3817 10516 5379 3188 3985
11770 16626 1148 16936 455 16401 16819 13418 2858 18883 1143 13055 9543 13623 5443 10282 15076 4127 16470 4471 16687 1528 11259 10058 18124 16530
17459 10512 19012 5595 19464 18858 10780 13049 9634 9895 8030 8029 11283 347 7274 7611 14004 19712 15259 4201 717 8652 18701 9678 18642 5077
12003 13484 14747 10827 11473 39 9954 6885 4527 13594 6023 12 2134 18460 11100 12075 17975 554 8325 7742 819 13549 10874 5955 8264 9444
7853 9840 1 18477 13030 897 17882 448 11507 7604 8723 6743 2496 4546 16764 12057 3946 17926 19152 12975 4999 2608 991 19449 17227 13570
