365
75 18 54 60 4 63 95 12 65 34 68 59 77 46 26 61 99 89 29 41 26 65 92 23 11 2
10225 19583 12386 4364 1322 8734 335 19221 6946 15169 19156 19635 2430 8348 9586 17798 7667 17023 5714 17934 3830 7963 18537 1139 609 675
18539 2806 15046 15680 18543 9472 16281 4849 4581 16944 2655 10710 10227 16858 1299 13852 8700 16514 9806 7119 16889 16323 10929 9360 3708 10393
3003 11724 12546 4835 1911 8659 7941 18716 4784 7954 16015 4427 7162 7539 19699 3089 6484 2946 8343 11917 16325 9332 8884 10776 5713 15706
19327 8391 13357 3363 4867 1856 14727 18991 19609 19464 16042 1324 18052 19386 18207 14037 7789 10838 12488 1503 7902 5207 2662 1106 19832 18755
3261 1729 974 1954 11986 13341 695 16298 18114 15614 8805 5761 16029 12136 4376 8786 5263 11849 5369 14463 16299 12191 9080 11997 18778 8381
19170 1735 4013 13721 7119 6701 14326 770 16124 10303 333 2625 12800 14896 755 18804 11742 9333 4201 14328 13962 11942 9378 7586 3984 1005
13193 15274 17411 453 3405 2735 16725 16191 3758 16691 19645 17852 13071 8253 4720 14552 13677 13520 16778 17827 2067 8006 4503 3066 13375 13669
9597 13732 1520 13715 2585 13075 5438 19526 18023 7003 14172 17661 12002 18742 14750 10643 3862 5574 19618 2569 7598 14861 18232 7425 11931 18545
13422 19543 6336 9915 8405 6270 11052 9605 8574 6687 10450 14335 14088 19342 16146 10431 142 16976 5239 7638 14936 4334 2409 19388 7999 15255
8652 16962 11413 14389 17061 1020 10662 1393 5211 13928 18107 11556 2041 14968 4440 11949 8793 19862 13945 5262 7897 3510 8112 18962 13823 10277
8025 10902 17966 10373 12565 10777 16052 3880 16512 6063 5827 7685 2532 14567 18247 9152 19849 1491 15221 7313 11919 17265 8867 7488 11790 769
16037 6014 8580 13516 18276 2558 1073 7712 6857 5766 881 17704 15134 15853 3096 8916 4420 4599 9015 15182 13246 13602 11281 18550 7940 5019
4966 845 398 1161 5955 7209 14812 13684 9133 7277 3550 202 7506 19012 13182 18612 581 5530 12129 4309 8172 4589 442 1368 8142 15278
5151 7025 4525 9613 19611 1604 16894 15331 13490 6259 6005 16168 7417 13446 13258 2343 5474 12837 147 6567 16421 16742 12363 14942 18481 16390
6582 6752 10659 2943 2004 5056 16186 17303 3637 6103 174 10433 11878 9209 5186 15370 1219 2886 10347 14734 2784 13968 19277 8963 14351 404
1419 16589 13958 17956 3764 13607 1111 10384 3545 7894 9626 15230 16395 4070 6212 13690 2635 9518 5225 14547 14075 2756 12378 11180 10136 7016
15747 14847 1766 3154 7853 19029 13767 16107 12295 5736 17018 12114 7708 5693 12328 6419 11711 3787 17344 7032 7353 12646 19580 12978 4519 5356
7435 3987 13951 8274 9798 2495 3717 19196 2336 17378 12914 5741 1219 17270 4469 1026 2660 12818 6207 3763 8119 16968 13400 11773 19114 18667
17874 10254 4279 9541 16434 18446 10970 5518 2231 3994 6280 17980 3117 19202 1621 54 16480 17377 5550 2921 11187 15551 13085 16667 11785 16351
837 5778 6645 7010 14640 18001 6954 10945 1748 5171 13498 14320 17542 13791 19979 15511 14826 16209 12923 10372 836 3985 11755 16218 6514 16092
1481 9569 13598 6547 16345 4276 5069 13329 5103 16105 16034 2512 9151 11635 4155 11918 8009 17693 11743 14643 13240 8561 5917 12749 15327 5981
14814 16758 3180 15375 6600 6168 13805 13748 4034 4009 14175 19586 1281 14434 10667 9297 15367 17649 7161 19396 19533 3336 17995 2557 14857 5533
10038 17041 3753 18189 2483 1686 1020 18516 12545 8728 10695 18961 7576 18943 16389 8733 16253 19867 3801 17153 16930 16665 18367 9873 16453 1735
17454 1280 7188 15997 3522 13854 18896 17159 17146 9479 10690 817 2211 2572 5723 11401 16983 9429 18875 12427 16299 3718 1384 13609 13209 4895
11996 10386 12702 17631 1769 16042 5475 12284 19770 539 15228 10370 18343 5614 18890 8816 6275 18855 1162 6744 6071 2759 3405 4436 15836 18445
2446 4284 258 16483 13048 5568 3477 2176 7519 15981 11264 14832 9738 19512 16916 10180 14193 7215 19454 1133 9060 2124 13330 8813 356 4030
15335 2738 4061 4422 15810 1138 12379 8257 18711 15129 15031 14536 1606 13299 4358 6725 7848 3877 4006 6074 8177 19032 14106 233 1296 16101
19649 19682 15950 13516 14497 11133 4318 1304 15352 15711 19641 11550 4992 8182 8328 17290 7275 12129 16659 11547 11314 5561 10326 1178 17227 7476
13573 3737 10437 10808 9516 3702 2555 2833 14521 16736 6925 15164 16490 2459 16592 5657 2934 9267 974 3360 18154 15202 4717 4135 10076 17500
19442 7455 8234 16169 13409 185 19506 10185 5000 3190 12786 7208 9808 18739 10978 3340 1178 14964 3283 878 5072 7905 1318 2390 4529 9854
9122 19544 2611 18756 5654 5447 6871 3314 3039 4140 9903 19667 2836 19117 18750 16602 7007 1105 7249 10498 1250 18274 14076 4666 2031 4715
924 15641 4344 6700 16308 11047 1682 9958 16663 19820 1164 18007 18031 11000 945 6679 1607 3902 5367 2416 2689 5129 14719 6937 10357 7115
10042 5473 8978 13755 9020 8057 768 16798 1856 8214 1246 784 11565 3213 11192 17196 11935 18486 18433 13940 10677 716 1549 6172 1911 5462
3158 18841 17709 5285 17563 12702 8943 6631 14278 1058 13000 13246 13159 17646 7351 11660 13940 1548 18463 5681 7450 11664 9160 8006 2033 3390
6217 4845 12533 9171 13638 9059 240 2496 7930 17421 14872 4242 4513 8095 10081 12956 9715 17619 5955 16548 16956 8561 8770 4223 10633 4474
14828 3058 3824 19673 11733 15028 16935 4845 16516 703 12843 11893 19145 9697 15697 13777 16385 6572 15322 18078 16375 8686 14139 5767 476 277
18932 3865 17563 17441 16699 12137 1921 14152 3527 17255 14183 2788 3566 19433 13036 18277 14192 6859 13699 8401 14818 15320 12712 17868 2147 11252
6836 5699 4308 1531 14069 3374 5665 9895 3507 6969 13858 1208 15830 4177 4739 16414 12538 10974 12659 5474 14119 9331 5096 926 6396 17396
9908 3776 804 15418 2820 9940 3935 7460 2392 11038 9631 16310 13107 10099 7522 9809 11150 13143 12525 1828 18228 6509 2737 17827 11317 1332
10959 13443 2588 4548 3046 5003 1233 11019 3140 5226 13742 19560 16289 6282 6859 6511 14703 19529 1549 9877 15622 7425 3101 10326 10085 18406
8977 3914 8755 14143 8687 1108 18253 5423 12200 14867 8220 3783 7210 3388 3387 17007 7222 6841 18716 11163 19732 14644 14528 10142 6454 3545
17444 10444 14268 19570 7764 4831 5535 19154 11846 2299 4735 16090 13737 19468 18462 11699 8660 7076 1602 10065 6367 565 17784 7124 12113 7161
3514 15221 14133 18587 11837 4131 11655 2050 15328 7173 19275 12715 17980 9075 4657 7766 16424 15942 6319 676 4707 13806 8650 13246 15153 1137
4025 5848 14255 5780 4113 6737 8479 17742 1862 4592 8785 11929 15544 8245 17889 18585 11071 7322 8959 3343 1473 2361 69 15421 9534 17205
16922 2544 7619 18050 11229 18334 10759 19131 490 13116 9275 181 6233 12191 19185 15366 19419 8959 10617 19624 5444 16654 3977 8130 15610 1259
16726 909 17326 7205 10555 11403 3022 19485 14762 6589 14879 11813 16999 18959 4854 19551 5205 2541 3593 6619 8349 10438 4179 13169 15080 13144
15994 6135 7250 9871 1546 7199 18903 9473 14775 8810 6967 1479 16375 16387 1746 11798 18427 3697 19277 13940 18031 2906 10980 15748 9953 9819
3546 5963 8527 6269 2357 9818 17109 2121 13518 7530 8090 11751 1702 13921 12102 18633 18562 6296 13497 4566 10077 18948 4569 6427 15980 4392
12880 9989 10017 6503 3600 17208 10561 11923 6982 8111 13544 14083 2945 11869 8499 6186 1112 18387 8953 660 12221 16425 4435 7846 16225 11511
6728 12975 10937 10256 11316 1730 18888 4066 15163 11276 14187 8080 18407 11573 7573 18242 5609 3422 14934 2966 14348 18704 14856 12460 1537 3335
11698 14076 15844 13419 3791 13118 12604 14008 4626 18210 14614 8991 1064 7558 14251 6535 3947 12434 4770 13908 410 11402 17644 4840 8745 17879
18781 12697 6016 16300 3444 19601 13190 18893 1924 15736 3425 17419 8757 15788 16065 8910 5335 13124 9926 5900 14181 18990 7198 5430 14089 19871
7617 14295 17318 8179 7417 5571 12985 14628 3787 6493 7828 15005 14342 2646 2609 5901 4554 6612 10620 19527 6549 4508 9055 17714 16559 10388
16698 14105 7269 10478 3682 4065 5040 11891 7637 18596 9735 19525 3002 1452 9341 19298 4613 19766 11963 12315 5545 17124 14248 6871 11253 5455
18540 12063 5646 8396 11254 9954 15441 12956 5134 12149 14134 10084 17242 1801 15969 11347 5448 4872 991 13091 18719 13385 19702 2981 579 17258
12307 6621 16154 14100 9277 19148 13828 3202 129 9522 1961 13622 7191 8774 5848 4866 10951 6136 19547 17077 9554 18234 19927 13456 16967 18905
15618 12929 12783 2275 16352 13815 4464 7785 14467 5949 692 18522 17092 17090 19124 19604 14943 14385 93 7136 3940 13642 18475 7116 11272 19954
12311 1898 16730 3956 13927 3017 16900 15230 4624 7824 8417 15998 7911 7621 1736 17717 15304 8472 3224 13397 13169 12883 19761 17684 9958 1728
530 8219 11547 18011 4196 13221 724 12049 12197 10122 12312 17030 12217 6546 7068 19666 11381 5039 4972 4153 8024 9568 16003 13019 3981 19521
1438 192 12099 17362 15744 6529 2598 5097 1033 2742 7076 8930 6862 14022 10675 2879 8495 18945 6769 4374 2788 4613 15381 7426 2588 6773
8677 8907 12684 2792 10689 9715 14022 11011 12813 11777 1441 19580 1352 10009 2366 9345 513 14669 16043 6305 7701 2796 4047 18223 7648 1371
13292 14080 17225 13027 11652 3363 13647 12120 7017 18847 9984 12293 875 10728 11175 7482 6095 11594 14446 5980 9377 10498 8149 16105 11228 5684
16476 16128 3789 1101 18211 17082 2424 16091 5479 15175 19216 8952 12754 2149 3073 11560 7033 3675 13112 8838 12502 15540 10097 8242 1501 2319
14967 4889 11194 13290 11906 13230 12538 11223 17111 4594 3931 11961 12169 14450 1148 8471 5851 2091 15472 19176 7995 7717 7613 3129 9748 2578
11201 2466 17701 15349 9545 16640 13559 9730 7016 14050 15826 6003 1166 2419 14025 1727 16174 11195 3193 4812 18414 16549 7925 12798 5299 11167
11745 19140 19680 11736 6225 1145 1717 14011 4800 4150 584 4853 8226 1021 19224 19800 5782 5141 8514 1579 15750 17524 8833 7778 1211 1627
4997 4333 13084 7555 3374 10546 8540 7550 1340 14419 2893 9893 13505 16386 1209 19170 3095 17209 4459 12076 9153 9792 5980 6960 3503 3850
3308 3376 13343 10217 4169 8292 4062 14106 7821 4752 6162 3310 74 5131 4911 19363 10133 13786 12128 19134 17733 4048 1976 504 2740 16116
1367 8260 868 12867 17949 1788 2643 2065 946 8409 4971 15049 19298 2008 6143 13123 1834 7870 12800 4923 5371 4773 2901 15761 18610 13897
2381 16465 15014 9006 2123 13379 254 387 2473 18771 5846 6203 16355 7527 19881 8536 4897 7110 7495 3887 18908 3053 1758 15195 5788 18204
15034 4399 18323 1930 339 16278 4707 2320 5457 18284 10757 5322 9841 19032 3681 9383 18536 1512 9960 1501 11924 1136 4218 2691 683 19843
2407 7434 8976 8682 16956 17554 4418 9751 12737 2051 10753 15232 16639 12025 3888 11023 4084 17798 9138 1883 16684 9577 5660 16251 2985 4985
2943 18260 946 14072 14911 11134 16000 16820 15172 18314 14075 12491 4570 16202 8028 19958 13753 7668 4527 10292 15126 5176 1856 2823 5896 2877
10369 17331 8225 16139 3870 8577 3464 9098 14744 1052 11715 10485 12564 14838 9981 609 14637 9188 2727 11331 825 12313 7909 16934 14264 15480
16286 15510 18697 13774 6313 11938 15243 14741 17203 14141 6543 11363 18832 6753 286 5272 29 2444 438 7336 19767 1825 7088 1280 7625 18241
12821 16568 13556 1338 10707 18967 18266 18551 18130 2186 3318 3623 15437 7731 4301 3201 4195 19235 10648 10572 15260 5028 17949 4320 5607 14073
7412 4679 13596 4038 17652 16221 17553 174 19404 13288 12737 15776 13878 18164 12618 8372 16029 10112 15755 10845 10848 17129 238 15364 13962 14406
19143 19182 15909 13394 274 1853 7167 4560 6822 6238 14153 4746 2239 1745 1301 6086 17214 5852 9317 17603 15176 15116 2993 15446 17679 12576
15416 4645 15842 16757 15066 19094 18664 11881 14450 5709 11105 4376 10944 5243 1709 5161 12950 16383 14701 2086 9535 1710 14564 18102 11651 9979
10892 3429 157 3 1059 5419 4959 5219 9728 6709 3856 1016 2489 1098 9633 12104 10838 12525 3749 3241 4111 15265 646 13544 15720 16497
8868 17659 6395 9048 11109 9725 230 16491 3806 4563 13505 184 18368 4021 12499 13698 17693 8733 1480 14967 18122 5856 5514 2757 2056 15893
14785 1723 14541 15133 9270 19156 3535 6436 10692 7763 12490 6534 13538 11673 15476 12031 18030 7801 14743 12501 14882 9897 6541 4651 9771 13151
17127 10901 6475 7918 18145 3457 7928 14840 877 10733 13420 15462 15300 9857 18712 5862 19852 10587 19623 3077 10463 19305 14968 1462 17118 13057
6372 6413 13024 15 13625 10224 3047 9396 11843 4313 645 4785 2957 10325 3662 11360 8393 12435 3481 6384 2990 18222 3013 2571 1928 1042
11444 710 9376 11857 7758 723 4689 219 13191 19542 6350 15005 9018 14270 10171 6575 10762 14331 6804 12492 2826 15141 14831 16995 5386 2553
2243 12693 304 13855 2643 5562 9837 6161 1959 16288 12407 2248 2246 632 3742 12992 6889 17230 13809 4502 18238 6606 5664 12111 17919 4171
9897 9226 19350 12879 17425 16180 19167 14698 15875 15009 15216 4957 5297 17586 128 6180 4896 10766 7737 7086 7132 425 10275 4504 4346 13703
16977 19306 3251 16663 2538 19124 13127 6412 11266 14927 1835 8651 3084 8242 8917 6994 17616 13073 5541 5412 8158 16721 15773 19464 16990 14299
17470 10421 1791 13176 546 19549 15083 11186 10414 16955 19341 1208 3004 3029 3998 3312 5879 2555 19160 8043 12615 6229 11206 8866 5195 15939
12684 17151 13293 5784 14320 1814 14215 18140 13435 19287 14662 7086 17570 526 1160 8155 9678 18195 10968 19034 18055 6403 1723 10528 17376 2257
17041 3946 6721 16796 18607 1136 3711 15239 9388 16434 14641 6770 8540 964 9385 2395 92 3486 574 11884 17016 13909 4462 8613 6450 16512
16941 3621 7442 16986 16768 10868 5373 19045 5839 19915 2427 3041 19823 13657 15437 11872 3592 6646 11317 2092 9577 799 8512 8473 15213 9423
4276 4499 17060 10210 7151 17649 11917 10431 14691 1109 13118 17083 10889 1652 15792 6750 12696 10436 2228 2315 2187 19609 2616 8658 11784 9232
11472 6016 15677 14443 147 17850 216 3842 14782 15306 12437 2061 1806 10422 4918 1349 17000 6261 11764 9474 3784 17473 12218 363 3262 16644
4220 1849 685 11579 17538 9575 6426 8574 4474 5639 18782 4036 11331 15845 8315 19919 13452 9534 19960 5130 892 3091 2513 7256 7530 7737
2628 6015 8600 14728 9378 15567 1471 2301 13110 5949 5035 2643 9863 1718 17489 18708 6996 1755 3391 12993 19051 12718 8508 14777 17632 17681
19778 2875 13274 1721 17581 15263 10872 15311 41 11027 5127 7168 11372 17046 13467 1121 8149 14149 10376 6768 3573 13487 11971 14156 4046 14961
14296 10317 8705 17352 16275 13508 17312 12592 9385 1056 17144 15685 3476 8708 19525 14580 5723 2917 11406 18572 14388 777 15490 11318 14040 9731
6734 3768 2399 7648 13737 15100 2279 15753 7228 4489 9107 7828 10664 12961 4668 16562 11793 1492 6376 5832 1915 3233 18293 1699 15201 3039
19787 16375 4093 5323 6007 6819 8510 17756 14354 3778 18251 1420 17191 2338 2760 18913 3138 8329 19833 9549 4299 13974 19666 2899 4313 3774
17719 905 6669 17047 14174 19637 1049 12963 6475 19812 17068 10610 1675 8525 9593 10576 16220 8601 19332 5841 5860 8800 7979 17127 12707 15209
18123 4432 2464 16289 503 5286 332 8452 4523 6403 3142 14294 6499 17074 12638 13994 4358 10240 14004 11543 13442 5920 1438 10786 4551 18874
14919 6064 647 18090 17381 6 12826 1853 5535 19455 7788 16790 19650 13912 994 12810 2002 1145 5169 17455 10103 17013 5372 7498 8948 11711
11741 13604 2196 19794 11860 11378 3794 2163 7404 3121 15004 7564 11324 11121 9578 19418 18931 12539 15848 10347 16355 17401 4826 975 7503 6000
17854 3903 207 4279 1426 4733 17298 18399 2566 5379 13658 2217 9227 1 10604 14095 10304 2259 3818 9161 3571 3864 4357 2931 2420 2669
12692 18822 2452 13781 7572 7793 10876 10203 13413 5252 14099 928 3059 18003 5450 4893 12160 18914 7912 2836 8599 2876 11086 14495 18243 11481
10220 11424 18355 82 3507 13941 3339 19235 3546 17447 18321 4879 3556 464 16200 7870 16843 9076 5216 3641 16824 14613 6019 6588 5971 524
3616 11325 8447 10552 2015 10193 4929 9230 251 15660 4715 16876 16422 5895 8469 8802 1510 18238 5002 5822 15980 3149 15515 13569 6890 19554
13219 3233 8961 1309 4136 7121 3169 14208 11712 9615 8975 10966 6548 8704 7653 18501 10712 1877 1723 13409 13578 9311 17225 7857 9021 10136
17006 5381 4528 7253 16223 6714 13852 14904 14123 8830 6428 10915 17574 4366 7143 1224 1589 1682 17868 14221 6063 16633 16086 18720 14772 4230
8142 11059 5379 8582 9758 17935 2395 5512 11983 14760 11089 8326 17786 1665 3107 6353 11022 640 17478 19601 19598 18192 10016 12907 2968 12740
7667 6647 19895 11088 19966 9992 676 12667 13207 10690 573 14674 7355 15788 14111 932 6701 6350 8156 15902 17076 16892 11966 8731 630 17497
5067 3289 17758 3628 18139 2175 6591 1648 17774 409 8 13903 9018 8464 12369 2566 4983 6393 11740 2637 8031 6152 2876 16442 3704 7652
12792 10802 5590 6860 17712 19223 8758 16382 19940 1145 1504 11458 5949 7175 19864 9934 8668 9452 15599 1821 4529 6355 15791 14613 6230 565
1290 6707 10723 17055 18391 11534 686 14742 9231 835 6165 2681 18983 8118 18625 5123 19671 1179 4976 16433 19562 14976 13790 7655 15339 14692
2950 12248 19835 5519 8367 9412 18775 7015 16584 14648 14911 9484 17856 1098 8086 5274 16227 1140 10471 12470 1280 3140 8522 11046 7424 607
18995 3116 11069 79 19534 8249 4796 6402 2643 12325 19752 18416 15498 1697 3346 1316 19496 16770 19152 16875 3822 17879 9535 4522 9363 18553
5924 8038 1925 13722 10277 15756 17355 17601 267 6592 1960 7120 6660 95 3415 4573 15117 12464 15643 1247 14219 5521 4653 13019 16457 10782
12332 14150 8303 7211 2596 9308 17772 18867 10139 3402 16384 10047 17584 18272 18056 4933 2686 13846 16069 13605 14336 13605 11216 13334 14939 13377
18560 7541 140 12173 13154 18639 17822 7016 3097 12212 2394 11865 15175 3077 8444 5469 16848 18191 14909 6789 13650 7477 1146 9010 12027 4704
15648 4343 15997 19939 17238 18370 8918 15766 4139 14770 12224 7397 13319 7874 18536 11850 3632 16999 14758 8286 4398 7014 631 407 19496 18174
18894 8169 17932 10938 3865 7370 17023 5880 14489 8329 95 10212 13662 16096 1596 16285 343 9770 15611 7356 981 15455 2998 11847 12251 17001
10008 9578 5711 2985 5092 7257 6483 17143 8963 400 10325 15612 9567 9752 16610 16752 18289 1598 16730 11625 4841 9139 11695 17270 11943 1930
10307 15692 7356 11178 17123 14740 8646 15523 11255 5012 9871 13276 4308 10789 253 8090 15387 3288 2063 8834 453 2423 13618 11797 2987 13388
14636 19176 10555 14382 11512 16202 7788 12704 3375 17542 18515 17434 7790 16656 10752 9754 1443 10399 14637 231 287 1506 770 724 18898 4489
6146 2110 6773 8837 15736 14983 14068 19512 8234 10993 8959 2049 17075 11151 19983 12246 5138 2774 17632 8009 983 4075 2033 1232 908 10272
4785 18951 647 1733 6508 11851 120 806 19123 3203 18881 3825 6817 18161 18994 18277 19827 11855 3702 6441 7876 19418 5806 636 18904 6281
2220 3802 5775 14938 1084 2369 7641 12746 14505 1566 7998 18450 15150 3144 761 4055 17671 16182 19922 13344 6039 12055 9988 4577 4647 12653
12637 14866 6697 8835 18843 13096 13135 10485 2684 791 10171 2627 4025 19790 3350 13272 14595 15404 3759 10283 16140 8705 3921 18990 7933 241
10938 10326 878 8907 11039 5240 8597 13269 2190 7862 9064 1140 7889 14648 6322 6737 907 10043 4553 10883 16802 7431 19340 12922 15691 6955
8383 19614 16627 11561 14590 18105 7435 19432 2910 846 2162 10130 17703 2987 2161 17192 15522 4634 16599 18412 18824 16266 12696 15024 4241 11825
477 15081 2875 8512 16789 797 14846 12630 18120 2101 10563 16521 15946 17318 17272 17867 17683 6627 6605 14511 6420 5131 15297 12671 70 16329
14542 13564 5829 19180 16791 6771 4738 339 5785 11917 16939 4946 2441 1182 16841 802 5405 17894 4363 12558 11891 16728 1402 10011 11198 11129
13278 14075 17308 16169 2177 1176 13838 2193 19930 13144 4910 12692 9075 4730 12507 10031 809 9922 10876 13915 19634 6330 9222 1454 4195 1463
4858 3113 14799 18137 4661 19204 4430 7561 98 7963 16271 749 11099 18998 8633 3043 10757 15156 808 15359 798 8370 13698 8326 2178 17016
13306 5490 17100 18717 16557 16567 16337 15255 18927 7251 16769 4571 17418 625 19482 9165 11331 17882 9814 6595 13610 2471 5542 11369 1688 15743
17767 9272 4912 7695 1396 2947 10062 7947 9232 13286 16005 384 1523 2673 1863 2607 1211 19737 17764 15708 11335 3211 16069 1652 12958 1102
8793 4912 3511 1881 17481 14758 17226 14062 13196 8086 3118 12421 1206 1863 3722 19656 5025 17201 13542 19490 15127 789 16722 6246 4973 7483
13433 9995 17761 4965 9973 81 10162 17667 7751 4391 18947 10867 393 8051 10571 19199 11473 4539 9214 19440 2745 3413 12396 1735 9251 10743
19689 7855 6201 3136 11719 6391 12521 11254 3297 6431 18088 6139 12914 8588 9324 12867 7949 593 16428 8747 4829 7226 12407 11351 7443 8145
18863 1758 13142 18568 5985 14397 9312 10903 335 18477 11377 16670 1037 13658 7283 7772 6316 19416 11990 13810 11635 17815 2892 16984 1293 2160
11747 733 13796 14110 11744 19176 11549 9002 504 18836 13427 13253 7403 5760 16427 967 15895 13723 3994 16432 13575 3308 4622 17223 17202 18262
5664 12810 6075 7747 7566 57 4074 15981 467 6953 910 16601 18173 17563 1997 16095 14503 2542 7565 19629 15571 8977 15696 19437 8857 8842
81 6493 19502 17770 17706 15738 4564 12667 5698 6550 11811 8518 17372 14023 1548 4471 15640 12803 15539 17345 18943 10368 13496 9404 9327 11087
13441 1293 3531 3296 18773 1190 8037 11965 204 17216 18250 11591 1384 4389 17315 9510 6031 11036 364 14833 4235 1019 5831 7557 11863 5588
448 17723 10896 11192 4267 7574 2240 4738 6898 13294 6366 18611 14731 414 19194 17603 7009 17510 2745 9484 3999 17168 4696 12313 13138 12876
8708 2203 15916 10975 12087 15024 2536 287 7828 4904 16106 2862 17394 7635 6266 18396 19421 19341 17826 10448 3814 4145 4416 6682 8252 126
12275 4181 6066 12848 10556 7687 14625 12983 16643 12195 1408 3723 907 5667 19526 1036 656 6594 2183 3433 9468 7742 16830 14583 6416 3774
11883 7626 1234 7785 10595 15486 1797 9504 16472 12263 18820 210 6336 2628 4345 4981 6295 14733 16079 18950 12965 8863 3826 11616 11071 9148
16919 12944 4915 3451 14655 11403 19412 9225 15729 8699 10236 18103 16985 15341 6480 3958 9 3367 4841 9182 633 7913 9053 1532 1733 3606
13308 11092 4931 4617 15645 10953 2514 8546 17558 1997 5773 16921 17898 6433 10951 13605 7994 12254 7538 9686 2619 19774 8931 5294 16861 10564
11 4396 12755 17430 1226 15370 3341 9393 9826 13080 7279 1020 16633 16906 3010 2568 14812 7294 13146 14122 12508 16333 1359 17158 2172 16583
9100 5877 2900 862 2145 13194 62 16222 1168 8343 772 7778 9518 4395 17173 6356 8883 12531 105 16478 8430 9917 16333 18432 9226 7021
11954 5233 17916 6788 17808 10403 10649 11211 5345 7054 15976 2964 6092 11117 9520 2018 9481 15034 3982 3879 11008 4784 15803 18108 9781 12025
1593 8115 12067 7750 8768 16520 13513 2159 10032 7716 12017 15466 18796 11134 13391 2283 2688 7767 10464 19427 10052 7818 5163 18080 18139 12775
12268 12455 15948 3625 2476 2432 5845 19161 6102 4745 7553 8492 3114 16992 19274 6442 16854 17665 9838 10466 16247 19872 9659 12388 15438 12671
19165 7221 18421 6671 16647 16857 13670 12543 17976 12264 6600 2136 18457 19303 6768 14777 17282 7729 11971 3181 10308 13870 15491 2719 5152 17751
16904 11343 15357 6866 3686 12122 2106 6788 14184 19026 8024 5563 3218 12477 3533 17684 16109 4680 4 14056 7754 14589 15021 16976 19703 19693
13458 6090 7488 15759 16718 2352 9131 12611 3894 11084 5521 11705 10580 13102 10611 7284 6595 9584 11054 4172 19411 8257 13520 15917 14503 19758
1329 3828 10685 2892 8528 15134 7553 16606 11794 8720 1097 12061 7051 6348 14695 318 7182 2443 2342 10772 8368 13048 12692 7519 827 10875
19016 16757 2534 14365 10928 16413 14590 6498 13452 12221 17417 12102 5378 18454 5735 1563 18174 13756 19698 5364 870 16810 16921 9590 4558 15591
8931 16460 4757 4513 19253 11300 90 3025 12618 11217 18466 959 11355 9570 349 17662 11607 18826 10560 19482 5538 18334 18133 12547 12182 16925
418 15084 18988 8009 8766 1493 16829 2721 5139 1034 14817 9304 16075 11159 14399 14380 19089 9655 1716 9698 16076 8055 11624 4224 14406 10099
8319 1104 7277 6381 14214 8951 10157 10522 6565 7048 16301 13530 3548 4224 8244 14767 15015 12387 3331 11796 7857 7506 6279 18865 13802 7083
18646 15339 11197 16280 3571 5346 3892 99 2293 17568 17324 11752 3948 13623 10336 16469 184 3031 14396 3241 19515 2136 5259 4539 1275 1080
9624 1516 1770 7610 17156 1309 15524 11702 15776 18217 17419 15598 10098 1492 8356 6426 11783 15551 10147 19607 10225 13520 17702 2081 1772 2400
9177 5055 5547 13366 7839 10324 3152 11374 14794 12375 10892 14180 8255 2565 19653 12261 645 2433 1542 18939 17514 10660 18732 16894 14935 3409
499 4364 14387 11598 19500 3750 15643 9873 15874 11207 11536 15796 6021 15774 16868 17306 4914 1314 1803 10894 15739 11858 15338 18081 8280 15722
14402 7482 16160 16911 12869 15140 14995 911 19892 18161 1349 7956 6170 16856 12453 2752 10178 17871 13194 17342 1612 12153 3079 9018 7173 10201
11532 594 19570 15167 16447 7334 18296 9426 13640 8706 10552 2839 448 8105 12790 5401 7089 13833 15364 16060 2480 19228 9489 7113 14403 7351
3969 18885 3110 2608 15657 2730 15387 5869 14931 915 956 7489 2478 12259 10691 1436 15309 12483 1822 10706 16753 2711 14294 9562 14389 4728
12531 2266 19077 10768 4176 829 8472 6014 4359 16139 14971 8144 4657 19605 19354 11864 19112 14807 14241 6366 10034 3649 5529 16948 17526 16720
3447 8971 18361 3023 5561 10605 3465 19494 15466 3212 2969 17321 1853 16221 15026 17763 3863 2179 11502 4747 1274 1311 18834 5645 15343 17506
9221 11803 839 14568 3511 19721 2049 15402 15035 15592 13283 4219 5790 8936 12612 16934 4998 7600 6196 14144 13813 15331 17666 10823 17600 4065
9816 18097 2516 17713 16501 7133 12144 3473 18829 9932 14012 11919 8850 1805 14719 2982 19735 18504 16931 18953 11645 10745 15245 5629 5101 13920
19095 15049 44 1727 13603 292 13638 14726 11035 7954 2614 15950 6177 7692 16804 6052 15575 412 14809 19002 7905 2769 9571 14964 6805 8968
9345 16118 16887 14568 19411 5030 10141 3439 2371 19642 2330 5046 801 9833 13663 19214 11164 17222 8658 11706 9900 14106 10127 7485 17914 10260
3547 9716 7703 4901 19222 16459 16683 7855 6763 15307 4214 18549 2241 13827 14988 15778 8983 6133 14278 3432 2872 6017 1389 1931 16694 19279
2697 14793 740 6974 158 4109 8249 4385 7247 18693 17692 9363 2604 18526 1721 9881 4492 2629 14298 7820 1477 2976 19075 17721 12543 19835
16482 19463 11156 17533 14045 6741 14033 9003 17201 3774 9040 19944 9677 3320 4608 12745 7533 7974 6365 4318 5327 7118 18514 7376 9233 6072
16763 11665 19887 9994 3248 8265 7003 16857 17644 13076 16366 13088 12220 19638 10830 5211 19932 1604 16866 17865 10617 1759 12433 17868 7338 14695
6525 6572 15292 11787 3456 8523 3705 1428 5436 12733 18447 11663 8896 12930 14784 10262 10916 603 3174 18746 2448 4056 12222 18753 6717 3243
12373 9179 13843 12204 9124 6704 1637 10160 7631 12769 19019 9709 2214 8364 17817 2086 4336 2250 15471 9746 6141 18172 18810 3975 19892 1521
9022 498 3919 9548 16350 7055 4669 1932 11979 358 18131 18445 12433 1135 8162 16911 5620 10214 9691 4623 7580 8271 16684 17634 18739 19628
1316 18982 15558 3540 8872 2488 10511 7638 8525 19296 16546 15849 7065 4482 3152 51 17048 603 17874 9429 6219 5472 19233 2084 14673 19266
17334 8737 14804 1286 16756 13958 19743 18162 18807 14769 13304 7225 12446 5004 9523 9402 956 13596 4885 8944 18946 1129 1984 15106 16288 5275
13969 7343 10517 17770 2243 7307 18338 14357 1264 15536 6345 5777 16209 12158 6809 2070 8348 17446 5831 9455 14214 7811 13650 490 10482 91
13007 16155 18623 19110 7835 790 11690 345 10994 1878 13632 790 14231 45 5171 8868 5702 17983 13970 17668 11980 3624 14885 14406 6889 11464
7279 12963 9512 18648 8646 16867 18189 18466 1360 2545 12761 5591 7464 16326 9389 14501 8765 15206 2106 2285 1373 16082 13455 3422 12886 16008
7431 15202 14781 12247 16950 4320 18670 7873 14700 8540 6846 4246 3765 16707 8753 19620 218 11396 8772 17940 9159 14135 6929 11948 12600 14361
7333 7999 7941 3889 5495 14061 16942 16503 3923 7432 10575 18873 15565 18907 9926 6314 14965 12722 10107 14211 16948 19988 2717 4352 397 3049
11401 9045 16154 15176 1851 19102 2983 16493 906 14559 400 2638 13863 14920 1755 7708 17028 18252 16353 12101 10773 3654 10777 11324 2267 3488
17843 2454 507 5874 18286 17296 4406 8929 11521 17566 19663 17449 10315 13273 18558 5716 12449 13138 18840 15952 11118 19567 4146 1160 14825 362
1030 11149 12317 8014 15438 12495 9644 3978 5612 10081 0 13859 14920 6168 3963 17826 13040 19756 4148 8907 8952 19999 15660 9138 2040 13253
10778 12234 9122 6790 3335 1504 2227 9692 467 8099 12900 3468 8944 9794 14281 17455 4156 19205 16667 2890 14820 5523 9095 7805 17504 4625
16473 6330 17196 11072 6661 14547 12219 11655 10493 16456 10669 10368 17669 18717 17568 145 4508 11067 12194 12369 10011 7824 9468 14631 7768 9851
16130 10987 14668 4898 15712 16831 19482 10955 3352 9912 11143 10172 17388 16331 6362 16199 12675 2174 9703 15389 13475 17384 11673 16622 10045 1194
15063 17149 724 16098 14550 3893 17090 10415 5849 2095 10708 13965 3632 10412 11455 4927 19010 16855 5046 10141 16525 8960 15500 18017 13183 9985
11722 3438 861 14230 1764 6825 7259 4784 5556 11877 16294 14481 10844 8115 15966 7005 15935 15698 5702 3648 11470 6468 5111 15479 18270 15319
15545 13160 8045 9978 16121 9812 2305 677 17573 1518 16952 13583 13416 10835 18610 7921 19820 8216 13429 9714 8776 13275 4226 16499 13580 13097
4066 10375 8607 5282 11414 8972 169 8931 19403 1300 18143 604 13288 1928 19292 9524 5774 13892 4304 11016 3625 1342 4734 13817 7976 8296
8766 14449 18699 4163 12857 5868 19711 18285 18414 9318 6751 14156 3288 13086 15506 1932 527 13523 8822 16357 12170 1581 12369 9655 1833 11833
12068 9520 4407 11119 9922 8576 10044 560 4846 16203 7229 15610 13635 13250 5162 6763 19537 5221 9741 14044 12062 944 1143 16283 18090 6639
1130 12872 13687 12921 12423 10709 12048 18374 6377 19951 1038 5107 3519 10406 18808 4924 4041 18222 9358 5028 13048 6815 7204 16305 12439 18573
15022 18168 2167 3790 2380 6317 7906 13517 9999 1752 18680 5032 4846 1376 554 12426 6381 7672 13214 2289 4052 12923 10364 5854 8295 12941
5797 4853 3745 14097 5183 6189 15153 1100 5398 5961 18295 14991 13839 4682 16313 1604 14635 9037 6161 2637 18176 19089 11695 4481 19337 7921
10291 4086 8300 5965 12567 17102 5015 14937 11708 3740 2876 17259 18489 15797 11949 6079 11430 794 7719 19879 9224 9013 667 18263 1469 4221
9712 5523 4076 5862 12560 6544 3861 5520 6698 1963 2804 3138 17925 18731 11120 2099 5257 11704 4713 14396 17143 7591 12686 16401 14322 18178
13160 1932 14674 5107 14606 7815 65 2612 2085 9192 6571 8711 16892 9670 1289 4835 13367 15572 7734 5393 8811 12894 14497 6426 14223 14221
12911 16327 817 16689 5579 6404 13710 9485 11076 3222 15065 6855 4143 13258 17591 6113 15230 10964 8333 17518 19274 14678 11581 9639 10985 12507
16631 11225 1836 7790 11130 17645 15663 3854 12364 13707 13417 6444 18862 7313 871 18168 6589 6135 6237 8130 17695 9624 14121 3301 12472 8741
10288 8103 4634 8396 7751 13217 19188 2764 1539 3188 3719 716 6592 17447 7135 19038 6735 107 14775 4251 15654 8457 3757 9867 925 17536
11707 7327 17558 18902 7305 15230 19345 10142 5815 1666 12961 12692 17895 756 7856 2812 14666 10285 1239 12054 4671 16507 5272 15102 4849 6578
4963 13717 13317 19299 13589 387 13812 19457 12936 3311 16117 11962 3949 7720 9999 2653 6359 3893 17463 7356 11156 16602 3536 2113 10286 3360
2243 976 15530 6745 13334 10747 11516 293 18783 15932 2918 18298 15184 2239 14198 2017 1836 16601 14098 3416 8222 6025 15496 12712 10869 15251
12900 550 775 3223 3617 9828 1735 16474 12811 10745 9666 17059 5211 16222 7815 10323 15797 17087 3647 11362 6627 9225 16499 19685 16989 4180
10103 18086 1975 3003 5266 8531 4442 8387 6271 12753 7436 10208 9646 7636 2786 13211 7915 10378 9304 139 16932 15136 9539 7462 12951 4067
9225 19181 14579 1296 15774 19140 3125 3141 1708 8764 4495 14134 5070 8879 12183 2779 3195 724 17559 695 129 460 18908 11668 4647 1028
5740 2004 12519 11106 16059 346 2392 5504 3620 7487 13034 7074 8655 4340 19787 11288 3785 1567 13967 11773 8712 3993 3528 1707 8134 14434
10573 12851 15178 17198 13825 3237 1726 14518 18029 16037 10868 17701 13087 1523 3925 18604 9702 15020 10706 309 8901 17107 2341 18682 14498 13257
11596 1063 2609 10472 10967 13507 14429 11092 12245 541 8425 11754 15929 5411 9482 6640 2326 19452 19939 17741 15271 7641 9956 14036 10083 7827
10351 16246 6797 5456 14203 17613 476 6218 180 14088 18426 5039 8061 1401 12007 10376 17237 1610 12992 518 14699 10317 47 3541 11717 19109
13310 15567 9044 5864 15178 7545 9721 662 213 3874 17092 3256 16916 2490 11508 11083 3536 7235 15857 19008 16434 17026 19056 18156 4055 13701
4890 4367 15919 15329 17909 3092 2638 7457 12259 9581 13117 17320 477 12403 3505 11491 13871 6704 12039 585 3185 11976 5714 9818 11247 1261
7423 828 12444 2759 6250 1999 14077 2192 13862 2282 19408 6999 223 11876 11264 3080 7176 18223 6793 19191 17330 18538 17192 17122 6209 10333
5870 666 7332 14049 17184 4453 13663 2045 2436 17110 12552 6982 16354 208 7019 10260 652 9585 11934 7424 12872 165 4597 19998 19601 11604
8760 6583 18599 14673 5466 4273 19763 10648 8112 6810 6135 12459 11750 3968 210 19789 4659 16138 19205 19431 6047 4429 11460 10451 3891 2125
10956 18804 19454 3217 19090 17531 6698 7113 8442 13119 12891 16950 11025 3307 15806 3028 10308 17913 19691 15255 993 6984 13287 15438 13922 5201
17492 3933 4740 1555 3070 584 964 3726 12520 7368 80 5725 5515 4213 448 14665 19598 10096 9650 16030 3733 6429 11741 9863 16320 14621
552 5189 19732 16403 19932 5142 7801 12153 13059 11941 10917 8118 9223 14191 14097 2290 15664 17383 8764 8715 6215 9568 13082 11783 17872 2139
5158 8234 15361 13969 94 19881 19834 6237 12734 8433 17 368 17364 12730 15753 9106 9967 6474 12560 11825 2475 104 11973 17448 4345 1311
16360 14592 13569 14121 12176 11409 7116 5736 9838 13721 4393 14574 17969 6205 5561 12893 17633 15536 176 12512 3953 19164 2291 11559 15744 346
7950 15794 11935 15954 6085 2436 8835 9091 11700 14110 11275 14903 8410 12927 1335 17629 11424 13463 7007 8488 14096 7235 17819 16302 11597 8118
7513 7673 2313 18094 16358 13081 11943 11974 3229 13852 9511 7517 15083 5452 13976 12585 9801 15081 9136 4744 1281 9684 5256 2177 3677 17332
18894 14904 19098 6846 10889 17834 2241 3446 4542 18913 8728 17559 18147 3944 1397 7867 12449 6707 16700 17240 18319 6611 16802 3052 9628 19634
12308 8978 11324 14937 15026 4624 4437 19589 8848 19156 9430 6299 1544 5824 500 3271 5568 11560 10541 18435 10700 5476 1123 17937 14017 18191
11122 5517 1739 4954 0 15238 18013 14741 9571 1860 2347 7411 9496 4454 2549 3046 5646 18988 17277 16822 15235 11234 6220 8592 4894 6194
7022 10864 5458 17902 13395 14370 9099 16272 2627 14890 16184 5094 17242 11269 11704 6766 5139 19288 13303 11166 7918 4199 2929 4179 1571 4601
424 6786 7422 7855 1118 2724 3682 16013 18205 883 19680 5094 5450 4769 741 18687 12332 13934 13295 14333 6604 2155 14648 5407 6964 3011
13776 7160 7948 17296 14915 12883 19425 107 5759 8612 2665 16440 5143 16778 4794 18723 460 17202 10913 13098 6401 2094 10783 11901 12249 562
14022 5125 13369 9773 402 7199 13303 1077 5121 13957 9091 8277 12399 2995 6743 13499 6755 7026 19625 1928 11038 13844 15283 13671 17976 173
1799 16693 12297 8876 707 6142 419 1238 5066 6393 11213 431 3440 7219 1056 13270 18734 16936 18477 3294 13598 9368 8755 3085 13062 10484
2858 5213 12803 16870 17412 16150 17640 19502 3991 13894 6507 4669 17801 2727 8053 16211 9339 16751 980 3222 128 16066 14026 19617 18190 13200
17358 19331 9645 28 1433 8336 14446 3683 10457 13899 4153 15459 4186 13114 11468 12882 11059 2265 16765 12045 3977 9652 2660 12722 17701 17507
14331 6495 8054 10728 17944 6844 3960 15988 13627 1230 14244 1090 10433 4585 14877 7129 12338 8066 12123 3490 4513 8230 17793 8687 19231 16603
8586 12276 3509 16709 9896 10616 17520 1006 5397 7325 18674 13880 14927 18519 17767 6784 7345 18442 2504 11674 10007 19000 3499 13297 16297 11265
13803 11080 14675 16717 15108 18599 2946 17708 4327 8042 3444 17766 3488 18269 3506 13205 2713 939 14111 5686 14245 12317 10212 4990 5289 18311
18791 927 13587 2354 10905 8250 15436 13908 8190 6087 2727 406 5509 7515 6718 2619 1937 1388 19792 18368 12032 16179 13530 14800 5538 8888
18274 6342 12881 2872 19010 479 15197 9077 17739 19268 6149 12407 4735 1635 2027 15144 18523 16804 8710 3056 2906 14755 996 3022 8905 5342
581 18570 12893 17630 12450 2595 18290 2548 10271 5360 3061 15105 711 19532 12841 4290 8848 4567 11264 7823 19360 5397 15738 3015 15202 8329
11284 12632 17441 2808 551 2968 19234 15400 10094 4972 16316 3003 17488 19294 9713 4382 2076 1734 19388 9989 1092 14620 9427 2704 4937 2676
16312 12735 19071 16362 1338 10846 12468 2154 6319 15804 12264 12156 3343 9848 15987 870 10755 2367 296 14947 8170 13241 6652 1736 8779 11039
15613 14640 9833 9606 11319 13911 3758 19693 12710 15021 4929 269 13961 12881 7273 6270 19102 9169 13647 11824 420 3308 3796 10899 9957 8088
15968 9 13008 2339 15146 11183 6288 13282 14610 19910 1656 8110 8683 6974 14504 121 1050 17743 10436 5045 17327 18074 4612 1811 19956 4366
9363 10085 18401 1974 19187 13263 2445 17918 10227 7693 9185 2433 18899 4088 15073 7485 2374 911 12623 769 12952 5762 11160 16465 13070 17755
19184 17371 12184 7959 13064 14286 17915 13736 14778 11422 11820 13805 15547 14300 11750 16347 15605 5404 6174 1290 5333 1317 1613 5924 2361 6431
14275 9740 3078 14334 9206 10042 1768 11858 660 15126 17693 10456 8204 7494 8618 10306 17746 13393 18129 19137 13084 14398 6988 8365 6481 19296
7593 15209 14298 17720 10456 8851 14765 820 14323 10805 3238 9260 9536 19384 9446 16636 12747 16246 4523 5494 18962 1805 6922 18292 15598 2267
13327 1644 14325 4673 3361 679 3230 8043 9698 10198 10420 343 13612 12796 6052 1755 16683 2740 1238 7059 9728 17152 13783 12224 18396 254
18733 10428 9974 5138 6256 18783 5016 3892 13406 3654 15615 17437 15100 1923 14494 7069 4625 7830 10527 11818 2367 1609 11913 16751 13787 17808
7744 12710 18336 1008 16495 15689 18802 16045 13572 15955 13553 19287 268 7905 17446 2546 9326 5271 5233 2779 7222 19449 4158 4292 7146 7202
13173 18917 3192 7198 7626 8296 6637 19070 16242 16344 9905 18350 13425 10162 2120 15483 9768 16542 12763 391 9702 8269 1439 15624 3904 14235
17880 6396 19580 17383 5449 563 7526 19042 1512 12805 9788 17275 12414 3518 14912 15559 8418 2302 2606 8137 19745 6996 17370 9347 7627 3173
790 18896 3532 1369 10368 4573 2463 1487 11817 1717 9906 8116 12052 2370 13241 4037 4582 5681 16171 18720 5026 3077 13529 540 11694 9757
8238 5540 18451 19914 7540 4598 17293 1992 15440 17622 18101 5371 19089 13595 4489 19420 6924 15872 11588 3140 5047 5905 13676 10399 8256 1811
13377 3373 6226 3099 17762 13354 16783 5474 2848 2764 12755 16186 14409 14867 12381 19618 15824 15662 9997 19650 2615 11702 3132 4424 2467 4809
16817 11654 5879 13043 9226 15909 10926 10362 16231 4078 1160 15636 6028 4573 12545 841 7391 19953 1100 18744 4404 10684 12962 7082 17478 5834
3638 19621 18823 13435 754 17089 4327 470 5272 18446 345 2430 4475 7980 15255 9057 19955 12151 19021 9350 5124 8984 7926 7755 12342 11029
12330 3686 17638 10215 1530 19988 6060 4964 5686 8632 18140 9354 8084 16580 4949 10985 2757 2746 4718 1429 15557 14032 172 7178 12200 15364
9246 15047 212 14181 15298 1925 5424 4589 18736 12242 16136 10840 13975 3284 6421 10799 19762 5921 4659 7679 6492 4558 6995 12188 17501 9731
16995 16858 13387 7009 8586 17813 6526 14342 1510 2138 15435 12280 4365 13370 16818 7400 17874 1021 6867 5116 12654 17394 14139 5948 6524 11176
4691 332 15952 7614 17877 13413 7752 4384 16924 10904 2225 9116 4287 4555 5807 16841 19157 10879 5769 18404 10079 7341 15834 11729 11269 18634
19024 1493 11615 19644 2969 12637 14421 19459 13837 4338 14195 7533 19831 8080 18024 15035 4391 15307 4678 3076 10434 6833 2245 959 14782 8755
1043 2045 7495 19102 19912 8140 4379 13427 15253 19033 2320 18919 9199 7723 3664 9524 8739 10631 17455 3367 12064 13269 19813 15277 2991 3441
2416 16683 353 16627 12137 7285 7290 418 2966 18474 2440 4443 8463 7506 5147 11975 11722 648 14086 9901 3107 6617 13558 18367 7446 3396
10866 8558 16570 17595 437 13292 15789 5782 2881 2052 6248 17096 11649 13491 19871 17373 19017 11276 4944 3196 3177 7847 6439 7072 11535 4930
7214 18987 5827 9204 18711 477 2990 3335 11721 14321 8007 8608 3638 17418 1895 8083 71 8200 9593 14584 9039 13928 14156 5336 18236 5610
11037 12202 17472 13213 6625 2340 15291 13505 8591 2932 12941 12426 7701 10493 7778 5093 6871 1122 2768 10081 1708 14718 13281 2241 1868 9034
3667 7807 6321 19548 9465 3810 12966 13622 13569 4587 9843 584 18728 18453 11108 3230 17604 14889 13741 18482 9383 19566 17323 11934 19700 8006
14781 4841 8276 10372 4959 14910 5490 18898 9469 6777 15467 17491 18913 16416 2774 2072 1442 7949 8963 14336 18165 5247 2339 2731 12068 5084
6652 11399 12049 10643 3202 12806 8704 5783 7271 2689 14604 6546 9652 2149 10262 18668 3841 790 7915 19424 19816 18008 13773 12662 8461 2565
19099 15686 7573 13875 7832 12221 16376 3105 9571 19784 4318 9022 10870 2548 6607 14624 15776 11835 18793 11562 16086 2548 3556 16543 10881 14976
10346 16132 3853 15004 2311 18945 17600 7586 18075 14612 1698 4495 3324 11309 4444 8123 3326 1771 19422 17402 9692 10605 13743 16533 15175 9293
15243 639 10526 5362 13975 7105 11889 9610 12498 7832 6759 19510 9154 5122 3141 13356 11201 8327 14496 4833 2957 16148 19665 18542 10376 5941
8374 18183 16346 11131 17600 12487 11475 15961 14821 1662 9299 2724 14035 18747 5550 5814 11625 7416 8204 13827 19045 9783 19881 14710 13297 13381
10717 10580 19610 16459 2750 280 6986 1196 11531 3224 13483 11089 1366 9192 6398 7620 7891 13097 4157 16077 16089 4825 19783 18354 9922 1877
530 3386 3334 12878 18462 17071 18771 14387 17836 10403 12615 1150 16413 3269 11393 17370 12473 3431 880 7243 8610 1108 4258 4088 8202 12251
13024 3344 14602 19445 1213 19335 14152 5307 11666 8656 12422 8689 15303 15416 10323 8202 4154 19211 17194 7919 16966 18207 2097 5270 14429 8432
18425 15539 7573 8470 18337 1874 14299 17546 19168 19423 1777 12824 5442 16261 2676 4819 19287 10058 15234 13753 6988 1137 253 19584 1866 15771
5520 12700 10322 18938 209 1148 18236 5078 17520 7745 13854 15684 19434 2039 18402 8937 104 18678 5853 13882 12038 17051 14345 19593 19239 18440
16377 6523 13369 8446 17340 18183 18951 310 4563 4190 12465 8664 0 10629 4706 366 7040 4379 19331 13236 15236 14947 5018 18645 19408 1443
19736 10616 18039 11771 5353 2300 6943 6911 17749 10149 13587 8149 14564 1134 10923 919 18997 8638 12994 256 660 14351 15557 20 18161 16430
19689 535 10023 15766 9902 9948 18968 1637 10677 9209 5323 14651 13606 5191 5926 14529 7596 10078 6812 16043 9768 14533 1989 13792 319 18420
1565 17126 3770 13169 1746 1031 14623 19234 4207 15932 15789 14442 9083 18294 10710 9707 3987 17346 18829 13953 1139 3114 18791 19156 17708 130
5039 19053 973 4755 14390 10485 10846 14679 18750 4099 3353 5823 10229 1940 1615 16730 14936 7928 5876 5343 10791 16114 6050 2416 787 16952
3037 4738 3151 17124 3215 4978 11140 13256 530 18234 1702 18191 4018 17423 16531 1670 8028 7971 5463 19927 11658 5525 13414 7128 14291 11308
15019 10381 4713 5497 2077 13661 7069 11001 10352 11437 10362 1059 12164 13038 13967 14337 7785 2208 12715 12966 1212 19631 9680 4135 14804 8441
9488 8064 1564 78 19441 12524 14659 19457 12004 19721 5050 17979 2081 6389 5074 15014 7577 635 13647 13890 12520 10553 13297 13161 8700 1955
10419 16197 9793 15138 15309 15135 13100 15189 10859 3904 993 11525 4034 19950 18836 3805 12809 1866 124 10534 5413 6805 18786 14997 19671 11507
19200 15558 11961 4 9880 1179 13584 17436 3440 4124 11683 15760 16313 12527 9199 15765 5046 13893 12948 15740 13364 19356 12962 12307 6005 17418
18624 17900 19019 3794 364 7424 17664 6790 3755 7575 4232 3112 14966 7942 8847 8397 634 12898 7986 5099 5532 17238 755 9168 9043 4698
10557 7851 4179 10768 2454 1439 3109 12751 13460 8001 11285 12228 14931 17735 3350 4337 6026 7387 10919 9299 16724 3344 19080 7611 10784 7374
17872 19438 13600 8744 14402 18948 4830 1080 6895 6930 18613 2383 442 15185 2595 2061 18369 12535 18726 8511 18233 17737 13935 17505 15784 19668
3163 6460 7071 16140 15269 16133 11022 15295 10933 7607 18259 15119 13852 3424 7623 13436 11523 11881 2028 14314 15926 17546 17049 10402 7483 13024
2172 9455 13664 7224 2491 16865 16265 17506 14450 1196 16435 3304 18186 9826 5450 6676 12520 1410 5791 13331 8045 7888 15710 15318 6003 8292
5561 5541 19029 16023 4381 10775 14297 7018 3812 5865 19216 10555 6570 19535 12727 2872 16837 11295 616 18883 7663 4243 14163 16380 4918 10420
13421 9698 10160 7053 1914 524 10127 250 2672 2124 12220 4447 17254 13808 1474 11071 858 5719 16944 14880 2188 15320 758 19945 9075 9577
1815 15096 6252 831 13904 17683 14642 15304 7948 13133 9156 2038 18850 11231 15376 8503 2256 19656 9585 10025 648 11883 14566 7315 8309 16779
19760 19426 1194 817 10812 3881 7769 15107 6134 19180 11997 2786 18413 2554 12976 5225 4289 14952 10546 9683 19074 6332 2868 7539 18189 18308
6889 2250 1724 6980 5142 18243 652 11782 8635 9516 4793 16510 16358 11451 11787 5130 13588 12152 18941 15557 9468 12074 8904 511 12536 3912
9188 19078 12282 2402 13185 13946 918 14238 244 10588 8019 2092 18253 2335 7721 18808 19596 3285 1106 7430 9933 19230 19345 16434 616 390
9785 5369 19063 11985 1881 9704 8541 799 8718 16542 9712 16028 12159 14351 19541 3920 10476 7966 16698 17724 14526 10835 11551 1554 10889 18942
2034 2771 17394 8539 3324 10656 9213 18855 15481 242 11630 6420 435 14176 13795 5560 17226 5524 6078 16349 16987 18727 5514 6520 17122 4879
16717 16585 17696 11718 1207 653 5315 8534 18071 19236 1410 1188 4496 87 16677 3055 19783 5834 19722 19602 1331 12652 6306 14942 10269 12864
12654 5505 7541 2257 9117 2950 8833 3387 17135 15100 12459 12394 4225 9802 1676 1755 4082 6989 17299 16940 5609 10421 2073 11052 13572 12423
6290 10851 11287 5983 8595 6519 17978 17477 1433 5140 19270 7539 509 6771 9424 8519 6987 11538 15094 5578 16818 16353 1390 15144 2953 2322
14242 18571 17208 16214 9157 1538 17427 14345 5792 5790 15975 72 5077 19653 17054 3718 19464 8754 19999 19291 6854 10497 807 2655 18584 16563
7619 16631 18847 17653 16004 4396 2564 7211 11503 13938 6051 13041 3462 19024 5726 5333 3750 18771 1188 705 5091 15636 17857 12592 10471 19649
10012 17990 5347 10673 578 3815 6519 6883 19435 9104 1618 5093 5685 9292 12216 18089 7153 13084 13794 6161 621 7859 1494 12231 13023 14619
7561 9592 14292 5244 10160 10292 19515 10400 11907 11216 12096 10395 6022 63 12076 9767 8810 9936 8513 4499 17004 16730 1561 16189 9434 4444
2959 10557 14085 13905 5813 10068 4834 17760 4996 2663 18007 17397 11129 2659 14601 7721 12758 6450 3627 13393 13655 18385 4189 16104 19074 14848
16478 18170 2437 14993 13318 10001 12290 14563 5701 15872 13272 3108 9787 9780 4080 13290 17268 5262 9738 11787 14341 11968 2458 16499 8617 5039
18874 16524 1421 5919 8412 15215 1558 5760 16650 884 3366 19098 15821 4538 3641 15159 9570 19555 6762 13992 5309 10628 18474 4958 15934 12427
4877 6525 344 4810 18081 5952 11385 17704 3233 13692 17861 4327 1422 5370 11495 8058 18985 6941 70 1900 18863 13903 9581 5161 17734 2206
9570 16696 10655 16374 13659 15922 5566 11352 1793 17728 5365 5626 9498 18109 10644 15556 6023 3463 5064 19952 4605 17788 19768 19190 11680 8781
19736 12771 312 8207 13123 16900 12943 7059 8791 1685 7155 1999 16725 1752 19966 13085 11259 2496 8672 9602 15935 7015 15446 16909 17121 8118
4119 13388 2919 7087 12818 12333 11047 49 12789 5026 7399 3687 14644 7923 6587 6311 9110 12516 9951 3730 16456 16536 15494 109 4579 17417
185 11301 877 148 9526 17807 5551 17561 2412 16217 13762 18692 19136 1821 320 10335 3551 5379 17188 4393 5689 14081 11272 15794 13205 4420
9732 5278 655 7472 8601 6379 12390 3511 3263 8330 17500 2793 3800 10823 18772 12173 11425 17436 4264 6520 8421 8699 7728 6056 15559 2832
4502 15337 8270 16713 9415 7455 6778 16329 12717 7816 16225 12701 3778 17534 18635 7711 5286 7985 11179 3197 12236 14771 3004 5044 18360 5160
2739 6626 16092 10339 12389 13614 16278 16688 6866 15284 5338 4395 6637 8170 6287 9723 1633 11907 4622 7050 345 12752 19514 15121 8104 13080
18150 14352 15285 699 15533 11380 14502 3089 14975 6920 5189 13977 16814 2986 14676 3217 17429 8469 4655 11314 15405 18476 19687 6843 17320 3422
1018 430 8275 2433 13029 19433 17846 7094 14597 5170 19633 12528 14285 14512 15126 8972 11831 8828 9911 334 7325 12892 17480 1957 12196 18081
8152 8544 12073 12061 19598 6361 5162 3140 12304 18217 733 696 3007 5870 4026 57 17716 5851 10880 11272 18896 16546 17894 2102 17823 6565
9398 11450 3484 6656 13481 413 5817 13143 12933 1764 13182 10564 12547 2922 9681 554 3193 10004 13452 8316 1838 12510 170 13731 11332 8419
1632 10762 3370 16761 8283 6133 8749 17364 4487 8345 17761 15760 18197 11486 15787 16022 16545 3015 15643 16723 18030 11001 9233 12029 99 6986
18873 18826 15113 19209 5404 10255 17504 18612 1839 17442 16 3357 7098 11358 14385 13958 15007 15835 14516 6331 3342 5807 10319 6481 6843 12371
15851 7051 10186 3399 11137 18276 9992 14599 1719 6027 18060 5027 8405 15526 698 12204 10775 16894 8845 3453 19668 6180 9390 19087 3934 5701
14796 5205 4862 19435 19626 1790 4105 934 16949 4241 6505 6815 11030 5502 6927 8442 3056 3705 16017 11967 12435 5249 6847 5875 4180 5158
8885 8819 16527 15100 11473 11337 11876 18236 12472 14826 8971 19696 15434 11635 12499 5945 7758 2315 5309 8315 12248 5503 9475 19043 14853 7164
14259 3970 3535 1643 6592 12549 7539 7726 13448 18418 13109 10844 7177 1053 11742 11685 13143 3845 12483 4166 7821 10285 743 19156 2899 2833
3656 19639 19565 10168 16206 8569 13108 2800 13792 6367 7378 7806 12068 4281 15566 4032 17123 10759 16343 19533 18910 19850 1538 972 18852 12867
5343 18691 6886 9837 15261 19139 8792 15982 2703 16912 5456 2916 16539 18371 1350 6854 6936 11357 17382 15673 5875 13976 687 7408 12919 10228
7550 178 17669 2908 7856 15479 2562 5385 9388 12135 5775 8900 16309 18807 3251 9663 10873 18209 18484 1070 14870 15522 19581 424 19168 793
14189 19022 13599 15124 6735 16196 2624 12088 3583 16090 8199 7756 4507 4644 152 10587 12774 15353 13263 12767 9857 10872 6525 8156 8879 16549
19571 1481 411 422 4745 11730 12227 7591 6755 3140 9414 9887 3527 19674 10856 5332 11867 3536 5610 11834 8768 1024 2283 6142 5743 14261
19023 2255 17054 6489 18855 8831 8537 4457 3177 16095 6486 6836 15590 5482 15517 16593 4228 4737 850 10425 7182 15958 499 18059 17237 2832
15107 18202 2761 13348 8149 5264 16099 13576 9787 14157 12519 10562 4136 13132 7730 9754 19241 19716 15956 14162 2671 12227 8178 1721 12239 5904
4302 16645 14146 7639 16278 1134 4189 4265 907 19552 865 330 19028 14578 12393 4187 11339 2841 16592 14466 10484 13224 8707 17584 1279 5035
8235 3491 19604 18394 2684 2126 15889 6647 8350 17758 11653 18910 5740 1087 2398 17836 18617 16061 16197 1869 10428 7574 19383 18864 19031 15406
2251 5462 3009 2854 17410 19118 12443 11576 2528 6457 691 16896 4351 3260 16497 8476 17737 8302 529 16716 10378 17864 10465 7201 984 3206
974 18216 3361 14995 10050 4424 6564 14292 19702 16369 13941 10343 17635 12623 6171 102 12902 9356 5239 10203 18801 4437 4158 6213 14029 11770
15157 4590 3709 14002 7873 15759 4627 4104 17665 10783 6837 6346 10325 18258 17320 6228 19124 12829 7616 11242 2288 10450 17665 8070 17699 8750
198 5647 19429 1267 1035 14128 398 11712 517 16261 13247 15484 6720 5575 19610 18178 19710 16431 16439 16446 10811 4730 7918 1317 18268 7860
16237 7768 11235 93 10012 1593 15482 11295 9555 712 12201 12338 12509 3775 14101 8875 6926 9219 1380 869 8130 18922 1313 15889 1502 6876
15749 849 440 6757 11630 15452 10727 14688 3431 8669 9247 14516 2351 5963 10469 2498 11644 14032 17436 12358 249 991 12467 8181 14968 19634
15615 6826 8374 18311 9577 18636 5695 7381 19848 9476 8453 16993 1035 9112 16333 13999 12298 5429 7230 6310 14669 14167 6586 19203 4696 9902
17203 1984 15575 17384 4162 7025 2236 17738 13985 14521 17886 14331 17834 14443 14830 14883 17771 14585 18168 5320 11059 14338 1148 17476 12528 10238
5117 16804 13023 11828 5535 4912 179 1045 8984 19126 4665 120 6436 11535 19126 7655 18944 11665 2929 13385 11751 2376 3867 7641 10937 10439
2927 17044 1239 4226 4960 18547 364 480 19703 13239 17297 14056 18824 4345 4045 9064 3642 2740 3674 6279 10505 8297 14303 910 9965 15675
6824 5009 1155 12564 9137 12308 12670 4913 18657 1216 7554 8780 7242 9661 17180 4126 53 7419 2477 8767 6135 18787 16167 13770 2344 18733
19016 12256 5338 18894 5784 10482 19312 18079 12943 9476 12697 7025 208 12350 12054 9987 6313 15230 6838 8134 18725 8841 16587 6990 9290 8074
19156 19197 19046 14181 11931 15103 16563 5434 14795 18209 14831 7243 2327 10034 19439 12142 3200 11586 16268 14880 10441 15842 7304 10627 13250 282
7449 5961 11352 13522 4378 7822 7265 164 18779 12790 1736 3711 14952 5549 13107 2787 2276 6600 16599 11287 3144 6633 1946 7688 12861 15458
13585 9267 12074 8062 4508 16336 12571 18132 15881 6805 863 2107 8134 11616 3763 15610 11787 17091 8362 5094 7063 19868 6875 10931 3681 1170
