365
61 54 67 85 12 20 48 35 53 39 67 5 96 45 43 4 58 86 48 87 12 28 34 77 70 16
9986 3128 18558 9285 5057 10788 10445 15468 13966 13708 3929 19056 2413 5955 14645 16303 13255 8946 11619 6860 12799 8836 9827 18406 8677 18613
10259 2264 531 2334 14439 2830 7070 7796 12618 10851 15855 403 7010 2480 15801 16133 16896 16831 8388 7159 10818 1410 19705 4308 4828 6455
18993 15656 3972 17786 10291 8719 1530 15119 2046 12987 2286 11430 13423 18441 15136 6377 16829 5886 19114 16792 9605 2511 7372 9394 12992 17203
9482 8115 17711 8350 15879 4405 2410 11780 10726 4619 15396 18521 5185 964 6606 2245 11846 8208 5905 19488 5935 12592 5495 19088 14149 12036
12815 1878 1228 18918 16142 13432 19411 19687 14511 15945 10876 8194 11206 10360 15053 103 17813 1822 14547 10977 10097 1830 12835 15553 6751 12992
14013 4363 3661 11591 13467 6157 3165 5180 16385 10409 18987 19850 12274 14668 7488 14360 15748 14113 369 6258 15974 2106 1293 3088 16319 16261
13397 13689 17128 18492 2923 14654 10808 105 17807 14179 19033 10902 19363 9967 7343 16766 5707 3603 11494 18391 13549 335 9386 2785 19637 18833
6688 481 18775 4934 5608 6463 11824 16892 1417 12114 15596 10258 1468 41 2080 2147 14650 15870 10931 13248 17960 12343 4069 19521 7843 3799
6040 16370 2978 1701 10408 7468 17238 12691 14735 2952 3753 13894 14982 13788 10519 476 4967 19777 14292 6229 16804 19008 9096 19556 19518 4867
14019 4562 2831 11255 7896 14764 9988 952 13588 2768 6551 10621 6105 6690 5247 16417 2712 15327 15262 8121 15963 7612 17655 17697 10201 18614
15044 18476 11843 15394 17271 4594 15007 706 2599 18509 13615 7516 2524 19326 8050 13239 8768 5700 13379 10938 12723 4696 8823 18817 17388 3140
5777 3864 8698 7011 9308 16820 8274 5083 10809 4919 11518 19381 12292 10111 10557 7687 3545 1432 15769 2262 9767 1157 6433 6659 17673 14753
19231 210 9144 17060 3796 18283 4539 17779 3243 14679 10857 18367 13122 11575 3205 12934 1526 648 10831 504 8879 9321 1141 16551 19341 5697
13912 17528 7883 1131 14783 16571 4157 7874 9083 13842 8232 7452 11346 4361 13280 4370 14242 9943 1769 17589 10723 2110 7556 348 232 4710
2324 3771 17513 9046 11671 15993 19562 16309 3377 4589 15309 2755 17930 18377 2900 9771 4638 18206 1069 18910 11455 4688 15876 13768 4327 1994
10872 8097 9347 1821 527 11486 17676 3527 8808 16395 6696 17924 16969 13717 2848 6131 1675 3955 17945 7646 16372 16308 12525 6937 17086 5234
16844 2048 10838 4129 13656 8708 1059 16024 7613 5039 11895 295 5324 18325 12487 5485 13957 10215 17298 12510 7799 5570 11803 5761 4174 6638
7007 10848 854 6537 12880 8414 8010 15870 8729 1842 6667 8291 12242 13737 2641 14535 8235 19665 13297 15824 2236 7330 10411 16045 14610 15696
13575 6831 9889 19941 6189 7132 19129 1986 10590 13132 12034 169 8018 14888 468 18261 17289 13669 1592 14207 17231 2172 2551 18936 2030 18292
3373 12254 2453 18745 13958 15962 13510 393 3679 19970 12295 6816 10481 10527 16199 14789 9326 18671 9290 4038 2240 1135 18911 7799 140 7108
12745 9051 16295 16107 10546 13802 5098 15820 8221 4891 17087 4961 77 14760 3012 6223 17222 16699 10353 18133 3139 4641 13733 11696 7788 8249
10421 15169 8603 5239 10420 18098 19064 3395 19089 13895 7584 1569 999 18722 5650 5605 3809 18800 12098 3459 9302 19542 7610 5662 12997 18270
438 17067 7007 16763 17632 15694 15782 2245 3932 19090 18594 18572 4636 6025 11475 11951 6226 5262 198 16375 9933 2800 19552 10086 13739 7845
7296 4098 13312 19369 19875 1113 8839 1011 4445 11855 15557 2385 5452 7884 14238 14649 3925 14928 17445 15857 13022 15976 6262 8976 15355 13982
13600 6052 182 15131 15447 10386 18861 2096 9409 14375 18505 4822 19829 8812 6080 19708 7098 298 6324 19294 12032 4492 9052 3155 1333 8168
11588 13678 11092 9363 16487 4782 811 8373 14823 14504 9634 13848 3510 19288 18605 5468 2349 4020 14173 19105 8559 396 5773 5401 19997 17764
1504 14567 12677 11473 8180 19059 12135 1752 15328 2266 7496 17560 6807 12203 11760 6947 7419 1632 14086 7574 6003 8896 6956 14781 17782 3633
19326 9129 15255 6632 17593 8582 1911 9683 311 17262 18181 17355 13500 732 17548 6643 14842 9751 6673 15761 9233 4367 6304 9 9700 7466
6815 12023 14604 15547 16023 14108 19960 5344 5480 10181 15307 9746 14195 18825 5804 11505 3292 331 18021 11810 15488 9212 16448 4251 15889 18450
16912 5814 19742 19443 13814 15026 7419 1129 3857 5830 1644 10514 14133 17877 6370 776 4240 13508 2302 800 18672 3609 8576 2320 3551 11128
4630 7662 17869 18710 6699 5768 19335 1463 10443 11641 17765 6569 462 6729 15952 14882 13295 5447 14405 1025 17231 16034 6789 5926 3023 16138
15908 13552 12541 3158 12196 1646 8853 12834 9289 12944 11217 11715 11245 16768 17022 7329 7329 15258 8427 9018 13939 12177 2487 9120 5052 10957
5357 11278 5035 8355 13267 14260 950 4902 14271 7624 15808 4358 1238 5989 14696 17408 15529 3191 5517 3716 12324 16381 5319 15293 14428 17110
13924 13283 6624 10762 16265 5207 17422 70 13743 10510 820 3668 4596 4743 13708 17270 9534 1642 7459 4973 13049 14088 12216 10371 9464 879
2724 17114 3605 24 11217 17674 11667 4918 3045 8601 13348 17567 6446 3142 9936 36 14232 5181 9843 11415 7389 2212 15861 18467 15283 12130
1803 5478 18017 18104 13625 5608 11209 4271 16159 2769 2081 5655 11732 8652 15665 6281 3971 13869 10612 11959 13687 8567 5669 9265 10530 10207
18805 10793 6851 1980 9295 2606 1268 6176 19226 8318 8581 16427 712 5809 13571 1870 7357 13235 7257 15265 12282 2035 7834 4789 10945 2889
13413 134 13409 5353 9623 3588 13924 1828 3764 16934 14051 6502 17166 10524 3671 16360 9885 2763 19900 4792 4295 9111 756 11868 322 4674
6468 17597 13184 6733 14251 5840 12922 17463 14215 6403 19307 440 343 18747 15890 4034 11654 1114 2519 11999 2115 19372 109 5364 18517 11263
19507 3078 13168 1176 16611 11836 7518 9751 4191 18996 16399 2307 2051 1029 10412 811 6436 975 5178 9094 205 85 428 11077 8995 11973
4711 10942 1519 19813 5057 1585 13153 19370 15592 7964 13097 6043 19270 4975 11217 2491 15250 9579 694 3946 13750 15901 3067 15322 331 7356
10044 11916 19493 16540 7755 9353 6402 5187 9196 12430 12537 13857 11891 8817 1558 15742 10031 3395 588 12806 8348 12966 18654 16755 8714 17523
9227 548 9217 17818 19430 8984 17489 11482 14549 2082 5571 17415 1347 11191 5668 19094 11569 5724 1698 163 14322 18306 17239 16365 19394 6691
3673 12408 16195 12908 11400 13957 15867 17535 4004 6898 8262 17877 7598 7774 7130 17537 1065 17806 3405 12193 19525 12312 17339 4673 14397 14606
5386 3483 11474 2573 19212 8783 10394 13064 6215 11959 15614 16934 11293 17942 5045 12527 13307 15266 9824 6448 18843 1259 7458 9470 3738 15084
9473 5221 12237 304 7305 1849 7662 19735 9053 1417 8948 15450 17919 5269 19442 9354 517 12419 5090 3879 14670 2000 9117 3483 19025 11589
16960 2363 10652 9198 16623 7884 19563 10040 2183 4309 122 4979 3840 5685 7567 4096 2555 17425 16157 8841 5604 6393 5487 16108 2596 13055
15732 15859 12032 8804 2003 2753 5702 6509 8874 19332 17213 12798 13317 1470 10506 12944 5872 3632 15459 8394 13710 17343 3835 5361 9511 5401
13971 17968 12613 18030 9155 7748 10934 7745 7096 13647 2841 2802 7566 6512 3202 10624 18018 15277 7947 1334 7579 3161 6004 10777 5909 3884
106 18847 2935 3181 14903 17196 17211 10961 16973 2594 15038 10853 18725 8180 7744 11854 5246 10551 5531 5992 13642 511 11547 15036 15720 13100
17487 234 4996 3773 4376 18671 15853 4117 9807 9864 15902 18672 19644 10321 14914 389 14542 5255 8805 10575 9736 14133 18079 3987 11205 2134
1446 8143 18830 19588 2392 8566 1736 1853 3965 3037 10937 396 16106 603 16420 8381 14844 18895 10269 17902 685 13846 1406 15254 12778 1971
11480 11491 18717 14964 11926 10665 11002 18016 7289 17132 19778 2944 8004 6760 8643 10218 16123 17357 10462 19014 4968 13517 17831 6470 18808 17144
19329 19129 8118 19963 14595 2005 3549 2871 15050 17338 8124 12595 2897 14102 8835 15283 15495 13653 1682 3141 11506 3239 7020 19988 19735 10475
17797 15089 12966 6854 10207 8156 8001 18381 7627 19781 4945 18265 6887 11636 7604 10559 15434 11084 5640 3409 13682 16594 8608 15870 4141 10183
8460 9075 8249 10983 2998 13539 16868 17211 16427 14314 9080 2474 7410 7553 847 3939 10974 9689 5963 15689 6489 17741 15959 15783 18510 14468
10753 1758 12152 5257 13048 4717 17043 978 11338 9868 10060 19371 11240 653 11519 6025 553 8281 1998 5946 3489 13032 2714 10508 4375 927
5667 6066 6381 4502 17265 11983 6293 13861 591 14245 19632 7507 1506 14485 10078 3366 3422 560 2132 7034 2704 484 3926 17906 17225 7634
284 14087 19128 6707 11737 13845 2577 10286 14618 10782 3492 18995 5182 9982 377 18425 1204 15592 19904 5859 2026 16088 5497 17327 5642 3178
14762 10120 12618 18515 7281 15316 7132 11192 16903 17756 5401 5774 13504 19476 6985 12925 18422 19241 1457 2371 1816 7292 17399 438 3872 1706
12879 13600 2015 4537 17661 1477 9209 13475 13294 12893 1564 8745 18988 19602 13861 3187 7244 17226 14218 1906 11615 4874 18713 6240 19908 16979
6844 19391 5874 4726 1170 12339 3225 6173 2984 6359 1202 15447 7302 18886 9831 1457 15386 6574 11050 9049 2725 13709 7236 9610 8244 7125
14624 9154 752 9318 2104 13643 13566 1685 13069 13348 7819 4780 17811 19608 12243 12271 2361 15153 11670 18988 12463 1545 15778 19463 9059 10724
14611 49 6126 5535 6451 16059 1469 640 11921 7112 12445 5686 6985 3425 12167 7279 7907 14878 2764 5888 15753 17708 2089 3002 3322 14915
17644 6193 11855 8559 8708 19386 17633 16927 12935 1860 4164 1020 738 14334 3988 11479 6417 1519 12172 6304 11587 5691 12430 11529 15701 902
5086 4587 12478 13923 749 8882 13741 8273 2850 11299 15196 7773 14118 6298 1362 13154 12126 345 2537 5214 1364 8971 16831 15155 10957 14852
2150 11554 6858 9697 11314 5174 7812 2056 8707 9752 15573 4726 7752 6378 3857 2752 16248 723 10858 5462 13127 4509 15684 19809 8711 13160
9879 5712 6721 1454 7889 801 13162 1457 19446 5811 10931 12662 173 1178 16074 1545 8478 19357 5922 828 18848 9796 11550 7838 10022 1085
2807 14348 9530 3237 3676 1768 5966 3906 19089 19321 13630 19381 9664 2079 2202 16309 17197 6552 7129 12394 17112 6476 3672 1045 19689 445
5565 12193 19183 17095 19006 15316 16524 2440 16762 13910 12452 16132 12411 13914 18830 11084 647 4027 16770 14997 17747 5854 14225 17818 17416 4635
260 12305 19616 15696 4039 5509 4010 5427 2455 17631 18082 15284 5069 17121 10543 19334 2612 2373 2807 14224 11207 1065 1595 17665 3163 19793
11249 13371 14773 4331 1756 15038 4667 14623 13814 14392 14259 8860 4357 7924 18187 5904 12071 17079 3054 13002 6593 6212 12186 17687 10229 12728
13421 15809 11335 9819 7398 13580 4136 12633 5159 4792 10405 14171 6645 17671 15622 2155 19013 11173 17572 4336 8790 17095 5647 8064 17216 14475
10086 15191 5549 5596 2290 10655 13501 7796 11390 2280 11616 2925 13113 14529 6097 11353 19349 7456 10499 15421 15777 9396 12314 13533 4812 9181
2493 164 4806 4933 13392 14852 9080 3835 6733 18671 16195 13788 5936 10887 8502 5882 11313 11660 17592 17538 5088 15423 12021 17289 6717 11211
11504 16172 2927 9755 4372 11464 19921 10892 8560 15434 9106 13605 16008 16692 14432 19816 3937 16899 10186 7316 4582 7982 4992 10381 10560 8399
3841 6174 16038 5901 18312 459 2353 903 6148 2163 18653 15114 3321 1301 14309 8384 7536 6890 1606 10969 10020 12396 2058 9831 10111 621
17541 8997 5964 5958 11899 10424 13768 7471 19494 5829 5346 6581 17625 1903 18380 14283 9438 10590 435 18779 12588 6149 5727 16691 15681 7509
9181 1449 7829 16416 19517 1997 12531 12704 1831 15679 13690 10664 10814 5308 16351 12848 6571 19352 6311 2747 4956 8451 7719 18210 19730 8873
9768 6254 15913 3755 19574 17694 2932 17680 1407 19531 1375 11084 6477 951 11104 15667 16843 60 2903 10534 2291 4981 6942 1142 16245 11868
6309 12560 14759 6038 4174 16351 13418 1957 3511 2121 11816 4495 14897 1136 17971 4454 2837 19291 6946 7188 6191 4672 12233 19931 12175 15353
5084 19284 11976 7000 14711 11000 4995 11032 10531 4130 18906 4711 19137 13028 19353 8158 15626 18223 2153 7270 19238 5215 14648 13622 13469 17090
5423 11210 15378 11921 1178 16324 5791 3081 363 14235 19058 10540 14238 14685 8982 19397 8276 9278 12897 6033 3171 1239 14559 16790 5614 11447
14182 10361 1562 11536 2631 19104 17687 16992 16099 500 1153 1457 17740 10412 7075 14577 18421 2823 4681 15830 17443 3151 15806 19885 8461 7327
6265 7216 19480 11733 5737 7787 3724 6209 6280 5997 14457 485 4689 19478 18567 5024 18307 7581 6884 19348 7219 7223 10001 8975 4183 158
6305 17708 19769 19418 1764 5830 9689 17127 17310 16767 8677 13925 716 16336 3746 10973 19498 17329 11437 15242 2256 16854 14872 10130 3351 9051
7097 2357 14192 1608 3562 13737 3009 9823 13957 16708 3727 15614 5666 15939 11559 5235 8259 1329 4336 11077 10410 2473 6074 14260 7259 11159
17843 14087 6641 17713 1536 4200 4692 19990 10723 13333 10994 12443 19532 7736 15031 17807 12806 2134 5565 16065 9269 14453 17744 6744 16716 17909
3432 13640 9413 9869 4855 3495 18997 15302 11517 11854 16780 1186 14394 11626 6793 12551 10939 1774 3811 10835 8654 8678 1100 8203 14442 2289
6524 12304 19969 4437 354 16581 2135 16214 13611 12882 7446 2508 7731 1669 8741 17425 18802 710 6805 7233 18038 4624 7795 16535 1709 13024
5925 9668 1949 11268 17551 18303 18266 6749 17427 928 5592 12407 3787 1121 12863 9053 213 11169 12602 4294 7516 18634 669 10340 19061 17980
5955 2430 6519 19567 2730 16250 3831 17050 14054 17670 10458 12460 8988 11969 16359 19096 9831 19763 8933 2798 11385 10304 2200 19119 857 11357
18529 13280 13585 771 8188 13345 13799 7861 19451 18858 16640 901 10277 8130 2616 8267 17352 9220 2315 11892 6838 11165 19537 18123 4820 2935
4179 15511 18254 666 11286 1955 15623 4460 9132 6448 5379 1511 12991 14497 12743 8793 842 12856 17995 17633 5117 11340 5282 12106 17383 240
12028 19231 16560 543 17096 15749 3965 9930 17042 4742 10410 10392 18643 5196 9014 9964 11940 18267 15986 5844 10328 697 15713 9946 7032 18749
8234 4216 7071 14736 5579 13728 14695 15834 14131 12660 4263 2753 10504 4476 5295 15635 15254 5595 17366 9301 388 4098 9465 9932 18587 7915
15095 885 15631 2689 18443 6753 9938 2028 9603 11898 8558 9753 14530 15520 6885 7309 9556 1723 2653 7173 10839 17331 7826 15716 9736 14728
19830 17203 15709 7913 8546 13835 6011 7852 17435 14418 4641 14023 12288 19212 3557 4293 10189 3178 1353 17961 10968 3333 12600 8375 554 2155
4922 3426 770 6094 8807 11207 8252 5837 16832 18071 10007 6928 2641 14467 18629 8103 17323 9399 7026 5439 6242 16547 8332 11259 10113 4422
15009 14093 13067 8694 18061 7419 10950 13809 11970 7391 11860 15885 2387 8081 13296 19804 6856 11499 11847 4308 3587 1796 17436 2662 15300 4233
6311 8912 1670 5362 10286 13748 48 6356 10053 5789 16908 12075 5574 15142 17828 5335 3326 11671 18132 5930 11419 16824 13667 12327 2384 2439
9481 6364 19150 13061 3063 18341 19971 4772 1 10332 16760 674 15570 126 13771 7537 17195 14297 3986 4327 19108 12907 7697 7233 9527 12615
12775 6395 13613 11857 4623 16283 2497 10929 3631 17304 16274 11453 15259 1372 14300 19669 5996 3376 15278 15776 12122 12838 14929 6607 2466 14270
9172 10893 13514 14648 8123 7988 16889 4935 10368 1378 16415 16228 18365 19420 19784 9949 4476 5620 11076 6624 18911 4667 18155 10951 18796 1726
19862 9368 16893 16443 949 14338 15607 5527 19402 4127 15067 19989 16276 18720 14045 10708 14116 12872 11581 9839 11982 3716 1134 12168 4996 5005
1399 10934 10566 5184 16450 13686 5932 59 10757 11510 19660 14529 119 14294 889 14596 2242 12015 14871 14404 14300 14754 11681 3591 12719 3564
3717 825 10328 1540 13644 19773 16467 4177 9477 1927 9520 11189 16166 6603 7856 9920 9270 18426 8927 5442 16303 18939 16505 16397 6435 14700
4210 6939 19011 1734 6356 2638 15024 15314 9692 16865 17821 5424 13731 519 14423 2819 18843 6605 14412 8163 48 13915 4086 5694 259 19249
6276 11237 9745 17543 9865 9584 9251 3129 5599 18538 535 8950 5677 8914 11467 18646 2488 11471 2424 19233 18756 9342 7331 17716 8766 7880
14402 6036 322 19002 5294 9637 10227 10935 7013 1242 11926 8091 1533 16984 19516 3758 11441 7034 13788 2095 10862 5637 10315 7105 16766 18770
11806 5366 554 14366 17192 7279 6130 15742 3320 15976 1145 19618 10728 16184 16 4558 12642 1140 17465 19662 3642 4670 3548 5948 17818 10741
16115 18026 9654 6098 4133 10300 11010 6383 19065 12089 19504 1368 5568 9819 19440 2049 15323 10929 46 12741 5097 11680 16731 6552 16918 15435
12165 15287 5048 265 17871 2369 10787 15597 8957 18622 3025 9291 14731 2975 8794 15291 17372 2680 16256 15419 10401 9477 18019 17090 3706 2984
1993 2530 16871 19715 2190 2578 18756 603 4316 9362 9947 13979 4209 9606 1265 19847 19543 12674 10142 5030 18582 8700 12360 2048 8744 17624
11638 16582 12343 16291 1273 9740 6726 4649 19072 13403 4053 19247 6323 9804 13547 13693 4286 3467 1405 5423 8188 6203 7673 3884 5719 19286
15938 15995 11587 2108 12586 16680 12864 11291 14843 13018 130 10923 10441 7870 13831 3823 12862 10206 2022 14765 4880 4327 6548 5405 6455 15740
2584 11723 5584 13876 8960 10925 12668 16763 5552 17905 15949 3341 2388 18338 4360 7344 5277 2693 7116 9927 798 16982 13822 17269 19317 15053
15254 15012 8076 2477 13329 14341 8066 17997 13666 12654 14791 13616 12878 8129 6100 15512 13684 3664 4864 18354 255 14382 11130 465 606 6868
1532 19830 19886 18551 3043 12091 1036 5026 3175 12 7523 42 2837 3569 6907 11261 9157 7276 19274 12587 2199 9012 5926 11125 13344 4156
8224 16649 16160 7171 16235 8877 11423 10549 12510 2409 893 5261 5177 8896 3879 15982 752 15783 4497 14525 6998 6361 8001 4420 8220 1568
3684 19837 176 5257 1564 18023 13778 7186 383 11069 13178 15275 1727 6221 7221 17810 4263 16581 15396 14031 16758 14957 18769 8274 5602 876
16284 272 2584 11310 10795 7354 516 19468 18333 13700 14191 482 8923 13283 9996 13770 7951 1755 9775 7365 15215 12146 13009 18711 13842 14666
6797 6237 4853 4586 8054 2158 13353 16622 6987 10341 15870 5188 4004 3990 1414 19307 1446 16695 12571 2307 12177 1362 9760 12451 5367 16121
5988 2368 6621 14730 9126 5783 4277 16470 4185 953 18324 7234 7057 6585 5981 15960 10471 2039 7636 10548 17358 11879 1434 18091 12518 17705
1382 1591 5522 18824 12329 905 3906 2177 14145 1321 8906 19022 2791 3242 6976 4502 6836 8873 7479 18364 11248 17721 9067 17876 7268 15673
11247 4227 9472 19956 3687 19844 17437 16403 5282 5664 3642 13648 3054 17276 18901 18923 19591 11159 19558 15814 5671 16258 15212 17277 8100 6820
13261 4214 2061 15342 1497 3623 19479 12662 13668 1507 7681 7453 10895 7233 2648 4128 12698 14194 18514 14936 19825 16477 365 14558 19478 9458
18209 7839 11857 17284 15374 7221 7241 1309 15218 16376 4240 14976 6764 9676 18531 8845 13203 5329 7136 1082 8546 5101 6118 12864 18196 17621
2319 11854 648 12579 13357 14334 12331 8911 11508 2841 3053 481 3295 15567 11928 19948 1948 14939 16008 3604 13451 10445 9489 2873 9663 6678
4797 14751 19140 11462 7695 4876 6328 19442 10243 13508 14 11363 13915 1769 15271 8051 469 19003 19290 4015 12295 16334 11848 17425 1157 6846
1360 6036 13675 17701 6032 3604 4426 13693 13708 15755 756 17446 6147 19025 1695 13376 12807 812 423 11236 7427 3725 12214 8413 5829 15059
16153 13988 18745 19683 4641 1360 13239 3240 13361 16682 2692 2526 13487 15860 19879 10076 2821 15971 16814 11386 10043 19775 12557 18577 12856 16546
809 14073 790 19716 13283 19314 15611 3870 16795 7645 3872 4023 16327 13177 8344 12935 11532 11437 608 78 4537 17676 16696 1556 6503 851
15191 1597 17185 7328 7518 7224 13050 7213 2786 12138 17113 3865 7433 17433 4151 11629 3098 584 19448 6736 17369 17340 3293 14873 3687 15295
11201 7159 6682 8110 8218 11398 792 1157 17899 19542 14232 17961 17783 14628 10917 4282 14208 17166 13788 16755 15352 14175 10787 4116 12307 16525
6868 17559 19835 10557 12906 7845 15288 3910 6428 16176 17557 11661 7697 11972 19630 2779 3008 1452 7550 19741 9361 17402 1557 19420 3349 3556
19151 19457 18890 921 3661 16150 692 6788 5609 12052 11282 18749 595 18668 10145 18196 15087 9837 6615 16267 910 9184 15812 3416 15393 18687
8259 12143 9608 11388 4263 7666 12244 17858 7458 300 11270 15720 9176 12743 6718 4746 7482 13067 1049 19367 13600 6396 19577 12152 4346 13467
443 12921 3597 8857 15570 10294 3266 18780 19027 10068 6941 1655 15039 9706 17551 11514 1235 4668 12606 10594 9924 14643 2199 15217 17448 6886
17770 13782 1323 18352 12455 12476 13671 940 15518 18013 2685 13636 19138 19290 8977 9833 19809 14600 259 14552 4407 1866 11194 16994 4078 19538
14967 16897 15057 6194 8121 19209 11659 3128 17326 15976 7759 11311 5108 8954 3735 5374 18175 8142 18349 5009 16004 18425 1009 14418 870 13342
17368 12764 8941 10614 9566 19129 11837 10169 14786 14126 1108 5824 16196 1053 8201 2924 9615 18040 19717 854 15204 11184 180 16302 11297 11005
7046 4039 9707 3364 8357 513 1854 16118 19723 767 3445 3588 1208 19536 8451 14243 14505 15142 9425 15719 5467 919 8221 2474 15552 17056
3872 427 17047 5881 14000 3750 14283 7779 14218 7456 2616 220 14779 8428 8212 4368 18362 8519 19625 5327 10510 3900 11260 6739 6534 1427
7877 11373 7922 11165 13064 6531 12745 17750 8309 165 12156 7237 511 7381 6172 16004 8392 1819 10804 11440 7787 14091 16301 15870 1054 11973
2164 11699 18093 992 8474 14013 8899 19168 15179 8568 3288 12655 17475 2640 18971 5282 9755 12084 14992 12323 801 14190 11494 8240 16401 685
17065 5697 7482 18135 3139 15031 6090 10783 2422 6015 19067 3648 19083 14874 11045 11120 19263 15868 10425 11510 6887 9726 10090 5396 4165 7935
15167 15097 1543 18377 14730 12262 8243 7013 5057 1795 3757 10815 18447 17602 13370 14609 17116 19773 17337 1508 7925 16355 9309 14079 5176 6282
15340 8805 7457 5482 14151 11030 16220 5652 1371 14987 18800 2816 1043 17065 505 19211 16603 6630 19499 13186 9336 7595 11625 7056 11376 15311
15103 14055 5127 3843 1648 1214 10750 1489 8774 5 15288 16549 11282 1612 9434 11368 411 3234 5275 19067 10371 4005 10226 4597 13936 10285
108 17190 8785 6080 2809 9780 3590 15843 18050 17749 181 2700 12972 14654 6587 1421 15557 18668 9896 9064 12079 14956 12070 5518 8864 14528
3236 15315 16038 7386 10701 8804 15156 17206 4113 3826 13757 11601 2934 5091 5159 3642 19379 4343 4402 17888 16867 123 4471 7196 6689 16062
8886 17631 19767 16403 6376 7759 7796 4925 17405 19827 5383 17747 17863 18636 18174 5652 10347 9558 8767 3112 18520 16098 16134 6349 10977 8670
17256 6385 5237 3691 16505 5287 16181 7646 6511 4852 11447 1590 9987 6860 7942 18390 19158 19551 12028 14198 1811 16279 17490 6688 4356 17018
3963 3723 10525 19506 6884 6579 6294 19450 18986 13749 11242 10967 9259 5983 4018 19386 16287 125 12460 10213 17083 14085 3434 17886 2792 18094
15252 5612 2277 11462 19755 5798 9326 10951 8561 13282 8122 909 16923 16098 15316 11733 12638 14518 8335 9217 8884 17951 11506 2173 1652 3811
18841 13449 7825 12340 19848 17624 990 17560 8827 6341 19231 18368 1232 148 13611 10517 8082 16546 16145 17252 7178 19666 12298 4760 13344 4889
631 4580 4795 10564 13996 13903 19779 72 18215 6334 13296 15076 7916 6715 10222 9136 9161 14297 5891 2698 9690 1537 10395 19183 13011 11551
12400 19707 5313 10321 11873 18954 14242 5263 10952 6853 18361 16677 4295 19745 14374 19988 4016 15648 4463 5835 13474 13206 4160 6888 7951 4154
18742 19444 16153 17107 1943 19184 12275 11262 16384 19419 11292 612 7907 13233 5913 10676 13921 6744 1340 17453 13445 8955 4082 13235 7367 3422
11102 12798 8168 19483 17316 5526 12975 5176 183 19299 1356 10892 7736 7200 8583 2585 8478 6487 19743 11361 15063 6228 17083 14468 12425 10097
3052 18435 5848 15637 11686 5242 17533 2305 13239 5952 12997 151 12114 7891 561 13796 8655 3284 18610 14706 18388 5473 18232 10861 1904 13360
4177 12620 8938 13862 15954 6365 3086 2970 3233 7755 10321 18997 10844 14958 17015 8271 17365 5119 4000 16268 1292 16008 16581 13376 2031 1364
5554 8288 3954 3968 3345 18558 7580 18191 6554 11855 12587 7322 8276 4166 4240 2472 5180 9184 337 15540 9371 9340 1194 10899 8975 6744
18403 13317 18307 7301 3707 4800 10810 10611 13439 9303 15051 9688 500 1720 17694 17890 15569 6075 4163 132 12244 7256 1589 8929 7385 9433
5193 2997 536 14785 11351 7028 16196 600 16857 13741 11533 17183 13837 3278 6529 2514 7182 3746 9896 15410 270 2107 14276 14754 11058 3563
7463 6605 5411 6609 18723 14109 6094 14594 12490 16814 16158 12383 6193 4768 5150 4858 4014 3612 12280 987 6847 3256 626 2024 4920 18230
4184 7353 2290 779 6734 16083 631 6208 12821 5144 15608 4398 15423 16139 4951 6002 16350 11729 19457 13239 5004 2856 13306 16724 1753 79
383 7752 17158 35 10606 13960 16469 18299 7835 13927 287 7957 12626 11472 1715 7887 4164 9844 13241 2873 9319 11143 7903 17585 2393 604
5414 17721 625 17978 4849 11843 2180 18761 11913 7832 3186 880 1147 18472 10797 566 7680 7131 17791 12424 19799 11723 676 15841 27 11229
12869 10899 15528 14059 3947 13127 1970 3893 280 11600 11746 9636 6903 799 2144 10957 8369 14081 9738 835 449 936 10837 2533 18405 10086
1948 4003 1323 9583 16156 6126 8230 14136 19975 7066 15536 5533 14452 16582 5471 17054 12873 7071 17649 717 1974 17539 14041 7630 16955 10377
4273 13775 11867 7621 367 4034 17444 16258 9546 4623 7956 5068 18290 469 19487 13262 8027 16055 5092 16921 16512 10477 6925 12273 14444 14580
7733 1570 16319 9062 6859 4029 677 6735 13362 16882 15140 16029 8159 15205 18663 15088 634 4798 18574 10603 8720 1205 2229 7878 8984 2055
16297 17467 6294 1180 7132 6966 9982 6331 14396 9488 10536 16009 6680 1612 10629 5802 10418 14659 19320 2599 14212 4362 11862 7 3487 1287
292 11517 13481 6204 4367 14790 11803 13394 7147 15104 13280 11543 12369 2969 8506 13126 3307 2334 4560 17721 14975 1392 13668 1212 17502 16070
15907 1380 3720 15173 17892 8884 9781 7379 2056 12402 6560 5023 18162 16754 1503 19631 3166 18494 13388 9503 17634 3367 1743 18203 10799 1996
10887 3818 11755 13450 14255 10788 13262 1537 13351 12941 10407 18592 616 2235 10719 18503 4822 2166 17274 5314 5231 8732 18723 17495 12172 2200
10190 19144 4411 6593 7019 3572 13367 16440 9322 17351 9000 12242 14709 8479 12153 13222 10145 14381 2625 5079 8998 2082 10434 8882 17529 13880
18855 11507 18688 6956 16700 2187 9614 8998 4795 92 12646 16023 10089 7882 10664 16461 7459 13535 7009 15995 15796 5100 6191 2525 15313 7200
16339 7104 12191 16166 1694 1415 10051 3195 15054 9922 5228 11201 17601 5773 8034 10300 5430 13098 11837 8521 11499 12699 2767 19810 6844 10529
3109 7214 7967 9202 15137 4188 15668 14866 17168 14079 7875 3072 10623 7051 14902 11785 19521 3684 19406 19215 8106 8663 14697 2956 17009 17184
3543 11500 9703 18450 10101 12360 6568 17571 14969 16208 14234 8052 8888 11244 18242 11907 13035 10644 2000 11466 5824 17139 16552 12188 4295 16889
7242 17737 9401 5170 8885 15878 14449 1682 4295 15682 2510 12003 3584 16588 18011 19021 5580 657 17538 14537 4930 16317 11817 3734 1231 12847
12525 4338 3875 13736 11153 8100 7796 19692 2378 7176 14901 5057 4903 6631 15661 2587 8090 6036 16042 18013 18123 7000 3795 121 16505 16261
4932 1355 4881 8790 1028 687 11142 7586 9841 5184 12875 9593 3229 8982 7088 10852 2962 17807 17072 1054 12462 13934 18213 9877 13643 15544
19328 11163 8909 9802 2058 2410 8424 18396 8853 8548 18317 8012 5865 539 11789 3929 11482 2748 7559 2184 9910 3769 7004 8288 11781 2848
1740 17660 5316 1222 13908 5498 10843 1946 13706 10599 16269 949 1116 17062 203 14962 4673 17632 10551 3818 17312 13885 792 10479 16997 17275
4772 8714 4604 7130 8635 11446 3402 2105 1031 16947 17724 4647 10649 11837 16982 12025 16732 12975 638 5525 1991 11149 14577 13509 1313 16919
5173 1371 7981 16592 17033 14733 10994 13774 8705 11340 11567 18561 16930 9944 2150 16797 13796 6083 16068 15383 14227 3457 4915 19245 19785 17996
4860 11571 11408 14632 6834 16675 19028 8270 17354 851 5596 9674 18758 11771 18664 1387 7903 16454 5099 5281 19582 2963 368 19495 4921 11525
13409 138 9362 1123 682 17230 12916 1718 6624 6475 12116 18657 7895 9952 13101 18565 8907 18843 9073 11631 2817 3651 3991 12994 12558 802
5671 1286 17821 13310 3943 218 4492 14782 13989 11614 118 4185 5132 2425 17161 2528 14788 2348 14214 7685 8080 17390 19700 2288 2590 5174
3205 14108 6421 8436 7358 18416 18315 17634 12193 19428 935 13856 12522 7625 2851 3410 4195 5658 13970 7164 8633 8041 1483 11177 6924 19718
3938 14690 1306 15762 15035 15246 11606 10023 12362 1197 13638 19541 132 15545 1438 9720 11258 7620 18994 14848 2300 8210 2631 12559 17384 9349
1953 9116 610 5175 1994 13322 9224 3588 9890 10553 19787 2122 8545 6949 12081 5175 18396 12074 13593 19889 9106 13210 5227 11463 3811 17699
14057 13635 3592 15747 957 6798 11459 6941 6310 5748 11556 4688 9114 9157 17896 15153 1353 1349 5997 15822 5276 2409 1702 2151 19185 1034
15239 18931 4704 16036 864 10285 13762 12645 14567 18397 15931 16237 9358 2449 10700 14498 17071 504 9355 1431 12052 18984 1717 11438 3883 17023
11733 9470 1932 794 16048 6409 13600 18146 15184 2411 12612 17412 15128 8338 10604 1726 3542 2185 8486 11504 16104 2693 3666 16894 9488 16563
8120 10055 16653 6229 8515 18510 13989 13945 8871 14967 10935 10051 17401 19930 8481 3456 2694 2874 9244 18832 19889 19405 14535 15682 603 8997
14553 3009 19482 9699 13314 19828 14820 4558 3970 16217 2311 17523 11273 16675 13405 5236 1247 16066 10581 4690 18367 16643 586 266 1957 10255
17517 8453 8968 1006 353 19225 18652 2371 6409 7267 5908 15146 10910 610 16687 2583 15115 5957 2737 19438 13890 17388 13991 1852 12013 16958
12646 15623 1214 19039 722 7978 9065 4950 15110 11336 16686 4485 10280 1888 17977 4084 464 14329 11754 6773 19111 14347 16032 5332 2367 3922
17844 10193 5099 2257 19660 3964 12701 6688 4013 17699 1856 13202 5077 1260 9613 15541 17486 9485 9521 4068 14171 9044 7239 8267 19293 13343
11841 19107 4351 3548 18281 18586 14785 3742 16312 2099 16222 6692 13225 4858 8001 1471 18783 6297 13401 15482 8782 16360 13821 3840 8971 1938
213 1074 1318 19757 12748 291 5305 16418 12853 2939 8177 17809 9943 10543 3845 7397 17872 11713 14704 68 14811 5613 2262 15448 3638 17814
17890 6457 12562 4650 6647 5527 13523 726 8315 106 8763 1114 9599 1357 7266 2497 1943 16181 10803 11421 2165 18680 1510 18247 11442 2017
14431 5813 1035 16462 15345 17678 17982 9571 14196 19442 7366 2354 12991 291 17563 6813 13467 19588 1842 14427 7953 14065 19219 13693 6096 4002
2777 17142 15717 18856 1143 11252 10840 3817 17509 19699 16734 18670 9041 10625 13154 8148 19656 10335 11531 17007 18330 9660 17421 14718 13776 19075
3938 15009 16068 7410 15049 8803 4768 1186 11 507 2529 5855 8616 12050 14316 10977 2741 8476 14669 1794 15733 15575 8666 12743 4185 19076
5918 11748 18379 16212 7770 2706 1424 9407 3493 16923 15195 7763 18007 18952 15325 7672 2271 12050 9051 13669 15685 10793 6537 10805 11409 8865
15641 866 14246 10255 4655 19416 14047 10853 13980 13303 5845 13568 13053 1589 12373 9409 13717 19521 1608 7088 5588 19786 8056 8283 9280 16887
19347 5729 9428 12410 4441 515 18936 14208 1883 6845 13349 17009 4655 7877 1972 5465 12978 16748 4749 19063 7141 11253 2026 9075 7774 9398
13301 2167 8809 9230 3183 10130 18532 13845 2516 6283 17601 18755 14378 13482 19231 300 17459 19236 17260 3312 3931 9095 10626 7048 750 6974
16665 6963 5648 8884 17307 11441 2458 14369 1251 9493 5359 18412 1954 9184 3402 2678 13395 2779 13905 18594 17463 12577 15895 1758 13284 10065
6209 6071 15876 18553 1927 1875 19843 12770 2240 12758 16521 3848 15961 3154 4015 14674 14105 1354 19952 4961 18622 7147 11577 4498 12375 8464
16009 18200 12753 13513 6347 21 10085 7152 2498 18894 14257 6565 11798 3239 8292 9059 19817 19014 4030 19605 16853 18966 5353 14971 14753 533
10219 13626 2728 1220 16589 2540 5079 7994 4332 12672 17038 14769 7137 9845 11367 5374 15706 19180 5272 14417 1555 13279 7202 12964 15294 15025
6679 15282 2863 11867 17253 17868 11185 15841 18633 12172 19086 1968 4376 19329 13956 9030 5940 463 9048 18617 10348 11412 4174 19441 1307 3809
17921 10099 11395 5949 15211 14216 8982 15585 6756 2425 18978 1508 7223 12958 16317 3485 19577 3896 4074 19704 6 4506 14512 10272 18080 18065
1865 1906 12330 736 7601 19284 9176 15642 10090 18246 14762 8876 337 12462 12280 5689 19982 9249 1479 6061 13786 18194 8348 19245 11378 8400
12364 2652 11290 612 7926 7332 11402 11032 11298 5777 18578 3359 6636 10389 9078 3549 14179 6153 13909 18780 18715 8933 1583 12097 2330 13941
2192 8947 2494 3764 7053 13415 13127 18251 12639 16709 16525 7426 5168 17279 17850 16792 5520 10418 7363 5891 18978 205 11778 19513 11475 15396
16054 1408 19387 5995 17323 10183 14493 16681 6510 16625 15558 4442 13095 7334 9984 6063 3180 17639 17679 14151 16400 18001 1187 12351 17855 12064
6704 19780 10252 552 15579 15556 7244 2399 8450 340 15465 2755 7200 4471 1607 2438 18815 17247 7492 2662 19998 18567 16824 3954 5730 3358
6775 10365 14797 12314 12267 12951 8117 3362 8282 11328 18425 11263 8521 5516 15294 18236 11298 18132 14573 6560 18950 19960 17926 11209 5400 7550
1678 1625 8104 1893 3698 12634 5061 2734 1353 11109 8588 1452 12546 15243 18372 17230 1620 2945 13555 11590 1416 17553 1686 4302 15367 10809
8012 5190 2901 14602 14791 9245 6427 9555 18145 10155 4760 9941 17901 138 1058 9621 17931 2829 4528 637 11100 2175 95 1462 2953 3807
8338 17390 19425 12310 14889 1723 4559 19249 2590 13729 7369 17185 12497 3794 1503 19312 7154 5116 19244 2698 15100 15127 18995 9601 15760 9740
15092 320 14845 13149 14796 14011 10164 8492 19134 16137 18893 7185 7274 14452 925 18255 2667 19505 16630 5257 18514 4517 6128 18395 17011 13813
17267 1489 9976 19292 3767 16631 8485 19482 7038 14541 19999 17558 674 17045 2762 3273 12787 18396 16841 1057 11927 19662 1687 1020 2255 15236
1146 8091 15709 5527 11009 4995 12531 6489 18761 12217 13965 6372 10426 10648 19677 12685 13689 9002 15147 17758 19048 17802 15553 16214 12957 13603
13238 13845 11548 19999 1222 16664 16142 9300 11761 1581 10656 15099 10773 721 19633 13013 1298 16678 17039 18290 1208 6479 19706 9318 10464 8560
3063 12516 19637 9106 6479 12260 14651 7409 1656 15474 18851 14834 12873 4222 15226 19021 8102 19893 12313 15849 18693 1893 2345 1993 14549 13160
13278 18955 767 2062 16759 13705 3219 16817 10139 19770 19760 4899 16439 11385 9580 5431 11911 8881 6133 11285 15935 4076 4886 8268 9731 14477
14233 2932 10429 4682 1285 8218 4018 17846 12699 19010 11494 5605 13065 9854 2117 8932 180 3734 9217 18451 2815 198 18184 16829 8997 17311
15622 16511 14783 6587 7827 3079 12974 12353 8206 16713 18267 2489 16397 12640 7219 19664 11581 8791 14724 7580 6515 847 18009 4516 5438 7112
12979 4780 1145 18692 8124 9228 1063 4985 19011 10582 9195 1799 4144 16828 13204 7519 12455 11713 6591 2264 11886 10399 12086 18577 1392 11839
9409 6979 7116 2211 2319 15487 17579 16175 7913 2095 19060 16545 9725 5057 3536 10614 8656 2391 2390 5268 6564 6819 17875 5431 6461 19147
3861 18134 17303 11665 12744 9134 3753 14742 2010 6902 5014 6722 12798 2402 6085 15250 14795 8928 18142 11212 16919 19337 13385 16764 13383 2138
11068 14460 18833 539 18700 366 8372 1042 17804 6023 8590 12452 7543 15780 3593 12245 12964 5439 3610 4942 4526 8752 12938 6747 19811 19594
4408 10654 19046 12341 3678 16578 141 16627 12768 8507 14045 2159 14526 5578 7941 13244 9770 18676 7622 4273 1185 3402 13386 11849 11638 13884
1397 18146 5257 14944 11943 16273 14985 10540 7357 326 7357 1088 2241 4922 15242 15943 13700 7600 4836 13709 12123 10403 17291 7059 2899 1945
9423 17178 8286 9417 2835 14948 19504 12292 7595 12060 1788 1043 17408 3813 232 13798 11327 13592 15927 9073 9876 7334 12657 19490 13873 4299
8166 9032 3095 14411 15206 6996 12727 8514 5546 5974 14421 6335 5120 18824 6312 11652 2904 13615 1173 671 2402 8361 4664 11315 5958 10437
2881 16526 2053 3456 19698 598 16057 16524 18789 4450 1139 16114 18159 11828 19778 18024 17499 8699 11002 2926 16726 17497 9306 2985 2758 7581
17216 6245 3442 9842 5765 6632 7791 13066 9445 5109 5819 1966 12995 9356 8640 11048 4713 6769 14774 4168 2841 12816 19191 3611 15203 16195
4051 10668 6046 19867 12137 8356 11713 17550 9083 14078 18805 9956 10098 9952 14253 10874 12629 9298 4450 570 6358 3093 11067 15713 10409 7343
11593 5795 17190 14808 373 5489 18431 7813 14002 3183 7117 17975 8041 16854 429 15260 99 719 12656 15577 8851 876 4420 2611 794 2396
17360 17448 2532 72 6044 12673 5096 1393 10876 6755 15272 10841 13924 4893 17421 12016 1403 5572 15 10847 11518 1671 19755 11822 5951 10116
9158 12746 17625 2744 15152 381 6285 5279 13060 14063 17147 2626 9822 19077 16099 5941 12450 15808 10505 10684 1248 16194 12594 3616 681 7084
7574 2346 5781 7603 16867 9912 16189 12408 16611 3624 12858 6719 2209 10234 1547 5339 9911 15901 7722 19903 588 5099 7794 16450 11015 1614
17321 3562 10452 5801 9877 5111 10517 6764 2285 15102 19018 2830 7774 7870 3239 4613 14880 19210 7425 16120 15045 13368 3961 12677 3475 4623
17056 16345 15234 14184 11654 4069 2853 14076 18215 4655 178 17889 1639 10727 13107 9881 3546 17271 15111 5533 13781 16657 16662 7363 14006 8655
5660 8059 253 12554 8121 5467 15301 3671 6130 4917 1382 4229 15332 14261 9748 6930 6002 11814 8634 11038 12604 15409 19461 10666 17364 3729
16716 14889 635 139 2444 17210 3073 5066 13807 9213 5872 6232 19317 12059 3613 9197 218 10324 10441 15913 14373 8231 12762 2615 11323 11423
12158 11690 3095 13083 1880 2506 10769 7140 6516 8653 13693 9378 4580 16550 2407 5177 18888 14739 3990 5652 19406 8891 3428 9687 4739 11120
13559 18818 3577 3040 9355 18536 18828 85 18806 8224 15922 6750 15958 17903 768 4992 2054 1137 7331 18708 143 910 1695 19732 13015 17786
10811 3507 17782 6089 5 2048 7723 957 5091 12653 10223 12558 9584 8450 6040 12397 6658 16525 656 11190 3159 16031 1905 8294 17494 10198
13981 6683 6623 3069 4809 11509 10526 3353 15556 16428 19819 6808 4768 4903 4674 4689 16697 11671 19343 16976 18313 5505 9519 8056 11418 19052
6987 16261 9916 14221 10628 9891 11060 13008 14016 12647 19651 1529 15395 2778 4727 5885 19751 19635 767 17768 215 10450 1735 17106 3289 16111
8652 6397 3722 17584 14337 4551 9040 1238 12063 3452 12436 17909 9520 8170 12197 19573 13671 10928 18376 12608 15889 2171 4505 17065 5940 9727
2891 6626 10226 912 4361 13419 18105 18344 14254 7846 2366 1977 1798 16120 9224 14795 14220 14947 13986 1782 8744 19344 6605 18633 15354 6273
9587 5105 17549 581 7208 17818 19486 12350 16127 3812 18802 15402 6618 15950 19623 19686 18903 12282 5243 12468 4862 12515 13815 4348 788 13297
602 2254 4068 7717 10549 14552 3980 11416 15130 11462 15887 1615 17217 10430 2267 18492 9190 4979 7950 4654 3602 440 17369 4546 13302 9382
319 4345 4106 9282 6079 3866 12798 8812 13158 9110 11543 110 17677 19497 16236 18261 6571 4110 8380 19147 19286 13886 9064 1105 1537 11672
1648 6626 17364 17820 1088 15526 8125 5794 17716 9930 7126 16512 7708 4750 15081 10407 5754 2282 1516 2764 168 17819 2791 19211 10048 5986
2279 5240 5724 13001 7513 14132 6741 11559 6102 5000 12479 15367 3141 4525 13145 12641 554 18631 12923 10467 5014 256 8025 1660 6049 7468
11332 19972 2770 4400 16127 9231 1882 4514 786 2652 9382 7443 11955 13166 12845 19401 15043 9414 10243 8873 12203 4815 9362 35 15329 14375
17953 12720 7682 5354 13390 18958 12693 7361 1932 12824 255 11312 7318 12437 10978 3239 18971 18129 10299 4636 6849 5325 11151 7857 4608 4061
2028 15386 4777 4775 320 13054 8111 10701 7472 7056 10689 17785 7906 301 4922 9911 18417 8958 16039 6635 4491 3425 12039 1863 16954 12494
3765 7095 14229 5801 8157 10340 5160 4588 7955 17961 13221 8905 12422 15085 16018 1116 1823 5441 12807 17021 14766 1724 10500 8285 17200 19886
11995 7207 15754 52 15969 10639 153 11423 5979 16935 1531 10308 12167 3794 19144 2105 8581 14606 13742 5640 2748 9964 16817 12794 1121 11674
7622 19759 1007 5103 12924 18792 19156 16263 5615 16625 4071 4854 4107 880 2559 490 16517 19895 7591 10217 4657 19351 14067 17098 2426 11925
11221 9633 19789 9593 10544 9484 11848 14453 18542 2620 12759 4552 18359 15864 8427 8706 19250 11081 3933 14861 959 17127 18066 5768 4311 10516
3340 3138 5434 3649 18955 18776 1867 628 13928 16399 15091 7096 2715 851 16835 8526 12261 10312 4340 18911 7334 13800 11507 17822 18155 16691
6533 7285 13776 14349 19888 7166 14853 9575 2593 12726 15506 553 19660 6207 10395 4752 12474 17194 18028 14361 12672 11574 7001 9186 17912 1743
13743 18809 10899 6332 2093 14557 17188 6348 16585 6126 10949 9793 4424 291 116 10983 13508 12296 2789 16347 5968 4475 18210 6031 12691 3651
9315 16139 1937 1049 10057 1501 15336 11858 18012 16399 8251 334 14338 133 18472 17560 13784 2041 2392 8551 8265 1866 12344 18093 14516 5024
14076 578 16544 7119 10515 13707 11791 4788 7198 13253 2692 767 15930 19856 14680 2944 3549 3317 16973 5998 11572 4504 8450 17852 3786 17111
680 2329 287 15677 18734 6012 14469 1498 9445 3236 2294 14173 19133 4151 8198 13039 6105 12909 1527 15081 5221 7879 15543 11379 13038 8221
5743 518 19940 7629 16525 11343 5245 5276 11592 8847 6632 1357 16179 1254 3321 14621 6086 15154 4146 9995 18394 7574 9977 820 19099 7821
2266 17805 5379 11361 17264 19075 2598 3931 9385 8803 19577 10283 12537 14598 16660 5297 918 7077 8333 8768 11972 10187 2044 18615 11614 2228
16687 12556 11402 1361 1521 12956 12108 9421 3238 18536 5789 15352 12112 12242 2948 15938 5271 13708 8675 4910 7425 17589 18990 732 2824 8352
1322 116 10611 8517 7061 14273 12275 14346 8437 7563 19970 18667 8158 14640 11531 5353 7728 926 17935 13087 13976 14380 17118 17777 7942 3951
965 8229 16779 15911 18067 8830 14408 3106 15842 539 17200 12217 102 881 13140 17012 1710 4111 7251 5744 18044 7320 632 4781 9983 500
360 1926 5177 5763 17624 16536 3351 17801 6914 19987 2727 5383 2321 12998 7125 10593 6711 18372 860 19725 16017 10428 2096 10145 1872 1503
10735 18525 14843 4901 17393 16669 8511 2446 11638 16449 17510 18855 4682 7464 17732 18802 12569 1826 9372 17591 1910 19625 12360 15515 15125 15813
18488 13184 187 5156 19284 12779 2473 8283 3743 8988 15913 12934 5032 451 2712 11348 1347 5306 5135 17986 16848 17835 8825 14917 6884 8058
7059 10501 10283 11468 19714 4993 1246 6919 1962 16387 15504 14108 4002 10810 17899 9244 5825 13186 7079 4250 1743 1663 15564 7493 17308 2080
2227 3275 323 10356 19262 17609 4385 11906 12582 518 7396 4674 9260 18260 16847 14907 8192 16332 1835 4211 9230 14647 8401 16755 3499 21
6237 7444 5429 2785 12982 19926 8900 7771 6507 7349 18970 16199 7865 11542 6139 10870 10061 14366 10900 14151 14612 15572 17809 16055 11644 12149
7656 4891 1054 18616 9096 19898 11316 17738 16351 11504 15491 15698 4303 18290 8512 10119 13960 2015 14711 1414 6533 654 2057 7406 15362 2692
13491 16800 17889 19709 14935 11770 1916 14955 14701 11248 16883 15920 2084 18243 5073 2760 10284 700 14573 4534 5199 9521 17094 17951 2033 19113
6978 4083 18656 14211 19180 3814 3611 3386 16949 1792 3639 6956 14374 9505 18442 16889 1851 11637 18297 15919 15989 16514 10156 9862 13752 3729
6877 1971 11722 6191 9125 4962 14495 4830 1503 10099 10712 597 9305 18347 1246 19868 11345 14460 12520 980 19905 16773 14666 4717 1169 4197
13331 3658 17648 4914 8255 3285 9328 16537 12041 2043 12531 13458 10948 17952 13266 19693 10475 1343 15326 12986 8866 15417 6350 5423 14309 18980
1730 10310 10103 5827 7261 7398 8873 11546 3515 16380 4742 4778 14972 1259 9364 7833 3528 4367 6987 13529 5316 9798 5383 3221 10903 9363
13109 18796 3242 14102 411 10812 4159 3732 4744 10578 5070 2897 14848 4270 16879 4856 16534 16079 3735 4007 13493 15908 13419 988 5452 3356
18796 10789 13162 7177 17955 9186 4183 3206 7423 3726 2863 16368 2198 14831 15562 956 449 1774 16474 19606 17941 16032 8403 10666 14940 16730
6290 6415 1135 19731 7777 4529 3441 7117 5129 19389 8943 14912 11443 14582 3394 3007 17038 15334 7632 6720 6702 15725 6263 10207 4618 7105
9265 7987 43 12355 9815 12957 5299 7822 19406 11454 6942 2295 4665 17435 10838 7314 15231 17887 12415 2687 3500 1098 17312 4714 19269 18382
16462 8897 2335 5309 2289 11766 755 9255 3053 2583 6938 6812 4861 8079 6864 8848 7534 16397 676 3258 18981 16052 1543 5170 16493 3588
14669 128 17114 15011 12662 3745 6511 6148 13932 12938 16637 15229 4263 9564 6180 13435 19881 7463 12105 4528 13214 1247 10045 4801 5766 15155
6852 9848 14192 15592 1780 13463 940 13628 17926 19933 11906 8007 14156 8237 16682 5487 16320 12019 5375 11686 575 16225 10478 456 15660 12097
2844 3108 13944 3561 7949 4094 3925 1955 19731 13346 8985 7292 4963 5780 3158 3954 5064 14979 8562 13608 10643 7872 14182 5671 2289 12668
8549 9063 9214 9789 2016 13451 2719 497 11010 15196 13273 17246 3959 7890 2051 18377 10019 16776 15119 10269 7781 5158 16340 1650 14105 12541
8727 3187 9629 2586 15907 4141 10518 4911 7272 15880 18375 14094 18200 16112 14212 18241 7769 11831 9041 7251 4700 16581 16558 18182 18792 3564
10263 6120 18668 10902 6039 14156 16609 13887 2611 14593 18280 7265 17456 10042 11675 10359 9897 13671 15569 19337 13547 13607 11538 13452 19999 8041
15563 13199 1934 18200 12191 11908 15727 9122 19546 8581 16865 18606 13567 3478 16792 14483 3275 19756 3720 3551 3529 13488 6877 11317 19675 1492
4796 14313 5259 16439 5162 5571 18272 2249 16228 9362 12956 19924 419 10062 9341 12718 8336 19955 14445 11836 10190 13053 7019 12742 10208 6038
14359 18697 16458 10284 12198 7840 18475 4520 3476 11551 18062 1448 10793 13488 16621 15457 16020 10969 15512 16790 10728 17367 19383 6922 15269 19658
14739 1194 12918 8852 9550 16214 1458 19033 12369 10449 18348 4451 16510 6963 15715 15286 11110 10170 9384 17779 16511 11872 10098 8587 16540 11594
172 17198 14737 640 15368 10260 16982 19496 17394 9275 17246 15821 6540 19914 14517 606 11433 9408 4866 12962 13417 6195 10529 18292 12358 1221
11621 17069 14607 10340 7476 7595 15660 1228 15484 17974 13463 7473 14313 4738 8884 16725 53 11168 19359 2080 14122 11864 5038 17557 17461 3173
14267 4319 15523 12206 13312 13471 520 8245 9119 10338 7210 4646 16037 7909 5448 13326 1495 7693 4339 1569 15682 11676 14559 18340 18314 8866
14267 7663 5515 5155 3872 19099 8599 10933 15072 1971 12058 3060 12934 16656 15613 6375 6757 4302 8367 508 10544 10768 17555 7779 12915 5084
1800 10523 19616 12518 10387 4683 19006 13833 9876 10396 9807 6147 5936 11093 7741 12081 18379 9180 9979 14148 3709 12257 9261 10681 10786 2442
15581 17401 17591 12807 13354 12871 5065 3679 12231 19270 17228 11512 18919 5295 10087 18482 13204 6485 4724 9712 17511 11653 8715 11574 9834 17897
4401 15737 5313 17235 5628 983 198 5076 16667 8183 14576 6629 19337 16276 13968 12712 4869 8920 13413 9372 14902 15067 7815 18726 348 3214
11162 7782 1054 9735 18260 1213 4204 12719 3475 13909 6113 13763 12260 7904 14536 8344 17605 188 19881 13050 17486 15137 960 10688 16123 10174
12783 2903 15299 15875 1871 4859 18408 1519 12806 11941 17916 7841 7058 6502 12307 19494 13747 19056 4337 12049 7969 3187 11254 17560 18334 5555
8535 15578 6543 15386 8706 12074 6529 916 6667 10054 19382 8202 10518 519 5258 308 3625 3620 11315 19287 14938 10360 16983 510 1548 15967
3140 19511 4104 9498 6070 6271 6212 13737 4748 13124 12169 5477 15359 12170 8480 18452 13684 8042 7872 16203 855 19669 10271 17525 9239 5757
17363 4844 14993 10443 19155 19315 12837 17520 6168 17572 3989 13550 19495 19464 14505 3463 86 14040 19216 15266 9029 12606 11716 19012 9628 11763
14268 734 7437 2826 8504 6291 8439 12251 2388 17669 2558 12580 9301 4017 4366 18356 873 16683 10634 17352 13114 19031 5836 13319 7091 8708
14854 11451 2013 1955 18711 822 8268 12985 4145 7970 3643 7243 18320 2723 2888 5958 16117 5087 10933 6838 19634 7738 4700 15697 2649 17330
8012 10598 8788 6557 14930 15721 5136 13563 19913 3466 13635 17757 16041 5233 19498 3626 18801 4828 19392 15872 8628 10675 17477 9083 16728 19611
7731 2170 16382 12870 13071 8613 8413 8351 19971 5056 3923 9725 2049 15584 16047 3758 18116 12702 1619 4197 7053 1066 15844 12905 16149 14271
4827 11178 12354 2411 15415 12802 18190 13640 15918 4525 18193 12176 6410 17340 1736 1116 15101 446 19519 5309 11277 19755 1440 14619 16168 17728
5744 13150 8544 14858 15003 14258 7188 14167 11672 3952 10078 12155 8639 2648 19569 6329 10007 10638 8882 19213 18519 19263 10351 10677 12335 2734
8611 16758 14057 12283 15229 16253 19800 14359 11174 1734 7078 4689 6516 3298 2356 18757 16635 7207 16278 16000 912 10882 9999 14917 10888 7067
15146 2323 14057 15165 2152 11975 1318 4837 6361 18392 19571 9356 15178 8170 11189 9313 16477 10981 14149 18890 7621 5303 8261 1522 18081 13889
14666 3533 3797 9979 7957 3817 16106 14454 4795 5950 15879 6160 10508 9939 11113 16704 4697 17124 17763 17886 16558 3600 8061 4063 14960 15324
10706 2171 18457 3992 15435 15914 18100 8300 8463 18953 811 5789 3850 19745 5599 14543 149 257 17479 14396 15276 12709 16269 17258 7273 100
8840 1236 15533 4960 10122 8937 428 8411 4941 1259 7152 18757 7562 11455 15656 3552 4734 11192 9363 3699 10180 9327 9919 14544 9561 4349
11897 9033 17247 963 9828 9810 19091 10150 9269 17812 6810 11109 5346 13665 18042 4400 8209 924 2015 19438 8682 2158 10101 5694 9360 9105
10072 9567 3582 15673 15640 6037 2781 2850 15123 10212 13089 19631 4388 7053 10252 11355 9520 18314 15254 13255 14862 5911 13947 8369 10154 19253
16353 537 11275 2842 6795 9194 19761 16143 16691 7098 12199 17594 12563 10822 10764 2022 15544 12925 2954 5013 19209 1078 15399 1007 6798 15705
16853 6051 19065 11467 16118 15295 11609 17527 1174 5458 16843 11856 12538 14348 5014 12078 19356 16358 12708 11206 17302 3261 6330 17667 10654 16582
7793 4020 15063 11655 5057 9601 7143 6694 9133 15964 6042 17639 14450 4032 11576 9960 13452 14054 1097 9654 15570 19155 18753 8998 10640 16276
14433 6408 18977 11812 5769 13273 6446 17523 9195 9772 838 568 4835 2241 4416 11403 19772 18627 9059 6503 13409 2545 9869 14227 18173 14693
7291 5293 6710 14784 6443 14684 1938 17095 13314 19950 6488 2124 5291 5480 7511 4752 17217 7692 6715 17634 7943 13059 13990 14216 2904 19378
284 1924 18532 7236 17086 15320 8532 5271 17503 4091 12606 1050 7806 13457 13355 4238 8079 5196 11707 19935 16824 202 16420 8284 10605 17751
17679 18312 1558 3550 7760 6922 18042 12564 17966 16822 9199 17056 16750 3763 10395 1091 13636 6365 19084 1641 935 18756 5501 5878 5612 6810
14418 13762 14787 11310 16574 1607 11940 2885 5792 10269 13793 3452 7098 14355 7140 405 6627 7798 5222 19072 2171 17854 463 17272 17971 18103
13571 3169 13509 14188 7949 18382 10525 15451 5881 3253 18811 12781 19501 17365 19181 620 19117 19542 1883 12837 15153 17923 19407 5087 11508 10009
9418 12169 4426 693 15125 11777 11939 19520 16675 10414 2516 12348 18233 12437 35 6784 2283 9709 17080 12381 6266 12102 6715 13763 17371 10272
3976 10867 12475 16577 15389 10343 4972 15345 6856 10039 11657 19398 2010 875 4918 8963 6501 18034 13513 5593 16423 10768 19185 19286 14412 9082
5360 18876 16494 13597 16894 4723 15158 5840 16178 662 6438 11145 6815 6220 14704 8564 13089 17809 1731 1536 15570 8932 5045 9502 15885 3157
902 1244 12868 3929 17401 18632 15660 10956 6002 2296 17269 11386 10501 10964 565 16770 12211 1058 18481 4932 13811 1443 11440 10694 12617 1740
21 2466 8827 1072 10871 2940 6209 12358 5352 19307 2096 19732 12083 7203 16125 13217 5884 18256 7972 2564 18857 13120 12973 18735 13605 2066
1884 2189 7246 2736 16159 2965 5296 8929 4735 10854 13641 5967 5094 11742 18748 18028 17536 2106 18702 18881 2025 11779 17989 1572 19017 17292
1875 15322 12740 16520 5914 5826 12950 10843 19877 19326 5329 19998 12319 12673 13665 2823 12734 15363 16292 15033 17075 18255 5712 12664 7744 5682
19590 10940 5376 18626 12416 6619 6126 7377 11065 2525 13099 19027 13456 16178 19236 17694 5268 8791 7243 2300 3141 7240 13060 1601 6730 19458
16386 7746 3498 4115 15034 7018 11705 18188 15935 12987 10110 15569 19425 13617 3128 15160 8962 16078 18553 8465 7588 10013 4302 8926 221 114
1775 3170 6210 13877 14119 1762 179 8831 16414 18455 10781 10251 2687 2277 4881 15746 9360 5866 3970 2866 18364 11545 11390 17215 19622 10249
16632 17793 5663 5884 14143 10371 17911 19401 2179 8766 13271 18357 18232 12406 16733 12378 19092 8104 13029 15101 5451 12413 8599 18057 11831 13474
3676 14249 14592 4697 18326 8520 18383 16611 9832 2110 5466 15298 14652 19717 14751 13919 18975 5272 5135 17219 129 14776 4493 3957 16393 425
17678 6199 5357 15128 13337 12485 7823 11445 13170 7395 6995 1616 4562 17171 15877 14797 13076 3665 16501 13839 14752 19101 4535 11023 14295 11694
15770 15640 19359 16668 14846 10801 8246 1624 7470 221 11016 7793 4155 4488 10304 3167 5246 16225 16178 4269 7765 16364 19700 7555 15097 18122
15046 9733 9996 15584 5760 18161 17897 9558 17262 17399 8280 3670 11543 15821 15442 1401 10950 186 8104 13857 16810 6283 5650 7768 19770 11893
17196 12880 15793 14292 6154 7543 15569 2105 3994 17301 4729 562 8377 19196 2637 10757 4097 13139 19469 17972 17332 5580 15002 8493 8363 8259
5700 5873 18383 6507 7957 14227 10383 6555 16020 12066 4151 11092 6745 5561 19859 6641 7968 4845 9258 13015 19364 11436 10066 5368 18677 8132
12621 4450 18597 17810 1912 8737 13105 1617 11530 8522 17247 13633 12724 11418 7290 267 3281 17346 14331 19814 15118 10894 5691 9928 10461 2960
