365
17 72 97 8 32 15 63 97 57 60 83 48 100 26 12 62 3 49 55 77 97 98 0 89 57 34
7496 19370 3349 10401 1002 731 833 17741 301 12491 7097 13831 951 17289 7264 14348 16246 18116 7637 11327 7565 7169 15060 9495 704 13637
18233 3276 6091 9712 3961 10901 16410 13831 16636 6220 9940 9311 19253 16363 16557 12889 19300 1131 15736 7954 13247 13576 5669 12029 17983 12278
2833 14383 16660 3536 5364 17070 12886 12141 16046 969 15378 1424 10109 19437 18945 12897 5582 5524 16457 7436 403 6537 17682 17967 7607 13253
16835 11266 18933 11576 15044 8823 17956 19953 187 12572 16793 4235 16996 18394 6733 13962 1839 15764 11951 18677 18166 6548 16538 13546 15890 11691
13579 11340 51 17644 17698 10850 15012 19656 916 7523 5806 18047 19151 5923 3001 18056 8365 1063 2308 2727 546 14843 477 9214 8177 8802
3587 6049 11286 9512 2277 5487 5230 8362 17281 5509 8942 9649 14899 10551 16269 15524 3741 774 10223 12666 11250 13792 6161 8467 3563 8305
16715 6851 19845 14144 682 7385 585 13019 4799 1157 5250 14603 16590 13980 17848 7228 16927 14773 7313 17167 1005 12940 18869 10526 13968 1926
9784 4118 6951 1554 10039 2317 2504 10169 9760 5184 13637 18511 8269 4272 277 18373 1242 19352 7130 18686 15101 5620 16674 1226 12385 6566
11368 3244 6742 18788 14186 19379 6360 16133 3421 12781 9701 16518 16377 563 10660 13183 9219 592 5143 6581 10739 18459 4428 11111 14065 6980
8733 3159 12426 17944 11267 17508 15876 17449 7688 2140 1323 2774 4358 5560 5457 17636 6978 8782 10886 19667 16576 8365 12062 11103 11150 3732
9542 7706 19791 16016 4435 19004 18060 3416 10509 1282 13323 2398 12459 4827 4096 11170 3758 19248 12387 2511 18703 18031 7330 18545 2678 8740
11956 9684 18495 17507 3745 15000 9082 3530 1499 9690 405 476 3004 13550 3771 1311 6157 7852 19228 13795 5309 3786 14775 5484 7910 5208
3369 14257 12395 17790 9634 18029 8303 15630 10304 3281 6803 10401 1298 893 344 9684 19548 10493 14740 12821 10265 13059 2063 2103 10398 19708
14937 3649 8194 7051 17790 15365 11659 8489 6003 17747 6810 10070 6527 8073 11811 2666 9200 2929 14676 2965 18820 11104 7452 12795 10052 1345
10723 6121 10378 18972 9922 8055 10955 3307 17833 18972 19528 3016 8031 7214 667 7987 13165 2370 8783 18061 2323 2461 704 324 9529 11769
16163 15362 5052 3307 16430 10750 2526 16687 5676 5884 4900 4637 10478 10014 3502 16854 19722 9617 4138 6774 4642 17874 1040 10356 18119 6731
5837 9795 14176 17612 5173 1591 8103 8276 2110 14637 14095 17998 8199 17739 14398 17631 14854 356 12966 11097 5620 8453 15918 799 13653 18697
619 2042 11630 19007 4531 19449 4100 4538 8490 9073 13035 18483 13142 5641 2924 7652 15925 245 5818 17324 10395 16413 14362 7396 7811 10255
16222 15690 7374 13508 11041 18363 9018 7191 1579 2344 16767 12081 5225 16765 6679 10217 9788 9816 18098 12177 5412 15229 19483 2784 4038 19860
16841 18718 12360 5776 5104 8211 13983 7130 18661 1708 16221 12897 11402 12582 16877 5400 17833 1333 17176 2962 8361 3311 8766 2743 4558 2687
14583 7896 12528 14185 13016 5398 10664 14356 4139 15989 6947 3905 14131 19683 17499 13376 3869 9682 9098 8133 12414 18329 131 6220 17313 14377
18975 689 1009 19845 7937 8532 6770 5664 9331 4863 17771 6568 8953 10195 19193 8220 14627 5504 17870 11696 16082 13761 3991 6846 18695 12558
6711 9307 3543 791 3868 18655 433 17867 9712 4475 2463 16396 12246 18762 10199 14325 16483 11692 17314 10606 27 4059 14493 14730 11475 9987
17671 13087 11120 18724 16131 3705 12371 12530 6681 18248 126 9097 19600 16743 6516 15125 19688 16938 13400 10005 5580 14725 17398 6467 11777 17242
115 12752 18984 13954 13279 11010 19150 2219 16144 8114 9531 680 13336 5114 13019 8855 5837 2405 19839 331 11450 8669 13472 17833 9950 4983
15141 8498 15877 5558 15306 16722 1487 8874 16720 3231 19353 13847 2285 11638 2195 14499 646 5378 16618 5296 3049 13170 9037 19824 9974 6844
17304 6806 7773 10942 8816 2246 2453 17144 12065 15333 16761 18273 1629 5523 9728 18226 8839 11660 19977 7605 12863 18384 13097 5647 15847 8504
10801 7284 8479 19986 8002 1000 13192 10372 14148 8140 8817 6222 2376 5427 18977 14535 19052 4855 19865 8584 15053 17255 5325 4542 4525 14440
11832 10150 13131 7880 3795 6756 10010 2235 3486 7458 13009 10530 16133 3275 6119 1473 1813 19579 762 7096 1137 16202 17319 14492 11221 8997
3868 5658 3120 7276 13097 7642 16220 14739 12382 5524 7592 7724 9294 15157 17924 19003 12766 6943 14801 8450 10817 16263 19451 3635 7007 2583
1514 505 171 15741 10471 12554 19013 9411 6418 13104 5245 4989 998 497 12690 4757 17779 1871 18505 12435 8328 4259 2605 15167 9941 473
1162 17595 1993 17200 4224 1402 8965 3848 14172 2983 6229 905 16372 4270 9151 6289 14664 12769 10807 8780 8514 7965 8042 1972 19265 19349
5743 11456 14040 19836 18358 17110 1992 11574 17921 13521 17632 6532 17576 13897 2296 8752 2368 8243 5818 3164 4948 1923 6663 14028 1471 1730
2989 16804 15373 16420 12132 3253 10246 1314 4149 17415 1087 14527 4200 12949 14617 806 17187 8847 2961 8192 10663 2811 9890 1120 12590 1905
8552 10263 4260 8529 12457 3838 9953 3082 13920 8040 16473 18257 6730 10816 11097 16689 12815 19141 15766 3430 4250 14700 17162 18305 19050 17041
17551 991 9546 5145 6552 12135 12754 17074 10624 3190 13418 11317 4140 18838 2125 1427 9846 17487 10277 13683 9775 10446 11554 8934 10659 17042
16418 282 17240 3993 4874 10391 10668 10733 18779 2255 14805 9162 15718 14881 11932 12469 2561 18971 1838 4409 1596 17160 16127 18861 8254 8040
18801 11096 11848 12128 13191 10072 15223 19603 11155 17436 16631 5498 952 4861 8196 7246 18441 4371 3694 6048 13471 1641 3251 17881 8707 3504
6695 8575 2188 18717 17248 2572 2385 7123 5680 16760 14158 715 19344 12062 15947 9297 7206 6566 19597 16174 7707 13940 14817 12031 17841 6187
15799 2382 8406 13346 6598 271 17432 12475 16852 15960 2503 13229 16713 18949 19156 13945 1314 11528 15022 209 6218 9809 180 17720 3933 9917
16793 10340 17793 18742 18067 9257 17223 13481 17761 16969 13379 19751 19040 10084 14828 9892 4290 16591 14554 19210 4598 18022 5340 8281 314 13899
18543 1187 12070 13791 13177 9225 600 2964 2950 157 12563 8810 15216 8911 12210 15775 11027 12729 14947 3817 15850 11616 4741 13605 4858 595
5638 8527 12050 4165 19319 9409 13530 8451 16835 9413 13787 8967 14205 11006 15918 7060 16101 13169 13930 2994 2111 4242 6754 4902 7511 856
3383 8297 5102 15721 3242 13078 6141 98 2921 14014 1666 18009 7152 17514 13824 11360 1541 3380 18115 13750 3887 8694 9134 5866 15719 1562
7019 2857 12770 4056 14656 9641 16640 16317 12880 3806 19861 15702 3467 4886 12660 6592 5476 17063 8441 13651 17587 9456 16137 17851 7032 11045
15924 3370 280 11366 8766 1849 17712 14426 9825 3301 7489 16646 8996 8858 8072 13488 4860 4266 8398 6399 13360 18377 19611 1914 17458 19955
16690 4877 13559 8852 9168 15733 10020 8750 16099 7025 16343 12048 19628 15418 7918 11088 5772 19848 5937 19023 14782 17523 4896 1905 16513 10682
17317 4425 6985 10333 16178 15741 10814 3879 4191 4591 8403 7373 2884 17656 1639 18450 5638 3805 7413 18456 6534 16482 18598 10088 13836 10736
138 657 10004 7217 2771 7356 9180 11176 8817 19698 16987 12428 757 3986 10808 11371 4569 3715 8218 4694 18809 1344 11370 2535 3008 3381
9829 10388 8157 8825 17354 1630 11854 1021 2566 4555 13085 12191 7931 3075 10774 8966 260 16883 10545 3676 11546 4125 19862 8882 13276 2984
18895 17292 15583 18495 13720 17555 12903 9866 7189 9917 17993 4362 1767 19663 16663 3600 5739 7883 7045 14241 8994 17889 654 8205 17656 8877
17371 8576 15506 4131 13214 3399 12238 2263 17832 11899 17850 18202 16625 19032 996 10096 14597 4332 5104 2436 18981 4650 7086 15862 10992 11963
9579 5235 5098 12508 14408 13292 3862 19693 4756 8839 9676 19781 268 17605 317 4344 12435 18412 3314 15057 995 14154 19613 13837 9046 12128
13383 13308 19850 15138 1745 3250 15425 1225 19 1378 3641 19247 4573 17381 16648 11674 18056 8876 18619 11679 15529 8033 7858 3458 18427 11721
5198 3814 1329 10279 13841 11346 8306 1824 14249 13596 12330 11755 9631 11181 14451 7800 19976 17006 4730 1836 11190 3719 16811 5642 17794 15972
11173 3980 19096 709 15737 6855 12557 5724 13016 7464 3266 8138 10997 10782 8033 15116 15439 12109 16142 6349 14155 14437 13069 17761 3945 18724
15999 8731 4103 4911 391 12324 13586 3570 859 2444 5995 15033 12354 16450 9453 5095 5055 17190 3464 8342 615 15218 12994 7483 17620 12805
174 17829 8174 13859 5206 5867 11222 7836 2492 17575 18279 5273 5754 12310 19180 706 16813 7106 14005 7722 1325 16897 6233 16516 17588 2530
8123 13047 15235 3902 18579 1584 12680 2938 18348 3099 15693 1473 16989 7837 398 683 10223 15283 9111 13617 5462 19495 4364 18404 10430 17520
14702 16436 13684 18147 5492 12959 12749 6577 16233 9123 11796 4963 8501 18575 9158 5739 2741 11813 11013 4676 8469 8356 8266 11447 12591 9146
18529 15327 441 4883 4268 8281 7402 6439 2308 18984 17614 6501 17793 14064 7858 18927 4561 18150 15089 12822 6417 2705 2528 5016 1884 991
13283 12537 13672 4504 19366 19559 4232 17645 17902 2430 7904 12506 4568 9360 6632 13014 11693 5842 7376 9759 4712 11394 16125 17542 9560 2902
16852 9795 6843 15186 717 9512 19418 3376 12210 14535 8352 1908 1706 10341 5239 4337 3384 3686 14263 19218 8057 6811 16522 16637 13003 3983
6952 12577 16955 4389 18951 8342 119 3961 6604 18438 12387 15795 17858 7558 8770 1235 5497 18165 16477 7638 13449 8968 13801 13059 8912 16186
3202 4246 6116 18334 520 14874 1469 16005 7023 12908 17650 11018 7978 3081 2526 1397 13849 14476 6186 5676 19507 16449 6225 16703 12609 17099
11814 6457 7625 11787 19203 2113 11175 1697 15022 1448 5792 4839 9356 15373 1410 19114 16418 2125 18528 12985 3014 13105 16768 18757 9872 12923
8779 11540 15421 1608 18094 15635 571 13986 9981 19289 10397 4895 19533 19311 18210 9102 2158 19895 11828 13602 12812 17033 774 18862 19062 3719
1210 18802 17352 471 3307 10880 11032 12069 18051 1129 12129 19094 2430 15890 2744 17681 14621 10960 16386 17828 111 5266 10650 11824 7010 4788
19012 4856 19319 3535 13237 10394 16667 13790 11797 11187 8512 19950 12074 1232 2079 8082 8700 13010 18035 9301 18801 2735 2454 5583 8758 13559
2729 4137 9254 18049 8611 7695 6900 3238 9080 15742 1543 16782 9873 6681 17814 2461 18045 10336 11130 9700 16913 4366 1155 14490 11925 1221
940 10337 13680 5367 18251 1331 19279 17231 13912 6041 6469 7629 3760 19249 4261 19225 16588 4012 8735 15018 6432 1811 11839 14946 10974 11622
7201 306 457 16015 1057 5386 8300 18086 1306 300 7539 2773 17180 5679 1150 17306 6561 6862 14515 9462 7963 16072 16577 12169 10646 12844
2407 6397 19474 5947 6144 9730 19046 13967 15532 11910 759 15969 676 3433 18938 14171 19077 11259 11104 2426 13768 6399 16850 16198 19921 18468
18034 16419 15650 19659 18864 14748 19782 15439 5419 8790 17185 9880 18463 12990 19902 17685 8491 8368 10166 480 19811 1502 14993 14992 11650 7606
16645 14554 6853 15597 10996 4745 12579 14331 1777 3644 11675 268 8382 17730 1770 10041 12410 490 10632 11080 10119 19306 1629 6834 2678 10768
3928 2171 4206 9643 13423 19904 11166 7620 891 5996 16520 18810 11986 9912 9625 12386 13776 17249 15120 2431 6520 13359 7589 19918 1383 7889
7358 7978 12932 12430 6886 4980 9805 11799 47 10068 14557 16315 5599 4796 1021 12149 14319 18150 11203 16816 16046 10406 19784 3654 19123 9577
17958 9047 14074 370 10181 2832 16118 3767 16421 7227 19845 8672 14312 12213 7554 1776 3358 19559 16883 16848 16755 5343 4250 9570 1583 2238
7151 103 2024 13858 689 2168 1802 293 1142 17627 11112 10902 614 288 18318 6925 15366 6557 8724 9678 19061 18044 17089 8237 7651 5985
6905 12827 1958 7818 18197 14831 1158 10859 10704 13328 3923 524 18433 6063 16567 3069 6057 7155 7369 5784 9967 3204 1926 10284 4793 2058
14521 4917 7567 1412 9379 11282 1910 19318 2925 14500 6561 7464 6065 3905 1882 6631 1770 3798 2864 7203 9375 8261 17275 13855 8147 1057
8249 6383 10674 11466 11705 14885 12532 12665 2928 13962 8011 16034 11262 5853 19822 3730 7855 2368 14306 9074 17441 9955 10978 12142 13410 14953
11939 11530 10351 12977 15444 16752 560 12133 4172 9909 5505 9902 18573 4153 17974 4898 5469 14997 4988 4429 5279 2611 8319 7714 11663 10328
5621 9085 15501 10149 2531 14036 5046 18021 11575 14735 3520 5105 10349 2267 6120 15714 17517 1145 1535 6280 11665 11995 16637 11642 16502 12272
11209 3945 6050 12302 1069 8876 6886 2044 8092 9974 10717 18459 13204 8006 11787 1620 7594 9520 18627 223 6400 3183 4438 7299 12087 16585
8733 4615 5320 7473 2470 10205 18789 16734 16687 17676 19669 17757 14159 14396 19032 16769 15564 5992 16791 11653 6405 14191 2430 9074 6724 7501
4662 4377 6823 694 5360 15915 11890 6027 1615 11807 2702 19978 7776 6927 2853 14458 6432 19713 11220 5406 18845 588 7129 10357 15740 18091
1186 1716 12018 16382 18322 11452 4440 15997 2238 16750 10447 18585 10209 19828 10412 18772 2935 15758 11075 13616 2342 8587 2062 10582 624 5905
10730 7398 10258 8601 8270 10034 15977 13630 392 9650 5320 9528 1592 3794 14137 14110 7123 9119 11680 18531 16192 18875 9217 19941 8385 5648
10573 4679 11525 3099 13009 11693 17115 18579 6300 12970 14720 4916 15765 7959 1237 8113 2588 2310 1262 17018 16617 15455 18677 15868 10723 17052
5584 18451 16291 13030 433 12648 18109 18422 14763 5419 19443 19289 12226 1690 12068 11564 14345 7782 17912 9948 2891 14478 11700 6397 5287 4412
14490 1476 11929 18590 11049 5682 18637 16069 15672 274 18872 7666 19970 1946 14552 5358 16696 6827 13117 15267 4041 10315 8587 4532 5547 10811
4313 5913 17375 10097 7676 18166 14005 15337 15007 16726 18092 10193 5563 17036 16622 10119 19399 6774 9258 5065 210 11156 3901 13940 12452 16803
5862 14403 14726 17472 14495 11919 6763 1770 2790 3516 3188 17637 12699 4499 14528 13014 5963 15565 14711 17103 19450 1193 19239 6354 19347 14744
16000 12770 9526 11429 5686 19591 8954 5911 903 18233 1984 2127 18025 7530 14603 10453 14470 10987 3330 12724 1762 15344 9116 13414 15247 10855
16628 3146 5380 13148 17728 13998 15655 16565 4880 10469 4782 11467 4496 6340 7371 7081 14876 5103 3388 3373 13933 1723 14863 4971 12272 18357
10539 9179 13042 464 12698 15961 14593 9885 9931 19044 12680 10261 9490 5706 3287 16035 5888 14607 5024 15031 3456 17632 4043 17568 10439 10366
16196 18317 11174 19050 10479 18427 19408 15158 10593 15873 12915 17572 7147 5442 7897 17581 6558 19480 8038 1691 10516 2016 10757 13754 973 11281
11780 11847 19668 19506 13396 6852 9457 7359 10274 13023 12601 5754 274 12736 11474 19799 7280 7664 2158 10494 12605 6676 9623 3137 14220 129
11503 3055 13364 5021 3650 17485 5878 11152 4726 12307 14319 10667 17766 17135 9082 6834 6355 5189 5398 17624 5259 4806 3926 14484 19167 17108
4256 14132 4384 10939 19880 10396 19486 4492 679 11751 5706 7415 7701 16284 19413 16014 1122 2941 4376 17461 15364 18507 4678 6849 11813 4517
9176 11421 2125 12570 15570 977 17335 15131 6455 7893 6754 165 9962 1381 8748 17005 6206 2355 3469 3609 13116 10874 3434 14594 18898 17128
15823 9195 4676 14128 12172 11432 12573 13480 14293 12060 17989 6748 6410 2139 4745 7798 7863 683 7898 12896 14967 14443 18604 3125 1775 5646
17277 248 1452 14096 9125 13613 4351 7723 12266 13589 11201 19168 1549 16590 14892 4234 17142 11929 19160 1968 11447 3841 8042 4081 14311 4873
625 11974 4257 4930 9444 811 15478 877 15829 2199 19320 14123 3009 15394 17829 19749 16426 3174 4217 17651 12896 19727 17855 13438 7923 17149
12447 15649 10394 14347 3826 2203 6903 19393 12101 3419 3151 11629 3463 6418 3640 19361 2867 117 16789 14150 7683 2996 10071 15976 2025 18791
14058 18365 9772 12846 1340 19504 949 9069 15674 14348 7172 8802 10539 15653 14471 17498 1793 8810 16832 5695 14351 14927 9689 19174 19330 5983
10517 16710 13035 13559 18348 19558 13055 15643 7231 10038 560 2069 4844 16172 3794 11783 8492 10135 17734 9928 4539 3500 16444 4520 14913 1244
14606 15389 18669 10673 17759 12166 4100 479 17620 6602 8803 2122 15137 9283 392 8713 16446 709 18536 13154 3671 3207 10559 19839 18770 14659
2998 16330 17359 11263 19301 1431 6159 5557 1820 3811 1399 3843 18189 17359 9997 6570 5305 17475 4921 7468 7121 2938 16505 11563 18438 14264
8743 4413 9368 18931 8130 2279 19530 8678 1863 713 14151 9251 15552 13825 14303 2224 6070 7038 1115 14070 13583 11625 11631 16765 4856 5862
7405 7518 1944 11977 2195 14629 10547 7131 7178 8444 5078 17070 12498 3512 15650 60 15471 10229 8601 9540 6833 4351 12469 1147 12535 14976
17540 796 4318 7589 16161 3246 9700 14291 6583 16908 10942 3222 8153 7945 16111 18839 3799 5825 16268 11746 19488 14195 13117 18141 13822 780
13083 4636 13951 4168 1987 9583 12734 14091 3125 6604 19602 8893 15688 19510 13837 8663 16669 3492 10676 5014 18389 17625 8509 802 18400 3180
12148 14882 8680 3103 9309 4554 2774 13314 12466 913 15693 19094 4258 18352 12824 16120 7635 16691 922 12320 2026 13452 19684 2753 8187 1299
14886 2745 9620 1296 11390 1390 2239 2399 1485 19159 10050 11614 10088 2974 17611 15420 11716 10711 5607 11638 17243 8189 10725 19759 7624 8136
7133 10183 10028 17573 10576 9889 19261 157 15766 8281 7543 4835 7919 5283 2768 8507 13064 6638 4513 5406 18126 2425 10361 12650 6914 5188
1267 14605 7078 13130 3690 10184 7202 9492 16761 14609 11026 2733 2246 2308 7566 3926 17156 15190 18223 15020 320 19692 5492 15013 14178 17705
3594 6298 508 7975 10085 7018 17006 19872 9639 10093 8654 11450 8705 9420 1557 953 344 14460 1389 6759 2520 10343 14816 9968 3746 8081
3639 6326 987 6379 4445 19536 845 14425 942 18333 7451 15571 5664 17436 289 7339 4534 2054 523 4493 10496 18896 2775 16955 17667 8551
6384 13054 259 17818 9165 11531 8484 17786 12630 13239 17370 17320 17474 15252 9140 2900 5896 15705 18441 12909 4361 6824 17232 840 16946 1693
10392 4743 7171 10441 13005 1338 13383 19444 15557 16468 2127 1127 4296 18198 13459 17888 12766 17835 8899 19393 1454 7130 6366 9968 12461 9816
16970 749 18663 8740 6249 17558 17067 17484 5321 7533 2881 6911 15742 5396 1724 13191 9264 486 4946 3241 1302 19239 14093 15560 5741 7146
18556 15356 3532 13264 7338 2079 4164 11072 16583 15559 16175 16784 12044 14178 19081 8128 14518 8514 13240 11660 12657 18557 7498 12360 3481 5926
19655 11288 2480 844 13745 19209 16191 1993 15083 3608 7674 14898 11506 16774 2992 10983 1214 9066 19313 17169 10976 4253 18737 5475 14085 10210
14508 7973 16032 12574 907 16425 8347 3945 9396 8511 812 18530 2767 10636 16858 5934 7173 9621 2654 5584 14925 12188 13070 14838 15468 3367
18438 16015 18432 2731 1114 1940 614 9134 1192 8806 10188 5777 17616 15642 11055 558 14900 11202 7783 7418 11332 1896 750 14433 16779 6493
12900 5016 5875 7601 2664 12943 1337 5709 10494 153 14882 17642 17255 5326 1251 13846 7278 8429 17010 14348 6188 1329 19832 12373 13452 13056
16756 13960 8908 14505 11042 18506 783 2565 15482 13741 5308 14108 5255 17803 16672 16639 16507 5633 8755 13532 15771 9357 11380 14964 13027 18071
12339 9383 7868 11758 17766 17848 17403 7390 8674 657 2374 8627 12773 5257 8649 19264 8269 16077 514 5221 15844 3621 7196 4982 3700 12594
1860 5655 2233 3106 15349 17996 15345 818 1897 8894 1680 17343 15477 6811 11657 19513 14346 3621 11103 10435 12524 12749 9504 2707 7511 14463
18383 11452 14004 14135 14281 19237 8733 6115 4943 1731 10824 11523 12336 2204 19431 10417 18870 5803 4761 3754 17415 6695 15638 7639 11746 17282
5293 6662 9799 5626 4531 13105 13950 16028 11496 1116 17439 2464 798 12062 8152 5100 6995 12982 14537 16716 19308 8937 13963 19550 11074 15793
11163 2658 19405 1795 4562 18224 15398 5772 2976 267 2134 789 6008 9128 6364 15091 13181 17755 16752 8891 8651 18245 12592 3453 12952 15183
7910 2332 10246 4404 19780 869 12404 1846 9516 11305 553 14388 10394 19163 328 17453 10346 12846 1677 19129 14635 3189 13878 13309 4039 18528
573 377 18253 19518 13384 11411 5753 13254 1330 4691 9355 16922 13465 5445 18686 15373 9623 19096 19516 8398 1144 12805 17664 19444 13501 4799
10616 5583 14851 12881 18920 18224 4115 16493 2591 19830 19277 12875 8535 12839 16029 1098 9524 5229 8809 12721 8983 4090 8370 289 3918 3501
15334 4959 15264 7892 7787 1360 7367 2619 3548 3162 1226 18973 3736 1435 8265 13596 4801 11364 3737 1638 12764 7323 5217 17573 18812 16034
5622 11543 19816 13043 16792 18517 5615 10681 17370 2308 1631 497 18857 9761 3257 14764 2854 21 1558 9213 17981 9994 19378 8337 15028 12557
3841 7322 10031 4116 16702 16432 789 11994 14624 3093 14120 5089 9004 3730 12229 8269 6915 10764 4616 18291 7306 243 7538 15810 11758 4169
13382 11238 14006 14417 3667 8202 1737 17280 9677 16880 10443 6523 6822 7516 7931 12325 11371 8402 49 16127 16607 4604 14015 15851 2963 16923
9044 3275 7184 3553 13963 13272 4659 3759 14405 16974 7091 5284 7058 8930 11983 10699 11381 8251 18575 4893 1016 7252 8429 15799 19528 17563
522 11205 549 5719 6582 8505 7539 2394 13963 12092 12134 6211 3458 149 12854 11110 18781 10806 13447 11241 19285 8432 13190 9039 11575 2458
14328 7308 15466 11342 9267 958 3479 19487 17403 1762 5604 7383 17546 14394 9629 13870 13057 149 2228 13004 5004 19235 6804 15536 12903 16179
3239 13439 5407 16148 7043 10118 18268 1185 9791 9601 4549 8227 16852 9957 15597 4370 14300 10926 17084 10524 6910 9105 1301 10177 16463 18833
9654 16292 9798 8656 5232 9495 8622 10945 4883 8483 12689 14481 16216 5521 12569 1296 3039 19098 6741 10386 1674 17134 10009 1315 13615 3565
10614 4234 341 11284 7911 11610 17010 14239 7891 17049 2741 1070 10974 623 14535 854 5520 9208 6863 14052 9479 5405 1439 1274 16292 12791
17741 3652 12451 9432 14291 1634 7507 10932 13739 19263 18867 15955 19658 6657 18988 16756 2914 11028 13258 5876 7715 16945 15903 2366 13730 12950
7148 8377 51 9237 1067 8521 2795 5890 8278 14707 14244 10009 3288 9741 1766 15637 5752 8336 17983 6841 4131 1381 13082 18049 325 18584
16491 9735 89 12506 11137 3172 8415 5306 19589 6550 2379 5728 18923 12358 17392 18571 762 7219 13308 585 138 17292 13621 5759 1749 12969
13579 6254 5215 7277 3000 14808 17695 17839 10958 8196 6285 16613 19524 8381 12733 8107 9583 8446 4821 8715 11851 18952 9028 16393 7173 6202
17599 719 3453 7162 9033 5528 10553 7197 5334 1075 19939 7180 12710 8577 8438 6955 8562 12304 1369 1081 5041 16287 14304 9874 12011 13293
11666 6487 9390 9183 8659 15837 5002 19008 11684 4636 12771 2004 2367 8526 2469 16175 6821 14871 10076 1319 8810 11046 140 16233 14137 14135
13881 12013 19941 15923 6343 14173 12831 9477 3149 2650 5278 11048 11971 18626 14070 12517 4033 12334 1701 14212 19924 6588 3692 7510 15653 12571
5665 4360 7212 3140 11366 10588 16572 14400 5463 12399 15867 18456 6036 1224 16503 6502 8191 4303 3915 8968 18251 428 160 12187 9354 7032
1783 10217 4851 4175 2207 5124 19314 13698 8795 4283 2390 6335 5264 19727 13656 7097 12864 17729 16063 5672 19766 2111 16335 7955 6681 2384
4968 8012 6202 19992 4827 17967 8504 2138 18811 12195 2584 11648 17310 9134 5874 18577 15391 14206 18245 18864 18350 7232 4133 18150 19301 3851
14270 14045 12049 7337 14541 18423 12837 10897 18586 6009 1714 1597 12035 15183 5292 15291 18773 12229 11536 5119 14986 6585 17902 15638 17562 9246
19588 6817 4160 19956 7221 9262 3467 2885 7437 13907 16778 7018 9852 16128 2021 12309 6684 1750 10124 9810 6906 14046 409 14964 10668 13753
7995 3449 5525 16560 1670 12523 5338 565 16856 16251 15901 12085 17997 13976 942 19461 14284 12753 7782 16970 266 18343 1415 6544 10340 1171
4419 14374 5848 14813 4796 4704 8245 16514 12517 3043 16791 4044 2325 12566 15857 12013 6899 1233 17360 13413 7227 15762 6477 5532 7756 6458
17371 11094 9787 15644 18822 16576 7707 6981 9227 4039 18674 335 1201 10334 2915 17311 5850 14946 17719 2636 13427 4596 17826 1420 4593 10474
11753 14810 6242 13116 15191 2815 12921 11988 321 9342 6932 19150 11667 12270 245 3108 14592 13281 10049 5678 9803 7184 10812 10892 6941 1341
1669 609 5962 19696 15152 10625 1203 8714 19452 17217 8897 2156 8188 388 4260 13543 11384 8846 16333 1279 12640 3631 10002 13736 8132 7517
16971 19118 14286 18580 8650 340 190 4965 15563 4887 11471 2542 19593 8109 18249 18030 5057 4349 13140 4549 10819 6367 4243 4484 19922 3816
4168 1095 19527 9117 8946 11548 243 4763 284 2089 14948 14182 13028 10138 4380 12835 13961 11796 14677 11462 9580 15570 6083 8812 261 10207
7534 1740 16366 1955 246 2593 19460 15178 82 8042 4340 12846 12728 7290 19449 9070 6007 7149 5292 2968 10825 11367 2822 3997 18226 7561
6706 10766 18355 17576 14679 2713 14134 18731 11677 5408 5934 3330 11608 6053 16163 2597 14944 14135 7165 2077 2218 8247 10757 12846 12070 19057
10694 14101 16928 19616 2316 6232 13488 11391 17260 16292 11356 3911 14660 10790 284 7381 9965 13463 4585 6275 9113 16678 1515 5318 19007 10159
1866 3645 8707 19312 3658 5888 18291 14817 18673 8120 15352 14121 1788 4616 16149 11791 16483 9560 12301 2916 18544 14323 4254 16675 7640 14024
15950 2053 19356 11852 17435 17061 6065 2031 6685 6210 608 11372 7786 7825 17265 17250 13459 18295 13598 5413 7691 25 7197 16725 17455 1859
5091 17980 2957 809 4662 17845 8730 7523 11822 10897 4515 3072 8383 13520 11652 19458 1390 17973 2036 15016 1239 10304 10203 9837 12769 10053
12613 15809 9654 3928 19170 371 3465 13893 2411 6834 4032 308 8048 15375 2322 6969 11168 7039 9701 9362 15240 15240 18294 18780 16693 6895
15166 12336 2736 1010 2417 9858 14724 6712 9675 13577 6060 19880 12933 12288 15172 7252 8082 16176 461 9588 8793 15536 16170 11535 3586 19437
3929 7014 14631 12715 7045 13798 2021 5766 12665 13929 12240 17223 4643 2227 16768 5234 1473 19076 6951 16474 17810 15247 10159 9861 15581 4415
688 14784 14211 18963 11306 14277 11904 7138 8855 6662 15110 18912 15525 8893 13612 9323 9074 14543 2156 3642 10657 14671 9412 17002 7435 16680
10492 8134 5081 5144 8333 8131 13492 989 14067 13044 7384 4456 2356 2779 5414 15359 19733 12435 7205 9572 19785 12820 8793 259 9300 4908
3937 14122 9230 9860 13719 18158 2004 4872 3190 5424 16985 15972 14190 3634 1884 11753 10427 10067 1179 10034 14784 1031 11276 9320 18311 6966
8633 8973 5529 9402 16762 11082 18198 2942 1167 4217 4311 12573 10586 11106 15434 5486 9599 895 8693 577 17806 18641 757 13774 17671 15200
796 16685 12750 3480 4079 18816 18661 540 12573 2928 16360 7038 11594 19184 1064 13426 15468 17769 10459 6202 274 4165 15462 15427 8210 14166
16877 3296 13637 14828 18067 16919 9670 3051 1705 13884 5042 11499 6493 2712 14955 11854 3630 19413 19856 10853 3303 6668 19737 10409 5199 5259
10826 2673 6836 9608 18251 19115 2156 16078 18515 15114 16390 14567 12652 11930 17149 17207 15563 5712 4670 11 5739 10108 5807 4915 6796 4403
7991 14989 4523 2778 15872 16595 17958 12765 12921 13896 17833 16514 14291 15420 9179 15646 4108 6481 12386 1152 8989 19988 4603 14422 7128 5083
12789 14493 2025 11387 7402 5115 9361 19423 18640 16047 10839 5016 19703 2112 12890 2396 2430 7 984 2459 2861 4295 17969 8242 2014 6828
14114 11066 9127 11646 6560 5193 13427 2626 11610 3777 13852 14769 10929 16455 3328 336 1833 4856 13360 19651 6917 6612 2233 5250 14923 16834
776 10717 9650 10169 5024 14822 1715 1437 9440 5222 799 10346 780 4847 8263 3495 7651 8405 18735 16208 16353 6286 2535 4289 9358 987
7732 5160 5731 7980 19396 15077 3520 112 6409 18602 11979 5590 8851 3104 2642 9841 7602 12346 9754 17859 4447 9872 4565 9755 17490 3948
9809 17143 3291 6838 14419 13094 3204 994 12955 15622 252 9629 15379 15360 12092 5903 6859 15637 17961 6539 17005 17510 7420 4515 14177 6506
11949 16100 7466 1593 8048 3766 11900 2186 1396 6965 14153 10848 13337 14724 14475 15086 19514 14714 12160 1285 6671 8504 4269 16976 3547 13601
6553 10734 3378 171 7316 6503 12589 6387 9929 10124 12268 7624 927 8181 19549 9091 9992 5942 3747 484 11400 5059 18540 12767 16093 14913
3681 7407 19641 11508 2022 2690 7910 5627 6464 14012 4605 12406 13136 19256 11539 2695 1219 17923 14922 18794 11587 9432 12192 10781 12259 360
3744 12676 9885 8957 1915 16764 15721 9058 1711 16110 10411 14035 14932 19065 18403 16799 7214 5588 16760 1350 13138 8405 6286 10313 6599 3663
5480 13781 13817 18540 8287 19891 4231 3040 8454 7855 9156 18696 6026 14849 13946 554 4736 10003 16720 4539 4654 13484 1200 15306 16627 16238
16963 1464 12678 3473 9637 13546 15183 3520 17446 14000 13449 873 8601 19686 2027 9547 8499 10659 16579 940 4590 17821 1800 7153 10353 3183
5370 9891 13529 17025 4696 2599 17154 16244 17071 2065 13952 11977 4900 15090 13311 10739 9240 16337 18176 2544 17361 4427 590 2881 6724 19950
19496 11919 15726 16888 4861 5727 4351 13914 1489 2444 11667 10223 8230 11809 12124 10160 13327 13061 15594 14361 12070 10687 13522 4964 4351 15656
8205 8285 13997 18927 15451 19832 1590 9639 17381 16164 11293 16222 4305 14642 4750 15542 4954 7624 10915 2296 18132 18435 19261 11967 5569 13762
13431 9973 8840 7234 329 15722 11713 2654 8608 15922 12873 15052 1495 13998 8293 15968 17373 4900 10551 4859 6749 12493 3988 3632 10530 4708
15368 17070 14716 17234 5059 16187 5107 1992 6207 13060 10958 8479 15993 9480 1210 14284 2636 7031 874 18858 10486 13262 9556 8064 9838 14150
11468 14474 10629 9098 3945 12182 1113 9461 6660 19258 3562 19748 8464 555 8454 10949 3617 13060 15098 9663 17896 9163 12213 4732 16128 1888
3421 12414 14562 10257 226 15294 7706 4469 10275 4914 6680 15899 5630 9223 11288 7184 6798 2006 19787 14892 9039 15186 15104 15392 11966 13998
13858 2236 7375 11288 1819 10649 3406 12568 17862 16379 10842 4671 6654 2243 8791 16280 15942 15354 10440 15252 17812 2624 16136 19560 9179 17892
3717 18721 4316 13648 3052 4736 12526 3154 13884 18249 7151 4804 125 18343 3685 3323 2685 10824 4074 19103 18325 12267 13656 12928 2445 13561
14781 9836 14281 14438 13038 17846 19930 4370 14982 19805 15666 12684 3473 10880 9091 4624 8675 1426 3100 5455 1167 147 10712 11073 1349 5302
13823 14389 567 14134 18004 18541 13164 4002 12949 1863 901 4469 7869 16546 15927 12796 10285 4204 9452 4562 18628 18550 4586 18154 4630 4776
19282 7764 6500 1004 6965 16045 18326 15006 11922 15390 14027 17401 16 13763 7817 12419 8736 878 17229 10615 3563 16818 8046 14040 8420 4234
17074 15328 18602 17936 12039 8254 3968 2986 11464 13269 14480 11951 13823 16597 14390 16374 12341 17589 923 1569 15990 10571 7569 3378 641 11466
2525 5884 15569 4020 7572 4742 15062 2476 5495 9146 15513 11959 6123 7636 1425 9578 14533 17818 18154 14850 19506 9237 8051 362 9963 15405
4875 6502 6454 5947 10035 2361 8412 5523 12832 19201 9908 5927 14895 13045 3064 11710 19779 11691 7559 93 17715 5388 14896 4121 9248 12671
4870 11039 11237 8211 104 4699 6165 8430 6983 205 1898 1191 15050 9323 7288 17153 3596 2555 19778 4903 6651 5838 1023 14279 5140 5626
14417 10505 1696 14636 16448 11718 9402 18960 4182 17806 17101 1727 7970 3725 14817 16109 7529 16841 10373 3656 10024 4944 8730 13755 8687 3761
597 139 12148 16445 6031 1863 10723 5212 1387 1133 965 8566 8116 1007 9544 15801 19603 16361 11068 19241 2929 6539 5739 11511 2925 12127
4732 11797 6352 15128 12409 14685 11361 19238 2562 8086 7647 3116 7731 2888 10231 17126 12117 2657 3999 19237 19575 11808 8171 18229 9292 10147
4081 5485 13322 6938 15201 4475 6453 2600 14217 2382 12488 5044 18689 7992 9878 8396 19719 16762 18791 15694 12659 3844 3559 11783 14886 15794
12933 6957 19217 10927 4924 8796 10654 6418 19593 1479 13186 8709 10549 3520 4344 6686 12235 15413 10635 18487 1414 1802 15020 4395 14884 16349
16691 6990 9112 8436 5113 9308 3894 10413 7324 11195 10245 6437 3982 13618 6913 13777 4359 16774 17408 2911 12734 957 12645 4562 12907 11328
16916 12995 19732 4794 3055 17147 7562 6538 15939 15498 12408 10408 8276 18264 290 17315 17171 8536 792 12491 17099 12884 4740 5587 20000 8505
3254 13328 3739 15648 13238 1758 15984 2674 18482 2605 7290 11049 12643 11255 11654 8219 7915 13430 4501 7253 13142 1520 8070 6159 18608 4836
18585 11108 6140 3560 6824 13783 1723 16801 10894 17597 11843 11444 14309 7467 11483 12476 2336 7374 15335 4204 11693 12083 3027 15173 16890 13697
12368 8613 2402 15001 15299 4887 8639 465 17289 11872 13885 7746 11507 15261 10859 14440 17025 379 4743 7878 3243 7382 8934 11967 7339 18510
6043 14575 11724 12051 1276 5980 12737 17426 11577 11391 18094 18716 13395 9903 16682 8528 15016 2691 1745 3392 18248 8830 10146 6962 13992 18258
19183 6554 8054 9140 3009 13668 12852 16580 9429 9580 19821 15915 3025 13531 7355 6550 15781 3976 16864 11766 18627 17815 2732 1024 2677 10591
8007 14503 2973 6315 1082 14460 4350 2804 15431 2113 1637 4726 16193 4110 16194 14289 15704 9647 371 19900 8195 17832 3898 19565 2991 17498
18316 11968 1097 7643 17664 18364 4964 714 12480 1373 4341 10927 12555 18189 2378 19732 14759 10093 10743 6777 13990 15858 2099 12475 8263 148
3451 9898 7210 18577 18943 12385 430 12827 2478 19257 2951 7979 2050 13735 17265 14641 18127 10192 16530 1067 4709 16185 15898 12046 4914 17945
3817 6762 8775 17760 462 16280 19305 14839 4719 4835 10360 13114 14467 8935 19847 15025 19392 12134 13003 18855 2748 716 7068 17995 7302 8078
19975 11385 14198 18240 3149 2717 958 7649 10863 7866 6576 17333 5366 17990 2753 16714 5289 2015 9841 8210 19216 10938 11405 13884 12180 6744
48 19045 16355 4289 5852 12488 65 5973 549 8680 11989 7154 13333 6200 7978 13701 19224 6648 13609 18693 12435 1413 5605 19141 47 6809
3287 1880 9540 4828 17932 12879 19999 11807 6029 19311 5525 5354 16797 4821 16377 2899 14662 5988 9435 8752 11460 14500 7941 18759 1424 7496
7135 8808 7845 14098 9173 7704 11787 16061 13464 6616 15024 16827 17355 10340 1525 7619 7295 17686 5084 13873 4038 17825 2406 13653 13953 16796
12482 19691 15011 3100 6639 1930 12802 6836 17864 6914 14163 17221 16722 16780 19769 15448 12263 3446 12333 9632 16649 12043 10249 5760 13818 17782
8074 6236 2461 7437 2800 8340 13766 7311 16134 8387 1100 12909 11295 13157 15213 13659 6695 1787 9352 7613 4947 4685 11034 17705 9721 19071
14791 13947 9875 12258 10263 8496 7448 14861 12921 10802 1250 18950 6896 3122 4468 8097 11520 4714 16405 14647 13077 8215 412 13654 10347 4688
10436 2267 6778 12658 6893 13104 16720 18083 2954 15342 6925 3688 4543 12453 3662 12655 16959 19267 8031 15296 15824 17809 2681 5302 190 11563
1841 18516 15058 4473 16381 12573 6612 6186 19760 2009 11147 6445 15686 9185 5854 17960 16299 16562 17290 13673 1575 5086 6302 332 10079 13724
2341 6044 784 12343 9483 16724 4863 9344 4514 5594 9776 16666 7660 10106 14698 6928 16660 6369 1707 6745 19853 12328 10739 11679 12553 1446
12955 2895 5152 16169 5047 11551 10128 5924 1317 15795 15107 11678 11300 11379 16889 17688 7133 17816 4382 7911 13583 2071 7861 8425 9814 17532
15196 10959 14510 534 16116 15987 4347 871 13928 12691 6129 9364 18371 12377 6244 19382 13082 842 7975 15864 11143 11877 14586 10140 2580 1900
16998 10333 5152 4457 1734 11855 15482 7920 19979 1394 1139 473 15641 15029 15303 14067 7958 13296 5762 3399 7954 9335 9974 7541 821 3456
6734 14073 9353 16246 9187 10046 3594 15280 4549 9212 10254 10203 19234 17665 11129 1166 9732 6444 8361 15222 16472 17399 7297 110 10263 14962
3633 2114 13974 11575 8268 1380 4587 16539 10005 12277 11252 13081 5865 1718 15338 10690 5355 19702 7519 15735 5339 13979 17888 13047 3587 10234
2992 15042 5327 19306 14261 16073 4592 2068 1016 18290 17496 15704 18711 19651 17647 4340 7824 1459 17630 9881 13567 18746 15179 8426 18668 11426
18091 10915 16914 11974 18574 1111 5901 13999 7295 16272 12169 8292 7967 2164 8506 9590 16831 1107 9620 15668 15785 5361 3031 19236 17380 17937
6524 1641 18733 19050 17133 11120 9370 2164 18195 19769 7400 19399 5556 4761 14195 10287 6544 19850 15237 6064 28 6626 1660 574 2505 12675
11846 14322 6150 5283 161 13955 1036 8057 2032 12874 3688 12111 12264 18107 19689 4379 12478 17149 3079 10431 16055 125 15325 7698 13228 18405
2620 14189 19703 19327 12320 624 11279 16864 9608 7594 13054 16267 13245 12098 1632 2022 13358 19859 14035 19245 5151 4753 10833 6247 4621 16115
13543 10274 195 11977 12210 11879 2624 12575 4317 1187 4636 1618 10116 8667 10909 1329 2594 4182 4498 7862 10403 6907 5159 14546 6524 13386
12204 4314 10196 19450 6008 15077 808 18812 5840 3992 1036 4616 13573 9564 16808 6964 1865 2321 19750 17184 16830 17697 13897 8798 15402 18316
14450 15255 18992 2671 18513 11241 3484 9831 7511 1458 7784 3800 6736 5869 12875 13277 4220 18504 7573 18420 6771 15985 19256 5024 3821 12555
14579 11762 687 19727 15774 15989 1920 8166 19989 9303 5682 16597 19953 15364 2235 10418 2834 8553 17041 9895 4248 17846 1944 10335 2595 4827
16384 4268 5657 802 17532 22 2008 2265 17686 11830 15639 1573 17195 17492 2538 15060 14891 18574 578 9030 11661 14700 2633 11375 2109 5730
5803 18793 142 18908 12932 6345 18652 7337 5064 15943 4021 11399 17157 16080 19551 3374 17704 5793 16387 10120 3188 9829 2894 3817 18725 10559
17610 14462 18869 19036 9450 14409 9456 16590 14391 17454 15127 19314 4897 9959 19083 8833 2539 9375 1110 18617 12984 4260 16043 19101 10598 8597
3982 18935 9483 14278 7266 7994 12797 17711 19140 2389 13179 4141 8316 1381 8308 7704 11104 2640 8469 12498 3419 4307 7921 15930 10618 15148
13330 2662 16707 19079 15350 1178 14237 6511 12912 18536 18704 8535 4194 4367 12375 1811 586 1757 14443 127 11336 16875 14595 10701 6083 6850
14442 7020 6557 12754 10878 14511 9141 8990 5294 9837 2862 19916 17928 2304 17337 15714 18704 19444 17836 7985 3132 16372 3933 14743 16568 17857
5470 3696 10640 17097 12365 19064 7346 17069 3140 14769 7491 3668 2861 15603 8250 18880 16850 9909 650 10935 19806 12593 7997 14131 5004 16435
18543 14704 2225 15590 8405 13418 17710 18907 18214 2225 4006 12590 3882 8762 12393 1053 3015 17835 11278 2447 12846 15396 15705 5149 13111 1390
8566 13055 12840 12628 14828 510 7953 17612 4283 2400 16347 13242 6865 3515 15135 6435 13246 13311 14243 842 9199 717 1428 15937 13711 4285
19514 5770 6194 16527 12329 9301 2595 17949 1384 13540 4789 15302 5209 9735 1301 9853 19174 9590 1027 17152 10729 9631 1043 15976 2844 5355
19513 12559 16156 8647 14718 736 13761 1145 9665 1609 11371 6536 11216 5927 8021 4531 2982 1333 3090 5063 10068 10353 16154 19412 18796 19631
15532 703 12616 18928 17825 12430 7685 17216 4663 18024 3426 13670 18125 12640 7331 18251 276 19535 18726 18426 10363 13437 12728 18285 7158 4347
14323 5788 3584 18604 3690 9760 5753 11527 15483 16304 17264 5259 19269 8759 7860 8651 2310 16686 10663 8021 19989 18224 7193 8609 5291 4295
1861 15165 11685 4226 8143 9977 1358 13905 14637 16146 1738 5687 18358 12394 16331 10241 10055 9116 5188 11721 17382 12079 3039 14065 7937 11904
3094 11546 7958 2163 12010 17507 10178 1408 18665 11603 16986 409 12618 3145 73 74 18802 5867 15143 3574 7095 12227 2176 16778 4520 13129
6039 14346 19881 3104 16891 8925 15702 5969 12271 4947 3962 4373 2545 12980 5284 5977 7353 9408 3506 1613 19742 7133 207 19501 7053 410
14490 6280 12327 9733 4891 11117 12184 12408 3545 6362 11117 267 13844 14625 6328 5420 725 16416 8630 15345 7624 2702 2135 7045 19680 4594
8147 7848 17883 11831 17057 17110 611 18737 16820 6483 14740 1054 3235 5710 13469 4212 15919 16558 7527 7856 1843 12175 5537 17971 5350 14136
17656 8063 8811 11348 19614 17613 6649 9672 19431 7758 3354 17874 1348 10803 10022 18227 5851 4125 13541 10411 17856 9319 19622 762 17492 8119
939 10420 15633 1662 6706 13084 3240 14416 13271 16188 17655 18075 6633 14664 3511 6308 5747 8446 19816 8607 246 2204 12662 600 6270 16553
10904 8976 18543 6720 15657 18316 4848 14818 1359 12463 16718 12937 13172 1808 1980 9477 11591 7679 6434 15062 18302 15406 15377 1236 17948 6262
3860 10531 9813 14024 8152 5148 9081 19284 8730 18013 19163 12272 3509 11782 13921 16595 13893 14784 15698 7322 3220 5792 16941 19514 14784 15304
1864 3359 2766 13143 13069 8715 6271 16127 18789 11718 19502 12312 17678 16583 3699 19328 406 7778 16011 12627 8618 8739 2793 5312 12909 3212
1683 6947 11299 5898 5702 9527 18489 3779 7675 485 13706 9440 5141 4778 18992 4373 19922 10738 17959 6234 4031 10955 16172 6619 10235 1283
19802 6252 5777 10822 16578 6242 6298 13887 3629 10690 19082 18619 8829 5851 85 16495 9937 12542 17668 12647 13247 2081 10389 11008 4417 8491
8770 19890 14463 5232 15110 6275 12572 15378 3062 14493 3990 18293 6127 8423 10143 13445 9643 9784 6533 11701 4268 19565 7045 17675 3412 14126
7103 8585 17505 17523 7757 4324 18486 2231 11049 1707 14611 8214 1918 1883 19794 8054 1201 11606 3045 5539 5915 6277 6144 19982 1421 16555
16930 377 13387 16191 1963 17733 7858 17105 7878 3536 10650 13969 5787 1055 16887 12663 9988 11597 1008 15058 11191 12654 14345 16347 15514 11641
5363 14326 1998 17201 10773 8494 18635 1572 1018 12584 5044 15567 6439 12780 17795 19981 15317 5848 7416 16853 1953 5388 13473 14853 19073 33
6490 1521 18561 12993 2414 17247 13181 190 4638 7373 13088 11112 6821 3355 12747 10379 1075 19613 2511 6618 11472 11533 1399 14007 19394 10018
14266 9609 16544 5270 5529 16848 18563 4396 413 18685 22 14279 7048 7278 14384 3147 247 14296 5220 18000 9435 16921 15141 6091 18763 12800
6294 9504 10381 3765 3876 18408 3885 15855 1682 18202 12584 11648 18337 1811 3463 15204 8754 1906 18955 10738 14338 4100 10177 15014 1566 4152
9442 17415 3714 19447 4007 2665 14036 14106 16654 2808 13857 11663 18336 19204 5517 18868 16141 16360 19911 16639 13586 9622 15137 15310 7928 6845
19308 17615 6305 4327 2036 9078 451 14475 14696 5749 6829 9479 17877 9918 4762 2784 6041 17388 2956 5460 5586 13346 5512 6987 13819 8284
11117 5025 18262 7603 13584 10757 374 7566 5592 9583 1863 3671 7396 994 13975 19353 146 16968 1106 5705 19708 620 17607 14403 13876 4802
11934 13137 7389 18454 16231 18298 9152 3997 16452 9446 772 9613 17228 2028 9376 1800 3023 12135 11665 3755 16517 14752 8999 1126 1823 18090
8948 11097 11425 8033 9194 16061 8661 2215 7515 13378 12472 15398 5313 13530 15016 14236 7262 14961 16821 2683 16636 12928 12448 6182 6582 4364
1230 4686 14968 11509 11550 3073 8305 7896 10475 10150 580 8361 14240 14911 8698 11167 2727 406 8804 13947 5067 7575 19575 12170 12619 160
7742 17861 5740 7275 3927 6289 3086 6327 7566 1390 13566 11204 4722 413 15278 19563 7094 1984 1125 3279 1182 6148 11583 2062 12337 18727
19569 7108 10433 12816 9536 5621 19465 9572 10113 9150 19080 11875 7481 7215 3912 12382 4663 11797 9307 11521 19562 17264 19393 11673 1727 17168
1863 2960 14224 11104 17221 11687 17706 7888 9998 17023 9357 12656 16930 17870 10573 5467 4874 17587 3283 4973 7290 9912 14241 13825 8636 16508
11985 10125 14502 14657 1849 14907 18360 13442 8 18912 4055 9761 16420 5939 2387 3694 7836 11890 14680 12008 9485 4923 9092 3354 4225 16020
10856 17943 7606 11545 1236 1824 3852 6023 16284 14905 16661 3056 13309 2003 18790 4913 2369 9958 366 19487 15037 7947 7566 7075 4276 18161
19024 13299 4331 19068 4881 5128 11592 1834 12189 960 16261 14810 3016 1146 14680 4499 12533 8711 1981 1246 17193 1244 6039 7282 9243 17262
3890 18879 9991 6051 1170 19436 3510 15679 4869 8329 3777 18187 2754 10778 4346 7553 7450 11019 19388 14428 11417 18558 369 18622 2156 8947
18710 18031 6060 473 17911 12117 19504 9645 18310 5577 373 16072 18064 5491 11883 18908 16517 11972 18103 14067 16368 15470 11291 13378 3204 2478
3235 7497 10644 6761 1233 19761 19252 1954 19433 11536 7255 13670 12347 1689 1674 14174 19316 9099 18992 12286 2398 3388 10767 5883 11403 12727
15296 5205 5742 13742 15464 6199 866 16392 5216 6489 6013 2651 19582 861 2930 6250 14839 8437 1994 13058 8833 13818 7762 14808 4067 2279
6944 6811 7131 1006 5739 13495 16018 14407 10852 5830 6276 13777 3041 12490 11923 11860 2829 16949 15067 17354 18272 247 6422 9143 11691 11775
916 6147 8059 13935 10636 12094 19872 14435 15165 3616 18087 1166 6862 11220 2534 14131 8279 7980 1899 10193 3082 10195 18490 4833 14098 11838
16958 2724 10037 2367 14497 15665 5373 7847 18753 34 17475 975 6505 6910 10744 19573 3004 19095 12770 13443 16699 12392 18670 11208 12409 14351
9231 16861 11682 6239 4589 17645 9766 17771 3105 15970 11476 12992 6054 1082 2782 16133 1962 12867 5070 19009 4491 6010 16821 2257 12895 18319
6331 17067 12851 11637 19253 13573 5704 13332 19442 8992 7650 19361 12284 17025 265 9592 9426 16421 8768 4778 6744 15257 1274 8878 3763 2874
1684 2180 16312 4432 15950 15140 12760 7407 1739 13602 5556 1727 9520 14885 1470 5090 16488 6253 6818 5285 7001 4143 619 12316 565 13276
12054 11823 10929 4957 10556 10575 17424 11125 1925 10609 14852 5318 3044 488 874 15972 3397 6172 12775 17263 13489 19931 3594 8596 16926 14296
1439 15043 7094 1431 18096 93 9613 13777 2081 10972 11314 19189 13157 2019 19874 8821 4314 6710 428 5260 14630 1743 18573 13481 3576 18065
1071 17341 5517 15103 2130 377 17978 281 4616 7399 95 17425 1027 16718 19400 7702 19571 14267 3534 15963 12219 10939 5373 6969 8002 2750
7129 5413 9866 3033 2579 6826 4233 2467 14739 8453 11834 8098 4619 5641 19160 7832 13912 2446 12184 17321 17478 5695 1973 17708 1420 9146
214 18241 19195 15641 13639 6291 19402 3685 11559 10979 16412 16510 19372 19754 8469 5395 18948 9322 9727 15973 16695 10621 16519 14018 3643 1573
2131 2085 10219 13795 12662 12198 10757 18886 2938 4811 18268 18564 14438 16516 13683 7369 18160 8292 13582 11019 10217 5666 1371 3698 3293 14344
3986 15578 11433 9025 3919 10297 12515 3985 5384 17026 17475 14694 16550 2905 16326 11223 18467 4068 10542 3207 3235 18053 7984 16230 7947 15922
11044 1454 5456 2022 510 14041 10866 9986 18159 8056 11641 4788 2318 6173 1143 5773 11712 14283 8632 6883 5276 6864 13287 17264 6070 5730
7833 15227 4690 9232 18479 10622 5273 10468 17787 18801 9236 7891 6395 5465 9239 1048 4660 4264 842 14297 1707 11472 14711 4744 14023 7078
5139 17854 11741 5706 2245 8588 12172 10999 1585 16990 9999 5097 19689 15745 1698 15254 13664 2872 597 269 1421 528 951 7049 12101 6675
14762 1448 1626 7261 9773 6574 18308 5859 6324 18768 6505 12169 17415 7041 4439 18600 3278 10295 5253 17861 15225 16353 757 17772 15677 2220
427 14884 10479 18766 11761 11330 13482 4691 4070 3570 15165 10663 5453 2300 12616 685 16515 14549 7 19875 4416 9712 9213 9958 1957 15599
15564 2015 18621 4894 29 16288 19527 13492 1214 7976 3817 12732 17623 17172 919 19088 10081 223 736 7900 17392 12616 9120 11923 179 6985
14053 6999 14830 16461 1616 4239 17732 8862 1119 3177 12984 3128 1576 16214 19616 16053 4901 3649 16008 8208 5972 1972 3551 17449 15223 2349
6004 11052 15266 17524 5147 15979 12268 8425 9749 15856 5643 9894 17124 953 5778 7968 3430 12748 2527 3971 9677 3237 8317 7233 5685 11844
3507 14735 3263 10581 17043 17888 2171 14631 19094 14233 2857 17227 19709 3670 15328 19624 15482 8400 12495 15241 15496 12416 12571 3192 12322 10936
343 2264 5692 16134 14109 976 2801 12723 16621 19600 10819 1299 880 16515 28 14781 17365 5740 14826 9917 13318 2535 16603 6700 13993 10425
16126 14076 12829 1011 18680 17336 18286 3346 5604 13277 17884 5075 8345 7048 16209 4510 11257 17969 3379 5183 19521 16149 633 10196 1236 17896
3198 8819 16151 5147 13468 8238 11528 9655 10609 8297 6082 17170 19354 7008 17681 3561 19784 5121 8263 3967 6631 1450 4496 17066 19097 14860
18236 3775 17695 18306 8097 5821 13684 13820 19662 5434 1310 10754 409 10511 5580 4839 12072 8091 19088 1376 13721 5121 10696 19208 7020 7983
15765 9229 8840 19199 16993 16557 18605 16430 15803 7333 5308 2155 18529 8173 14903 4546 12323 5508 673 3081 1868 1119 18383 1806 16321 15213
792 16134 8598 9284 9038 12491 15687 3902 2876 10180 12360 14264 6450 7706 17274 5035 2261 9476 6761 3318 11458 8822 4483 7246 11729 11519
5221 3399 3432 6445 9944 7715 2147 1351 10891 19727 12365 6993 11960 2513 15040 15327 10879 9587 10889 17102 626 16720 2821 4222 5422 661
864 8120 6694 14154 10145 6067 3497 12309 17239 17190 292 6457 2189 7158 5235 10260 6678 10378 7511 8591 11379 12847 10407 1601 14916 6554
3595 15112 5093 12768 12354 6798 10283 11116 7800 16247 15297 13071 142 15271 11526 15771 11052 1793 14507 12863 19932 19003 15588 15991 9424 1968
16476 15159 7598 3064 9913 5343 14777 6916 8761 5332 17747 9919 12852 222 6168 18509 19602 15729 448 9598 8699 18158 8507 2526 12791 1526
18669 18104 1257 6430 15502 7086 12932 10603 9796 15957 16776 8394 8638 19761 5270 12981 13242 16377 18247 7393 7713 13322 19586 14645 2458 12688
1846 45 6222 11536 6458 3459 1233 15460 6258 1780 5852 10345 1401 16560 8375 6756 6256 13363 17256 2127 18802 5885 8378 1477 4764 451
1936 19395 18161 7069 5736 10738 4590 5649 13239 18987 38 91 19008 10913 16579 874 7052 2613 15795 15203 2427 5596 8840 17006 602 13566
9545 19107 18360 19149 6563 5938 10475 3219 18818 9539 9939 6567 18517 16998 3650 403 9189 6800 7093 7711 17766 6507 16331 10406 13075 19798
15793 3428 12175 2458 15258 8265 15585 1956 660 10895 15679 346 8077 18022 4114 1615 12930 3150 7585 1730 9824 12122 3363 3159 9032 9199
5023 7712 17662 19861 5112 15646 1828 13495 14422 987 400 10848 14236 9772 15991 1693 14458 10430 13927 835 5523 9203 11885 7883 2222 4747
10466 12950 17739 17758 19162 10143 17388 10565 12026 15990 4616 6865 13636 7050 3395 2657 5627 481 699 2714 14882 17306 18666 2406 6083 11766
17279 18223 5678 6009 13652 2482 15142 3558 87 15784 11956 13229 4714 19131 11921 4558 19608 7754 12766 10696 6186 17389 17479 3266 10113 14428
6773 19000 14872 4979 8394 1755 5359 6435 16089 17668 6463 1392 13088 11295 15655 16610 13611 7252 6372 2632 511 5100 16219 19767 7066 16281
8813 12897 4048 16574 2290 3211 11367 5527 6516 14008 10150 13414 8447 17027 8038 12356 13364 1119 1308 6305 12196 13290 10547 13428 9056 14813
12836 5754 4217 14099 11443 11991 18958 12230 16394 14248 1127 12056 4049 10945 1756 6972 11736 5857 18235 19135 9391 16352 18339 5698 13862 12077
12167 996 5463 5999 11764 15402 14620 17697 6294 4015 10516 537 14040 7289 14384 10112 13768 9032 2605 18239 6505 14834 3659 1254 155 17454
18773 7344 7850 1042 19810 16328 10871 6711 6246 3644 934 9808 9197 3096 4370 12145 14744 13887 10791 2033 16647 9955 2751 15199 7294 5222
18538 18968 19200 6874 17152 9585 19285 18787 15394 9394 9190 3241 18071 8317 5281 5817 17246 19468 5454 14056 9894 13015 13045 7599 5488 13501
5618 18418 17786 10819 7996 7132 4878 9426 2452 2469 7842 3777 9991 348 4323 13299 12963 1845 4087 19745 1723 4318 15249 12938 9572 7812
5211 15422 7670 19146 7380 19847 8233 17159 13695 15090 18990 18461 9221 4330 16809 4229 1059 4283 17440 5047 19140 308 16988 8286 17888 17982
5703 1124 11361 15758 17882 6109 7594 10663 6044 6915 5649 18536 16158 8107 4108 6845 1531 16848 10964 8085 13249 14981 8683 5970 3836 1444
2849 1191 9378 16322 1649 3940 10224 19719 12158 11329 7833 6940 8405 6225 5313 11131 9137 10591 11873 1213 2557 6985 5681 12904 15005 6873
405 15183 12992 12385 11417 12158 16140 19655 19728 272 8265 2533 1910 13252 13332 12246 13140 6057 9982 6400 2943 9958 968 13915 1271 15002
188 13227 6649 17865 15599 8395 776 19607 6862 7318 4559 19606 10856 7842 8625 10854 1168 12621 9501 569 15333 845 13931 517 3583 5674
8135 612 13262 19900 14576 5034 2523 7036 6257 13661 18436 18865 11729 12039 2048 7217 6439 3081 4180 19750 9070 11365 10735 13910 8642 13516
11647 7468 2454 14895 7175 9056 336 16681 19640 10439 6199 11769 18811 9968 12263 6463 11499 10575 18114 17972 8780 13332 2936 12353 6245 14705
18920 6450 7093 10665 15697 14392 162 1583 9823 4138 16735 12756 2326 9623 18151 19062 4200 10569 10555 12655 15588 18493 4785 8422 7200 8075
12354 18684 12076 17553 1638 9875 15175 16568 11279 171 4895 15601 16323 628 1064 12812 14275 3525 6715 13921 12184 14114 14764 12592 13925 2062
16357 5977 16825 7009 6090 3264 13915 11838 7204 5894 12620 19127 11647 19600 12122 4627 17602 5217 7655 8408 18032 8105 2343 2598 6632 18446
14319 16127 1255 10533 7211 2459 14078 2765 10463 5971 15650 7724 11595 19389 18767 6520 9281 5480 14841 3683 923 3349 8315 17489 10000 3385
9310 6637 15164 7363 933 13612 2425 11136 15250 14807 14800 18331 7322 14169 9050 12438 19639 2855 18830 13082 12996 3275 3419 11951 11570 11505
12983 15618 15956 6747 7058 4620 6783 3797 454 18794 6035 15957 11263 8250 10187 2930 6883 17966 4618 8282 7814 3137 18655 9799 17136 13643
10549 18944 18201 11687 5083 17164 15047 16563 7463 10250 6799 18151 10772 4205 17795 4508 12951 9232 1213 960 1125 13328 12024 1397 16433 15115
18945 14933 16520 9697 17821 13086 13242 10829 8299 15957 2618 657 4901 10352 2119 11794 1791 1984 12566 10550 7074 4551 14041 7658 9285 11163
159 7369 6971 8684 13253 9854 15416 13287 15978 19471 15273 8647 553 15281 14695 14906 17296 13959 7143 19529 11996 14332 5572 5712 18558 14979
18095 11598 17030 754 7050 3633 12241 1319 14702 2134 10660 3178 2983 17020 11973 7491 2970 10902 4227 7972 11518 7681 8765 8034 16696 12803
19033 1198 472 8521 9176 16333 3811 15938 13499 9169 3171 2022 11271 15989 12038 17590 19695 8662 6572 14040 12541 5566 18571 12082 2288 18424
14591 9237 15393 12064 6620 10814 12606 12089 5583 14590 11867 8215 17881 4189 7253 5227 10890 74 4069 4549 6589 4307 18334 16593 1635 12512
4600 4244 11130 15480 15226 3145 515 12743 4794 12421 2824 19800 4368 2795 16688 8525 9715 4954 18841 10938 3295 18951 14519 2807 16682 401
