365
30 75 69 16 47 77 60 80 74 8 77 1 60 33 70 29 24 91 60 69 70 60 50 81 19 29
4968 17143 12777 496 2098 5223 19369 1402 9871 1016 8828 15491 19488 12701 13989 12942 18904 14569 4395 11977 3193 1175 4455 16216 7110 8453
14292 9864 13800 16621 12644 18809 11498 17501 19171 13355 19144 7614 11035 939 9164 19851 5344 10695 17752 18741 18648 3410 6918 18793 8751 9337
4077 2079 15794 15843 2900 11274 2182 13450 4940 659 9630 13996 13605 3896 1448 19824 1472 12379 19214 10844 18050 9144 16561 7731 1180 10147
237 2522 3542 19653 17549 1028 6467 13367 9555 8630 5118 1390 11135 10283 11802 4532 12379 12345 15086 17041 12654 19518 18325 3361 16614 8889
14129 7786 9866 14334 8461 17076 9928 17970 11105 375 13605 19004 10317 657 12337 19307 4366 1968 10893 15278 11564 11553 19951 9139 16040 726
19312 1984 696 12096 8228 14952 9785 19420 19708 10486 5813 11926 6070 10245 12096 19517 8655 9843 12358 3436 882 18653 4306 10158 16384 7292
8826 7821 10740 6140 14261 3179 3337 19684 10550 10936 7355 14366 5547 2619 11033 7144 18625 14781 8867 7373 3962 1111 17354 6252 10326 18836
6015 9128 11144 2802 11314 19316 4249 13804 9566 16986 8885 15227 11349 13661 9515 13755 18623 13419 1164 13541 5111 6539 152 15641 16716 14232
18313 7277 1059 14964 17007 9471 17821 11176 7453 2230 19289 9404 3932 8012 1477 1151 16786 6503 14086 18905 1617 430 15762 3958 5630 16488
9826 7833 650 17202 17596 13557 1744 3722 11185 4109 8273 17726 15636 2010 11529 7235 6466 4004 17518 3906 5613 7846 8970 4210 245 15974
18707 13116 1636 8893 8134 8801 17277 17028 13860 1670 15495 10587 59 1796 4157 1513 4083 1632 2241 15820 1081 2822 16888 16453 16056 10351
5145 10308 2351 11511 12641 12767 19222 9965 11823 8681 6261 10773 14047 4055 4181 18203 114 12459 2618 18570 5850 1407 12231 15100 19806 17738
12460 1423 14142 1738 12203 16257 10320 13779 13706 15100 587 8030 7164 17558 8850 19329 2345 13922 7354 13954 4271 920 10668 12262 18319 8591
3979 15209 4035 17372 12334 3559 10433 18476 17431 3379 19259 160 15517 4702 7732 12736 1452 17275 3008 18491 3253 12312 5870 769 11189 3974
834 3771 15791 9322 18975 9810 2909 1188 18469 16755 17334 7808 3497 18168 3273 18131 2003 18026 10624 18480 5912 2534 7933 5890 8190 14881
12901 8286 12041 19642 12997 11478 18239 13704 2728 12298 16394 7709 13527 5263 13607 18625 18999 16944 15850 5117 13141 4893 5327 3141 16317 15843
16949 14517 19217 6098 4465 8760 6526 4802 19189 16895 10316 7612 17630 9694 13539 19504 19155 19157 8754 7130 10067 757 8784 15711 12541 6574
5644 18674 11811 7825 10552 15813 4705 13710 15715 19628 6742 15337 19022 18255 909 15771 2371 13115 1502 15315 7523 7693 2269 7122 8328 7932
6213 8474 4504 6133 1204 8356 5561 1475 10270 6005 13870 2980 2815 3865 3035 8656 9560 1183 11687 14822 19015 11031 225 962 10970 10861
14294 12441 15921 2554 6884 19172 16055 12809 4109 17837 10446 3905 9003 2498 14174 3687 14366 17284 8222 3175 17291 12262 12072 14759 9684 8702
3511 11092 18548 17569 17225 3712 16183 16668 11539 1950 9647 18559 5963 4900 5868 12149 14884 4034 3546 18342 4632 10863 19576 13767 18183 9848
6124 14998 15806 10238 5779 2247 3519 5938 18144 17797 18869 12840 11770 3272 8711 8874 12562 1752 4473 1379 15686 16538 8888 8100 16866 11603
10907 13216 14687 17743 2268 11563 16318 3674 4967 8863 19337 3265 3692 18492 3673 6057 6198 18582 13652 12818 4209 19395 19919 4799 13055 6345
17849 17288 5581 18624 5861 6621 8196 12111 9601 985 14576 13344 12554 10352 18107 19105 10145 16312 17336 9810 15862 988 19705 6241 77 3521
7661 16117 5672 17158 15090 6517 6338 17352 6943 1214 16398 14556 3656 18546 9281 5000 4442 15310 2907 1658 836 11793 7648 16579 2550 16338
17658 619 11129 10587 10759 11265 4402 2638 19697 1112 2620 11258 6720 2075 6552 14320 7238 15892 10348 3575 1399 13384 2554 6563 5269 12828
16290 15508 2227 17610 13831 6828 16024 9982 765 15217 14994 13154 14364 5917 14921 1220 8409 12023 12156 14671 17345 11846 19545 13166 7335 88
6848 8476 12112 4701 15072 17492 6399 5213 6857 728 5595 19153 13229 16503 5514 900 4563 3606 19945 5512 14507 16065 6055 1956 734 13209
14680 10415 13360 1076 1674 7839 13215 1282 12996 16162 873 7173 7915 3089 12749 15551 6247 5398 10911 3805 11349 4061 19477 1700 9529 9014
15250 9848 16009 8191 18386 8710 986 11041 11296 10388 3070 1858 14266 2928 19407 119 3433 992 2966 625 5581 16483 1199 15789 1767 6196
16702 10854 6576 15626 11140 15683 11519 1121 12527 9985 19887 12922 2876 9615 6032 13535 3757 16629 12775 17932 10950 17580 13199 5722 12643 18131
11771 6026 11889 13589 14367 7517 14564 15748 11310 8829 5562 16615 19847 12674 15961 1400 5042 5625 752 15300 3014 3181 10488 7771 19683 1849
1578 14742 15284 10935 12127 54 2361 6384 13085 3440 11090 18641 10201 3608 14756 2650 6894 7886 1599 5002 4688 19187 381 3673 7534 9420
6840 7211 18430 16894 13750 16545 19803 10450 17538 6165 15318 5819 2592 1353 3687 19600 786 3322 6529 8356 2810 3573 15244 13078 7299 3566
15911 11339 13200 19762 14601 3635 9563 19477 14539 12432 6749 3831 17667 247 15210 9806 2530 11192 11342 6289 15877 2343 18110 11948 13856 2195
19853 16996 7017 8188 11486 2047 10983 7737 14117 14385 2758 8222 7139 10591 5415 6780 7167 15190 17554 13721 12051 6263 13411 15865 13335 15381
19253 1145 9569 593 6048 3141 926 4937 9643 16499 17021 2010 15469 1329 6383 6794 9043 16113 14168 1232 11298 15341 6446 9414 4684 3386
14551 9808 13470 14543 2541 6737 5020 15968 9317 12288 12208 5286 14132 10221 15176 15535 17234 17762 7294 11787 9450 9345 963 15176 12238 11773
9745 7949 17025 329 468 4308 17395 4886 17558 683 5430 1646 63 6682 15261 11629 11888 18108 1150 16062 6063 7823 432 9070 14167 11084
1679 19775 17891 3074 14746 10211 8576 8101 16338 13704 8531 11125 1442 961 14075 1222 5426 18472 8105 4445 13514 16673 11057 18083 4381 9161
544 5529 1486 558 15919 1980 15075 15318 17076 19747 16883 13579 12158 16987 5596 9625 5994 2416 4573 17926 3328 13374 11531 14552 14905 9123
8374 14828 9274 17360 5089 18914 10318 4576 17104 1237 13496 15911 7553 15038 19185 8958 1002 10371 18825 19586 18014 3802 15977 4103 9170 8770
3357 14260 2485 12166 1102 16868 15958 14674 6392 10203 11331 5935 12560 12995 10361 1615 8876 7019 1241 10378 10400 12862 18192 9238 1164 4309
13676 8199 13544 2597 16226 7528 6553 2606 17244 3772 4050 175 9246 2273 14131 8769 15821 15131 8777 9483 17895 18335 1544 5723 7731 15944
5506 4725 4911 5829 15313 13028 279 4660 12838 1788 5907 5772 10190 6212 4284 4808 1599 17171 4981 17521 7021 12530 3508 14197 12775 5956
861 9200 3423 4302 3771 4759 9667 4158 12569 11548 19781 2521 6290 243 12153 4669 15675 8059 2106 11612 17892 15894 3401 10265 15490 699
11317 17395 14497 18640 13349 15206 17628 17633 10005 14492 4886 17512 14950 12580 6568 19474 9685 5880 9854 5502 10384 8712 6630 4272 1738 19778
1865 13411 5828 3754 18789 456 5175 4014 13218 18642 12261 17210 9015 3031 15185 17707 19034 14456 10677 4795 19348 19673 7160 10589 14949 16593
18470 12239 10424 19367 11745 19694 11272 11185 9397 9751 8839 5975 4036 19728 16410 7251 11174 8146 9253 14244 8744 14840 4255 15658 10961 17413
5763 17317 17076 14468 1689 2270 13678 13942 18017 9542 1944 7745 12507 12583 6921 2451 12013 16842 7033 1813 17979 16189 3854 14126 12765 18363
11846 389 9850 12191 16558 12159 13074 14393 12207 3415 19150 16223 4790 10596 7206 1 12154 2107 6 4571 2672 6852 10506 14259 9272 6450
966 930 17655 10283 17509 14563 11927 6980 14463 11115 19143 3956 16694 12394 7368 15576 4552 10048 9396 18111 6223 3844 5690 19623 2779 14114
919 11510 12543 245 16063 6018 15488 8984 4586 12739 6673 16767 14167 19204 9762 14293 9402 3179 2737 2109 14473 10522 2162 311 10629 15726
13831 3085 10865 13721 19099 7405 10574 6616 12840 2898 1700 16974 870 16676 17161 7845 18805 2794 5897 7609 15360 17663 12977 9326 11267 14941
17313 7424 6631 18778 9783 11230 19268 4354 19068 17418 11941 16975 11628 10317 19159 17228 6670 14649 1962 14182 10226 6354 16171 7080 6020 3394
14968 3923 16424 13013 6945 10335 6110 1235 10714 16343 8090 12593 1867 7758 13150 12023 12753 7321 5820 9337 8215 11325 8629 1731 11147 3642
6803 7222 9954 14489 5666 18508 5514 8044 15826 6852 7058 11952 19967 7612 5759 17389 12918 19609 17679 13911 19587 5807 9889 14494 12268 1834
2575 17574 14979 16061 589 18972 5782 8797 17030 13749 16216 7270 12751 16404 15902 11336 13308 15831 5856 3762 13735 11104 4726 19118 10529 3527
11436 17304 4803 9762 15656 17672 4978 14635 12282 16144 1371 19097 11380 6655 3065 18107 19427 9920 19141 9455 17742 10598 13440 9544 354 13859
18306 11490 13853 15688 12125 18585 5946 8186 9678 6195 18432 12632 3591 10618 18151 5311 10475 15923 5653 17733 12923 15249 6429 13378 18114 18886
11983 3503 1795 19874 15802 6604 5433 16551 5477 3904 3302 18088 17613 3843 12687 18247 16892 10340 13019 8984 2165 15712 9055 10297 7551 8547
3840 6938 3606 15621 12171 14222 4832 8594 12101 6097 8673 18721 16736 6537 7305 8092 8466 11391 11246 3505 3229 4437 2732 7384 14976 10943
3763 10707 4649 5415 1396 16085 8829 16672 4358 12202 14454 14029 16520 18538 18815 14013 14089 8436 9677 17830 8923 19190 12716 5040 1526 1031
5569 14135 48 6925 4296 16544 6797 12206 8422 1425 18240 18470 11733 6641 3866 5192 7125 2418 15879 14016 9459 4896 3825 17827 11036 19784
5280 8489 4482 2843 2618 4525 3124 232 2713 16992 12805 14935 18116 14506 8628 5770 64 2292 9225 13608 5597 223 1070 11029 16981 10741
11855 3329 1450 6927 12729 380 17550 14585 10702 7359 14454 14825 7752 188 11314 7041 7533 5168 13627 12853 3142 12958 10345 18770 3757 17875
19577 7987 9503 3164 812 13306 868 19281 11108 7317 6437 14880 18644 16730 8695 19705 12494 6852 17092 19209 13977 10106 2061 5824 14812 16387
17382 3267 9309 19071 4849 14373 17021 4132 10108 17101 5510 7403 12001 17239 9674 4001 2396 16367 2233 15717 8114 13572 666 379 754 15517
154 1907 16652 15730 438 1570 11286 9710 9985 15487 16102 9845 9994 4349 10125 18455 2902 13296 1436 3724 6276 7781 2735 5194 12828 17396
16661 4551 5390 2709 9861 16791 16744 202 16249 2238 11871 16376 2811 13818 10903 18367 12809 14219 15250 11251 19714 946 10580 10014 15767 8458
15504 8412 6736 11718 3192 8576 15692 13787 15624 6644 11040 19660 1916 7849 19154 1592 13175 7912 12629 5950 10459 3213 5853 16430 14817 8361
14134 13809 18508 18905 11146 12357 14125 1310 11945 12920 11915 12826 8928 17234 7192 4523 7478 6444 19852 1015 13542 3400 19805 13142 15672 15665
12402 16477 16484 18302 14180 6556 15542 12943 1909 18345 5291 718 6369 18559 3191 4518 12980 16801 3797 3998 3414 19486 7026 9601 17999 4215
13832 14257 4757 5165 7063 13833 16311 10343 14513 16841 950 8322 18018 599 19354 11239 10384 18100 12631 7020 3974 9237 6512 2809 6775 12763
7991 7260 10941 7515 3012 10915 18301 9936 7072 17770 6796 18354 13052 54 16627 9768 7865 4761 9104 19186 2317 8203 11269 6674 9526 5073
11289 7086 6552 18279 3817 14885 13993 8227 1842 17475 12946 8700 18950 9441 17233 6570 14780 6687 10195 11447 2904 3496 13822 13062 11306 19444
7796 8223 4069 19919 18857 4004 808 5676 10490 11264 19680 5557 7325 10744 1557 3729 10375 19903 17800 2231 13333 10951 18219 9528 656 15941
14495 14343 5518 15816 27 3943 5578 12105 15705 9111 12531 16896 6482 15099 12298 15505 11848 11992 354 17853 10811 15701 18492 16245 17545 14797
337 15481 2428 9991 6099 7657 17416 3757 5682 5736 8536 10285 2563 11885 17716 144 7249 10917 482 1741 12420 5409 3503 16449 14794 11420
15883 280 15078 14227 17972 2643 3571 2983 2810 6604 3417 9193 2727 10904 937 6907 1618 14426 1233 4039 16731 7022 10690 14584 9953 10541
467 6285 17577 497 7109 19230 14255 4205 11424 14586 17021 17103 13442 15456 4473 9928 9221 2556 7678 5405 17852 10935 14353 12773 7910 17054
17549 10423 9561 11020 11298 5626 9697 12215 2413 6036 12667 9936 19471 14928 13259 16719 14110 7095 3288 11503 247 19685 11945 14440 1792 15013
17359 19718 8250 16227 17529 17138 16097 6287 9775 2859 2385 15892 14513 12967 5386 6632 8599 4356 18397 18892 8582 16 5828 6541 7792 14909
18531 3889 9491 12049 6291 16937 3312 47 10655 14401 9883 16017 19628 1459 10448 9612 5851 15064 19162 18502 16267 10181 17002 15600 11245 7884
2109 6609 18116 1154 11910 17583 2429 11384 225 5868 1238 15526 5173 10704 3078 5596 11946 19029 7815 15615 16673 17628 2032 372 17870 7498
10448 4649 18703 9366 18338 8163 11453 11438 18985 12341 4881 14885 14046 13271 1897 15188 13204 731 2642 8746 13733 10012 11960 4036 262 5910
3120 13344 1441 12984 13870 8190 2537 14230 1393 8697 12078 6019 14068 11409 13539 670 7668 19606 11681 16640 7625 12557 12120 11644 9432 5211
7483 11908 2 8022 5148 15913 8620 6389 4503 18683 15537 17337 19220 14501 5412 13262 8382 12503 18773 12846 3022 6762 12373 3472 6904 18820
11864 11681 8497 9928 12393 18371 14271 5042 11273 16933 2472 9357 10557 19720 9116 6364 6331 13050 6995 7079 17144 7646 12233 19298 8634 14705
8079 3874 3642 16823 18713 633 18994 13534 1026 17915 19144 10180 10218 11689 4108 17219 4325 8446 5661 15494 12609 8555 17157 7866 5291 19231
15737 2728 6352 11630 394 18518 15984 1941 18302 13819 14183 3800 12828 10304 13465 9870 11646 19194 13135 2542 15211 6373 2328 8292 14345 3774
8685 17830 2237 7693 19331 17695 11407 9107 8119 18984 10563 13351 1605 2467 18802 55 4833 6431 7381 3479 6573 11626 5549 17477 2821 5533
12935 16492 14921 763 3413 10611 6788 12516 13596 7279 3570 1509 2891 2221 18384 9934 6456 5997 14573 6030 2859 11481 2373 15927 16386 5032
4648 7751 7388 15890 9100 13252 1984 7563 9848 11606 2265 5641 5225 849 14703 3610 7745 3547 5682 4391 18187 10367 6931 18264 13948 797
9653 2936 14348 8180 16455 15102 7745 3966 13294 18890 19838 5252 7413 17281 8764 3202 4111 15353 13379 874 19731 12645 3731 7684 17825 13725
5400 2909 2506 15515 977 5759 7764 10603 19894 10885 15407 15045 9569 2510 3566 11768 19409 18761 2028 676 11756 10354 1155 2232 5883 8488
3915 894 9217 15393 223 13805 12595 1642 8250 11259 5112 17923 11535 6690 2210 10501 18981 9812 17906 12422 5089 12765 8397 2705 19162 6984
16044 16681 2944 12751 10034 2344 17243 17928 10326 8086 6397 7244 16970 19035 12894 15192 9520 4700 5017 18479 83 7903 5650 16584 14852 12204
13576 19390 13041 14372 16817 18420 9885 13281 17477 12467 9943 2570 19812 10340 3474 2615 12608 19994 13852 8512 15216 9734 3173 7573 14876 18672
19998 15840 5320 3544 19138 12430 16244 6930 14336 9775 679 19143 9458 9561 2414 4499 19405 6153 1396 1378 15674 13475 17034 12733 12295 14102
472 5044 156 12346 13470 14751 3438 8006 5823 5787 12224 3698 18678 11544 11377 811 10144 11900 1624 19235 9147 16079 10792 90 6699 12409
1176 8260 252 2702 8159 10540 19037 15574 2278 15676 13048 250 12339 624 9907 14810 18244 4475 13204 8112 4997 14255 16385 3124 2233 2415
3804 8101 609 8096 10584 10253 14620 18082 1522 13539 7422 2462 11161 3650 15595 7982 12501 5700 10352 5615 11754 12219 18261 10907 3321 5856
14500 2773 11212 5785 11502 7402 3067 4280 15389 18172 9979 15202 17052 9517 16461 3250 13024 2167 6279 3402 2400 18479 7901 8246 10364 6610
5676 5601 18752 17214 3594 5117 6439 11260 10566 7759 2482 5682 13109 351 8056 9211 10118 1559 12203 14882 12138 10894 17608 9926 11028 18835
14457 18599 3245 11074 6383 8531 18958 15820 7403 18562 14637 10002 6482 12021 3467 15606 3827 16737 16307 5975 11114 4879 1651 10893 2009 8975
95 7703 9974 12113 8533 5865 19731 14538 4222 4866 10326 17122 11961 19505 17613 16899 7091 10173 10546 13913 2650 13639 7637 18747 4069 8378
18640 3551 4487 16883 557 15987 14390 8483 10524 9251 6844 9356 13085 2540 568 3886 13977 2889 17280 4743 19717 5265 16578 14845 7888 8955
10781 14035 1864 12905 7860 348 12342 16574 18187 8965 9268 8370 5147 11525 583 7260 2570 5671 4147 7063 19915 2455 13651 279 14517 13411
17086 15489 7870 3019 10726 16551 8457 16866 11373 849 6965 19177 7902 18360 19771 19447 14599 19713 15455 748 16317 15160 11205 5483 11061 2858
11483 803 8233 14326 17445 14409 10253 12281 19462 3203 962 18898 18006 8346 4694 17319 3113 9594 14571 9631 14668 16013 2765 16836 9170 9706
1726 11718 14077 9077 7350 11230 5056 7853 15606 6660 18257 12214 2059 499 728 18185 16038 19587 13946 9239 19075 13004 19751 12343 8911 12067
14888 19317 1713 16841 13892 16456 3258 6014 19182 8151 4980 10273 11446 2086 6307 9326 16457 17078 13067 8475 11503 10570 7097 225 16533 603
19657 14778 2919 10366 19352 10080 14176 3583 4300 19006 4052 11312 3644 5752 4236 19127 6264 18207 6182 15065 15977 9970 6810 17887 10401 19323
10034 11573 11598 18862 17540 6396 12265 11875 4169 9398 9086 6241 13721 19652 11812 15201 15035 3205 2672 476 14057 14411 14816 19867 17210 14579
11690 9592 15265 11773 1025 8385 5209 3936 1636 2817 1558 9316 12248 14779 17363 15156 19250 10442 142 19 6698 10154 19008 14873 9950 18456
12330 7605 19737 10510 13057 11746 6592 16238 7771 6241 16479 6941 4252 2192 8631 14966 9742 4358 16659 15481 4086 13781 12391 15322 9523 7751
1473 15929 2966 8502 2449 7839 12294 753 14543 4378 12645 1663 3656 16319 15483 14064 10887 1093 19589 10238 3958 435 19878 8935 19329 11727
9018 8129 3103 18344 11737 16908 19364 2307 15576 8360 18149 2519 12328 17578 14525 2939 81 10148 10552 10890 10299 13235 19582 4520 9892 11990
9096 19975 8183 17314 14942 3669 5089 16726 11643 18611 8095 12204 19415 2802 18587 11767 6769 9940 6150 17360 5051 754 2815 17257 18418 16642
12839 17701 19922 3790 19609 1810 6735 18215 16136 13637 19655 11489 11942 7790 18737 13130 2456 13357 12300 6470 7147 12645 15542 6569 13 12186
12144 1401 2032 11199 10443 3552 6826 17177 15241 6224 8786 19167 10565 18051 11841 11429 13899 14332 16777 19553 13253 6092 12305 8451 17874 12936
16254 9669 631 2384 14440 17859 17901 3310 3239 3704 12243 16061 8416 19404 8919 6976 18484 3185 15664 19147 15799 17804 16477 9451 16136 18824
711 305 6174 7853 13928 11982 14614 18944 4963 10316 17196 9441 12231 6462 5450 8647 9 16441 13461 2951 2317 19898 5951 12742 10652 7379
12947 1243 1307 8489 7947 1477 10930 18853 17843 3544 2463 9341 19867 11022 6973 15448 3467 15408 8834 16640 2526 6539 1300 5187 7085 17603
19714 17245 13026 2366 3328 1006 12640 14354 867 8970 15565 7357 4745 11861 14491 10719 14946 9001 16876 12037 13315 12852 1683 13116 14939 18670
3177 18321 12088 4207 726 8822 6644 5912 2855 8703 4571 15834 7938 16997 19295 8819 4081 17433 5508 9306 5695 16615 696 19554 9657 15962
17905 6610 12883 16658 679 15446 6492 8496 14900 2555 14828 12300 9699 11177 16117 17310 7147 12188 3839 7457 2720 2934 16803 2124 6730 16563
19773 14191 3224 7043 7837 5881 18610 5535 10191 2439 5877 9230 9954 4913 14813 12072 1552 1334 6185 11530 18594 14763 11009 17791 9947 12337
16788 1207 17997 768 11446 107 13062 13235 2689 5730 5486 4667 4339 11927 8883 2633 3362 5752 14880 7686 19227 12717 3346 1286 9147 6627
14516 19527 19374 9799 18604 19630 1393 8014 8880 15021 15149 5764 10305 18068 5842 18631 6279 19770 13124 6030 14001 3805 16529 17475 17268 14781
10035 5203 7217 7525 15470 16526 6629 1337 19170 6062 7486 13250 9092 10792 10000 9598 7667 855 9469 6489 9442 17461 11793 16849 17444 13836
12295 17893 10400 7498 14736 13081 6306 11773 5082 11513 1624 9748 2201 8407 15231 3739 3679 7099 4628 19990 11066 6209 7150 920 9209 10069
19221 6868 697 12758 4964 1527 10037 10937 11221 5753 14388 12204 16581 8535 7239 6139 8466 4095 5656 16352 11645 18511 12097 14328 14489 12461
11982 11177 5481 1277 12367 15442 9962 12676 17745 2452 5545 19595 14712 17997 1722 2436 5623 9632 7271 4655 9557 4759 10046 6101 19656 9281
11788 11673 2127 10797 5474 13956 10366 18356 18597 9138 1133 15405 13778 18201 19332 15100 9703 3518 5824 1258 13534 5329 19651 15961 13287 9601
3874 7279 3970 17615 7510 19538 11085 2596 12806 13603 8352 4889 17294 6342 1382 19638 9534 16321 17442 3554 16022 17971 8449 1903 17662 7174
4631 2657 14042 17595 1055 19042 9511 8493 9278 4579 10375 729 7381 4439 8182 16224 16678 14294 1948 17864 4946 11552 18993 19404 15095 2915
14083 3083 14908 8169 7651 8883 6961 18295 3135 362 5385 11659 2337 68 10487 14385 3196 5801 4906 8009 10018 4735 12297 9287 18512 16508
6641 4401 19196 18363 6408 2030 3562 13523 7894 17864 2116 16247 4979 7635 14757 4343 3293 17543 9955 14222 1487 806 18566 793 1532 7961
12242 981 8488 234 3868 16195 14416 19874 19527 3738 8061 13276 1623 5870 13163 2894 15451 16467 1647 6134 8298 8729 7748 9420 15490 12078
19310 10486 14635 18541 17793 779 14003 15483 12936 19205 14818 16615 18588 16170 9903 2367 12084 19988 4328 13501 6346 5491 15425 8804 18491 8695
14370 16755 11965 16251 14046 229 790 2058 6397 12260 18117 19828 12510 4914 518 17599 7978 5294 6396 3919 7465 9455 19225 5902 621 16103
16899 8058 3649 17790 1737 16524 8123 19520 7685 5331 5687 19263 10348 16695 8422 359 19458 2987 3923 10115 7896 13752 16577 9724 4480 8463
16808 15291 10517 12962 14476 3827 7175 13831 971 5761 2356 4261 15776 6860 3915 16549 3397 17789 14515 15607 2882 12087 16275 1347 14322 2347
5818 13619 1041 5850 13550 11726 5648 2570 13812 13111 2589 11677 19839 18756 11499 6924 17451 10762 10931 16378 11851 14011 2919 221 6092 13916
5260 14577 14580 3694 12857 4744 11697 18270 2426 15061 11979 14683 9746 921 9827 17578 9119 9438 8742 14150 11210 2813 14743 6389 14682 378
3103 13816 11295 7470 16389 8341 233 8871 7035 13464 812 10431 14910 8623 3290 18603 7239 8386 17858 9405 792 17030 3918 11432 5114 12112
905 9302 6123 5952 6301 945 19436 12335 1352 17511 2697 10846 18653 3594 1517 1201 10519 8842 15769 14642 2926 6778 8945 15403 14611 6097
9973 15812 16586 6696 4854 12983 15071 17042 2807 18598 8882 15527 15093 15125 3385 4436 18343 18238 13457 15064 12104 14853 19547 12132 11824 8899
19584 7629 12003 6614 6980 6879 15599 174 11577 18375 16660 6045 9928 1708 7935 1129 378 2980 13709 11492 16758 11673 19657 7923 9826 9340
14228 12294 4762 5524 16820 19480 9061 476 7554 14113 9335 984 15367 15197 10175 2089 12959 18643 14320 18231 19735 5589 1741 14958 4907 15740
17529 16031 11131 1888 6230 18141 10686 3911 12002 6012 13873 8190 694 18437 19459 8247 6466 17292 7808 8597 13398 11836 3827 239 7871 602
13049 7988 5361 1338 16765 6997 5365 14081 7775 14242 18149 10423 2538 50 3775 7413 9102 8053 2087 18530 16434 4243 2001 13977 17011 6471
7652 11703 13822 1853 20 2189 7895 1200 2450 16369 18362 4915 8981 4028 13592 16239 1011 11708 2561 18261 15495 3037 19945 17140 19180 3547
10397 248 10513 3621 11295 4336 6883 9486 9876 6834 13779 10773 11009 10574 16578 15432 19803 8096 3885 5104 13317 2662 6950 12111 1029 5996
6863 1387 7927 8958 4058 19013 4218 5657 11761 13592 3983 12530 14630 12592 10629 9552 2448 15266 8264 11666 346 4893 14231 2210 16638 3491
3855 8422 12585 10897 16222 7114 2417 1617 761 5845 1001 18657 9656 5084 2692 13939 18970 2303 10003 16677 13429 18622 14453 16351 17753 10356
17872 1403 14673 19246 9904 5486 803 17438 1234 3088 9298 13702 5765 5913 11940 19344 11202 9621 5132 10901 17933 14056 11593 4003 16738 16000
4653 11027 18653 19406 194 11514 15962 7013 9518 13818 7607 14853 5534 3125 9424 16457 15350 4114 3984 12795 1544 4688 13320 3996 15089 2346
10 2607 10734 6149 1873 9741 11417 12323 14071 13791 17721 3179 3642 1327 6336 13171 9357 4358 14256 9584 18639 4655 2128 8044 10870 5816
1993 849 6238 364 5221 8432 12915 7537 10648 18830 11182 18627 3998 11568 9107 5913 987 15760 13063 12376 16181 16916 2066 10174 13096 10561
17923 2555 4259 15523 1816 9621 753 13104 10075 12252 18185 11489 9034 17595 13807 2495 15835 8567 9055 8150 190 10072 16892 18531 10255 17751
4195 9752 6499 4498 12309 17199 17004 19750 1922 8404 319 15271 10918 12309 9037 12160 13310 13705 19971 13574 14789 11075 13378 7370 3295 12653
6032 17372 14345 16963 7592 4441 17445 7079 4865 16216 3891 2961 16123 12408 18837 37 16515 9200 17004 7472 15559 4827 14001 8964 10439 5158
8350 4611 703 19982 8979 8593 3827 7553 10500 9366 11973 15588 7734 1536 6164 12768 8999 10249 3639 4564 19031 15686 15996 2403 12436 12800
15604 7857 4816 6555 19387 17893 11612 7243 12195 10806 4705 1423 10193 8963 6002 5173 1564 273 9147 10581 11203 7347 7188 2458 10424 10414
12294 13966 9512 4225 3251 11943 1247 18224 559 10059 9909 342 14430 13034 9724 12002 19901 17970 7226 13338 7862 19748 13064 7579 17382 7212
18751 8345 17022 14360 10068 12714 2791 7086 19103 10882 448 15727 11425 18204 11385 8130 7597 19767 9404 1815 12013 2128 15499 11074 6548 11880
4215 3266 7372 18740 15075 7810 10008 2145 12669 12075 15213 14900 7631 17858 11396 743 9416 18649 5744 18552 16610 2586 7468 11100 6290 7862
17639 108 12445 6570 17350 3187 626 19489 16816 8524 7031 2572 14905 1191 345 4110 19220 8581 10209 5154 12533 11621 2859 10263 18334 9868
6739 6584 6204 15479 18043 13839 13333 13139 7553 2157 4756 14521 963 12912 4942 15646 11637 4362 3226 7214 13495 3953 6296 10454 1493 10945
5327 7440 340 2606 8470 18893 15976 10617 12620 15193 16725 14011 15836 9977 11652 7805 6160 3122 14301 18591 4557 15299 15214 8780 13659 2637
9742 8834 3469 6202 8914 5547 15773 11211 10275 115 17852 7197 5025 3009 12776 3725 4938 1985 12174 444 8421 16873 7389 16546 1309 10076
9776 18016 6128 6552 13462 1157 15845 11427 7847 13460 3627 18462 12382 2495 10201 8590 7292 10907 19998 11019 669 4815 17930 3126 11408 2613
15325 14514 5869 10533 15850 9598 17843 4429 4044 5679 444 3836 10536 10806 6099 10474 13515 13689 8021 2026 10804 15486 4984 1055 12973 4961
225 19104 14510 11656 13270 17224 836 18206 19035 8165 14398 14953 7961 2766 2511 401 6375 5395 10964 10205 7475 9193 18492 11990 12167 19141
13996 5763 18850 8684 7398 756 13958 805 2380 584 6656 9648 7212 18913 19950 7217 11714 2995 16284 565 1816 433 10394 4438 11018 5106
7490 17938 12108 4207 4934 4452 18988 9194 8286 17525 9336 326 6387 8859 5893 10763 9589 77 6916 3500 4244 13907 15000 14246 1149 17305
13867 6896 11767 688 4917 9865 13356 9981 9950 16780 8333 18149 11190 17027 19963 18948 16365 9836 2714 2185 4543 19197 10549 6948 11817 1625
13344 7353 5499 4592 3127 9881 7547 10491 9606 10839 7463 6457 18465 340 18468 528 17508 11452 17652 16763 12542 2973 14226 6978 3209 17343
1937 16436 8342 17012 5702 14192 175 16305 3466 11026 17723 848 4553 335 12754 1813 13260 6772 7969 15848 4443 15793 15213 1445 15642 6772
2779 12709 5036 14104 10355 13976 2005 8355 11273 6819 12748 1065 11116 815 5868 15076 12423 12632 9573 9622 8721 10138 2926 2467 13405 15438
13418 2936 17420 12148 12538 4227 13559 13027 12632 6849 495 13075 2247 12806 3765 15227 10574 9470 6145 1619 19153 16121 2194 13224 15879 9691
933 5211 16220 7198 17333 14974 6483 9735 7498 5226 16283 12258 16415 19455 19009 18636 7269 9317 12427 12652 195 10603 18510 4165 13162 5369
436 14927 13995 1994 7390 16974 13797 3099 17109 3277 17637 17856 16736 10786 8515 3677 13143 7485 4990 10357 18505 1993 12053 11700 18600 3828
10914 8030 675 14089 7866 6383 8377 19958 6281 2028 6358 1512 4785 17363 10077 4707 3491 18483 11781 10080 18191 8495 17898 5420 14303 11529
2012 12513 13718 16696 18555 11658 396 5271 1246 15066 4211 12974 14551 6839 18306 8507 17769 2737 16523 3338 119 17164 17874 9401 17963 15672
13301 12082 17994 7587 5626 17742 10119 18189 9770 15982 5081 37 4242 14973 1077 7803 17965 2196 1547 6985 540 5697 16615 16003 11406 12629
15651 3207 15639 11628 13218 11696 13828 9873 3282 16829 11416 14998 1811 2149 15481 13219 6929 17496 18432 11926 12879 16483 9772 2782 10415 16548
2734 12550 7242 5233 18371 14146 17046 15681 5409 10473 15895 7563 11141 5484 9955 17499 6256 11125 3844 8831 2638 18780 17328 6115 13289 14376
6682 4241 10739 19662 9460 16837 7413 1595 1397 6996 8666 17751 19908 8518 10969 17657 11924 10840 3020 8343 440 6419 15329 18986 8996 13236
4738 894 3112 3919 16623 12948 17559 15890 14167 3615 15081 2263 7538 3026 11209 600 8590 16215 11890 10469 3802 4229 16681 19396 15482 16072
16778 11673 16442 8201 17490 11219 4945 6820 18572 9274 9324 19414 4107 18243 7346 4740 7008 12456 3025 13864 13714 16048 7491 17089 8347 18746
10889 7338 5284 16967 14453 19637 18633 8925 4467 2846 9661 7919 6925 7432 7415 301 8182 726 2257 17492 6581 12847 8370 19336 11867 8479
19535 5241 7940 13368 12829 19231 11606 16075 11862 10371 12213 10386 6156 7202 3781 3674 5493 14580 2921 15741 12027 5364 9266 1216 9506 19767
5228 8824 18711 17472 16753 11064 1288 19290 10554 19233 6905 10810 2480 11257 16008 9719 13845 11720 148 4006 16796 13230 1195 16449 17751 17420
2548 5250 2893 8390 9817 7176 17250 13700 5733 16443 373 8068 17963 7642 14444 10520 7185 6737 14751 8646 1769 9779 13679 3612 10134 556
18487 3031 1543 10922 15360 17443 15651 16291 882 11242 2411 8601 3660 3052 8465 3631 15495 1830 4893 11547 382 12343 1083 9932 14149 15905
11362 14160 6883 9911 17291 13585 16307 11004 11731 14819 5424 19254 5623 6276 3641 14000 6189 19638 7726 10904 7247 18320 3356 13485 5663 16757
3339 14377 49 15335 4504 1314 11478 3542 1414 16990 6607 4727 6009 12119 17825 13789 4158 17291 12560 11872 15907 19860 1161 3463 3772 14935
4196 15534 4367 17648 17152 5655 4704 13398 10337 12517 18297 5136 12419 19290 1987 10696 18483 19953 6403 4765 3466 10743 13408 3206 4453 4113
16665 17188 827 8800 9468 10274 8256 10916 19639 851 6567 7638 1625 12411 18104 18587 17855 16977 9144 3063 3531 15010 17638 1091 3458 12314
15182 3549 19807 14516 12679 2329 7034 6199 14878 8042 11457 11033 15948 12270 5351 10330 6725 4035 19741 875 12741 1462 12021 17784 12365 1330
16470 3913 6790 4303 16288 15203 1554 9409 15595 10963 8144 9425 12002 11501 3569 8378 18459 2157 6501 11442 4898 11497 9316 6584 19109 14806
3980 8307 1740 9291 8784 2558 14413 3891 15785 17715 8561 15599 10333 14459 10145 12127 14179 12359 11853 4808 14542 10108 9530 7481 5166 7301
12960 3675 10348 14239 9972 2724 7926 4021 16152 5389 4054 3942 16735 13871 15674 1369 7444 16571 10145 14067 16911 6341 3547 9925 10124 7842
11875 19790 13041 8426 1062 10643 7869 7796 13862 10916 14735 10861 9178 13498 5375 1480 17903 9514 18610 14383 7939 14456 10655 4176 5324 17254
11295 9195 7680 18097 5434 245 10712 8014 5919 6602 5439 10383 1423 5535 17068 18522 2301 425 6125 12529 6326 10456 15367 446 16708 1242
1625 14718 14569 15877 8602 11625 12345 15723 4689 7017 17651 762 17425 375 1607 5085 12799 5651 3197 8385 853 19810 5487 2528 17291 17923
5474 9958 1895 16230 6182 8448 1373 15439 8259 6364 2525 12195 8602 14747 15330 10852 3218 3565 19168 9972 7997 13994 13021 10463 1699 5713
13834 19313 14033 3401 4937 11397 4870 2712 1381 16165 18454 7836 8839 13804 1073 5328 7358 18942 9935 6843 4571 15295 19484 8863 4215 241
13004 10317 4129 15518 16176 11223 7966 13 9241 10455 919 4402 9995 776 13473 8091 4874 19584 8321 16075 16665 12756 4576 2474 18540 1962
14576 19376 3336 17790 17628 18468 5122 1149 8484 16268 18419 13208 18153 5698 1972 3057 11565 10907 15224 5316 16008 8218 11790 2287 11778 6990
18494 17597 12020 3646 15707 16360 9731 2045 18948 13032 13474 6489 7162 13148 9145 6050 10713 9247 11751 13738 831 6226 12772 2920 7100 9609
6788 16314 16805 11387 1090 18407 1954 13246 13423 7908 13528 4413 2565 8889 16727 16530 11511 5673 16955 9037 15724 2131 8620 18530 5355 2216
16905 2944 8036 15221 18850 9623 11433 15345 17530 5793 14858 7394 19043 17975 1472 14110 1865 15611 8906 13804 1582 7194 18692 12977 18817 8249
10477 853 3514 8052 6422 7081 9355 15454 3794 3143 559 14153 5105 18755 18044 11402 16137 12917 7457 5998 7894 786 17184 4302 2895 4665
5124 4385 16700 968 5267 17662 15171 19875 5598 279 3174 189 8875 12271 14793 13690 8433 10414 9267 6939 12234 7640 17896 8157 8403 2122
9950 19096 11810 507 9597 5192 18429 13876 9479 19168 14949 4117 13504 11777 18731 8401 15007 18545 235 14439 18650 6611 7275 12964 6383 11146
10704 10365 12362 16534 12888 10746 4301 10683 1502 1477 17910 17970 19097 11213 19852 13419 15356 9724 8161 8561 5840 19626 1914 3555 6773 7838
12998 14986 705 7569 8449 1211 9941 4594 14185 18040 19244 17860 9082 5928 3596 18633 7084 5839 3161 9045 108 11453 11896 5772 8267 962
6062 17162 16385 7988 1431 9684 17485 13576 12182 9906 14572 18194 13193 10759 14294 18209 5825 9056 7276 14585 1677 17753 5559 19386 5092 17047
9043 13191 9632 6370 1294 16665 5819 12452 8742 8711 7637 2762 5942 18237 11908 12298 6700 5236 6946 4916 16935 6490 3712 18475 1762 2728
14257 10467 4244 281 14687 13631 13801 9657 15803 7983 4786 492 16406 12039 1759 19430 9678 9119 10136 16 17484 14508 1431 16406 19158 11014
3798 7430 1821 18971 19477 8806 11002 8751 16394 16104 11798 9038 5407 18860 6765 9174 9119 7440 3795 4237 2461 799 15038 1609 6337 11380
6329 425 1552 6462 1748 4577 4531 10490 14197 13513 6003 12954 4023 14783 1740 18682 7014 2111 593 6544 11574 6046 14664 2950 5068 8929
17253 3771 9791 14770 10753 2904 13651 18206 4033 46 16013 16087 14320 4520 10062 14393 74 7326 214 11061 5968 19260 13171 10010 11603 7473
16481 16147 4688 11625 2990 58 16451 16965 2472 16961 2027 5865 15013 15624 1642 954 17997 9619 3236 19265 5632 1809 6803 15549 5624 16087
18920 9226 16162 14465 2382 12939 10802 19759 10574 13862 17622 16897 9047 13947 8096 12505 10869 11153 19795 1849 13605 915 13832 14228 7398 18891
13714 17889 9156 15995 9302 8133 322 16057 4880 18203 11252 12477 5310 12417 8767 11569 25 11007 5541 6319 9199 15423 14948 1971 12180 3661
16488 851 15350 13896 16883 13096 7295 19850 6270 17545 17682 4558 4874 14833 9924 5034 17161 6844 12747 3553 6055 10836 2405 17923 18415 12716
11413 8222 3655 5955 15645 9199 2325 16376 13842 8634 62 4035 5106 15448 9127 12954 18942 5164 385 17936 8923 12950 11280 19421 16465 15333
15047 15253 1393 2058 2242 6242 7095 3066 16119 9042 16218 8328 11319 13385 13852 17679 17027 13666 15436 18970 13793 14910 1591 13384 329 9313
1675 3932 14892 5957 4690 6407 5687 13198 11685 15792 4057 16763 15710 9071 8735 15529 1829 15021 1707 17471 16628 2041 7993 12940 16214 3645
7204 5436 9035 4734 15982 5095 11625 4382 4926 4700 15976 4717 10213 1572 2977 447 12078 9436 9242 16847 6247 186 15262 17278 10686 2139
7338 8593 13227 16450 15677 12657 1718 19024 686 7577 6364 5998 6520 4658 18211 5310 19367 19181 2448 2046 18231 14074 900 14259 14878 12355
9328 11465 2293 2074 19339 5525 5797 17983 11935 7561 1400 4702 4416 17858 1044 13622 18712 3357 13815 11371 10695 7666 6316 19414 3163 18200
13565 2958 17963 18404 4287 5377 10141 1695 9565 7468 3910 18381 7265 15151 9779 15756 8995 8769 6311 18056 6697 2387 9375 8719 10935 3714
1169 2684 119 7241 9020 9253 3078 515 13097 14909 12207 4476 14610 10725 10334 15196 13186 16019 3102 12186 18007 10926 17957 5834 17611 3456
4444 15834 5979 18625 16413 4760 14840 8884 668 10490 11707 12925 12955 17830 3469 7527 15070 1626 13353 8427 7748 3655 1460 10655 11357 11153
15779 1829 909 10773 1316 18027 11002 5057 4076 8255 7169 16436 1955 18380 1227 6205 4997 4750 4703 3490 1787 8783 1596 2 3827 5098
526 13545 1603 11137 9433 3911 13164 15364 6016 6314 2558 16630 2867 7825 11322 16180 3881 13508 19913 7486 18628 9901 15103 8705 8324 15894
13473 1858 16441 9679 15285 13806 5663 2779 3032 18743 16910 9962 18801 3383 17846 8208 12115 14481 9942 7136 17675 4563 6196 5441 6320 739
10799 6856 3657 4247 14095 551 12685 16125 5562 1833 16176 17763 4963 12008 2073 11366 12977 12344 12216 9017 5967 18821 16462 4378 17205 19330
16129 7836 6166 15491 12734 9434 5062 4008 18988 15054 16532 13924 11859 2049 3392 18463 2803 14838 5162 15826 10108 4093 10675 19713 2042 9694
17533 6872 9840 7586 11244 18607 1745 6456 18172 5767 7563 706 10810 14070 13324 10135 13443 1063 16638 2131 8517 16532 2695 8788 18620 15265
8485 14160 15121 7594 19113 18058 15847 19023 12959 2323 11382 12966 1291 6478 18513 19982 608 18992 5884 11477 10647 6101 16257 17637 17244 16490
18442 2151 9629 17279 7296 17396 11893 15820 7223 15713 2178 12448 4146 11433 5349 8362 8579 15158 19679 17097 4326 9256 14268 9194 11372 17375
11885 1752 8757 8626 262 16732 6715 18515 13426 13596 3147 16490 5409 2124 5816 13469 2721 18474 10776 871 14400 10761 4337 17516 11152 17715
7663 1887 12213 16753 6773 7425 13754 267 12228 6753 6577 8390 15521 2040 13024 8798 4703 12790 14136 19458 6538 9673 911 17248 437 9187
2254 3525 7926 12488 6210 11842 4124 946 16702 17025 528 1553 1824 5743 6374 14776 15701 11499 727 16051 14066 8333 7554 15374 10408 18322
10317 6124 12646 17241 15497 13828 7575 2865 9190 18169 11364 6736 9283 17438 1314 10077 5778 16296 16599 1999 7313 4564 16575 3035 15460 17898
14555 12186 5437 10784 14029 5920 10980 8109 2349 628 2470 9826 18060 9622 117 19347 219 12316 5432 2280 3429 12022 778 4319 11960 11881
11135 18837 19289 11309 4111 12115 3037 14167 7966 16151 14465 11052 13772 12908 16394 8144 13699 15752 12473 15618 18161 15970 10801 19460 11659 11832
15889 18527 5242 13760 10887 3650 14090 18840 17220 7657 18339 16475 37 9566 16394 17776 11552 15021 13349 10194 9600 17229 11667 6957 13853 11309
17961 1249 14559 14446 2045 18698 9173 2845 8940 14981 5476 3360 7016 4896 17888 3819 1728 14816 11286 4603 6589 16566 2611 17619 9944 14173
13107 18082 10582 15895 9042 16638 5965 4946 16401 7600 290 10906 19236 670 17139 14951 6636 8073 8621 12088 14750 5461 14457 12124 16308 9667
2284 18197 14435 9882 12732 16260 18034 10007 6283 9646 11674 12058 19880 7639 2231 1780 8894 17583 14701 10666 13136 12255 11364 3465 9884 8636
6264 15498 12554 4539 6987 3833 14518 16197 8599 4358 15083 1083 9255 17581 516 15530 17658 12516 7529 15470 3139 12609 2777 3312 4622 19906
6591 13252 18092 4532 10163 5297 17775 14608 12656 6798 18219 3145 13903 18779 19859 12306 3167 16703 11948 7961 2773 13712 1028 9972 7008 16498
9183 2358 8214 12053 11314 5598 9089 14209 16351 15514 12467 13773 4686 2023 12339 134 573 2283 581 14644 9606 15766 17566 10420 8581 19771
1386 14288 3727 12737 4486 753 19697 18912 9792 7220 15122 10107 15299 1014 17945 5092 10704 7902 4441 5415 18913 14296 745 1720 1453 103
16446 11558 13901 18463 11764 522 18432 12448 14630 14743 2678 6067 3644 10658 5821 14053 6830 6089 16856 10094 16886 286 19 2687 13109 4866
11567 7437 11118 8744 3555 114 8618 349 12683 1097 2219 5753 3916 18172 4872 10064 9714 10972 16661 9184 12745 16287 13223 16310 19220 4716
404 15067 5543 14516 4392 6854 12009 15289 4349 11734 2513 18310 19299 8892 320 13277 10955 10369 18415 11836 17991 14428 18965 480 5505 17883
15663 6373 8963 13126 10877 15187 1360 8002 13966 14711 11990 12342 15184 174 13345 19382 5900 1832 7064 9994 9457 4441 15766 17014 6810 13908
556 10861 935 15737 8657 1867 1052 4306 15839 8679 12729 10956 12955 2875 10026 3412 6884 14030 1762 12230 10083 1117 13557 7506 9931 12747
3495 11951 1611 10462 18432 4391 11230 381 4175 10865 3295 10876 16762 6907 12551 4191 3418 2092 8196 19907 11823 17447 7918 2588 8472 613
9937 19122 6528 18376 3893 13456 11782 13939 3129 16521 16548 7631 100 14812 2913 15049 11979 6628 12045 1751 382 19693 8920 17940 15379 4631
14158 10688 7503 15793 700 16675 13386 14056 2473 9457 15892 8378 1218 5825 11552 17693 7235 12919 15221 19771 2302 13072 15789 2081 7907 10870
15676 8761 19521 19227 1198 12950 648 644 14838 6717 1142 10203 461 19331 11582 7995 10419 13423 13575 9000 453 17162 7064 18504 10339 10592
13780 14708 892 4929 4451 399 7099 18311 6751 12617 5953 18389 12793 5333 1455 16269 3222 13752 12314 6925 3083 7678 17551 17905 658 5436
9534 13476 633 4357 1141 14678 10806 4010 13859 6743 19239 17564 15942 10675 1379 6555 5677 15072 7979 16337 18754 7546 5493 2942 14981 1143
17412 4663 2351 5710 13972 14872 17065 1340 8909 7705 18644 862 10423 4817 2860 16859 10558 7876 1474 19492 8769 14553 7458 120 16816 6687
12940 16148 2604 7831 10031 13916 11727 16988 15596 14757 14103 11769 7226 16561 3674 19201 5548 10314 7497 4415 12139 17477 6118 1981 18044 17581
13597 6224 7506 780 13679 3400 14449 10071 7074 16565 13346 10351 10278 17777 9073 4147 16319 1439 19240 19206 2577 379 7169 498 18087 12065
15709 9227 16589 4135 10719 12966 3723 12764 9543 5020 12161 10778 14744 17205 19670 6383 19713 18178 9849 16646 18526 9497 14547 974 17419 19302
2672 19592 19162 18633 2303 11619 7894 12518 7714 7232 912 18208 3846 8505 11999 16652 15666 4047 18995 9534 7414 19214 2696 3370 4568 8621
13879 7796 15511 18165 3461 17521 8082 12164 16152 16047 11280 10403 12566 10601 3096 17956 12486 18463 13736 828 13722 16197 4660 6461 12894 11180
3551 18164 10006 3555 14501 7712 16213 18860 12723 16373 8922 9874 19406 6808 9243 17021 12767 18657 2183 19850 14255 5101 5924 10441 10133 423
13646 9248 5879 4122 3872 15389 9563 5121 3078 18158 9040 6159 1534 8082 11360 4507 6366 10948 4139 7305 18848 11188 9403 4111 17261 17811
2959 8466 12940 18372 11164 9677 13192 5828 7047 15237 6818 11419 3809 18395 18136 18672 19072 17029 13632 308 17151 5927 9306 2109 19883 1016
13622 9110 11908 19428 15979 4356 11992 10335 19615 11759 12912 14482 1252 17031 1611 14539 2804 8753 9633 11227 18535 18209 2720 3337 13503 980
4039 1621 1978 10815 8451 4803 2316 19327 12732 16137 18118 16104 2146 13796 6454 18197 8115 12589 5288 1317 8788 19655 3925 8551 10296 16054
14690 13125 16911 15573 7963 15643 17640 11567 18451 19762 17370 12249 1710 13524 5884 855 11434 13772 228 18043 3478 18549 8313 19533 8760 9411
2457 3581 11199 14573 7654 13770 19354 8064 477 4906 5198 19113 12701 13114 13607 16380 6708 10079 3733 19170 7458 2823 17187 6600 9921 8689
13188 9765 2748 18277 17275 16604 19576 929 13542 11416 9577 3059 13733 9565 13432 220 15431 8021 14309 8658 17158 1061 1746 19 9283 2724
5935 3685 2023 12376 19427 15174 15009 10235 1646 10747 5736 9662 260 9793 15131 18324 19484 194 11460 4039 6598 16705 14021 10851 8200 10745
17173 4047 2511 2100 13535 14303 9845 1778 9303 7070 14456 12806 5240 15499 66 7990 9090 18261 2680 2468 5727 13823 6219 8264 6454 1360
3465 17259 12463 11032 9618 11376 9921 16288 3710 6187 6082 1518 2706 16847 2238 7700 3392 17320 12177 13643 17883 2765 2198 11736 19431 5818
17472 14675 9956 7021 17932 7070 3577 11671 3916 3887 5134 8083 19834 10857 8611 7459 14346 11611 17561 18163 3918 5579 9450 874 18157 2743
17761 19316 2256 17648 5970 11027 3401 11359 15140 14930 12076 340 13076 7318 14879 11061 16952 9519 14708 9459 19882 12991 4026 6038 19290 15811
4123 13645 11544 5995 5392 13754 3583 31 15169 7846 11143 15875 15952 4046 15228 16306 1703 4125 10156 15044 5188 6045 18042 4250 7020 16428
4564 5407 2395 6324 11662 2918 7020 13800 11553 14517 9538 15318 1530 2414 13314 16708 17242 11511 6229 10682 17052 14983 8105 11897 7424 4059
3686 16953 4384 7706 13265 13190 6846 5057 15794 8989 19873 7094 8385 19085 4239 1135 7620 19164 19692 12584 18556 6389 7308 10089 4053 64
15494 8050 3233 2853 5619 15220 12637 8181 12203 2986 3788 8848 8636 939 606 12664 14841 14350 17246 14822 1559 18459 16784 15453 17311 11900
10787 17158 2989 8027 19007 9489 5298 16717 5891 17178 11429 17655 10470 6185 3426 18549 19766 13401 19827 1527 518 19301 3295 623 16603 18760
18963 13704 11849 16995 1645 8311 10020 3185 9697 19647 5703 5523 8448 12904 16669 7766 7190 570 3399 2106 18648 5426 8453 14494 4900 10239
2829 17156 14384 1741 9399 432 11356 1656 10623 12309 14316 18400 19311 80 13023 14628 5833 11419 19469 1008 6223 1324 17730 298 3417 7497
4464 13017 19423 12468 5709 14433 9955 7922 11518 10298 6819 14069 11761 7007 15336 17114 6876 5879 2233 12267 14166 18145 14144 10431 11542 9832
2817 19869 8221 10930 4211 11448 10712 9593 1327 18816 16218 6875 12134 1994 12273 1983 14195 15804 7475 16264 1593 6531 12812 11281 15560 9007
17621 13263 8648 9404 14955 10422 13596 11374 1971 13204 4990 16450 14001 16985 19473 19068 6906 14467 13707 9046 14181 10204 19013 2581 3165 14380
4373 3828 7616 5858 16623 6420 15062 2094 6154 19416 1777 7400 15956 17121 7603 4147 19989 1022 18717 10696 16058 9205 14748 5892 3185 823
11598 8115 4718 11374 13237 3472 16597 12340 19052 8303 14732 14950 16807 14754 10964 3735 7033 1224 18761 1693 10494 19440 1970 4566 1220 16965
13198 11578 13407 3960 7307 7079 19898 7684 18017 9669 16716 9091 4548 5340 17026 5929 14087 11087 11162 18933 17630 3898 15064 1289 6831 19924
17712 14013 3846 844 19106 6885 1897 19735 12809 16021 7207 6351 6568 892 14332 11185 9434 8011 13170 12604 2186 3091 977 1850 6545 7802
9298 2643 5678 10729 12669 25 7970 19229 18502 4045 14733 19449 4738 10130 8968 18180 3517 9969 8039 16276 6371 14293 18639 18189 18616 2111
19898 7291 13445 11610 10958 12928 17203 7824 1629 5367 7009 7730 14032 17236 8332 17470 15961 17510 17444 9931 11566 15626 626 18607 5104 208
17649 6405 14983 16923 8698 808 5143 7810 7402 13957 1263 16751 470 1566 3798 5918 12136 10444 16257 16930 4589 8213 12702 18832 16762 12185
14486 7470 12401 7714 19829 14743 4762 10717 17004 12314 4880 16246 14017 2116 9908 9424 7255 4366 539 9261 19129 12173 16367 6459 11891 969
11043 13895 14106 17739 8435 15658 2633 1366 17958 19063 3856 9891 3677 5629 16587 3801 2632 15061 16813 5333 2036 1280 8511 3834 15996 17344
1795 12361 14590 18550 5104 8637 14041 12087 8715 2620 16864 5385 12655 17086 18709 3793 19041 17112 9914 4487 17953 19700 16178 953 18270 11965
15888 19014 9039 13603 15487 13902 5509 3486 6653 12023 12082 15671 105 9484 3004 15259 9595 12824 18449 9323 8087 9723 1314 12412 9266 5605
689 9941 5272 19859 1269 3133 10225 14570 13845 1161 7567 8125 2985 15817 13236 13978 7123 11032 17236 887 6375 4323 5134 5878 11162 17459
1887 7453 5644 3409 12347 2779 4346 13577 13904 12376 5386 881 10562 11583 7984 4919 1939 6526 4672 1799 16386 8077 178 13053 2577 16957
6749 18457 1499 7335 9514 18378 6798 6906 11201 10009 10874 1449 6337 11870 2922 13288 14654 11250 7865 15715 2644 5549 9701 1876 10100 11441
1557 12245 2462 7178 7126 12319 1202 15713 13696 17291 17159 2649 9001 625 15168 8016 761 11721 12024 15044 5708 15226 1352 14445 12969 17038
10245 6565 10281 19923 7225 19327 11201 596 6563 7484 9255 18914 12134 16652 14904 3205 8099 4092 12412 9346 18069 11497 14848 1530 4078 18788
14695 2386 17996 11345 18043 15119 12486 3183 2281 8732 13890 3297 2306 18273 14684 7072 11830 19635 4676 7000 7536 3475 2001 4131 11183 6944
17792 11399 4511 868 1045 7147 14582 11884 10208 7624 13610 16152 18590 1516 2524 729 6001 19632 14727 16708 18946 18848 2472 10559 2565 16961
15150 18217 12575 4986 9035 7154 16473 11299 15274 7083 17868 19599 15512 7809 2785 1240 1909 6406 11696 13481 8750 334 9298 2119 19565 34
16391 4415 8304 18669 13336 7855 11804 9386 19072 339 16468 1776 15271 9570 2493 4338 6554 6320 3442 14904 17821 4579 19551 4789 4569 9885
9641 6939 6214 13893 17523 19955 15964 7160 9624 10378 944 2481 17699 19696 6290 17644 16662 11019 5495 7555 6089 5394 12713 10799 11250 18707
1678 14514 10134 6681 12702 11107 11053 7297 15382 4468 8335 11331 5736 4877 11809 1929 6578 141 14427 7773 18721 13755 10038 6118 19197 4129
5322 13068 15797 12114 9673 16371 18686 14488 12279 19674 18857 3501 10290 19900 603 15284 1695 15680 11974 13968 18189 4177 12039 9669 10059 13570
13120 18980 8488 14335 4662 8784 12613 65 12849 4011 13883 13998 2744 565 6986 857 544 9497 255 6417 18515 3137 14602 17111 6778 3841
5827 6492 12573 18131 11565 3408 10115 9666 16174 7314 16886 18741 3156 11917 12090 10940 4411 8763 5653 10062 11149 8655 14737 15954 9475 859
2967 15679 11835 4354 4928 2452 13363 14269 3498 10792 934 6179 19600 12255 6651 12756 3929 1524 12764 469 10507 7247 7791 12668 18519 16797
15007 2035 18374 15543 19822 14639 7906 16712 810 16558 14910 672 3562 6231 10594 15279 10058 19581 15118 11758 13161 929 8424 13225 10535 12443
5442 19516 4335 1720 1207 15297 2397 6078 3177 15026 12710 7745 766 5230 15692 7019 12991 10713 13821 14266 17993 19674 8790 44 10016 9871
11055 6869 4143 15318 14727 11596 16342 11556 7319 12561 11524 10706 14237 1894 13282 18455 304 14297 6488 12611 16185 10639 8031 9054 7605 17470
18372 13817 1380 3389 2021 6472 17917 13851 8890 12429 19087 11902 13757 7133 19887 19977 2050 16551 13751 14093 906 6608 14075 8618 9909 10682
11058 11738 12445 11465 15576 3827 2714 14978 18301 9681 19334 11319 19630 8466 3559 1461 17611 15025 2451 3180 9677 12746 2012 5615 9857 19592
6146 3674 16619 18785 5650 18106 1556 13947 3245 14397 3281 7738 14092 10016 18782 14979 9290 12874 1276 16002 2634 17491 12122 1868 9551 5948
6459 10806 18294 18404 9091 13453 12384 1085 4240 7606 6686 19027 3722 7535 1677 18987 12134 11623 19286 13104 18197 5266 18657 6984 1379 15
15536 14024 9291 19754 4179 7472 9008 5666 14268 2965 9658 17985 308 12514 6584 12056 1581 2151 12850 13035 1380 11720 5322 15812 16867 4375
12618 13441 10603 17574 19257 14821 9505 13267 8125 4451 5176 1488 3784 779 9001 2831 16932 15831 14343 2756 14344 6704 2115 13046 6500 15209
15036 4419 12569 12855 4331 14948 16012 5478 12539 7385 13966 17475 12501 1278 6175 2433 19066 9335 18508 7646 4991 14596 1579 10042 6262 17442
2765 8672 15707 11749 3651 8033 18591 2734 19192 3006 12461 8206 4826 8135 2291 8422 6088 12467 7120 12178 17199 11585 7911 7075 6931 16914
10703 7606 17142 18358 2682 5413 18502 18160 127 6633 7377 16297 4877 8836 7737 677 17245 14901 4743 8632 13377 10143 10674 16149 19374 5975
14064 6615 18271 5993 9275 11440 10234 11349 291 18644 14601 2657 9166 10184 19739 4852 12102 12157 2788 11926 2469 111 4566 1985 6080 3647
19303 7756 5555 1774 18407 5177 13527 11011 10840 6218 8824 19771 9031 715 18535 16783 18414 12158 17636 6382 4391 791 17062 7184 15962 15721
14376 11766 1783 19991 11925 17567 17448 10511 9329 10629 13426 12812 10163 1609 741 2433 5493 573 19621 18317 13051 15140 7816 7833 16702 11516
1307 9724 7814 12483 18374 2301 8498 237 4195 7690 15426 11850 13608 14236 13929 4812 1029 5578 12594 15071 6810 4118 4257 18800 19655 2107
15682 19756 5916 257 4965 9730 13015 17867 11267 18530 3910 6177 19743 422 13064 112 17685 1566 14177 3688 14801 9941 17750 19327 10190 12643
19851 4249 19975 15395 7497 17242 6868 9881 5919 1372 12780 2042 4537 10271 3167 5804 10144 14782 8167 13085 12227 2871 11007 12205 4721 7674
1284 19785 3565 15541 14061 10529 294 13370 12122 8454 14374 16630 7791 6723 18889 4069 4184 88 5899 12069 8252 8046 5960 16538 12827 15576
17667 11148 9050 6183 7576 9243 14815 4122 17605 268 6276 4098 17809 3168 16503 8334 9732 5578 19240 13846 6061 11469 2287 19911 10154 15083
16224 8904 3055 1635 4183 7279 1924 11606 5544 9435 3687 7254 11341 11053 4464 1027 18984 13479 3241 2247 16675 14027 1601 12966 16417 10020
18406 4637 5215 13762 3187 1395 11384 18703 11223 9229 2576 4749 13948 598 2883 15854 578 14758 600 13284 16289 17860 11302 3252 3362 15480
643 9541 6995 10975 18690 13435 9363 9001 16162 18790 14465 11666 5803 13341 14340 1968 3423 11178 10611 523 15809 11414 17335 2710 9605 14824
9747 11575 13136 18037 10078 12639 11230 14174 637 4659 15221 5931 8891 10237 15052 12471 3465 2806 1321 2848 1099 11677 3780 8229 4040 18818
8984 372 11408 7609 12983 15974 7354 8333 13602 12689 2971 2242 19780 14339 18994 17302 6956 18815 19418 686 12861 4250 5295 14536 5352 15601
12788 10265 19406 5768 19916 8115 19994 6290 14495 12055 2054 17270 10055 6429 318 17866 19180 3437 12335 5497 18482 7939 848 11861 8594 5287
13882 4890 17911 10676 9316 3943 12854 1791 2061 4999 18402 16221 16623 16360 8151 6812 8733 4773 9818 4627 15699 13997 1393 10675 2162 12862
1866 11659 13283 16685 10717 5541 13409 3092 17647 12270 6522 529 11904 16407 15877 3640 5792 10724 61 10800 13286 9420 17173 8555 10065 18078
19253 3457 9063 9826 18772 10690 502 18909 1712 15991 8632 5594 8637 12444 216 8774 17031 10956 19696 4831 17065 11070 11138 10761 7399 7633
5490 5503 18129 16180 2391 14993 17944 16136 15707 11134 6766 11651 10845 1941 12364 685 18227 19860 18519 2934 2276 16948 19257 8684 11094 19837
17932 11812 8860 13979 12333 5678 7410 12220 16401 18012 3119 9954 9406 7570 11386 761 19425 18495 8946 11135 1662 4208 17070 15478 15220 15201
8975 10194 18931 2855 7765 2980 16578 4081 10592 15613 11140 3710 4490 19681 12582 1771 4906 15053 13213 2339 8596 128 1103 11129 13729 15915
4050 15733 15818 10857 2498 11324 8117 2732 12416 13979 9501 4980 16214 7239 18165 6457 13989 10767 10163 8351 9262 12409 18103 6212 16742 7253
1910 19369 399 8969 4665 11255 15153 17036 13975 4301 10753 7038 8808 7654 5705 10867 1819 7662 2623 2790 9326 13462 16391 6074 9831 155
11899 17469 6939 6162 4630 4827 10748 15285 2911 14770 4357 17598 7418 19495 2763 18085 6322 2173 6406 10513 10300 12891 14277 1849 18707 1392
18893 8949 17624 5797 4966 2328 10565 16636 14506 8140 8301 12146 16623 11341 14423 16121 11780 4309 12002 17741 6269 11864 842 4065 3468 9498
