365
30 38 13 92 50 61 19 11 8 2 51 70 37 97 7 28 66 68 46 35 99 22 13 33 27 3
8528 8904 6338 5400 10153 9490 12202 2841 19852 11056 12711 16579 8155 5825 8104 15518 9174 2927 17945 9838 236 9566 18755 10215 16658 6393
13564 13884 19625 9443 14124 14790 5286 7642 9997 8508 1416 2656 1517 15160 9189 17002 17518 15441 11234 4753 6408 2177 13526 6641 14455 9053
6019 11659 14284 19292 10507 18301 6511 10601 3308 2018 7499 9092 19077 7779 4002 10848 5817 9533 15041 841 1402 11700 2706 9361 10719 595
10577 9469 10540 5010 13448 2547 9614 6272 14553 9568 4470 8193 12505 19621 5206 10856 18779 307 11905 1467 14902 5556 11966 11885 9513 18725
3181 14395 6790 13892 6813 3723 1944 2038 1811 5526 19514 4903 19874 1339 17898 16078 19092 8161 10532 1165 4006 17342 9597 13412 6562 15655
6611 7925 14379 13455 16119 1208 7178 13802 14532 8145 14019 7068 16337 6150 1037 1206 8335 8302 7942 17225 6817 7584 13668 8574 4643 10650
1680 10306 18525 3829 18668 13204 1327 16196 12696 3044 14093 6911 18753 5421 11029 9706 15441 10323 13762 17302 7052 8791 11092 12851 16265 2437
9177 6267 1459 12936 4182 8829 1981 5480 15223 18651 15472 13229 12794 7161 107 6920 5136 429 19988 8432 3797 12969 12487 7285 18042 1749
6608 5305 19932 10834 18427 15450 17249 14406 864 2588 1120 19480 3700 16018 18376 8419 19927 4546 1355 11880 2611 17137 345 9730 11367 2448
2789 17805 14869 12489 6728 10196 12734 7657 15946 13109 3116 2529 3750 11989 16792 14219 13627 14556 2192 6417 9905 15685 13843 3872 18294 5484
12176 5335 5778 4892 10700 16195 11094 8474 17755 159 5528 182 10217 3963 17856 3631 15941 19693 15867 17246 2480 17062 8042 13473 9615 11691
7510 5911 55 1734 19973 10265 17828 15303 18623 10015 16602 14442 14485 12838 4609 8247 19565 11867 11142 4366 14201 2705 19844 4716 5821 9350
12189 6471 18873 11483 3062 2525 13190 5887 10801 12186 10704 5722 9849 759 19784 658 17168 2906 11764 3224 5192 5976 19142 16228 18804 2519
3828 5636 15700 7280 9924 13307 19629 7780 16050 7245 10147 12046 7548 10702 17603 17359 14807 13114 16589 13128 10260 9298 14361 13486 19271 431
8234 6025 17701 15025 18387 11937 13244 12735 914 5113 16754 2218 15014 11383 19785 10231 2993 8450 15841 7279 15625 19779 2172 4873 7810 2263
9804 4346 1536 5351 13038 19064 17928 17645 8596 607 17182 8040 5161 3170 6733 1040 10371 2685 3990 8867 2007 9471 19979 5646 4888 13597
4259 2664 18348 11937 85 18099 5104 16467 13497 5052 7046 9768 15865 16632 2221 12319 5506 5354 8390 16870 12822 17607 9924 13127 10761 5579
12674 2029 13863 919 9129 622 9961 4997 2812 5133 3799 19966 503 7602 7578 18137 282 15620 17440 6065 14821 12434 11017 5654 17377 19242
6158 3511 15561 11691 9999 13546 19664 1219 6946 8377 18971 19366 10072 15646 11113 2729 7734 10355 3393 1253 19814 10562 17271 15602 11569 2670
5804 1414 16321 17010 17879 19591 8187 1276 6581 2337 11022 19717 4516 10110 3826 16631 16688 29 2342 7409 8985 598 1123 344 15665 4746
6984 11791 8166 11303 9769 12729 19818 13193 1115 5664 13510 16177 2094 16732 16676 9790 18345 9269 6802 14332 10546 5730 7035 588 15683 14326
9042 10857 13340 13420 10525 6886 8388 9163 16748 2838 985 13206 8636 19952 9409 4338 10249 2842 5439 3018 6933 8309 7081 16359 3736 11157
260 14929 18680 6675 5454 3064 8000 17009 3123 3735 10357 9719 18587 19068 4940 2480 5874 891 5933 6755 8615 1142 19453 10630 10752 19883
11936 5320 5631 7044 1622 1751 5261 1883 8581 16182 3415 6539 4515 12854 15688 19705 17896 16249 17714 10607 11868 14090 13297 1186 1241 5938
5010 11736 7184 9721 7807 11917 18802 6374 11274 12572 11917 17549 3665 7356 6246 11410 6063 17514 6966 694 883 3859 6263 9727 10538 17729
16296 1355 10034 12872 5365 4574 12310 15196 11489 11662 191 14627 4466 14661 975 13710 6929 3765 10830 9683 19582 18294 1780 2568 15782 5286
17268 2000 5934 7898 19663 10900 19635 641 749 12543 14318 7581 19178 4530 1398 4390 5995 19829 9357 7651 14258 10301 17725 12187 5573 11322
17837 18759 11301 8454 19556 10979 17616 1052 17828 4984 11987 18697 6452 16197 15439 3913 2422 19519 6425 5209 4694 18058 4583 19558 1685 17651
11344 2638 1541 19810 4889 17819 5767 8622 1876 9673 15579 9201 6852 15482 9256 17352 2046 4602 9432 13663 1474 86 11356 17346 19772 11806
2360 6560 14200 2622 13908 1063 9290 6515 6421 5634 6617 2645 3053 347 118 9549 17032 16963 17204 13895 2123 3030 17146 11092 5522 6555
16732 17999 2027 2037 2112 4560 14295 4439 3408 16944 10627 16831 11120 9079 4356 19242 19180 3872 19007 2306 19719 168 5146 1414 8923 17866
13923 9968 19426 11773 5000 17194 11878 17576 14975 8112 14825 5589 15809 19010 17832 848 19025 18283 18683 6353 8568 19237 18797 19604 14800 10902
5306 9962 5259 10363 9835 10357 6851 17478 15859 9570 8817 12074 5433 10328 3185 7635 10764 6363 5783 14459 3140 10162 1079 17075 184 1522
85 18213 5849 7302 8044 12218 12892 12662 7923 14465 14166 9523 16639 2917 11262 1430 3149 6052 1815 13316 154 12859 5371 14227 1450 18275
7295 12253 11245 16659 11450 4346 18 11351 11914 3166 12404 18769 7027 16053 11530 18798 14181 18112 2991 12858 5166 2832 14708 12700 17202 6904
894 3018 9370 3291 4135 4161 14960 14346 11450 13339 10411 13150 10126 12972 3372 11165 12306 16687 2518 15977 14256 12061 7451 18869 5358 14016
9327 4055 10984 17515 1164 17041 7800 6047 15686 7582 16972 11622 13826 14406 13693 17420 4060 16205 384 14123 11719 15387 9190 6458 4623 10914
11793 5007 8686 17735 18486 15866 19652 4451 16060 12619 15636 11397 16656 1042 14250 8334 19398 6125 17563 5768 578 15057 18746 9988 4339 1472
66 7622 11139 5072 10333 10749 14722 18820 7555 8974 1849 2077 1169 14451 3640 7955 7365 15502 17545 2068 17839 5347 5703 6431 177 6343
16820 6241 7201 460 16420 15813 10713 11436 8691 18807 13298 18916 4316 11087 3885 8232 8648 3149 1885 11064 1855 12604 2256 6778 8128 1659
16039 12692 12017 2296 2782 4812 14615 14025 16805 12291 3523 5597 4728 1133 5565 14933 17462 17258 15466 14459 12007 18532 14177 8093 8192 8851
18702 243 8759 13050 18469 10881 9383 3907 5161 16821 6160 5307 12792 17818 4232 6025 6196 18424 2353 17718 2336 10034 1019 2641 16562 15100
3079 17357 233 9131 8670 6447 6147 3822 8372 19073 13071 8842 17301 8912 207 3342 13073 11878 19618 5329 16103 19697 11258 6237 16076 8022
5404 5506 10937 1045 6911 6185 17644 15243 17352 10574 4190 19975 5626 11966 18946 16832 14081 14721 11939 10745 2559 15055 15879 8929 8524 5034
3669 8375 14372 19472 16502 16020 14984 2810 8806 12280 17874 3258 19714 9907 299 5189 12551 16653 5764 12580 15791 5866 1080 10477 7204 7939
13069 17453 5503 6265 15361 15021 9871 12703 8912 10939 14292 6784 1192 18759 1802 18083 6264 1112 17396 16164 10941 8416 1871 4153 12269 1688
13171 13729 12214 8159 11417 14360 12020 13043 18892 885 12721 4222 4527 15448 13337 8226 5537 14569 17354 11871 12043 18469 3367 5915 4852 9980
16837 5015 2059 16159 18352 1271 9174 6586 89 14129 13329 8854 16362 5465 942 3578 4471 13357 8965 18209 14800 2374 10643 8495 17728 14381
5604 725 11179 8296 8383 8544 12683 11210 1956 18705 5811 14003 8686 18460 3326 7774 18812 3385 3256 16236 19692 9073 13409 4059 12765 14333
15328 17089 14673 18893 5375 15615 16866 5701 9357 11466 9125 2306 14442 16976 19625 17160 6272 9690 17467 12654 8557 17438 15351 17167 10963 2014
10687 15124 12241 17952 11376 4642 7216 7637 19983 12053 19607 2490 8458 13811 14700 9457 13641 16538 5570 19254 13149 7271 12799 9278 10249 4550
8380 14410 7023 6611 15694 3316 16217 19405 5179 2048 8387 19850 560 4869 10425 13034 10772 12012 4585 2572 19492 16706 2005 15338 12139 5310
11355 11905 2823 11735 16658 18250 3580 18234 15274 14430 16393 19964 15884 6084 4111 10454 13400 4331 17886 9819 15211 18734 5450 5687 7410 14381
6228 13355 4253 17919 986 10144 5214 17800 7872 19641 10993 5074 16525 7451 10321 14037 3288 1304 11281 16727 9801 5568 14374 3199 9449 6689
5601 19972 2292 17404 10305 3017 985 4476 4513 2338 5798 18866 8638 5588 1569 11118 10349 8955 15345 15504 4887 3645 16392 10327 9515 19505
8290 10138 1889 17140 150 17507 14551 8461 37 17181 11826 2172 8533 19462 1972 17658 18231 14477 2197 15843 13609 15301 16575 15551 18192 16067
10581 18556 1408 16984 6961 18995 5479 12958 18955 9358 19849 11613 16060 1033 8896 4851 13710 7084 17615 13761 12083 3442 6987 13775 8597 7980
18947 19197 14632 3857 5901 3813 2520 15739 4741 13230 18682 3250 7523 7537 18526 18380 5378 5550 5461 2181 8739 4109 8643 6991 9781 2636
18447 2832 13921 12872 14885 9390 17078 12919 6971 2306 12671 14555 14922 16827 15821 9012 9733 11653 6309 8937 6201 15929 7256 18134 6308 15994
10558 14189 4677 12068 16145 7168 8527 7683 15590 774 18022 4967 19569 7784 17379 17271 1826 11398 15348 13000 17099 19174 876 10144 7520 4983
2049 6146 13965 6491 5374 5506 3780 15485 9542 4106 1038 4771 16708 6865 11266 18814 12514 8952 674 10865 12422 7148 13002 9834 4426 13956
5149 9907 3939 3536 7764 3143 8539 12942 12842 8922 6383 6083 10359 2191 8410 18661 16677 19651 1006 9219 14971 14908 11778 16813 7320 12821
9531 14210 15914 11047 2224 14296 13059 19524 841 4200 607 16158 17481 11539 10731 4239 19915 19871 13810 7200 9486 11848 15748 17896 6851 7600
12608 2496 4685 11424 6553 18199 8004 8749 3082 4416 8828 19881 13801 15666 6139 3333 339 3432 3833 16588 3081 13873 2711 4249 6844 9776
14225 3267 4237 12149 5124 18442 15101 926 18436 16340 19005 9471 13430 7210 16063 5848 19584 12739 15370 17155 430 7315 8281 8889 19816 16000
18505 5651 3728 1839 2151 11215 7801 16744 18918 17314 5236 13989 17476 4644 15556 14532 13346 17361 9719 3312 10585 4248 16050 14591 4360 6018
7130 3143 12908 7330 12471 8388 9012 3260 1878 12101 14364 86 1882 11017 15604 16215 18637 14025 5701 18505 5543 13748 5109 11392 16515 16485
9102 9518 19586 16134 16701 13676 12826 13685 5314 5629 3299 6674 14681 5104 11466 19064 11992 1612 16791 15035 286 17303 11867 17221 13974 6522
12415 17325 9949 4632 115 12616 17226 4514 4337 3095 19234 10843 9554 1694 16197 2014 16741 9624 15712 17259 9787 14242 18229 14530 6539 3916
809 5741 7802 10472 19144 6937 4199 15763 17086 2068 9974 8392 9541 6962 19471 1778 19072 18410 7079 18473 18386 7193 16444 1102 1298 7989
10510 7445 18720 1223 5814 19668 11256 4188 19105 5352 12430 10915 9244 1740 15979 14933 8553 6096 16255 8802 12039 730 6882 7821 16696 5807
11263 2523 7648 809 2662 1385 4936 14955 9530 11532 5962 17910 19379 4605 16060 1212 14174 6342 10586 8345 10477 1814 4099 13150 3834 342
17408 5409 10425 6843 6184 2143 6328 18908 1467 15704 493 10342 13217 9193 13564 16314 865 14202 12290 16589 1796 9489 6272 4190 4195 12368
16297 2469 16919 14295 19848 15113 14761 4628 14185 17250 7950 6640 8999 2580 12015 2157 15182 6096 17025 16923 4127 3317 11935 12190 10362 17032
5835 9683 8644 8439 8252 19110 9679 668 18660 2767 16587 6918 18881 7571 14155 8106 4681 19032 8606 4685 13778 5844 2141 9291 4263 5738
19368 4880 3883 12822 1852 19297 6770 2776 6923 405 12306 10748 5056 8463 17362 12039 18445 3881 8514 1586 4988 10358 2325 18440 15550 1598
18955 17579 8520 3063 19819 15723 8524 13927 5786 5947 7894 18726 11837 15363 12564 15852 3856 19159 7185 13778 13079 13110 1192 5995 13942 15576
17918 15835 11307 5951 17612 4997 5664 15693 5117 8680 158 2466 4495 4318 16489 10221 15995 10165 4546 17381 15359 10578 18589 5147 11981 18882
1257 14414 16536 6046 18435 7021 10671 10265 5346 4240 18589 17384 7586 19793 10377 686 18432 2192 19686 12020 10547 17717 19309 19501 374 17663
8162 10727 10960 13624 16596 12846 2570 18128 5194 5946 1903 5921 19530 10965 13382 250 16888 8198 11655 18256 4681 10024 5032 13337 3207 4422
7307 2133 19874 2483 473 10839 18012 26 8842 3443 5741 7644 9343 1451 6428 2462 1767 1726 5021 15486 11064 6956 18176 14308 13656 18267
17725 10512 1459 5876 17357 10116 8418 2042 18347 9659 9718 11087 3269 14823 15129 10644 18976 7645 1699 14524 430 7118 8531 15570 6583 11544
11834 7741 14289 10661 11111 8966 5523 3521 17387 7541 12378 14816 3267 7083 9673 11673 16178 15806 14588 18855 13376 19724 18554 10463 16049 10019
11885 599 14594 2420 10324 1653 4091 12857 11257 7277 18434 16621 13180 14779 15029 9936 17173 6193 2020 18203 7125 9230 11746 8856 2004 2393
2106 3743 91 11271 17513 18273 4072 6593 9024 12903 19748 7196 7207 19015 6250 10029 7927 5973 19396 1504 16342 4846 17529 4539 12145 8533
19274 8822 2048 5339 7514 19969 10491 14448 19100 8905 12589 16739 13206 2455 14566 4251 16707 10159 2929 18465 12846 10555 16532 1733 5456 16201
13703 13598 16442 15518 16180 12334 2970 1231 17205 14420 6207 10004 10596 4168 18254 19081 653 18675 8691 9896 11688 19047 1472 460 4529 19532
1743 9086 11521 18662 4388 2910 10862 5852 17985 1925 3351 1628 19820 13984 2220 19591 16184 13048 14296 1409 842 3166 2186 6433 19094 19881
14804 10399 1662 13510 2859 5267 16004 12132 1223 4862 3544 502 18112 16827 1330 2633 10683 16413 11197 9637 1910 5136 7277 15384 12646 15418
316 17448 8949 1212 12477 879 6058 2741 644 7130 18748 884 16563 4531 285 6314 9944 4382 10730 5682 3286 13886 1289 19372 8477 19708
17600 9524 2589 5426 16701 15127 5644 19559 11219 9837 19794 2620 4829 9220 3393 3707 17780 2767 11257 2966 3994 12455 2527 16898 12591 2503
911 8875 7222 12903 19152 3758 12169 12992 14704 9236 3985 16663 11489 13461 18466 12704 7295 6032 13924 18356 7645 18121 16851 7740 4539 6106
6944 879 18767 1343 2563 3468 1803 10050 18058 6707 14398 9626 8038 7754 19347 8631 13636 12285 15057 12253 15842 11964 4029 61 1241 8642
18901 14308 3739 17424 1332 15343 18383 14706 11789 10554 12506 8903 9984 4997 2098 8474 15787 6285 14117 1894 3941 1238 3571 843 8007 19354
16307 18057 11501 11724 17244 5820 1661 6143 10589 3865 7369 1365 14217 16585 17596 19789 14088 6967 3856 12163 100 14148 3504 2558 14122 8977
266 995 11125 8852 3024 4110 6951 3647 15320 3021 4817 17986 13074 3253 7372 12841 5168 4625 11450 7026 5111 1093 8859 16338 3101 1969
2915 10487 1463 18297 8237 5414 10703 900 14455 5371 8433 17111 2644 18160 12700 11866 5150 10937 102 909 1264 4578 18685 9 10085 12042
14925 11118 12257 14355 11011 4721 13823 14035 4530 15150 8970 11904 15527 10077 17038 10570 2478 17144 5950 4511 19148 16488 10736 10662 1653 7645
10099 13465 1497 1653 3112 4704 16934 13224 1782 10325 7377 11399 3240 15676 17467 7329 7320 14160 3238 7179 10988 19102 8561 7332 3258 17981
15684 6648 17760 3620 7234 6410 3036 7096 13182 4568 13193 14066 6749 14827 10123 16901 13578 17049 758 12270 15671 2102 3594 15295 14324 12455
4353 18617 18557 11349 14343 82 9934 4145 4222 13025 10513 8198 1514 15199 9753 1992 886 2967 12457 1185 11549 10537 17822 6147 10276 4710
7542 14266 17262 13795 18846 16935 8094 13021 728 16566 3587 17258 16674 6326 19488 13 3810 3537 6160 19446 546 12608 4875 15244 12921 15341
8331 11159 9534 2907 17951 14756 14866 13746 2899 15446 19138 15567 13793 3465 15921 10562 15210 15457 10240 17901 6030 568 4409 4919 5076 8581
15770 11641 19600 18522 7344 229 11136 160 12391 13408 2224 1267 11084 18304 6604 17442 14573 2861 4850 5577 10182 6178 11566 9158 19671 10402
19541 2106 7046 14605 14696 7467 9284 8163 61 7801 13533 5123 16169 8467 12951 8624 2113 12496 13038 11134 19262 6416 8197 13977 14742 3999
18639 8507 203 10255 7742 2187 10566 8498 10109 10347 11633 17268 14674 8665 15053 7495 13412 12343 19980 5662 12854 14917 9777 18173 7351 19482
6770 860 10878 2983 18785 17091 9763 16929 6674 15860 808 18382 4358 4365 4095 18562 15591 16752 18425 3512 1711 3427 5857 13274 18064 12491
1133 1340 9417 4795 12237 9756 8621 18519 9845 5880 17215 13995 3480 13692 8748 16131 10722 11101 16515 12619 25 17401 6547 9888 13906 6165
14159 7895 8271 17497 6981 3945 6387 5983 11661 14776 16938 255 15138 12670 5274 19706 9148 13777 19232 17346 3163 8805 16771 17814 6491 5103
4635 4190 14067 1789 6031 6944 9190 15750 19796 8248 2428 10397 17459 9394 13645 1026 14084 9809 3007 40 9739 12037 16047 16960 17442 14247
7817 19051 1541 17657 8819 5787 12541 2427 7066 8918 12383 15462 16371 12049 9419 2505 7533 19482 18518 12714 14143 14892 7875 2409 8709 15836
16295 19282 8031 15117 18421 15987 15281 578 3915 5035 13699 12877 9215 16424 3092 1720 17430 12695 11295 4206 17296 18405 6912 3223 87 4623
8493 18203 5100 15455 4250 18750 5705 15440 1076 121 2283 3105 13193 16344 13382 16088 19884 8562 11076 1368 9479 9332 4428 10739 16414 14408
6672 12276 16170 6438 13905 19565 17188 1904 17577 18683 157 14507 9181 16296 9004 8801 18112 4607 16213 19830 11234 6820 3653 427 8395 13423
18120 6670 1154 6612 9057 7642 5434 7006 9740 16030 19365 13378 19438 3253 18460 17818 4102 7210 1491 15840 9337 7841 9615 16959 19892 2458
19269 7741 14981 18802 11272 19762 18291 434 162 17796 9484 13662 19725 8960 13117 8376 10651 2750 16626 19686 3811 13334 2692 2075 4759 18796
7918 17965 16847 6525 13224 15915 3445 2774 5866 15139 195 9312 10977 19962 5847 1335 18075 4402 2706 10728 5320 10535 8630 766 3840 9781
18849 18802 15108 8411 13765 17558 15438 567 6485 1695 12080 18115 5747 18759 13483 699 5849 17444 8326 16259 3863 12214 16376 16441 16018 11446
10718 8399 2416 17082 16860 19614 17858 7767 7657 8246 8096 9166 18706 10376 2191 5171 7961 12342 5277 2078 18110 11067 18112 1795 16533 5739
19248 8667 1805 4916 1651 17007 5594 8260 7673 8207 18346 8014 2932 10103 11200 18215 5601 4163 8234 6644 19489 6384 5481 15543 592 14077
6111 18603 4815 8714 16231 9500 3229 16118 8607 13482 11996 5356 9987 18680 15960 175 2906 7490 8042 7544 7735 10978 6364 18471 8543 14894
10144 10711 3510 18761 6600 11663 3028 2509 8548 17311 12237 5245 14467 13082 12716 15269 18804 17462 19662 3127 13578 16525 824 6151 13000 7916
19918 9185 10461 12303 12940 1986 16759 17828 19090 2322 2502 11140 1318 4065 11988 15501 1386 9901 4774 10176 16508 10469 11978 873 9286 9545
15175 5963 10530 5658 1715 8143 14380 17786 17294 5741 3931 7553 10232 7264 5774 87 19538 705 17592 10914 9178 4427 19363 1668 17814 9874
1388 14962 13393 16995 19091 3807 12516 19031 8803 15949 9988 7247 5809 19615 8360 15187 5395 856 237 2597 17023 14583 3532 7952 1833 7020
12335 4953 6775 7454 12803 4319 3130 2838 2990 14863 2617 14688 18777 19816 1599 17249 12552 622 19197 3579 1737 3657 17573 18004 5756 10662
7221 17167 15097 13097 2664 4943 18499 13925 19386 14772 9729 2899 17314 19822 8090 7032 5261 3663 9718 4828 18999 13845 6299 14683 10304 18122
665 18420 7914 258 17528 3685 5172 16888 5851 11679 15390 5259 3696 4763 6664 1494 2694 10757 19282 11498 3008 6744 1992 12744 5478 11709
12091 16478 12863 10167 920 1739 14989 17305 9149 10577 13229 18661 3494 13851 222 4691 4630 9728 10369 16449 18518 8234 8473 2670 2352 13463
15240 9774 17344 19997 3933 14826 15768 8314 19758 14122 16245 5041 7765 17742 9749 2152 1865 12472 6285 4340 506 8676 5432 3568 6648 15725
13892 21 2186 1664 15785 1778 4511 14048 2822 954 16238 16544 16524 2062 16209 7763 3159 5684 19367 8469 458 16560 10382 17210 10411 6230
4402 12632 2400 7878 17723 7780 4062 15939 7843 15533 3708 16909 3599 11549 12047 14769 13812 5365 7739 19876 18563 17259 6448 6631 2448 7585
9621 13243 2913 16879 15379 2163 4132 4096 13877 19453 4381 15036 1109 6518 6798 13496 4191 3329 11547 10209 18389 7974 18146 168 826 9450
10477 4884 12342 3826 3805 18350 2164 9340 2827 13283 12055 12729 16452 15380 6881 10668 5634 8001 15418 10038 1159 19845 17460 4996 7437 9143
18296 8447 15080 10054 15115 17304 8090 13929 10647 1175 7650 18899 10413 19160 3417 198 10064 948 7450 6031 846 2456 7706 659 13777 18034
11236 17184 4512 6199 2082 19763 15484 2302 16551 2361 8073 2966 16682 11270 16016 3736 7522 668 13295 16557 948 1789 5277 15286 7040 15465
19720 10265 6298 15841 6223 18423 14810 4074 19416 15335 3647 18125 2001 2977 3353 17481 14451 18635 14430 7247 7893 14345 9992 4863 11316 5920
883 1534 88 13156 12855 3407 7385 15279 17804 1628 10663 2830 971 6665 7782 14599 2109 19183 2385 14791 1682 12355 11668 14887 17452 16907
13723 14316 6413 4737 14430 2341 16050 6089 15279 16438 3428 13738 9463 9353 17773 10193 15858 18031 15348 956 1305 13718 4000 16032 4640 18243
13683 11161 5629 3939 5977 19448 13792 10887 8030 9754 10805 806 12597 1777 11363 5014 13743 950 17289 11950 19045 15450 19403 16661 16977 10435
16152 19347 3032 17986 13579 19111 8079 9167 1379 19832 8664 8556 13895 4557 19604 8552 18540 65 10756 9378 1049 1774 2313 8466 4197 10155
6721 12891 11586 15151 4902 5314 3841 1881 5756 1460 9324 5613 4681 15424 14614 14799 6877 3136 17651 10509 10419 5961 7386 4000 15273 7297
13713 15481 19128 18265 10343 4968 10115 9189 17219 13211 3680 5739 18271 1241 15145 4294 8446 6709 2809 19054 19290 8641 15484 10041 15864 10441
19566 3254 1098 12305 18571 1294 952 17850 19640 10425 13026 17434 941 2863 11896 1362 1342 5489 17567 14452 61 12198 6137 2047 6626 8247
6699 1858 15376 18475 1540 2663 10436 14194 1248 7801 14469 11055 10804 3328 15388 5045 278 16321 10111 15669 4677 12593 19912 2653 6096 692
17657 14054 8989 15236 3666 16441 6667 19633 3642 15767 19457 12935 16099 5752 10960 9401 5808 6045 3726 13518 15950 2117 12090 7940 2140 15220
9960 6569 11488 18021 217 12336 14732 5282 5721 7969 13023 2281 3763 10879 3442 216 8846 9948 2171 7755 17512 15377 6295 19122 8735 8218
6805 9934 9102 19580 13134 12080 14214 14721 8822 15002 19295 19919 1060 4550 11066 6755 5991 10240 3584 17949 7189 4835 12590 6018 1970 16923
10740 10933 470 12907 19440 3478 16741 14837 8352 2161 1831 16863 7361 14470 13661 18479 13527 1146 6632 9359 4703 7668 5614 10434 15185 1575
10686 1399 9596 9442 11008 12996 4588 13185 14925 11630 8839 12570 10652 8318 623 7252 3312 9395 1245 16134 9823 18207 10668 840 8263 11081
669 3258 13275 15803 4458 942 9583 13076 13542 6734 8673 10752 13343 19871 5508 3093 16100 11825 6293 2388 9197 6891 14704 7238 606 6679
12276 7278 12465 13322 16390 7169 13891 5757 2917 15381 13400 17433 2541 14803 16044 11730 12723 5892 621 13048 18568 19229 19529 11148 4542 12587
18237 1557 13433 17526 9961 17356 7181 17693 10695 3954 10195 4214 12198 15504 8581 706 14959 5664 4300 14781 17025 14850 19010 3428 10958 3234
16309 1157 17027 8696 11423 9106 9982 10766 17172 6976 7638 17010 7656 19014 17834 13885 6413 8898 2480 1211 7095 6496 12253 6113 4497 7600
12250 3408 1617 2801 2613 8075 16426 5450 14149 3147 5879 2421 7233 3190 11368 19008 9833 1151 17739 18067 1300 19901 18898 13339 5422 5780
10453 4956 5479 5595 19433 18286 9879 8112 4234 3666 7251 17292 6096 12366 12802 3175 13586 450 16041 6080 9094 13251 10217 18437 2955 11488
7546 7066 12182 14232 18478 12152 13380 1227 4516 4513 8142 8388 18019 10183 19632 14172 7082 10034 14792 11623 3995 5893 17280 17528 5182 15890
3611 6579 9273 9844 11461 9512 18076 698 1518 17653 8595 7524 8685 14617 14398 8839 1617 7312 19752 3302 6190 5723 19145 9236 3870 5533
441 17432 16051 6546 9988 1145 18926 11856 11583 5490 17534 2696 3025 10869 8524 8901 3988 12777 3265 6026 16881 9656 7732 3355 10598 6017
13521 5118 3302 10388 15630 10863 10595 4870 11734 17191 15725 5486 2876 9622 7998 16429 12762 28 6588 17946 6616 11882 11132 4914 9026 14820
1689 9967 3852 14494 3088 13845 9401 17770 17142 18284 17367 4677 9622 15018 16021 19570 14612 10348 11670 40 2749 9883 1927 18073 17733 5844
12785 15619 3308 2429 10609 5478 9956 308 7406 15931 924 17475 7638 15793 981 14027 17276 5865 9718 17542 16355 1227 18924 11960 18462 8381
2047 11932 3443 14144 15753 10159 16686 8394 18862 8182 11550 18464 786 6613 4284 9272 12932 8192 10512 19609 6410 14887 5584 13778 13423 2451
8979 18470 11399 3282 13865 14267 6241 13858 11255 8796 5948 12608 1002 2042 12309 14455 19278 15858 3438 4618 18541 12137 8598 17772 15190 5511
7134 16887 14890 337 485 15414 5857 6685 11390 19882 6192 16672 4006 7567 18426 12271 10206 2221 4606 16281 3669 16134 13992 3201 16915 17056
6554 5141 10741 5606 8967 17233 17589 5391 71 12951 2850 8536 4207 4959 8178 10503 19954 84 5020 6167 13626 5438 12788 13690 7962 18295
6824 17814 7766 2085 11868 4878 14223 16267 13743 15004 8199 4681 17156 3776 8986 14064 17812 9777 11932 9631 2145 15268 19986 19275 13367 11613
11996 19267 3116 11980 11029 6492 18745 17973 14771 1010 13683 11123 8923 5223 13013 13796 6981 262 7083 10008 10984 6509 708 9106 13053 213
17304 19002 8606 10459 13382 12426 1383 15595 15408 6413 5177 19885 9258 3413 4251 6982 983 16061 2960 16010 12083 18282 4778 14524 10421 9120
2685 2979 18503 1421 3856 18093 19450 5508 16003 19259 19487 16018 18957 18661 13784 15083 8806 6052 10339 16375 16582 18172 15826 17559 9827 11386
3681 3904 18347 6308 6322 10594 2339 6555 11941 1829 6258 2388 18103 1629 8620 7325 6178 15607 14833 19327 12551 4250 10024 2303 7802 12549
11009 3219 8175 17084 4527 16038 19262 2764 7813 11054 15969 11769 16504 6973 4031 17396 11245 17245 6907 13341 19355 14678 17749 12724 6152 17362
1655 12672 11350 19511 18310 11434 19779 17243 13114 12889 15719 9871 8679 11644 16261 5195 14479 2441 5688 11834 16157 10394 8821 8089 19438 9906
11592 11657 9236 3193 6639 5574 19439 19898 16460 18604 11816 10464 11262 13841 12711 6994 16087 15667 15549 15902 6448 10160 5969 6988 12420 14033
12633 17953 5247 2704 17996 19234 817 3623 14403 12938 3631 3358 880 11558 14751 13911 9768 9890 3470 4655 19454 13972 10354 675 4582 355
313 18993 17478 15942 6535 9228 18489 9072 12109 9069 10748 17024 4525 18961 5819 9449 12695 18653 10200 11875 18328 15586 7786 18434 3635 19723
7189 13274 16416 10812 17512 7366 14307 12941 16547 13760 5472 16885 3214 11682 13651 4272 18978 4049 13296 8664 8606 17368 2344 15694 8253 13672
7106 1212 2963 7102 2072 19001 17002 12618 19363 13164 18932 10581 4932 19019 17869 288 10209 17084 12891 6628 3760 14566 11020 19465 17457 4846
17262 18913 18783 19762 15870 3742 5892 10911 18008 8198 16810 7450 1756 11290 13718 5703 709 1474 19140 15778 1468 4662 3625 3832 16064 4019
10390 14341 14085 4898 7537 16793 19360 1614 12490 3294 4049 8523 3113 6932 16635 12596 15349 1055 8913 17671 1518 15169 16125 12846 15154 17350
3697 14075 15439 16856 14323 11237 564 3349 642 9586 1439 4831 2088 13146 639 10120 8639 11682 10242 5436 9562 14027 15430 5168 890 12431
3123 15707 15697 16174 7674 11546 2630 13997 6745 10794 8722 6400 13845 18285 17966 12590 9024 19958 11600 2319 6222 4155 17816 11665 16146 10305
1455 10607 19345 16483 10178 12736 9760 2345 10034 1292 19115 11133 4719 12172 8181 13463 1963 16823 6160 11865 5204 19799 3125 1200 2360 15623
9233 9190 5640 3791 163 12616 12769 8273 18662 4300 11433 13015 17772 748 2619 12962 15625 17210 12027 1736 19755 5505 19962 4921 15822 18680
5542 1871 4175 87 2108 708 15394 479 7174 8305 9111 11137 17165 16412 9864 13890 6448 10500 6536 14378 5041 3119 7545 19946 8153 5620
14178 6861 12865 8244 18977 1155 3003 3165 11682 4049 1527 4323 6538 9134 11417 17682 11799 5211 2914 5342 2776 14576 14669 15027 19617 5209
19334 8081 6579 4872 8443 3003 14013 11101 4932 17359 14216 13613 218 2517 10640 3379 4751 17499 1496 18307 5139 10975 7229 11861 18700 15363
8572 13408 13440 15005 8015 1850 3969 5200 13039 12189 13716 5389 919 14560 113 18763 15555 8970 7590 3805 18628 7736 15633 15446 5485 9318
977 18863 10485 11281 2335 4002 18356 2357 1982 11756 18369 8921 18259 9711 13345 4932 3889 4512 5007 2438 11751 919 3990 1328 15939 13503
10978 17610 19661 7761 11824 11666 12589 14459 9965 13475 1971 15037 9036 4310 5421 11686 16622 16379 8369 1913 12868 16679 15762 6620 13191 12824
3231 1711 1791 812 12683 1909 3261 17941 14971 3644 19338 3109 9881 15291 4462 16528 11591 16343 11181 8716 2208 17786 19027 13141 12126 13717
8272 5963 3724 15659 9131 2062 12809 11788 5980 6978 15056 2925 9373 12467 792 15197 12150 1421 15589 7834 14713 3395 2318 9550 2689 15136
2407 13120 10628 4993 9161 6872 17326 9741 3228 905 6212 17495 5527 15223 1252 5820 4274 4413 13799 13878 19640 19013 8501 10542 7831 1756
3697 5671 12983 18273 19335 6457 5531 4842 11355 17986 5598 19265 3180 7246 537 15691 9170 16913 6623 18214 4382 4542 18499 14182 17849 10180
15453 13431 1368 5068 19352 4786 18268 4031 2479 3387 2635 4793 11173 9430 14745 18367 7386 17820 8057 18197 2718 19971 16805 14675 3284 8884
14423 8324 12777 15047 18329 1876 10485 1395 18322 16514 12132 15024 7126 4301 2205 15473 19348 15994 12747 13176 9858 1153 19347 7534 518 17568
19369 7804 14812 7212 6345 14156 15210 16210 6632 17958 3447 11827 5452 13157 10131 19274 9258 15516 12888 3211 10131 7341 8828 3333 17364 18000
7287 14656 2502 11873 11831 9927 16878 7890 10419 2757 7685 12335 17016 4608 1532 9229 4577 14955 19891 2515 5495 10633 16283 12237 3906 5058
3005 14371 8890 11155 6917 7835 16633 7257 18424 7982 14013 1416 14376 4697 6992 17163 5241 12595 17089 5327 6279 15542 8623 9814 2317 2560
9836 3143 398 12592 8011 7914 2106 15855 16890 2830 9109 13726 5 19722 14755 7010 19144 11248 15405 597 10008 12193 3080 13864 1699 7398
12616 5282 6753 9378 5296 9142 12121 15123 10676 18049 4388 12279 10504 7679 8218 14280 6979 14693 17071 3157 3316 15042 15705 12287 3092 18549
10668 9798 10442 5410 11895 17034 10570 4319 12714 8097 9509 1062 3709 3034 9850 821 9920 3522 17825 13209 2226 10759 10980 6660 5268 3601
3353 15811 130 10124 19269 9671 18420 671 12476 13681 10959 1085 2223 15066 10051 4676 19234 11199 9835 18728 617 15115 12810 7432 182 17125
4622 1591 2103 15944 9979 16597 1552 18434 7740 19808 4608 230 6820 6201 14636 10769 11374 4739 3100 18471 4842 12245 15338 9906 16993 1546
884 2714 11211 13144 10760 15457 2145 17567 2304 10466 15532 2927 14171 10355 1777 9047 4641 14825 5341 10337 7114 3934 16420 13770 15219 8456
4040 7235 18886 10615 780 14717 16832 8450 18976 3355 2361 14897 17485 8092 12557 12399 5526 18048 15420 16697 7585 6044 11591 3503 14043 18172
19627 3215 7943 8898 7897 5402 4464 1897 2754 5456 10734 16098 13637 5256 6154 15337 8307 17727 4706 3249 1506 18112 12795 81 17212 15272
16502 6041 19227 15829 12892 11431 14683 3595 1350 16498 9860 8619 1492 408 7449 4354 10098 4087 17442 19053 12603 6923 9886 12996 8733 621
4089 3416 4558 16061 14531 12048 12819 7500 7527 15295 1463 16412 17040 16687 19126 275 11880 12824 17057 10927 3875 11514 1061 14729 18453 6632
13835 6009 2239 7177 3693 12655 9112 16310 8978 3882 16421 13465 15942 17104 14068 3038 684 592 14979 19980 12761 10492 268 19968 14493 15063
2061 17835 10762 18518 530 17993 11419 3877 364 2319 13898 18425 7258 8487 2868 16985 12676 7211 17873 9205 9392 9967 8885 14461 19543 12308
4262 12179 11578 16558 12864 11552 4976 15375 19404 580 3215 10733 12202 3976 2675 11058 12580 17569 11369 14759 7441 1365 18515 18727 17844 17460
16935 6597 12894 12664 3839 9383 16243 11127 8271 7022 4805 9902 5344 8279 12772 1668 186 11149 8808 12646 8493 6224 14150 17726 2329 7903
10460 12563 10537 11030 8427 2935 6905 8794 8679 11517 19753 17711 4001 5169 10120 16681 10406 9409 9360 1651 5889 4919 16892 505 5340 10261
11840 2440 10170 5077 17668 8928 18293 7441 17212 15452 16771 16116 6758 3731 2385 7915 3009 4694 1709 12841 11423 3419 14027 13687 7613 9996
16830 9600 7858 16564 13166 11279 1498 13359 10400 12391 15935 10714 12887 17921 5667 9087 3275 5104 5085 296 4233 2738 17899 12674 17046 1992
6757 4292 19728 6334 8304 16210 13432 10671 6276 1929 6063 17707 4579 13574 11923 14824 16956 8714 5881 2626 8970 421 4692 13701 6026 15596
303 5089 11737 156 9825 8910 2343 15472 6144 8506 10222 9080 16079 339 15383 11677 10795 3970 770 4301 16389 6141 9531 16498 3695 12058
5182 16086 19273 14167 237 5430 5604 18231 8000 8956 12523 15694 13313 1242 11264 16707 12742 273 4269 15754 12759 8742 3599 11450 5928 16084
10785 310 9266 5075 16254 13070 17454 12468 1779 3523 15662 10926 17483 4530 17380 13997 6064 9362 8031 6512 9988 12321 19419 15778 10746 3541
12370 9870 728 13977 9958 8135 11188 10569 15235 19098 16463 3448 14771 4721 5041 13285 10949 14759 15009 12463 3371 1619 14621 18245 1962 11295
8030 2195 17146 5336 1990 13753 700 14574 15093 10483 4720 8487 19620 13159 19143 18140 16269 11421 4199 18249 4484 5350 19522 3323 105 5292
10206 9840 11966 1712 3862 3365 8087 16127 18573 6583 6114 8079 14881 8595 4972 820 16104 3225 18961 6291 16072 921 15576 16296 13662 13272
10195 2171 15769 9638 19861 1777 466 11546 19813 12936 14240 19392 7445 16691 4213 4963 14300 5038 7044 17148 19492 8915 15664 12672 13917 17727
11429 14950 6741 15584 14008 418 18353 8745 1199 2801 17045 8611 5055 11699 16254 705 5007 15119 3660 6339 6375 1532 6517 16006 14630 10102
12404 4995 8647 8093 14403 15835 2467 1577 9329 12302 16817 14886 12066 17140 19062 12169 1406 7696 7052 4957 19496 17904 9041 2781 12602 13877
4947 1153 2048 3172 2598 15415 411 14576 16566 4254 9457 18375 17984 3580 7502 10880 810 14787 7946 11298 11266 9618 14006 2836 12408 17295
11059 14241 19510 5556 10151 1813 5272 11963 14610 2551 4581 1211 5818 17951 12959 10317 12409 19606 19707 3812 236 9341 14747 9380 5679 8835
18755 17573 15231 9651 13354 13911 4492 17208 3816 17518 3591 162 12791 6473 4823 11209 14867 14775 9410 16860 13282 5926 16156 9084 12466 16918
3512 17012 14030 15320 12063 17597 12877 43 16330 11436 8662 18992 9750 8894 18178 11731 2869 5542 12758 19455 13605 7301 14244 14640 5397 3046
17307 1719 9483 6723 15216 18022 14454 8120 14660 16592 11726 11546 7698 15490 8515 3357 6612 10966 18810 2212 13472 18834 19577 4781 3356 7440
7135 1278 17038 19647 5311 13025 11962 19857 18246 3277 11141 16651 15402 3377 5258 9686 9856 10588 3725 5181 16834 8130 10478 13296 6814 16042
12604 9176 7534 6598 12604 10129 3874 3216 2033 11201 19863 12286 18763 32 6357 512 6309 17544 15233 12763 4483 3205 14728 8848 14637 13468
17147 12120 893 19497 2027 9783 11064 1011 1484 12682 9250 2123 5362 3799 19172 14874 9613 12029 2145 1060 1358 4807 18950 1720 2211 3952
203 8325 15483 19592 13522 3207 2746 19213 12634 18722 3171 6902 19098 13434 13049 17379 3993 19238 3309 4193 7861 15181 3035 10987 10015 2423
6954 19485 9620 15963 15305 6357 3124 4424 15660 7097 17281 3675 11485 11494 4938 17616 4516 12183 8482 10640 17891 17773 300 17752 6079 14933
3768 14727 12877 9961 794 10233 9150 13920 10923 15395 396 4480 7902 13437 14209 7912 8293 3031 19597 12463 1309 1373 5268 5138 6199 7270
13718 10735 16837 4086 10588 11193 11797 6773 12066 14917 13288 19766 3893 8994 18322 1831 5965 12897 9556 9451 19040 8529 50 17586 17903 4872
13930 19678 5367 3661 18268 16264 671 12855 9976 6156 11692 18669 17490 10382 18840 2182 3484 3100 441 13539 15636 7496 5553 13475 4946 7076
14178 8790 17575 17005 10901 19920 3464 10448 19057 9072 6886 571 3293 114 7702 7304 19818 5741 18652 9644 6000 5312 8344 11003 12213 18519
14553 15236 3434 14334 10206 9413 14790 3647 14523 1647 13077 15530 11025 13336 8430 1010 968 12455 4720 13429 8422 16099 19614 10260 8095 7676
2938 12385 9031 19865 19224 15331 3202 616 12112 8567 18193 3885 9546 12481 4086 17923 3867 10690 14966 8317 13412 10590 4710 17896 542 13296
3493 12416 9958 7640 11156 675 3790 9984 8168 12 11207 4860 3239 11930 9968 1731 1244 15272 5066 4151 17761 2752 15900 14439 12829 13594
6034 6806 12265 10032 9908 17786 2483 11919 3628 12119 12480 6331 708 15661 12368 4681 2498 17612 243 8609 7640 10554 2401 16270 15189 17984
15806 931 17515 17222 11527 4208 18659 7481 11957 11418 3130 17708 8086 16825 1067 10690 5832 11214 7990 5981 5952 16402 19189 12631 2409 13971
14758 12413 9241 8966 5497 9756 5428 18080 15847 3658 9413 4613 4591 6157 10246 18818 320 10637 1008 3632 7805 14652 8898 8857 240 4555
13850 482 19610 14815 6808 4085 6339 13032 15022 17278 1550 17453 4892 16544 14018 6215 17475 4472 5148 4973 10520 9190 3367 1985 14246 2318
19504 17052 7249 9115 4848 2950 14198 12739 2368 9088 13563 8078 15745 2749 5545 4663 8345 13014 4650 19347 13664 13057 8916 18237 6095 12409
12728 6560 9293 13130 12978 4411 827 2586 15829 5517 1110 158 19653 1506 846 15683 16899 3911 1190 12637 1333 17755 8324 1463 17035 13008
9651 3287 18376 12565 4010 5750 527 16386 4673 13889 15298 6288 2503 14360 15341 9065 17209 9854 19034 8174 6319 14342 7262 12299 16053 12479
19843 5642 14390 8806 4097 484 17689 17271 15531 3017 13474 4762 7662 17672 10111 5439 5649 985 5927 15338 17631 8273 8104 3760 1783 2654
10954 9546 17566 12252 11343 11508 18883 1272 534 13768 3547 18263 2994 12640 10959 27 13321 14688 16247 9663 4392 16975 11276 16133 13970 17476
3201 1616 10805 9965 1352 10672 2085 5928 12753 7487 3244 3909 11093 9137 19678 10843 8623 3958 19225 10061 18661 4826 4719 385 6007 8520
12298 5594 5093 8002 11676 6012 437 4912 14867 15166 15284 19249 5449 9220 15161 12965 15850 11315 13361 1918 2328 19299 19767 19694 5819 9140
491 1066 14151 9321 7370 844 17118 5884 17644 6399 14839 17088 18120 9225 19725 1905 12183 7275 13994 15370 8566 15750 12089 18235 15668 11590
12835 7131 11778 17052 6932 8840 13241 11556 3597 662 12734 9971 10843 12479 1774 11318 5412 14748 19787 15147 8971 8246 17473 291 2174 5903
1391 3073 8186 18222 15354 6485 19800 7302 11925 16489 13309 18834 1527 17759 515 16342 3192 18511 4412 19562 2921 912 15979 3313 19253 5984
8124 3522 1284 13015 9987 19564 261 7580 15707 1056 13532 8279 2122 19620 6354 6152 5441 13316 12584 5173 17264 15496 17290 3943 11992 17496
5079 9447 12696 6470 4719 4552 8781 8793 17050 15939 3652 5706 18565 12588 833 18908 17189 10982 15008 11284 10668 18692 16603 18574 5582 4277
14515 19116 12328 18600 15325 13853 14081 15207 12921 4001 1927 11245 13076 1591 19694 2550 1741 17686 14338 428 14886 3795 15801 10862 4705 19286
7611 12486 4500 7275 16646 19603 14690 15542 18847 9733 14906 3488 19139 2750 19829 13578 1581 19518 18335 7762 1922 11850 6879 14115 3061 10697
9368 11626 16899 18714 18136 3561 10785 8192 4064 11616 639 12800 2998 920 7683 1701 7145 8933 4568 7922 3431 9841 11638 15319 16293 580
2006 7107 11465 1943 15066 10128 3119 5555 2311 5808 19698 10685 9294 9796 7385 3834 13670 7029 1215 1604 17084 815 13289 8445 3959 4122
16313 16109 1743 1508 5706 14518 11970 15416 6421 12215 10824 16045 16956 18141 894 4570 13966 4804 15967 15993 12077 9092 11184 14425 12937 16574
15223 15208 12574 2746 5462 19540 636 6016 19202 17639 9410 18273 2518 12393 433 8740 16850 15569 5428 16971 11937 14348 14274 11318 19516 168
14473 5165 2246 16152 2774 1471 14625 10906 6630 2382 14144 16992 12124 12919 19952 7773 14128 9795 16984 8707 3235 14893 13356 1821 540 19801
13938 16515 10672 2745 2040 9879 17107 2304 3045 10418 4513 8168 9560 10722 4134 6795 15557 1986 50 11997 10907 2458 5686 9401 1540 2544
16940 2187 19059 5005 11773 5251 19957 4065 18669 16993 2808 17041 2278 3172 1008 9806 7927 10360 7035 2352 13224 8192 16000 11891 820 3539
5727 3854 4850 1268 9249 15885 5003 15801 15436 1791 17394 318 4085 5856 19453 9036 17320 15362 15405 13924 3929 15413 15877 10182 18817 10326
17164 19684 14700 9143 1654 4939 1320 18035 12624 1322 19524 11278 6705 14056 11387 17563 2086 15342 5571 5421 10360 17772 2023 11026 19042 16640
14705 12846 16084 9368 11381 7529 2395 11490 6420 13343 10424 9526 10745 4516 9305 10926 14909 2087 7110 4326 3592 17399 16459 3436 14540 4278
4254 4241 5647 5678 16760 16336 8936 6726 16529 17065 11546 17494 7825 9208 8916 18870 13870 11030 9350 9721 10202 8272 4575 15172 3253 15796
18067 13416 5958 6752 17884 15790 1073 14907 16288 8620 7343 10995 19939 2502 10627 14914 9792 10298 104 8230 15266 14246 16356 15437 15758 4618
5347 16428 15151 6523 15615 18969 16219 12725 17680 16612 8353 14255 1459 8252 19545 6346 2646 18053 7302 15351 6484 14799 4619 14790 575 2422
9784 12540 4798 16720 19094 8984 12956 14061 4849 4831 9043 11831 7731 11759 11768 4026 13932 2128 12894 1986 2903 3451 15257 6253 7007 641
3220 762 4397 4709 9529 2626 4217 16136 4774 14429 11514 10117 15298 7877 18042 15384 16593 1206 6761 17425 9056 10722 2008 8036 7309 2786
11227 471 13495 19200 8983 5191 18151 10573 14253 4210 11515 1707 18818 8292 684 19740 765 5769 3608 8422 19249 7915 11073 3201 15731 12423
17821 4246 12314 11748 10710 2087 586 867 18571 13172 17548 15779 1958 9397 1077 19283 2290 7596 14277 17055 16197 208 13793 12332 9379 17026
13239 3758 704 12144 16908 13946 9389 11687 7827 12796 8217 16878 18419 2850 18413 1969 17348 6647 17827 16962 16648 4900 13781 3369 2792 19679
11726 13274 288 11156 2920 16105 6559 16784 6679 3827 4635 8405 7233 16374 6337 15318 18672 3178 16028 7419 13984 1926 4581 4974 13010 5937
1732 13543 13493 731 2022 3842 11789 9243 11116 16389 9134 8937 13391 1087 16256 14409 13222 18149 2941 8282 7799 9628 2973 9113 17481 19129
83 17868 5509 3161 11453 7878 6230 3017 2601 15034 17028 16301 14189 10499 8689 3141 6558 6303 1995 13084 12561 6058 13537 16595 6380 5229
7621 18728 16806 7591 1075 12828 5035 14674 17303 10332 9712 15357 15774 10218 19147 13946 10010 189 4465 19580 765 4159 12651 8556 14062 476
19122 7805 18737 10758 2746 5698 6563 1215 2113 14353 3850 10495 14343 5429 7973 9617 9407 1241 8340 8516 8492 2869 871 16950 1169 15887
14781 3485 13589 18618 9905 17036 4221 1003 15941 18948 12946 11916 8821 13652 11622 17095 13332 8077 13862 10849 17619 1940 10346 256 17705 12201
16753 16543 17198 1544 4793 1633 12971 7255 2623 970 13987 17736 1102 19640 4654 13753 5658 18491 16309 13518 8150 9356 15531 15380 11377 2981
1648 2421 17994 5457 16820 4213 19665 13280 19390 2862 6364 13042 2279 7338 18113 18862 2870 1176 14942 2494 4293 4672 4620 17277 17616 15025
19490 15910 1366 6570 698 4476 16216 16876 451 13844 19438 11027 18385 4300 4064 7731 7032 5366 10516 18228 16565 1356 17704 17819 19391 16367
2025 18124 4683 17562 4729 15867 17454 9687 14758 1101 3662 17585 10223 2572 15032 19858 7269 16601 8988 1249 11871 14504 9192 19304 942 15116
2054 14943 16865 7718 9308 11920 401 10420 8320 9052 6604 15401 5382 17166 17755 14663 3742 540 1825 4633 4706 5112 11373 8665 3239 1979
18891 14187 5318 2685 17623 6111 17816 9489 4636 7798 6851 5830 15572 12963 12969 12082 17596 19522 17154 7125 237 14306 7238 12463 18339 19386
1522 2070 2822 5192 518 18757 13206 15675 2643 2262 1726 19690 11466 5279 18244 2883 8316 71 1957 8289 14799 6444 15725 9660 16566 13257
17929 5812 6223 15197 5017 2718 13209 1030 5230 17538 11405 52 10717 5469 5709 18911 10543 11836 9506 791 14560 15357 6313 6066 2 5453
2980 9971 8208 12693 5702 4205 15099 3570 4928 5510 16339 5619 984 18803 12586 4903 12985 9264 962 19658 7321 5962 16961 9230 5941 8400
6324 4444 2467 2509 16265 19191 289 13809 16068 348 10653 5825 16047 15279 12661 11993 3380 4045 3048 11029 10794 1491 368 5135 461 11424
3618 9679 3040 6407 17396 18151 1892 13243 3437 9025 19315 1077 6735 8028 3615 10731 4809 5845 14116 782 18485 22 5107 18400 13111 13254
15615 18722 17826 14691 8678 12642 15578 12431 14475 15434 11422 19361 801 14527 18197 14543 16149 19598 5 8571 12103 5776 9320 5041 12759 19056
14517 672 1014 18200 13147 10253 6884 14934 9273 11447 6927 18879 13887 3693 17320 6091 8976 6546 17898 5038 15550 18137 17320 14138 5322 18082
16282 10813 10037 13681 8068 6470 8705 1695 17611 4072 6655 10326 10373 6860 17675 3569 19915 2457 5257 3635 7118 1579 1190 104 5548 4100
4357 11070 8330 5881 18727 5123 1322 8748 11157 19604 16830 17961 12132 1710 13794 1804 12502 1319 6592 5200 995 16925 13684 6906 11982 7635
7740 17911 15723 18454 1566 141 19457 10835 265 14870 18914 13950 10302 10971 5843 7920 11104 8179 18753 12638 19062 15180 19585 3495 273 19184
1779 2866 1878 99 2821 1749 5947 4158 17513 8531 10881 7213 16794 1577 10415 13489 19070 600 6559 5091 15441 14480 8064 2877 4364 1137
17888 6859 740 1410 7367 3737 1477 7800 11923 15892 16304 7322 2551 1752 2651 3478 15153 9944 19295 11768 19376 8883 12783 4948 10763 6681
11815 12968 6460 18172 6084 8053 888 11233 15264 5050 17649 8109 8201 18685 15187 15802 5721 13264 3315 10182 5425 4276 9632 4219 3854 3975
13454 16611 1664 6818 8064 8054 1362 19730 6610 5238 7558 9961 15342 6093 13467 6624 6596 15972 2603 3018 752 8134 2328 12558 9619 3723
1159 9720 3438 474 6534 4415 3909 11371 2277 1744 546 13435 18356 6897 8434 19195 18585 5810 18478 14054 18991 3753 15509 3192 7790 13900
2151 13005 13734 14673 7544 9356 15350 12728 15781 9040 18934 5683 12446 7491 1183 1075 18143 5923 4780 12597 14367 16029 849 15512 15383 7471
8185 5692 13608 12086 8245 7001 19944 3914 8470 8064 1505 10627 16853 17820 10704 10139 16920 19225 15330 1269 10986 13611 15991 16130 14784 8344
180 2094 15159 9091 17810 4331 1103 19742 5163 5654 15347 19794 16105 1926 15953 19979 5777 3249 14089 4318 18395 5099 4255 18510 11814 13802
8077 1866 17823 11212 7628 17205 6708 18682 11729 16988 5469 9571 6313 16160 4530 16091 1974 13932 19049 19037 3663 9809 11723 11847 1701 7821
16813 15389 14366 17781 5485 11243 13678 2048 8927 5556 17393 10897 8005 17810 12726 1684 6582 3074 14593 17386 15160 1520 5622 8156 10965 18426
9355 6145 19269 12529 4139 15015 6924 8856 17324 13853 17849 17280 15737 7313 7237 12021 16542 12890 14337 8799 17187 2586 17133 11040 10776 4746
10669 9573 11750 15593 13928 3658 13399 10703 7821 12272 15662 16051 579 405 15468 9299 19964 17756 5049 14425 6457 4453 18744 3465 7665 15065
15783 964 14895 4694 4588 5525 17854 9290 18180 4993 2055 18766 2525 15392 3913 2021 15123 11077 8063 8947 14890 1857 3836 2266 19177 12098
1435 5330 5785 8830 6517 9243 5652 4919 7381 8931 18431 3271 17378 4784 11241 81 19684 13017 6069 8062 3218 7775 13425 11656 11524 6196
11583 2317 19651 13456 13640 4374 7446 2122 1493 8574 10677 5566 13921 6734 4287 16617 12972 6805 13101 16782 17236 1403 14802 9024 18954 1236
3846 7725 5578 2414 12800 17717 2343 14937 18323 11470 11905 16191 2461 516 14823 13318 18474 9021 5143 6272 15233 10612 1675 10103 17040 1008
8699 17951 9142 14327 14483 6615 3517 13284 17856 15659 7985 12776 4447 13098 11659 12259 652 9629 8825 11348 16508 7458 16657 15550 8917 11036
15476 15406 7547 7686 689 8452 3814 15954 7581 17788 3719 7023 13426 8232 19577 1588 18868 5962 18894 9682 14715 5720 5374 18868 2926 17880
7469 19473 19899 16466 3462 11999 8831 18538 9736 11356 11864 15606 10748 7368 16455 12108 9726 8411 1259 725 8170 9960 4487 15458 9938 17993
18490 11389 15014 6494 11541 12622 6828 17624 19436 18819 17273 1424 5841 700 19314 18659 14026 3450 11193 17917 3293 13469 13344 18603 9688 10501
9752 18573 13288 18583 9456 2448 18107 13572 7331 18968 9192 14645 1927 223 9971 14882 922 2757 8509 240 18263 12845 16442 2114 18029 16756
1043 9616 2643 12459 2224 15069 8418 12316 15285 15769 8978 15758 1486 9562 10906 6716 7003 9179 1962 574 7811 3397 344 10781 12785 18790
10446 16296 11039 8923 11713 14034 8415 5510 6957 6072 3158 677 11999 17850 18494 11061 5651 16435 10120 12551 7499 6363 18119 3698 11706 3880
1380 13210 195 11429 16042 10588 19427 10767 6495 15452 5198 15498 11032 8265 3053 15746 1215 17370 11527 7287 13732 16957 7675 6313 19923 16904
6752 4104 4806 15440 10003 427 13886 4094 18573 12830 15683 8895 769 1166 5834 14209 5489 9717 19450 5029 5099 8139 3644 19804 13376 250
1152 1360 9845 2987 16088 1314 1857 12038 19416 1012 17002 9500 14794 9717 1599 7153 1081 8190 6947 19225 16085 4574 2263 11840 13059 1545
1253 18888 14004 17841 6533 13163 2151 6938 4736 367 13966 1622 15495 12023 8025 3218 9547 1779 19093 15109 15194 3461 10855 1029 9989 541
7153 18161 9141 17612 14814 13453 15391 4488 4769 17572 12590 6118 17743 17789 9979 4764 4758 15326 13242 16073 278 15717 4380 19530 10333 15809
17266 7629 8870 667 12277 15726 2407 355 1394 6958 10069 15046 797 13754 6484 7883 18896 6764 19637 9247 12350 8806 4999 15096 2225 16022
6616 6752 1782 16587 8815 15634 16119 15573 4199 2208 18620 17337 19520 10415 7511 2441 5778 10017 10365 9428 9527 13245 14726 823 8324 12587
12100 12487 19596 10851 7158 5012 1612 11512 5838 16282 14046 11060 15250 11335 10098 6855 11896 3364 12254 14660 16845 955 14651 1653 12162 16196
12723 6197 18911 19815 5699 9523 16542 427 11357 4774 4856 13974 12055 6721 7645 9076 3664 3349 4552 3813 9832 10853 11630 12641 15452 18229
14251 2992 17146 19037 18057 16480 16594 4847 4328 8177 7200 12645 3931 11006 9416 6452 10125 562 5585 9656 10239 7750 13503 2848 3768 4792
15486 11202 17464 11519 15692 819 14682 13263 4064 15122 14975 11638 12765 6276 15928 11239 5630 4680 5998 11970 8473 2376 1167 16142 16181 18678
13437 4135 461 12022 7890 1819 2246 1270 18790 12707 19136 2070 3249 1665 2267 10206 6420 12885 7982 13944 3865 15617 5459 18714 2031 2104
11788 6008 8036 12765 19862 5643 992 11156 8818 14609 2288 15508 18511 6299 11582 7122 14342 5716 10349 298 11241 9744 4206 9349 14614 16463
13639 10221 3176 3296 19993 19059 16775 5423 2635 10291 14597 11109 6522 17293 12245 15723 2927 6452 19393 8776 14649 5205 10693 3396 1426 19967
14705 11128 1836 16412 17478 6859 5733 12642 11548 17537 15661 16772 2275 18789 18475 8177 10584 19952 6806 14193 9321 14995 3004 8690 16803 4404
18227 14790 7131 12895 15266 12601 9717 1466 13856 4149 17256 17243 8911 3693 9846 16232 1097 5513 6103 7597 5757 10008 4236 6207 12554 15410
19012 14717 1764 8773 16332 12828 3063 15676 7176 12747 15380 6155 15752 3939 6748 4930 13679 9007 18926 3709 19699 14954 8193 13653 3877 3833
8370 4170 12010 2944 15825 15659 2606 2320 12483 15790 7163 11837 9626 13093 12166 4268 17266 2152 11725 15755 11276 6771 17741 2304 1362 2356
3096 17009 12346 11201 8143 17041 17961 11084 3353 12015 15623 2707 8412 14011 10011 19918 14766 16793 5700 10102 12070 2909 15045 14983 11654 16686
15616 13695 11077 6221 5936 871 15157 10265 14084 3442 18142 17317 849 683 4798 8213 16986 15992 9129 8347 15938 10455 2172 338 3215 6571
16517 9652 14741 18044 15641 15180 11610 7909 14596 17471 10116 14253 10030 8376 1730 4375 11887 14485 15872 8689 10971 17449 18043 2378 16791 3843
13179 16828 13526 10419 18931 4871 10839 17596 12051 16622 5980 1400 1819 759 9626 2830 8045 1319 13859 16437 13053 15116 7217 16643 6083 18077
19193 4318 9159 7587 925 8836 6389 14609 15701 6754 11446 155 6886 11728 13052 1660 6724 9244 9895 19238 13298 13230 7082 11062 11088 9775
7735 12314 13583 5988 19672 867 2879 4701 14549 19438 6894 13241 19679 8912 17193 5591 150 12040 1559 15032 18654 6107 2452 5543 3961 6146
11050 71 2445 12563 854 17530 15153 16317 900 6825 16821 3588 7415 4587 18147 11234 16246 19391 9510 4006 13695 5908 3963 4256 4839 12733
16642 17032 12776 3400 1958 9204 5569 1480 13672 9059 15937 1226 10982 13831 1753 5183 11298 17039 15254 4618 3526 7120 14074 19448 12752 543
10239 8829 12204 13580 2296 12674 3966 7892 2429 6266 10882 11342 14521 9712 1180 12993 3443 15124 15254 12556 13697 6472 581 18766 19751 5197
15559 19459 8461 8039 15558 2888 9659 9712 5766 8113 8933 7457 14084 15772 681 11492 1633 11617 18711 6564 8032 18359 14400 1528 9897 978
15802 493 12838 19037 17675 17821 4395 10119 19116 6982 9020 1397 17932 19219 5750 11105 8209 10292 5223 833 11180 10397 19289 17225 6835 6771
10060 12178 16337 17864 13649 14951 8370 285 14938 19911 822 903 7625 9033 16724 996 14230 3256 11767 15382 10573 12190 1552 3541 9974 17956
7092 4232 8578 15034 13546 17721 19065 16443 2285 14940 19571 14176 14235 1790 17983 15952 848 10016 3460 7266 10313 17155 10261 18020 14141 4310
5985 3346 9525 10689 18212 4810 16726 70 12171 18028 1207 5848 4394 13378 18171 10002 9946 16130 11790 13426 18671 766 3020 18888 2008 15612
19607 15058 17502 14988 16152 12621 1775 14766 15010 5448 16114 1439 11139 4734 3156 4770 9685 16647 8176 2567 1430 2086 19013 17801 16906 16757
11080 3544 6034 8881 2777 11461 13184 5483 8676 17908 983 8981 1739 8217 5607 1977 4685 14752 9389 18327 2926 11554 4121 19186 5059 6760
5263 14173 18812 18577 11567 13326 5066 4300 8699 9976 1169 6189 11336 6528 11466 19299 1073 205 3927 3349 10917 7095 5611 10269 11252 5302
19088 893 6652 12760 1928 4942 297 16348 553 7675 17039 19260 4849 6771 4403 5380 12973 13704 17057 9997 15510 14817 4230 13564 10046 6224
13307 926 1626 9434 5378 4645 18166 14070 13361 19878 15504 11240 9311 10557 17300 15462 4205 7901 8984 4086 13040 1270 16604 6023 8693 16685
12601 19437 13844 1645 8858 14258 14023 11985 10731 4192 5001 6991 4200 15239 850 11657 16263 919 19816 16423 2394 9694 9505 18872 14797 2163
15113 2316 8904 1401 43 4425 13145 6355 19529 11303 16663 18467 18791 13816 18929 2053 10729 235 7529 407 7101 15765 11276 4533 19780 1201
1740 5198 1935 14153 9381 6707 3078 2209 8589 8273 7645 1801 12356 13071 16932 2889 8940 16955 17969 571 4048 284 13738 6331 13613 13852
16326 4808 12086 10445 3454 12619 39 4354 11830 14703 10908 3536 9009 5060 18793 14715 10805 16717 3836 19863 4795 5670 9237 15931 5926 172
