365
73 10 62 97 33 4 0 18 84 75 60 97 94 47 40 98 2 34 62 25 93 52 68 69 87 12
6323 18462 18140 8700 19990 2887 13916 10996 3051 11866 13433 8207 14588 3072 6460 9541 3196 1496 19286 6582 11808 15948 6347 16864 18870 16504
931 11841 8024 19718 14080 9972 11710 19305 3918 2938 16389 17211 6524 3828 19929 8778 10232 6429 12445 15851 7298 4525 19573 6877 17109 410
6184 5542 558 10908 18276 10031 12275 12366 17280 12752 9474 4156 16015 1763 6073 13857 19461 13033 3145 14458 8038 2918 19765 14618 14653 12452
2505 16930 13972 15431 9943 13404 2815 6296 8710 14790 15979 5640 607 716 17627 4046 8229 19313 11830 6145 8398 16473 14795 10795 16936 8348
13453 13819 15905 8779 19742 15555 15680 16122 4659 12369 16274 10016 15311 10596 12008 5342 12322 19760 8709 10489 13050 15990 5183 9528 18345 202
14724 1871 5982 986 19987 18670 3674 12153 11862 16300 19324 2040 6312 5058 8822 485 13831 17198 16111 2484 15364 7604 3281 12154 11861 4750
7974 19876 10430 4727 1234 3189 3454 1483 15659 15162 2260 1010 18069 4161 2737 5277 8689 14810 16373 664 4491 6186 14446 15701 14400 14649
18303 9057 15644 18983 2086 9560 11909 9373 11801 1109 2742 16462 9036 9168 8982 15502 14113 14556 12171 1045 2806 8178 19813 7813 17547 1071
5678 11022 12140 1047 1706 6854 14189 11255 2542 5165 3736 13095 17928 4446 15206 16204 2463 4195 2423 11481 17048 998 6084 17217 4925 6019
9230 4948 16623 18626 12724 7309 7261 18483 4123 13734 5347 10371 7875 18383 18755 156 18642 12670 6165 10658 12487 17245 14448 317 13025 17392
18057 4465 7657 17823 12197 8909 6066 4895 5378 4401 12605 2433 2001 401 1306 15473 1940 3754 17703 3281 12046 19517 1054 1962 17785 7365
13331 7391 18523 9617 3038 15435 2532 18789 1927 5525 14350 3934 3677 5826 1638 995 13937 9405 8378 14528 7600 6623 17550 7010 9103 19405
429 8353 17270 10845 16954 3069 19165 19508 1072 11863 12030 3837 7413 917 11808 11160 14274 1695 11272 4567 996 322 11016 2231 15890 84
15192 8640 2867 19357 8953 7543 4337 4126 13736 17883 5958 7961 12579 19458 14060 18466 16959 15742 8852 8295 4481 9799 1076 6308 14693 3431
5770 18876 3553 84 16828 5258 3929 4980 19421 12882 15522 15932 17393 17743 15415 7057 12725 5057 15010 349 11067 13683 8251 10464 4352 9364
12156 19279 11890 7317 175 9991 5788 2704 13357 7586 2923 6364 12465 13495 4124 4834 17032 1649 17048 17198 15992 11936 10770 19388 12768 8945
2186 8571 4308 1350 3585 19299 19762 5082 16552 16597 3722 2839 2834 4092 7081 11502 11087 5185 8002 5738 6030 7391 4112 15698 15000 3621
4479 14927 6432 18740 12160 4738 10887 8638 2237 8977 50 2002 978 15717 14933 10423 2008 369 8999 3322 12585 11008 3340 12227 4651 4826
12136 15368 13252 633 17423 4943 3403 14606 12239 408 4178 18065 15732 8693 2306 15670 3967 13081 6506 17803 5568 14349 10842 8365 17755 11334
9643 17852 8955 14842 18210 1498 16400 8181 107 17267 16230 18249 17589 8348 5579 1161 10511 456 6876 18697 9966 6247 5046 9111 1907 8934
9914 12262 7131 5622 19479 89 2952 11707 18908 6059 11462 6005 15646 7234 15586 12593 17923 11768 4026 2872 14088 1784 19154 6677 19954 14388
8822 7172 1848 15808 16506 17274 8268 17075 8704 11832 9853 13962 12154 3095 17861 13572 5323 9097 1999 16518 10428 16637 1881 2560 3663 1991
14372 14108 17485 2968 5785 8623 11522 39 2074 8713 10132 11331 12725 13221 19438 2552 3763 9271 16238 14642 8423 10163 7878 493 1667 16887
17759 12473 5025 7197 9654 401 3516 8635 4433 18304 3889 1014 13062 8429 16016 6967 2285 9032 5750 4421 5038 3238 778 7128 19494 10724
13758 15578 18778 15984 14789 10580 14878 6320 5811 17430 3702 7242 4563 12816 7302 19251 11520 15259 18479 9000 19409 19533 6312 18661 7399 887
13332 7996 12994 18907 3915 1123 10322 11925 16350 8293 14288 12343 9939 11817 17187 19254 12205 19124 1872 13475 19301 5890 9991 9497 19313 15473
7883 3409 15102 18877 5256 12007 18866 14045 15357 10736 2344 14865 14183 15904 389 3555 19898 2121 15763 14222 1926 849 16879 17275 11511 11876
5262 5887 15729 17415 2313 13307 19223 19647 3765 974 11362 7631 17579 8255 19936 17103 8657 12655 11828 96 11273 13701 9826 5734 16184 11556
1237 514 17771 6704 213 1464 995 15577 3369 18418 13613 15843 10702 15416 6630 6740 12263 4716 3611 6934 1626 7300 8828 13685 7222 11693
15568 12111 4918 12136 9154 6238 18400 1816 16440 6532 6579 13145 17318 1530 13922 799 2504 2675 3894 19885 6325 16567 3238 16984 18641 18650
15792 10819 6096 14447 6898 306 7221 10689 7013 17773 18589 9711 4921 19666 232 954 9576 3444 13271 16775 7045 6805 13533 18252 19474 17795
19613 16324 2916 14201 19474 17676 5594 4522 19876 6533 9266 13804 9852 13128 1072 14364 7045 6433 9752 7629 14129 11898 1560 10319 11882 11714
13309 14134 11736 17349 13389 9372 5031 19825 19529 8443 6476 19983 15290 16427 5680 18100 245 4906 2142 7329 17518 8363 15225 19798 399 6917
17865 9997 1908 18415 1311 16050 12736 4076 11471 10622 4497 9504 17677 113 19091 8852 4258 8817 10517 2827 17348 19599 11484 3930 18953 19913
6 7942 10047 6837 6858 2262 14114 887 11573 10366 6602 18894 13375 12539 18463 1780 1934 6104 18356 19845 7701 17165 8137 9560 5521 8397
5787 19876 11713 11582 9358 18484 7359 5245 2340 4134 18828 18256 14830 1797 3750 2631 18164 1302 11731 12223 14625 13285 9080 16977 7817 13638
19379 19034 13865 10716 14626 12482 18363 17673 19557 8088 1632 3060 13889 16662 12820 3506 16764 14720 10883 18984 5671 3293 2382 3245 6157 6731
16281 7960 17728 181 11726 6113 1468 1143 12867 236 9266 14496 3851 6582 15753 5228 125 490 15545 11546 8034 4761 14502 12402 13573 18311
7763 10738 7100 3781 13112 15210 1576 7085 9694 18558 18548 8929 17644 3485 18592 8419 7417 10771 19560 11986 9995 8997 13147 14161 10333 14687
11413 6554 3837 19201 13595 8825 2687 7637 11452 16752 1360 2554 3735 5151 484 16570 11183 576 13852 1421 4127 6321 404 3821 9012 5601
6912 7287 3429 19253 7086 354 10616 13052 2334 797 11895 18041 5170 14717 4837 14230 9103 1709 18485 18643 12576 9838 19571 15375 19869 19345
19841 12 9825 9587 4847 40 6975 9744 3595 4216 102 18620 12216 11679 3714 17972 6583 11351 13336 10565 3639 6291 8258 3919 15018 19026
14077 3850 10821 11885 7920 434 13613 8564 4009 5648 709 1058 472 407 10397 2459 14417 1770 5022 8981 9068 9747 8114 7230 8165 10822
17358 18849 8944 5139 1719 2931 7909 15287 3818 17049 12966 17621 15938 12583 10892 4296 17141 2430 4852 9013 8011 1386 7197 10423 797 12485
11427 11001 5788 14860 6946 3725 10326 5400 4652 6303 5103 2732 5834 15757 19081 8055 13489 16411 436 14507 14852 18261 1061 3937 10952 281
17983 10276 18042 15460 15348 8139 2219 13726 13034 560 15362 4728 556 15249 1815 45 3883 2995 2297 5457 7068 6609 17141 6378 16169 8179
3004 3074 19459 16749 18720 11746 4019 3563 15411 708 10887 7685 6068 3606 18317 15643 8409 7505 19519 19736 10690 3276 7006 14146 1343 11047
17984 2678 17123 3989 3919 11512 4079 3350 12383 2049 13151 17564 4295 9582 14774 5199 849 7644 359 5851 3652 4539 9976 14294 19078 18018
13313 2752 11385 2459 9179 17897 7894 9019 13944 12179 7095 18081 10605 9019 12166 3880 12591 9717 5319 8225 13395 681 5750 10824 13760 9243
443 13922 9402 7048 9267 6578 7371 15722 17 1012 13883 6010 14624 7757 13889 18281 11930 15910 12152 6513 6843 17540 875 3710 4855 16666
19957 15014 6946 4607 16156 12079 9086 7593 19933 15460 5018 7950 2797 6477 1455 9504 13306 10221 6714 5958 19758 9936 3155 17791 16301 8780
19696 7092 16241 7378 1502 16824 7647 2913 1614 13966 13909 9081 8453 17906 7319 16411 6753 3459 15180 14559 7685 15434 16867 14796 18288 1474
19857 18277 14172 11598 6297 9320 6653 15752 5285 9327 9915 10143 18606 18044 16719 5580 15000 19257 8139 8300 1519 10940 14516 11130 12171 4444
7616 9225 16107 18080 3904 2906 2345 2141 12738 11728 15765 2772 5194 9235 1680 7849 358 13707 1757 18528 245 14475 9535 17614 16445 10369
1462 17254 9201 12862 463 18413 6026 7428 9048 699 19454 251 15182 6312 6082 14927 4262 8561 5606 287 15744 16369 4907 825 7185 18483
7625 19363 3853 13756 5230 3747 1421 18840 6301 12846 5032 18443 18165 6098 16055 3438 19808 1912 9206 2823 16436 19512 6625 16903 9744 7593
8616 4823 17658 12227 3586 9836 16353 7583 6316 4040 19755 10063 11229 96 12921 16139 5987 12486 14109 8170 14330 611 17501 13906 664 14891
2000 12099 1479 4367 16923 15592 19037 14713 15823 11030 14766 5560 3473 19500 2413 15346 15013 10774 11700 7696 13877 16483 18541 15659 18017 13767
6223 8292 4766 11084 12567 15374 3798 7056 1987 4380 15525 7137 5063 12450 373 9910 8714 10821 55 18455 12386 4769 9946 11468 11470 2315
18933 9881 6751 15875 2678 4708 7042 13511 6823 6158 1776 808 555 14838 17903 6274 10015 15228 8427 122 11495 2237 5486 2067 17610 14744
15287 1938 7167 5169 12699 578 16761 13053 7434 6843 2983 18529 14171 5456 3239 10170 2861 11089 14403 6890 5895 5767 3632 17360 12402 6386
3219 5504 14723 414 3728 16942 1627 6707 13546 2362 15248 10240 4744 12117 11525 5464 15033 16658 4473 12228 2455 11175 9914 10497 9661 2919
19713 13889 3155 15879 11837 14349 7495 12648 7899 3925 6599 18759 14148 5647 5629 12778 19238 18782 7027 936 13890 1243 3000 1936 14638 10495
2279 3627 4404 1292 16804 19105 3331 9731 96 66 17392 6355 10800 5591 19420 2979 111 19954 5362 16380 10991 1637 8826 8101 7505 115
14898 13278 14970 17458 7697 2508 11363 938 3977 8862 14375 6557 9439 16588 11765 13292 11512 11178 18696 903 6082 7942 9140 7735 17339 3741
13600 16052 8719 16503 6426 11656 2297 852 8264 8420 7356 16049 10239 16157 5115 2083 18001 4521 18643 680 11049 16777 5192 16532 17721 15677
14958 5307 4747 13606 15279 7958 16865 18341 6431 13051 16744 11121 390 16581 41 14568 19162 10690 16759 9774 3187 8180 16189 13508 2524 11517
9538 10575 5092 2637 11098 18551 3935 1551 12088 1269 11633 12372 6748 15031 127 17350 13491 8039 19861 17418 8911 1419 3126 12686 5588 11804
4461 6821 10759 425 7443 3092 10798 12708 17697 13071 366 6218 13675 3287 5275 17967 3970 19389 1411 13760 13399 13324 2583 12536 5123 6749
12820 2990 10961 6404 11037 1863 8897 16750 11718 13448 4381 14507 13996 9427 18582 6461 14516 15097 2324 10891 8871 5599 18145 6363 15450 17991
10067 19137 16414 10888 13447 2382 14327 15313 16254 16057 4832 15461 8353 18961 1338 3546 9895 9177 14986 40 9951 3251 19685 9624 10121 1662
11837 3439 18376 3566 3045 10078 7750 12417 14528 16124 2992 11341 11256 18285 7499 12088 5190 10984 434 13252 12027 10788 10680 11991 14585 14152
4123 1774 8230 5463 5807 17153 3964 6817 17240 19015 2940 7700 13869 9833 4465 10655 14507 2019 8709 6537 19581 18300 5129 10898 2292 18082
17179 154 6079 7013 16345 6202 18799 2830 10071 18293 8162 7109 15456 12526 8364 4498 8957 5839 12375 16102 12540 3173 17886 7265 5642 4980
1846 10135 11165 234 2636 14499 11519 9975 15433 19305 9242 16557 7525 2242 5124 5630 8095 8261 5994 1287 4152 11733 8412 14284 10187 5050
19529 1995 466 7264 14460 1813 19571 15736 3771 7813 586 7450 4879 6238 4327 1341 8622 18394 6007 5407 19414 1415 15875 4624 7903 14551
15864 16434 4744 8462 16946 11443 7221 13407 4673 13138 3550 10863 3163 7015 2708 8012 9731 15588 4706 10268 19671 3937 4456 10907 10597 8944
5010 5823 13818 15181 5592 9996 1626 15906 17743 3345 3949 16173 3519 10740 7925 592 19394 804 19269 6216 8620 8631 4244 3937 13337 6837
12156 16249 16511 9228 4393 6932 15256 12866 1818 2846 342 7282 6232 9158 13964 2829 19949 10655 1200 10920 1391 18762 10316 3936 9163 4168
11346 19333 19563 9762 7773 14289 19092 9988 1742 700 9434 17001 11293 13483 14533 12804 19276 12466 13929 17136 18397 11922 3103 15863 1327 3894
5378 7584 3716 1591 7392 9577 10500 6220 3735 6290 1152 8397 19247 304 4187 19735 9699 11261 7239 17753 7628 950 16556 13554 16834 438
4313 3150 1266 1878 9116 13761 5975 1882 18928 16111 7161 19793 14555 1451 3712 3577 12410 19488 12063 8918 9924 3844 10381 12004 7993 11436
2384 9230 3170 84 10567 4263 4275 7460 13889 8493 1662 8269 10484 9048 15243 19762 9888 17969 13845 10768 13428 12346 2671 13147 6414 3731
6437 2934 10033 14757 8538 8892 2909 18441 1085 4980 6145 3742 19687 7371 7283 7704 10540 10090 31 13349 8016 17889 4397 11961 15760 14947
18097 117 1768 708 3179 2592 5846 17465 9428 7368 3683 8165 17917 13589 8227 4743 12863 3478 5869 13965 11402 13455 12328 12667 9943 7984
4676 230 9560 3380 19991 6552 7046 12113 5014 10646 19527 15874 15165 19277 17340 8009 11703 5905 12990 2680 12983 6380 5565 18453 6658 19798
16106 4280 14240 14934 6910 2269 15325 6237 10860 4341 8494 7986 714 15233 18823 12400 131 12523 6420 1418 10355 18834 10347 19430 5984 7033
2905 5666 547 3852 6588 15162 17087 10488 14634 14448 13214 1599 2849 19368 2250 19502 15900 7647 8515 12853 13073 9209 11165 10086 16592 12241
2764 8446 3216 4431 918 17640 13636 19655 18402 4482 3699 2443 16967 17697 1939 14434 13326 16465 3738 17262 3691 13639 4560 10021 19109 13190
17770 16609 6734 13921 13185 13103 12984 1450 724 15198 17276 11639 18942 15759 11511 11964 14085 1897 3872 72 19141 6991 13482 11963 6857 9289
2803 8791 3449 9463 14655 3800 19053 16561 18961 418 12301 6463 3683 14501 8060 8111 10946 7350 14386 16849 15159 2946 8660 664 17904 13686
6147 12516 2459 6991 1370 8158 11683 9972 9523 19993 8036 10068 16350 14537 5004 7700 19947 19201 4108 4373 18059 24 11154 19322 3039 1691
10552 5522 7488 18533 3609 17659 6912 5325 5459 7367 9324 18942 3298 13600 17789 4791 10673 7659 6750 8677 4451 17337 76 9530 15860 2017
4324 13999 9555 19990 17526 10894 15282 12758 11758 17629 18532 17013 8733 14674 19109 3276 524 12171 18793 14304 13555 13091 6232 1017 7014 15048
1010 6324 18118 3486 16000 1328 19875 6730 18040 15302 12187 15061 1252 15811 18475 7316 13896 18311 7946 3664 1028 3727 7316 2352 15475 11969
14736 3146 16760 12626 1099 8698 5993 8742 14296 9165 12135 8570 18567 3168 14964 3657 2663 300 6937 17976 2804 13290 14376 15688 5790 17275
17441 10366 12675 5425 2586 14911 2988 17589 9228 4057 12553 13652 4001 18727 16887 1358 17745 19869 10966 3689 5049 14018 10987 11860 5985 16585
11708 11634 745 4997 19574 6506 4665 19553 747 19055 2276 16477 9868 14683 19202 15146 4325 16822 14211 17108 17271 15495 8314 18446 5969 17540
15126 12910 15082 8802 15566 12382 5982 11633 11906 14658 13401 18096 13899 7844 17867 18013 8838 7945 16386 18980 4801 17616 13756 19573 14162 8706
15557 8207 10715 12067 18351 12084 11844 17346 3612 19638 18146 3610 8098 17687 16987 2213 12380 11649 13486 14224 12974 3399 2202 10239 14450 8007
1521 18297 18936 4706 8741 7065 10323 3883 17783 5199 14101 1989 10349 9618 9728 3353 182 11158 3652 7411 12563 9901 19952 14664 19472 8179
16174 177 6392 16004 12406 14108 751 17675 2291 14482 2181 9491 4427 1506 17315 19535 2561 5085 8919 8563 12033 275 6074 11388 4832 15781
18658 3137 17533 9573 8404 17377 18239 18389 12250 18572 12086 1895 15212 16451 1924 12989 10776 4006 6444 5385 10725 15096 16869 2668 2996 19998
14513 11519 7432 17574 18603 10156 15527 2378 13053 6637 6078 2591 12075 2298 5237 13650 4442 9010 8779 4441 1375 8526 11641 13299 12996 1858
15680 9803 16494 18871 12241 14718 17575 2718 6407 7626 7549 13802 10630 6196 5021 12128 2053 14364 14422 17410 15697 15457 14159 19335 13480 17980
12621 18883 11861 15227 4569 13757 16246 12967 4467 5881 1100 15731 11127 3426 15513 912 3076 18250 12092 1108 15233 3658 4357 18940 6647 159
7398 2430 8838 3834 15987 4536 2562 278 16248 6107 1300 17040 1455 2296 4521 5525 16138 1258 13531 18850 16575 15303 17084 381 6819 7803
2469 16365 14175 809 4229 13526 17888 6575 18151 1220 4772 8691 1424 15522 19717 10643 13494 18631 3995 3864 9847 16194 11391 3616 4586 786
18789 1207 1566 9310 7499 6864 7966 1600 9581 4721 12693 18363 832 8227 861 14630 13156 17704 11847 14591 3199 2369 824 1449 16747 6873
12770 9614 14673 16415 16099 9237 16105 17269 3916 14022 9224 2821 8046 19000 19034 12140 11515 10287 3264 8126 11535 1935 10577 3021 10879 16641
9297 1135 9684 19197 756 15841 18715 1278 6382 1901 16842 3612 11749 11873 13418 6049 5684 986 17688 16600 15215 2966 19511 10273 3085 17674
17062 16364 5216 14419 12521 1853 7770 9452 8040 19456 14404 12186 16399 4821 3493 3269 13483 2532 5647 16161 16167 11140 3112 6839 16162 16181
14119 15791 7467 9505 4296 651 1644 14416 16587 9122 17648 17615 2774 19740 6060 683 5448 4042 13002 10327 15043 7852 11840 19056 1746 12542
6881 6610 5574 5784 2089 2490 7054 8720 3677 10033 9127 12010 17505 2743 606 2926 10199 12974 48 885 15029 1772 6935 19739 10515 3910
12092 9432 19328 19051 3827 5251 13914 2646 14647 17919 12065 19598 14282 9896 3777 7220 6802 12311 19938 10011 17400 4550 1488 15890 9764 7439
4673 13423 19135 10978 9991 7782 17723 13161 582 3045 459 9699 19646 4958 4963 12409 10015 9178 5284 16313 3816 14621 10747 18864 13346 18765
14975 10214 10740 11365 3514 14864 19563 6173 4996 19890 1698 6762 854 2852 18815 11673 3539 12226 19556 17842 9624 17303 16233 16090 17946 16531
6550 12645 17160 14804 12259 4295 13107 9298 18018 11141 3189 10993 1530 14495 9690 7983 7967 15588 1267 19788 16662 3086 14250 2060 12784 17868
10264 9314 12025 8970 18302 19124 15971 14294 9703 1276 1167 17719 4094 9912 16776 13965 4014 1634 2415 301 1661 14443 14667 13295 6977 1615
15882 16994 3053 8843 2898 7163 15254 16899 16500 17181 8523 7505 7882 3826 15528 12549 773 12063 417 7881 12164 19011 4360 521 18673 14301
14478 13238 5981 446 8735 10246 19375 9000 8339 14087 19435 4928 12627 6357 11278 3492 17448 9942 1586 12465 2440 9016 10366 14258 18494 6346
1747 681 2823 10951 17099 8633 1282 3851 7616 11177 13122 7240 6301 4274 6143 12307 17672 11441 214 13479 9245 11731 11641 14732 6068 14972
18805 16312 15453 16516 16576 13998 12297 14005 1370 15482 14301 11517 322 9723 2450 17050 140 10275 16882 8990 6467 6046 8429 8958 9701 18609
2178 15695 1415 14648 16523 6302 12313 9233 15211 13415 10540 17435 14898 7746 10400 10724 821 7137 6952 11698 17262 12889 10734 120 15749 11545
17969 1477 3785 5518 1669 16940 9871 18059 15933 16825 279 421 762 8262 835 12414 5785 11259 3496 10748 4921 11308 1160 14848 13960 3119
1279 3933 7887 17631 5525 9337 11310 13584 3 4928 4224 13354 2089 10326 10590 10189 19165 19367 5965 7945 15864 2357 16389 15177 10162 18668
7774 3682 12220 7388 10220 2839 15644 3252 4087 13528 14620 10041 7851 16651 752 14510 1094 2448 6459 19277 6677 5019 3847 10318 16453 3442
15816 12763 4769 17961 5087 2216 631 766 6589 17764 17594 6649 2460 13037 14781 18514 6960 7078 6815 17829 16735 3939 5699 2232 6965 11946
12519 7164 7032 18811 12891 10338 18400 16336 19040 13851 17674 14175 4247 264 14735 9033 10113 986 17293 13795 8034 12384 18610 13512 13216 897
12773 1561 3255 15436 1614 11878 7039 355 15203 18416 11284 19707 4359 11633 4502 4997 17519 2467 3925 3908 10673 7974 5726 13410 2153 10334
15681 7908 17694 14529 6382 7654 2506 15176 4383 7970 17043 2785 7115 15710 8415 13727 9827 3268 8896 4671 16032 11485 15269 6424 17297 10984
1117 11236 4380 12479 13191 19931 19974 10094 9628 7803 893 6248 8266 8215 15579 5021 9467 16808 6609 690 8860 415 4937 3436 8936 11902
14844 11494 17716 934 7373 912 4394 4077 18584 7143 327 18561 4568 10467 18166 18133 14107 3933 11636 772 11161 14821 15390 12605 571 5479
16015 2412 7667 8729 12171 9027 146 663 6313 7385 5211 1674 18904 17457 1257 2328 15412 5668 16782 11097 5339 9042 5542 19130 6980 18947
14621 4327 5027 6697 15348 19079 2973 17589 4341 4881 18171 2869 337 4251 14210 15610 17888 10019 2529 11807 7286 18009 19997 2989 19241 7479
924 15360 17880 5510 18901 1202 14794 19274 19865 2687 4189 13881 9091 4710 7264 16081 12580 1892 15429 13893 4703 14659 6436 15493 4928 2508
9425 14255 8710 11024 9211 788 15763 17048 13478 16914 14916 15759 6234 1993 16093 10859 401 7937 5976 3449 6186 275 2219 11522 4131 2072
9072 3087 9490 19500 11845 6014 2288 6845 8234 12071 19719 7952 24 19679 7711 11108 2034 18216 11145 8324 14224 2994 3058 3587 13259 14322
7725 4898 18399 18545 3640 289 14047 17573 8811 482 7979 1068 8878 7074 16652 12175 6492 2042 3055 16900 3167 4575 7006 4353 18615 4241
1007 15261 5843 14949 2910 19694 12571 14081 14581 18076 16812 10977 13685 958 9479 5727 12017 17359 18352 591 3409 3846 12628 5173 10737 11376
9443 13469 18018 9114 14183 18593 9145 18511 11083 18634 15060 16037 7589 14853 2650 15594 14776 540 4230 11453 6993 1492 4763 7805 14435 3035
520 18340 17096 5790 10065 13092 11995 16568 5193 3595 11723 10947 16296 1457 11765 5779 18678 5315 2038 10597 5131 415 7086 17597 19652 17086
15667 3438 217 3899 3307 12500 16462 7269 9723 1011 14787 19067 19432 17873 15861 9213 1619 7870 4120 9312 8109 9302 16079 11558 1394 3914
17371 15554 11644 8034 12347 1813 6632 17010 19334 17723 19092 10368 5764 503 17501 5488 11008 16378 13490 4690 5229 31 5380 2417 12921 15797
10022 16222 15453 325 8295 2034 8494 4480 782 18048 4498 13706 788 18321 18748 2641 4704 1538 13125 2894 5232 232 11419 17221 13192 2952
8174 11475 17178 11431 5170 2216 14650 1067 17431 17500 11672 2608 10489 19968 12496 8918 1746 10905 2854 10355 2605 9421 6557 6961 3820 9910
2022 1781 17419 17589 9202 9627 2802 14991 3211 12532 4675 16768 6250 8396 13155 4535 12975 14697 13047 14844 3330 9633 17222 19084 10317 6280
5316 16294 7267 7527 9845 16849 8098 9214 15513 8167 2454 5168 66 6052 16707 18917 2042 7220 1418 4027 16879 14495 8286 14176 798 12468
6536 7119 8952 18506 6058 8105 12431 3851 17982 348 17906 4602 8298 7064 6172 4683 7736 1133 10444 2193 14843 18576 16902 17165 8772 3387
9752 10258 17826 8542 9379 18230 892 18863 16120 17608 10923 6801 1680 2157 6297 12309 8336 14354 12273 11669 4563 7477 15672 2812 18720 666
6103 13421 4874 4944 6360 11621 13713 13944 8827 17645 17950 5095 19877 10175 15110 4389 18873 13794 7183 1294 12097 1106 362 14566 8624 4831
12429 8619 14470 17899 8335 4714 15333 3655 15235 16170 15004 5156 3085 1171 4754 12113 9140 11586 11514 18450 10343 493 19795 16023 3168 5281
3980 16709 10411 778 5196 6678 9233 12920 12264 15032 9161 18471 867 6028 6370 7372 16522 14964 6396 15404 7794 5240 6810 3412 8055 978
5966 9731 18405 13392 13898 16852 3488 11962 11116 2873 15034 16434 7245 71 19182 7250 8858 16195 12227 14770 8913 18942 11336 17641 15004 9400
17037 924 10929 13898 5358 2242 4153 9584 11265 19782 9025 728 412 4049 6298 2350 15678 17038 15479 10138 10344 3528 936 6223 11218 7392
86 10214 117 1314 13750 2406 11203 6029 17915 10696 18756 7589 7435 16382 16061 10084 7530 9582 19959 6590 19558 10637 3788 756 12640 5828
13319 12033 8362 18439 15241 12210 18959 14603 17753 19004 16294 4679 18507 2968 4743 1006 18465 8310 19020 10703 9789 10729 10359 10951 17682 11955
8864 3219 13945 3901 15896 11949 17424 15496 8198 6084 15918 14124 16951 11790 13431 8161 15936 3147 17896 8577 13163 109 3841 6756 19360 3589
6704 17526 6961 17206 6564 7851 3076 13420 18986 8734 5877 15472 7010 19683 9560 6818 4370 11207 7257 18562 16096 7705 9941 5382 11446 4420
10190 19388 18420 16313 8958 14932 13225 5727 3243 7337 2757 2870 18507 12551 2345 14890 19830 13345 13699 3428 2634 813 6299 12836 14418 3498
4646 3581 18629 10796 12827 8783 662 14610 3468 4906 2552 301 16296 12617 12500 18284 3464 15749 8118 6836 19760 6805 14884 919 14591 9376
71 9411 9390 9856 1327 15483 18758 10124 15375 5341 6065 19162 7282 5719 518 16231 5947 6202 8634 15005 16220 1788 8464 4239 15937 18442
13510 9651 255 17352 1305 10993 34 8141 10984 17573 4901 11075 12197 19800 12817 13249 8785 19573 6739 13688 14378 14242 10462 9184 7866 2069
271 2530 743 16927 4444 17482 2530 9560 17355 17308 12815 13961 10296 4684 4797 19144 12679 15044 19505 1910 18314 1266 1704 12071 18393 17897
15245 7098 5677 11247 12123 1431 16033 2254 10611 16810 6436 4566 16610 12854 16375 13216 11710 4225 9932 18283 15445 4024 7673 10881 2394 12493
13566 12062 12045 8852 3289 19854 760 6855 4065 4776 12853 17348 1852 9222 12154 15542 9682 10023 10249 19083 8786 5541 7810 3276 18095 19403
11321 15685 715 16104 14785 17432 17734 15897 13528 13804 8797 10459 16200 3168 17063 6641 10279 12091 19698 15760 9768 13113 3373 12735 4679 12462
17457 6947 5787 6131 6210 636 2130 7648 805 15802 15085 11704 9897 4098 310 14611 12870 5436 5136 17681 17589 6832 5870 11300 3194 17106
7485 2897 17424 6493 15787 13780 2633 17848 4310 11280 11159 2039 429 6943 9963 4912 1810 19592 12444 6954 541 15317 3247 14014 14302 18793
10351 1432 11240 10341 16099 4764 18698 9800 11030 13768 9817 264 6706 7900 4135 12965 2587 15045 16393 9170 7789 17869 4064 242 12035 19101
18915 5114 14773 10397 434 10849 12474 17308 992 10903 17632 6362 2631 7222 10855 14145 12725 12739 2123 62 3728 5603 2322 10418 7349 1619
5969 14710 5916 7674 13886 540 2826 14391 6588 7932 2655 12567 2196 8909 9967 14516 8880 51 4057 8507 6683 17337 6083 15573 15889 19237
9532 4859 9412 15383 10152 13874 17738 15808 3406 7385 5143 1220 18226 1138 17741 4889 1846 19408 1568 3241 4242 15387 14298 1395 10030 7846
12180 13669 18758 19659 19026 18829 19152 4310 4195 9884 18383 14716 18544 8279 10974 4501 13143 14315 16279 10137 4045 7042 5428 4650 13427 5624
6294 6900 18715 4813 13453 9053 9085 9800 8583 15430 3524 3307 3458 9386 12575 1466 2115 1157 16492 18007 18957 5722 16931 6293 2899 15697
7792 19372 15681 3091 1151 18490 11213 12554 2761 7845 16585 5364 119 4988 17128 6850 4798 13957 15952 2479 2266 14729 4095 18009 751 13924
2401 17444 5675 9576 16856 14784 12680 4319 8257 5589 2729 5646 8620 11244 15882 19150 9364 284 10563 3395 15350 270 12593 3976 2427 295
11667 18864 3347 2800 4603 7359 16719 518 5893 12692 8215 520 10170 2584 19944 1124 3079 6752 1979 13206 8600 845 13216 744 10327 1379
14115 8445 7226 2748 14438 2076 5157 10758 13720 1338 3867 11723 2035 1350 13056 7004 15763 16674 4972 11118 8902 14544 15895 3401 2871 16879
3463 19391 3537 2867 16723 8025 14849 17847 3169 16858 8412 11874 12216 8857 11002 10031 6505 2691 16617 13369 858 3321 4640 9523 13354 13082
4892 12766 12028 15277 15513 4830 17088 18836 18242 9743 9307 17036 9226 1230 5037 8332 18993 12378 15212 15559 2749 11647 2042 18428 9784 7899
9744 10042 15313 2368 19882 2176 15123 9866 7229 215 2562 13776 16706 19294 12226 11122 13851 6307 5951 3001 12861 2170 1327 3387 9150 12117
12207 14479 1136 10159 819 4902 4781 3041 5915 12331 3 11353 1839 2138 17810 1273 16327 4977 5079 6694 9591 15192 11387 11541 7340 13824
9096 18036 1754 7145 10211 18918 14872 6596 15007 10687 5715 1886 18087 12918 3628 12730 1617 15417 12200 8087 6072 3166 10110 19366 51 7922
13279 975 2520 5032 9563 1503 19044 17190 12703 7037 5826 19842 7125 1184 1301 19625 16701 9506 2031 16043 19750 14107 11573 350 5944 7755
16934 10430 6670 5220 12258 6089 18866 15759 12768 13403 1558 16549 1543 17184 10669 5926 10138 13565 12677 16981 10279 10000 17846 16259 3252 11562
19448 5271 737 2213 10665 694 16789 14440 9958 8299 655 15911 9428 15937 13364 11357 5606 10757 12847 8974 3114 15655 1403 15170 19520 15513
11608 8409 93 11783 14859 17811 14993 18585 8595 1520 3327 17192 5585 17497 18166 9963 6349 4156 19295 10001 4422 17340 3350 9673 10976 13150
17850 19708 4531 19181 7784 5219 18654 6124 5179 10588 2873 19857 10180 3619 9778 16441 18141 4167 2985 13552 7961 5911 6262 3118 12002 13931
19441 16228 19850 16228 17055 167 764 2127 12145 13019 14888 7431 14950 19941 13845 17470 16322 6537 18493 3293 15702 5004 9578 18745 2496 17640
19107 4387 12735 525 1651 2998 7 7175 6206 12371 11763 13870 10212 11391 8082 10580 5068 9935 18403 17473 17038 4812 11029 3275 8962 3788
5312 19082 7283 5367 15344 1515 1547 6878 18545 14924 12226 1242 14051 16878 10870 13871 4703 15325 8827 2927 18800 14463 15745 13740 5484 12798
621 17815 18852 7503 11239 4252 6238 15515 16290 11780 12617 16500 17175 1161 2373 1135 11231 6549 16203 13132 7720 15357 1682 19223 19456 1345
13586 13857 1056 6561 4881 11580 5881 19960 4929 7142 15662 6933 3890 969 16652 15995 11862 1571 19262 13467 18443 5709 6960 17872 1139 10648
17546 9584 7163 12002 626 16169 16292 4459 11336 6404 1014 13815 443 12797 13012 10431 14296 16148 19922 16099 10605 14425 19440 12984 16672 9783
1302 9716 7750 5930 6293 16593 8011 1790 10811 2158 13649 19746 765 9351 1980 5717 365 19899 2938 5215 1651 2308 19279 12072 19672 1227
12072 4839 11705 8042 304 4573 6318 15437 5724 2472 4854 1147 7557 16265 18766 13571 18898 5988 9384 4565 976 17605 14335 12168 702 18634
6043 14472 3889 4920 10700 4497 13769 4275 2886 13090 492 7730 6530 15093 8106 1345 14055 17181 7922 16751 13784 953 10160 8997 345 3476
19093 1540 17929 360 2296 14644 12637 2894 382 3303 8660 3183 18370 13741 10765 16531 16256 6347 4006 18061 6775 6284 5596 17787 5145 1608
4223 11287 6080 15297 14567 12619 280 15934 12203 11193 10561 13247 6961 13052 10614 1472 6570 14410 17793 4779 18157 12278 4601 8177 4136 12169
19481 1191 9795 4940 5079 18297 8805 15142 14568 15797 987 11410 2935 5730 8392 7289 16752 3021 8101 18339 14561 8345 13750 6591 8693 5753
2897 8928 16446 10742 2302 16322 2238 9012 8872 17501 12740 12991 1076 15705 1068 8248 10191 19879 14697 19069 6511 14231 19270 18153 5550 18077
8473 14496 13701 7669 11170 1630 19849 2914 11032 10656 3268 14747 4946 14731 116 236 13589 11681 1898 13577 14192 6863 2382 15769 19845 12343
13282 14910 19751 6235 13216 13306 18101 4473 8103 5330 4412 18491 17123 8066 15448 12871 19800 4169 867 5321 3407 17740 16958 2273 363 6848
12554 8979 11705 19350 8934 9380 2257 9567 9805 11602 15354 19695 8198 12972 8738 2542 19728 16399 7788 7255 3374 15938 603 18331 14988 376
6678 6343 15596 15652 12072 5574 7207 8939 12417 18517 1395 5863 5001 16327 18526 919 729 3159 14852 67 9613 11739 9374 18085 10106 19758
3883 17562 8485 17652 5185 3894 11115 4161 14712 11272 13344 1110 16853 13335 5427 18773 18933 7604 8792 11843 4829 14623 13264 19186 11791 13698
13271 19770 11999 5422 17577 13657 15822 10673 11609 1061 3052 14741 6052 15375 1933 6609 13067 4459 8687 18860 13002 10131 858 9187 5755 9634
19093 7917 16564 17277 14102 13116 17148 18097 5599 8551 16855 3319 18662 7415 4479 4614 7653 13286 824 2697 13736 15609 5359 17186 4012 6760
10415 11960 18413 8626 8218 18215 11814 899 9899 10915 12585 6228 15904 11470 6956 13865 4621 10131 5763 4433 8957 13935 12799 15894 10099 13746
4504 5589 601 997 2009 18699 17927 11575 16345 15459 5702 1912 16763 13455 17826 16607 4238 1664 11098 1972 5394 12330 3990 9128 18837 16625
16715 4523 18303 10194 7260 6156 9822 12802 530 11151 15857 2943 14154 17085 6860 1428 10606 9594 265 13418 11580 10785 12302 13150 17620 19538
2004 11017 8541 6173 17123 17317 19783 19572 8028 179 471 17368 19716 2297 7195 11093 3677 17949 3491 657 18071 1502 12622 13625 5179 13444
12866 5655 4510 18015 4597 15895 2984 9094 7087 12087 14500 10256 6879 6966 6074 3405 465 10098 18292 18374 1129 3126 8391 12354 1883 7234
11450 11656 13169 17000 8577 12345 1471 3519 19853 4600 16743 4283 1227 13374 2192 10731 9708 14256 17041 15600 9941 13771 33 11020 2404 11465
5380 12717 5577 17867 11382 7689 1557 19455 7802 12155 8606 8396 2785 18715 12985 9389 8467 10676 13871 9770 19196 7620 7871 11452 18086 2866
17403 6328 17601 7319 17783 11220 19090 230 15986 17810 17530 7273 7575 7903 4013 5389 5641 11193 15251 14418 4226 17590 15855 7744 16373 15683
8664 6513 13783 12523 17137 10443 11748 896 4535 12456 17874 5138 7355 10536 10394 2481 15600 1782 9336 12362 728 19435 9869 17947 13355 11543
6315 9514 2646 9556 9492 16442 10026 3759 10666 10149 13002 9292 17420 4531 1771 13301 13648 15280 8338 13696 254 6134 11722 16199 9483 5885
8882 6832 14396 7300 8740 9449 6115 10197 3684 5222 5222 10215 10099 5896 10443 3452 4628 16196 15018 800 15748 560 12394 12804 7896 1384
9173 7882 12956 16260 16379 10358 12278 16941 6048 5256 11344 12082 18441 7720 5158 2360 9191 16201 686 3592 16327 17339 15765 17700 14821 9628
18488 10482 438 15954 16781 18439 4951 11310 13036 17396 17777 13468 7087 15254 6695 17708 3224 6017 15117 4740 2551 9724 6284 9473 17161 6263
16179 189 9603 16592 2801 8373 16800 5488 12540 7514 7795 1487 14816 9314 9315 15110 3439 18485 15850 6504 10072 16774 16579 17477 5989 9921
9749 816 17860 1707 12987 4010 310 2247 8074 3028 3072 5555 16036 3958 15983 11963 19717 10994 14973 18179 12882 19054 8868 11076 65 6253
19476 6101 10477 6950 7840 19465 14377 14492 18004 18058 1879 5089 7508 15033 15027 6494 17281 2067 14833 192 16175 7723 9408 15206 17069 10177
11586 14091 14323 1902 3224 465 6819 14246 14605 13130 11287 18308 5594 6697 17970 5828 2472 14449 4360 10375 1908 15110 19446 9787 9920 5380
6695 12727 10105 2365 480 11419 12271 1630 107 12308 2187 10963 3625 6791 16514 9824 7021 16390 3214 16453 16752 17252 5808 16123 14192 13196
6001 19922 4078 4040 2769 14638 15329 13809 12856 16296 11600 19179 726 10558 6689 15862 7282 19420 12970 12343 11739 3371 2001 100 19922 9291
4798 599 18773 18589 18064 12941 5733 11559 12817 155 15388 14868 13353 17256 12307 15663 2233 17557 8683 17504 2071 8527 14641 14422 5902 7078
13119 1128 12810 16354 5323 1431 5007 207 5031 4938 11186 10188 8779 12714 13256 19088 13102 4212 15345 11057 6788 12491 7023 10744 17848 7622
10136 3202 6341 19627 11485 14021 16282 17753 13180 19100 1168 17118 17418 17913 1804 15933 701 14756 6280 15030 6815 4582 1211 8219 7989 4360
5056 7130 2396 12445 18185 3214 9963 13748 17964 5301 6535 19501 1978 15470 8986 18824 18094 7269 6878 18237 2145 11495 10914 3720 5382 1210
9456 8795 10052 3106 17553 8222 10897 16956 3214 14454 8876 14210 232 13785 16932 19650 15834 19563 11138 18188 13333 12717 3540 10502 19504 4850
15586 9858 19565 1713 35 7152 4970 7310 17390 14114 14728 4138 7520 17226 4296 4922 463 2769 1601 12807 15590 7264 10900 5717 9114 16210
9689 5819 7922 12769 14922 6902 18177 8051 11384 15159 10980 1183 7058 8252 3678 18902 19625 29 16839 9349 19080 3873 6311 18310 10230 1172
15006 19737 3656 19414 12546 1510 8434 5869 600 9781 7056 18392 14067 10364 11434 13642 5359 5000 9563 13840 15141 19386 15700 12400 11994 9533
2800 4266 1668 9314 1160 4168 1056 5585 13895 7257 398 1809 15597 3340 18253 5102 1233 17031 15593 9839 15706 9295 12932 15358 17779 5786
4977 13321 5630 9486 17955 17445 4902 7228 4140 17799 19476 4935 81 9408 16989 5722 14180 4079 1298 8623 6901 11391 6939 17886 3933 3981
5674 14010 10365 6005 400 6007 11763 15532 8769 14876 11050 3788 13635 1462 14651 15231 9594 11081 16029 6916 1559 10368 11662 13993 9836 18846
13484 16944 5681 3432 46 12592 13370 11917 14417 384 13922 15899 19284 9726 1192 9458 15677 511 5560 18642 500 19973 11741 6880 12876 2495
15598 8867 657 1132 10720 15681 19710 15942 15823 8682 15801 17484 19241 1917 15699 1868 16733 2271 2448 876 14668 6292 17518 9525 8367 13477
3919 18082 9761 8916 10181 18696 13272 17127 8483 2052 8698 10669 12605 7384 905 1481 6065 9946 19840 7312 11465 14674 1754 13362 14498 935
826 10387 13919 2463 5239 13296 3608 12948 14644 7859 2583 17212 10351 18702 479 19229 13170 13770 11377 5767 18795 16360 18475 19474 16406 9138
17469 15970 2632 3380 4725 17742 19125 9200 8273 1047 16068 2617 19895 2567 17561 18537 2324 12866 7334 2577 5569 12693 2374 4889 7989 7587
892 1293 7750 15798 7579 13436 10391 14076 13950 13952 2149 7358 2854 7114 13514 19709 15162 15059 10746 18160 14587 5030 10479 11699 6920 4518
5621 15602 9405 14365 6040 1126 14084 7478 16056 15354 15074 2526 18525 11968 3328 12016 19115 7234 19704 1850 4432 13407 6486 11670 5738 15902
15300 14624 5844 14657 1446 4014 7558 13099 5913 16262 18213 18165 8269 16522 19047 1313 7245 5988 16104 8931 19633 1442 6949 6131 11475 16244
262 4281 10517 11237 7529 4045 11981 6636 4252 15717 11683 10891 15126 5853 5237 4612 16720 1295 19732 4790 6782 7287 3955 12953 5911 11509
5965 13064 16577 17654 15636 6196 19826 5349 1198 18091 8977 6665 791 8420 16746 15702 15652 18792 19546 9206 3535 8513 7033 4099 12143 14780
16862 14019 14757 13206 16302 5172 6621 12845 9681 8611 33 1791 17026 8661 16249 6895 779 8882 14558 14350 1522 18017 3756 5966 8692 15105
12199 12207 15354 7660 4440 2018 11271 8448 17469 4912 13325 842 17637 293 7550 17378 17883 8328 16202 8203 11285 14868 19993 12310 19559 19516
19880 8465 9847 12541 2695 15611 4924 2436 10867 16255 13011 13498 372 13089 2673 1168 17183 926 17893 13836 16716 19831 7002 18724 9620 18391
14949 9972 14484 1219 8172 3475 11966 2851 15332 19081 7937 8891 9635 12824 7576 6279 4883 3924 19248 108 5747 15187 11919 12789 813 10598
14538 4895 14605 18425 17454 1289 18655 8920 13802 16431 12072 13965 16692 4497 1185 15425 5112 14245 14537 7488 5409 9334 4790 13436 195 13563
14291 19159 11937 17613 12908 9845 12811 15750 18160 137 17811 9538 4847 3807 15231 5427 17931 5206 6832 10366 483 6028 9942 15107 18373 844
6093 10181 3848 14506 14946 11640 6413 462 18446 6828 3703 12632 17808 1274 3313 10881 15403 18014 9316 4041 14107 17344 16616 16717 9292 9089
2591 5612 5084 12662 6739 2040 19129 11286 9541 14970 4491 6637 16411 15856 11535 3479 9656 7870 5315 17826 18011 4592 15116 1417 5734 2071
3349 4936 4082 15799 2973 299 4520 14173 9055 8336 2273 2566 4707 14972 5419 14436 14770 15850 9272 10282 5679 4372 9259 11961 7041 15885
462 16132 11775 9182 18872 804 3963 16822 15172 10401 1799 19650 15976 6729 5405 16255 4375 17042 8827 13989 10802 2307 7814 17121 5758 19713
10382 17123 10678 18914 2105 4052 6931 385 19623 18234 5589 1338 12572 19430 3299 9222 19770 9331 18047 13698 3187 9186 19106 4512 9499 8700
584 8317 235 10949 16078 1111 1235 13580 4496 1196 6865 3926 1870 13107 16839 12536 3609 14595 19125 1279 6519 18956 14080 13547 18642 984
6691 20 16177 2367 3444 4005 17773 8932 17559 11544 591 13553 13483 11545 15858 14161 9873 7893 13950 12251 14605 3035 7968 8999 4411 16011
4345 9393 8788 3612 16951 19284 16345 9682 8203 7626 6277 7737 2362 13733 19844 3321 1274 14440 596 6383 13788 18997 8892 18305 2013 17868
3935 3634 19616 9835 2418 19859 7324 2174 13381 247 4041 1686 11977 8346 15972 19055 9071 7976 8555 10393 15211 10409 8452 9375 9527 4878
12230 6532 17438 3405 10990 10648 19506 4267 2709 9621 14105 1575 10263 11070 12784 5204 5158 6295 3299 2860 17609 3606 16782 280 8940 10155
16891 16515 1520 7422 1266 3340 483 4666 1311 6748 3325 19135 3480 16357 6380 9471 13116 4076 14645 14445 10710 17086 18515 9801 518 4895
2247 2140 14546 17171 9769 11588 10810 6535 1625 12550 7682 10568 14654 12459 19731 11229 6735 7422 2121 7782 18382 17472 5583 16122 8475 19631
13990 847 835 11420 11952 14357 14582 18334 6706 2874 2977 15271 15637 4645 11795 11876 19774 16817 12151 12089 17545 19871 6329 12458 10373 3501
16280 19547 933 3861 4394 16936 2345 14341 16158 19448 5378 12043 14971 14401 13185 17085 16767 15396 10646 14589 3054 10727 10872 15588 1200 1603
12494 9745 13791 17481 19705 15701 1087 15274 15541 13804 16295 6499 16174 13631 9490 12043 16073 3658 19458 18619 18017 17214 16028 8878 10965 14229
1273 19663 1236 17104 11531 8590 6131 15137 11510 17825 2058 2822 3985 11230 13344 16282 9224 11153 18018 14078 18693 8480 9212 613 16304 5848
18300 14930 19048 14822 18543 15000 19364 3265 7129 14571 6839 9860 2120 4910 16873 8395 15712 18198 15479 4356 11879 13777 13487 11782 11446 12572
6060 1337 6752 126 17061 6480 14968 4383 14021 3995 16053 11353 9071 19529 15671 5504 8421 13821 8995 14525 8763 1890 2993 18526 8433 18535
898 13909 14383 17028 5283 9879 370 3513 7410 9565 3727 9836 12512 4266 16966 9311 10626 16522 14499 18873 4481 10197 6463 3858 6594 18562
9710 18876 18500 16741 5339 6090 9213 6745 13943 10375 11025 1739 7685 1596 15940 9431 12884 4883 3419 19210 14541 12570 715 11453 11373 3214
10594 10651 672 6330 6890 19856 15739 9499 3348 18880 18388 5892 12874 9310 9414 13595 3372 10722 9753 17029 4183 15315 5069 16044 12879 15918
302 19968 15395 6603 5371 16367 4286 13138 9164 19208 9996 13125 15303 9672 6603 19051 16065 13202 18958 3231 4679 18315 12638 14826 11078 3874
15224 4780 5380 7320 19249 15415 244 12425 1074 13350 17973 13807 5448 18832 13000 411 16370 7037 16158 11706 4546 2557 13723 15625 18818 9967
11139 6558 9942 4665 17219 4011 3674 6543 16351 6666 15139 15521 14958 10606 9278 6739 2596 13674 11225 3962 6454 10315 2475 9822 2224 10552
14909 10927 9326 18910 9924 19290 8876 18938 8064 9244 2154 1416 12646 5941 15310 12721 2626 9768 14002 9336 15749 16669 11090 12150 5281 803
19679 1456 16234 7116 8193 10687 4966 3955 16360 1676 7112 5909 12668 17698 17387 544 12393 12288 3695 498 5434 17996 8613 7541 10268 15969
10960 13816 8583 11323 11860 14032 17063 2959 12296 19602 15357 463 3165 6757 8723 9492 6836 10654 4016 8151 7873 980 11134 10301 9709 7869
19633 5773 6659 18096 17005 9555 14101 14133 17947 15315 719 4597 18517 13927 10920 18452 19181 17320 6297 6720 3617 16989 17077 735 4899 18659
5405 7044 4544 14746 13751 7974 18376 6212 19313 19069 3418 2367 10944 2233 18165 13577 4975 13646 5399 3597 914 2054 14868 8915 2674 15853
7043 3684 10890 9692 6266 2562 13559 16616 7697 4277 19352 3086 10118 14886 17749 1386 4483 12214 15463 11697 12832 9223 3310 15822 18960 8332
2099 4709 13550 3411 19633 13286 13259 2177 2620 10437 5365 2230 9645 16690 9989 828 3048 14259 19238 10073 12496 11333 2188 11476 2428 13414
5793 10561 185 7728 7595 10510 19973 687 7444 4729 19514 12965 13270 17846 18770 7919 1240 4956 14176 12415 2749 13210 6926 17104 3469 9933
2004 14876 5056 3690 8430 14286 5912 8331 9760 5593 11904 17807 10699 16764 3744 6357 8384 17956 3645 4850 8503 9381 18598 15804 9203 5563
11703 14738 12634 13604 14556 15960 2033 14500 7123 15414 10999 11553 19695 9159 9899 12880 10473 15701 5610 16956 3234 8860 15814 15724 10128 7562
14743 16275 17896 15510 4480 56 14386 18604 7339 17021 19359 4226 14410 11658 1022 11921 11225 11104 18178 12731 13218 18996 1561 5879 12584 10645
14535 15239 1651 7811 360 15776 18787 13537 18016 19423 16536 13877 2858 18536 8105 12147 12428 14256 17495 15332 19636 7363 7484 16281 8456 4920
5513 14812 6835 6141 6319 23 11469 14842 15880 19070 10472 10559 16691 6751 11977 11984 3127 10172 15575 13510 9475 10671 5545 12854 10469 4822
3131 2666 4657 15703 1024 1482 15032 12252 17389 5255 844 11720 4777 19489 9071 18632 15956 18357 3762 1385 5930 1520 1494 10145 17836 2500
11275 5194 10368 5508 15301 6061 17468 12580 6076 14089 19929 10851 17147 17000 15603 147 12414 12865 9272 2549 15420 7994 13062 11482 10177 3999
15336 7626 4995 14591 16094 19871 15973 14806 17043 15289 15010 12431 14662 16657 10157 16198 12796 9358 10172 15537 8778 10543 6252 12759 10964 12251
10074 19812 6600 8746 9866 13310 453 8836 4381 13118 12470 9824 14406 2668 17747 17912 14068 8513 1265 10492 13876 158 18681 5725 2674 15007
18826 2445 19561 3584 1343 14744 1865 4721 2820 15752 1641 18345 16736 3139 12300 4985 19368 11676 493 12238 3496 7681 2037 5408 17838 19460
18697 10169 18986 2468 4409 9313 14908 7206 15382 4458 6181 2638 9031 4699 10812 5206 16564 15237 345 18673 11125 17182 19826 15242 1120 11286
3467 6966 15841 2644 1007 6364 7838 7703 18181 4078 1381 5595 590 7041 8563 13034 14537 13828 17993 12439 16474 7019 12443 6656 5452 15870
9926 10174 11820 13633 9818 16887 11271 8730 19994 8044 13534 1720 8707 12561 14522 9825 13328 6416 14707 15142 13618 9133 15661 9670 3556 12335
10867 13143 6011 16281 8865 9863 10931 12197 13976 2051 3876 114 16559 9396 5359 2618 14313 10683 13450 7329 8195 4246 6033 4316 8078 6683
7796 6639 8669 12718 18918 5321 1825 8510 8036 7798 16707 10600 15923 15229 2069 3781 18527 16197 12233 3721 13121 1673 7198 6647 16178 7628
8632 8949 15587 8305 19551 19647 9518 11308 19661 18876 16227 15848 17424 18618 10719 15341 9113 7918 15087 7781 4863 7240 14737 3412 19142 10554
6758 17236 9508 5029 12820 1406 15024 15407 15865 14488 11280 2156 11566 9199 7964 4819 562 192 18236 12159 10236 3414 12932 9225 4441 1127
18232 1313 4805 17899 8717 12630 5349 14096 5225 8780 16480 16268 19130 11106 1410 410 9976 9960 2430 12596 1139 18996 7947 726 15463 4323
11842 7488 17886 3249 17285 16265 13635 12032 7458 9118 19419 5437 14419 5684 15284 12945 11404 6379 13815 631 11592 14753 7197 5647 18380 8648
10960 11607 10826 5311 7364 4776 14142 7940 6467 10678 15618 18481 7574 7913 2196 3352 8555 6150 10730 10778 18631 11321 10576 14242 1026 16688
9394 589 16705 12017 19913 6457 5448 17384 2395 15139 17875 13321 5238 10565 8871 19655 11453 4996 7712 10827 16629 15022 19227 10993 17971 2631
8137 5571 6705 19280 5940 2230 19226 10515 16263 8212 8017 18921 15654 2378 15743 6301 12479 4367 17571 1758 18755 13766 11291 7262 11325 1897
14411 4964 19176 17343 11539 11921 3005 7075 2078 219 11358 13234 690 14910 13814 16639 967 3388 15925 11294 14533 1350 17013 14961 13246 5875
5018 8598 16386 19243 18003 8374 18437 19348 19202 504 11425 8725 9148 13036 5074 18589 7259 16650 3072 13802 9223 16222 8176 18200 17961 10553
14881 2272 16524 19078 6372 11706 8239 4149 9619 5344 2007 8287 3322 1010 8284 8099 10327 904 13499 4337 17174 10031 318 11368 1004 15488
5272 4209 9337 9510 19366 10163 10957 5102 17353 3983 19462 16555 4416 16915 3989 11604 17983 18224 16222 2951 15275 17108 12395 7093 11643 6296
6822 1971 1576 8524 16768 15736 8416 16028 9888 8406 7298 10137 5252 2987 1465 1376 2181 398 7041 10423 8349 18861 9357 5333 723 8740
16059 18510 8882 19422 3731 3016 11987 18222 18113 5333 7651 10062 10594 2222 12112 5380 7759 13874 11335 2433 19186 14691 4108 1155 11864 7711
4812 1397 19773 4855 4889 4657 10215 19694 3286 10696 18938 19058 7225 16117 3485 18837 7666 12787 2692 13056 5477 19770 3481 18483 15668 2870
16164 1783 13467 16729 132 9678 15705 10949 17903 7999 17629 9231 17857 17130 8726 17388 8682 13680 7951 13756 9058 19288 6938 10577 431 3806
19538 4567 10684 6362 3466 5879 4231 1612 2739 7086 1617 4367 17589 11296 5268 1292 18350 2589 859 8274 5016 9863 10666 493 9665 12063
1618 16099 6610 6669 7036 13346 4888 6711 2584 11933 1420 4179 16640 12786 18116 7227 14072 8462 14842 16200 7495 16511 19070 12973 14847 7260
4113 2834 14281 869 6612 12678 14880 15759 10474 11592 5565 12906 11770 7463 14576 1931 10181 14012 14322 13454 1207 12855 696 8984 16385 2180
12916 6026 13381 6830 14955 18147 5668 5269 9346 8503 9903 7754 2673 9138 16211 4754 5373 4134 14874 12602 6553 14631 4522 19976 5509 14503
2778 18968 16212 16770 13186 13661 4975 798 18548 11799 15424 12797 622 10152 2124 3010 15162 2239 15094 16770 1026 11330 3505 14297 5580 782
1561 1296 14339 16008 93 596 5977 4839 15456 1579 1075 7573 10436 19622 16158 15066 107 10857 15428 8015 5532 6747 9788 7711 4603 12663
10007 2070 15405 3434 13817 14297 13619 9433 13345 16055 11596 15514 1034 11315 2927 2882 11341 17600 14459 6089 16520 2415 10306 8260 1726 3767
8188 15570 4716 1508 9945 14691 9636 8816 364 3743 13145 965 13850 15323 19077 8808 12778 11453 19831 18795 18096 17078 6389 14562 18085 8830
19948 13952 2397 18941 11446 14433 14478 19258 17407 13443 9485 18782 3789 17290 11635 9062 5548 17255 8466 1250 1559 3587 13641 8388 5521 4127
17812 13483 11123 16976 10022 12309 5529 18097 12799 186 6957 3920 2534 17149 5690 19738 16113 19293 17031 1317 7279 129 18124 17519 8970 2313
17826 17482 11671 12911 6753 9835 5447 9735 12660 4911 156 12520 17256 19563 12022 3905 6813 8951 14241 8371 9182 1105 10158 9347 2443 4073
12128 9922 11813 7264 17176 8742 1152 4692 11948 12939 16893 16253 6679 13427 19573 2558 12862 16186 11469 7391 3646 15652 12882 8609 18644 18033
14952 19849 6957 18024 901 18693 5433 17967 6564 5915 12633 10374 388 15091 5281 15835 326 10506 1898 5512 14979 13541 0 3627 13380 7419
6354 8991 18373 2724 18808 1948 12026 14560 19566 4538 19299 8337 6343 13976 798 1686 12395 11228 1658 18448 18424 18972 470 6303 14850 12387
1662 6555 15190 18465 4755 11433 5174 14478 15402 2967 19111 15681 1515 9990 12745 19469 15914 16692 7728 268 1771 9801 15450 9486 6414 11234
5022 1903 9040 18241 621 7067 16410 5567 18562 2334 10772 4481 17748 18728 4831 14367 1582 16063 13763 11662 3862 8470 13811 4558 11114 9744
14727 639 6793 11084 14215 11579 10364 3271 18483 19238 11451 2790 15450 13374 6843 8946 10147 18694 19933 3629 15276 16811 14229 898 14533 5973
13558 15662 9582 12975 9557 4169 3832 17846 17899 16406 2308 8003 18999 7745 15185 14447 4896 304 17087 18574 8711 19035 10994 5124 2066 12726
12224 2606 14123 8865 13893 3804 18174 2747 13361 10501 1296 19405 4720 6157 13850 4080 15439 16781 9869 17760 8626 2940 7610 8103 17868 1734
16726 14226 9522 8099 6759 1517 16577 15196 7439 6316 7908 3225 13048 1134 2455 11144 9152 12116 8495 7562 6781 19364 9308 19836 10710 7754
17811 6204 16051 4961 1873 5725 3348 16771 19744 19365 817 17234 7311 18794 5826 1858 834 9085 2657 9981 13339 19605 2900 3842 8245 19360
2081 13381 3576 19211 19585 275 15982 13362 19468 3321 4638 19625 13627 6213 18189 6035 11788 9408 5107 6129 2156 8263 280 17080 3057 16134
14251 19900 18564 13985 2597 5438 12205 17400 9022 9320 3874 7009 9988 6708 15101 1289 708 1565 14687 15521 12052 14317 10659 9394 4153 4515
5146 9214 10472 19289 12027 1499 17376 11263 13950 16202 18378 3026 14545 13240 15537 5200 4153 15041 8830 12637 18268 8344 5487 7310 14203 14005
16086 6501 13156 314 5488 13103 14454 7044 2516 7332 3850 3762 16248 5981 16778 17219 10984 10326 15835 5325 6039 15425 18315 0 17073 18689
15176 1390 13698 12048 19940 283 2010 13614 10406 5727 1656 18836 8067 4920 3865 19811 1500 8983 10635 11638 2376 11872 10102 16138 3483 14475
9420 15375 18664 1570 17875 14297 4096 4331 5437 12790 12331 11335 8412 6169 8230 5171 14645 6382 4929 4668 8243 10541 1060 1709 7856 2339
4468 6250 875 2205 420 2588 2537 8513 9657 8812 11762 13983 15123 17202 625 8387 14385 134 17847 8663 352 3292 153 9926 3866 9623
15699 7842 8872 17642 5448 19838 18871 4113 4120 7293 10856 8423 544 15400 5567 2505 4757 16239 5133 5614 18550 18821 17626 5782 19782 226
8729 3063 2065 10466 2908 16510 6276 11752 4628 12152 17098 17999 7582 2219 18079 18632 18373 17022 1694 11120 6827 1323 5160 16649 5726 13882
11347 10920 14889 13231 9933 18543 4718 4223 14205 2895 353 7639 17715 6029 13410 13902 13107 12248 4602 15118 7276 5660 6761 13353 4962 14105
12664 14598 10611 9126 2250 5330 10859 6766 12480 559 9418 12705 11716 8464 1483 6758 13852 5448 856 17620 10286 14999 13476 18748 6690 5906
9195 5063 652 2966 2658 1141 5267 17422 15093 14682 15872 8285 1216 14013 3944 11539 13001 11421 16088 12172 15381 10574 14120 9241 16047 12064
18028 16272 16651 7771 386 8417 4092 13068 1566 9952 4498 19785 16966 11683 7468 13942 6049 18865 6073 16366 10944 17724 9688 17322 5600 3349
9470 11158 2165 6620 16026 3049 4032 13398 7587 16002 5936 14777 203 11246 2340 3488 13749 13035 4454 8796 10802 172 7948 8737 7809 9885
7725 706 7926 19203 2304 15707 7771 11756 14597 2423 13542 1050 11929 8321 18133 9245 16339 14553 5787 9569 2464 17591 12171 4823 10009 19969
5781 14033 10052 15286 8330 9670 19073 15519 98 19048 7119 8848 1323 18032 16182 19784 4660 3858 8838 2283 19975 8390 5215 7220 7253 15557
13180 9693 4016 13731 15919 19120 14926 18123 11675 4375 3823 3430 15412 4252 4715 16524 8646 12035 6913 2337 8850 10660 13344 1644 10736 18327
12999 14174 11295 7673 1143 5599 14590 17506 12438 3511 16152 10349 17414 283 9402 11465 12483 7915 19151 10577 3385 12861 9183 7468 15999 6321
19225 13319 18270 17484 5517 3519 12054 10941 2447 3562 3801 8485 1058 19103 14940 14895 15273 16016 17708 9674 13001 2299 4007 11750 1799 1787
15639 15604 18846 3407 17465 8442 12001 15863 1994 14865 7076 8768 3430 17073 2543 6528 18526 5373 16375 18225 15138 18326 381 13403 13225 19952
3281 532 3591 14238 16262 1701 9292 11335 15290 2604 6635 19158 18771 14854 647 623 18472 9706 602 5778 11792 17079 15935 2573 1530 15103
14084 19476 8924 2956 1584 14175 8998 8843 302 19021 84 6301 4732 1302 17383 3603 3745 9971 17041 12053 11013 19126 3276 12440 13113 12393
3090 19210 7586 6312 7019 3209 6815 16542 5588 5817 8116 10507 11621 5024 7758 11067 18680 19517 3414 2886 8358 8901 18884 4682 9070 4263
1311 3158 18042 10029 17236 19592 543 9290 15988 16746 7025 13120 16214 4190 16510 5659 10421 16051 18450 7088 10302 18613 19340 13759 5621 11450
4540 10931 8125 216 11234 17717 4371 9423 5604 16962 10164 8418 16440 13901 4848 10722 2748 10476 13242 10002 18791 15856 1298 9459 466 12166
17191 4863 18921 8725 4494 4639 18944 5055 14032 12805 12365 4579 3185 10670 17584 5636 15058 2572 17119 12794 10248 3369 16586 16264 17307 11637
14196 5739 9937 9058 18067 19338 2479 18860 4927 6107 4639 11538 5329 9061 9711 18163 14972 6663 19253 11543 8950 8069 592 12135 7874 158
