365
29 47 48 16 24 90 5 10 17 31 64 26 51 82 3 58 62 58 49 63 73 24 51 11 62 29
655 8741 17045 13358 15542 12421 3726 8465 3183 2067 12660 12360 3530 1902 11089 7681 2819 16304 16934 6813 19055 4657 19880 2109 17685 1227
16012 6352 4856 18971 14950 19148 14586 9360 18262 11688 13963 4422 5187 19703 3198 17426 10282 11699 16208 16502 6476 10118 4920 11656 17325 9317
16704 2340 16627 17856 7207 11278 7991 390 9689 11247 7202 8743 1102 13874 8348 12351 9776 13661 5742 12984 3809 5445 839 6612 5265 9831
3816 433 12466 11200 5575 18649 14273 7592 4556 13438 18481 14616 13341 13695 2626 19284 2292 9461 3116 1115 2793 3490 17070 17278 11801 5035
16545 15998 4867 19806 2063 6215 555 4600 11167 12659 18798 3956 9811 11516 10663 11994 96 16351 6883 1987 1085 19005 5635 5826 11059 14124
14467 3963 2731 6568 19837 7339 16292 15505 5063 12487 3998 3554 19029 14833 4143 14400 16858 2963 15443 18476 12902 11822 14920 7389 1668 6471
1603 14621 3650 3544 6921 150 19681 741 11930 14169 17297 3058 19667 16468 18644 6575 16434 7518 10620 17227 12586 17032 6428 219 9488 9715
2617 10519 13201 7329 9713 2609 17935 13745 12099 10512 16917 9901 11693 9693 3581 6414 15899 12123 12405 19168 10223 6725 9518 13009 12565 17159
11658 19822 19173 11868 14008 6418 16054 17332 16623 2686 8809 5355 2248 16326 8876 13753 3835 8976 9556 8981 16522 8801 9087 13493 8013 11841
8053 8126 16538 15005 8188 7675 19549 17211 6402 12056 16274 3465 3657 12712 2759 5593 18571 14010 1479 4482 723 19997 6266 8671 2852 3127
15161 15064 9248 18550 3037 4139 19893 11716 2161 10483 1268 2751 4499 12001 2456 7560 1214 19652 10462 7285 9718 11714 10708 2166 17041 3735
19973 11404 14239 5234 5147 8353 12756 4874 14130 2134 3269 17513 7294 2691 9606 5789 11041 6518 3572 1667 1873 18214 5822 5594 18332 10707
9679 7938 16397 15692 3635 18443 2718 4505 4346 7385 10709 7144 13363 5698 5536 4424 14431 1993 14691 19187 9415 13593 14305 18951 12191 18480
16044 12011 17301 6142 10119 8719 15593 4190 9072 16382 16599 17487 16772 9474 7126 18629 17252 12801 4416 16015 15592 4071 9542 12913 1050 1145
12172 16600 9702 11371 12290 905 4693 474 2611 6050 14710 19002 4174 13943 18484 18962 3540 12213 16461 1297 19701 12082 11735 3482 10479 3346
15619 5562 7725 15624 11966 18887 11346 12181 14074 12285 1264 4610 10260 1997 1063 7622 16709 11812 15846 12006 15597 18399 5673 9887 4570 8731
745 14446 9431 19138 8545 14886 9714 9489 13208 16292 14651 2919 16359 14378 11174 4450 18952 3544 11841 19675 14956 11853 15401 18773 12570 6658
17911 17147 19335 5693 4787 16522 1130 2899 17963 10203 7132 4828 13132 8304 6465 3790 457 1199 14519 6941 10368 10298 914 179 544 4199
18870 9909 10177 361 1448 6993 10782 10378 3062 13582 7684 14 3140 16917 16743 6637 15778 13815 3666 13930 16600 4841 2442 4781 11345 19570
14295 1633 8290 13428 6525 909 9329 2105 15999 10324 5284 7390 1808 13004 10134 8621 10084 17115 9067 19755 706 13305 6830 6913 6192 3666
16198 5108 10305 7827 2698 14250 11334 16582 18005 16327 15175 11952 4483 5428 15364 3170 7248 16998 11036 20000 5298 18195 7862 7237 13947 19575
6585 11068 4207 18459 8735 2362 14566 10593 18723 4619 7753 19458 13032 694 10322 13079 11654 10169 3883 3870 12653 14635 13477 19614 347 15972
11076 17955 6564 535 498 19899 16399 10449 12206 15860 19027 3384 5743 3735 1789 14575 9043 2666 17940 924 6497 8138 2445 1961 10988 11293
12605 10255 15965 19834 5184 16078 9005 1936 15646 15332 19149 8069 17727 1894 16840 16654 13140 14705 17143 15535 5236 3855 18799 16721 5611 10801
9613 18562 17900 13074 3786 14635 18163 5986 9765 5219 11699 11571 17334 1829 13113 19882 9022 2312 8081 18085 15459 14362 9339 6222 15629 17953
2164 2065 9576 2236 5945 12938 3319 17927 4056 5963 6038 15904 10570 18629 7784 6328 14352 8188 12431 970 17035 11412 9989 3909 17270 16923
16090 18758 1293 19111 3095 14534 12063 8345 10765 3480 3450 6333 15942 13907 18600 14748 3292 4265 908 11548 4132 12771 14680 10909 17042 13898
19486 3625 12452 15404 13695 4136 2431 5961 7716 14545 6590 9047 19876 18371 4906 6942 17093 39 10931 11964 2832 5403 16554 10465 18416 13655
9838 4468 7196 12339 422 19397 3515 5045 7245 2118 5225 4808 16200 9448 17810 12690 2886 14426 9469 2448 12604 14474 16280 14274 10964 15863
7670 10151 1444 18967 3329 678 18341 11866 13937 411 8459 12129 1345 5780 2130 17869 15939 1717 16503 562 1723 3289 10450 4499 8186 11847
11629 16493 17660 11758 2703 7904 6189 16677 7827 9202 3206 13736 984 6287 752 3694 13364 10364 4859 16386 8781 7413 1896 10740 11660 16787
12472 17295 5368 10516 9955 5235 676 8865 521 17296 1438 9679 18129 4611 9859 17798 19684 6789 888 4579 1397 16999 19797 4300 11574 8955
14553 8537 11348 9903 4442 11919 14983 14574 7506 17117 17890 10472 2802 17414 8450 18718 40 9422 11225 16546 3838 8959 496 7 19058 15298
13165 19049 17384 6573 465 5 4220 18314 1648 10982 10929 18314 7226 12331 18204 18498 6726 16040 14851 9725 13284 16995 19080 13951 16090 3101
12685 17365 10574 13934 16321 17888 12335 19729 2035 17429 6502 7665 18410 5236 12731 13611 10383 7942 8615 18017 11042 16414 351 9804 7742 13719
12828 17576 8562 15787 10919 1999 15874 7509 18814 5674 11752 5536 5248 7573 6234 1990 12439 18697 17112 7490 18501 3264 4121 8506 9639 1124
4956 15868 2591 11960 3242 19984 16782 17344 8763 3749 19023 4271 1616 3659 11367 9359 11504 8987 4489 18745 1987 5246 13250 288 788 14358
15338 12057 13237 7430 1817 11788 19355 15350 10976 9851 17967 13442 4371 8818 14073 2273 2462 7365 10805 6302 17337 13253 1795 14643 9604 7692
10105 10600 9040 13400 1937 61 276 14012 1058 6304 7474 17919 3448 2596 15581 19513 4393 5976 14472 16179 2452 1016 18141 8507 9413 1645
18100 11509 2634 8872 12034 16539 10076 15204 17573 7654 7899 2046 2330 7426 14404 10158 1588 3763 14213 18106 8610 13364 3745 4518 10271 13697
11439 16019 12339 15982 15881 16761 2423 12862 11180 12450 10669 13749 10080 9398 15453 14699 8 8105 2410 8653 2465 17533 18932 1644 4517 1070
312 3557 19908 7061 17186 16181 14640 9635 6735 2858 9460 18378 10331 9955 15954 5104 14744 11509 8582 9591 5952 13189 9752 936 3959 580
7194 13377 18047 7075 18770 4738 4553 3251 5780 8466 15077 14697 5873 19134 8108 12481 10037 13395 13638 952 5164 19988 63 14901 3545 4469
11645 14797 3946 14165 9035 3092 1203 2341 9329 6016 13536 10686 2047 13696 10981 1375 16391 238 18867 4550 15541 4252 14753 4257 8587 15399
16951 12693 8820 10418 10495 18973 9527 11256 514 6950 5363 12837 9868 6130 2949 10190 9769 1347 5390 15407 8570 19117 4457 14573 14054 4926
6434 18399 13511 10311 9933 1367 9162 16872 6565 18544 13806 16775 5300 15237 2598 6814 2914 432 3777 4144 8764 18212 6870 1147 13739 5060
16378 11305 18628 9911 13334 6747 871 13064 14254 13720 17070 9847 663 13371 7525 12205 15011 8597 2582 14456 4018 1372 15290 17327 6097 10410
7163 10891 4156 4323 12001 8314 5300 2716 580 17142 10506 15312 2462 17308 1150 11481 1440 4972 16136 6095 4137 12484 5275 18353 11552 4123
11438 12030 1396 17975 11009 2229 6690 19237 15835 16127 10828 17003 5276 4726 19165 19493 12646 16226 7305 18177 13152 90 19471 19598 10507 11737
4984 3750 16825 18390 4005 14054 3401 7027 1295 5905 4534 12765 5695 9700 3952 18817 10573 199 17620 1370 16174 4347 9316 18773 419 3710
14893 19900 5715 13587 10208 8829 15866 13520 10301 11275 2153 18110 15604 5062 11683 13186 13428 17600 4532 1949 2558 14371 13126 7667 13100 17144
10618 17266 6025 1573 4593 4826 17616 3270 9482 1083 19733 12135 2176 16816 5733 17657 15162 6648 12000 1662 17470 8150 7821 7172 19948 16802
10002 11613 8170 5564 12352 2138 11447 5738 17235 11460 3164 13088 7120 1771 19719 13535 2158 7223 8743 4464 11376 5243 12351 14222 2661 3458
8338 17624 12815 16312 7748 4960 17464 18674 12149 5272 149 10141 8759 610 18603 15449 15640 12432 3594 8217 14508 4857 17184 5792 18709 13100
432 8455 5088 7487 4941 18890 10045 2169 2466 18345 816 16221 9414 15789 16712 12489 5297 14809 10319 6992 17243 14195 15499 11961 15849 19922
140 4820 8476 9782 9511 17189 5028 19717 9575 9514 17507 3177 7625 6618 6077 10152 13403 17893 19156 8511 4035 2604 6096 15512 13189 2043
5740 12848 3249 19265 7714 2200 8145 17335 13604 5182 4416 14449 6235 8971 950 11172 9198 1218 10825 15419 9175 18183 8888 11998 6019 1520
981 18357 9783 6180 9606 7570 10599 2425 7009 18713 10173 5043 671 16426 19348 2284 12751 5351 6998 7808 4139 11861 15109 11238 2939 586
15166 19843 2301 13290 1424 9558 3901 13337 812 15172 18246 12086 18874 10201 15351 17677 7331 9086 3334 3556 18342 7284 10056 19268 6039 2274
8397 6288 16531 14048 14025 13927 4746 3599 2992 8095 4786 16547 18764 4629 7526 387 19416 17763 15673 8564 1941 19647 9934 18282 7312 13228
17401 12202 10876 17439 13610 12346 11247 8955 3675 2114 1300 7006 2131 5357 5600 1004 16556 16567 18393 672 4155 7914 17303 6443 4948 12997
12953 2532 16889 11867 17690 1981 10200 17969 2658 17832 18190 14136 3378 9610 9155 13930 4405 16686 11421 10158 15170 1957 18849 9699 7765 18035
12718 2723 15685 3545 8122 15924 2820 589 12956 15023 2851 16539 419 7020 16469 19675 1118 7186 2878 11041 17336 7379 11775 7274 6667 10168
4621 10940 8247 19868 14365 2909 12144 2446 8545 13365 5953 8639 4637 12982 7027 5899 4451 644 3121 18689 19614 5577 10720 891 11006 19838
544 3484 15274 8327 5854 18601 4740 351 7549 8596 11095 11294 13941 17834 9721 14258 16475 8830 2768 2902 12266 6670 7747 13945 1389 11695
18853 7900 12420 48 2301 1163 12827 13878 7008 4181 2958 16331 11241 5771 6636 786 25 15183 10633 6544 9815 2747 4738 18035 3254 17092
16797 13594 5465 39 12905 18413 10275 8207 9763 5139 11196 7250 3885 10929 2767 17585 14807 18844 15616 15143 12030 2625 3128 12182 10367 10675
10165 10758 2640 18407 19792 13515 10152 16239 7449 9218 15955 7875 4096 17994 7780 3495 12020 17720 17052 8408 13121 6891 19340 13695 7323 6857
1040 16044 19387 18521 17711 18290 17860 19072 11481 6484 7927 16696 16401 6218 8090 7566 8934 12439 14652 7275 5290 2190 16348 18932 16560 3172
3559 7726 2172 9776 12125 7223 1082 10719 19131 6812 8803 16246 9602 2546 9465 16594 6310 2100 2948 18938 6805 16115 19961 12429 18360 9703
13779 2567 18818 17569 18680 220 5451 17008 18617 3778 7792 13772 17526 8754 9237 16566 4066 3851 12189 15385 5124 655 12992 19854 17854 6061
4858 19024 2515 1403 18591 1655 1694 10585 15770 8750 1967 7915 4041 14980 3146 9528 18478 10245 15890 15452 1855 4598 5950 17346 14528 2809
6383 4967 18106 14115 9329 2099 4356 9716 5079 7520 13140 8911 16590 4658 829 10730 13396 1374 14542 1392 16527 18955 12081 9067 16571 16898
8923 9081 14864 16823 15936 13770 519 607 5237 19643 9868 19491 494 12290 127 18483 19003 16351 2690 12404 12701 17269 4075 18443 16794 11652
2048 16724 9276 3465 17423 60 19633 11116 16976 4565 14711 2275 13656 7188 14513 6169 19499 17187 9594 16901 13432 13385 327 1233 3178 14642
5786 11009 8761 17593 7872 17715 19019 4043 9514 9384 4605 8670 8355 8528 10769 15733 571 142 4899 4837 17697 8461 501 4398 17628 692
8246 14933 58 12249 6118 16376 12319 4076 1449 2736 3917 9111 12306 3691 14667 8463 14087 9175 16073 7144 18986 837 3932 12427 5282 12962
9976 8725 647 9385 10343 6789 15119 15649 104 4304 11767 2259 16194 18955 8378 10601 14973 2243 17706 11238 4395 19425 17765 6653 19774 1956
18041 13448 938 2107 16970 3724 14913 8793 16133 15907 6196 10163 17713 9707 18510 9949 15743 17266 12966 10136 4839 8793 19918 17386 9162 8364
17900 16708 12391 870 2064 4465 8582 1515 9838 3864 9362 3937 12706 9519 7193 13348 19332 14371 19368 3761 19415 5386 13331 8731 15393 8636
8291 3781 8549 19925 19696 9371 11919 15479 16804 16058 6103 1590 12912 7291 11547 11806 3028 5147 8008 2467 8502 5411 1078 10373 14541 2485
11574 8972 9259 6640 13154 1653 17059 4880 8810 490 4911 4670 14344 14852 18436 2035 15142 14605 2338 16039 1613 14158 15739 14883 13510 5782
7589 1174 11778 2933 473 11588 18708 4386 19586 18500 16597 14205 9222 2972 18495 14241 13569 14240 11661 19299 16253 10629 2493 2254 14097 7434
9878 18272 18414 19323 13790 2823 5645 14214 6430 10795 7897 1523 10640 12049 8028 11726 19966 6132 18528 5111 12140 7844 15077 1905 1194 16129
14567 11879 18440 15424 15788 14022 8234 12435 4182 191 6927 2749 15970 3839 5003 18780 18506 7422 500 11776 12571 7729 11696 9379 2564 18790
3595 2646 11494 17684 6022 12848 4421 11236 629 15270 5564 5448 17216 17482 16438 14127 7458 11238 9956 15663 7447 17575 17845 10846 6341 4342
11792 18090 7194 10522 9468 764 18456 13196 3040 18345 11272 12358 15921 2569 4167 15713 15582 17584 17678 5938 5071 8349 17602 688 1214 113
9145 18420 8848 6788 7855 11252 2304 16091 15359 9078 8568 14130 11866 14443 7765 14917 16386 13118 10803 15985 3798 6402 17189 8847 3686 16608
4208 571 4420 5940 19584 11099 9949 1969 4498 14314 6342 9427 14151 16450 3565 6138 8137 19168 15958 17801 5994 8000 10863 12014 19589 5802
12021 3680 7801 11768 851 15759 17796 18373 2424 16711 5125 13725 972 5617 14769 8941 7177 9383 15416 5396 9700 1706 4226 7202 2928 3026
11976 19908 14178 5789 9249 17999 9944 17359 1961 11325 14660 7824 3812 13160 14881 28 15660 3424 14882 6579 12427 7192 6007 9800 4683 18249
2749 11015 14300 2525 17009 13399 9013 3311 7754 3604 14449 6047 9472 1002 18091 15016 2176 9985 8767 4291 13021 16120 17866 15672 11460 11331
1052 13931 4987 10605 11744 4606 9315 18464 13412 2485 13975 9406 11285 1317 7499 5970 15472 12912 12234 6108 12211 4637 10246 126 13423 9891
5391 13722 16368 7795 4570 245 13112 13598 7062 17320 10664 16218 3143 16845 5380 2903 1828 9505 11373 1434 4737 6974 14235 6267 7640 10661
19369 14272 17951 17083 14199 6294 13049 10773 6008 4711 8284 17966 12905 19774 12516 13297 3845 19330 12282 5612 5802 1653 9317 10283 10052 6912
13005 1697 7648 11387 4880 16648 16814 10497 2754 14234 9947 7677 10076 16419 59 3776 14212 2314 7917 15678 17351 6317 7662 19130 8683 15104
3835 12645 8935 8542 17216 11357 2480 18452 6683 13493 9206 18842 7467 18588 19584 18722 4252 11551 4942 18883 2121 1328 3538 9624 19453 4575
1485 8658 11072 11728 3453 4096 18619 12538 17143 12346 5738 12115 5493 12330 6446 4751 6247 9549 2307 13133 7383 5358 6244 15331 19091 160
7492 5879 12564 541 507 13294 18118 19854 17256 18860 7238 7546 4961 7780 4666 16132 13690 8543 2822 10096 4270 3664 6883 17855 19588 2966
8143 2583 18158 4874 11519 17426 10217 15163 13632 5822 17014 18485 11747 2860 17789 6613 6778 4440 7910 9179 12846 17705 817 10756 6027 2668
5000 7911 1037 11453 15217 11394 15091 8237 13060 4903 19477 14218 19777 397 2996 15892 6717 11124 8880 11676 18252 6584 8194 18000 9354 5501
10015 19838 6799 6053 11049 15402 12085 17473 19634 19389 18273 10063 2006 14927 11315 15931 1836 5317 11474 2751 2354 10634 6140 15763 2566 6450
662 612 18271 12982 6545 18392 6742 11883 4825 14692 4225 4510 7479 8982 12539 16429 17527 5194 8080 14260 14060 17960 5575 9953 715 4994
14909 5295 12305 8177 6753 5820 14953 5200 16726 9986 9815 12627 15847 9780 3025 17454 252 8511 1896 17335 6825 19336 5388 7324 7270 5955
10683 14869 19558 17521 6229 11173 8613 7696 18554 10665 11092 6636 9655 9555 11455 537 11604 2346 24 6504 13156 5586 13102 16008 8501 19364
18149 7428 2623 7117 17871 4535 12289 15401 11065 17172 12300 6327 5893 735 524 3162 15003 12053 4201 12654 9249 10874 15959 7217 1964 929
17638 19986 13472 17027 16218 19872 19658 18871 12423 16137 14948 19595 9111 11829 19401 19409 14604 6264 231 5648 12740 14253 18714 11115 16147 4114
2118 13995 3510 15559 5899 3181 12893 921 11330 19814 8261 998 7551 14408 8657 4927 9677 14861 11692 3590 19710 8697 3848 6212 8540 12715
14869 5362 9268 5701 16323 12459 15214 2096 241 1506 13343 13934 12736 12346 2987 10779 5284 77 7363 12367 7473 11465 18749 14990 4052 10210
1183 16987 14622 5333 11463 10510 16416 7424 845 5559 8592 6038 689 12333 8094 3545 965 6544 18984 14339 18405 14464 9547 9251 6171 18744
233 5232 10442 33 16104 1991 12464 18652 17980 8415 9045 1326 3010 13306 10828 12629 9067 19984 1336 10199 13950 5184 3535 5502 7292 17011
9512 8409 12742 9340 2530 7935 5309 11323 11860 5765 6018 9738 3297 9719 6751 6930 3805 14597 723 19070 2376 15043 6293 4923 19866 16599
8361 10814 19764 15020 10033 10653 14741 18835 10044 18649 9926 5043 1914 14342 5869 18552 8430 18071 16830 14378 2953 18831 12871 5938 17103 17980
19159 4846 1357 18288 202 19685 8608 1178 3311 7850 19656 7756 11540 7501 13161 3266 15727 17744 1683 6274 17483 12369 16554 6591 13711 19337
11829 2243 9047 15790 12595 18978 1671 9850 7861 11882 7977 18850 7236 166 13551 4322 15544 11261 4292 17302 3544 18249 14848 12089 6054 19691
224 11405 6550 17501 16259 18138 4048 5798 19047 9251 18660 1364 16145 5950 12754 13743 4364 796 9419 7662 12057 15330 3702 17820 10125 6947
12639 17520 5042 353 12994 13930 1135 7300 18654 14607 13031 17767 198 5622 5591 5324 8605 1085 16800 1742 15732 13429 10869 12822 248 14267
11873 288 14966 15910 8584 4761 13054 6413 7666 15525 18395 9845 12821 13002 2941 11994 17919 14336 2858 1411 3319 8400 2784 4476 15377 6179
7094 17680 17660 15442 1116 1409 1889 370 11588 6853 13555 6617 7651 18771 3989 8402 16881 7204 18290 16850 6466 19384 5199 4729 6647 12981
4275 19756 422 12300 6018 7 10169 8190 554 3941 4349 363 11661 3821 17585 7419 9852 19102 15389 18362 81 2232 18567 10627 9252 12220
16478 14958 12577 15289 17203 3930 8146 7493 2987 13941 6030 14603 18979 2783 11929 5855 18808 14065 7954 18675 11859 2798 4668 2961 6272 11654
2347 15153 2516 2970 18846 6873 6567 10592 9662 15428 4914 18536 2704 12121 18280 19694 8389 8729 8131 16071 10392 5336 9350 8714 11300 11190
6526 4419 19425 2732 19694 11614 75 1201 10481 13439 4592 13093 1389 13035 240 1718 17376 15043 18776 7451 9395 17014 8002 16236 4507 871
8317 18710 16096 5572 16488 3259 15102 659 5365 13232 18885 2321 5251 3557 651 5502 801 10866 4425 14812 14801 11047 4180 14020 5716 384
7679 12071 17766 19750 12954 1175 5425 18078 3367 4251 14775 7566 36 14280 6237 4734 6244 9958 14259 3235 14711 3228 4780 18076 14641 6911
6647 11224 5472 3 2258 19172 1928 6657 5340 6498 16984 11049 9088 16776 14018 15674 14036 487 15420 1247 19834 13427 3658 6716 12123 18706
18091 8427 17466 2559 6487 17426 12974 8270 16422 16864 1878 14752 6221 5923 9187 10938 2115 16106 3921 8467 5936 996 8515 8485 5509 9467
6395 10537 1819 8531 2886 3512 15107 2758 1609 199 17420 5862 12257 6915 5536 13702 1423 17130 5673 7376 9339 13170 10571 4227 19300 14586
9924 19088 4195 10273 4180 1502 3630 1356 7103 9169 14524 4257 9385 18574 5449 15597 14274 5167 7782 16958 14204 13357 18495 9217 17070 402
14422 13602 16634 18024 6414 19446 2778 17185 12451 10574 6691 10433 9464 1580 50 4572 19669 13778 16976 18355 12608 5761 17879 6276 12876 11040
18297 389 14237 11542 11368 17556 18272 14575 8825 16154 17441 14922 15328 17341 9157 923 19023 1390 7478 7785 5592 5632 3318 11105 8747 12949
12468 19676 16173 15813 15051 16670 4904 16439 1878 1115 4458 19215 4790 5504 190 7320 6585 9487 9457 13751 3244 2543 1418 13027 12703 11320
4441 10636 4998 7742 12287 7539 2696 2956 14342 3869 899 19256 19804 5628 19858 10739 2951 12178 13822 1686 7645 8622 14300 11018 19311 18144
10165 5542 17493 458 13280 17828 7863 4629 8379 4045 4038 2835 5411 14141 3245 1316 12487 15277 3395 6871 14654 19121 18624 15502 15821 5875
19543 205 6992 15883 1979 5939 6581 18365 14655 16682 5279 14038 1917 9659 2558 14432 832 11321 17291 14444 299 13794 6600 10000 8709 125
483 9726 6096 593 4795 8006 3162 15972 9261 8454 17141 8082 17461 10380 2429 4202 17991 2672 16306 4625 6429 19957 16028 1343 1297 16182
9809 11612 18462 17822 7985 4706 4840 4701 2078 6349 14913 19043 15539 6094 7120 15398 1320 12114 887 15679 8737 11332 15355 5413 14369 4080
13207 15099 108 17206 3486 10139 19797 13829 10398 15079 14103 18830 16380 12291 371 3587 9556 4125 9146 11975 11997 8048 6607 17761 6397 12110
4614 1410 5463 2928 9563 11696 18661 5817 1031 15980 6738 9945 6271 17835 3066 18553 16119 167 18751 4817 17198 13094 4159 7393 3676 9855
918 2088 8091 3876 9825 9550 2575 3159 13022 917 16600 17823 7397 16900 17301 15731 17280 11497 12279 15184 16295 3379 4778 2130 14382 12720
1951 18099 15396 8950 12311 4069 1896 18238 19482 7209 2835 17876 15550 691 3608 13560 3779 15064 593 18893 12771 18329 10626 6516 13871 16973
6182 15875 14355 4451 12414 16855 2496 5275 11842 1381 6986 14702 12414 15607 10271 12092 7129 18438 7052 2708 15896 280 9740 368 17237 329
15061 14967 11324 13731 2939 6517 7832 2523 10755 14474 12477 16235 8205 16790 3080 3155 2488 5781 14680 4262 3476 10393 6003 7499 1963 5851
7402 1854 13887 12133 4445 8427 7034 1801 11743 4322 10917 15451 15126 10365 12372 12314 4967 18458 10325 9433 3506 11854 3961 15531 9589 17685
7176 18534 1726 12659 10335 14762 9103 1649 17564 4780 10901 12873 345 15829 12267 18988 1718 2120 18569 12331 5271 12919 10807 5461 17375 3855
7301 19973 7856 411 13301 6975 9767 13648 1480 6791 18170 11511 1084 1433 6702 4171 9294 3457 16038 18162 130 4895 7260 1878 690 5364
10631 85 10849 11967 10484 7901 11706 14718 4933 5317 19692 8489 19542 14292 8171 7046 6908 4426 15654 16507 12890 19276 17797 18013 13539 3244
6844 465 5763 8343 19275 18293 19891 17482 9036 19604 18186 1011 18953 17361 3659 18557 18922 4192 19333 16086 12627 2237 17743 16981 11631 16333
358 9503 10086 19891 17756 3788 5671 18971 2603 16206 13669 9861 17047 5173 14146 3044 10830 1791 17652 426 16656 18686 6748 15845 12738 7176
4334 163 4742 2039 466 13947 4894 14447 6914 15719 13215 16123 1802 17377 8552 13005 9498 19635 13633 12053 15287 5898 2137 19951 18528 17639
9820 7110 8303 14505 15431 7598 14233 606 15624 14075 11196 15587 9872 1270 13519 16799 12249 3446 13312 5735 13856 377 11153 18533 17390 9093
14634 18105 1452 5661 10608 93 6860 11448 17542 17564 10910 11767 2601 10686 18732 13871 652 18791 562 7081 12792 9897 19004 1186 3807 19939
12927 5310 5504 8802 17569 5272 9797 10651 1931 12774 1254 17899 15215 17776 19426 3495 14624 6494 7906 10521 7603 13769 12703 8915 3552 3284
682 19519 7607 2588 4313 9785 8666 1098 15211 17036 15281 266 15710 16153 677 5075 16307 6316 10402 1131 2412 8097 17031 6538 3660 14263
17288 12526 17245 2619 4290 18326 13732 6644 300 17611 15370 13170 9368 11309 11513 19858 18107 4317 3485 12800 9721 3365 10649 10873 18780 4008
2520 1328 2663 14604 13078 1260 14781 13889 14892 9019 3928 18508 9397 13934 16729 19813 4344 11057 13078 10965 12061 8347 9345 1589 7775 654
2579 2847 18890 11414 12339 11101 16092 1082 6714 5284 13635 2461 4242 3759 19548 2453 12416 10001 14522 13832 441 3722 3584 7412 18346 16843
19878 10175 18122 2952 5069 17728 4241 688 15040 15917 7083 7632 1343 18776 7768 18335 13031 18352 4564 14151 468 13036 8913 11909 10202 2790
18897 3402 10428 4419 12215 16930 10285 7578 9917 14498 2578 13966 19958 16541 1858 14436 17982 8102 4852 18268 6982 19324 3961 3609 4114 7086
16571 15363 17885 11228 16187 3068 2618 8570 16673 2153 1144 2735 19183 11398 11959 16185 14195 15560 10665 13987 6539 4212 6101 11172 15597 12882
6004 18568 4009 10696 7594 3276 713 3987 13813 17331 3246 18810 12689 660 10481 17207 11705 18173 3292 4620 8182 9745 4883 5550 18424 18966
11958 678 17528 326 4280 8952 2110 17760 18268 12824 2248 5378 12572 8206 12686 14163 6842 4256 13772 4032 15097 3877 3181 14716 8900 16725
15262 15293 5498 19078 13658 4966 15854 88 2091 17028 10003 17574 17980 13197 541 2751 12858 16496 12356 19687 4937 2592 19919 17371 8139 18882
5520 5910 11979 12892 11799 5435 11251 15474 9847 4226 10591 2078 12389 11542 7469 12692 9833 16457 10650 18353 4908 9593 2591 14788 291 7100
4939 9067 15147 5155 10746 7504 18533 9663 12566 2527 16587 3822 7579 2155 7958 8970 2324 6813 19111 645 6837 10376 17355 9008 19386 10579
18833 9211 17672 7741 10196 2670 18394 9265 6291 11104 4858 1132 15991 8585 1153 5855 5733 11659 18490 18676 18141 5380 3238 1417 4108 5948
19809 14700 15757 10695 2500 8480 3177 4482 7397 2763 5637 13245 18365 5031 7236 18601 1807 19207 1542 8943 2018 5135 11962 11386 13687 1788
6004 7058 13328 33 10840 10376 16426 16372 4411 8992 3056 2521 15198 18825 17961 13121 8683 14829 13079 11501 49 17441 4732 19514 6436 14245
4425 6866 4449 5306 4406 6984 3074 161 17587 13395 10639 3418 11308 17309 2473 9353 16500 13188 8697 9493 4961 19868 9821 19462 1036 1571
15271 4635 11246 10630 11126 6532 15456 10697 3937 17979 8509 4943 16895 10801 12071 4646 19561 19424 1373 10714 5160 14091 4763 11664 3431 16170
11426 6179 6094 14999 2413 396 2412 11018 11789 18114 15136 12707 15715 5738 15346 5440 3149 10089 17837 4709 6463 14304 10123 13994 16960 6451
13514 12475 19005 2372 1576 16848 11424 14455 563 7989 2954 11115 13810 5626 585 10113 15696 2353 11259 10712 14677 17292 10882 3988 5642 8175
19400 11907 17760 11767 13016 970 6715 14697 191 3260 10639 17141 17582 18145 605 9380 9492 7631 12340 2472 19074 17089 587 1663 14099 12906
440 7099 7398 7881 2529 2210 11454 1580 15548 13400 19883 2270 16775 4963 5934 13395 3756 4629 15245 18036 11596 11563 8335 3548 3742 16353
11604 19183 5292 1002 19246 12182 18937 19949 14467 12016 3701 3594 10464 823 10371 6295 19866 17307 7525 15066 16830 10572 6295 4842 14911 10471
2762 7418 4848 13535 13221 1902 12700 15778 15312 1527 15422 18206 902 16504 16884 12415 18656 15134 2487 3789 17151 4049 9902 1250 10764 12707
5107 1680 12252 13131 6321 4237 9147 18275 13698 425 11983 15798 9280 8878 12555 15945 16181 2671 5121 8114 10624 11635 19572 14294 7619 9012
8021 11947 2083 14580 4901 12232 17980 8728 10726 9308 6757 18365 17776 5480 4729 5276 770 12941 10724 13057 14773 6470 19774 2723 9903 10155
17466 2811 11375 4343 14913 2415 13968 16823 3570 1221 10330 15161 6598 8656 12657 6498 18158 13688 827 173 5 4567 8259 7966 7150 13317
1009 14208 16615 2736 6036 6727 9043 5823 17225 5086 13533 11673 3089 16818 14793 13660 8065 14766 19400 14942 13160 1503 11318 12778 10063 9007
19019 11336 14550 3293 15795 3352 12103 10316 12158 15467 17361 17322 4276 5837 669 18840 13111 1747 14577 14569 3149 12126 8110 16504 9269 11064
19302 4243 15927 19203 1130 10836 7244 5639 17077 19320 10168 17345 2286 15756 11890 17188 15957 12153 11971 12046 1173 9952 10862 18918 8188 9629
7372 15382 16181 6053 19999 19017 7769 5062 15617 6830 13826 19761 19511 10527 7370 4427 10226 10149 16668 8772 7934 9785 19711 19306 5834 9426
130 17950 4310 15165 17165 18956 590 8980 12853 5075 18132 8297 13762 7499 3614 11737 10901 6526 4693 13701 4094 6825 16034 3431 5266 7796
4217 12897 18474 9354 1507 10754 2038 16068 7878 10839 9715 8775 7231 12289 11539 18706 9320 3715 12343 11256 17480 1241 7070 14756 19685 5236
17174 17713 16100 6048 7269 6082 15498 5181 16269 8409 12633 3168 1036 5757 2820 18496 210 7854 16180 19400 16439 15330 11146 18891 14601 8340
19975 11391 7188 1109 13387 8013 5868 3173 5535 11854 974 11526 718 12768 378 4511 9993 15533 1434 4832 9741 19 6545 3730 1385 2128
18189 538 14897 4648 3466 19596 17828 2736 8405 14280 14661 6290 18247 15082 10188 2262 679 19436 1432 3401 9259 1017 7202 2425 10548 4034
11282 9638 11293 1624 18137 5403 17152 8843 16447 11450 11671 3716 16508 17103 928 12775 8742 19949 5072 2335 19809 7208 1889 7901 175 2897
4156 15578 9881 3999 18443 16685 18770 1273 14123 830 9988 6221 12729 19746 18048 19349 10057 9231 6474 501 4602 16326 3876 4545 16082 9129
5970 3485 19034 4866 12776 6500 12811 1642 1692 10436 11081 3733 15477 17077 19373 11478 8159 5090 13077 5538 6101 14215 825 8262 5569 16975
11828 6211 4124 4158 15723 2867 17323 19863 9497 12843 15740 18379 9728 6177 16149 17717 225 10753 10642 7597 17303 2363 6353 4445 13007 2060
4937 6292 16536 16856 3876 8710 9345 5249 19254 14710 19158 6637 1714 17522 1134 12137 9693 18759 6723 15335 382 19228 11040 13886 9105 13410
11549 426 15308 2042 9938 925 12494 1272 873 12540 3496 15071 772 5993 12492 11752 13562 2885 6427 4195 13225 16181 4286 1402 2454 17674
18916 19137 13964 15581 15289 19471 11768 3627 11021 5320 9513 18775 15312 10236 19209 12790 19949 16249 1371 11417 14617 19637 18702 6988 6891 9925
8597 13809 9882 19798 8481 18613 15091 12043 15545 15097 8775 3053 19424 16526 5022 2148 12302 4563 4935 2152 19802 5608 18181 5345 3476 6537
8697 19616 10700 16986 15794 3154 14620 14327 18259 2350 13297 18896 3390 5168 6163 5617 4974 6324 16856 13356 6162 13753 7536 18845 18180 15477
12375 1175 19642 4626 7049 11527 15209 11788 1829 8349 17888 15145 18527 11892 16513 18475 18769 11255 5850 3328 3001 4211 12743 9377 7095 9654
15012 4736 15263 12363 16194 15843 9520 3258 15032 13537 13139 12918 174 12927 7829 14901 3981 13575 5198 17236 5080 18425 10611 13575 17646 271
16045 13962 19331 2237 11247 15634 1590 13710 10080 7623 6639 5294 1246 12816 15430 7395 15169 2622 17322 5654 15010 15975 4003 19784 17393 2888
4047 11995 495 1475 12259 18615 2400 15275 3793 7081 2558 2476 5376 17447 3159 1539 2473 9784 11727 16347 9489 17852 6994 11222 19587 12071
3471 1479 5957 11621 5804 1925 10961 3203 13779 7902 6034 16398 12911 1454 4738 11382 3759 3735 18261 4334 4620 18452 18133 9379 19301 3296
484 16765 15638 4764 10352 10942 9960 1759 7346 4268 15149 5292 16399 14642 11172 2068 5114 18061 5841 9542 1502 17672 18750 5316 11335 1646
19069 6622 1408 8646 15840 12306 14653 14521 17958 8907 5622 13577 15462 9478 16512 16604 338 3911 8486 11976 17029 8216 12867 6018 5531 9281
731 8833 2613 15827 13629 13155 2109 9173 18791 18933 18474 1938 2560 4959 16236 14551 5447 13901 13791 1020 5583 2824 18493 1932 9984 831
16087 19098 17027 5477 18611 6828 556 2483 3965 6134 17548 14415 17151 7622 1775 338 1928 8816 10992 7073 18641 9232 5250 5729 4073 10231
9208 6039 9435 8428 11236 6010 7161 10724 14012 11132 18026 16774 3223 927 12929 6001 17277 14957 15363 15629 18526 6774 3531 9509 2986 11308
11740 13451 83 13268 18918 8481 652 10500 1691 3122 9928 139 12490 18780 19186 8616 8917 3913 2431 14735 11381 260 4690 16263 13207 1330
12752 2042 18566 6686 12787 125 5451 378 5561 13408 151 12116 10488 14107 12072 8873 3257 6121 10718 8323 12390 1385 12789 16436 18460 1632
13958 12584 8968 7295 13109 7021 11093 15558 6995 17324 16635 17042 8492 18670 622 1646 14609 15937 12763 11692 18522 11971 17366 14301 13837 6275
9701 11653 19809 18805 11771 6276 3972 15557 2204 11461 4508 15392 10730 4027 19541 19249 15606 8563 17941 14692 16608 9053 7115 8164 7547 15553
3073 7814 3232 8940 2681 11116 8251 9748 10751 5729 8016 11374 14672 2401 241 8177 13440 19074 13947 11907 9269 18768 12964 8408 7368 15336
14607 9593 3028 7454 18803 13841 13705 12563 9313 5476 8419 8871 8333 2546 601 12232 14026 8944 14493 3173 12577 17594 5630 17707 484 4958
10616 4334 1462 11153 12656 15245 11202 6533 3943 8314 12680 13134 2420 3780 17980 11489 1814 7044 2642 17959 16567 10236 19048 14786 7672 15397
6410 16365 575 17932 8072 11168 11024 7878 18224 10871 1539 2977 3200 10955 14945 15531 4840 1413 13624 13729 1480 3019 15270 2970 4097 6408
12815 4638 138 1301 15869 482 14780 19567 15648 354 5413 17252 5832 10567 10626 5420 11594 9516 15572 4795 18823 1872 13620 2455 19817 3223
3157 17831 17594 19849 2080 9410 888 8829 6023 10722 3523 10402 6688 12273 7717 4649 10280 18270 5773 18888 11794 601 7744 6034 16437 5871
3332 8195 12708 917 16111 14101 15774 7764 6428 1916 6870 12922 4092 9147 15641 3940 11613 18312 9824 3029 12179 5368 7280 5343 16727 8968
3327 1951 5729 14878 15151 8928 16081 8301 4188 14666 16162 13580 6386 19254 7438 10253 15022 729 1288 3428 17190 11656 19430 14110 2059 8290
19771 7932 2804 17275 10724 11836 18365 6918 10857 16205 14699 1246 19562 19745 7087 13369 15131 11319 3011 9918 17599 14607 11384 18659 17431 16767
18909 12231 2915 14285 14170 3109 19490 17244 10354 12543 15325 5063 17123 2145 7425 1173 9575 13167 5321 12020 14023 5784 11971 902 11906 1223
5215 4853 611 3493 9079 3128 3483 1905 13781 2968 3186 5591 14604 8988 12759 2923 11059 6794 10619 10165 7146 16303 1149 9590 15349 16978
17944 3943 16323 9581 12439 10653 3025 4939 4318 8856 2870 1055 497 5238 1439 3465 6943 8150 14025 10960 19846 3429 12592 8363 11230 15635
5461 11806 18580 6984 11430 19049 8999 12440 13347 2658 5550 19322 10845 10402 4280 1936 4328 10448 5523 16497 14869 5489 16266 12332 11400 4324
19725 15725 3617 2199 416 7528 202 1996 7431 19403 19337 14643 1149 18956 16040 18203 356 14802 3902 18200 764 7775 16798 3351 13122 18496
17016 12856 18142 3027 10125 7262 705 13168 1480 3581 7236 17157 843 15837 19176 18222 6816 11009 11117 11301 17578 12689 6409 8789 2941 17068
4468 3919 2772 1225 7730 1996 18120 12637 14828 14288 14314 17375 19616 7378 13220 7350 13704 17825 8765 119 14034 9109 1952 78 577 16850
17765 1252 11257 11174 4063 4318 18551 6391 18476 13268 19448 6815 715 11524 13258 19577 6832 12505 1284 10916 6629 9480 13186 7100 7769 12766
2439 12555 824 10426 12761 5659 3074 1352 6179 5675 10163 3708 11973 16992 2252 1301 17440 3612 18502 6932 19686 11020 6050 320 1603 14593
19009 17191 3535 15360 15029 343 14723 14224 4704 1148 15089 16985 8500 4282 6807 13339 14984 7954 512 16282 17198 6917 6779 8267 6324 8793
11988 9454 19220 2278 746 15289 4427 5246 2561 7548 15438 18544 9023 13813 13797 18253 946 19859 1755 17294 16464 5923 11926 16297 2027 15078
5260 10554 15078 16381 19034 17717 9771 17488 18606 7415 239 12599 3988 11923 10333 10886 5324 19521 9607 19001 1549 5749 9457 3139 18051 9072
7516 13322 8907 3514 18487 11554 12962 10961 19244 5317 7805 11178 6680 3185 14164 8221 7388 4757 8063 9052 3503 3955 4928 354 8728 11664
12673 13665 12026 10858 12545 4144 10876 13600 2951 15034 3813 754 11444 18786 7448 12357 18021 18272 9488 6883 5035 7976 13349 8207 1199 9785
15932 10662 15104 6873 3423 8321 16373 5092 19660 17416 17903 279 3612 3178 15966 10143 19765 580 15565 3697 8011 19342 9770 10537 5503 9337
4808 360 3346 13069 3786 3372 6170 3899 5629 12388 5822 16589 826 12521 16790 12717 11332 8593 4945 1625 11835 11280 10191 5203 878 6149
10225 7858 19539 17586 5638 19643 19891 7393 7774 8621 19710 7916 2654 19098 4850 11931 18353 16859 10807 13919 7286 565 17171 17957 6448 14009
8584 15532 13021 6451 10879 1815 15345 3018 1528 13097 2774 2597 7026 12495 14379 2664 2481 4116 11084 16137 11743 3735 1676 13208 14393 1679
3639 48 11861 66 19220 8959 19393 9018 7928 6893 10852 6389 17125 4378 15930 14301 7879 14683 12653 18695 9300 18408 14852 6092 10681 16253
12135 13450 1235 1966 408 15881 14263 19874 5890 11322 8512 2135 12251 12659 15612 6420 2388 6647 18055 6499 14788 4249 1098 10209 9357 8636
4379 19401 5346 3719 19405 16949 4262 16501 19178 3385 3236 3797 11235 19975 14238 2870 14212 4971 5968 13734 4411 7635 4642 412 7557 18650
16259 15610 5077 1617 1170 1628 7244 16348 18007 4736 11201 1843 11057 13681 19845 15118 2198 15606 3796 10596 15376 19453 12643 7021 9038 13773
83 8624 17515 9776 11694 17092 12660 19102 19723 1789 18013 5253 5038 3156 5941 19496 1963 10990 7875 4888 1356 10903 864 16553 15068 16865
10229 9761 19799 4193 3859 15922 8630 11383 1210 4937 18924 6818 17898 8580 10664 7156 11583 12369 17615 4243 444 18466 9859 8773 8263 14112
4775 14046 5275 19915 7023 12829 10222 878 19122 19551 1745 15736 17834 13898 10544 11380 5485 12873 17253 18268 11474 16555 13740 909 8626 17334
17210 1630 6601 16444 1948 3838 6108 11978 15708 12998 2197 987 8692 8111 7396 11907 13441 6400 17940 17030 580 5574 12422 18132 3097 11332
98 5889 12876 387 17769 19260 4019 19612 14684 6735 15510 2245 15336 3179 6464 17230 19830 4889 10857 16215 8403 6611 5870 6972 10688 3314
8426 6489 2265 9995 10018 14841 9219 5382 12519 3498 18148 12267 12394 17144 5885 2491 614 1152 5231 11428 9869 13033 15966 7309 18961 11866
9400 5002 13221 5480 2970 573 9039 11785 12637 3641 833 19835 3217 4233 15603 4251 13869 9776 16577 12060 6551 1923 19012 5782 12063 2826
13857 4782 19496 3138 14554 18618 2710 18271 6612 19041 1522 18861 11991 4020 4029 10628 13899 3716 18933 2905 11682 2289 9220 9778 9212 17161
5085 10980 8635 16565 7010 3349 10434 3538 202 16821 15896 11136 17815 13204 17232 14963 15544 16695 18564 17658 15576 3599 17779 231 3452 9852
7807 3530 13294 10473 4297 14208 13789 9412 2045 15845 11780 11178 14198 17892 13788 17548 12893 10466 4767 8280 18043 5189 13376 6485 32 427
4236 10909 1827 17527 4225 15495 12441 17198 18300 5141 1927 15621 2784 2204 13675 6131 14401 6802 7364 1552 3290 16197 5254 1902 17246 18146
12000 19388 5636 8649 1925 1197 16666 2194 14428 9522 10670 11805 14243 17331 10688 19248 16340 4419 596 13922 18264 19034 4556 831 14294 19913
10281 13087 12405 15144 17962 12588 3381 11610 10790 3324 10888 763 9106 2062 4760 15490 1156 13549 223 10045 18885 15754 14855 7396 85 7765
5194 4935 10416 9583 9928 9561 6201 4481 11631 16911 14404 8127 3333 14417 12097 3736 7810 914 16614 13434 5957 6960 17090 1958 14355 11585
18493 8705 8098 8391 18252 12085 3114 14726 19178 17804 14521 2294 18784 13632 14564 8364 7212 17307 4304 3824 4426 1904 6573 3734 5128 15534
10456 16587 7952 7929 7303 3133 12959 6576 19368 8081 15758 77 18789 15886 5636 4041 5127 17314 4084 7416 1170 15985 6390 16545 10317 12007
12984 7735 7759 10246 4489 7622 1257 2222 4358 6753 7330 2519 16085 9612 12776 1607 16733 17327 9144 10846 10133 9877 4133 8365 11659 10250
13823 4113 3630 19091 5658 8464 925 19239 12320 5850 12204 14000 7459 10377 6423 5368 385 18744 18585 2748 11358 8920 19361 18088 10276 10586
7175 19075 17210 19273 12604 12688 5142 7690 10873 645 17679 14725 9871 10362 1006 4519 19632 19227 4188 1935 17168 1874 17171 17144 12772 17565
2377 13621 15403 9347 7507 15392 2502 14786 6121 11519 2477 13453 10785 74 17492 3666 15316 14560 4530 6738 15749 16426 15489 19815 695 488
18714 6099 4713 5618 8657 6069 430 10690 9605 2794 17370 8728 13460 6575 7887 3707 9841 19743 16580 13926 12226 7540 1711 5778 10924 771
3375 14438 4043 3221 10185 18344 19348 15678 12832 15433 18507 9570 4056 3100 8303 15789 18800 3325 18451 15919 8653 17511 299 18286 19469 18818
8878 5597 2417 1619 15123 4277 6026 9189 4667 13515 1797 19143 10629 15779 1612 8100 3257 4784 9646 1769 13039 3574 984 809 15714 11557
15440 10622 18591 8499 19225 140 11989 3771 11462 4981 9953 11764 18501 6112 3098 11773 1300 14720 4133 10403 7266 8231 2339 13412 4457 9901
14765 4450 2016 14243 6972 16997 5564 6379 4091 5819 18132 15829 6840 1360 1843 13649 13499 1013 13208 14401 19891 9796 3554 8136 3208 19043
12823 1409 7659 16082 611 19758 6556 9993 17073 14240 6553 6262 10342 7962 5371 18121 17811 15338 14180 12360 14344 12304 8938 7160 14433 1699
2277 15463 18770 10358 9850 2098 12610 1329 15142 16069 12204 8465 6262 8577 1658 6176 3153 9706 17373 19721 14313 13225 17495 14432 1891 2238
2961 15654 13249 17935 8407 15824 18688 8578 8132 7156 4489 12378 19416 1283 7255 19511 8805 7313 16450 19279 9541 12245 12318 3522 11190 16211
4562 8685 5601 10715 1162 9026 496 13070 8956 9327 61 4069 13936 9138 12164 201 5947 7451 19792 14115 9834 227 19136 16295 3557 6102
19096 12070 17249 12332 5870 18597 10985 14850 372 10004 14179 7318 11166 14450 12050 8248 6319 3845 15095 11448 2962 1103 4928 2951 8851 6145
11347 3869 14834 15802 4141 13983 3422 18342 5214 5073 10235 442 3917 9800 9890 2169 14176 3369 18292 12337 2563 7898 5269 6438 19117 19544
15097 1086 2147 9529 1987 18770 4479 10552 9147 18246 17392 17927 9853 14138 12971 11995 10108 8069 6040 7119 5292 2178 8910 925 7009 16212
12055 7541 6047 12415 9505 8878 19470 10847 3068 11123 11261 35 19315 371 19354 17037 1785 16865 6371 4098 8485 8201 5980 418 15187 18360
19617 1873 13020 3971 1570 18002 4038 7447 2368 16696 6057 14567 3654 1821 15790 7934 8586 4447 8327 17969 19188 18187 18725 19867 5933 3417
17201 307 2789 11807 5006 14021 17593 16706 18669 9184 5150 15119 10732 8819 14048 3503 9334 4690 19452 772 3251 1376 8258 13461 499 14060
2349 7248 14162 3050 14455 18152 17431 13224 4773 12066 9000 7856 15804 14221 11202 6612 9714 6820 845 10528 1579 16375 6656 11878 8584 13328
18152 16696 6685 18062 19434 11011 5794 8943 1317 19523 11042 14551 3452 8101 4845 13776 13366 7903 16153 12156 4674 19298 8571 4383 17371 4875
10893 2746 249 15810 5056 18135 4414 17668 6246 14067 4531 8926 12917 16181 12439 6166 8496 6078 17665 2043 9240 182 3602 2904 4813 12845
10045 12219 14761 939 7456 3259 8360 12359 14927 823 11137 2842 18720 4465 13447 13021 7315 18928 14712 3169 4294 6822 4022 13775 9232 1868
5195 19468 15021 6738 15309 10743 8275 4424 10189 7325 3205 18840 11211 16014 17275 19444 17253 12703 13750 18698 7393 17974 2511 14074 18454 3920
8029 1490 15102 19150 11888 19821 10270 5177 13907 8367 4596 6227 12674 11285 783 11214 19700 12385 8797 1899 10266 13715 6982 16783 9734 18814
1041 10533 16553 8120 11391 9940 1260 9291 8169 3347 2981 18839 2663 6364 8518 9984 1743 12367 11640 2274 19918 8765 16347 5470 19668 10094
54 14533 8034 10048 5791 9598 8984 4208 12775 4212 938 17506 19262 10435 17762 9652 8494 12387 5759 19828 15398 17919 9270 14061 13102 15523
13264 14736 2303 18967 9864 17470 9250 13234 16459 12583 2442 7477 482 6328 2783 8398 828 11925 14241 14267 18787 12553 12725 4251 17698 12171
5264 11542 3412 2110 1577 361 9451 15746 9684 502 3671 1463 8140 19769 6921 5373 15 10715 11723 1530 7386 17961 7668 467 14906 13880
1976 469 18253 5183 9157 7306 10475 11688 153 12278 5461 1563 10341 15732 1934 16070 7674 16601 14213 773 13859 16268 16344 7453 6772 14876
15540 12440 1244 6702 3740 18228 16249 2791 13113 15085 11262 7096 12135 2109 4478 969 11822 6194 9912 786 10469 15820 5457 17519 6331 4358
3992 8024 16988 6413 7034 19842 13898 8050 1332 8577 18815 19846 9178 14885 16258 2825 8714 593 13309 10824 4624 4548 10248 6128 1563 15095
6219 8831 4293 10619 708 2634 3446 4117 1685 820 10846 17720 10894 17569 7999 15504 9550 1152 2968 11298 7660 6095 5007 12807 4143 12942
11563 7067 5156 6889 15579 16160 15189 8913 15578 10130 10515 19881 4964 8639 15481 5268 15738 13247 17847 19415 15665 17890 3531 5689 32 6751
2158 14853 9943 15036 7065 16947 9273 4439 12345 16174 14951 18252 8359 15599 4236 3034 8411 4132 3678 9759 17908 10671 11550 5870 9881 9389
2586 3834 19501 11493 4738 210 19835 12204 19431 16476 13428 19826 14441 13855 5845 5463 7225 15615 7673 6158 1298 12692 10517 10145 9990 11230
19153 13218 17529 9869 19262 6148 4721 14721 7170 16716 12482 12636 16236 5190 7522 10406 4040 11026 8628 13653 19388 12565 11346 5629 5957 7921
7312 16045 12432 2695 7535 2962 16594 8469 5923 5005 14843 19135 19999 18396 129 3381 10860 14601 17680 11550 14820 809 204 946 13805 1174
13928 2435 18696 8821 10757 12841 19007 6079 6139 2138 19320 12206 12507 12560 4834 14837 3271 9924 18638 2566 1511 8231 1324 4759 2653 11136
9359 10908 721 19473 3207 15386 1252 2992 5510 16484 8668 13614 16639 5320 7014 4337 19940 10568 1215 2472 2146 14800 13225 9523 16132 732
19177 13161 12044 11906 18028 3796 14605 16894 5267 11380 16775 18951 19012 9188 17191 3803 15403 11439 7752 826 13383 9050 355 5195 4893 17623
14381 9926 10869 980 15259 2637 8054 3154 16251 2218 11564 15372 2778 4623 18438 8282 3531 2656 5646 14580 17460 11490 12667 15764 7024 7736
18807 3545 6541 12577 12209 626 8923 6840 3356 2003 974 6227 8314 2856 14231 781 5309 1490 13345 204 4326 12573 19092 14157 7981 735
15842 4308 18961 14020 12532 12624 17336 8260 7718 6608 4184 15985 11319 16585 8543 12814 13887 13974 851 1142 6008 6946 4581 5880 11675 9022
12307 17827 9744 15300 7481 5242 15468 19488 9291 1548 15724 6837 15313 6312 13857 5702 833 5986 17400 12546 11765 1239 9546 10818 3960 19012
6609 14475 1877 18472 5337 15119 17870 18868 3090 18585 16595 9395 5980 19787 10893 7808 11199 9131 4941 8519 19030 12204 7516 5876 278 18862
17438 1770 16934 2098 19105 15830 2367 8593 15290 11923 7082 13901 5279 4128 7172 3904 813 8392 15016 7756 7259 2915 7393 6189 16701 2841
3213 18596 9929 12157 14182 2072 18414 7536 1603 17692 12985 12068 10760 668 4709 7227 7698 9941 12529 88 17100 7615 8093 11757 5846 13313
4510 10054 16581 10306 15772 10965 9087 18117 6888 13364 17712 12002 13919 18911 10394 16679 8816 19187 15752 19677 10471 18721 2038 14114 18727 13363
10923 3155 2401 1337 14820 3119 19564 2791 719 5933 1090 4554 17172 13254 12860 5893 14899 17968 11946 17761 15320 16089 7805 16038 14479 12114
5 11555 18416 6626 17445 3045 4093 9154 4801 10122 1783 8212 2339 16715 17617 3880 3647 17356 1515 5406 11501 19390 17178 9618 13443 853
16665 4428 14938 9320 4326 6332 1952 13883 4104 55 12479 18122 8523 12611 11522 18506 217 8681 18468 17625 132 17313 15198 10844 8429 1517
13126 19731 19136 16349 16264 7412 7720 3699 9017 6941 16321 7500 12182 3056 76 7008 17095 3839 12516 14592 11989 16497 10743 3131 8102 16255
1599 4967 12410 17186 12070 4972 17162 11737 14883 17705 4583 5140 836 16186 10410 2723 603 4234 3219 7017 2265 6585 895 11718 6991 16351
12425 466 3950 5339 16042 13931 18257 18879 19184 16182 18209 2145 4881 1434 5607 5731 13043 19836 11416 1808 18234 14181 10807 16763 782 3704
10595 16329 15190 2578 16116 14003 15226 18093 9761 4017 8492 14682 16495 6629 11330 10201 15311 14730 8927 4025 8750 13865 9495 2562 11661 7902
4119 10245 11669 17908 12820 4853 17234 2221 19544 10039 13862 9655 9062 16510 13612 17780 10519 4507 17156 14285 7195 6464 12257 14083 4248 3937
17444 9566 7003 984 9845 7560 1389 3824 9085 9907 12696 404 19133 1283 11647 6310 10328 9826 4136 18368 18108 10928 6837 14804 410 19563
12797 10298 16105 16356 11014 1045 12863 13988 4468 17552 2959 18747 19710 19582 6002 16428 5744 4983 18877 15024 16799 19856 19934 15911 6755 3482
6304 14750 7629 16306 8296 7170 8074 10497 6640 18192 11236 15404 16750 18930 9206 12069 2408 19896 8694 2027 2814 15817 1000 6006 12089 5804
18043 14783 13861 9668 3231 14219 9512 15127 16373 1486 15370 13230 13128 1954 15201 714 17892 1470 15369 890 15087 2868 18119 18138 18320 10530
2111 8669 4662 12417 14523 14629 19270 8816 2549 4551 8431 2860 7440 8310 19667 19670 10793 16506 10962 16726 14180 16078 16263 15733 606 12306
8432 8117 12549 232 18636 6435 14399 2893 9579 14473 2828 13513 1015 7208 19636 3456 9011 18186 14165 4371 11783 14326 18990 9584 668 10593
4584 15233 10866 19906 12632 9019 14400 6761 16714 4020 15750 14615 18872 11615 2565 19577 10541 16600 7884 7955 9017 16513 13034 2795 8798 6176
1298 5888 11388 10368 5747 14727 367 10404 10781 3366 17196 11123 10797 18752 12828 10580 15307 7748 3302 11108 18933 19959 14942 8862 12939 17895
15556 19310 15459 3049 6976 6430 19737 16508 18773 7768 19677 19473 10957 12156 3437 8173 17492 10366 13844 6168 17894 5088 16939 1012 14357 10428
15162 496 13022 3002 2182 14923 243 15821 10137 6658 7592 9565 11272 13720 12839 5891 8344 8748 13190 16935 15311 13777 7337 17893 17796 2256
14252 1544 4827 19742 14529 17844 10302 16440 2459 15104 15030 9460 8859 5684 6596 8483 13441 18987 10580 14859 13329 15701 18506 2168 18209 6078
9108 11048 10442 18440 19765 14360 8661 7428 10896 10745 10736 6651 6748 6500 17125 19233 11423 16462 2807 14862 16885 4377 11689 5319 11833 16291
4680 1836 3171 1691 10078 17955 3583 19761 1947 910 17287 15446 11266 18069 5866 11768 11371 18136 13504 10904 17699 9665 15367 11486 500 15620
3002 18236 14316 19208 2151 3080 14151 3137 17836 6991 5627 18123 14564 14822 11823 19596 7819 3722 10439 508 955 15630 16951 12986 4611 17400
16751 8944 518 9154 15526 18316 18514 14463 9272 3036 4513 17502 14786 2108 9890 7885 4658 7276 5957 3892 1091 9075 12416 8750 6679 15173
840 2034 14492 12958 19507 14884 11208 13006 12149 10289 18194 4169 3930 1815 2651 16068 11864 19410 7621 19853 11848 2991 17997 4091 13563 15709
5303 19959 5657 5596 11011 17482 12069 7285 17539 8598 13758 12361 8994 15901 7313 18147 14156 1082 13390 17138 19946 19867 15281 14087 926 2487
9027 6278 8556 11354 12465 14969 5390 19229 10991 19745 12499 14851 3982 1171 6436 2458 3000 7453 15882 4290 14281 16102 14939 11369 17160 1333
1351 15518 14858 13295 14315 5317 18914 15863 212 11182 15464 19732 7793 2888 1947 14137 19273 4821 11865 16966 15292 9601 15830 2315 10435 15712
1298 12881 15664 17558 12148 6497 4261 7687 8779 1956 2318 15038 7128 7755 19437 3602 15487 16600 17058 15625 4592 2082 17757 8584 13976 2477
11020 12526 702 6897 13355 12845 18638 15724 13538 2110 14111 349 6216 10752 5182 8438 3916 9488 18199 6359 9915 19666 19363 5528 6766 13969
19575 5173 6246 10850 14208 1216 11343 19796 726 699 18549 9831 17207 2134 13791 17556 2439 10365 3683 17625 12568 13764 9769 1998 250 7436
9665 11784 15278 8109 3436 5714 3975 1866 19529 599 14166 5406 6115 1356 13772 3115 1641 1013 11610 380 14774 9806 603 13674 19880 8075
1348 8028 16325 11416 12515 9640 6742 16794 13169 7680 5002 15360 15862 3146 8001 12092 15478 10709 13947 13371 812 4211 16419 358 17945 14817
4417 5793 5264 1990 4167 9300 19758 17998 14939 18267 15145 16871 3466 3696 18743 19291 16759 11268 15087 1106 5588 19795 494 8601 6599 2772
4857 8600 4580 14187 19565 2308 8593 1303 17733 14363 523 16612 16646 12232 17094 5857 14724 9113 16736 7216 18324 10599 11819 16238 8012 14222
9805 6437 3987 1912 4990 4302 15885 2486 6178 6073 6503 9447 8811 12380 11454 8879 3356 6095 2786 2153 4651 11646 18342 576 17344 4001
10892 11047 5210 1552 15505 13871 5509 4804 6657 3862 4189 9326 16173 11378 14705 17714 3002 5050 10442 11478 9577 2872 4217 6738 4864 350
5619 7372 14468 19936 14537 12408 13294 19696 12423 9543 9446 14838 19879 1383 3895 11821 2468 3419 9154 18166 12357 18128 15559 15551 12428 2025
5353 10047 13036 17394 11165 12806 12756 314 3983 797 16375 2365 18821 17028 4393 19399 11369 1342 7774 4149 9722 6072 13242 1337 11472 14260
3184 18148 5513 15210 3263 19559 14201 6669 2264 8398 7001 14908 4089 11371 1926 8439 19580 6580 9836 15344 1645 16464 10782 13981 3859 17977
11734 10159 1806 12496 4548 11692 1599 7698 13079 11054 12219 9170 4963 7002 5273 7525 15614 7293 5435 4261 16115 14035 11287 355 17755 5321
7727 1258 3608 14634 14673 11255 16138 19366 1533 11608 3603 13910 6728 12149 6164 17867 441 12475 16528 4787 11054 5056 7788 11190 12518 7800
7843 7429 6536 5881 16357 13034 15621 9095 9772 2542 15629 9413 1391 13518 10347 1619 19348 16000 1279 3719 16623 4907 13714 18830 19765 12245
18016 5577 12646 14147 17547 2459 2755 5917 12053 10395 11098 16516 13471 537 10880 9961 8424 15400 2971 14989 9387 6261 5016 15942 10388 14074
5886 6734 13374 18993 4205 17353 8419 729 7296 8150 2703 3235 4281 2 795 14892 3976 7954 5084 5835 6351 18585 828 18042 14608 3520
1364 695 19084 1971 14491 8966 13362 14401 1283 13830 12522 17315 9397 12944 563 12809 11961 19320 1661 5509 8997 2711 10320 757 13359 17461
18217 9707 6214 14405 19255 17943 10659 16728 15085 9393 633 18799 7833 9713 8729 914 15970 171 3868 5882 14430 215 1784 715 7218 19325
6546 17584 16997 10228 15239 6309 17714 4932 16591 14841 13064 9587 8978 19257 6543 19239 12338 6417 15299 584 8576 15204 6310 4655 15344 5538
4270 14040 13696 1818 5220 7196 4764 10569 8559 8629 9769 191 18338 7508 10759 18848 6601 5101 6218 12313 4147 16680 7454 13461 1349 19024
2816 16028 19615 4154 4900 16555 17704 6208 6972 485 8697 13682 13861 782 12989 1628 17948 10105 11417 14023 14977 5341 4700 3625 10386 6226
18273 6016 5924 16084 10134 16817 10746 5148 4186 15595 7361 9884 8247 9257 5026 12405 4195 3275 5233 3792 7914 7893 2559 7690 8018 9395
12095 8475 8479 11444 7160 1096 7911 19013 9486 8710 1855 2798 17500 11483 2552 7410 18114 17486 15086 2629 17605 8988 14793 8920 7716 2751
18445 18247 16291 4461 636 17814 4827 4582 12254 3940 16879 10259 5663 18272 6907 15643 19356 14669 19151 1065 1816 17492 10707 14799 14520 15328
12337 9781 12493 4804 15112 13275 14700 17565 12023 19806 13925 17950 6394 2046 8983 1782 12308 19614 1014 19646 1292 16862 2808 14913 15954 11158
6582 19097 813 11261 6015 2741 1524 3928 5081 6412 7762 3845 5256 19587 19889 12441 362 5534 3526 4060 3822 18781 7360 444 7940 16408
3515 8855 5562 5184 13804 1290 16057 17079 13654 14165 17316 10925 306 16803 3421 17042 15729 525 10611 8814 18859 17255 19641 13962 12654 14538
12103 16453 13409 5997 14480 15297 5713 10567 12332 10326 11282 19907 10520 1043 19929 1892 11763 5156 14729 16487 16818 18131 11182 3560 15371 8355
17239 106 18739 14984 6141 18820 9589 8924 19682 160 127 16958 1363 4265 15092 5442 4753 16230 11635 10048 9695 4531 2588 7684 12351 3378
4189 11571 17119 11481 16289 8650 12966 9550 17240 5505 18186 6673 16628 17116 11073 4849 19755 566 15945 11188 19106 18832 18784 3563 8538 7245
