365
73 4 54 61 73 1 26 59 62 35 83 20 4 66 62 41 9 31 95 46 5 53 17 77 45 48
13803 9293 8595 14969 5723 9932 11881 4357 14972 7844 14406 12295 1450 19101 132 7721 4390 6388 9924 17574 11997 7870 10301 17989 14766 14287
15400 2129 19154 10639 16446 5125 7349 13528 7811 1209 1040 16272 9868 19879 2360 17481 2652 4904 12596 18587 12260 19703 4904 3700 3165 14468
5451 6256 11425 14196 13568 14601 8043 9001 4702 17100 5847 3915 8749 14933 9914 5404 5711 5770 15733 11389 10749 14244 7329 164 17853 1431
10867 10466 7950 2618 8577 14681 13264 19098 5184 12798 16245 7910 17214 8902 17042 15813 19729 16380 2056 5449 16036 15120 13144 4448 13776 17737
19167 11443 17651 12708 16052 5432 18308 14462 3232 13604 1157 92 14371 17544 2127 1657 11456 3039 4981 3563 19930 14879 15894 4564 15028 14303
16420 14650 11246 8490 15015 13871 10760 17028 17150 5034 7777 10586 1078 6408 19284 18852 15694 816 3813 9708 14265 8078 9480 2917 1515 19570
18042 3460 9354 5329 15641 4629 11828 19501 13129 6290 11464 5981 2613 19381 6378 13983 6806 3145 10109 15196 17119 13876 14667 18203 6832 8712
19579 11938 3798 253 6867 13889 19981 13384 12512 6545 2299 13877 2917 1810 11403 8345 11803 14970 13899 6344 9256 15292 9633 16597 16364 16630
8638 13256 14471 11191 11435 9078 15813 14639 15630 19240 15725 2750 17688 12026 13279 5521 19756 13623 18488 2145 19514 10032 534 19391 10736 10554
2420 12993 19998 12254 9251 19848 6106 7892 5522 10083 3127 18222 1747 7204 18678 2421 13816 6282 18662 18739 14395 19445 525 12860 6597 11119
18816 6251 17131 18483 10705 1561 18948 1642 1197 18519 11991 13009 10635 19698 5617 5168 3847 19859 11318 5383 1020 17586 16748 11447 2890 13022
14393 18936 11393 1954 4768 14573 15427 19983 14798 14480 19797 5737 11592 13879 11250 18309 16803 15020 12721 6368 3179 14185 4999 1354 6142 6230
18678 14049 11802 18321 12324 1635 19837 1698 5422 10189 7317 1623 19005 5791 3265 18499 11811 6080 9916 1401 12969 19597 14049 2547 11316 6387
16110 5334 5517 13291 15342 10756 1223 5672 5773 19051 13783 5017 16821 12843 3089 12995 3879 7702 3500 13849 10185 9501 17484 3246 11324 17098
15571 19917 8012 17449 9523 400 5179 12661 7500 3175 16721 15542 3267 18905 13078 19096 7138 9414 11647 2285 6176 18289 17407 855 2453 13113
1024 566 14108 11091 5838 1552 11744 10631 15601 5606 617 6736 4171 9476 6604 8091 8073 12659 17859 19155 19514 13721 18058 1018 4107 178
4036 906 1802 5828 4084 12624 2208 479 14220 5991 13819 1566 18077 5554 1729 12331 18945 15043 14918 11003 6086 1131 13069 15067 16017 11946
2311 4556 8693 8296 5769 2986 15097 435 5033 9110 2574 17199 10108 4613 3425 17598 3944 9429 10965 114 18867 8508 16956 14013 16703 4782
1944 1854 19949 1976 6912 17549 479 7009 4804 10020 13726 4945 882 12259 16914 3786 15657 9815 15209 15194 5752 4611 910 13198 19965 5046
14792 5867 11098 16602 15378 5071 1413 16048 19347 12758 5454 15389 8981 6937 16208 17034 11581 18440 18233 12439 4890 10373 10399 4256 1809 14996
1746 10961 17297 17101 1586 12455 19985 2664 1177 4181 1088 321 11996 14262 7256 15648 18551 2968 3372 2222 12002 14942 14016 10201 5820 4149
13097 17805 17707 6308 7912 5119 12522 7149 16895 19602 16037 12645 6249 2225 17536 5076 19863 19386 17633 4266 2341 12977 14932 2907 6856 385
14881 5860 5596 12025 12593 6809 8122 10943 9800 19302 8488 5077 1951 15878 13655 11651 11196 160 10668 9615 16433 19280 1574 13320 9299 15049
5584 3784 13698 14077 3037 3954 15143 5294 2406 12410 17409 2624 231 17047 18046 8516 18700 15827 2784 13811 3798 13335 15622 7233 12904 759
14544 15033 18616 16158 13749 9789 18412 5085 14770 5458 7431 15477 16368 18758 15327 13223 9893 18060 14685 19596 760 16409 17840 12045 15203 9942
6020 7680 7308 12246 19765 5262 17401 888 17746 18507 1061 1913 5389 13764 10077 5395 6413 931 5506 15301 10295 1406 16519 8043 1166 566
4641 16034 14879 11534 725 13778 11678 8482 564 5065 8382 1372 4616 7839 3746 16883 15511 9714 11486 10493 18090 13973 10777 19574 9655 14073
1849 3518 15801 11786 15923 14327 15432 11700 2289 5168 19035 6258 17995 10542 9455 6524 164 19190 14078 1382 5615 5291 15830 11808 12901 3934
12743 8129 6639 18824 2538 16102 1755 18014 8410 16007 2718 2829 8026 5717 5561 14721 13262 18349 6251 13869 7515 14250 13559 6227 7578 11812
15768 4275 6500 18703 1718 17135 6106 6200 2573 12895 17718 98 19803 16464 7455 18621 10735 10328 16073 19082 5749 15382 7950 12303 13096 15180
16645 3501 13820 19769 16935 3036 8081 1933 3572 2137 8859 8120 9094 11163 9383 17530 12064 4435 11490 18572 4197 2343 458 14752 3879 13216
752 5357 19546 4458 13367 7935 15584 15120 2170 5627 2563 11226 8823 5057 1872 14475 17025 1358 1757 1095 14338 17381 13452 18015 17542 10175
19720 18908 11815 9571 19405 4438 15219 10902 11691 2287 8532 9592 11415 18309 3367 8283 12341 10266 15207 14021 13269 5460 8995 3802 4927 18199
5537 119 14551 11834 14094 8756 5219 10272 6183 4217 1639 1756 19156 5539 18541 17553 18029 4956 1981 18837 9675 11553 15108 11959 10087 8384
2361 6527 11621 2294 2328 18491 8071 14507 17738 7788 18808 8745 18176 9481 1626 16456 14098 11092 15315 19658 1831 12251 10961 15673 16086 9244
17584 15976 37 12230 8251 19081 19067 15410 5981 7497 12696 14297 10527 8974 3460 11146 3710 2981 3499 8428 14294 7686 5819 17872 5747 143
16459 18128 9415 5308 11226 18802 6328 19396 4004 5441 10304 313 11189 15562 6162 14670 1799 19488 15697 18562 4400 561 18269 9657 16673 5835
17086 19339 3445 4935 16308 10198 18912 9847 1562 12797 5472 4681 12307 305 15718 14187 13342 19917 18632 534 998 19109 5397 9039 13293 6288
19386 16740 19603 15862 12472 7778 11180 17698 7347 11784 18822 19109 1185 18700 265 4807 428 4318 6700 8912 7996 2471 16032 13532 1959 14841
12113 113 6986 5799 18775 6688 11414 949 9692 5071 16987 19810 16031 12583 2924 4115 15475 2539 9899 6007 16244 15573 9580 1794 15618 9638
1535 11792 2205 2561 11557 17271 14012 1262 3645 18243 5585 4207 1443 7476 13735 1641 2504 9793 1502 13566 12090 10920 16867 19945 19971 9703
12664 8322 12718 510 18224 17752 18 15262 7442 18225 2293 12333 17717 11641 8786 17893 1153 1615 10724 19113 15288 10176 10548 5575 5179 11293
16216 3076 11825 7259 10357 1718 10008 237 16873 9334 3711 11880 1742 4342 18804 992 8941 7450 11592 17551 599 19923 9795 17842 12427 17850
12808 14678 10407 255 4204 9627 6247 11529 11362 16396 9306 13578 3148 14767 4680 7385 12539 17551 10814 9843 8123 19233 14320 699 2126 7548
12447 6888 5187 1626 2764 11894 12204 3532 6117 19643 1920 2535 753 13526 7695 2212 18302 14224 16268 8563 3677 558 17771 3343 6445 18668
2557 12385 8703 2456 10685 19750 3714 9800 7656 7886 14708 4210 15808 10619 9628 6593 14177 1770 14232 4149 14253 8320 4662 11946 4614 18526
9367 18657 16728 18123 13263 6696 16120 13229 3167 8496 1631 5239 12893 17668 3256 4730 16963 7337 8975 7275 3652 1984 1901 13751 13064 16390
1040 3259 4292 13897 10033 1604 7277 13834 10279 9234 14349 17683 14081 649 19926 7119 5324 6786 2334 1071 4730 19938 8905 10505 8198 17152
19595 11292 1627 17858 4564 18891 6812 12929 8215 15926 13879 18715 12906 14407 11716 13590 10616 18393 7426 10386 17611 12877 1348 741 15884 15225
5553 1218 14701 7923 1110 15584 19411 5584 2501 7887 3448 17763 5213 17613 6993 19950 12170 5265 1580 16926 15350 7928 4625 15250 2354 7998
16234 3291 1894 5664 5611 4401 7718 2537 15191 1308 3838 3082 2411 1989 3306 15699 14458 2536 19488 19628 19123 6884 3505 6572 3639 18882
12223 5399 17375 9007 10375 6194 16418 17688 6842 14276 6560 17481 14615 15311 19093 17904 9819 14628 18 11285 95 8570 17241 8363 3435 19985
13357 13461 9863 14132 2532 9747 5290 11272 4616 3697 2164 12316 8797 6061 7884 1446 11228 8330 14173 13053 17007 2103 8610 11212 13029 8157
298 9565 7434 9938 7933 585 6741 5726 6223 280 3960 8590 8694 15400 3666 11501 2705 19193 18099 13209 10610 3395 13003 13439 13910 13803
19373 1558 11701 10913 80 16460 19691 3425 14259 17750 18825 16771 1628 19773 14334 3921 16382 18727 5176 12679 2510 8629 3747 4588 8750 11490
9969 19839 17435 7966 3116 14151 13976 10981 6999 12473 2194 14194 3846 3944 15219 15986 10708 11005 4681 18800 1333 562 17406 15739 8548 14300
8541 4874 4342 12847 9730 1991 18729 12005 18754 15101 17816 12229 15555 501 18600 9710 5003 16633 8761 5754 19930 6668 16587 4329 2411 6454
3032 15366 10775 10547 14384 11245 4004 11996 5262 3129 17659 1091 17140 18454 8528 2892 11919 19755 19658 10043 18672 12023 4453 15029 2770 9675
8657 15096 14145 2157 3000 16852 11774 16056 14468 11602 13303 5130 12211 7547 1463 7160 12473 1173 18480 3189 1635 6751 19408 11094 16125 13439
421 15096 13804 332 2540 9208 12343 909 7438 14047 14286 6142 17101 19280 1059 16808 6201 11219 13506 13088 17784 15485 5975 16984 2496 2886
3474 1324 7348 18962 25 1806 13499 10378 18697 8977 15035 16819 10919 18812 2060 17506 5575 10394 15858 14759 14807 13946 12694 14507 7696 15122
9121 18173 4994 4601 4365 1014 11568 7994 1342 432 4985 2972 13115 3530 14831 5639 19586 1330 19834 16006 1125 3097 1892 17867 5494 8051
12578 10977 2483 17917 13783 3924 6689 15643 12291 19667 19738 16391 11657 15227 16859 14190 19367 19343 10959 16228 10907 11093 17991 11496 17856 2150
7140 4561 9720 4351 2543 10192 10724 2400 14317 4482 14868 12449 16634 16976 18306 2057 13630 16021 7729 5134 17837 1888 5192 7707 13778 13106
12984 8270 5073 14811 10062 14627 13319 19387 1589 12800 1477 12410 2293 2847 809 13221 14155 17934 2719 6066 12827 662 12545 16840 5469 14434
4757 10444 14446 19607 3625 15823 823 13071 12053 15520 17279 15007 14922 1287 8090 17374 3001 14559 4565 19977 6499 15382 14604 5850 9760 10096
16060 8898 16325 10132 5377 8848 1815 13720 10543 2416 10107 13568 3625 14518 3616 7886 11312 7250 17643 2195 18389 18014 14912 3581 10458 6454
16640 9537 4133 18409 9174 2148 6311 11678 9815 17024 13648 6738 9748 1505 13912 18699 16971 18892 6695 12802 578 330 6081 10803 8823 16587
1201 3044 16710 148 13398 12987 799 1245 2006 2749 3269 10881 17753 9046 15365 17533 18656 17599 2214 8775 13672 13004 4043 19819 17448 17573
5693 4311 19438 5585 5167 18586 4301 19940 12783 3528 16158 10580 10101 3036 18884 19806 12470 7581 11970 10556 18661 2066 7953 3869 18725 19648
17039 16891 11779 16539 16078 400 16343 7874 19859 7922 14030 19563 11417 7410 12560 19962 16779 6362 17146 12609 14990 1923 17771 15582 18460 15223
19123 8204 8777 3429 17026 9553 12465 14051 15760 15775 14846 13997 784 8098 8919 5675 7938 13869 4008 13320 19567 16955 14559 11248 11679 14498
1770 10123 3662 13169 2594 9578 7627 15856 6646 11513 5503 5302 453 8726 19928 503 6210 14910 10470 10840 9053 12427 3356 325 10547 8944
15238 9564 10601 8769 13587 1092 13074 11749 15231 1942 5297 10153 8409 12951 439 9478 10014 863 18233 19485 14624 17084 2878 12295 11261 19498
12565 9030 11834 3719 1145 12542 14785 17616 16375 6237 5261 5299 4945 15462 4662 19447 10717 14355 7171 11683 3666 2807 18277 1121 14578 6489
8823 18795 13247 15429 3039 5892 5545 13443 14774 8671 10958 6016 18883 12031 9881 3427 18865 4743 18136 13983 9653 10098 19374 2613 11691 6520
5652 15749 1633 14495 16683 19054 1334 16687 17389 5106 11740 9615 880 12873 15501 5706 13296 9092 11926 4138 9639 1999 2981 1307 11173 5530
8732 10878 1465 2708 13757 11852 18810 13816 18654 17976 17142 8558 6095 17521 4548 12196 10734 7548 19693 17951 9089 15622 3129 5671 11268 19492
18714 9296 16105 14287 9004 570 12600 9260 13157 18897 11044 19148 2486 19121 12568 11069 5532 1671 6306 6667 10677 18490 10747 13034 11861 14380
19550 3669 2437 3891 19047 11858 6340 18019 19471 16509 16625 17578 648 5703 6077 16994 10973 13898 19001 9562 13575 8370 3453 15077 5397 11859
3226 11720 11962 13012 8588 10426 17696 7079 468 14217 19335 5664 8137 3425 10602 19193 14680 13900 641 16222 8823 14151 17505 11764 17358 18258
16926 11160 17972 8228 6966 13632 18176 1756 2409 6728 1206 4263 4985 15159 18356 4052 3042 19047 9358 15260 15335 5655 18007 1111 4592 237
7289 7733 624 19122 13264 17100 11829 16390 18 2290 8369 19789 7992 3827 11829 5169 7732 15010 13416 619 3560 1589 10206 10322 17153 17771
1687 2361 16523 11033 12823 15212 7266 9306 15125 17066 15032 3006 4541 8528 1475 1206 753 1668 11981 14468 18092 15950 6388 18442 2553 13266
4803 5042 10006 13371 19391 2279 16123 3573 15274 13034 822 5464 16400 17544 14035 6017 16378 7457 19857 8282 15200 9025 6478 8472 11819 17884
7424 12035 17511 2731 4260 7337 16202 828 13574 7066 18863 13690 5511 3069 13792 7420 13162 2602 8159 6473 12553 15313 7554 1715 16448 16677
15092 5716 5702 3371 16261 6611 5639 17589 8791 3678 5995 17157 9763 18980 11555 16476 3709 5195 1670 19761 7082 4558 4535 16677 8698 7392
12859 13636 15438 10606 4557 16132 11776 12124 1551 114 19798 7384 3925 1324 18297 7381 12443 16028 9561 16960 13836 593 3872 10254 7667 14367
2604 6784 1997 8833 312 1915 14455 14918 6211 6617 6598 332 2116 6081 15992 16554 17730 9945 8997 2189 7737 1884 4580 281 3582 12413
16324 12429 10632 9034 18772 18034 2187 2687 6819 3686 12832 17079 11598 18733 1924 11584 17350 12532 14270 14565 6150 4488 7031 19857 4116 3487
14363 11094 17068 19702 12174 2394 14 13621 15711 13502 8379 17512 7008 18274 1650 17353 38 9958 18500 11216 18633 15072 4081 14109 12765 1975
19731 400 12119 13048 5417 371 4316 18666 6767 10205 5591 14203 3383 11665 2432 17448 16349 10261 11947 6555 3090 14950 14942 14428 19693 5807
12989 9099 19898 17778 13261 8241 12753 5355 9287 10395 3444 3756 7945 16397 6863 5633 7731 5449 5120 2572 14469 10700 13358 10076 16305 18870
15374 14745 19832 4575 11890 4548 18784 773 14512 16837 16003 8556 14088 9544 19876 4832 8884 16746 17480 1089 19602 230 5380 9153 1285 13011
4522 2417 3365 9967 6454 6280 18273 11211 7770 17885 13246 19839 6757 14635 10837 7959 1600 14325 14993 4251 11334 11204 8851 5806 6000 14830
11394 18583 19492 3278 11899 4967 8813 10067 4418 3703 16552 14045 18395 15953 8968 15914 12667 11967 17366 7361 12598 2288 650 7747 8225 2310
8756 19828 8447 19812 3442 6206 3139 6307 5952 13680 2183 10318 5742 10664 19190 18364 7302 7909 11144 13060 16546 11136 7821 17292 5450 9002
17721 222 8982 2863 12019 266 16440 14802 3446 2452 17554 11725 13313 7694 9847 8283 17953 5313 1309 10853 13902 8619 14963 2247 19285 5731
15853 13259 15649 11889 19012 7492 16067 16480 4107 12415 211 5021 5193 7532 8553 18709 8691 752 17881 18982 10594 13895 1245 376 2414 7243
10858 13834 5263 6377 1834 1640 4219 728 13482 11496 312 10667 17112 15143 11104 12004 3604 4413 9247 12978 12760 19561 16139 5275 6127 3659
8983 16907 15855 7557 4154 13823 13154 7984 683 3435 17391 6128 10136 2702 7914 17306 5156 15687 17783 2001 11240 15372 1376 15905 13777 6381
163 9163 6331 8850 16643 15714 11639 16346 7372 13777 7283 2633 6638 19867 6107 19053 19443 18651 15702 5429 13180 1361 51 2457 12937 9016
2934 8625 4733 17299 17771 10918 6600 5267 16772 5646 17829 18847 17689 12954 16211 15778 7793 12777 11054 186 4438 8298 7967 12176 8864 4851
5455 2565 17308 3553 12926 13085 19292 11466 791 13482 2059 18613 15331 416 12161 13753 13289 18876 5482 13037 17370 1453 10157 8036 1356 7520
13337 16643 19779 723 18251 3780 15538 6810 16438 6772 10778 18765 11849 10593 7256 10656 16777 2909 3651 14463 1844 8737 8680 11960 17924 19679
7003 14274 11209 1986 2594 4902 4853 12193 17649 5814 16412 11558 4790 13441 6685 1853 7077 9887 1998 4016 15892 3737 14534 1252 2763 15366
13624 5622 4593 1386 6722 5485 4191 7696 18070 17488 11363 3648 14115 9559 8470 11786 4261 15260 10893 3508 14080 17956 8685 7464 13957 18893
17442 18371 7902 5685 11362 10147 4189 14011 19302 4387 4140 13797 4672 2423 856 1324 15182 19312 15776 16256 11890 11907 10597 10290 11164 707
8357 10615 13998 13808 6486 15972 6345 19601 1190 6180 9429 7292 14914 3493 2393 18219 13370 10588 18553 18702 11082 12478 151 4413 1043 14122
4618 3200 12071 2323 5837 6312 3942 7284 2666 1331 15600 19873 1045 19999 15248 17497 15502 16299 15043 19240 15803 9301 16171 1450 5043 17459
17656 2763 18472 6424 9560 943 305 13761 3216 19654 7321 18102 960 6794 3234 16022 4943 1037 14529 9963 9793 17159 16019 9167 9762 13787
8821 7378 6067 2598 13350 8471 18898 10098 2809 3322 14672 18165 546 853 7595 17532 14165 1626 6742 10442 1509 18040 17901 3656 1485 8769
18617 5356 17467 11711 6982 19969 9761 9200 4612 16725 6537 5536 4361 10646 11898 4746 16709 19352 1297 8453 14442 16270 6020 12577 17885 3215
4365 16842 1824 2134 9841 15298 6931 8849 14313 3336 14311 2620 2838 8706 9850 8365 10062 17986 15678 16925 13636 16072 8808 13800 6065 15844
4518 13620 7630 19535 12408 15887 9968 13545 17248 6890 14140 12003 16854 15158 19848 16199 624 15924 13126 18417 7586 11181 7312 6264 14111 8450
9458 19481 10135 5502 16331 6855 14315 11372 10701 19771 4053 3397 6933 16144 4950 14222 880 16093 7883 6881 17384 11296 5525 5204 6451 4594
714 5409 18796 14940 17661 4024 12064 18116 6964 9595 15432 15342 17842 18562 16528 16708 8403 9433 19530 10195 3226 7961 8446 14403 12783 1875
18984 17129 2083 13327 4674 13062 11350 966 11229 5931 3200 11066 10616 1655 4926 18111 13696 8476 6789 9487 4123 19462 7583 19886 10534 2575
2718 6680 19716 16256 1186 13140 11227 9573 15593 6321 14877 12734 14340 13346 19915 18711 13868 6187 19712 6355 7951 4982 7673 13764 6164 13009
13730 19283 6856 15484 5900 10948 2740 11860 10947 3054 221 4271 18615 16378 2303 1396 3107 1695 18111 5452 3061 15074 10976 11778 12910 12713
1658 14855 17567 7953 686 6369 1344 3635 18369 17260 18737 6801 10782 13577 13517 5532 15860 12630 408 3174 3891 9661 11488 4670 17086 4519
13109 17954 16655 7988 15714 9863 1855 12308 10013 10740 8524 7159 10792 2705 4296 15278 10432 13711 9661 13804 18907 9447 16828 12024 12349 13087
1651 10219 15191 12879 6469 3707 4834 2965 4214 3040 19809 17390 15145 3069 206 5421 17680 15654 8939 8788 5748 18236 4761 12027 19384 2760
12653 14580 4734 2090 12735 2380 14087 17559 2705 3816 13459 600 2870 18660 10647 14040 4367 17899 7898 9019 5422 4302 1094 1210 14189 13478
1778 17649 1106 446 7425 5827 17232 12259 6830 3071 16748 17715 7823 3450 4214 1614 18128 18577 9800 10423 3406 4384 6899 19487 12370 10748
3960 16573 6892 19349 10608 17084 3997 19490 850 16271 4202 12585 6911 10124 5526 5156 18383 6919 6028 7436 458 11053 10929 6867 9295 13114
14711 16468 8938 6144 10693 1888 4092 4993 6553 15551 11513 4229 9963 4368 6295 14263 4954 18660 13577 11545 9563 2887 15955 16984 14681 5508
17264 3556 8941 7293 11325 19385 6147 18944 4011 17885 17983 2430 5453 9475 976 10038 13098 12267 4006 611 12476 17275 16696 14585 10723 5967
945 1174 4711 13364 7369 2812 17449 14700 13956 5390 18803 9122 9633 107 15092 702 19233 15813 19633 8613 633 11022 8844 11949 8483 3013
11102 4528 18541 6099 3047 6629 17096 7213 9274 10397 11893 380 10115 3755 8574 151 7497 9366 7931 2416 7546 17317 7258 16261 19805 14151
6457 13193 10484 15481 6870 10055 2126 5246 5108 8113 3400 15294 18173 19198 8250 8378 7435 11679 3889 14923 17884 6260 10227 17710 6653 9964
850 1875 6547 4419 15146 13105 11881 3700 13673 9417 13546 8888 55 9590 8418 17150 9865 8587 5432 4694 15911 15654 14278 10138 13446 4584
14998 18870 68 10643 11437 8435 17406 8702 8395 2222 16025 15512 1360 5623 9640 4608 8299 16902 2993 11671 16569 17273 9884 4749 17588 11967
13766 17969 19748 19705 7546 19190 12018 8557 10398 4058 12030 16620 15827 14733 16956 17556 15465 10163 9313 17068 15568 8282 2807 9621 8020 6806
8978 3969 2038 9399 15792 15867 17367 266 17544 18610 8120 11184 9155 12220 2798 6093 10813 10107 2590 8789 2356 5310 11310 17886 6835 19194
13583 12183 7403 17513 11564 15131 1681 19709 8147 13308 1527 13682 10383 1857 11938 10421 2811 6395 7663 13566 13738 3001 9346 9973 1071 19878
14306 6841 19199 19761 14918 7402 19210 6517 140 18962 6841 15116 19826 10188 19638 19386 17737 18894 15218 3422 15506 8559 5913 7265 15630 18158
13436 8125 19490 18655 14846 13248 8410 15774 541 301 9382 9528 11608 17936 12974 15484 19147 3307 10242 4582 11077 15393 5223 12316 5850 3193
1538 11262 11755 16635 11564 19771 1331 10189 1607 12238 17256 8964 9719 15666 18590 6870 17180 4326 1090 14612 15244 10070 19494 11171 1920 2130
3143 14763 12739 1081 19460 17376 4506 13393 19802 19493 17967 16660 18099 17786 8763 19328 6177 8111 3353 303 5063 7250 12710 14120 13528 12084
15552 275 12059 11343 16630 7153 5186 17820 12367 18189 6245 4000 2823 3153 14173 3377 10586 18287 17199 10831 10246 16233 4429 677 17116 18342
15887 6085 4736 4209 16988 16914 11596 1620 12850 4520 3917 6167 17287 13384 6866 3859 14422 17266 5984 17280 12421 13353 17736 8742 7529 9036
19839 4000 1218 1202 18473 1930 7015 14742 9949 1926 13796 18473 9051 10819 11896 1492 14629 1940 19462 915 17013 14777 9142 18934 17097 10751
12051 14820 17097 12548 14003 12378 10710 11786 15842 5637 7308 13487 2819 17172 13715 6962 8768 1848 1559 12382 18846 366 52 12444 876 7049
8142 6736 714 2645 16784 16620 15390 14675 13705 12650 9662 7941 16092 6497 15753 9152 2305 5599 1978 3451 13697 10801 18509 16841 15469 14158
11184 11110 8534 7089 18677 4410 19421 10570 15713 4205 15732 15826 13274 493 19554 14328 14277 1008 19686 12127 12586 8331 10724 16737 9899 8426
17640 11366 12586 14230 85 14042 9986 2419 6455 11325 17533 8007 5390 16041 2611 14383 3180 15004 1427 5778 9741 3879 19850 11 4842 11428
9931 16074 1280 3340 18804 14262 18406 10611 2320 5057 10055 19503 15670 3612 11717 9026 3458 19865 5642 9142 14260 7474 6251 16775 16055 3231
8039 17279 3208 18504 9760 5633 8760 7244 6703 11313 17090 17271 1531 14349 2080 11991 13558 15874 16550 15117 4887 15160 1981 16796 8452 17910
15046 9663 10285 7392 10335 19377 6311 6250 13574 12488 4195 10348 5349 7083 3965 11510 18637 19484 3547 12086 9190 15000 7176 6979 4737 2815
3685 4105 10632 15874 13356 7562 17429 9094 12605 15928 16235 11513 9372 12683 7744 15403 16395 4179 6950 10668 14176 9016 1717 9311 2470 13965
18370 19798 3710 6231 1253 4663 10666 2469 1427 4064 11095 13674 8039 5089 8502 10587 12922 11123 6176 16562 416 947 7095 9656 9264 13927
12665 11972 501 11971 12595 2954 15024 9337 11852 11269 12706 2072 12931 5575 6930 1380 15393 8704 7104 12740 6980 18692 15637 15731 4085 8438
15160 13430 7718 18719 8384 2326 8818 9478 8430 8446 16102 12588 2459 1522 17434 11585 17390 14535 5122 16482 9758 9379 19200 18450 8633 17786
14389 19218 18352 8900 2667 15151 8723 17154 15904 6820 1369 3471 17363 1648 7648 14653 9729 16502 3224 11848 13665 1319 7309 3970 16432 11819
6879 3264 5022 17403 9504 1458 6436 18336 8115 9497 14078 15043 13579 2490 13122 17572 10091 16540 6799 7858 18558 3373 9700 11481 19193 16616
8713 17866 8065 9443 15141 16231 6247 2946 320 9391 5347 5726 35 6143 15377 14580 14224 15688 876 14752 8515 8169 7168 12860 13024 7148
6072 7613 3277 7422 10481 1082 17990 7671 19174 11404 16561 10995 5699 9067 12176 7924 4732 9890 14465 14203 768 9860 15207 219 8717 4099
13588 17474 9078 4840 13611 11054 2599 18755 15274 11509 1171 7372 833 12320 13384 13716 5584 19725 4613 11538 1909 5694 16396 11588 8326 8946
18906 13892 8559 2032 6336 5733 31 11781 8658 17766 11732 10003 355 16258 15862 8180 19578 3090 743 1328 19146 2055 2798 15938 17321 11375
7792 19454 6947 4804 249 6583 13945 3702 13846 19141 9548 154 13900 7347 4561 12747 87 16296 10278 17705 6968 3858 3339 386 1909 8926
9023 13205 13827 755 1274 1500 18047 10259 19893 13783 2519 15960 165 9623 5642 5096 16774 16389 4721 8891 4843 5718 14926 3445 4049 11793
2733 7306 4699 8410 14808 5912 15937 16386 5449 15792 1899 9257 2542 9402 16598 2724 736 7057 17044 16536 15594 283 8115 11744 1786 10049
2714 4773 1982 3133 5812 3482 17272 8186 7650 8247 8493 4442 14950 4128 3378 12794 4019 15921 5881 15785 18929 883 11673 13909 4556 18338
16207 11030 16628 17414 18922 8058 5852 11501 18681 2332 11340 994 9894 18109 16875 12135 9826 6396 4262 9079 11205 14349 24 3891 9383 1731
4073 4947 9183 1759 719 11934 8978 585 2234 13142 16073 17515 13231 7841 18766 13369 8052 19338 16769 2422 390 18791 14406 10874 529 11287
3240 9245 13135 7158 7769 13620 5657 2560 3454 6300 19627 2515 3512 3626 8705 4495 11523 13341 4977 15846 10533 12627 11627 7453 10816 6448
12587 18475 1698 17957 7847 16696 12777 17863 4304 13756 1680 19807 2010 15576 6960 8925 11625 19521 14280 169 1119 8207 1313 17517 5952 642
9118 10374 18724 17035 16336 10405 13575 10218 2188 13214 10363 3614 14631 15639 5264 7362 17738 11777 14531 15270 2657 3315 18679 6158 1538 10775
8038 14793 1483 6101 10672 19098 16335 17881 8877 1191 14630 8845 14822 349 8213 10746 18374 19216 9453 2385 15884 8875 14796 9044 9485 13382
16228 14267 15164 17844 5506 11215 11759 16523 5447 4961 6689 11864 17911 18410 3203 958 18468 8516 14105 10506 11870 12875 4585 16990 9614 14034
16282 9641 9377 14879 4134 8102 16040 921 2205 16056 9572 9767 7029 16942 17820 17141 8327 5953 10699 17711 7231 13022 17395 14830 6360 10218
4925 9632 9420 11374 4642 6072 14703 12496 10747 18177 15838 18005 18318 16769 18862 14107 11143 13040 9484 11007 11872 10783 6978 8327 16925 18065
11419 10897 9714 9767 3795 12681 15215 10966 12882 10950 8831 2758 11178 11494 3224 3665 3599 12013 3142 2024 14924 9316 17465 10795 6835 8148
12318 15889 9534 9709 11880 13502 6926 10359 8249 12127 892 19109 15163 16409 1788 5380 11576 4868 17292 12107 15563 1599 4710 12411 19239 7846
2797 16262 11479 18764 18728 7193 19667 1005 19382 3236 6050 1317 2301 11840 12925 14188 319 15391 9293 16971 19962 8974 4217 14356 7275 207
11131 5371 11228 6136 19380 13204 354 4924 1653 16835 5671 12043 6129 1491 4818 12097 8301 6385 9671 2652 6440 14594 16591 15130 10101 8946
826 12615 463 8705 7226 3985 9129 12264 12801 7028 11808 3472 13188 16762 8910 5287 19867 13299 1791 6779 7585 14115 2331 9433 5661 1997
8148 11142 12664 12640 398 2718 13259 17773 8375 6458 12607 1449 12799 13043 15810 19447 6130 17101 18129 5548 6743 3360 5850 6072 4989 5135
1513 8510 4039 18972 2098 10955 18844 8660 17534 8780 1680 10066 10227 8673 11385 18738 3584 16247 10218 6453 264 8609 17016 15994 5667 17549
17635 3979 4416 19756 8890 3734 15683 17024 4909 6410 10957 16821 17042 1967 18821 18289 10474 16145 6638 14666 7742 8721 6491 3363 7873 1251
7259 9570 3883 19315 5889 2263 12016 17069 6507 1524 1878 12011 6846 92 18843 7592 15587 15034 7289 11642 15559 15844 15065 17547 14778 12002
13900 9688 9059 5971 1315 4357 18289 19212 10573 4037 15138 9737 6580 15344 8384 17096 7485 432 12609 8889 18478 16802 3680 5196 5445 4572
8047 2436 3034 17361 543 15230 9548 2026 19717 2312 3941 18932 10220 19009 16890 3374 19499 12098 10866 18845 11483 12703 4551 10202 16091 13595
6029 3275 18869 10030 1751 2440 5871 13644 14271 3240 7638 8356 17074 1884 9957 15715 18165 15496 4880 12883 3020 11251 10073 8400 972 16587
11741 12142 15305 4126 16511 18231 4763 18832 14666 10049 7262 12269 15555 16207 15794 652 11313 6916 16711 13403 7297 15297 6967 3442 18867 15576
11553 19817 14938 17154 18170 1658 8493 7856 13462 11893 16019 1148 7098 2271 6526 6518 7215 12822 19326 586 12345 6518 5718 13520 14899 4979
9052 12473 15244 12898 16620 17632 13907 6414 14233 7333 3996 211 14754 9227 3953 1117 5780 12249 5139 2986 12920 15456 19257 17870 18323 10255
18142 4245 18341 4721 19213 6187 9048 18113 631 9625 1525 2901 16449 12610 2570 10844 19933 16677 12632 7763 11958 14163 104 17982 983 7584
4617 18020 12324 6378 9095 17273 18496 5735 6272 10646 17927 15604 10759 1552 15390 18728 5908 12608 3228 6388 4725 4321 18189 13868 11005 10343
9483 785 15299 15731 1593 16866 12150 2787 3485 776 1314 9147 13680 16899 6166 19077 14677 17675 64 9868 9852 10824 17265 814 4469 13584
5918 15963 205 10107 4787 11444 17954 5231 3577 9399 1692 5151 8694 18695 5680 16916 18638 8499 5899 2389 12584 96 8246 708 8954 16823
18178 9208 18093 14689 16716 432 8320 18886 11529 2081 18625 9108 17259 16909 4450 5983 14862 9389 9949 15921 5743 2603 4061 8133 17466 13474
11964 5923 5352 15653 11840 9736 178 6554 17797 17868 10838 2881 8481 1196 11972 16543 7214 16163 14997 11301 17996 3714 7385 4083 13615 10473
18993 1911 6615 11092 2514 3441 18475 8007 2074 17304 10885 132 12382 11830 4820 19968 13145 1222 16930 3700 16545 9820 2513 13852 10146 17604
19076 14335 10456 11174 1117 3685 5000 156 16307 1237 11425 8870 8859 7394 9732 4007 9926 5307 2612 17482 13975 18350 12884 5394 4290 5331
5158 8703 17272 7158 19838 2139 9560 16155 1564 15537 16868 9188 888 1205 15167 14351 14932 8368 13163 2953 11701 4887 11096 1008 17204 10639
1056 11743 15572 5271 17383 5220 12636 7773 11395 3373 14330 9861 8159 7399 7118 19153 1643 4557 14546 2588 5539 13337 19496 3291 14149 5672
3947 14480 18625 18070 1945 16615 10630 7875 13544 1824 4480 8917 14165 1584 14068 6899 8567 16469 4265 3642 12724 10082 13699 7930 4401 10042
8443 9583 11325 5019 3918 692 7542 12470 14747 8851 11280 7967 5616 19832 18754 19234 4983 11434 4039 18263 17126 1041 8504 11962 10030 13658
19073 6404 7994 10497 3893 17847 8973 11594 3031 11536 2017 19174 14391 2998 17918 5931 19683 12196 632 16715 11442 10143 16711 2118 8268 16959
2214 19187 9621 4484 11272 19022 8265 16775 16463 11247 13816 3662 13250 12584 12042 7038 3296 17766 12766 7449 5606 13067 17070 18185 15458 17902
15177 15628 14739 16256 11780 14883 9292 5747 12343 8523 10630 19691 18112 4736 7773 2376 17611 5244 6633 17112 4141 13509 6998 6529 2619 4277
11608 10321 14069 3915 575 16986 14058 4528 19497 2772 2697 3861 18766 2159 13785 17143 17510 14430 7609 6716 10737 2974 11665 2259 8740 14694
19750 16513 4887 17419 7054 18755 15006 1950 9710 8954 5058 11600 7196 13401 2646 8180 19487 18191 10156 12775 3069 16445 543 6687 6222 9665
10282 5091 8317 14117 11991 17756 5030 17562 7177 14906 6361 7080 16373 8383 14349 9090 19617 2972 5368 15920 662 6479 8514 17909 346 11400
9084 12736 4771 5543 632 5074 7391 1667 8116 2033 17738 11113 544 14670 6196 10130 7717 3802 15304 18485 5198 3525 18739 6603 13612 15187
15669 6065 11984 609 17123 14237 12236 18074 17421 13432 11138 10535 16156 16398 4141 2684 9720 9095 3276 3441 9042 18325 12744 5642 13590 8306
4901 10862 3800 3996 17502 12035 12753 13174 6788 2567 17197 4145 10273 13398 19511 3442 19684 17162 13318 11277 17278 12529 16041 12748 7815 5466
5367 1137 13394 10224 9203 10320 17189 2818 19178 12835 10218 6742 19088 15574 2122 10616 3997 13844 13958 19048 19397 155 10028 11658 17112 14999
15098 18399 687 1224 16727 17344 3324 10989 15789 4923 7882 19888 6935 7574 4040 4097 17238 13840 3568 13308 16574 8374 15096 6203 15550 12822
1341 18465 2939 5327 19899 12330 14200 5744 1885 8143 19208 19547 7063 15789 8544 5418 16552 19546 5531 856 10990 16360 4119 15722 19068 19831
3629 12805 403 9583 4058 12555 3860 2395 15215 13262 17896 11438 18354 11664 3979 607 2519 15547 5594 4894 4799 17449 6553 1514 15098 16675
16353 5146 4706 11236 4765 16217 16145 13477 16634 18962 19360 12810 3100 264 12763 8961 17898 2215 11548 4810 7201 11935 14025 4017 18950 10180
2868 2330 11402 15596 9457 16056 7229 24 2441 8427 8276 10706 7280 13914 19728 6169 19915 10098 11193 16910 4352 18944 4050 14179 5318 3493
14582 19451 99 3322 15908 17676 10284 13538 6452 6207 12091 3462 8628 19969 14470 15434 9528 4344 1546 6886 15002 17657 6712 13789 15976 9153
1563 6517 11429 12933 8210 9972 9812 9533 4882 9901 16716 18092 7311 250 17899 19847 5001 17223 12233 118 18260 17806 19487 15893 357 11600
9045 11633 8653 3050 3609 16845 3243 14453 7392 6758 6107 16382 5460 7602 10295 5185 8057 13712 5972 18413 18701 3956 17812 18056 8391 13686
4881 19256 8071 19939 5391 17569 8382 10612 12700 15416 15725 9125 12439 11785 18089 17676 15215 10310 11828 2395 4375 16035 15303 11609 11696 7399
17513 15395 479 12334 16286 5013 12749 18078 11390 18363 18224 13760 18264 7138 13711 14624 3731 6225 11192 11406 2700 7776 365 3177 16022 17423
10930 6260 18332 8391 1184 4993 9718 12843 5765 10972 12040 2055 241 18165 8746 17762 18365 8499 10567 1686 3910 3787 14458 9749 9580 5176
3535 1592 5228 2165 12205 19630 4919 10338 6450 2749 16854 12660 2164 8643 10631 14968 19585 2182 16485 18404 11884 2055 13649 5591 6224 17535
12000 2363 1554 18869 13942 5663 11855 17374 12952 11403 17756 17191 15489 10293 17561 4495 7785 7921 1242 17449 8590 9964 17048 3994 19078 11215
1994 16097 19766 133 10443 12452 10303 14286 9459 980 4212 12528 14834 12919 16575 8518 6377 18884 8658 12431 19226 7004 17833 4267 19367 8388
9594 16676 5424 10662 17409 18147 7676 5703 8597 17201 19484 4302 2787 4755 16943 15016 5533 16280 3772 12671 8595 7777 9367 12534 13814 12251
11084 9546 2474 12720 1696 13886 591 11864 5710 1812 7970 19234 4298 17587 16497 2016 136 1132 15541 5807 8882 15580 16970 15110 13095 136
8637 17287 1635 9207 2025 7235 2147 8818 7988 17493 13058 3380 16907 8830 13174 19457 15949 6436 11805 4671 10269 10343 19388 16669 6475 1766
15678 12204 14245 19594 11170 3166 2328 14299 5567 12619 11208 3351 5310 8540 16821 17508 17548 8487 15978 7450 7765 13851 4743 6830 15169 1827
13238 3716 17128 4160 10305 13808 12254 5142 10367 1696 1992 17625 4935 1690 14148 1965 8867 4851 14011 9007 19392 1055 8623 2839 18401 6547
19648 5788 9040 10261 16333 11982 1280 19370 17199 14223 1381 332 8504 16508 10128 8902 4180 8706 2427 17002 10601 14370 8420 10278 10137 1435
4930 7867 7586 1575 428 2587 11222 2512 8197 17248 11086 19811 17851 16098 18579 10093 16299 9809 18190 11307 13838 13781 12479 11468 16397 8727
4474 5291 14028 8024 1246 6505 7081 11907 11164 292 6778 9247 3989 13631 14770 7828 2519 5842 1754 9809 10279 946 16528 12337 8817 37
5027 266 1281 5985 14103 4251 5107 8617 16790 8820 15003 8659 10459 5718 4596 13858 19846 18380 10613 18703 1844 4662 9232 13488 16481 15583
19169 11824 2971 14832 2606 12305 16666 18502 6138 9105 16573 17181 3194 14502 12664 8854 3315 19316 11401 19390 4221 15075 14858 9856 8150 17989
4024 11303 19246 2469 14519 13414 4289 18171 1774 1721 9816 13794 18905 3345 16992 7403 4234 6630 18061 17531 1950 17730 15848 10284 2087 17450
6785 6862 13865 15095 1605 15161 5425 6187 2510 5309 1246 7475 17234 10911 12647 15724 4013 6037 37 13982 1371 13052 5349 1905 7947 5112
2235 2055 5535 17982 13769 233 5015 9810 6153 3832 19808 17188 2950 1863 1294 13663 19066 18254 3650 15530 4945 6963 9700 2082 13235 4223
166 7492 12357 10932 17650 11624 7407 4441 19469 4614 11047 11028 16913 12322 12293 313 16326 3126 15024 475 17419 3005 2688 12573 12056 13918
767 18878 16172 7208 2489 1122 14916 11105 17401 7260 11709 171 314 9584 14697 3973 3251 8231 8674 13840 10936 4877 19530 7782 13845 11607
9108 786 12395 2337 11494 13159 2839 17258 9581 7787 15009 13625 16435 13570 15813 9901 19366 8670 17243 9052 8065 13826 11545 19724 16995 11057
7527 340 862 19922 8537 19573 1227 10336 19820 15254 17675 3277 9522 9210 12908 14214 8043 14114 4279 17655 5337 7772 17665 14647 2169 3946
4855 873 17234 19497 19638 4644 5235 10296 4712 13300 13478 6812 15948 16329 16180 5747 8255 2363 4948 1662 8742 18736 8655 5415 1128 8735
11395 16401 8061 17496 4507 3985 16454 19420 3375 10584 19403 1531 13097 9000 6208 2850 10925 16586 18494 10568 3888 1529 5644 16798 18868 2520
19386 3502 13133 16643 18945 12454 14497 14691 8826 9071 5794 9300 4777 13932 15310 12917 18356 4024 16743 16397 2677 282 11562 10411 2559 10535
9301 7297 10548 890 14971 4895 13972 7440 16340 875 2413 19933 16125 19840 14765 8270 16415 18026 4802 12616 18363 4323 12271 10263 11834 4544
17783 8374 3927 8449 15575 12730 11661 511 16104 17626 1780 8675 7031 1268 6342 18373 11964 6478 8315 1129 17132 8924 5041 17928 3748 10331
15303 18048 16009 17837 6122 9981 19547 9617 5607 10445 8140 7265 7686 15598 9718 6123 512 13774 5015 14740 14091 5724 18460 11982 11715 8645
555 18724 4285 11600 13736 5397 3063 7203 16943 5907 401 12872 12990 5194 19675 18109 10443 17120 5131 9172 18898 10440 1165 560 4191 2189
16692 115 19190 19684 3214 17407 19172 19362 684 13821 117 11597 549 643 10782 5531 9411 12245 14289 1046 7672 17760 5958 7856 8554 17047
7331 15174 7415 12034 3861 9173 3281 15654 3220 4354 3975 10149 10147 6377 14499 3359 9031 7753 5086 16887 16338 11452 1462 8811 3557 12063
13263 8172 13643 9234 16486 4956 15978 15325 4342 1584 14266 16984 13581 12359 11308 15885 3459 5107 18866 12632 7045 11613 19666 8729 3009 2423
13541 13542 2044 18437 19108 10539 2565 1828 18618 8676 14684 1721 14400 7561 11422 15100 2230 16320 3460 6162 16644 6351 7057 9620 19733 11011
7735 7165 10733 13805 576 7736 6320 14524 1505 18562 15973 10587 11171 10866 3907 14088 3009 14713 12393 2568 11266 2660 10883 16358 14492 16976
18856 10366 13650 10869 3124 1845 19312 6731 9951 12134 8603 5743 7866 6003 7316 13709 3277 15239 11882 5159 12161 14382 7194 16368 15366 12811
14169 10331 15772 5673 10987 3308 11425 4105 7699 9440 4962 19161 13679 2472 4417 10743 17716 10847 7021 1887 18324 1136 5717 11766 17129 1237
16513 16960 13956 14402 15867 6482 8058 9120 17091 15655 16697 5713 9606 14965 19670 17351 18210 10169 8662 5484 14598 13842 4581 5337 4966 665
12992 13126 4927 8408 5723 12842 6873 18179 8319 15528 10505 2025 12641 1302 18554 2629 16624 17329 3269 11622 8867 7299 14069 5364 19368 12697
18323 12205 1849 7709 2408 382 11620 15301 14724 19700 4634 924 6257 10260 10303 16116 6203 2301 4618 13088 5277 9122 9652 7903 15599 11654
4302 414 18009 16587 13049 5719 10518 3245 4586 11245 7854 15196 3223 8512 10203 6275 2123 13844 4108 4149 17664 6585 19001 14174 12297 15668
1262 18333 17032 369 14113 6249 5609 3047 12880 2860 11693 16177 18717 712 4606 10617 18674 972 17278 17539 5560 9511 54 4259 4011 17354
14881 3247 7260 12460 12915 19369 14399 2709 9431 3995 6565 18868 4344 14004 18388 9307 7438 7112 14449 15540 7218 9755 12472 17977 7121 13844
261 15642 13311 12345 8545 8820 3153 6625 8602 13642 12859 18806 2209 18148 467 3317 6983 5282 8601 14502 10878 1256 3281 17905 2909 1333
18604 13549 740 15646 17033 17532 1277 6453 7328 6342 7715 12708 7371 18453 8126 19064 10884 1621 11853 12190 15766 13697 11425 1174 1509 13809
17398 8539 18857 2606 18412 4744 19666 10312 7837 3145 5214 10968 10835 16604 12780 10196 17357 5432 5224 7704 7389 7692 2737 14424 10058 12621
14087 14119 126 12275 4416 4509 4420 4606 3381 11071 4859 4675 4758 18122 12947 8762 3597 6362 12219 10790 13851 5241 9583 215 8517 7458
19637 16802 12207 2569 9363 6821 11172 16433 17526 12215 8194 15741 16880 15139 15343 947 9930 9807 9207 1748 10907 5019 15435 3600 17978 13909
15364 15619 4601 895 14695 2277 11702 19480 10741 9704 18299 4107 4126 3754 3981 458 9504 2933 14037 2286 10534 5218 4046 15249 8182 2665
14233 8780 721 15201 78 1523 575 18967 179 402 1267 16281 13948 19455 17739 9192 2736 11285 1129 18845 18990 15601 13859 1295 13767 13088
17033 14033 17386 11638 1248 5097 16536 15072 6719 15831 7320 9907 13404 11580 2232 4500 13788 19313 10805 7510 16688 14534 8891 8364 16263 15943
18243 12154 13803 7518 13974 7321 12618 17180 813 13250 460 441 1892 6892 16716 12728 15170 13615 12649 5121 13875 2539 13919 1727 18736 5608
13963 18998 13650 14469 3785 6483 7898 17278 15339 17922 6741 2406 18270 3035 5523 10951 11390 13563 9501 12545 11100 5770 5230 5652 12079 10447
12197 9574 4189 605 8374 11852 11433 8194 6292 17517 8333 4152 16459 15415 4740 1627 7828 7559 14436 6765 13133 13672 5936 2903 9907 16773
8009 3589 2905 6380 17963 12913 15714 18297 16787 18935 13601 9559 7047 4902 7378 3391 10805 9756 11491 15320 6695 1311 19165 9517 5252 19805
6247 11043 14090 8849 17252 13581 5136 9240 7022 4767 3733 1507 15315 6352 18897 1776 2264 9783 14587 13590 4735 5210 710 9965 7667 2631
11690 3473 7043 1301 5835 3317 7446 9184 2500 4039 10223 15208 14998 12777 14335 9282 12248 10172 2853 19928 13421 19621 896 10338 885 2866
17027 9538 19502 18430 1153 1218 4588 7035 9891 18687 19949 11960 17116 8317 10143 7936 19359 17715 11923 4385 14163 1546 15947 5851 16191 18034
17974 10666 9439 5135 11173 10449 9848 14251 10814 3600 13025 19938 9348 17525 19635 6001 4796 5689 9027 19761 10515 1829 2018 8920 8509 10273
12414 7477 4786 4232 10477 75 14965 5623 14094 16157 10040 9508 15958 17923 5336 4735 758 13212 10249 12611 9256 17348 19615 4983 19225 13730
11067 1952 17851 7143 313 18278 4789 9256 14183 11442 3037 4832 17107 17057 16155 7662 8032 19467 7597 14535 6266 11399 4451 5452 16840 4749
6542 11736 3389 2511 10406 3006 6087 10748 4755 10483 8617 4674 11858 18560 13565 15666 304 10702 13943 12545 14776 5649 5729 19836 11052 12066
3843 17083 13375 18775 3309 13519 3179 3864 10237 14284 1779 16437 17826 12587 5520 12185 2837 9933 9161 12298 11502 3746 3492 7777 13428 5689
1505 6543 19 5990 8885 17842 5543 15559 7115 5881 19720 10151 17359 5520 12079 12635 2483 16711 6142 1156 1400 9854 17430 18272 17221 9653
15322 1846 11461 1224 3401 1915 50 8903 14015 13597 745 14101 3279 10427 18056 412 13717 16845 2465 367 8988 16076 8908 15238 7788 2249
634 6312 8994 4785 11183 17885 2311 19854 2455 7517 15913 13164 2889 11790 2474 2453 16955 8572 4548 14600 11766 15359 3132 16291 56 8114
3605 14569 2306 2392 19504 11175 64 8386 16087 8737 4955 8804 1940 1234 6993 9586 5529 12531 18602 16406 11041 17239 7660 16201 5189 6579
2427 13968 2066 11868 13924 16191 16504 10679 15801 1319 1495 7521 14297 3197 542 9284 2753 6359 15537 14002 6656 17538 11738 15734 4353 2140
547 14970 19235 2807 14271 7994 1166 12365 11238 13725 15236 12327 10753 16827 14352 16130 4663 13525 4570 17015 13988 18740 4557 19841 11869 2261
13389 8998 16701 7027 13325 10688 12053 8314 14045 16066 18213 14810 11452 19855 4913 13221 2091 4702 16788 19672 1957 17967 1573 15911 1702 17932
7859 2351 8829 12565 12038 9732 6458 743 6573 15515 12105 16904 15093 1229 14680 10685 4244 10540 6418 514 12266 19401 2883 13 7891 12722
2918 17974 15626 9765 6102 18050 5711 7542 11166 14147 2633 19478 13292 3604 9376 14886 13430 18364 5314 3311 11371 12676 2073 5280 19692 608
18424 19205 12563 17653 9906 6517 2165 21 9695 11414 279 9980 18052 3045 8587 8632 57 1670 7087 8264 11175 12386 6310 6068 8204 16841
16462 2042 135 16122 8186 14729 11930 7107 2140 4821 13667 15101 14270 19165 9745 4740 6838 10493 12446 11989 9422 19977 8044 6811 16094 8660
17459 1331 15619 8381 15904 1799 15183 595 1770 10352 9103 4853 18916 11093 4341 11829 8939 5065 4065 7269 11306 8774 11043 13140 283 5303
2866 8818 4097 16193 10290 2426 8000 15548 1725 14360 7395 19946 15221 9507 9729 5030 11308 1149 6870 4780 11632 18884 14793 10314 15223 18839
6922 12266 8934 5050 18762 12799 4365 5236 13069 10809 16153 4103 14944 12052 17155 7874 18041 9356 16466 1876 2862 11967 4668 4403 13939 12089
8120 469 17128 886 599 2642 10391 8177 9351 1610 18795 5231 8207 9623 6854 12616 14051 1973 14737 19015 1428 4231 8080 5260 13177 18631
14576 143 14715 2763 18712 1190 1916 1554 2388 1409 3210 9133 6621 14765 14064 6554 9115 17094 6113 12726 19999 4928 10259 6582 14800 2150
5527 12625 5702 7860 940 11724 4169 5485 6247 886 6501 3814 4634 13763 7928 5020 14691 6081 12141 17388 10483 19182 18149 15775 1618 2682
10149 13413 1171 7678 9615 19738 2783 11936 19391 18196 8283 4217 8678 433 2642 16154 2200 14987 1155 11548 13714 16398 14968 1956 2186 12710
2310 4929 11451 1928 2124 13496 12878 12298 9660 2801 14249 11526 17888 15198 10301 14881 17793 5225 11067 6268 10298 19792 733 17150 17143 1702
15317 3846 15688 914 54 6565 4538 17198 4033 10328 16011 3719 18267 7978 19515 10630 5276 19642 19952 9120 17775 18813 17284 19668 17977 5009
7513 15905 9647 9591 1504 1554 18452 11684 7263 748 8779 18274 5964 12322 7233 6700 2377 16653 8683 1315 2634 7386 9346 3444 4757 5469
17135 9543 9903 15969 3012 10038 1311 10554 18864 2589 11845 11774 9804 5129 3498 17902 2921 15249 11168 1858 10932 18717 19129 18719 1134 3657
15346 13008 4693 803 8382 1198 7125 4298 10344 14872 11369 11541 3971 10712 6995 10723 3545 12806 14524 2694 2119 7455 4241 701 17836 419
2629 9546 17574 18488 3790 9747 18874 4153 14716 10159 10346 4787 18254 10266 16720 7250 6445 1869 13700 7857 15468 1892 447 19981 14566 5909
17160 13146 14658 14028 17758 11237 6141 2453 1039 6214 2191 18182 7980 11668 17204 10800 10316 12497 11545 15585 5453 10334 16164 797 3982 8334
11503 678 2659 8727 13439 16849 14866 315 6727 15309 1318 1805 8449 533 13947 2266 17745 17730 13417 13798 16714 14292 19247 12540 11222 15674
8304 4925 12931 17162 10255 1959 5853 13978 17529 6400 7241 16148 3990 17285 19268 15672 8654 8958 7681 6720 18914 11176 16232 7765 17699 10736
5521 18925 17880 2019 10789 9622 14815 4415 1772 11531 5767 9736 6831 1945 1708 11320 16629 17876 14514 12606 16897 3323 2561 18109 18161 9050
19759 7693 12173 3863 5989 6060 368 1742 7121 16243 15153 2678 4097 104 9419 4996 12590 2178 8287 407 18482 18353 2492 14705 7499 16637
14662 13033 6525 15629 10768 18080 19965 3664 10678 6487 6503 17254 3320 4160 13375 4403 10623 14165 567 12169 113 7737 4197 6179 7086 1714
15122 15467 9893 11731 10644 17661 12356 16812 9123 10764 19559 18599 13014 9818 10723 7937 13725 6467 13024 14473 4830 19089 18452 14166 16037 8242
3368 2173 16418 19322 1073 11190 12177 19215 11942 9115 2355 11916 16986 6572 3654 1631 14168 11033 11657 5070 11794 11844 9177 749 12742 940
876 13435 18697 16585 16630 4714 478 7004 1192 13657 19150 8511 3546 19093 19397 3022 19323 11453 17026 10790 5079 2702 9524 17148 5664 9971
6154 10694 11444 18965 4704 11319 18616 11497 18073 17981 289 1677 11308 10380 3210 9817 9737 4999 654 18098 440 9644 10413 11211 14692 741
17813 16116 3199 19954 11173 3585 18757 17807 2671 8106 8738 10590 8268 672 13262 7594 10872 2485 9520 5378 6743 4516 1480 17526 347 6148
12091 8560 6117 16582 18288 13621 13889 8121 14557 17855 8418 11182 4149 3195 3484 3164 11425 1519 14241 8085 6987 12474 13168 3353 4094 18157
13407 1297 5113 16314 16647 18300 15065 18357 16395 14892 8392 12821 9781 9541 4247 2567 13262 1517 18276 11154 19540 11699 4304 18468 12953 6459
852 14546 5600 14886 13303 17791 11420 17165 14855 18825 12907 5000 14640 19647 10949 2270 4485 10962 13517 11385 1922 8637 14955 3494 9903 3035
15902 16965 15622 14691 15430 3472 9269 15332 1152 17771 9124 16705 2228 9975 16812 541 12870 18148 19998 1652 5025 15107 16415 7034 2350 15584
14505 3381 13032 7313 12087 17201 14470 15045 7249 12315 1851 6873 7020 12065 19004 2685 233 14846 7857 362 14266 15150 9935 10479 7477 17853
9396 11376 5720 4063 10696 1874 14027 13588 6498 380 12528 14358 419 6201 9551 12060 10975 5600 19875 1767 7867 1691 17868 18488 9939 16601
9899 690 13851 4511 14938 15680 18614 13895 14031 1229 3177 2007 5792 14843 679 323 3575 13224 15102 2056 5107 3928 5459 12773 1899 5052
17993 13318 18790 18487 9364 3237 2118 3337 17780 4052 7149 19481 3883 5089 15261 4203 5367 5374 955 19919 1380 19471 273 8296 14556 11958
2251 19101 5983 19331 14560 11120 12785 13111 6942 1510 8421 6784 8744 11226 1658 6432 10161 17871 10467 11069 17276 11665 6166 11471 8944 13682
4269 14891 1803 69 12337 4858 10269 82 14172 6102 19872 17995 8595 19551 1068 15983 13124 19739 10571 18730 3406 7266 1261 1038 18399 8727
18279 18273 2800 7662 13388 13084 4091 10957 6861 496 1137 9546 13849 19259 5726 8341 15113 7841 12856 4176 11080 17418 10683 9789 10477 13301
2574 3348 6213 7748 10307 13169 2055 9304 18123 829 6639 13183 39 15137 18909 14733 6209 8668 3643 493 8548 10362 16676 6065 11864 13867
2251 4488 556 4645 19067 12603 2098 6269 7898 6690 6638 17408 11853 11032 2772 15089 8519 11790 188 349 3979 14943 13099 12933 18517 16296
13310 12070 16202 12375 13409 1110 13806 17321 2227 10112 10433 1724 9678 1295 7706 6260 2139 17159 11810 17026 4811 5979 12230 3623 10017 3241
12336 13843 1892 6107 16093 248 18129 13340 7185 14320 852 2075 4040 15850 11357 2294 19116 18098 7552 325 585 2083 1504 8119 9848 4013
1683 5594 8661 17666 5257 16389 7511 16119 16134 16270 19656 4671 16801 18382 19736 3457 19027 4414 1427 8145 16078 3369 9095 2927 2653 18825
4906 2391 8073 2470 7271 11069 15981 11216 3511 18002 8391 2777 13337 1948 15935 3536 2902 1533 17893 17162 3333 10619 1787 1748 1065 11485
16340 11939 18269 10829 14159 26 247 182 6279 3814 2714 8460 11980 17997 14406 4855 13957 16817 14616 14700 16282 4267 14114 9409 18994 16942
17642 4872 8559 4110 3172 3380 17195 4591 19692 9644 2645 4497 14650 16484 11965 10298 15327 12820 7838 177 580 18255 19060 9944 11319 18022
1242 15248 4674 8674 14787 10986 17977 12206 19381 11176 17514 11764 17781 12871 13609 4108 17570 15998 14058 16990 18733 3559 8270 12699 13961 18139
588 10749 17852 4732 9035 8280 6075 8571 11500 15890 3302 11956 793 5676 19953 10120 5325 119 4448 3018 5376 279 9699 5892 16972 15276
15429 11224 3010 5177 16161 15326 13437 5960 8952 5687 19478 19725 18436 6830 5348 14773 3059 19400 4085 15829 18448 7769 12309 4421 2721 16087
8520 16451 294 18551 5214 4242 17639 9381 2047 12559 18752 15054 14425 18165 13496 7737 16664 12218 6917 5057 579 8636 10535 7906 19493 15550
8717 8505 9524 16499 5137 12511 18989 978 5836 5662 11732 19766 1748 4901 11469 13299 4971 6969 9674 631 7703 2925 6007 1687 10693 3693
526 12309 17700 2246 3907 6279 2157 14176 7793 4798 19699 5554 19664 1472 9674 6562 17590 3885 5417 5126 1942 14933 9925 3583 10853 276
13433 8258 542 14046 14156 4530 11718 18842 18309 2026 19933 14103 17352 5712 14902 5839 15328 4847 20 6216 17516 17071 13561 15492 7142 1428
16715 8899 18562 297 9941 3382 9229 13588 6107 92 15940 11009 8342 8017 8296 14443 12052 5860 15559 19687 1379 11338 8255 2254 18063 12359
19895 16068 17396 7782 1881 13658 1697 16496 11800 1597 11967 7444 19916 3757 8846 2450 2036 19333 8623 13744 8704 4100 18890 9374 17387 11656
3609 18005 8921 18876 11120 11899 6344 17932 7900 5933 13066 8487 5689 2045 9873 19881 11124 19310 13838 15643 6673 16540 16413 11042 11643 3214
10115 8791 18719 9263 19693 8442 13653 9018 17344 976 2023 13482 17976 9835 8448 3923 1346 4342 10841 17871 13793 16194 4883 14612 15045 19657
4460 12083 15443 14243 4376 9893 14821 119 8764 3611 14151 2742 887 9780 4484 3703 6378 16417 7240 19089 14406 2688 17761 11247 18054 10900
11877 4661 6776 5352 10698 5718 19219 3058 18474 19442 19527 12092 17136 15529 1335 9385 14974 10526 15994 14946 10438 13930 11229 14647 9764 17328
8830 759 9244 6171 10600 13983 8264 17223 9788 13722 16782 2673 8034 12006 2082 10535 17111 15680 3041 19037 4426 19349 10091 4234 5085 6821
11623 12559 1582 1172 11017 10107 12881 7545 5487 2586 10497 11346 13581 1935 5828 7549 12983 10831 17013 19437 16314 15177 18700 1846 6924 12040
18899 9086 6669 19756 2768 6307 14702 1197 18379 2408 7365 9659 17513 11118 8181 84 17225 14892 3211 9228 8621 14422 1135 18892 13033 4269
10614 12185 15866 16749 576 17960 4199 2633 4544 16894 4859 8013 3886 9443 17795 1772 14311 2620 11730 3157 2094 4784 8324 15100 722 8144
4164 9635 17030 2488 2359 5526 17762 19107 3448 16547 15079 10792 12157 11009 14170 9920 17312 11614 18113 4079 4969 4080 4601 11009 5537 5076
13874 3551 18595 9074 15674 18004 10953 7772 2283 19182 19746 15125 1379 19321 13744 6245 2364 5008 9423 19029 6664 7857 9611 7028 8873 5924
17224 14545 18697 19548 11029 18116 9455 2233 3480 5808 2279 18471 868 14659 12572 17830 6356 10334 5430 7451 10676 7520 19986 5091 13787 4475
6978 19167 8402 10231 11540 4476 19083 17889 9359 7645 14971 3862 12026 3750 104 10210 18411 13191 15218 2993 14408 5874 5110 3899 4725 2942
5659 13804 7281 13201 631 18868 2613 4837 17194 15212 12847 9717 6923 4665 4866 5959 479 7377 12627 7800 14622 8431 5190 17862 14955 7145
18706 10903 3159 6476 4442 4790 7938 14612 13859 17677 16863 14892 11915 12876 15304 17302 16014 15880 17426 18070 6048 18912 2124 5282 17868 13558
4497 10280 10887 13457 13529 6506 5055 2876 2486 3423 18468 1932 7256 7108 2850 4542 10475 19415 17657 12117 6888 9650 13193 3390 8269 7560
1494 9822 12729 5945 17254 1160 9548 19771 1409 9922 1145 8578 10273 6946 5630 3210 7289 12258 10513 703 18337 11791 2892 11953 4567 3791
12723 5604 16379 8099 16629 16892 9279 16677 15210 3949 8213 19385 19424 1155 17763 4219 15729 14484 7215 8323 3852 4179 16166 17119 12564 11529
11833 14705 1571 12322 7115 19016 11920 6824 18483 6025 2000 15450 6639 13449 17528 11083 17878 18812 13378 18959 9567 11652 5682 5301 6165 12054
3906 16989 12965 14554 9271 7105 19953 19608 10537 16953 4206 6535 12489 1710 3727 11153 5113 10789 14636 1946 16733 19420 11621 12010 6294 15318
6402 13589 4671 19076 15587 14329 1148 4589 13119 4082 3669 12282 1647 13208 13588 10428 10669 6936 11960 3875 14826 2267 5584 14655 16379 8592
2939 19157 2204 4113 14672 18126 3166 4836 16624 10278 10102 19125 289 11977 12773 12027 8992 16695 15930 12198 7160 9081 12362 8628 9442 12052
