365
66 53 38 46 37 22 98 90 90 69 84 35 14 3 31 49 95 53 32 64 40 81 87 92 51 17
18061 2037 4583 6441 4945 17460 18313 6881 10847 17693 4046 2266 10131 13424 2682 16622 15535 19658 4640 13391 16582 11022 584 14181 12196 18733
1693 11620 1648 15638 12282 19007 169 13286 7829 3836 18245 7007 8145 17266 11786 1904 8755 2104 9027 6315 19788 18204 17469 18136 4242 8197
10079 11397 10449 5594 10881 3083 18838 18951 8931 10980 319 1658 11403 629 15307 8929 15525 1768 6497 10151 8456 2458 15889 677 18487 17211
4534 13205 15888 19337 12831 6005 6410 8238 4941 3617 6959 1645 17595 9998 10338 10359 1620 5290 13729 3040 10218 8209 13227 15736 2458 17764
2790 17794 7920 7370 17441 8690 18873 5354 9674 1612 15951 19215 12870 15941 7290 18152 13365 16897 14583 2536 15052 7164 7505 15825 10428 6186
11930 19600 929 18940 18608 17021 13850 1759 10772 18959 5541 18214 7572 10271 12057 5641 6916 9940 14215 11649 14714 19382 3061 16994 3457 17147
344 6294 18864 18136 5857 14725 15192 14600 16523 4494 17571 18001 15562 14837 396 9641 8631 6030 268 15314 11054 10772 6922 1697 8754 3229
16961 501 903 3696 15457 9876 6686 3233 857 14921 17582 7276 980 13106 4021 14028 1911 17667 1960 6163 17652 8596 8828 11694 11380 17817
19047 13652 13288 244 17227 11116 2651 1098 9333 10662 10539 3849 10952 4169 17641 7971 16202 9283 14501 4084 8354 8191 2415 13778 10175 6563
15821 11979 4200 7000 16542 18744 4969 9627 2726 14283 14336 17303 12728 17148 19805 5051 18324 4674 5389 19217 17524 10390 16160 9226 13341 2157
7738 5525 4945 7721 13992 17932 10541 17711 14522 16444 4210 9459 7949 16243 8213 16461 6259 12204 229 4011 10977 16145 2518 14108 2836 16883
12393 7988 5581 2312 9721 2386 9453 11133 15157 10529 4867 4898 8717 10102 12563 10667 18834 16842 4703 14294 3410 8436 7770 7101 6987 17845
12102 14292 12302 8855 2580 10083 13252 6664 10349 390 1152 18641 19072 1968 11535 16122 13235 13866 19989 8497 9914 14723 5319 13595 6978 6204
6817 11887 6419 7536 12443 2337 14927 6475 11633 16404 4097 19141 15865 14474 2878 4302 7722 14286 12902 7462 13167 12400 15926 10961 7836 10705
12644 7016 5686 16144 380 15505 3215 13320 15777 3259 6028 16276 992 8670 15471 4224 6513 5138 8407 4805 1179 4076 9538 14454 1770 2868
9711 8518 17410 10203 12400 16953 8627 18460 1109 1019 17578 9336 17522 2349 1821 9000 9651 11518 15785 6955 16427 3525 1427 12187 12197 15686
14629 10789 16154 12022 7199 256 19691 3721 11413 16992 4878 12526 3774 18286 2592 1339 12836 3588 15105 4705 6452 17944 14498 1542 8788 596
19434 3480 3150 4602 15599 7220 10123 9847 9922 19855 10836 18106 545 14334 2900 12576 101 15117 3402 10694 17590 10596 15047 1874 15965 3051
17504 15337 9729 19905 4026 19336 5045 2325 10558 1278 5050 18746 6565 9666 13743 2796 3536 12487 1847 16033 16863 13437 13558 8631 18904 7810
18440 16436 13264 19736 4239 7274 10859 7587 10400 15430 10314 6914 3242 6717 17386 15330 6821 14413 14278 11969 14318 1718 6519 3993 8168 187
8492 1675 8570 11853 14039 12659 1501 17507 18337 17085 499 776 17739 10611 19394 10529 5659 11743 19198 19937 10388 19625 7821 8708 18725 14501
14630 3624 4203 781 4508 14878 16628 5015 14576 19219 238 255 5673 12535 12304 13071 3257 9169 6273 6639 4610 593 19874 15330 10719 4915
15599 7242 13836 11852 8564 14655 15381 2936 5636 3447 8121 16325 8168 10203 3348 8506 16956 19024 8445 10590 14777 8549 16660 12807 260 14845
8771 5299 16859 6954 6985 3423 1058 11718 3726 1319 6163 11611 10696 7450 6875 16586 5733 5336 18864 19882 313 16005 1060 15066 13465 13597
10983 17028 17734 15260 19047 1859 867 2921 2081 5500 9310 19006 12543 1119 5098 9378 6122 10931 5361 11152 10471 16016 7653 18471 15031 9604
13588 7075 5535 18574 19632 14005 10150 15219 17837 10166 2046 17319 10820 4364 10718 1224 158 9953 3294 2783 11877 19215 3736 16388 6921 2858
12126 5136 16186 19611 15569 10408 4417 14457 15555 7133 19919 7418 13716 972 7812 18118 6333 17192 2419 13529 19058 8134 15488 8972 19369 9576
17433 5706 11238 14730 4610 10525 8685 9048 2110 15547 8642 14826 12703 297 17101 5296 13327 11009 291 6932 1874 15854 9311 3996 11852 8448
16738 11956 9890 7460 1061 8106 823 16275 2305 14042 1063 12910 11368 7222 19790 8640 8949 16592 9363 18648 17467 1961 165 8430 12030 396
19078 7310 18119 4344 14625 1204 10314 2943 19480 12037 1114 6531 9806 16809 8428 18411 6931 16790 281 12134 13827 3129 8630 18810 9179 18080
16523 17445 12542 17734 19018 7127 5084 9816 1803 18660 5464 14971 10041 3677 5401 3020 1706 6641 6631 7634 12137 17080 9351 16134 2 2206
14135 17648 14814 19085 5425 3327 10853 16119 12871 17402 154 16963 13393 14947 6461 969 3806 828 8823 10653 6327 5940 18824 19515 6519 12669
3905 8773 7047 6631 8455 4465 11867 17489 4740 16828 10030 2789 2856 15860 9828 18034 13325 13774 10880 19217 6620 16819 8139 7916 9779 8927
12686 9731 5454 6336 19776 13154 17780 11117 7296 8746 571 6393 11169 17303 11719 9651 15235 12162 13091 17281 13260 8988 5281 7156 1273 8689
18689 18639 13334 11277 7750 5342 10688 18050 15794 1643 8079 5673 6325 7050 3145 4029 16906 13837 10292 2008 8033 4185 16745 4720 11338 8210
735 7154 11294 13615 18945 3030 8381 10615 2583 13781 11485 12170 7816 6985 10559 4794 15596 14137 1133 1818 5530 13808 1747 1922 18835 2168
11188 17278 13550 5548 18971 19737 12092 11627 9135 1088 842 14245 16097 16710 5705 784 10635 7381 4373 2588 5622 16503 2028 14071 15462 19869
8126 1716 10752 2410 7427 818 710 233 19213 4677 18898 2957 11257 6721 10747 17695 1005 1927 15727 19693 4214 5719 4707 13861 2179 16816
1811 11012 7479 10657 6556 9151 18748 16017 18346 6246 17994 6972 8090 14769 4443 4396 13942 14957 16238 13288 3286 3277 13044 5610 8895 9563
3959 1890 6517 5176 16912 604 13438 5206 5988 4536 5193 12203 11524 1838 10053 12682 8564 1029 8546 18839 16132 9867 17865 5932 17070 8078
16657 2610 1210 19028 18913 17047 9187 11752 16314 13849 13539 5891 1902 8023 16265 1416 15708 8648 1714 2705 9416 18191 17871 12298 5799 10046
1959 3696 17476 15080 6829 3039 17195 17206 14302 8504 10329 502 11873 11548 16092 17761 74 10101 14031 12595 9781 4073 5195 8254 16576 7274
7444 12441 16573 10414 4159 4832 10425 2745 2753 11101 5417 4955 11138 17172 9596 13833 19620 6589 6825 12536 3210 12819 25 16108 15110 18120
9029 13167 16277 4795 12397 9791 15611 10453 1722 9875 8143 6955 17589 18686 1741 2905 13752 14252 13312 8905 17456 6491 8972 13017 7555 14172
6748 17676 7190 16786 18901 13763 4965 10696 6464 5281 15068 6651 1904 15564 11452 5670 10032 9251 18582 10753 7164 15045 1187 5627 18845 12774
14723 9312 4842 7263 16568 10353 16249 14270 6478 498 8892 12300 9961 701 13588 4133 9367 7431 11675 6361 2771 19610 8939 18823 15320 9490
6611 16718 13682 14313 775 9533 3290 10354 3310 518 19449 4432 15150 2447 8108 14846 12015 9481 19246 15554 16368 15846 3786 2208 5251 1646
2615 2986 12080 13482 15211 2955 19046 12988 8686 15318 9878 19981 19572 18068 9109 8508 15828 3210 11533 10034 14130 13796 8691 10356 3374 1170
9403 17140 16519 336 4457 15274 14607 17598 491 13532 14409 253 5215 16989 7341 7511 10896 18340 8512 19394 11572 19335 16833 7467 15557 14177
10325 10735 13126 5377 9312 594 17716 1578 13505 16004 19471 8937 8898 14687 7168 12981 8345 10383 2247 13947 2659 6880 10937 17499 7680 6589
8577 19671 17403 14205 19345 10072 3164 16962 7188 12950 1775 16086 629 16936 3915 13111 127 12119 14442 19246 5222 863 7192 9905 638 13573
16085 13893 19135 1224 15592 18459 13985 15636 2110 9782 8005 7780 71 14218 4550 17246 11899 12028 13804 19055 13606 9528 1839 1843 14613 516
9391 7561 7207 3685 2486 7640 952 3553 2005 18411 15623 13327 509 12668 8302 13896 5371 9422 9553 1292 2854 17870 18924 6768 2274 3490
5503 2624 14647 5753 6299 13488 12512 12335 11139 518 1076 1438 13572 20000 2848 18079 19247 12115 9991 7230 5304 7101 15601 13271 3058 15967
17257 17545 6895 13001 2594 15741 4466 4552 11830 7249 3306 8687 9504 17641 1137 1227 16333 17313 13767 2487 5183 9668 10352 15291 13250 5665
3615 18478 504 18466 15203 7940 18871 3532 5188 4902 15134 7963 9023 19673 15649 5069 2684 11170 8022 15168 7685 10192 19883 17419 10088 15385
13474 14091 17841 6236 18299 6679 11620 18593 901 7804 12713 16293 8926 622 7346 19448 17280 6192 3477 11928 18203 18045 16707 15174 19126 12348
6440 7988 5534 15201 11174 14152 12433 6129 14313 11266 10213 629 16963 13042 2527 19123 5581 8373 11600 17257 8170 17973 4552 16185 8852 13761
10107 6844 12386 951 16572 5035 4845 14308 5993 4232 4437 16564 2001 16038 579 11567 12254 9924 13693 9989 16882 19473 13003 5797 18787 5002
346 9238 14889 5680 15926 13630 11613 12433 2705 1477 4636 19219 3811 8873 17377 2934 6022 14433 16478 2975 12721 12129 17016 5682 11748 15077
9711 1992 11791 8609 2548 11904 1454 4284 12152 16200 11625 7157 7056 5753 10470 112 5170 10541 6303 7691 16861 11484 2153 11152 7162 17006
11794 1172 11918 7179 10701 16251 12458 11408 16977 9805 16125 8068 3487 168 8149 13423 8738 3562 2510 10963 18775 3155 4677 14221 6719 9075
1824 17468 6952 11345 8743 726 9121 5105 4819 272 10362 8010 7770 15979 16793 876 10 19804 11321 15351 17792 13696 12953 705 2247 18006
9500 7487 6463 19705 19098 19835 2490 14941 15516 6294 19971 1208 3437 17652 474 3532 10187 14194 8299 15876 19881 16948 13892 4896 11575 2449
17713 2635 18076 16785 12983 16114 6452 18130 509 6034 15891 3019 11110 11714 13999 19486 353 7996 18442 17254 2243 18927 5611 8193 1315 5771
2695 2729 5360 14617 19170 3761 4186 14789 7437 9395 19088 3120 11936 11524 9341 13151 16036 4180 17257 15157 467 9805 1840 15388 6814 1478
2781 14075 12588 13957 6526 17518 9148 1324 18512 14235 19260 5361 3698 18390 7837 5251 14227 4990 5354 12725 7162 2734 13742 6840 14048 391
15339 17894 9791 4191 521 8582 14789 18873 5205 48 4128 4043 17891 1442 7773 1019 8078 7897 2102 1459 1585 10312 1790 4160 4050 793
11842 8017 7190 15036 4177 5609 6397 17601 15883 18630 1051 9568 7540 5622 15273 15463 15825 3880 10129 16361 7440 679 7446 14636 2355 15395
486 14541 17905 12425 9602 122 9292 4612 16013 10646 17203 14179 15842 19241 16270 18908 3949 10723 3814 15178 14211 1150 13280 6137 2143 10891
1393 12753 4897 4471 1619 17567 5970 11523 12406 15407 13458 17700 13150 19176 3342 16819 3235 5801 15302 1544 3976 17214 8234 12876 13328 2947
9865 5846 1011 13157 5439 8347 5066 17451 18194 14704 18190 13990 5708 6129 10785 5804 18086 6448 1104 7093 8774 15553 10009 11263 5206 1762
8051 9015 8282 7184 3460 7132 12434 9326 16051 11970 9537 3025 19804 10103 10713 9796 12727 9344 7591 6052 6646 12209 2712 13951 9269 648
8732 1620 5765 4394 19762 10760 18752 2007 97 15500 1434 17998 3740 6283 3231 3150 896 18341 228 5719 18703 7714 14730 16751 5661 1469
18319 2142 15801 8133 7769 11428 12936 2116 3114 3622 7603 1896 10063 15455 17345 18263 6234 12744 6253 1474 6084 6098 8003 823 17543 12478
16192 17570 10358 2357 1952 19089 9672 5774 14883 16194 1663 19913 2898 11790 12592 9746 1874 17783 10806 115 3507 9392 18739 5842 7231 4663
12135 3905 1343 8588 7258 2720 1749 5027 7607 12680 9329 2009 1251 15209 4230 10079 12215 12097 2934 8961 12183 6798 13277 9749 11614 12256
7998 7362 6114 14112 338 17023 17027 8729 17108 3281 17488 4572 18010 15958 9961 16396 11486 19439 13554 19844 3371 2319 5978 12518 3540 8870
9065 3535 1256 17065 19371 17756 19308 19490 6528 141 12860 6546 13954 15310 4687 9774 6682 783 9079 15443 5089 6202 18086 282 1531 5081
3264 10920 3447 8705 17581 5298 13049 5980 6629 3914 17593 748 9348 3648 15978 5957 13125 2852 2739 9050 18125 19104 18519 6438 8371 7024
1881 1729 19527 6325 15964 9140 1327 16375 8596 14146 19668 14662 7858 4607 4062 17243 9984 12639 16089 16287 9177 3318 11226 17249 9622 18072
13705 18197 19119 15177 10758 12240 15858 16754 10364 5342 16876 12253 6678 5296 15927 11022 3254 13119 5105 4760 18776 10068 8559 6632 13657 11642
112 17666 14468 236 11438 6200 13277 8753 7953 17650 1068 6160 1836 5678 9421 19865 2859 7948 18953 19954 2407 11928 18168 19172 14433 19393
3074 9890 14122 13730 8215 19401 11857 6531 5095 1246 11177 12963 11987 5502 15419 18466 6212 8191 12028 16307 17391 8084 15567 19283 9842 4395
7161 14258 8709 8843 15604 13775 17667 15365 17092 8694 7273 19359 3928 19409 17877 17703 14387 3312 686 9094 18528 10488 4082 5325 5567 8728
17609 5512 3688 19174 2713 767 18148 6996 8898 1752 18272 16894 11091 16582 19375 14469 12150 13893 2360 17685 11861 9360 10423 12612 1020 10257
13493 15870 12533 3629 17729 9902 7100 6727 14623 11625 9518 17594 10346 8581 9156 13592 18489 2617 8812 18981 19209 17092 10725 9316 19067 16535
18823 6441 2719 1289 7092 10654 14796 17740 1256 12720 7422 3846 10370 2134 16869 6354 5933 3683 2468 11317 2809 10848 6957 6312 1395 6159
4990 16228 12834 3912 13387 4452 3297 7365 8923 10740 3404 3542 254 2787 16224 7351 12344 16880 17581 15953 510 11515 16595 19048 6588 1147
17133 12234 10990 6207 9990 18525 11484 14937 6198 4827 19651 18955 11578 3329 4836 7907 19850 9496 8890 10643 13136 101 15702 4607 17634 19488
13682 7206 7331 7750 8404 13302 11020 10299 5095 3826 1272 412 3031 362 14181 8626 839 19580 14396 1494 21 2916 13959 8139 2764 13596
16114 18981 18521 11005 14456 15299 10478 14956 18358 11205 8175 2227 1490 17321 2192 13506 5643 874 19990 16472 12038 12381 1692 15520 15226 2912
9647 13425 8196 15815 5182 17224 16370 13464 9455 9067 8076 12007 19069 4423 17798 16558 14704 9900 835 11979 13911 13987 15455 4998 4865 9326
15626 14532 16312 10411 11828 13086 12827 9448 5306 2314 16992 15177 5279 18843 3510 13247 5183 13576 8844 16882 6899 1194 14202 1563 5489 15341
6944 10929 16444 15750 12300 17567 12590 9191 15943 9093 7829 11794 1521 18635 19464 197 12829 2095 12458 2571 3618 7216 13299 5646 2535 11257
14319 13885 15026 11663 8418 19659 17289 14011 16671 14562 14634 19432 10535 7584 12309 11266 17819 3453 3999 6854 10010 329 15395 5168 2868 13804
16922 3647 9672 5592 1171 17780 6244 14905 704 6857 19 13139 483 14463 14374 2458 17500 3011 17223 3842 5522 19582 19361 200 11127 16980
18126 11745 3958 406 11313 1229 19945 16866 6346 16394 19415 6181 9291 7610 11762 10880 5913 7453 6213 7805 5500 11394 6869 7387 19426 9289
19497 12394 14546 4246 15007 3401 7445 18798 10611 794 15355 9752 1027 1643 18238 4727 18308 3985 11102 1979 1630 11520 5990 10749 1250 3877
12961 7652 12900 14985 17325 11186 8510 10828 16778 9680 15044 8219 11166 6800 19827 19757 4467 8384 19389 14131 390 7852 4147 15952 8514 4213
3462 18914 6100 5067 15739 17905 9590 8357 6682 5388 13318 6043 10676 8639 8816 14411 17711 13580 17964 16260 2527 9905 11090 11791 14743 1136
4198 8565 14430 7607 3235 2465 6509 15843 19952 3323 8803 19770 10779 19551 15417 9374 126 16947 5216 6271 17066 17044 10134 14821 16336 12157
688 3709 8118 19655 13322 18124 11618 8265 19770 5850 18148 7479 7265 6157 12664 2334 5758 8732 53 158 2805 9837 13743 11519 8651 4213
7310 18528 17924 13767 6665 12397 6971 18934 15046 19691 4721 5143 2353 7193 4523 18296 7817 14405 16924 8936 695 7308 12741 2747 18364 9758
1073 11751 15254 11937 634 15572 5789 5229 16360 17487 9300 14208 9445 15032 18241 10045 13368 2417 13322 2220 18490 353 10878 4806 10573 13161
5614 3065 5126 8100 2078 10276 2872 13796 14962 18808 14527 3645 16424 7353 16969 7458 18329 13216 16031 2431 8158 971 7152 15737 1839 17412
912 9927 6276 49 13030 7053 4199 10844 10906 19020 4159 3248 16878 14710 19505 8572 9767 4930 11428 7042 14010 14600 16558 2870 7937 9764
7670 6498 2956 18344 9814 4893 2618 13320 2014 19776 5903 16994 12945 2408 12888 18704 4847 14746 14049 11634 5890 5137 10105 12979 17784 1828
18858 8725 2056 3186 1373 8674 5133 12896 10961 19643 7973 1815 9636 6456 8265 19186 17015 8493 13058 2131 15119 18253 17444 13467 19923 3396
17938 17138 10171 19245 396 9433 18036 556 95 7334 3102 13544 18919 5599 18740 7876 9874 8763 19657 9609 19936 12219 19547 12280 19526 5160
10342 11790 4521 4085 3721 4594 15913 13038 6251 14448 17874 4356 18067 9422 165 2291 2577 14885 15204 102 6984 5570 11215 1004 19189 2922
15423 18153 11870 19622 6411 17384 6539 12764 1831 13388 15626 3376 5190 9494 19107 14775 19820 1498 12924 1838 13921 7674 11851 5585 11964 16436
7806 14645 12290 17780 9457 15546 7436 4062 65 9609 1637 12099 10151 7855 7798 11303 1749 14203 14472 12153 19451 15587 9475 19642 9304 772
9541 5349 5013 19196 5831 18485 3081 2924 4021 6495 12368 18391 8666 15642 9969 8977 5447 16722 705 5559 7212 6116 17804 2976 19524 6616
4276 3288 6605 19648 19205 12708 1306 17034 9447 10637 15115 3037 19463 18902 201 12363 3736 11956 9696 467 11478 5871 1888 15208 5939 18135
3478 9016 7508 84 4498 10194 12618 2842 5159 3151 23 12026 14517 13730 18375 2445 2499 10793 17269 2834 402 16583 18362 10055 13730 16845
5782 7167 3668 1516 16142 5010 19308 17664 8042 8002 994 8244 17682 19826 1845 6610 10817 19197 3954 16943 15387 18852 2796 9935 16015 3364
15832 11668 14516 19597 10623 16464 4193 19994 5498 11693 19156 3620 11993 16824 19489 14759 5125 17108 783 12886 12426 10680 14502 2050 1275 2894
13855 12819 2605 3129 8656 10821 5942 11842 19326 18583 19792 991 18374 4062 15743 18864 1454 4929 9211 3823 9516 14515 17589 7097 7938 4963
575 11829 6729 13752 4814 18135 18058 7295 13486 4527 19594 14986 8949 9687 1727 15348 18151 18844 9538 17829 14195 8031 8282 12249 11408 11093
5586 11718 3821 6218 5852 15815 10981 2515 14910 5862 56 7952 14815 8049 4380 7001 13904 14053 8696 10483 13589 15265 3679 5647 8048 18907
10939 19115 4544 7722 17455 14779 6857 5846 14873 4195 11603 15489 15101 5766 14112 5661 1438 8605 16953 19149 9411 15610 8703 12985 8979 5127
18707 9093 1226 16291 18735 3648 11727 6647 4578 10960 13157 1051 16559 15040 2908 1141 8629 540 18843 9046 17515 13206 3302 16342 2126 10014
17702 879 3167 11111 18088 14560 16396 19126 15408 18619 5341 4885 19121 19890 12618 11799 3411 16630 963 7289 2733 19178 4899 19050 15651 11926
3413 15235 5218 7061 5352 6592 16999 14554 17179 12798 3172 1591 16246 5409 3714 8014 12530 6179 15142 14000 5302 7471 3477 5987 6466 11507
10762 19396 1374 14844 13653 4515 14091 13497 14440 17354 13037 11280 13637 16487 13962 2630 16919 16278 3917 2699 14695 8715 1084 14947 13865 6535
10698 1662 12843 4892 5021 11504 3270 7072 2129 15302 7001 11893 4425 9404 294 6580 10579 9418 15299 3448 10001 15322 16472 15425 4923 12319
19286 19280 134 18597 9306 16668 4800 7170 16566 12595 10024 11652 17577 14643 1349 14679 7486 10149 13540 19326 15317 3935 18541 9927 14193 1826
19969 14613 13032 13932 2221 16075 1096 7767 18463 7588 7465 12496 5694 17594 17247 2810 10520 2734 17142 13558 5753 10924 10147 2622 4153 12973
12231 1512 10340 8637 3328 9108 10750 5513 13902 10615 11589 17104 17862 12228 7278 11436 7309 4336 14610 3612 9670 8929 12879 17317 16532 11666
14326 19054 13596 4221 9825 15309 10362 18531 17385 15580 10370 15380 2551 6495 13361 15912 19353 16796 16065 7596 19258 16794 15488 8765 2576 5809
11978 15044 14929 11812 17162 17935 4621 5639 13136 3893 5379 2358 11716 15565 7891 2421 9523 2267 3005 7036 4520 4295 12881 4581 13989 15800
2236 14110 4671 19865 236 14263 13970 14551 12712 17393 7807 15358 4916 4158 3654 13277 19024 12079 19561 18975 1674 11013 7133 3154 11324 9833
16516 12044 1539 13075 5546 1311 6454 5003 7239 2815 9000 3033 4858 15072 17953 8283 16055 3737 8077 8244 15406 17497 1592 10200 12644 15958
17070 9764 19838 1132 13149 3357 16630 15936 7019 8523 13803 14091 12357 1840 987 11515 7634 10464 5134 7754 4711 13988 13401 3247 14794 1695
10707 15861 10540 5847 6058 1986 19502 16520 9834 9271 3678 10291 16327 16074 16036 15470 6319 7660 4751 19545 10865 15085 19599 9762 17086 15067
10938 16383 4271 11652 14539 5239 17232 8672 11037 7067 13390 18901 2835 16808 1514 2120 17988 16016 18976 12807 17416 12018 2779 18830 2278 15078
19766 4439 16366 4385 6270 15058 1923 14398 14912 19433 5992 12976 2983 16830 18274 1417 6318 18987 3285 6820 5899 19394 15685 3470 12246 6772
7204 8439 3873 7587 19926 16050 9420 16099 3412 10840 1213 8653 7532 18364 14417 7645 7354 3006 15998 6795 3319 4995 461 10042 13647 16497
6952 6768 8471 16232 16129 18439 16357 10015 6243 13038 12536 4902 6269 13839 15086 11460 18170 13108 1011 2730 5946 5447 4301 9198 15026 1626
8581 12483 4562 2480 9168 4696 19183 1704 9825 10191 9067 827 12473 12857 18137 15217 1514 10143 17900 15648 8510 3684 289 18650 17816 1848
17775 5941 1516 7158 10433 14216 16299 18085 5606 19867 12111 11477 10257 1036 17676 8718 1533 17011 18947 6542 11713 19545 8454 13909 17481 5021
5174 14861 17757 9692 3859 9164 1603 1784 1785 9997 14694 14193 15156 12370 1077 8977 13921 12951 4646 11079 4200 7540 18035 10379 6386 15502
2984 5053 12792 7568 16603 9101 11778 12550 11907 1364 1785 15317 11548 18172 13941 15861 7336 6821 7636 16837 11807 5185 11224 17644 9686 16958
11956 14002 14305 9122 7550 4235 25 2867 12365 4279 1891 3500 7461 12453 17537 18682 6635 5696 15202 2265 1891 6569 11467 10545 19757 12520
3875 951 6305 18885 5155 4694 16050 7697 14369 14491 18293 452 9666 8034 419 2041 12956 6566 3976 3199 2801 18412 7128 11747 7326 18669
15637 3029 17110 6727 2550 1649 14280 11040 16349 3853 3936 6615 15708 13168 10928 1229 11683 8908 885 3640 9663 9095 3688 3147 15153 8941
17715 3863 4385 14679 15567 2610 1652 6873 7824 19670 713 4912 1496 4735 11685 8213 17872 17441 11654 5691 19590 16760 13209 14502 4856 1983
15274 11175 16888 4048 3931 14953 7989 14570 16208 13139 14995 17340 2879 7557 8402 3318 12173 6903 9976 18110 13195 15431 18065 19738 6083 8477
8964 7894 14298 19134 12522 14490 15415 9864 5588 12448 14003 2936 5508 2317 8383 5380 16785 18468 13602 18576 17012 2463 3093 8013 12083 4343
18435 12982 2489 8173 5194 15777 12787 194 5598 1671 5587 9413 8240 12156 409 6214 18894 7116 7311 15272 5489 14025 19555 16605 1352 16027
15338 10569 7062 13167 6173 207 19305 13479 4929 4692 3003 12670 17592 15783 15935 6755 6993 18045 18721 9705 3465 6436 5201 11753 15057 17266
12823 19292 13902 8214 1417 19741 16755 11993 5972 6479 11040 15285 9135 16129 5039 17010 4580 4929 6874 5783 19918 14657 15000 3654 8987 15229
2548 13949 17758 11946 3209 15662 3327 2184 8668 4284 18386 17766 10020 18913 1336 17691 7085 11494 15763 591 12541 946 1876 19963 6591 3908
4228 5790 10729 12744 279 11973 17971 10402 11697 7805 3200 15621 9761 8257 6087 16799 10860 2276 1157 8282 1678 7750 6603 397 19410 11290
12773 13539 5217 6381 19189 14320 801 17830 2539 15086 19848 3894 13977 12333 12689 16699 17887 17776 14574 18615 577 10908 19477 3272 10190 13047
9776 10294 393 1941 15477 9411 11312 15348 18548 11564 18493 13795 13254 6388 494 4351 17269 2706 12263 15750 4061 12143 5999 15667 8179 9911
8099 16541 3344 18675 3342 11246 5338 6628 12523 5293 16189 7364 13537 4156 10879 12881 2361 1607 14402 19566 8822 19617 19322 2069 14556 11857
13291 12569 1316 11667 17910 13975 6235 10911 8636 290 14300 12119 1255 1039 19158 5382 11994 15052 4885 8181 13267 19359 5366 15809 19025 4478
279 12075 9570 3890 7870 19426 14858 10875 4377 2163 19246 17018 2845 19531 13072 5641 9754 18925 5042 5317 12174 11382 13075 10569 10727 9693
8332 5999 6044 105 3542 1455 15372 6925 10188 5604 7458 10337 2437 1458 4686 10815 6010 4877 4757 8200 9201 7860 3878 1101 88 6480
12501 1693 16785 2084 8141 2515 7615 12249 14327 3451 7215 3670 1155 16422 13201 5709 5402 16559 11568 18299 19217 8454 4405 19037 16210 14535
17860 4290 15492 18883 5781 8923 1640 13428 2357 18591 5602 4039 9316 12707 15682 6825 11670 4453 1472 11556 18275 17664 15011 13015 18660 15862
19271 6838 18790 670 14174 7051 8240 18421 13592 12937 575 7031 1811 19072 9997 10085 3286 10895 4541 15385 1887 19965 10222 17736 9266 13766
5180 17715 18945 19909 1792 7969 14318 7336 817 17131 10178 11664 2979 8096 16285 16375 1928 6242 7167 12643 3442 17949 531 60 8099 19706
18786 959 14880 14612 14466 11249 13919 7859 10275 7485 537 8015 5961 10808 19697 715 293 12265 4971 18005 12893 19152 15017 16428 10058 11949
18822 16475 560 4333 4133 7616 1935 12071 6575 5415 6147 4425 7061 10025 2588 5583 1446 17090 2519 2786 11514 8055 14715 7778 3725 5582
5193 18116 17113 19780 4452 14321 13644 4498 3267 12083 18750 1640 199 7392 1044 11138 11750 8347 5000 1308 10868 1335 12390 19424 3027 7804
1784 5158 9806 16104 2329 16339 10969 9268 17699 12406 19544 2861 244 6118 13946 3640 13475 9427 16743 15230 18714 8814 11777 15529 9069 16226
18888 15518 2483 8910 8596 7184 4731 13491 872 16236 17463 12031 9855 17140 1687 11690 7905 8234 15366 2846 15210 18846 5705 6945 14147 7982
14459 10673 1853 1514 13920 17978 4055 18155 3897 14517 1776 2374 9288 5675 4810 11559 5349 9156 17911 19741 16552 17679 2465 14097 3426 15913
4580 15940 10084 6794 9584 1802 12784 5607 16127 10522 10513 3751 8211 280 10003 7100 1117 2143 10958 14692 19828 3948 19249 15394 7329 12842
18972 11083 791 19139 8121 6961 767 12524 11292 2040 3557 5029 10222 1887 19761 12237 19228 13105 2704 13849 8800 13404 11357 4943 8510 18414
11038 9858 6986 2405 10860 8872 7108 18673 923 13189 6310 15074 13055 17133 5035 13028 15734 15088 14351 7147 10918 18130 17263 4659 18164 11431
10959 12045 1712 4908 16904 4828 12472 11589 13163 5989 14311 6256 8388 7747 6842 2551 564 11130 13081 14037 12031 3902 1859 19851 1658 5074
7248 11825 15491 4628 6994 17025 6557 12188 9237 18600 3207 12100 19818 12843 11397 10003 11937 3723 15310 304 3619 14418 14944 6228 12426 11598
6617 14617 8456 4858 13872 14559 14849 7197 3645 1104 2016 1433 16978 16783 8153 8924 15290 7285 6038 3891 15936 13844 12641 5413 17655 8736
2041 4117 16273 2567 13998 15688 16471 4515 12383 9968 5679 7434 9707 18389 16267 12342 6674 2046 5159 5919 11017 18325 12990 9658 7385 17229
4238 7128 16121 19614 15518 5004 5015 12724 19817 4560 9861 14668 6470 16997 16057 10355 12553 5766 15801 9344 2387 11087 9165 14342 10613 953
13905 7908 7705 15069 19053 15751 19881 1443 13495 9913 15671 13374 115 781 4378 1855 13833 7503 10685 19229 9578 10922 16372 12782 12332 17728
19563 8262 9038 6865 4451 2159 8244 9377 7113 12311 3526 5530 7934 19826 15793 6169 5550 4324 6469 12261 4701 10961 10714 8205 5318 573
6727 5100 14805 2896 4368 11342 2567 9037 3088 18909 14459 497 19304 4818 11279 13484 80 8750 17187 15762 12121 19638 18769 17820 12121 6465
8917 236 10077 5876 8664 7932 19470 19496 16816 12239 18614 17948 15802 15527 5377 15062 12385 8573 10567 8954 8808 4969 14035 2864 4334 11119
4578 17108 9331 7521 6833 3961 4975 401 9959 6076 946 5266 12142 12753 18930 18589 19773 4196 15420 18515 16183 16042 276 1895 8539 15630
4630 13638 9886 2156 1948 16956 17317 148 12441 10365 18518 15463 19671 14764 6500 14339 9508 13063 9977 18400 17193 17384 3421 699 11031 496
12715 14828 9571 18817 5155 14428 10298 15420 7461 14554 8614 820 12236 10288 6289 6887 2423 11790 11997 4490 4752 2522 2121 11025 19811 16103
4405 14073 19411 18309 18874 2861 13241 7740 1722 17605 8751 15262 8589 19411 17110 3589 125 9449 16909 8330 6985 7891 8537 5610 5077 17452
6277 1334 1672 16382 346 9763 3900 4250 16329 5633 7382 19517 18114 8572 16853 6157 11506 5554 5030 2956 14689 2973 3048 14613 19068 6893
14269 2807 390 17325 17701 11150 18288 6261 19175 2517 14730 12662 16704 9033 17593 12983 17196 18609 9777 17130 11805 12483 14459 5726 2589 16885
11426 11773 15892 9305 4174 6186 2922 11815 4845 10802 3709 11655 15934 6143 312 7177 260 1035 6969 10464 10484 10832 7254 12780 1672 11280
13925 11452 15500 15999 15654 6247 13611 16146 1144 15316 7767 2866 15708 8496 17057 2355 2087 1594 8696 14018 12467 5648 11138 15927 7872 14955
14635 4297 568 3994 5125 7003 11466 4830 16993 19954 16669 13544 1414 9459 6112 16863 17707 12642 18763 2737 14111 5243 3330 19900 2840 17742
9595 1309 12630 19844 13814 12708 10683 8908 176 17609 5073 15120 7743 2078 9845 13454 5054 19160 3950 7371 10927 16932 15658 19538 7570 8504
15353 8977 6398 13201 11302 14618 13277 13591 3652 16148 19933 4712 5047 17799 3326 19415 4089 14039 12998 10457 6203 276 16171 15071 19278 8558
6932 14065 15278 12532 18354 10307 6507 60 19896 7184 10603 19152 10088 15543 10280 9001 13407 6669 11843 3786 19720 16875 3428 6230 13470 16123
12605 1866 11564 15776 16905 12883 16331 17919 8112 17650 7420 7611 12530 7710 9423 13539 18587 6599 11931 18732 4797 4296 13692 11529 5694 17723
2355 9402 17235 8729 3921 18612 14672 1815 13495 8416 6679 15183 3086 9111 9983 15964 15463 12090 11645 18338 14232 16696 14558 19469 1703 4319
1867 4977 18611 18518 19225 15207 14447 4375 1387 19092 7178 8502 11179 17852 11214 952 2417 7287 16185 10346 7706 1672 1719 7156 18479 6267
4192 5568 6336 5376 14520 11531 15773 18688 17358 13450 10917 15994 17514 3725 18720 9566 4951 16613 12713 4182 3422 969 11989 15787 2891 19279
9561 4441 479 17084 865 11290 1300 9108 13341 3436 13000 12120 6362 11731 14863 12257 9012 5426 17918 10918 16474 4689 3983 10516 406 7692
10842 2352 12695 13624 13860 8949 16721 863 13727 5176 5320 252 13500 13268 15783 15721 15358 18352 433 8766 14983 10792 10341 19230 9303 16932
19277 11533 10557 9236 8410 1452 3610 17552 18899 19950 17009 17385 14741 19523 9139 11265 6060 18937 18717 12056 8376 12625 18008 14144 3071 15278
16112 1086 16027 17765 2213 4099 4556 15580 16295 12147 15615 19641 4075 1106 18361 13797 17050 8568 11115 11648 1726 1335 5657 5776 5808 10587
17933 1117 4174 11316 2355 7621 4510 1063 12998 18316 3426 9904 6467 1600 17312 15517 6110 1254 3068 13793 17247 19291 935 8231 6863 13328
12482 3185 4413 18158 18049 15571 5914 13710 18560 13856 8051 11693 19485 3314 14930 939 14548 14650 10470 15411 7624 15802 16929 14307 9992 9318
6619 5429 346 14657 8650 9587 18671 18696 8338 12660 15481 18094 19274 19187 5096 13434 6535 15385 821 1195 9913 19208 8023 18301 4267 11780
8867 16737 10608 16417 19202 2722 2657 5329 12678 17254 6559 10482 2624 707 16924 12475 5109 13405 16429 9877 5656 4838 6523 9042 8882 2832
14101 17254 3440 15661 2196 1564 8474 7281 5468 11750 9433 11859 19612 3307 9633 5466 8069 12856 11249 3027 12 463 7279 3266 887 6558
3068 2933 10054 18317 13341 3707 3322 18443 8205 6781 14396 11629 6245 2120 15326 14521 1982 17281 14048 12064 6627 5516 8545 8858 9555 18762
9167 7437 12147 1916 7568 6315 11644 14611 14244 1819 14962 7064 17536 13378 17077 11103 4807 11575 4138 19204 7683 2430 17111 4298 11103 8139
10892 7111 13390 4418 15210 7500 6216 19262 19781 16059 15659 10260 14221 11488 8690 7771 2515 16338 3492 18961 8563 9644 11228 7090 1111 10147
10432 1084 2181 4488 11841 8522 15778 16353 5394 3668 8397 4060 19553 19684 16586 12939 5212 11241 5983 8090 1136 11774 4905 8168 10243 4559
19054 7598 12913 7573 557 11408 19451 16805 6044 7392 9217 8808 2583 13123 18830 8570 16126 9260 12626 7835 17402 16403 8016 13955 17730 953
5673 12334 184 13580 5725 10792 2332 4895 8762 8491 10655 18516 15431 3290 14121 4355 5438 6323 17323 19635 3940 18695 6026 7157 1403 9376
5857 13224 8312 17368 9789 10321 15214 2090 4888 11899 13704 10967 1713 3986 17672 12431 14581 5227 792 10865 14838 12702 1397 14252 1366 3003
1287 10312 18977 7337 885 8788 481 16846 10244 12100 15966 5324 17174 10737 4790 14150 2229 13613 7797 18642 5365 6472 14373 5168 7032 2207
13995 1082 3075 10995 16615 14766 10259 14567 2146 7584 17959 3260 14513 9942 18810 5735 5061 2667 16163 14318 13518 15460 18918 10879 12949 17281
10018 8397 13882 11897 12210 8406 10279 6088 7792 6842 17573 11939 7562 15381 16005 13442 13065 13875 15959 19003 96 2585 1469 16260 6479 3850
19953 5502 6408 4926 10358 10835 3815 4122 3374 2607 5402 5297 14355 3295 10275 1945 16922 7482 16739 7872 6016 5421 17442 5750 1001 17769
7272 11029 15966 16843 5850 19890 9437 7436 11441 8049 18810 8003 6802 16032 7603 12308 7260 19329 18356 9836 16971 18340 6516 19082 10329 1742
6067 12753 1989 17702 2798 7601 559 10893 10737 10897 13985 14065 10894 10968 9815 19467 8760 3750 16852 11738 11480 101 304 2112 9495 19728
6183 17867 4498 8366 17350 4584 18365 15522 3943 3105 15496 14430 18750 10646 2428 16050 10663 9921 4098 11727 607 13530 10423 17416 3497 8691
6073 18747 6464 11090 7838 2165 16103 1515 2662 2349 7551 8351 6495 9825 16793 7360 3361 19657 10917 1228 9061 17814 2381 14044 11097 3163
9102 8787 7643 2295 6192 14949 7338 9304 5861 14027 6352 13335 1960 4051 5574 19865 5460 19297 3004 18989 13042 7674 8006 12789 9078 8214
18170 12350 2340 15016 9937 4073 503 73 18112 2670 3526 14917 3412 17561 18600 11571 13214 12406 4468 5114 4855 1838 4493 3045 5932 6218
14565 3622 2994 14512 14226 12067 5336 15626 12378 16454 13711 10599 2030 15461 1910 13284 12758 6919 317 15110 13587 7716 6526 3606 5705 13684
6444 8337 575 12661 7505 15388 14543 4298 6768 18663 7474 3156 6101 4468 10657 18840 944 1554 2030 986 15236 8806 6268 17779 5678 6710
11855 15251 17264 1643 12380 8692 12634 6380 18045 8443 19875 19053 9887 320 382 13843 14647 6729 2955 16937 17624 17355 1590 19084 9258 5915
2579 10361 2225 18135 2787 4159 14599 9350 14810 14097 16461 5946 10184 5075 14177 4520 19103 5320 17865 19484 7884 18687 8380 13808 14103 9058
4875 6588 7128 18853 3004 5333 12038 10158 18130 19666 1415 3056 5840 16411 18732 14062 15337 5702 5123 12481 11293 4278 19470 4134 17056 6286
13378 3004 16266 10755 14161 6809 5377 5158 6826 6737 14898 9853 5380 8486 983 13504 5702 10171 10753 6273 17434 221 14629 18226 8841 19169
7230 5326 8867 677 9735 1418 1738 944 6734 16093 12770 3491 16967 17027 891 10901 6642 18804 15738 14106 19621 4884 7075 17050 17329 16321
17500 76 5082 8847 3395 651 7345 3942 12392 9811 171 5445 964 13960 4779 6646 16913 13255 9385 14352 13948 4646 5865 3983 961 1104
19573 17498 14047 2487 423 18091 13545 16191 12587 19058 17802 7384 1849 2940 15905 13178 712 19932 11172 2963 12566 9772 8407 5747 6180 25
8756 2926 10504 7830 10709 11873 18944 9291 18058 17846 4868 3421 19519 19462 14790 9728 5282 9126 12732 18610 5155 17394 8521 7946 19881 15643
7111 15002 5758 3947 7200 1270 7018 10206 8864 14228 14012 9582 13587 19946 16835 16846 13752 1685 17318 19121 7618 11110 8128 10638 15346 19701
10418 12400 9727 9931 12591 9856 17949 19480 13183 17278 6933 10333 12751 14900 11792 16770 6527 14906 9595 9961 15904 16431 15771 17137 4667 5539
1050 14401 16625 15484 6083 13961 9599 16879 18799 5808 1080 15560 8767 11129 6005 5867 15821 17971 12070 18904 3875 9507 12014 13086 18564 1511
14923 3575 7343 1999 18773 18511 12080 5321 6569 19743 6780 15959 16298 15866 733 14072 7578 10321 12578 2557 13287 15249 18225 18904 4342 19640
3721 2029 14771 18997 1890 8026 1409 16208 18125 11555 18885 1814 11419 7994 15342 1786 18920 973 5616 17101 13813 7203 16317 10304 13936 7254
13162 7985 8364 925 19976 12983 15873 13467 14101 19639 15841 15057 14994 4688 7766 14729 15457 1121 19623 17538 15839 663 19972 19634 14052 5583
464 4145 2862 9840 817 3752 13147 14223 5243 15970 112 3426 10979 14674 18700 6008 15107 12159 13956 3398 9240 5851 5673 5665 1985 15373
16244 5355 11391 1690 13738 16715 581 356 5007 13092 3279 13614 10165 2567 5259 18479 16681 2129 12943 8762 12011 17470 6740 10147 1558 1249
1749 5517 13777 3789 19342 15521 17141 16134 6186 9547 14683 8327 8989 4013 14361 9129 306 10985 1312 19206 1973 3430 5878 460 19158 6610
1981 17489 4894 8208 4733 12500 5510 18449 17196 7864 19866 17003 16331 18236 13865 3580 10584 2649 12304 18728 15984 8064 9870 9512 1964 11994
16429 17256 9090 11997 14520 15706 16652 18243 15329 14895 5223 532 17833 5040 13719 4267 5099 4798 9138 15330 17394 16402 2617 9888 16902 16309
6532 17852 5107 9894 11405 8709 5275 8603 17658 4290 6569 11472 15136 15944 5773 17093 17803 11243 11126 2430 13350 1184 16531 2417 1589 9676
6406 2603 8077 522 9406 16446 7101 5902 15377 13994 14053 14002 14599 9280 16951 7099 13058 7943 9801 16883 7563 19034 1288 17038 15258 16515
19883 12414 4673 10315 9885 14286 10758 8252 8184 17821 10126 14838 15441 5303 3320 11281 13023 5505 11709 17583 5614 7930 10672 12888 12627 3830
4709 18837 19552 2693 10614 1100 10508 1287 2937 18738 19886 6664 2626 8018 7415 19758 2188 9373 14722 9462 5385 6467 18163 4388 113 15843
13764 3660 8405 14636 3554 13813 12553 686 18606 7901 6364 1081 5417 6020 15670 18771 10690 18585 1430 241 4791 4338 15745 18343 11181 16796
17372 12846 3127 9588 11753 10537 13485 12998 7686 18286 5570 18458 9273 11764 3097 4061 1560 18911 18003 19792 10142 17255 638 12758 17977 12092
9006 7455 2753 15695 11094 12461 17142 16929 10171 7015 493 2796 13179 11727 11457 7224 3658 972 110 6379 7588 665 8960 4276 7645 15305
6202 19667 9144 8810 7078 18902 13803 6040 209 17241 7632 19038 19558 16146 16795 10132 15544 7765 11396 10392 1933 248 14850 15186 15511 14049
1632 8656 56 10528 16940 1791 6579 18444 6849 16885 5502 876 3443 16660 19616 14004 14375 12448 10616 11671 14513 16566 18106 727 19078 4727
15449 18927 6014 12074 9651 12311 11177 13659 6374 17420 12562 13875 3734 19716 6957 2927 8674 1830 17926 3565 12771 3127 10458 7160 12912 13088
877 7846 18106 4496 19219 10066 11311 10898 10151 8864 15060 8166 16320 985 8056 13189 5016 5309 13232 13799 2666 13539 15837 12942 5740 3855
10135 3386 18327 4080 1402 16861 1072 7086 15164 17228 16800 4914 1969 6771 9138 7870 486 16914 12862 3928 11415 11534 18323 19584 1085 10263
2510 7555 12369 3941 1238 11347 1105 759 1756 18727 16812 14225 16591 12945 1173 18922 8078 9086 13896 2532 4225 9066 10716 772 15714 14318
9109 12061 15379 5684 13035 1855 5615 11981 10372 11504 16234 9249 6486 2592 8801 16569 6707 2049 18587 6967 13336 2300 13501 17889 6061 17600
894 16135 9648 1563 19659 3743 6649 12957 13414 10295 11452 11673 12632 13863 12298 13387 7038 5135 10444 10054 4811 8341 6088 485 15303 14726
14044 16775 13962 2798 16257 1919 5542 3035 7630 7036 1848 2122 16386 2831 15875 7900 2099 13312 13138 17717 3363 17460 4716 2156 2169 8810
10577 604 10236 5961 936 409 4118 9044 16683 4344 11584 14482 10724 14318 17423 3856 17102 10077 16043 2348 11578 19106 10874 15475 12476 16972
4246 2805 19522 14754 7528 11605 5977 6216 10044 18701 4699 14063 7635 3298 9421 10151 16469 14938 11228 13029 6876 13562 15173 16142 15511 13601
11278 4346 16371 11065 4477 10101 7503 7048 5832 1877 6383 4778 13509 12379 4095 1280 13946 3959 13343 16480 3150 3980 13870 14512 14100 16354
10949 253 17565 17416 1176 1444 6483 3272 14656 11968 11394 431 14949 14603 8468 15859 15145 12052 11785 3354 17579 14814 6088 9218 19316 17231
1903 4329 157 2541 18961 1419 1146 13624 14751 5843 17810 19498 16735 12153 1710 1498 19191 15256 14058 14780 18491 13287 18487 15418 5132 4348
3302 15033 7099 7445 19475 12446 18373 5260 13781 114 5527 5674 19372 1255 7400 16340 5440 19073 14123 10421 10672 15269 6006 12903 16752 9816
2246 8146 2061 18558 18249 7772 14130 628 15023 8751 6034 6646 16849 19046 9802 642 7498 10935 117 7505 8956 11266 2556 9415 485 17527
10889 7066 5641 2658 12544 19779 18641 7037 8330 7442 15278 13712 10431 1971 1607 8534 3430 7025 6247 306 13162 16576 6478 4980 9811 532
6007 7885 3373 5965 3011 13665 2391 3184 6550 11714 7511 13982 16118 526 6210 2545 1663 13995 8514 18740 8858 4518 8645 5792 4507 9227
17173 8826 19135 8824 13713 18184 15270 13 1874 478 3392 674 6879 3410 978 16138 16763 10033 9230 2237 16150 18743 23 12424 3796 17035
18024 6991 5143 10510 12873 8171 578 11075 15371 18049 4385 16489 6439 6811 8803 9886 15615 9037 4859 11159 4401 16073 342 3353 17567 6346
19618 17517 2915 4711 12352 1746 12963 4590 10282 13365 2457 3907 1847 3563 10962 8155 17575 8633 10897 16712 13203 1490 2965 16742 8605 19972
15445 13601 8524 5409 15472 16015 2586 7492 17324 8495 12668 15851 15089 2871 13004 1097 5283 10694 5178 12043 6090 4049 12361 11984 439 3695
1814 9137 64 1274 17809 15508 4111 7059 865 5402 311 9162 9718 18028 1108 7789 2862 19853 146 13689 2233 12833 11908 4415 1598 4957
10499 5783 13873 2706 6387 9756 6323 10161 1570 5769 19835 8380 2818 7282 9908 607 16521 12796 14550 7296 19450 5723 15775 5465 14608 242
780 7387 18193 8138 4126 1758 8379 2584 14913 18479 16550 8209 2403 16850 7841 16662 5240 9448 2166 19170 9334 392 16786 582 19552 14052
15203 16201 3468 14662 2139 4595 16566 14528 1647 7509 6538 7415 7226 4501 15003 4543 16487 10408 10963 6136 5270 5437 7999 8540 2011 10584
14055 4984 17304 12265 3444 6067 7445 11563 1519 18372 8701 10991 15274 16145 5361 17876 617 8754 3983 1499 5122 1895 19813 10102 2165 8892
9745 4796 4923 17808 1912 18346 12530 771 19480 16631 17883 976 19272 578 11204 1135 9114 8007 17380 14194 17459 8129 1366 9810 14959 19956
12137 9754 12041 13362 5411 6530 14166 1105 3979 2600 14773 7449 11964 9883 16909 1586 15358 9018 9056 8016 8120 19444 2428 15439 15626 7268
11988 19522 1983 12558 255 11819 4657 5982 1195 8798 5595 1802 3154 11800 12341 17750 14679 5146 19523 6777 18786 2397 10714 7450 17279 6037
14060 9271 4738 18344 377 19416 2308 18619 9726 11015 11900 3442 453 6370 4943 19416 19392 7133 19536 1555 15158 1828 16686 16231 16719 15983
8224 2034 6954 534 13786 4282 12927 11102 14316 10966 12874 18612 14839 5416 17569 13455 19227 5500 990 7843 11877 2000 9797 7061 8220 1757
15093 142 18537 13560 8795 7633 1459 12501 5826 13620 4361 10559 1973 5422 2695 16222 14134 1693 796 17897 11773 5344 9325 18381 19963 13799
8261 11980 1543 19308 1717 2838 18285 6366 9028 1167 6633 7275 4203 13479 9895 13471 10835 16129 11075 16717 5216 1549 7995 14679 2714 3073
11599 19052 5379 15870 4060 774 11667 12354 13817 11715 16970 11581 3662 8280 19186 16039 18135 17152 17236 16113 5660 6030 3422 18596 12659 18224
1497 11558 14448 3731 7451 4082 2155 2629 18467 6127 5090 3758 18806 17057 14869 3556 18921 5843 14431 4899 10610 8196 14587 4529 1817 13303
17981 14916 4071 7949 5497 12615 15383 10734 8655 2075 18464 436 5089 11722 17817 12854 4776 10857 17194 8593 7215 2197 13482 3836 2317 5249
4666 6473 10243 2794 9077 1577 13174 7379 15906 351 14625 11370 3658 11432 14747 7848 7806 11703 6313 7888 5591 18290 15194 1900 7102 2976
12993 19424 13160 6992 7841 16963 16655 2804 18266 7457 414 19639 12303 5238 14048 11441 16228 3067 8022 1778 18794 2837 553 3168 17552 11946
19931 8563 4513 16643 13389 17543 12238 5833 6896 10563 19274 18723 6241 19541 6650 8578 1322 14914 13400 377 12192 14279 1586 947 15467 10987
8493 11900 2796 3626 15217 15628 18278 14323 4579 4969 11063 3846 4543 18872 18355 247 17366 11767 8102 8772 4029 19952 18920 4021 8750 12435
17372 3533 12389 8582 7502 4070 12032 3098 3338 8564 4452 8434 1224 15406 18343 15811 15774 9560 10334 13444 7443 14092 4896 13110 12634 324
6929 12263 5861 11706 1609 10172 13870 4717 8742 13055 8285 16707 9805 13597 5055 19644 12585 14596 8713 3526 4212 6447 10775 8116 16967 12848
111 15757 5142 4180 6757 1222 1739 2855 3373 4986 13828 16056 7568 8953 5382 10669 16024 5108 18569 4298 17900 11202 19145 16481 11795 17553
2233 853 16627 841 1480 14845 4330 8682 14455 17421 11190 11401 11777 11619 18121 16395 12550 5668 11111 19569 17398 2693 15599 18069 5751 16932
10083 6380 675 2272 2553 1640 3698 3532 7337 12263 18898 415 9995 5489 11893 19648 12242 5871 345 17997 17341 14787 6996 7202 10392 14577
17446 4413 18028 5044 6978 13338 9625 18606 3833 5096 18836 8074 17117 16789 3953 4285 18259 17820 7219 18366 15540 8233 6822 478 6374 16494
2921 8313 3146 7425 19472 3195 3279 10419 12072 9445 19454 3746 14952 14590 8350 8511 16633 13245 19027 8682 9428 7182 7433 8187 18978 14941
616 18564 6010 12342 19949 12855 2908 3137 6294 11528 580 12504 8328 4618 763 4329 13765 5785 16830 3302 3490 13447 3552 7221 12194 14958
1413 1086 989 18317 14948 5366 7171 18638 5630 989 18737 12584 5566 6650 6190 14996 5565 14956 8654 5054 8674 17493 4226 3334 18636 18741
5059 9687 16940 12687 18760 1702 8472 15807 16825 9457 9141 8952 3742 4169 13767 7283 3379 19103 6672 15955 4402 11391 18383 4481 16313 18860
10910 10982 1224 9219 2976 13959 15511 13782 3438 2758 6362 11700 7090 5263 5321 12852 11776 11670 6156 12926 13077 8157 4350 9594 5800 13591
16681 18010 11940 7613 614 7896 18505 12985 16994 14658 8406 9180 19906 7792 16560 5076 14973 18274 34 11537 13630 15463 978 14340 19494 2258
1759 6424 8681 9859 19672 9765 12719 1817 12543 12229 1928 1993 15948 6448 16060 11325 16995 53 12886 15876 4834 6870 4918 2737 14315 881
5258 10998 1576 19657 9201 11921 10803 15225 11899 2645 5776 1801 19055 7549 15415 1084 5613 2438 17164 2814 5481 11625 16731 19174 19405 18095
6811 12948 375 17514 3351 11266 9777 18515 4877 8768 11666 5332 4575 465 15693 18933 13678 9840 19746 2798 4253 8251 8335 9991 4829 19721
18946 16545 10186 18779 18569 19858 12917 12766 16960 16495 18497 2003 1807 19265 14118 7509 14658 2912 4804 8101 12525 14920 4484 8866 11089 256
19124 9203 15065 7154 2338 3571 10874 18825 1964 12801 6676 18397 5851 11854 18284 723 18334 11233 5081 31 5311 12830 7794 12969 9277 8035
1756 9301 15010 13090 2718 15947 8447 17931 5651 803 474 8427 2155 19032 15402 14118 1072 16752 7390 7263 14245 2383 11107 12216 16421 3414
16404 17231 2963 17157 12614 15306 12595 3440 724 8526 1973 18252 17025 18315 4907 7706 2619 1356 19092 14486 18205 15803 18935 1394 908 236
5502 3126 18270 19554 10218 15656 3072 10330 10644 11883 5795 11373 3940 9919 4476 9109 14920 7042 18486 10198 5380 10952 16336 13802 5640 16160
3323 15421 4306 3127 12276 16080 465 4766 6391 11061 19163 19957 239 1700 19835 3530 8358 9648 4556 10979 5762 7368 19197 11515 18202 7265
771 16236 13767 8298 2143 15394 9842 2034 12587 15949 348 6497 8399 7452 3817 7383 11188 10302 16781 13007 1764 8322 16415 3521 9132 10539
4666 1450 1724 12514 4335 6218 1643 16159 17020 17695 17940 7079 6497 5406 10625 10420 3998 7617 5888 8408 13493 15890 18869 15867 18168 14083
4659 12268 14369 1643 17078 12447 14162 8482 17532 10103 7727 18864 16747 11934 16560 14791 3469 2515 18909 19049 14760 15966 9235 2715 13653 5695
19078 1061 8123 5772 4198 16806 11325 11250 35 18580 8486 19868 10617 15528 17442 6006 19160 18316 12485 1974 7035 11430 1300 15296 9146 1682
17649 9276 2947 5311 19752 12321 12355 7188 10396 19527 11134 5523 17250 18718 14765 11991 15812 15177 18763 1674 2934 9108 13143 13454 13814 12662
19658 7395 13458 19522 11400 1011 10250 56 13573 6360 10387 885 586 16289 11825 19855 11764 19544 17285 12438 6749 3663 11421 1992 1430 14916
5307 16356 14905 641 2019 6059 10855 6236 5796 3449 17295 14514 19851 5973 4977 8396 16330 4646 10720 1778 116 17472 2366 14109 191 6523
13073 13362 4133 531 15207 2145 18680 2489 14689 107 18449 14365 4401 1809 15432 11068 15995 12658 10242 11419 15564 14389 10245 14613 17197 9965
15419 18568 1929 840 13701 15582 14285 16317 9552 4900 14890 18246 11691 17482 7663 9725 11764 5302 14150 8695 3848 5440 1452 9447 17499 17757
5990 11093 16924 10325 11718 11549 14039 18541 16486 8260 6195 11254 16730 8274 5564 5311 5839 16928 11430 525 9321 6953 14438 6539 7786 13874
12651 5972 14293 6520 7516 12832 6864 13345 13106 4329 9690 3780 1999 335 7856 13002 718 17175 14703 17624 13227 12569 7990 13099 7511 1480
8079 16228 14096 5205 16140 12117 3760 2894 2453 12695 972 13073 4802 5523 5302 17492 1556 19970 15019 9369 6668 10235 4608 18458 11483 14103
1840 13171 7588 11416 6943 6975 8220 8689 2182 19704 10582 15404 19384 17712 4210 11994 5036 18287 17078 522 18431 2966 7855 8972 11923 1604
4799 3033 7407 8628 17186 7297 1892 14004 18280 6969 2841 8740 14690 7722 15927 5876 3670 10685 15961 10442 13500 6079 11570 17468 82 700
2823 19884 11264 1329 16446 421 8818 16516 8481 2571 16860 3857 1034 7683 19925 4623 2596 16338 15564 11207 13645 10727 10238 13004 16479 18202
17762 14121 17054 4365 1234 5218 312 2464 1852 11573 9538 12050 15539 17245 12137 13175 17289 385 892 11467 653 4105 18799 2448 7797 180
129 4810 979 5718 5671 15626 2030 1273 8293 15230 8628 172 7225 9575 18236 3804 18693 9345 15263 13694 16726 813 18377 13462 1349 2871
18315 7239 1492 13937 19485 11392 15506 19992 17546 18682 18694 2232 13233 14241 2071 12885 13439 14946 6798 11984 11673 19199 820 13545 19879 447
9004 5088 1133 10841 10900 12414 14050 15394 3118 8461 17635 9704 18533 10203 3361 3638 5949 441 15185 19142 569 13061 15160 5650 11985 16424
8699 2302 889 19032 7446 18668 13267 18002 11330 18859 14242 10675 3453 4434 6638 4168 18598 14187 4649 17834 14654 9053 15520 5392 4804 14768
9432 12536 17207 2684 7066 3563 2842 11659 17447 18240 18836 13800 18870 4534 10832 11027 3609 9988 14353 18497 416 5369 8339 5387 11611 3759
8467 2657 19093 8654 12763 1429 4456 1250 8935 13200 14 2657 1397 14528 8496 17381 9224 17226 2102 2714 14978 329 16659 3690 942 19540
628 2446 15081 5667 14987 13548 13804 18379 12451 13088 3102 13392 16905 12241 4027 15631 1244 3348 9 7095 345 2775 835 12339 175 7398
10412 1909 15008 10724 4601 7426 13161 15130 251 6911 10970 1370 14394 19340 11206 18184 5499 5934 14044 17319 18021 18717 12428 2339 17558 3410
12817 14752 17806 913 6125 3817 9143 3898 9464 12204 15760 2715 4867 5947 5317 16443 9960 2003 10785 9241 14121 16901 1269 12220 10195 3138
5255 6616 9002 2952 5985 18294 5855 15858 14149 15589 16010 6155 5193 5115 8002 1366 13451 8759 4476 8289 18266 4638 3574 3813 15005 9125
16625 5094 17162 6056 19491 12975 12950 8194 2346 6664 10334 5311 11495 5646 19886 17934 7268 829 16919 15956 87 15632 19996 7788 2019 5871
4139 11817 4222 3153 17755 3068 19133 17282 13551 16992 3867 380 2958 17634 9173 2494 5824 6935 6949 16598 9464 5621 8973 8369 18102 12903
4012 18890 18687 8676 13481 7038 18674 5496 19922 1404 6072 9040 7499 15064 1414 2362 6245 9134 8501 17687 8549 6639 10635 7962 5690 94
1135 12023 6033 10702 3694 7753 8559 15836 16702 13876 8809 2299 3729 11447 13967 8176 6669 11995 11146 6149 6538 486 13273 17555 11022 19436
10498 3976 16608 16543 6730 9609 7309 955 2032 18676 8405 7565 14081 16486 3375 17746 10076 2283 3409 8338 19671 14201 19373 573 7059 19341
11668 4078 3327 11318 18322 17125 17549 291 660 10082 13350 508 10852 3610 9927 14327 11345 19733 12415 8270 12776 2604 1543 10479 11738 6799
19938 899 10666 18512 9865 14165 13569 4471 15695 10517 17429 13211 3572 16336 1460 4245 4586 13430 18384 8599 13426 8923 14215 649 4798 17246
8646 12033 19045 10802 10728 1161 10987 19662 15963 17674 18742 19893 9110 17379 13831 14247 3493 5861 8352 15832 8260 15056 11180 18661 8459 12121
19865 9438 16120 14296 10746 13963 16780 1812 18837 18833 15163 2009 13395 19442 14693 17791 3451 14439 16156 9734 12776 1643 9224 13356 11083 929
18721 2739 12452 13345 11365 17680 3521 19634 10511 18437 17416 7414 1733 9373 18921 9743 2020 3804 11851 5793 7346 4924 3636 17409 5112 17512
16126 6995 15320 4278 3439 17784 181 7946 1990 19601 17590 18130 15463 9638 7445 14576 16409 1711 18433 13358 12569 8565 11474 7388 15970 7167
3668 19166 8185 6929 5922 1095 820 9819 7165 11622 1627 11670 7471 10369 9359 19023 19443 4087 11260 11065 10070 494 10421 17630 17821 5964
19810 19129 15666 10545 14670 3556 5062 5197 2185 7187 14617 2967 15136 16562 18642 9790 3737 16111 14888 10186 13366 8894 1056 13204 12136 19705
7740 235 8177 19412 13608 7353 3563 3982 6520 11146 8217 19761 18065 11601 1086 6461 17879 19603 11113 1603 4806 1373 2963 16956 938 737
7625 16143 1792 2867 16690 12919 394 10517 14128 7442 2342 19110 6470 199 10938 9248 18462 13603 4622 7105 3543 8955 12089 17452 1521 16296
14246 6352 14345 11667 10907 14886 18939 9156 19704 8792 12062 6193 19298 10435 7823 18773 14139 18825 6738 18904 16943 18783 847 6750 18340 5182
11799 18844 15820 4949 14986 17777 13244 16087 2371 7794 13980 10131 17865 9114 165 18424 18909 13541 6781 19230 16357 7159 7620 9123 2266 3707
6102 18829 4797 7295 12329 19991 12308 17487 2404 7614 3446 17857 2185 12799 11831 4274 15741 16110 3148 19414 10036 14963 18245 824 15506 17355
5214 3289 14588 13770 6328 3218 11865 4460 2455 1629 19752 15207 16445 17713 1499 11673 12433 12399 18729 13410 7017 17761 9489 1800 7788 629
15418 6284 3066 5935 17421 9542 14410 832 9266 18197 7014 17108 5554 11489 15258 16283 7921 1387 5053 8807 5150 15912 8902 319 17269 12311
156 2250 2872 11234 12542 13595 17005 16305 14886 8944 6837 16609 15770 1251 12069 39 16590 16097 19067 407 10073 19041 12016 15179 10916 12458
9556 391 3031 4779 14942 7885 15019 8338 6915 11164 10279 13084 4190 16142 19350 7276 13328 6448 2437 16001 11155 18172 4476 17856 16899 14148
16990 9276 4719 15360 10726 11876 6623 8799 11735 5971 2422 7331 2569 8338 7988 168 19278 10294 3813 6552 422 19694 3193 12047 9691 4610
19936 2613 19372 3755 19432 8845 269 8726 15566 14965 1515 9944 9349 15525 13249 9877 16603 8886 6909 18745 16820 9961 4939 3535 2052 9318
