365
86 5 100 66 15 65 25 50 44 67 37 74 18 76 33 13 33 52 41 34 13 98 41 39 2 72
6607 2319 6637 3731 17774 14929 12732 2415 3227 13580 550 3255 18975 13866 12978 14427 9799 18701 16459 5194 13316 7629 17866 18893 3529 6793
12788 6275 4539 4412 16164 3428 17931 15010 227 14893 15720 19468 3925 17045 15734 16386 16187 12093 14034 17759 6012 93 8024 2999 848 15269
12340 14804 3724 8615 4206 15585 9296 14720 13219 9604 5604 15107 14375 9868 10102 1485 2532 6855 10199 13782 3319 15170 2178 15358 16573 14785
528 5740 14312 9004 2469 2788 4140 5607 14093 9366 15303 3677 6644 15390 2227 14052 5019 287 12605 9495 1288 18662 17880 19295 11684 8290
6901 8659 16683 10401 2016 804 9204 6900 2102 6458 9629 17161 15269 16479 4452 10597 16802 8558 18419 10028 17326 9354 16538 18651 14065 15678
2047 7328 5060 1285 15018 3793 16808 19364 3309 8536 15297 12427 10626 10800 12104 6130 14589 10868 3100 17329 14737 13538 1335 11856 3069 10387
14316 12028 15004 19446 12029 1472 9691 8585 8987 2894 7420 12840 1040 5583 5426 15397 18168 3502 19545 16856 2982 1194 19253 14285 1528 4589
10630 8038 17754 17874 1090 9081 6264 4863 8185 9474 3983 19316 14553 4204 2365 14734 10178 17931 13291 18963 7367 11594 3385 7896 8467 4507
11351 15082 18317 7243 18191 14662 9962 1955 19112 14358 4045 6236 2089 16163 4126 12667 17062 9205 16019 11478 14846 1628 17217 13947 866 18882
7385 10138 18244 7986 3373 13097 13664 4466 17502 7538 5117 14993 6097 19924 15645 2817 9147 13163 14378 19366 2109 18928 65 7930 2750 8895
8138 15934 5366 17056 13005 8611 15230 13869 712 4572 3116 5663 13993 619 8810 19983 16048 19602 10902 8160 10113 5907 2312 17838 9974 852
3981 2374 1596 2885 17502 15017 2066 1154 3069 12484 16114 10170 12205 11031 9215 4864 3918 19955 1823 1428 11889 5894 3810 11009 16017 11534
8259 15295 3501 17685 18859 6840 1124 19528 5609 8897 18835 12658 10329 588 6888 17629 16080 2346 822 15905 7452 19620 5794 6070 5466 12558
5571 17519 2265 6144 8233 3359 5381 15978 17359 16566 13619 6785 17590 2374 19557 17276 14327 11372 19960 6201 10401 17089 4979 19404 6343 404
1361 8614 10074 13947 15343 6117 17575 2158 13274 16396 794 18636 14632 19031 8361 17052 18436 9130 14757 12716 18791 10334 3083 15820 4340 17904
17575 12984 4878 1559 12858 19502 7047 7767 3129 2661 11450 4787 15700 13001 12102 3558 16888 19439 15821 1376 4744 17978 762 15808 5207 10932
15966 14360 4943 8992 4183 9253 10768 10021 17032 15980 12661 9537 13135 12674 643 7446 18049 6617 11922 5453 6209 429 4331 1123 9569 2433
11507 17185 11191 15812 12121 17433 13222 13315 14873 15777 2250 2187 19175 11575 11914 5117 6427 9444 4958 11779 8952 16921 12329 16180 11036 5949
10749 11572 18993 16441 1100 13939 15139 9060 16788 2735 14489 2578 10551 16279 1125 17092 4366 19027 6970 11984 4369 18008 13252 14410 8634 10327
5787 18130 17552 7997 16005 905 5621 15174 19072 6894 10365 9147 10173 211 12157 14199 4217 10393 17047 4477 5769 18400 3767 14486 1091 9020
11609 8327 19089 9778 8985 8514 4579 18144 2361 11949 16572 12010 278 13710 9840 9456 14402 5925 15497 15052 7430 11163 16348 9483 1873 16902
7815 12123 3913 11779 14745 2260 8018 14910 15087 19573 4898 3302 8615 14100 13130 14231 19366 5399 3701 3621 11156 3739 6897 11242 17277 5055
4703 12701 17421 16187 9778 11127 7915 5113 15042 15460 16238 481 17585 3647 4228 13558 13560 17137 1477 17378 3007 16768 2608 18168 6724 10321
17968 17494 10797 19445 11306 5781 14202 7874 6343 5833 13274 17675 14337 5852 15649 14429 2528 14615 15487 15337 19104 7416 14664 3552 867 16015
7987 17228 4944 12077 11778 11747 175 14404 9810 6139 15817 19476 10246 14991 6190 9815 4036 7426 14627 16298 17243 18318 13969 11476 11737 10267
18493 4595 17378 4001 15712 7285 15775 12026 756 5437 18790 6332 2800 12810 12993 13680 173 11749 6017 2842 1752 11874 7187 19349 15911 13069
11932 16564 3360 9737 7098 11122 3032 768 14524 8878 12197 3512 3445 10395 9901 4605 2878 8319 6451 10114 3674 18417 3761 18061 16333 9613
18281 17350 2929 17996 15847 129 16044 674 466 19696 9254 3627 6556 19577 9954 13477 15893 3168 1749 6215 502 6737 17766 19650 4689 10109
9293 14580 12202 18012 9633 11556 8797 6847 2123 12406 15193 14086 4638 2750 6872 19875 13531 6373 14356 15408 3722 11994 10 13506 12594 19004
4695 19435 9871 5773 3856 10733 4932 16402 9295 14918 4266 4110 4329 6405 12847 16133 10923 15495 8463 10176 12076 7668 16836 7269 13023 7647
7402 10932 5746 10603 12205 12086 12806 19196 13343 6293 19239 3572 9727 4394 9737 10479 11021 5560 7591 3093 19827 6888 8162 17652 14245 14208
19223 6769 19440 10597 1046 18435 1347 10620 17629 18886 16710 12258 9743 9326 7128 16350 5489 4364 11516 4 14922 7949 10804 4137 19044 9493
12525 11367 19607 4401 12763 13656 8859 109 8981 17665 19625 8929 17372 18474 3762 2752 2785 6408 1977 17787 17721 14909 17653 11116 13263 6067
7007 11447 4463 5747 8908 13492 19986 3484 11169 16787 2357 8149 2166 551 15843 15819 7156 16022 5794 14673 5858 14549 16762 5133 19248 12414
17586 11625 17602 6859 14313 14684 7186 6078 7129 4416 10073 14659 297 8859 17023 4464 15492 9180 2823 4838 9574 14183 16825 11410 16089 17095
7537 17913 12824 18064 19435 6615 7266 16552 17348 17155 12996 5948 8167 5935 5831 6994 9629 4206 8926 4799 11731 9911 2582 17328 10897 14899
14379 5790 5157 16744 8454 6916 2739 14235 6661 6463 17717 8018 17344 19910 13082 179 399 2827 15935 5808 9382 13029 9835 1386 4341 8445
14062 3571 4847 13562 14136 10772 17291 12261 17687 3872 480 15681 9338 5050 9162 8023 11575 9861 14446 13433 14696 3085 15012 5588 5274 782
17425 7381 17306 8287 7036 13691 3543 449 14804 14980 14491 12386 2208 2298 8743 19025 5200 14926 2108 14759 2325 11085 9888 14567 7959 10989
5175 18994 14889 6658 6188 702 8205 4503 11974 5032 7676 16055 14706 9532 18711 9977 14122 18637 6767 5347 14745 17798 12325 18075 10460 17308
13716 3875 18541 11186 19297 11108 14474 12977 14997 4542 4251 16003 195 13659 2667 16656 1053 16844 8911 342 12203 16655 17923 527 9455 3760
591 8954 11190 15168 15391 12107 4522 9783 14706 14961 10862 7950 10258 10760 4144 15541 3956 11050 16508 9697 7285 534 11981 16778 520 13882
16018 1735 9349 54 13756 15181 11780 5305 4292 13277 19496 18394 7864 8694 10326 19920 4125 1271 18231 19362 67 15856 16307 246 15235 19574
3014 1682 11035 1874 11591 1308 12588 18926 7615 13606 3943 6533 18012 6109 9271 9159 6026 19752 6979 4111 7604 12945 3469 8659 15150 8062
5360 13344 17405 7731 17343 15415 15729 9003 14864 4944 5527 7269 8460 10170 17652 5480 5453 13910 10432 4133 4670 16853 6518 12628 10600 17240
12552 9491 12821 11200 18200 7208 14416 17846 12186 13146 18776 13812 861 14102 3879 17191 2447 3805 4861 12047 4572 17827 2087 14876 10657 3438
424 15410 18359 16495 17240 15167 5307 13627 17202 1862 15845 6900 8975 11668 12055 18814 8501 19134 9461 1557 13757 6369 9671 2893 16775 9250
9278 3511 13704 14952 7589 18523 10175 13627 8404 9837 19957 13344 12703 5876 2045 4015 17894 3 6955 18960 4401 10386 2651 14566 3897 15814
7124 4338 2044 11621 19398 8855 4481 4297 18412 11747 14250 4089 3610 3584 16413 15265 8831 10258 8089 11128 12995 17331 13503 8610 13671 18591
18493 4776 12807 9466 2216 17185 16298 5794 15458 3835 14250 19793 19116 930 12943 14083 16187 7036 16735 2105 11448 18918 16557 17189 5331 11178
1489 16551 15204 8374 5180 4808 7463 3123 18504 19013 15788 909 15629 17957 9373 6005 6584 902 9922 19809 16331 9557 6647 7299 7887 16688
10026 18872 14228 17310 14011 13849 4201 1039 61 18931 18200 8506 14704 4343 7980 18682 5697 3665 13666 7860 5352 14299 505 2672 14189 13974
4376 19228 4567 12363 18042 7991 19328 17195 18041 1527 8582 6701 1472 10159 9107 19152 16502 6918 7135 13657 14721 14185 4341 6883 9374 16188
15609 14042 11866 8159 13972 17541 18800 5351 2849 1573 4221 97 18586 19067 18162 10571 13945 14113 12096 8442 624 14959 4720 10014 14058 19906
18749 7922 6292 971 1905 4889 15757 10177 543 3846 9671 18681 19078 7852 10563 3522 9525 18844 2520 7251 19206 12668 8607 1069 7223 9983
606 12075 19057 9145 9448 1264 6516 15393 14121 3047 18810 499 613 8975 6002 13820 12829 15754 10584 4116 18250 627 8994 14828 872 10849
8651 19418 18765 5691 8620 7308 14710 10097 389 10797 5262 17622 18062 19226 19451 1197 19012 3435 12305 5493 12031 16752 4846 13624 19066 13376
6834 13800 14461 15544 9741 15523 16668 12906 14411 15391 13411 1682 14454 15288 9432 7955 15 8569 18809 2543 13228 18099 1114 5785 5195 1216
11889 7088 8401 11375 14050 1874 9165 12478 10221 14567 9410 12222 12458 12870 1504 4858 17164 13264 6388 878 943 18495 2909 6346 10361 4673
18678 1219 8489 14574 2364 3367 14629 1738 11197 2230 16649 10565 14149 959 12332 1691 10440 10829 14941 14748 2829 2924 15043 14019 4819 4182
3090 9473 15998 2868 15258 5083 16365 14091 19551 15966 16012 12453 2128 6280 7581 19303 8990 4909 19994 19208 7080 16154 2910 4129 5178 15886
5550 9908 5064 5619 1861 16093 15763 17799 3617 10204 2739 18038 11557 7833 8280 4683 2569 10024 13163 4869 15156 17896 3723 6968 5176 16046
6239 14709 15110 8381 1522 6204 3843 9338 4385 15511 12960 14904 17859 254 6537 16474 18990 15251 15032 3930 11412 429 18931 1595 16612 19375
4841 3098 17734 15547 4034 17837 6473 16916 2560 13667 14903 5907 18124 3616 5333 7393 3403 788 2392 2643 17020 2814 1374 4324 18940 9717
13539 6543 4574 4554 8679 14138 11499 8169 18146 1031 7318 17783 17353 5979 5285 3022 4143 6988 4234 15438 2887 12568 11793 18916 8190 9977
18795 13195 16168 5138 15032 1498 19061 19733 16735 4966 18213 5439 12150 13601 9756 1398 6436 3009 13106 16337 19740 5154 17642 19977 18991 16709
1379 15150 13338 8457 18176 13653 5397 5219 15153 4925 2239 7770 3565 6457 5280 5499 14170 3219 8887 967 16706 9857 8751 7524 2628 9745
14435 15814 6067 18419 2979 3344 18238 10886 11652 8530 2200 6113 901 19439 9177 2732 8182 17649 5609 8118 14358 10915 3252 19545 8408 6200
14812 5275 4331 9823 1824 4861 10516 12558 273 3217 6702 9269 14214 13938 15104 15701 2336 13142 14805 18881 8540 18695 10001 5218 8103 8050
19344 18949 16243 1329 9383 2357 401 18814 7449 18368 15559 8722 4740 11047 16504 1844 19946 15869 12092 16644 7415 7167 4772 13920 5685 4559
19822 19108 3471 14779 10676 15151 6738 14135 19857 13003 15146 4921 14166 17458 4198 7726 16476 3907 12818 6115 6291 10580 6724 12103 2453 9075
4914 4685 8360 999 10796 6352 14299 13788 10324 9947 11320 8100 19967 8777 6973 19774 7857 16293 18092 10134 4989 15247 19800 8520 6169 10713
540 3669 5621 18428 16372 14837 5493 11926 9952 3547 14218 8162 1771 3501 75 14327 18909 2205 795 4653 4912 14005 19095 4725 18466 19953
17970 13105 10862 7879 11061 14978 18352 10286 5134 16488 13552 8298 4748 6581 10165 8552 1308 4922 6174 9619 10486 17852 5617 6587 6796 3017
16859 17277 19964 6018 12118 5273 6102 5086 16457 2033 11297 3525 4075 15857 6426 12230 1772 8373 17727 4144 2094 6445 4041 7432 9907 6450
5716 8655 8294 8558 14829 16445 8220 11207 1576 6092 12132 4535 7834 833 11667 13955 16644 3796 7007 8776 11791 260 15281 8939 17822 11433
12097 12023 13585 4706 10669 4330 7805 4269 17618 11140 8340 4230 7144 11047 5178 15447 19036 12164 16357 10540 11475 5013 19586 14214 19475 16697
8631 19953 19566 13114 16221 13179 1944 11660 3902 15378 8607 15890 18263 4790 1027 3336 13847 2740 5850 13875 19679 12226 12675 15179 5803 6728
17161 721 5655 18427 19778 15971 3946 18123 19349 15688 18901 13623 3695 9137 12261 11312 12759 2650 19212 6617 88 10697 15458 5604 4544 8053
5477 5305 10290 10560 14712 9287 5155 2230 10347 12523 6600 9255 14906 6780 3058 18402 16918 13489 15290 7154 3770 18690 9465 11519 19677 2716
3089 8983 6002 5005 414 12959 5788 9386 3486 14209 6629 14242 3689 14899 19746 6841 16798 19272 14347 9327 12349 13006 9869 9232 2512 7406
18169 6894 9197 16341 16172 17820 19579 19566 1393 16384 18872 5967 388 15641 14327 12494 9542 8667 19602 16924 7509 15541 18703 4475 18206 15799
8333 977 4925 16195 7149 1391 1030 13412 46 5449 2082 699 9393 11341 12029 18429 3995 12764 2801 5013 14898 13694 4708 3037 8030 5753
7815 3193 3740 13876 2757 16624 8113 17562 14917 13364 5662 19344 15688 5283 1050 9709 8864 12577 5412 19953 11870 19517 15572 15226 604 2450
18444 4060 18109 13653 10932 11955 14449 3117 13336 10669 8268 3593 5699 14171 8643 2062 16003 15664 4449 13625 16998 16973 9871 7418 6572 6394
4581 16978 10794 459 11857 4998 13722 7023 8893 11691 53 3148 2100 6997 18227 1626 10527 16566 12087 14282 8001 10393 5170 19780 6884 19304
8991 3859 11183 12343 9482 7959 11894 17253 18341 13890 13032 18098 119 10072 3590 19274 4114 3977 271 6591 9808 9813 16032 17188 6960 8134
6542 13264 5326 1772 4470 13981 3464 16943 11939 17702 13227 9296 17457 6234 11528 10713 184 17578 1472 4550 16814 4863 8936 1670 5828 16136
9277 12928 18699 18572 10286 11848 7008 11151 265 16475 4684 3849 14437 12233 7819 4489 7614 7586 1420 1867 8052 5058 9120 19161 13152 19248
14303 1795 17244 9232 3528 10826 12024 2922 15306 6821 6929 18000 17742 13264 11183 9871 4777 10252 9456 6028 7931 3249 6326 11283 6445 11047
6712 9134 16557 14738 10235 6043 5424 8217 16880 11025 10653 13872 8798 2305 7433 11293 3841 13291 12728 5612 10245 3039 17709 12734 15172 8887
7138 3822 2319 19378 7799 5167 18910 6980 10941 14571 11108 8831 12248 8089 11819 7873 9153 6620 3204 9661 6431 4248 18214 12287 2572 7734
18883 6899 18247 12378 16552 19739 495 10614 12345 14701 4294 12557 12160 2079 8964 16254 14351 4392 15201 4809 12414 19284 2868 5503 5307 18478
6491 3836 19052 6246 16217 2628 3383 7815 10706 17617 1054 17130 19540 1882 5447 14472 13028 13136 15224 9212 13033 3328 3584 7993 18934 8688
8257 3770 3712 13864 17561 503 18302 3523 16715 343 13866 811 5504 12691 5983 12975 6804 16195 1631 1134 10915 17835 16627 7354 9643 4583
1188 9429 13715 10898 2893 16049 3473 15546 3138 3814 17190 13617 2940 1282 13625 9185 3908 860 789 5177 4257 3950 7673 14204 17533 5490
19313 8726 10950 5178 5467 8623 14715 7648 6051 15660 383 2826 16011 16692 16159 3886 7258 14351 19108 11450 12790 1607 9405 15073 18866 1971
9071 2729 10833 757 5089 8609 8750 10697 2281 5628 19684 12704 11779 15870 15766 11608 7714 14077 808 14825 8575 1344 19640 2490 15183 6537
18773 1084 373 6661 5007 2583 2102 6281 8651 10725 1967 3385 1235 11454 16127 14153 5409 8690 3428 8161 10267 1447 8573 5403 5461 11997
7779 17798 15778 1672 19105 3071 1146 2644 1230 10131 10392 6074 19182 9319 16664 3192 908 14449 10514 16553 17337 18320 3063 19048 19866 14011
4476 10928 9065 2716 423 8001 1973 14856 15085 269 2772 9256 18919 720 9288 11200 5601 15787 16335 569 8909 11560 13335 10210 12365 10207
18823 3654 15123 250 13825 11683 2577 19930 3680 1232 19591 12062 14940 262 15786 1559 4157 5022 683 12547 13568 1551 3595 18414 3720 3946
18548 19164 7671 7176 6200 5682 10402 14923 8731 917 16052 909 6491 2094 10425 14117 11142 13194 13831 16601 10809 5364 9468 6893 18614 16259
2982 386 13242 570 8989 10889 3052 19850 8519 15530 522 4829 8179 10902 16639 10079 8965 11444 16712 15666 12891 13517 17899 5086 12299 815
14620 13501 18896 4117 5266 545 4396 17997 4004 7418 19252 2407 5238 16882 606 7567 13324 18057 2070 5435 5909 10188 15291 3532 8887 19779
10626 7529 17258 13314 8407 1088 15481 18531 10419 11103 18121 4833 9782 8255 8911 17641 19568 19160 9947 4666 12096 3250 15171 16154 9119 9127
11529 11603 18887 544 11330 17197 17074 7746 1990 14586 19970 18429 8651 17685 5768 12689 11435 1208 16360 17333 4062 10465 7832 3390 5689 1664
56 13024 7267 5273 9495 10126 1438 2246 6842 1586 15033 13926 6195 286 14463 2302 2843 2225 16071 18591 4451 9461 2890 15844 15387 5668
6365 8558 2027 15510 3867 492 11193 1929 6845 17108 18087 10287 15929 12585 19055 15555 997 274 3867 5364 8517 19578 5874 5065 18673 4508
9004 18280 15864 11449 14543 10451 15341 9332 3037 1522 14156 11944 16814 13631 19114 10816 11635 18425 18023 119 11579 9463 15599 14661 884 11836
8915 3679 7558 19449 1567 15146 18555 10175 12010 13368 11678 18845 3809 3173 793 11545 19608 9507 13991 5594 15854 5250 16157 6374 15008 12217
10016 18873 15615 13492 15476 6263 13255 6046 13759 10659 1755 1050 7714 5389 501 768 10753 2781 7643 1917 1489 2453 6626 6865 6692 13716
811 3885 14283 19325 3880 11344 1736 14980 8058 10794 10271 12087 7213 7948 5007 18581 17670 19400 11540 15890 6557 12227 15745 1083 2959 13679
9685 11609 2824 16860 3625 19606 19093 2229 9235 10087 8402 18828 8709 8395 9669 4974 1703 15805 15457 19297 15219 13671 19960 5483 18320 17787
6252 19673 5284 14115 14843 12881 15668 17319 12188 6413 8671 17865 19470 16650 12404 5967 16106 14661 10267 2025 6456 5284 12652 17114 475 10718
7638 3310 9855 11467 4585 16522 11010 14218 4922 10788 14405 14731 12386 6487 6680 13918 5094 7714 543 2681 17307 859 18190 19143 9870 8565
1605 11471 89 2386 3802 13245 9946 3922 16746 4214 19187 13591 11578 8007 8562 14648 8973 10590 4597 19885 10136 7275 8237 15325 17415 14151
11558 2962 15628 19248 19934 18613 13381 2988 10522 1487 740 2039 3817 15552 19206 11116 17559 18125 6762 3513 6047 6888 4608 3067 3645 2426
4827 19507 2412 244 4722 18396 13648 2990 13096 9131 12440 16614 3057 3662 147 14375 9799 8318 5301 1939 7386 4717 16075 6260 10943 1248
3734 13625 14328 19989 19764 17866 2866 13406 16563 10654 9504 3263 3820 14277 7446 2256 2406 1716 6211 8545 8890 619 4107 9500 7886 19902
10640 12866 5450 3799 11741 7009 6542 13551 4342 14283 9432 12437 17445 7716 5508 11931 12685 7169 2582 13938 16996 11445 711 3050 11634 5390
17538 18677 2850 10185 13789 12935 10772 3823 13226 3494 18731 186 18337 16626 2727 4613 9608 1556 16033 1054 782 12638 5653 1915 2897 17139
12808 14673 8736 12146 15797 6989 4609 3484 2866 1391 6045 18719 11834 15001 10298 4534 9795 18611 15547 2304 9392 17484 10072 7906 4239 7417
3346 11445 9026 8964 2523 13102 5769 4010 11715 802 14794 12071 18187 9897 11739 19832 18864 4948 12460 8391 5863 5967 15921 14178 18639 12612
592 3297 9438 10700 5813 14271 5447 3618 19064 386 6593 9845 17029 18485 15212 15714 3730 8710 18854 6465 18165 8679 3496 2731 3947 11413
13616 13203 5309 15598 7592 7650 8480 2981 2826 12993 18554 4101 5740 12744 18612 4429 14782 8065 6981 14464 3940 7239 8056 17986 5030 924
2737 11199 16547 1099 12309 12596 11404 7527 658 12305 14502 3467 700 513 8631 5189 2367 12893 19768 4249 17326 4021 2827 15257 2008 19430
9151 6148 10903 815 1972 16267 5054 17309 17221 3103 4855 17962 4598 5073 10462 12065 7261 5579 7549 14399 12386 15311 16237 5817 1367 9044
6119 10146 19603 4807 15894 3369 1077 6278 15943 11186 5485 13573 5486 11905 6623 10798 12009 7741 7918 11873 15824 16794 6277 4300 10330 6646
2704 3803 5688 14062 12644 15154 3894 16011 614 10109 8148 13055 3875 9667 8994 1351 7706 2510 13317 11024 8960 2071 19860 12035 4206 8470
6041 10756 8514 16720 3660 17771 4262 8875 11234 19751 13998 6577 10920 12670 13160 584 10820 15628 6643 11073 5001 15575 7016 1529 8108 13562
4906 6458 16501 4044 1321 531 1549 5615 11761 11482 7605 16582 10976 6711 11025 3695 10147 7752 6804 3749 1471 4964 5387 11285 18281 8541
3337 904 19528 7668 9406 957 15961 10705 2893 15640 10031 271 4646 9551 9306 13058 893 15205 10727 7094 13285 7687 15279 6928 736 7601
17978 1800 9423 11795 12479 8473 13918 12196 5919 17855 450 9154 8688 3831 2975 2693 17215 9981 3925 16145 820 5524 17300 11332 9247 5313
12942 3042 18480 2805 11278 5032 10521 8004 3593 9888 14267 5609 11429 13417 16407 1305 19645 5905 13899 12792 10340 6317 12945 761 14896 2070
12421 14282 18899 18071 10392 14540 8920 17740 16778 15723 14624 10915 3459 14707 15081 6281 8356 1141 8612 348 8221 1180 19135 13301 3056 3627
2145 16839 9965 7472 1958 9434 9221 3856 15840 18714 82 6227 4257 13642 11077 5512 16338 15470 18232 10258 4801 88 19104 897 4046 12686
9181 18897 5587 5799 15350 10243 15572 11190 7613 18585 929 5409 280 6897 16711 16065 7650 2782 9432 17959 19387 3347 11986 1759 19300 11283
1522 14411 2689 12200 2508 18339 16101 1635 4166 12927 10872 19804 17815 3510 12553 18234 1872 4200 12986 2326 19477 1936 9341 11783 15998 12079
10554 7046 11256 17606 14337 18014 16363 12162 12941 10487 17084 13383 14731 7122 15154 2108 5790 9863 7407 12340 6313 1549 6456 15109 17052 9510
2950 1843 7122 2300 3910 19384 621 6680 2514 16764 17434 1950 16463 14619 10613 12067 10329 15376 5644 3233 11828 5538 11163 2284 18209 2712
12861 19388 8527 6535 6177 7938 14387 19513 5487 7061 8698 2738 10133 14433 326 6372 377 16033 6703 3332 13544 3822 16462 13913 4292 2929
8646 14791 19509 11385 18476 9028 2155 15898 14250 2535 2566 18132 8229 9204 6880 1962 401 16995 9931 13642 16265 6562 18280 2904 18737 9308
6485 14215 10671 1571 11771 846 6623 13220 5382 7500 5344 16647 7523 16295 19386 15462 1053 13039 9297 17951 12682 16028 13495 7020 5583 2
6028 16241 1102 1630 15079 16508 5193 14617 10760 15395 17679 1870 12864 17057 19723 14007 10403 211 16552 6500 2325 1722 7239 7985 5750 8436
6348 3818 109 2669 6728 16828 7458 11906 6171 12960 133 4630 8480 2271 1178 9206 17880 5667 3858 8336 14145 9233 8104 10416 18074 11628
10905 19107 1310 17946 5492 6611 8940 15921 14512 11277 2342 14693 7645 8971 3698 12106 18308 3565 16319 18685 15967 9620 18381 8268 5142 4789
11530 4524 18950 13204 10257 19860 7501 18263 9100 15599 11949 5904 16630 15965 13905 12788 13571 2343 17354 12968 1130 5234 866 13965 8128 10661
9604 13569 9819 5982 11505 19781 16145 4739 16466 864 2079 18960 19715 8123 11020 1126 752 886 14339 2014 2740 4092 13211 14233 17802 15908
4329 19004 415 618 7312 12695 13525 2394 6825 9491 7258 384 358 2131 18877 7103 5161 5855 12783 2078 5877 9028 5263 3383 6958 8762
7469 11857 14838 16860 11227 5391 15151 16188 8408 7376 17169 10211 4790 12911 4435 12457 19798 17592 17425 15247 17528 17915 8808 9839 2195 8169
9014 13783 8530 1497 13755 11165 17713 447 11230 10623 6992 2155 18431 3550 13690 9609 5229 3874 2605 18415 16148 6174 12304 9668 3227 8243
297 15183 10204 16467 7419 1082 18679 548 9708 14806 18687 7911 13304 7592 11857 5874 1684 551 2342 14955 5407 2633 2144 8763 5865 14253
5715 9801 4416 9897 16899 8383 3012 5412 17733 8353 12426 11459 504 11885 2988 9084 7373 6908 18805 3611 7461 12462 7309 12774 13179 5429
4116 19622 19483 14762 5560 2574 7984 10392 1159 3014 14475 6356 8876 17436 9782 7855 7157 8839 11486 11952 1509 17197 7399 5431 16860 15614
19964 7719 15686 8300 7343 3530 3314 15724 15860 8838 5175 495 9226 374 14930 7820 5179 15323 6563 10608 3629 11070 5645 5945 9960 11308
19874 16057 18685 16538 7894 17774 18085 2743 4084 6934 2026 12158 7452 9309 5692 14764 14087 4203 16534 17337 12640 18949 13090 1071 16451 1013
7027 7898 1540 186 19029 5586 19990 10308 4138 7675 2059 5917 9165 13812 12365 18352 622 14630 18380 912 542 6100 11956 4193 15870 5499
12637 19009 10320 9167 10304 2966 2418 3452 2567 7502 15304 11050 12825 2700 7461 12727 12741 15055 7672 3590 7875 11513 18577 13780 7053 13426
9905 5627 9336 5241 11094 2740 9660 12181 19832 2433 18518 15378 2815 18297 14608 8409 4698 9072 18800 11253 1632 3494 12349 12526 16067 4020
13404 17753 5044 3845 17683 3133 10559 14182 18950 5420 15659 19904 228 8768 17395 3705 779 16457 12975 15633 4201 9990 2752 6599 3162 15395
18145 14596 4134 9032 4315 17547 7822 2780 14832 19372 1279 10875 13471 17627 19733 8551 9629 11450 16111 14721 17165 12764 2951 2655 14133 15403
26 9925 1721 17886 12982 3608 8618 4238 7621 2804 19260 606 1624 16548 3823 2973 3781 15245 5310 13407 6583 5591 11297 8997 13340 3787
10520 6114 1208 16379 15430 10390 10194 9110 5594 3196 18058 15401 10247 6151 7875 2917 10766 14754 4246 17811 3305 2313 6291 9851 964 10085
17642 7862 2382 11535 2806 9773 18298 7873 4168 13456 15104 18864 3982 18068 13748 5029 8986 7004 2936 14959 1513 2584 1853 17675 19487 550
4660 8965 9437 15070 19988 9668 17138 11283 16823 13183 19965 17423 9761 19213 8479 12422 9027 7519 7163 12723 19147 15557 16795 13485 10281 7135
7808 3869 7152 6349 7255 17904 16222 5704 17675 18344 16803 7174 8317 1661 12400 3520 9933 13969 9152 18741 13869 8243 146 13605 16197 9436
9141 6143 18684 16382 4238 16802 5548 15909 1026 12620 19688 18242 860 6630 18938 18337 17276 5457 19957 16612 6128 1826 394 12765 7197 2994
17615 19014 8139 8965 9420 9300 1911 12570 19134 12066 8375 8584 16054 18665 17193 18367 6837 18538 272 11801 12957 12930 7571 5142 11705 18087
14304 7292 2976 12424 5531 12107 18933 1038 6313 14877 19190 17759 4220 9753 10689 17045 14705 17452 4094 4065 15583 9875 4275 8501 6143 16685
17680 5255 6679 18965 18701 3257 11172 8298 14523 14163 16365 12821 10964 9396 3645 4705 3821 17506 11385 3297 4403 7649 10416 6251 8290 1399
11287 7593 10264 773 6563 8273 15598 19498 16719 657 6626 3092 11013 14115 11713 18835 13297 11699 12876 5293 9347 5780 3409 13455 15920 1903
13200 19826 9326 55 3934 7415 16152 3565 14859 18403 11810 14730 19639 5564 4443 19677 10195 14456 12703 4489 2760 4164 4838 14518 4209 1390
12626 3168 3550 130 14864 9751 11763 9689 17634 2138 16657 675 1133 13093 11428 18782 9714 2519 15560 2356 12999 6801 2726 6788 9600 3531
14005 3595 16059 14128 4388 14542 10604 9065 6229 3546 17596 10227 3263 5003 5053 1684 16721 13264 16716 4984 11682 11073 17402 579 14312 10749
19426 3230 8059 17355 19877 8937 9704 10966 10088 2220 10580 9869 11287 9953 1458 17625 16738 4330 8540 3546 19073 843 4281 12433 3652 8420
4334 3803 16727 2548 19976 8854 3413 19352 16743 2486 14600 18253 17046 11845 2895 11118 16548 5120 14586 16380 17959 9068 12219 4965 14673 6265
14404 6001 2434 15914 15677 12716 15404 3570 16176 19513 8535 3730 4204 9613 5752 5830 4503 15398 3711 10674 2351 16393 9733 7255 9566 19186
5238 16358 15743 14905 5622 8811 18329 13021 19806 3383 16373 14802 15601 12046 5730 15816 17262 14875 13126 17408 2949 278 8831 9650 11808 1965
19476 2832 6960 6569 1794 11896 6131 12128 17519 17797 12243 17805 9534 19621 18499 15570 9012 15561 14239 15891 10455 12681 11035 869 4081 14843
14933 8905 8163 18843 11110 5769 5261 17664 12970 9988 8380 9045 17877 491 616 12650 1872 8171 1696 718 15264 3885 13325 17290 8234 7619
1999 3417 19369 1522 2066 17426 1219 19934 11145 5511 12161 5829 8433 7791 14128 11853 861 13300 14912 18798 7972 5150 9476 4010 6025 19097
534 10097 1636 1688 16878 3824 10272 10608 12863 2254 19408 7945 9098 19591 8300 8445 11424 14684 7001 4845 1898 11263 1615 2591 14734 12707
396 15378 7934 17849 15721 2722 15600 19906 2238 3168 3015 4884 10533 15150 17783 15835 2780 3935 6799 5882 11077 8116 18016 11386 9377 13400
1384 18189 868 13795 11810 3158 2617 5940 1043 12664 16696 4366 5123 1858 5267 14121 7000 9158 2723 6683 6559 14600 19211 19978 7674 14299
10785 17264 15579 18634 5416 923 19269 5402 13286 14326 3883 4853 18987 9236 17498 15608 7091 7775 8972 9255 4141 13767 19171 6823 16001 16241
1327 13842 14542 5921 6593 18601 5902 1813 5715 2668 3891 9312 11490 12740 15965 13365 7761 13068 2031 16232 16954 11713 7323 15078 15498 7359
2340 2473 3061 19639 17984 1301 9685 8155 8071 16056 3750 6793 13872 8622 17871 9112 18776 2934 13596 3992 12714 11455 11877 7878 13333 2099
2270 3368 11440 16853 4654 7961 4797 5365 5884 9817 13468 9169 3083 9774 5566 7984 17742 4443 6642 4072 17419 10950 6328 8388 19480 5022
13307 8769 8014 3188 7142 11629 16779 11889 309 850 2812 4207 19737 250 7175 16069 2687 2565 17421 15783 3143 10008 5150 18837 5281 15808
1202 1630 16909 10350 15640 7259 9842 12169 7941 14351 6875 17961 14043 4435 3854 5732 1132 6431 4812 22 6795 9484 15432 15787 11793 16994
11145 13446 16714 4936 19964 5605 17038 9300 13557 6405 16931 10851 14383 16718 667 7304 4283 7626 3126 6879 17940 13939 3222 6197 10429 13437
16543 7277 18211 937 11554 3639 7186 8691 8459 10558 15421 11720 4693 10717 849 6328 14225 11835 18652 14568 13159 19757 13017 3899 11502 9413
10570 1640 2919 6918 5238 3876 3906 5341 14099 11943 9629 8022 17980 4635 3495 11945 7800 3888 15918 3379 6471 9861 7943 10277 15796 10505
17488 6714 10059 4947 3156 11426 10785 10651 2759 2398 10920 4391 8208 94 1478 18888 3141 6277 15557 10446 9459 7188 11601 7263 19189 13335
8084 16006 17866 14381 19734 8630 7314 10201 5930 10191 16240 5729 14643 16879 7652 10678 15948 1303 10693 417 1502 19199 8381 15534 10435 15548
19065 10523 17300 4234 1214 2912 7203 6850 1370 6292 8690 11369 2486 6778 12226 13677 1934 2351 18923 6754 16717 14718 2968 284 15634 8113
6836 8296 6798 13325 14685 14832 11484 3499 3007 1871 5334 8986 11426 8454 15757 18541 18010 18688 3207 17677 14652 13117 8274 7660 3689 9808
11457 10744 7106 17049 1010 2447 16378 13738 16101 14641 18451 9258 3090 13246 18635 9214 17117 2790 12031 14098 12915 11054 9836 9255 19172 15392
17439 12532 12719 13157 14777 4110 9719 2879 14965 16974 14165 15305 12264 19048 3907 37 15429 19081 17399 3765 2696 9265 12718 6983 19949 10236
14277 8196 5256 10690 17231 12253 13157 8674 7497 10015 15332 2622 17301 7672 12253 13107 3650 4128 1743 4940 7183 18028 2136 12657 12561 14577
13431 9823 17708 5522 8331 13707 17423 15822 16842 16573 12662 19221 10727 12420 14472 1143 19750 4162 10990 11296 1023 16400 16389 13839 1120 10513
16938 13548 7824 2342 5234 6210 483 14424 11083 11912 4603 2444 5199 10680 6564 17999 6718 17719 13324 9115 14433 14633 9643 16076 16992 14386
14151 15829 3652 18826 7035 19469 12655 18639 17924 16187 17382 1303 19831 19775 18411 6144 12260 2316 12554 15834 7052 3621 17339 4904 7037 15592
583 7130 15795 19710 17413 8243 1935 15696 10352 658 12954 2352 2660 611 2668 12592 19068 1519 5915 4091 8556 4324 11710 19615 1928 7579
10527 15423 7884 13177 9514 597 11589 7011 12415 4661 4358 15643 16420 12059 17032 11130 4949 15029 8753 10982 12307 8869 15057 3653 6653 1636
18600 17275 17098 9391 2536 4852 1554 763 18063 16878 1636 3475 7661 8893 5339 2153 8624 8383 11227 5901 1107 12194 17027 13188 16909 10539
2821 9521 19695 11771 11216 3032 11906 7437 9175 2255 4392 9457 7508 9802 9884 2922 6983 12531 13508 8752 15269 14345 19879 18261 8931 12132
1108 1808 14699 18360 5324 104 11940 18537 15545 13994 14685 15672 11011 18683 5437 12870 4421 9166 7235 10995 12436 12397 6066 14240 11934 7561
1017 15540 15848 15808 12722 903 16494 11179 15558 17144 9046 7196 12555 5561 8940 314 19319 7841 17075 14636 2217 8718 6597 11523 15966 4219
2702 9370 13526 468 8915 5955 1073 16020 6198 2380 4258 15846 2045 15309 5673 2870 10232 8012 5524 7964 11639 16715 17485 11662 18448 13555
19665 16566 2261 8625 250 1316 2691 13121 13766 12197 16431 10860 948 2120 18515 16945 17945 16949 5671 9383 5045 12347 16371 15925 1983 16168
12025 19325 3352 4322 5065 5983 16277 9258 4799 1863 8549 15189 14840 3131 12793 10813 9631 6270 8456 17368 7702 4991 11708 17316 16706 529
14215 17206 18668 14633 17979 8212 4474 16074 19253 3107 7967 18191 6381 64 216 14328 17583 9774 5599 444 9490 13616 10751 18034 8658 13463
19152 7990 19651 15698 4910 6005 11228 2073 2044 6346 7038 1607 17546 4524 10415 18175 18640 11330 12594 16928 13600 11202 558 15202 646 2872
2155 5924 10945 5928 14018 12063 19767 17546 1383 6983 16079 16013 5323 2848 13625 7088 17745 19435 18508 5959 3211 12834 17573 9762 7218 18630
6016 9079 9407 15345 3170 11693 15278 13680 1393 6474 19355 1259 6115 6998 16684 7326 14429 16050 12505 17748 3363 2427 2030 8110 19533 3072
10504 14788 6182 12724 15145 5587 5307 4825 9072 6305 12041 14196 14536 18995 7258 9620 8845 15334 4634 8981 3504 15125 10209 5798 9182 17804
13087 7527 1427 6086 2355 10148 8227 8091 8170 15456 14596 11146 19988 9376 18552 10459 8882 3598 1105 12513 8692 1174 19851 6034 12646 3964
4252 7484 5024 6267 14250 17053 10176 17914 5785 15478 6607 7341 3407 461 8371 16914 914 13291 17216 19000 10347 17190 453 12108 15752 3450
299 16067 13492 13802 2880 537 9312 12082 6990 15863 2277 9645 11258 19884 19282 12534 458 18316 2912 11028 6109 19108 7354 13904 937 13407
1399 12342 2323 7301 9847 2590 8497 4117 9690 7491 15401 17063 15288 347 10065 19810 18361 14418 16740 11832 18894 6698 3334 1521 13915 11079
18915 17224 5301 13397 5848 10172 9886 17196 16343 19849 11058 2762 12304 4511 11466 12132 679 12848 10377 10603 19726 13934 11138 3420 17367 5601
8300 7825 3218 8884 13507 1919 10922 167 14215 11165 12878 2469 5576 18674 3813 19333 7425 11929 8070 19384 7954 13766 3193 4448 15302 5015
17274 9234 4202 1608 18533 6547 5947 17381 18318 14289 8612 4922 10898 16611 9887 860 15660 6487 16313 4176 6488 5886 14950 18574 4400 15163
19399 8525 15758 18747 8798 5745 12541 5369 10515 7351 1854 11675 4964 8773 6884 16997 1123 14105 6022 2422 14997 5690 17084 17205 10950 16036
2999 4801 14947 19470 11443 5283 5196 14329 18112 2482 19857 5770 10274 13329 19907 15637 15830 19155 3970 11804 14058 2490 13044 1395 7043 15848
19971 7702 2531 17092 13625 1188 8567 203 9470 3030 5908 10996 19149 18921 6459 15507 1107 11920 1745 5726 721 15553 982 11235 4524 4312
9099 18174 4477 11211 3721 11421 17959 9870 14095 2165 3209 19287 5662 10432 2551 19327 11591 6611 14060 4205 15121 9100 3326 12797 13685 9951
3422 8714 9946 2341 5348 10568 12294 2120 19683 13648 9864 832 16709 16735 6396 11075 6512 13407 14676 9828 2744 2877 2149 4819 5067 19039
6772 18350 19976 19396 5036 17970 17704 12085 16387 6145 6024 10224 14147 12810 10459 8781 6464 876 7956 2881 9992 14513 11444 18024 9830 10004
7806 13072 12232 14463 11232 8480 12124 17783 17117 2992 16650 887 37 3677 17096 15645 9237 10312 17714 16578 13817 15285 15015 480 14765 17719
18462 3059 13791 13341 865 13332 9625 19633 11751 13113 12362 19949 17188 11796 15554 19302 1004 19303 3254 17384 15737 13428 4776 13491 3352 18225
19720 1623 5882 18651 11009 10698 12357 9684 14769 9590 5967 11948 11039 13273 12537 1850 2207 4464 14349 16378 483 11807 7662 689 7948 10559
15847 9731 15112 804 5189 19028 10827 883 17904 7032 9633 5226 4286 8385 8777 18419 8064 4965 4142 6632 7056 12595 4236 12231 731 18207
12557 2497 4181 8253 6313 17599 4232 19627 19987 12602 8479 18996 3188 14814 5616 2926 2874 10308 8940 6493 2482 16485 14764 5644 7085 10821
12738 15503 4048 15681 17332 4621 15252 9985 17577 2935 10040 5889 8138 275 867 1755 16256 9097 2618 11726 17468 10022 7717 8098 19389 14938
13339 8130 19074 15412 7374 10876 2203 15897 17936 18918 2320 19324 5086 7091 7677 16483 19957 19443 17260 14401 8203 13575 4679 14323 16006 19062
10532 15176 19792 12813 1071 16850 3860 9371 711 10092 8041 11282 3730 17739 5969 2866 13332 3192 18296 3267 16155 16921 9595 12162 18296 15469
16858 15105 18183 18041 11613 6121 15579 15136 413 11189 11176 7053 15887 7727 13343 17351 15177 19411 7542 5119 6504 17240 15056 9250 780 11051
9589 13240 11311 2893 13190 9470 2200 4493 3279 17606 3361 16230 17455 10892 1271 16692 12031 18264 14738 14430 16885 3853 8191 6582 3607 7175
617 489 11643 17660 14262 6883 3726 4550 18234 4989 753 5999 6063 16660 6602 727 9245 15307 9428 7232 10262 12257 8263 12000 19240 12877
17595 9462 11953 9709 5568 8515 771 7488 2726 18329 9182 4874 14688 3184 6618 7316 14251 15787 16698 16834 4563 66 9464 17489 11518 19778
19278 15117 4069 3268 4568 1116 14604 3223 9247 14518 10112 15871 19908 2097 12727 5213 17211 18064 19362 2059 24 11007 2891 4411 10145 10176
19635 13890 5980 6087 470 13205 8444 16061 8013 3916 3014 1296 12153 13383 7049 9206 16997 19457 9106 16877 12542 11227 8528 13466 12476 13921
15855 18749 10632 18490 15573 710 3412 19694 7372 16257 3393 15712 12504 429 8621 13330 6090 1705 6096 16825 9266 16391 14431 14150 19371 14068
6591 7747 6096 10728 4145 14620 15972 16449 3549 12403 3353 10183 18804 18260 5937 10556 18594 19161 19360 5198 11486 17313 7117 9116 14332 1108
4109 2861 15747 18045 7391 1705 2147 8492 13764 19604 13312 17152 8711 11704 1297 13249 12318 4766 8463 5963 2124 17863 17376 16050 13220 6873
17179 14726 9589 3515 2165 11017 1796 19023 4977 7178 13079 11743 11500 9910 6541 16710 2137 3244 1318 13697 16960 6996 6752 13245 795 9865
6615 17495 5340 5148 1693 1544 14732 14774 16466 14056 6212 10946 8972 13664 10836 1353 11001 7337 7064 7589 3181 1248 13165 139 6973 13273
1061 18742 14060 10025 12246 12814 5563 269 5215 1116 15873 9997 344 8952 3412 6434 170 5745 9478 4976 8808 7469 17142 1941 17259 6334
818 19862 11820 13852 1204 4150 13596 3207 18460 4463 246 4438 3042 5971 9313 7490 12292 17810 3335 11537 19766 7809 18843 7306 18215 4590
12592 8536 10296 12541 6411 9988 11521 5472 3741 4120 15218 582 2944 2721 16754 18662 1708 13861 13785 547 2848 13751 915 19532 497 2909
2395 2091 14065 6310 19531 3248 15695 17234 1944 568 1494 10018 15838 769 7351 1464 12642 19747 14023 4488 9641 4747 19679 8866 18637 19010
17955 16223 10019 18856 482 14889 1064 18136 7829 18656 19454 12620 19157 582 7581 14225 5561 13454 11843 4863 575 6949 14362 15007 8185 11514
2433 5409 12305 6950 5028 14710 7482 7794 11259 17650 4998 2284 14664 19512 15702 6860 6740 7879 3847 19831 379 10674 16352 13293 50 13772
13603 2443 783 440 15417 18001 17409 13277 4612 3893 19529 6198 8667 19319 3239 4922 9682 9986 5216 13766 1834 7532 13107 17370 7052 3995
7967 2964 12928 11532 10621 8400 6504 19515 4336 15251 4626 16984 18290 9128 14162 10086 11769 2870 6373 17301 10574 5891 16918 3630 13311 7450
14763 18951 6269 8223 11592 253 9049 19035 17022 9470 18406 5340 16432 2006 10655 17830 3159 9083 1894 13831 19722 14710 6722 6800 15463 10301
6529 3637 8543 12328 4263 198 17430 13383 818 13300 15232 16531 19438 14095 11379 9468 7125 5453 11499 15092 16810 8785 11658 13756 5325 7714
13868 5752 18248 15078 12054 16579 19386 5213 11685 18787 12854 19001 1550 5312 13053 11921 9560 17810 2805 19571 19877 15349 3320 14884 13561 361
10538 4712 18889 3512 14595 7935 12199 16221 1207 10246 15881 207 5406 10321 15609 16498 17611 9662 19651 8743 7565 15006 16100 3906 12669 13862
1495 13659 12584 6016 1683 13511 957 6332 7779 2673 444 9639 9850 3468 16446 8941 11318 1699 12708 4442 679 8250 10463 12548 5530 6234
11282 561 15739 16921 8511 19286 6123 5198 12510 18640 16086 8815 17982 2453 18422 9300 18939 12878 12152 4242 9497 17119 10366 13935 15994 11305
17432 5728 17297 8445 11225 13709 15615 3664 5653 4646 5599 16035 7925 3754 16686 13766 2841 14697 12576 11852 1047 832 4926 19548 18525 5913
9121 2401 18976 1256 9691 13868 12682 10743 10495 18053 6845 11640 12625 12538 15539 6156 13520 13461 4405 11116 144 15170 3242 6431 8470 10577
6431 1973 679 3015 1799 5333 1963 1376 3580 19716 11471 12168 8080 4237 19010 3577 3765 8787 1909 10986 10360 5919 12320 11211 9966 7930
16006 13950 9704 1664 3190 12485 18646 19098 3906 11847 17254 10950 3636 8247 7945 13026 7054 1724 3935 7346 16514 7791 14078 17046 12488 18753
14281 19044 8704 17509 2505 3506 1955 18767 6663 5656 12764 7302 8252 7912 3563 3286 15453 18066 11808 18885 1112 16334 9139 17500 18659 13997
13407 3829 9217 11786 18837 1455 19239 8965 18926 14218 7338 17855 4086 17173 18548 2949 12185 10277 4432 3637 18086 19460 16237 7585 9366 16100
955 15153 11918 3336 6123 140 15038 8249 5359 462 3989 16942 17336 2160 6115 1050 3091 9017 12232 14824 11687 14587 8661 10856 1558 6004
426 9707 15242 1877 17743 17849 5970 18350 2950 17977 14648 17151 14928 8240 4088 9858 17196 76 6813 12453 16740 13357 3259 2054 7365 7920
494 1719 11479 18814 747 14763 12541 3390 12903 19317 3766 10364 8143 18726 1214 19357 16121 15654 11642 18847 588 5590 4680 1658 7970 10664
1454 8536 8377 8004 15642 19059 5831 13872 11045 9041 12283 1230 8706 11993 2234 809 4583 8358 17874 1441 10509 3712 1271 399 8165 3877
13099 10842 9723 1247 13855 1706 15136 16160 19087 2022 6575 1368 13467 9720 10060 14002 16279 15689 2724 11522 6354 16029 3714 2711 19739 13139
8056 3380 2446 5785 9371 3001 9551 16384 764 16940 17527 9022 11485 4491 19969 1275 19779 14279 15984 8572 18912 11942 14674 18783 961 747
16766 3388 19052 3965 8374 3146 105 1586 2172 11393 2480 7148 4251 17365 16766 16336 18613 13503 7504 8424 212 16214 16527 17285 2682 19566
9427 4311 18370 2814 12323 2559 5609 6036 12621 8026 10375 445 17510 4719 19783 11528 203 19764 14535 15008 19196 6975 15450 1398 5716 18568
6659 918 1843 15619 11692 13714 18930 10400 1527 18852 19949 16211 1908 7984 18568 16318 16724 13607 6874 485 5614 13766 4084 14773 15353 14401
16726 11443 1972 11223 8457 13987 18478 16483 689 5069 2837 8712 4829 14968 6321 8938 1833 16736 590 551 2396 1769 12188 2778 12370 6595
3446 19602 7721 2936 3945 14311 3595 15929 48 6794 10958 4266 768 12478 8760 4138 11926 19161 1797 10626 11964 3675 2617 9698 19155 17563
4713 621 15435 13006 12455 10796 17934 18726 6723 2904 2827 4928 9047 19416 16201 6570 19118 15977 3446 16658 2046 9671 8806 1324 13914 4690
16968 159 5146 18942 5342 12106 2056 5303 5319 9652 614 1542 18601 18277 3331 14750 10584 15113 17347 18576 2475 15853 5524 19888 8101 2815
17045 4481 929 14429 19147 15843 3190 6209 7625 722 19868 12006 14425 6342 14732 14308 17307 18875 16586 1380 15352 9054 17570 465 11301 17164
17015 3195 1210 15059 8779 13921 12243 8549 19497 18309 13819 4702 10099 3079 15564 16207 11865 3071 5370 8188 8306 17188 2029 631 3665 12117
4957 8286 12813 14863 503 12581 17288 9585 15973 2601 13138 2230 41 13210 3088 5388 11489 11614 2154 4723 12361 14868 18255 2611 14958 6426
8768 10735 7208 1279 19757 2874 13825 6108 18419 12845 11249 9225 10546 18935 6713 11494 7482 8471 5965 2009 10331 3345 10207 19501 9223 6930
17189 4496 14658 13305 16058 6289 14009 6672 13616 13052 18356 8642 18357 5005 9816 6484 372 11466 10943 10718 19847 139 6609 18817 16790 17273
15537 18869 466 18180 3334 3742 6812 13746 15156 9366 17863 8113 1410 7704 3124 19216 4364 521 17116 4039 12907 16625 3217 9556 13997 8694
11960 8148 10877 14200 12569 4734 15907 17810 10648 8332 12592 11386 13539 13555 18060 2725 8122 14857 16598 17150 14732 12920 203 2041 17882 7296
12660 7151 10924 17779 15555 6785 19696 3380 15062 19821 9702 12341 13835 13219 8017 10443 14960 12585 14463 1584 155 861 3669 2250 10290 17115
17183 288 3327 19293 6017 19656 6179 17267 8987 2783 5551 1282 1315 19086 8641 14196 16556 11187 15871 7945 12759 963 1840 16701 4157 5082
19701 13654 12670 7909 6074 11753 11697 14882 18805 16825 15235 13235 9574 15613 1325 1528 1234 15759 17055 19561 11408 8697 14855 14333 18324 18230
11201 14788 2790 17426 17723 16101 18551 12562 13278 3213 1814 4749 14451 19394 13437 3860 10779 19421 6157 19645 10848 14355 9404 14054 4733 18167
14175 13138 11836 17119 17754 15794 18028 14099 7521 7889 16648 10851 9281 9024 12698 8250 13604 11601 17225 2511 6174 5538 19840 17093 3772 13827
17256 4758 13083 12974 11777 7953 9921 19598 6691 3304 15608 9829 9485 1317 2264 18004 8342 14542 12024 19707 3415 15528 4781 10459 13599 7556
4629 9249 1458 1850 825 14989 3118 5777 16761 15927 4170 6393 19629 14000 5521 13234 374 18684 3351 5645 3508 17006 17433 9341 12243 19321
8614 14851 17837 5608 7046 15589 16027 7088 703 3243 5106 14978 10982 17626 4374 13213 6095 97 11362 5606 9345 15438 2654 16366 15346 1454
1500 19877 758 15222 17924 13919 12471 5970 17495 12640 4474 9416 8043 1662 19206 17125 6218 16508 1289 13743 12416 18689 9870 10087 6656 5698
9308 1828 12682 18098 3241 13190 12728 14341 12805 6480 4359 18254 8640 3530 19446 9701 8348 3744 3330 16458 1512 18682 11407 6581 6878 10023
3898 18763 4711 7234 9577 4204 851 8367 9932 14555 11965 9526 7166 5486 17709 11150 15536 7130 7112 834 16029 1150 1827 18132 19629 17443
18050 18702 4548 9759 16484 12239 16547 17988 18256 14521 12293 6494 19388 8175 572 15047 16611 9278 12444 8388 6466 8069 15098 8016 5017 4116
11715 9801 7116 3011 7064 11095 17407 4540 19445 12967 12997 17160 3146 3680 1018 5244 15394 640 10075 8094 16552 13259 19012 8848 1930 781
19925 401 15624 1575 10683 7581 8797 18136 16156 3373 8210 19632 2127 8211 10831 8633 18642 11066 6365 2465 3201 14961 16469 8506 131 2939
16596 11899 16259 4458 6528 11346 1396 12728 15940 14977 16153 14830 11380 7226 15183 6232 14374 18408 12421 16092 15731 11610 10635 13761 10661 9154
2516 461 3165 8310 15086 11222 16574 16478 3983 12849 6636 1490 6947 16159 4546 1570 15227 9464 991 789 13341 15228 1163 15536 4112 13292
12533 10421 5481 7436 2290 10405 573 4897 703 287 11832 2739 4841 8712 18917 12138 3098 2792 16225 15073 3134 11718 16437 19343 14959 8998
19992 15952 19222 5337 18324 16100 202 15276 8108 6806 5430 19207 13573 10595 5690 2516 18331 12296 1064 274 11024 2117 11292 18780 5415 7588
19305 1450 18302 13143 16470 10087 10728 7833 1130 1322 16913 17902 2367 1060 18821 5587 6208 18772 18825 10092 1225 9321 15780 18234 13594 9340
11615 10445 16969 19177 11603 13891 8997 19645 1308 18733 16242 13751 13801 4261 4276 13166 15746 11146 5127 3790 19789 14368 2271 18203 14052 5819
16666 7053 12403 18728 1290 15607 8473 8733 19062 15216 3842 10249 9657 1557 730 13888 12446 4997 2708 14134 5993 3236 5687 4931 19592 9320
9983 9132 11204 4156 2386 4226 18345 7076 3258 8825 17673 17544 7444 11034 13924 16281 2019 8333 19422 6426 3109 7445 1538 10651 7383 59
2330 7858 6197 16852 9059 16982 18553 5220 12350 6405 12038 19426 8929 11681 9511 18662 4762 8127 15038 8901 10543 13729 2100 16162 13624 329
12614 16170 18553 17914 15585 14636 9578 17332 742 11284 8935 9219 16408 12851 7804 17938 7051 19550 2291 4327 19888 6850 219 6794 19906 14228
19446 12311 17322 11741 1813 6110 17464 3432 19215 2229 1997 871 17171 9668 668 776 12750 6121 5128 6632 3898 19400 4493 15683 1395 9456
3089 10066 17152 12390 18034 2181 13408 7095 4791 1642 13016 3834 8670 10826 19573 17714 914 16613 12480 1248 5683 5159 1991 18654 8465 9796
2116 6984 11861 16176 716 12323 14778 11458 83 15861 9675 14093 7965 6905 6328 6955 8796 2980 18271 15767 11721 10468 312 15309 16183 8071
14332 3270 8961 5307 5001 18167 19858 18092 19234 6149 10391 10943 14955 14576 7749 16305 4231 11732 8002 7108 18049 16010 19653 17859 15922 18644
584 13423 15465 15140 9947 7384 3871 7783 12859 15256 9031 4851 15872 10537 6552 6368 3739 12208 7362 3169 6863 14998 12149 3020 4892 9836
7838 1775 1083 12371 9672 3396 17919 3940 17380 9936 8756 15896 19181 1314 2863 17850 14750 6738 5938 6903 8170 7442 9230 4101 6266 723
8837 11318 17299 7507 2710 10541 4920 4063 5170 5987 759 6443 15597 13372 5386 7813 9690 13775 14642 7744 7220 11653 177 7863 11334 1364
17853 7191 8030 7343 4718 16595 10197 6711 976 9543 10604 9435 6645 15752 10504 3721 18970 9848 16065 574 165 9412 16307 761 3596 1815
11698 14278 7515 8791 17340 3425 15297 547 14937 7540 2823 9401 11962 12000 10827 18991 5555 5793 16367 7135 8708 4669 13935 15584 6752 9214
8058 19433 14353 2769 10786 826 13782 1315 12994 308 13402 601 9392 17556 14384 4719 3810 762 17743 9513 15464 10661 13059 8767 9831 16861
8204 17077 16167 16615 8312 458 18094 13751 1017 1509 137 238 9057 18678 2056 12873 13223 10654 18222 18104 4702 17812 5436 4645 13362 10369
15125 2986 5080 118 13436 12622 8438 6865 10026 13518 249 10149 12299 3151 1202 13009 13711 18825 15488 14362 15746 17202 1061 2331 2527 13683
8488 12108 6811 12422 18014 16050 3617 19985 4513 3969 12349 12178 16674 17073 440 13359 8469 15401 2278 11825 6245 13987 19771 6635 1267 9347
10642 15303 9491 3246 3133 3626 5454 19214 19120 8037 10495 13073 7507 19625 3374 10616 8778 3890 1354 12714 13728 19747 760 18026 4696 12290
7934 3164 8905 3027 19062 16917 1828 8757 18577 7174 19331 17170 428 14538 6160 4220 16423 5941 5391 4243 14793 14377 12872 18384 5574 4462
5220 2183 5904 15959 1481 16521 10188 18807 459 825 15517 5729 3279 11773 5240 16679 13429 13612 223 1216 4317 17701 15974 13727 1493 18480
19750 7443 1966 8308 2412 6125 6064 16010 4482 16802 15484 2654 17217 19737 10530 3335 5596 2189 6418 18913 2166 7427 140 2785 2298 11325
4189 5975 9582 14021 17882 18502 17963 12525 19806 6909 18361 18536 10481 10126 10518 9484 15465 4613 16393 10838 12305 1224 9901 15997 16747 13993
13591 13278 11595 3444 13115 6157 3102 7601 19459 4099 14328 7670 13516 16839 3803 2351 8556 1276 7922 7677 5828 4447 6247 1888 19690 7587
19525 3490 31 12132 11080 15659 8464 136 2726 14732 19443 11728 11994 12848 12971 11382 16858 13277 12454 4251 17173 9144 18599 4701 19109 15475
6500 15414 7452 18158 5046 4722 6989 10341 11996 7453 17017 19184 12506 19774 12644 4469 2229 17045 19200 7641 3867 13270 8195 17179 7428 12132
14229 13305 9819 11883 5574 13365 16263 10692 6024 9098 2415 16502 8158 16667 9701 3997 18749 12335 19874 17488 295 13596 13998 19381 7098 9614
15745 8560 14245 16675 2855 15647 12789 11857 16834 12573 10791 575 6248 14994 7072 154 16817 10377 10139 1042 7932 9137 14215 1309 2999 17164
14743 2081 12650 6332 19978 8457 9686 4073 18524 449 5525 12085 10961 11869 6588 4001 19636 1955 3970 17723 10707 12120 15657 18464 19765 2245
6948 22 16219 4165 9386 5088 6376 18050 8622 1297 19660 6349 19692 19188 5600 5605 905 14761 1691 18157 5371 612 11649 8964 8251 19654
16896 11552 9053 2791 10869 11685 7863 723 7934 17252 6461 4935 2311 6563 9613 4254 15812 8711 17959 12399 2197 11286 10254 598 19656 19422
4786 3204 11266 11279 15326 14159 17913 5039 538 18489 8330 8701 5502 15938 4562 16355 12143 2422 4245 14954 11541 12286 2787 13779 18129 17074
10992 4022 9488 18211 145 10707 15201 13585 2361 5057 11805 15995 14276 8684 17256 3844 12768 17260 12701 9590 5249 8292 17812 17981 2114 13179
3123 13360 12236 19222 6645 16995 5365 7687 9916 16285 11970 12019 7661 15813 5172 19409 7142 14064 10295 11075 15861 17014 16288 12853 14825 10224
8868 17690 11308 1686 4617 493 11428 2767 11080 15419 14777 5555 9385 2526 10731 10043 13047 9065 11011 6878 14749 6841 4406 7195 11921 15615
17334 19483 9428 9470 9478 5243 11101 4851 18467 3737 10110 6872 7160 1130 5557 18380 16749 8523 9221 1207 13144 12666 16882 14397 1442 11761
12208 4552 13288 2360 5850 7424 5602 2421 5401 7956 2419 757 17223 19162 11192 17621 14332 14302 15399 9012 6291 9227 2633 2917 13329 17313
3258 15058 5068 15790 19682 10494 12278 386 10508 12997 6077 16445 1343 9403 16422 2238 5982 1933 5626 11036 9505 10114 4288 13996 14224 3146
6420 11629 19494 18192 5689 9879 10232 788 11593 5439 12228 494 7985 9797 4010 5842 5777 4816 2069 15961 2251 189 5571 12362 13995 3279
13182 11779 13827 1047 17857 4459 3308 8853 4390 8142 1878 4376 17707 19419 7850 7242 9507 12996 18761 16627 2384 6006 10789 17547 3381 10886
10112 3053 17552 1355 16243 3809 16600 6085 3063 6516 1419 8802 5460 13262 19774 9351 4879 14777 13856 15600 3085 16723 14244 2787 9620 3618
12518 3440 4208 4687 17003 509 18358 8007 9877 15455 8387 13906 3358 19515 12768 17146 5712 171 12304 17834 630 7429 16061 19311 3946 5869
7591 9031 17549 744 19974 4261 3270 18118 1305 14231 6637 4918 10370 19665 1808 7275 19769 15190 12479 19847 9846 13761 7131 4203 8731 16078
15169 16096 5904 15080 9477 12624 6678 2673 12912 11678 18930 4204 8234 1461 12589 11286 9510 11877 7538 18822 9042 16442 18944 18437 16378 10283
10730 11211 10344 5136 14378 8026 12482 220 15401 5045 6424 19929 2069 16005 11669 11873 17543 10097 189 436 11027 9195 4289 17811 1860 11372
5585 13694 818 16961 14754 14588 6498 19028 8671 498 928 11097 6912 10192 17986 10078 2973 13593 17585 15792 5836 18614 5834 5364 1405 5201
7187 17808 17869 9236 6167 4931 1809 1772 10608 16204 3664 5499 16000 13221 17386 9783 14818 6029 19488 13233 5960 3039 14263 9424 14466 1610
19352 14809 19452 12839 13139 13197 9398 12959 7207 10834 17448 4676 8833 8308 1946 16500 253 2799 13694 2242 3161 7388 5103 10676 18336 13142
1929 11371 19658 629 1911 2715 11270 4107 17504 19131 2523 11834 13833 14618 7068 12498 2690 4377 4991 16860 14225 19753 6191 4429 6255 8596
16214 15698 3712 10161 15700 3519 13944 3984 10340 1807 16542 14398 1725 4803 11302 6895 1382 13496 813 11518 6186 17294 7091 9965 15905 15774
4577 1119 11423 1682 8766 10776 5410 18797 10268 7435 10289 10080 3498 3148 2635 2643 16632 13450 15401 6874 1778 8758 16940 12504 5712 7294
8616 17683 10795 8757 18795 2070 338 12009 917 5893 17045 2736 5797 10591 17758 2520 12458 5860 14573 19328 14716 9022 12985 12845 8988 7134
5551 11938 1807 9131 8175 9044 9491 7736 13718 1872 10470 13048 15958 15929 6853 12983 18166 9702 1066 4140 9947 17857 1445 4713 9887 10875
1592 15515 5841 3714 8339 8207 5878 6309 8122 17812 2645 7540 7715 9307 8406 11654 3501 11504 14409 11601 9791 3014 19133 1358 14377 4462
17996 17751 17454 4558 15688 13275 7203 8425 5914 2251 17233 6132 9516 15923 1641 12079 8538 16790 11294 6707 3354 5000 3250 10179 19741 14196
5770 4389 9039 14221 11303 12927 3056 13404 11124 11240 11582 15518 6447 3299 19903 2898 14953 16146 9095 14181 10443 13412 15967 2069 14026 13211
