365
91 49 74 23 27 21 24 21 85 87 11 90 96 19 90 36 92 98 1 56 59 92 81 14 3 66
5526 16099 14555 9981 16376 2789 8320 5167 10710 10005 2441 17763 12025 1089 7003 10360 11106 2280 10183 3175 8060 19545 5011 16041 9310 8729
18424 8974 6490 3066 18886 16201 5055 4689 10625 15713 6485 19802 4304 15592 16562 8499 16673 7396 17435 7949 2769 4476 8551 10269 17764 7549
12821 6768 10026 13222 2180 15364 11879 10674 8209 6078 18820 14240 11186 8157 12167 1106 1892 14774 10242 14377 14703 2937 1227 2670 10747 13407
12329 17656 16295 18886 17181 13420 12981 7235 9231 9928 12187 9628 4777 11014 2076 18964 563 8596 17800 503 13738 13114 12876 9540 8765 14767
12518 12169 10439 279 13013 635 15773 15158 2231 5520 7591 4129 17352 19309 6981 14605 4382 5755 1594 3697 2690 1710 7680 777 18244 16016
1624 6003 10903 10120 3402 5991 3637 4613 16517 2579 19567 17124 16267 17095 10030 8343 14862 15090 12401 13459 5065 11182 2650 6261 17397 5026
5951 4312 14447 11165 9245 7608 4431 8165 3270 10064 19935 19815 7780 8862 15126 2058 6155 7013 12338 18475 15581 19217 11168 14914 5099 1517
5684 5530 6215 7419 412 7674 9045 10068 15588 19045 7808 10780 8648 7772 9595 15536 18078 9263 971 7935 11282 19551 18639 9618 7172 11943
7487 16672 12868 10902 2456 2792 11730 14557 14816 11706 14702 15443 18492 13555 7793 1105 3554 5342 17007 1000 9896 17733 2295 19111 11780 6418
19876 7002 11706 4632 3735 17036 6998 16935 8282 12141 5140 9112 17023 14685 9422 5371 9332 18982 4660 12487 528 2495 7913 15846 145 8098
16683 15913 15928 4564 17605 7548 19711 11475 3136 19834 3680 11249 5874 19803 7484 18947 6592 11241 5727 19680 13793 7557 8342 15568 12494 18320
2031 15328 17676 11927 10054 6496 15403 8022 5385 17582 111 9206 4538 18264 2383 16527 17297 17340 8000 14794 10314 18862 6280 5620 0 12111
19746 15577 1430 4181 5256 11232 9131 13835 6154 4085 7579 14224 9720 6588 15644 7463 7156 8788 14228 4972 16501 18493 19754 7606 17086 3800
9028 3656 343 4139 11774 18774 13515 4653 17168 78 11686 6110 13463 17469 9501 4491 8458 2404 6787 3279 14166 9903 4814 19684 10603 3191
7661 13294 7831 5270 16303 3756 1068 3113 9084 13679 14216 17093 15411 3258 9264 11906 19658 19817 14217 12843 12766 5198 4793 9743 3107 15404
285 4630 536 18880 14508 1027 8320 2367 5949 19521 9400 13078 5585 12236 3999 18929 19424 8251 3966 11651 16852 10747 8308 18568 17419 11561
10990 4752 18345 7775 4313 4729 7535 13781 12585 13368 18901 3455 13958 8426 13176 1608 10076 13040 6744 12383 3828 9048 4277 6240 15126 10641
5138 18518 851 7152 5622 19250 10387 2747 5508 3171 18243 18015 19273 7564 7462 6447 11509 16811 18645 14443 7967 14466 7887 15829 9626 19113
6648 17431 13219 29 1715 10627 4500 4182 6177 13112 5385 6857 9297 3630 9950 11509 15463 8243 10474 2667 4318 10807 1939 13447 14930 16854
14129 14887 10297 4587 18284 4684 9710 1533 12674 2327 12871 12578 13919 3418 5243 7746 19667 859 8520 9033 5827 3538 5087 2137 4123 9727
740 6603 2622 15917 19938 2770 7577 13328 5241 8813 13936 9043 12058 4003 3795 1741 4864 12259 9285 5132 15255 15667 4759 3798 12204 8632
1081 10772 5476 8721 10242 15267 5377 19860 15372 13001 3127 9451 339 791 8527 2492 15315 6083 6451 3052 7644 19956 4496 857 5354 19719
673 14677 2916 19334 18629 18770 12174 19203 1124 6236 5013 3680 387 2117 18468 227 735 13133 10312 11923 3639 12127 5173 13670 787 3508
7749 13854 361 1760 8642 10863 19426 10641 17536 4795 2992 5839 14194 6235 6380 6673 9191 12664 9598 1731 12678 7719 13139 18646 14759 11593
19724 12470 17298 16297 13071 4291 11470 8453 15283 18995 5677 8991 5445 5139 12874 19479 3910 16550 9658 10754 2187 17677 14483 11003 4750 14964
3812 19261 12600 2948 10581 2985 15892 14217 14372 4738 11911 2596 13598 10237 17978 9553 12231 2203 9679 19328 17005 17060 5477 1272 13856 13465
1286 2197 6850 8502 10420 11549 18506 19956 6707 5273 1382 8345 3410 10346 17599 9856 15769 5133 1247 19693 11077 243 5580 16649 8478 17750
9826 5692 15488 13131 8770 2815 15379 6491 7792 9802 10665 18941 17927 18957 8255 18233 3110 14271 6341 11806 13071 4136 3009 3604 7649 19390
4007 12831 18526 8595 7613 7839 4889 80 7327 8662 17323 5559 370 4132 13048 13657 11433 19692 13984 4007 10463 14733 18388 14689 8901 2605
10192 2051 16347 3681 8776 7206 9582 12663 9383 16624 19124 11636 9839 19320 1878 9750 15995 567 4158 8798 4787 14074 1333 1536 6103 9642
14477 4720 4702 13034 19281 910 1584 14358 16176 19648 15584 10264 4530 2860 14288 1581 3827 11863 13385 12742 12868 5082 16456 16253 4231 654
3782 3502 16196 11189 8221 8489 4092 6265 3745 9618 6069 675 10382 14062 10477 17585 1552 4832 16252 19199 15008 10064 19593 5514 922 593
12285 18859 16408 8486 9664 8420 19792 14541 9339 2938 16083 18366 9779 15942 5959 13654 12878 13519 3887 16004 6489 17159 1238 2110 10300 19449
8819 16449 13000 16089 8436 17617 11860 16069 7176 6326 19846 8903 8503 16415 13959 7818 15827 14312 12048 6692 3028 4993 14215 15946 5457 1401
18201 13145 8792 9586 11480 12351 16813 676 9234 11061 18015 18253 3620 288 11231 1616 1301 1481 15877 8695 11394 14824 2438 7735 15169 8653
7651 7111 2483 15605 14805 2737 7495 1436 15260 5870 2365 15652 9036 15080 12151 2788 604 6077 9817 12392 6981 16230 11776 19267 17768 3411
6207 6377 517 18175 9942 8012 7252 19606 15209 5178 16022 599 17168 11698 13137 16807 5328 12471 13149 15238 2747 9026 15243 8724 18636 11303
4677 16217 15331 9012 10850 10653 14874 18714 1791 8638 16533 9615 13002 19302 122 16482 18620 17106 8618 3960 13495 13550 14159 2582 3730 8709
9499 3886 2771 4469 14264 913 17173 12020 12155 7321 8433 5551 14974 18637 16497 4709 13580 14642 15761 10092 5662 7168 9207 400 9572 13705
18063 9031 14469 674 6593 18754 19789 383 2590 17223 5537 11364 10781 912 9919 19549 10305 16388 11458 10522 14573 6849 259 8309 18489 7150
17688 16164 8018 3655 13800 15774 4489 13465 8262 11693 8383 14109 6193 1677 8075 12380 3331 164 19805 5755 12541 14526 10973 1784 1686 14347
5591 14598 19021 7359 6268 14272 872 7631 10631 16142 5939 11861 14932 12488 13209 3811 11635 3889 9556 18354 157 7977 8668 6242 12832 8669
17827 9721 9482 1747 17570 1794 3935 8588 5871 15491 7464 1549 7544 12462 15293 17904 5578 14337 2852 13336 10174 2648 9563 16890 12045 9739
16785 14154 11912 4191 12858 7590 19751 9052 16842 1796 11820 5344 2677 8404 16850 15778 16890 19229 7829 12817 14057 2769 19456 842 3504 6073
5481 2795 18764 16651 1989 14341 14424 11678 2834 11265 18759 14840 14147 7596 18297 17563 13606 2980 7509 14748 9662 19863 18253 6368 4034 9828
14096 2918 11694 9257 16506 19312 18765 16984 2674 19321 2747 5215 4447 15958 1016 15910 12392 13793 412 14582 932 12045 8796 13209 4119 3108
9154 19852 7497 10209 6398 4775 18376 4772 12094 18392 15088 13152 4568 12736 6009 7591 18843 9612 19276 1495 10205 2790 16970 4090 19517 273
15430 5276 11378 16690 16377 4360 10186 11968 19446 9205 8953 8222 19825 19776 16586 18761 9381 3733 13729 4285 4138 9488 13761 1332 13062 2280
8762 680 6676 6260 4693 19457 19113 5244 16849 4790 4432 13390 13799 14738 2566 4188 13383 3857 4292 8299 14859 11284 5709 4962 14363 5761
1562 4489 10901 328 2643 14547 6812 18014 18107 18849 16438 11368 2927 1535 13084 14521 5188 11442 18922 13134 17290 17169 19654 12410 6197 10963
19034 8092 14079 9101 14562 9643 1966 4093 15543 7384 16579 10099 17245 11654 14054 13436 10317 16000 375 12411 10903 7199 17914 1907 3401 17173
10655 12402 2910 13715 17053 19211 1969 7562 8200 17168 831 15351 16025 17566 2815 7493 18684 13577 1682 2799 8456 19776 8045 1519 15071 4528
15334 8184 7652 11232 6545 153 18585 5222 13511 14238 8623 8784 3644 4456 5885 11474 5956 6932 1190 353 13959 2900 18650 16440 19304 5724
613 14730 14690 11472 3751 12357 2396 1984 16548 6703 18629 4876 2068 2713 18690 10261 7625 18553 2157 12443 19423 16547 19890 12512 9071 9190
2290 12346 1458 18338 12672 2753 2247 14296 19942 494 2595 3536 18085 19573 18370 15649 5811 16960 18756 11290 8537 8539 8591 13015 14477 2904
14494 7269 798 532 661 8491 14858 18967 17458 16673 66 17180 17209 17952 6407 4804 15912 2886 16182 7722 19728 9494 18643 10928 15385 938
1546 2486 16383 17957 13502 1532 14640 10489 12068 13917 9247 11460 8060 1756 11909 3173 17462 10673 16652 3423 15957 16076 16685 11687 19988 6402
6471 19221 5752 18019 296 7376 6806 19575 12404 8242 2725 4031 15542 18842 39 12777 3352 10858 11809 16040 19391 15744 16223 18016 10002 5038
2044 10751 9453 11607 14054 11669 8893 8211 1757 19891 6380 17750 7612 7605 4523 10064 17957 3774 4443 14983 15828 3744 17728 17638 6312 16178
10223 3440 10665 1643 14040 18847 6778 10698 14634 6915 15630 13112 14677 15234 10859 10547 17836 1695 5615 13617 700 10193 9056 13082 2339 8246
5634 6477 11042 12250 5089 3011 2480 6055 7323 554 11135 5224 14967 5142 1719 12580 15515 14800 16294 16708 10597 11637 18606 15087 18698 6522
17434 19201 4901 12920 2064 16832 18679 10049 3541 12065 16180 1179 13360 9234 13817 4115 19956 9790 14636 18608 4071 3808 12443 18028 19701 9298
464 10144 19763 2007 5332 1767 1827 15088 17297 1419 1146 2399 16962 18140 13881 9494 6814 13117 6436 14576 8679 6872 18406 15092 16141 14005
1690 6476 8386 13648 18526 2131 14262 7581 14561 12167 1000 13909 14144 19114 6747 12684 5381 15250 8155 7435 12885 9365 15028 8140 10346 16156
9650 5836 3398 19224 16952 9468 18828 1094 3166 258 3650 18209 5365 393 5720 19972 9182 723 13316 8943 17253 17270 11920 2289 709 12989
19535 3317 2204 961 10642 14205 9536 3207 18925 14083 10134 17761 18450 4491 7556 16326 15172 14422 10517 9185 2487 15092 10861 17040 14639 13269
4974 8355 9400 13368 17950 1686 13570 4172 3511 4992 13152 12624 16723 12136 11760 13364 15457 14272 11183 11640 3186 17850 12385 11156 7379 19140
6667 5551 17814 16550 11482 776 5005 7150 16209 2746 13852 10414 2069 16901 9082 17985 17688 10336 958 17430 17033 15037 13203 12447 16198 4201
19330 8086 13323 13787 10680 11602 5315 5586 19360 450 657 209 16002 17717 7811 18850 11592 19437 7487 19063 12200 7493 4057 19200 11797 4561
17774 447 6651 5206 11593 18920 10764 2992 1283 12612 13518 19016 975 18345 8387 3127 16109 13249 17498 17686 13008 2003 19122 1173 6295 5507
1096 12313 2709 18431 15858 2583 13123 16810 17582 15164 16653 15429 19011 1448 14247 11619 685 12976 11908 14317 10824 16053 495 13050 13134 16193
17698 8311 18621 15788 17654 19973 848 3736 5115 11662 2091 18691 2413 16093 9294 16078 6248 5945 1923 18138 13238 16141 2274 15777 18090 7619
3111 15375 3020 3380 16390 13358 4167 8453 16534 2874 17422 18914 14547 1568 13345 8009 10899 8242 4506 7330 19143 13724 16965 19522 11871 3496
3752 3509 13802 3352 17174 18502 2611 14345 10903 8329 5015 15003 7735 1615 19081 10960 15077 11189 14158 13109 5731 11286 5632 11631 11235 8037
7548 18201 18147 13384 12043 3279 18221 16355 1227 5443 18928 10113 7230 8260 11194 17496 2015 9877 7441 10247 7471 17745 18335 18300 2776 15900
14308 7367 6416 18765 17389 4520 19146 11830 17299 612 7005 17441 13842 12672 1211 17082 17615 16233 13435 2850 19284 9525 13939 10235 17932 19705
16290 9714 14985 5272 11266 4447 1640 15538 1345 4133 9125 3776 19701 4945 13427 15543 574 17843 18477 14472 9661 5858 17523 14117 10646 8145
15852 11364 6479 10452 16920 13203 19406 11787 8485 15980 2451 1444 2811 2073 15573 2569 9278 17436 4596 8743 6550 13156 13711 10625 9613 5520
17925 9776 9830 13771 15354 10958 4146 19989 9307 17346 15654 4193 15877 13363 1492 9376 15967 4589 17522 19647 15190 8436 1628 4496 13898 18799
16858 5615 4772 2690 15277 18167 7234 7621 19390 16191 7943 16355 2175 16171 15314 905 899 19944 11014 11024 5077 8361 5090 16385 14963 971
1626 16460 18750 10251 4467 3821 5019 7864 17273 18101 478 16538 14413 8411 10585 9440 5611 14698 5730 9650 12529 19341 6891 10211 17260 13418
15053 8219 17732 2802 3855 7764 4185 11047 12266 8566 19207 10613 2867 9090 12082 3233 13366 4715 3358 3775 15253 5618 15984 100 19435 1575
6901 19944 16425 269 19823 7847 6207 15044 8844 19689 982 9742 8915 13023 5462 1987 1071 17992 109 10575 9212 12758 12406 4104 13976 4406
5730 7085 14453 14203 10720 312 6146 12069 12395 15446 933 550 2053 19132 8204 14725 15721 4421 16753 19317 18241 16979 4699 9753 10381 10933
17719 13482 8025 10910 19502 5582 9865 14467 19831 17793 12121 13622 17429 5804 8957 12827 8754 13539 2402 14692 13254 2449 14359 10323 9530 10885
17560 2742 14083 7575 17613 17904 153 2643 13683 13866 17718 903 8048 7842 14976 1323 13434 179 13190 3589 12646 10089 16868 8730 2210 2072
19636 9384 8503 17986 3201 19958 6498 3843 18113 11100 5216 16465 5107 72 7853 12835 5121 7144 17145 15926 8023 11688 16942 1482 11325 10797
3743 12209 17396 17864 278 18289 5008 17549 13962 8193 6457 2629 5863 10082 12248 1816 7624 2415 13171 6162 1864 14030 11456 7585 14577 1741
13251 18083 9042 10988 6655 16023 17482 3680 17695 4528 18705 6949 19023 18545 17576 3433 3936 1411 8960 5936 9859 5892 2229 14060 6335 18291
10738 8292 53 2715 19473 16588 2422 1872 15803 19407 18657 18194 7404 4597 14887 17979 630 16172 12938 12535 13662 14922 19477 16231 3818 13286
7324 11569 5092 19670 8416 7336 12402 14757 15159 1524 16661 2972 4002 8567 8159 1000 4891 2199 4216 14628 961 16915 2777 14012 2091 16430
849 19963 8449 12120 19921 1794 11595 15899 5772 16034 6606 8177 17664 2035 1602 15130 9347 15807 4857 11374 16913 8122 10930 8906 4797 3487
807 19242 11605 19343 13941 16156 15863 18696 19396 8253 6382 2920 15253 466 17855 6756 6090 6458 15633 9099 17253 4971 15417 19001 18916 16779
2528 10590 3839 13175 14040 563 8327 8879 14916 15151 11026 9822 8735 2817 9816 17554 3469 18399 17263 12951 5114 793 19519 3111 16685 4738
6477 12847 4325 15833 8781 9901 17445 12718 9720 15789 9524 6719 2567 7903 11064 13898 15994 878 15779 6185 15771 17745 5303 16997 8045 3365
10847 8700 14406 13364 11792 17888 2705 6868 16077 373 13359 378 3197 4098 19763 6829 15202 18078 3171 8036 2595 2579 4849 10743 19625 11627
15933 15902 7203 9428 15881 4980 273 19897 4759 16156 10655 17683 14306 9420 4525 8219 96 13011 17527 4581 13901 6133 19683 13210 15214 14733
4982 6850 17073 2582 2673 15474 14516 6772 1158 13964 15574 12711 10564 13675 4577 8097 9508 2824 18703 17008 19622 2647 10451 2576 9803 7508
6469 756 15217 14928 10711 18731 3226 4961 7710 18068 16181 17651 2736 1906 15571 18547 8985 14183 17403 16106 11716 12366 7107 8222 5875 588
10048 19942 18650 2802 2913 14843 4778 3217 10209 19114 4462 11506 14802 6627 18801 3133 7378 6857 5973 14738 7959 11560 14954 15105 19272 1331
12973 12017 10924 3205 17553 6173 11440 2713 2530 1370 19380 12050 8911 878 11137 19323 13219 19162 15138 18071 589 9313 2740 13600 19412 16372
8240 12059 5850 5761 15276 17824 7664 17380 5395 13379 9823 6747 6936 6745 608 5803 12230 5699 4843 13615 9722 11706 14551 5394 7613 12880
18284 9423 14176 11408 6715 8627 17627 11568 11755 13423 16308 831 17679 10653 1846 4872 8336 9546 16946 16685 2024 6729 19678 5876 6556 13478
9691 606 11417 12837 240 19884 16026 1592 6085 16783 9177 17147 18434 15155 414 4857 14600 2330 12227 4318 14650 16429 14521 10909 19773 14092
2754 295 15683 13372 8960 16510 9428 4236 12234 12015 14625 7184 13837 3578 5580 3364 625 8104 12680 13380 16653 9234 6392 359 9013 6321
2384 6963 6281 4247 2418 7691 11177 9352 14368 2872 9963 8388 9261 19325 18006 9734 5831 18828 17265 3613 9883 7734 6242 17809 10397 11763
8275 4965 9481 2567 12342 10221 7467 9093 17574 3753 14759 13460 11479 18715 19061 1897 17574 11892 8614 13895 3115 2447 17740 18506 11183 15525
6747 958 9027 11432 3073 13699 7138 6720 18120 4191 18173 4892 4067 19542 13128 12894 18780 252 1166 9799 1365 11974 1670 19340 1300 1262
17114 17536 9238 13870 4809 13779 19214 11074 19134 8865 14986 13654 8656 6200 17275 9669 2870 3197 19983 15283 6509 15539 18437 19567 3547 14412
9935 9759 19102 9594 13821 16070 15584 1582 11850 965 6506 5915 11582 19441 7831 2773 19503 6229 5537 9495 7400 5397 2790 815 10354 18815
3729 17387 10938 19793 14170 10641 622 14082 4937 17993 18388 11497 8171 13676 13823 16833 12095 7553 16451 3067 5457 15502 12603 13493 15654 1895
214 11622 8707 14229 1501 8680 10709 18951 14159 7144 12305 15868 12080 18645 12693 17233 3541 18153 12958 13200 16643 1724 18079 12975 11202 4897
4278 14845 16835 3660 3058 13518 16633 16065 19261 278 9945 4888 11512 16750 15561 2447 18010 986 18173 9103 18750 16808 19826 19025 3294 13726
9664 8969 6069 12332 3021 17846 18968 6076 13808 13821 9332 15535 14813 6457 1869 9768 7088 9919 11975 9713 4105 1551 18543 1527 14631 5971
18356 16707 10727 12278 13406 3181 6048 9537 2106 15788 130 297 15952 16777 17626 5852 14755 18272 6657 14829 5348 9176 9388 10406 6932 10160
10637 653 3018 5293 11361 7081 3569 14768 4512 12585 11761 3041 18626 6928 10296 15554 1879 7565 8579 18101 7668 761 3643 11474 13457 5752
2420 8530 3011 14475 5395 2724 15588 4292 10567 12892 12972 5560 13561 18102 15553 9270 16993 10961 12 11183 435 5209 16850 686 7233 3279
9669 19773 6659 6724 5770 9946 12800 8896 12943 14905 18347 8255 648 1732 19633 17774 8127 18112 4888 1763 88 8130 3114 937 4151 12033
10237 16273 7494 16552 4810 7172 15105 16889 13774 12944 1287 4107 9419 10346 14757 18739 7907 7796 6275 7542 9212 10979 11138 14061 7870 19950
260 3008 1877 18681 16635 16571 8630 15667 18563 16573 18945 9397 16403 6777 15597 8227 19560 12214 13375 19239 13380 3640 9649 10037 13477 9819
10562 18560 15502 13056 12479 8006 17738 18762 5675 17065 10231 10835 16803 6001 8440 9686 5419 5671 9130 10423 17857 3952 12708 1322 18554 15935
8867 14158 16396 5060 13328 3555 13209 14986 16150 16529 19850 550 4425 7566 12005 14174 5247 4169 8747 19245 12 849 9788 97 16343 7577
6822 12404 6428 10005 5162 4320 1740 531 10707 10011 4055 8739 5983 16782 7406 14157 11016 4574 15490 18307 104 17531 9886 14935 8389 3789
7648 7319 9635 8832 9432 13459 9298 15928 14309 1365 11273 2253 4345 12129 12455 859 5997 19881 772 13433 8402 7814 16449 11275 17532 4492
1262 1889 11656 13760 14051 2625 11959 465 11043 6760 9301 1341 15705 4171 197 15610 1221 1660 16042 6226 14132 12231 14806 6167 19078 9875
14769 9103 3259 15729 5922 19096 6617 8961 13517 19784 13626 11684 3412 9229 1462 7950 17018 14814 4048 18551 13400 18902 6638 9185 4653 7420
9752 5590 9380 3627 12931 15091 13887 13969 10415 17207 444 8502 9796 18433 17749 19832 92 8917 10831 17385 2769 6014 4891 15059 4112 7695
9478 2594 18581 7401 19012 14849 5764 8891 5563 14751 19939 13027 14240 12611 210 18680 15831 1538 14593 2133 915 6686 10830 19361 6095 7108
9339 19566 1955 13323 4447 14270 17152 18922 8413 18626 18890 14774 5480 9856 11578 1488 14772 13536 15782 6114 4561 13842 12945 10884 10778 18609
5480 10921 19525 2492 13690 10572 9830 8977 461 6978 9417 16186 14844 19302 7595 16635 5224 5691 15368 5891 3890 3837 2219 15144 2273 5023
9989 16278 3667 18574 8753 17324 15182 449 16799 568 2235 14995 3779 8492 8527 15964 18835 15574 4860 2147 19495 11221 10608 7589 16419 43
19356 7078 960 313 19280 4600 8377 14663 9618 15385 15889 4540 17774 7149 7949 12398 11271 8547 3491 15755 5707 1363 14142 992 2736 14127
4128 13453 12468 3876 7019 5341 18386 221 19272 5066 7957 2597 13791 922 15433 5025 3636 5010 5699 18814 15481 613 2508 14367 6170 11968
15941 12951 169 12968 6322 17260 4465 2769 15617 16482 8277 6801 10950 7868 10786 16722 5757 16456 18797 15128 19101 3845 18025 4713 18821 19460
16375 3298 5824 6304 3598 14107 18129 3857 10398 1827 3501 9391 11416 11967 11081 13137 9772 5475 19011 19481 1258 17632 17817 13612 11785 8570
2572 10276 9477 7487 2721 4597 10094 4427 7361 10634 4233 13607 503 191 19908 3076 335 11083 18700 9918 10716 7339 18598 11108 1131 10365
16397 4170 18574 851 11370 7417 17531 473 4143 1742 7941 14374 4779 14599 3064 16754 12878 5496 15549 18632 16506 6885 9926 5181 1052 17227
15233 6374 19269 1159 8042 19085 17201 8400 2984 12369 1171 1330 19882 19666 19750 19687 11159 13603 5015 18269 4509 17605 11796 18243 17144 11044
17531 17064 16623 18011 15144 8280 4402 4244 1242 16223 6885 8844 18115 18788 17605 11284 7986 14027 19710 2310 3579 4902 5426 5222 5198 14351
5113 16868 8955 17757 8996 9976 19176 6362 12587 16907 10606 15379 8649 14897 12288 6611 9173 4779 11094 8070 19019 9722 15780 6739 15776 7396
4907 5296 14846 4808 18517 13784 3173 16482 8040 16341 17381 12764 15982 19739 19314 3142 16678 4991 10741 2208 19273 12490 10712 9589 18128 11274
11617 14083 1499 426 8203 10637 19257 7671 4724 505 1315 16326 7363 19566 3333 18413 1752 10133 13880 490 16813 14108 8242 3634 5464 11142
9151 12298 15096 6771 10027 6899 15193 16409 19350 16038 18198 14812 487 16284 14271 18799 780 19305 2927 3469 12937 18635 18960 5982 9921 5542
14973 12628 3158 14887 7318 4944 6474 6879 6181 11895 5348 2484 9310 15043 9369 2666 14699 10799 2328 6555 19485 14997 17652 2669 18731 10540
18898 13967 3022 15190 8948 13182 9754 18446 8864 1996 15986 8204 15591 17639 8651 2644 872 17139 15670 14257 7524 18823 11810 9066 1751 17886
15497 18032 5116 1027 930 15441 11720 8092 1882 1129 5951 11321 8140 11407 15392 18719 9361 3869 19477 1812 1965 13618 1677 17877 109 17700
2950 13393 11287 8985 6484 8387 7894 16798 9212 7036 14986 6645 14998 200 7838 15582 16389 6434 19377 1308 6539 6628 16876 2463 16875 15071
12590 13730 1210 16585 15985 11178 13513 1557 4955 9654 11133 4167 2729 17311 7973 16468 358 15820 16961 1738 3115 13750 11172 7463 3704 8128
11866 2091 17481 15557 19299 4435 804 5394 18710 10062 3560 9131 5362 1819 8544 19305 10947 17530 16011 8708 2742 10303 4853 18571 3700 2166
3178 18911 16914 18240 9290 1224 3082 11946 467 5054 14910 14979 14786 3409 10739 12414 18652 19301 8011 10883 11567 8579 9638 13163 3208 15257
2334 19112 6103 16192 7823 18895 18126 6632 4252 12677 1185 3367 2913 7158 3595 3937 5829 3464 1914 19589 19817 7213 8109 3315 18821 2517
11558 2935 7507 11414 18420 13809 13770 7073 2876 15792 7874 17063 3501 8881 17172 18624 6404 14150 10047 1217 2778 6521 2973 12400 2931 13601
15206 15338 9962 16327 11739 13244 4336 3439 2340 8958 19063 7871 4961 283 18152 520 16178 14853 6187 5925 17572 13880 12532 12842 10481 6265
2070 9836 6005 8275 11613 12942 6987 3189 3500 19371 7058 1139 755 429 6453 19133 6899 2230 16270 10571 17811 2537 10083 18916 7003 3170
13510 2182 5407 16622 108 18914 1302 18005 5344 11957 6279 23 2110 1782 16918 6141 6650 1305 6261 8154 13774 14017 5887 11399 556 19979
2459 18226 3785 5241 680 12787 3209 16192 15541 15270 16752 7752 19738 13974 16698 17080 12312 15857 11439 16517 2307 2961 5522 6626 13228 6761
3966 16435 1673 9858 8695 13642 2838 8704 15457 10756 1593 8707 11441 4347 12253 11048 11839 7958 16100 2981 7350 15552 11013 5930 4558 9270
6834 452 11178 19255 15230 4956 5791 1013 4899 10794 16660 17153 9003 9204 18580 983 10303 2897 837 4990 11308 9368 3592 5545 13385 10730
2635 10929 6476 14734 3673 3680 5421 3817 1192 14766 578 14976 11786 9177 15961 16459 1137 14711 13451 6418 12485 16649 18528 6483 4665 17000
18514 1732 5326 17115 5844 4050 9911 8652 15354 13134 825 12834 13374 18287 16748 5082 14246 13627 11930 17529 10685 4844 6081 5419 16600 11149
11884 5833 19818 18318 12955 7257 1614 10847 7694 5533 12251 3360 14300 14830 14602 2824 2660 16489 19464 17272 13776 6556 13572 889 9600 13854
3650 12686 7636 10285 7653 3635 554 7940 14961 15213 4735 17143 19868 19627 13313 14460 11713 16371 19876 3882 7313 6865 1290 16020 10158 5356
2231 6877 19790 2781 2103 8506 8765 5137 14836 6120 698 15974 9029 6997 3669 12043 8794 10402 2984 770 18512 1018 14810 16187 13168 19543
14694 9898 12683 3830 9742 12261 9402 2278 3057 15538 12352 13030 19455 2397 12652 3808 8818 9874 14071 15106 9335 15825 10237 11770 8169 9775
8975 12995 6742 12812 12202 10565 13270 292 13852 17966 17158 3925 1311 19786 13893 6535 17800 9536 10385 16259 8175 12954 11067 18717 13425 15280
10314 16714 12369 15901 10852 11309 810 13436 18271 19672 3405 7237 1049 17801 17748 15268 2533 17772 6397 19156 11075 17398 19593 18920 13169 11146
10781 18451 14094 5514 14237 9819 254 18338 13262 4530 4659 5 7618 14236 14010 16527 15965 13613 1383 15402 10814 5068 18826 15048 19289 4608
5269 17593 10709 5261 14051 8295 1310 13071 15121 18324 8539 10594 11759 11954 6061 18123 18518 13614 3992 10225 5473 8559 10968 505 8051 13073
2681 7320 15874 12811 4284 607 18682 3695 11466 4002 15156 7050 4307 16916 375 12533 17569 7038 12364 19440 17519 14876 15605 6784 6994 11985
10823 8005 5526 5041 2685 1531 5012 320 16374 11075 4217 4346 18477 6476 4796 13611 4861 935 12253 13847 17285 5176 10582 16760 6756 3865
7307 16390 18063 12001 5199 16858 11224 17270 16378 4398 9230 12261 16230 13465 14379 19265 6178 2668 17734 13753 18837 19571 9314 16391 12447 1678
5724 9884 1780 2600 14522 5224 4221 19674 4436 4642 12478 15557 15658 18456 6141 11906 19102 8083 13610 17138 8518 4308 19556 13251 17153 19729
13500 1922 19827 4782 7644 11090 9189 9581 18401 8386 1805 4041 14739 19701 5086 18271 18210 12989 18677 8505 1081 17189 10588 2657 18325 18583
9583 9532 13784 15597 19238 17131 19137 19200 4275 19081 13716 8144 12777 13575 9533 4157 2515 1544 19626 18043 14733 13630 14737 7748 7400 10330
10188 17106 5271 11638 1472 5708 6199 3739 5117 12896 19803 1939 5499 8455 3353 17942 15835 18370 8741 11778 6335 17914 2417 2564 9306 10186
16127 8056 17425 12541 690 3779 8996 370 8049 11665 11980 1569 4181 11726 1669 16738 4006 3956 1173 19193 17638 5390 5026 3195 11574 7292
9780 6544 19667 13462 10645 18968 585 2964 8897 9861 6969 10516 6564 4268 15721 9380 11445 14935 3254 18718 13586 14952 17970 417 9866 14001
3863 8576 17387 3557 18889 731 10683 10049 16189 17825 7866 2468 19019 7666 16237 13227 89 11578 18879 14814 15682 8061 9477 14821 13882 3650
12778 2927 10733 14817 6124 16313 4840 3938 19863 4368 6497 4087 9790 445 9739 6023 8609 17489 16702 7277 10901 18431 19309 16882 14275 2081
15144 14460 4060 10984 8641 1607 14124 10215 18765 5798 1867 9729 3277 2894 1862 14024 2575 5508 6819 19979 10575 10374 19243 8277 2467 16167
15374 11383 10842 1450 16101 5958 4456 1138 2339 13988 8027 11070 16920 13321 18729 11218 16679 16539 10991 992 13242 16596 3071 1726 1151 254
3715 16996 10722 13264 2000 13228 7606 2278 5167 6670 2857 16691 10863 18481 5310 11154 3439 15046 16360 14172 14611 12935 4609 10081 1501 15207
11215 14322 13642 9104 4410 14262 16997 13164 4978 7032 19716 17205 4864 945 2761 19904 8463 7966 8911 16596 10490 19367 11551 9603 4790 1778
10967 3137 5295 18075 12788 18420 12460 14974 16114 11655 14683 10681 16641 16562 2738 19161 19644 4396 11465 5278 50 8704 8075 10939 3707 5290
4555 18754 420 9653 5142 14916 782 2126 13695 6159 16083 18950 11201 19806 11139 13985 11261 11487 9289 8170 7738 10112 18291 19643 2950 19684
15958 18176 18307 15694 3665 4069 2788 5535 17438 3730 19868 12764 6936 2817 11992 2318 15216 5236 11647 2618 4558 9474 12128 10167 14652 15104
4115 163 3001 19455 18350 19462 4192 7041 8261 6570 4718 11252 11349 11693 12848 4469 3224 2976 6324 10523 15949 15089 144 18901 11015 5867
11747 3893 17235 3376 9165 2219 10776 3840 11944 7004 19535 14766 16907 3320 7099 19202 2512 10070 8195 11364 5516 7756 14680 1116 11444 15087
9000 1456 5577 6477 14820 12783 3385 8565 16142 3476 12286 3265 12196 19393 3861 6484 3925 8449 14010 14827 13435 14308 7122 19052 5635 16171
9790 7490 9166 10933 14190 16095 1330 4369 5097 4009 9797 5114 3206 11695 7930 9433 1529 19429 3747 4774 14908 10031 16732 10496 17983 13203
4263 3465 8121 14357 11682 12010 5702 3116 1671 18443 3239 12560 11794 6276 11291 19635 6119 1040 18355 19929 12187 1355 8832 8053 9588 8690
621 9726 18822 9599 1263 4158 6577 7140 4488 7185 7516 8127 16743 12599 19847 7008 4544 10310 6116 11775 3352 11403 9037 14766 14090 13329
11604 1281 17223 11031 10443 2426 5496 8229 18907 4698 2098 11961 12425 4813 7228 8310 11460 17373 11220 6068 13771 18634 14622 8103 15339 196
635 11951 3383 4774 12188 3436 9803 17648 13221 9112 15287 3590 740 4067 12491 14620 5720 6801 13356 3937 16725 17755 10849 160 11376 6216
8629 3049 6088 5103 11817 12833 2757 10030 3506 19573 16083 11096 18210 17914 10452 18827 2606 16749 12356 13044 18919 13220 11252 2073 16275 546
7163 5025 4672 1694 15893 10085 15795 9549 17327 9493 3167 13610 1787 12504 19117 15610 9009 14338 7509 14958 19020 18367 3368 13727 17711 8615
17661 13301 12851 10010 15298 16703 4692 19263 4928 10837 11689 16050 19212 13059 15838 1010 2516 16779 12860 9787 13646 9666 11038 17644 19745 14676
15382 8625 4525 4922 19392 15389 10552 11851 13935 11466 18455 19439 2148 7091 6533 9697 865 2118 5406 7299 16735 2525 7804 2875 18249 9468
6916 16605 17673 1155 3717 9180 9570 15420 14731 555 15793 18179 2331 7123 8878 3453 13227 1529 12285 13888 3171 3049 4024 15833 2014 4950
16251 3151 7224 1674 1336 17744 8842 13993 1816 9029 5030 18592 11702 19362 19825 13891 7641 521 9258 5421 3641 12612 1459 12677 10383 12906
8794 424 19547 4298 19883 16562 17665 13301 10140 12591 5972 3356 4290 1522 12368 11420 1463 1976 19566 1715 5717 10720 11250 15010 14616 319
2244 8072 1826 2241 13478 14980 1485 10194 10656 11997 15432 4533 10751 14383 16742 16467 18717 9308 12650 19934 2224 8650 18395 10289 14751 9667
5975 5895 664 3816 152 19059 656 4781 16363 2316 5040 19351 15484 1668 6475 8464 12637 3962 5118 2732 7512 3527 268 12494 4471 14273
6291 10584 14528 18391 1378 5325 16399 14480 1381 12979 18776 2117 12212 17002 2139 6399 14181 95 3021 894 19839 2367 9237 19982 18460 17835
5349 17761 1128 7370 15740 5427 16673 3002 17126 1669 13522 13 6782 3849 9131 18479 17792 11346 17321 19491 2162 7625 13611 11784 12758 13454
10968 4284 15843 5542 14909 9570 1925 3457 13784 7216 10368 16740 2637 11257 17192 3308 10567 12468 2913 17989 14486 13190 13342 19864 14260 8519
12986 8951 6555 2382 13162 14011 10501 6178 1729 11841 16889 14178 3975 10800 6514 16238 15896 7741 116 11494 2570 18533 15451 12315 11288 2618
16933 13375 1597 6748 9583 7425 14588 15679 7716 9428 13788 14467 5129 689 19858 6582 11895 19279 18101 1144 9986 9607 14302 2070 344 15715
805 18145 16085 11393 16345 18484 11374 11198 3195 14739 18660 14378 17476 18665 15947 11588 650 5690 3215 10818 3363 7589 6803 15081 12814 13283
18107 4682 2203 19883 17962 6719 4751 18711 9997 7471 19121 7583 11787 11505 11844 885 13410 17313 3679 15160 17218 2815 21 61 17303 12324
2695 775 2411 13072 10427 10401 8451 10029 7356 9125 8830 6148 506 3014 18599 10410 16174 19849 1395 9686 2246 6524 13389 13954 12048 17516
11916 13107 12867 6450 4106 6470 3466 13488 2949 18932 14037 7090 11724 14050 13897 18174 10454 19808 4500 396 9181 7481 2784 2269 2869 12646
6231 17382 15775 10418 8389 18691 7807 8391 14801 13875 3630 13000 13658 7169 17945 98 13226 18827 5568 5568 2889 17420 533 15523 14356 17476
6379 7147 6537 14821 8475 4234 18862 19785 2267 3453 18265 14860 15372 13420 16180 8766 7759 18525 6412 12950 14845 13948 468 1760 12968 3355
1611 7638 9696 270 12878 14951 13719 14166 11563 13019 434 7533 16135 4909 8458 9577 19803 18759 11410 17734 12889 19511 7850 2862 8180 9393
12859 3145 9875 2619 6785 16512 12675 15782 20000 6420 5733 12186 5974 9330 10534 15572 11854 16045 10624 14885 19910 17155 16766 17041 13339 2385
2270 14208 1647 5375 990 9762 11460 12530 18884 2052 19928 1511 18196 13213 12838 10505 12464 3541 6266 14619 15423 16643 8066 5647 11876 7109
4949 8236 4416 4768 6512 12267 5680 7500 2434 16814 5883 13547 17839 2328 14815 41 10395 1184 13907 14367 14471 8965 7594 17280 17624 12775
1232 13239 11657 15889 16885 13463 14303 17029 14600 19716 19152 6480 6001 2626 15776 12617 17800 3684 10508 3640 12246 19204 1549 19842 6474 9813
19966 2503 9244 16299 7352 3092 5048 19165 6084 16596 18906 3674 4882 17964 15261 15757 14308 11293 19939 18553 2909 18206 11814 4188 13061 10770
9972 3243 1315 3570 16998 19872 2060 3936 1987 18485 2713 8307 8701 10322 13760 1346 14974 9317 13874 16315 2617 18552 12000 5435 6536 17813
11566 18112 9904 897 4628 17928 5971 6454 5135 9666 2984 7924 15926 11315 7948 8955 19177 9068 2131 4818 17633 1868 15951 3243 2321 11974
3597 9475 7306 13476 12097 16813 3402 11810 13167 6114 11892 10390 4165 8257 5765 16407 17524 17153 13883 8866 17774 4109 9503 10483 14298 16478
10848 15600 13728 8187 10435 17430 16502 3192 10476 10471 13384 12212 7444 13767 118 9833 11353 11412 12694 16874 63 285 9286 6704 3423 5764
14320 3555 3579 13667 11231 4255 2387 8220 15291 9350 14075 17510 18241 16094 17978 4211 4333 4352 6435 779 18979 5011 11945 2421 16740 8076
11840 7888 15555 11011 13460 9262 7136 10273 17175 12071 10925 4862 13126 4690 2467 15515 7183 7971 2284 8957 19880 16334 17548 15686 19754 753
16282 19172 1419 237 8672 5304 13161 6764 15118 15370 6054 8982 14712 5121 19129 16431 4870 2555 16311 281 2687 17237 7070 18647 3053 1805
7205 2893 6815 14532 1966 8553 203 17219 14848 2314 7555 5591 1288 9943 4262 5913 7840 16597 3696 16820 14297 8011 5079 6308 14576 6649
6040 11207 19219 10235 11838 15676 9896 9744 19601 4175 9260 6991 10361 12096 11443 15368 12693 18563 1173 11636 19707 17812 6532 3435 8110 16557
12817 14464 1746 4228 5331 1524 12543 5299 7229 13279 17111 55 19190 3413 19042 18013 18141 14675 3888 4269 14684 12773 11189 6649 4616 17787
13622 7898 6453 3155 10310 17790 7466 5103 17515 16656 19525 1080 10868 10334 7223 17338 15385 12157 16419 7752 18944 3929 19904 1065 18370 16871
1025 3856 8213 16629 12955 19077 15242 9145 14141 10492 10610 5390 11492 4222 12544 10682 12084 6513 16719 911 12925 3660 11807 6270 14545 7103
8620 14317 2881 17213 10692 16009 10161 13038 6205 16146 12855 3345 13857 10048 3353 10968 16343 15948 12277 4695 4321 15399 12883 14487 18432 15866
12057 14347 1584 13252 14872 10932 12677 495 1845 19107 3127 8253 16840 849 4998 6069 18184 6985 8856 10697 10758 19810 8301 18144 12108 18569
6624 12930 10866 5199 4137 11959 13580 1757 17718 12344 895 10851 19386 7343 5167 7552 11633 1306 5057 8751 16014 2223 1115 4476 7857 18077
12169 11134 8798 5270 10048 3989 60 7646 1896 7614 16680 12510 3677 9754 9399 15336 8871 5149 18127 7920 13327 18160 8487 18011 5464 7461
4125 14960 3541 18545 7842 10674 4534 1877 1247 13706 15331 3573 17846 4608 14290 1892 18535 17084 1752 5447 4779 9981 13913 11711 18735 9242
9462 9897 19300 2352 9577 2943 6160 16731 2448 4228 12033 17295 10885 19198 11209 18277 18397 597 10868 13332 13793 6566 19718 11260 12517 19720
911 8049 3268 4084 18168 2319 1876 1556 12650 9877 1149 1340 11526 4903 8226 13475 1666 438 943 18879 15258 19320 11411 16167 14381 5094
6762 7373 6535 17690 17620 10350 16094 9062 9386 1047 4001 14345 12289 5484 18441 17391 8709 6921 18083 16718 7305 4917 14730 8099 18652 11659
5758 8964 12487 15392 5465 10447 13988 7251 1076 8963 14260 112 14850 16413 11958 2884 69 2546 18939 13185 12411 5624 8128 4424 738 7628
1265 8900 4428 4484 6889 19429 19913 2106 11167 12925 15610 19248 11115 559 2001 4826 7107 17464 14859 1531 6349 17964 14639 9308 3665 6433
5992 9075 11150 3250 10856 11362 15891 11321 7352 11541 6329 5597 5016 17347 3376 15540 15333 17356 10488 19786 19364 14495 1914 10676 2373 340
17026 4114 3716 12641 9042 5685 8 4812 13481 15278 16211 13356 19138 1960 3632 15851 12837 1130 5819 6042 1709 19826 2380 17460 7859 18209
8066 3715 2878 19316 3287 9675 10217 7615 6155 3376 4903 1148 13296 16873 14796 386 8993 7682 6474 17756 11174 3974 16919 982 19492 984
8617 17928 19589 917 13025 337 10927 92 14589 8066 14780 12687 7404 16772 9237 19121 7709 19938 14704 19051 2338 4377 17683 11032 10209 19319
5725 12228 18890 17272 3141 223 14724 18771 119 17973 13898 7661 4234 17399 10849 15394 13344 16002 10156 5258 8487 6537 13830 10629 12095 6334
3565 15661 6413 7260 7257 2114 8674 6722 12962 5417 19536 17583 1501 8245 1002 15234 8771 10840 9375 14761 16305 13902 3466 983 15238 8422
975 14628 18144 16994 1909 8765 2898 7809 9378 10805 3155 12585 478 17448 14102 17954 4349 3282 971 13179 17925 18817 1168 1738 3685 17372
9361 17138 14954 16402 10190 18531 9219 4998 3986 14617 16842 16086 7842 554 117 3192 18174 816 4567 7790 4743 4202 4460 18304 18705 17090
9032 4334 19404 3598 9338 18746 12582 14665 7597 8913 1943 13052 3904 2453 4413 1072 9590 9819 16178 866 6559 4616 8309 890 15078 10739
15901 17930 2815 2372 7229 10315 7632 13165 6923 3529 7114 5459 78 11132 18337 19563 19061 14430 9764 15678 10055 14808 12872 11967 7684 11372
14132 12739 14734 5897 1966 11116 12957 1976 19506 5523 1055 13001 3887 616 11880 16832 3540 15951 16488 1610 2542 10885 18772 7875 12692 2666
1476 15010 1934 7105 11694 3435 11080 12266 19730 451 8256 10956 10143 4562 4274 9740 13215 5384 11481 3260 11803 615 18235 6643 8566 6309
11194 13153 4305 6739 12273 12667 15986 5054 5361 18971 18286 1578 6157 16758 419 2999 18270 13125 16589 2304 8779 813 16109 9906 7066 10314
9727 2080 1082 9685 159 3323 15919 12963 10592 5859 14151 2903 11081 19505 9539 2335 19081 16225 2460 8551 8253 11888 1805 344 14981 5241
13603 4193 7987 14884 17585 15541 10741 11678 6310 6777 18029 8176 15342 12149 13697 5079 9457 3785 2499 15942 1625 4443 13466 6622 15520 13496
16423 9365 18974 4425 12559 10007 1336 12404 12295 15350 2995 4517 13569 19481 17647 74 6843 14220 15531 15311 16301 16303 16996 10790 19859 2359
256 5270 12632 10704 6351 4303 1021 9029 15968 499 1630 6216 2533 12897 17873 18629 2709 17760 4354 4806 2887 9334 13518 15533 17852 1075
10092 14925 13774 15252 16516 1495 1281 4543 2596 10764 18786 8483 2801 6238 18517 16763 9382 5176 4917 3898 17271 11268 15619 14690 6088 7150
16469 10290 6652 18028 1199 11891 12427 18231 13121 16584 14560 4917 19645 1269 5809 2757 10190 2317 220 7015 6610 14376 5807 3467 17856 7773
11737 18092 18235 10364 13407 7602 18086 1621 3800 12397 5468 14946 15618 14573 4757 8468 6028 1123 9565 2171 6084 6020 15660 11311 5145 7811
14638 1114 733 19777 13604 16373 15917 15296 16876 2293 17937 19168 15959 1105 10023 13066 3053 3811 4634 4329 3375 11978 7858 11102 6898 2896
14848 17665 18626 8231 13756 14247 18095 15233 9852 1987 3538 12560 1333 4450 1560 8244 11401 2182 6293 10129 13447 10351 16733 8240 3841 6431
14443 19083 11442 14879 7861 9805 16916 8380 11847 12929 8959 335 14990 4284 16529 1559 13989 13048 13094 9472 12920 1461 10495 1002 4771 6639
10268 18028 2385 5443 11970 17249 1199 19336 11392 19070 12288 3881 9457 16961 1238 4782 1474 10722 6471 4585 2121 7712 16274 11898 681 15352
10544 16900 14164 1756 1481 12952 19270 5251 10183 14412 8105 5809 17876 13866 4734 7415 18287 11836 16240 9241 14480 10224 9672 6775 1169 8087
8583 4478 1184 3308 5435 16027 12386 2944 19323 9576 17472 1018 13451 9719 3511 11876 7016 15618 14998 18308 11948 2825 6358 11757 7137 10477
279 14407 1389 11422 5922 4088 16520 10612 8215 12526 11850 19156 3115 4550 3217 11093 2632 19834 11765 8557 10364 9554 16717 8431 2811 318
6080 4193 19330 2394 17000 16068 1447 16297 7470 17466 9440 14869 3314 3534 18631 14898 15137 12459 5369 5443 4845 2451 12402 10305 12625 14951
308 8322 3667 3357 945 10480 6300 16498 4516 9489 231 14405 3297 12295 18233 11092 7386 698 8119 3573 3837 19458 10886 9045 13110 19645
1079 4578 17718 6630 14263 5179 13495 9125 19706 9537 13171 7879 6193 5177 3456 12580 11906 16133 9525 11855 13432 9493 9754 18158 10807 671
19525 17763 11800 9890 10940 16928 1503 19879 5788 7867 10406 12959 585 15014 284 5349 14184 18438 15445 19652 14026 13578 6194 16183 2167 9446
11340 5332 10438 15948 2120 4206 10012 19581 12723 5441 2484 5384 1031 3893 5561 18891 3394 4873 9261 13591 19842 7181 12935 14276 8505 838
18257 17664 12362 16350 6288 5987 18283 14640 11985 7055 4764 7363 2935 16742 14992 1127 6136 18896 14821 7087 17204 6948 18923 17695 17645 18198
15098 68 5830 4580 13300 7198 19223 11080 15150 4231 9043 17641 6107 8889 7810 11763 6081 8754 3827 9097 19451 1300 3372 14838 6718 14130
1460 4187 16046 18217 10334 3360 12200 17016 9969 12317 17651 12996 11433 5109 14722 8343 8922 18551 12659 3619 4112 21 16751 19214 1353 15991
18955 16476 14850 12677 10384 11889 14405 8533 6807 1693 13563 1134 2002 1836 4852 3436 12329 4764 19153 13444 8872 10336 10336 7579 1182 11657
17008 15531 10415 4134 3707 4199 1287 149 11677 15617 10807 19738 5858 10149 9198 18842 2512 8878 9773 13964 16730 3527 5520 9563 11222 10714
1707 15507 5134 1127 12266 7157 1357 297 4493 4070 9498 7762 8237 3733 646 7891 12034 9172 11326 7874 15887 7925 11653 9261 2739 18817
2685 17545 8296 14383 18829 10297 298 5654 5034 13509 12813 11168 14022 10336 386 305 5729 12116 4758 10085 337 2148 19853 16467 7067 7801
3313 18301 8406 598 17057 8488 15468 15041 16322 13896 10671 11080 8462 7687 6059 18600 39 4646 16388 12251 16929 10137 610 19108 1291 16563
2618 18854 13676 14106 4338 4037 19677 3278 6151 2362 19491 2442 5144 13140 14196 16276 13949 18320 3428 7472 19297 3664 13398 15586 17178 18069
11478 11061 15922 10223 14545 17551 19856 10691 46 14185 15569 11093 17502 6119 6714 12910 347 7663 991 8858 15582 2415 13856 19445 16454 16204
7787 16998 13858 8659 5461 15864 11164 10063 2727 6281 4104 2905 14298 4100 8515 13150 4323 1792 10423 10466 5384 6358 14971 14726 2027 10720
9550 18647 1548 17728 7581 10486 18543 16010 19822 3255 7798 16885 857 13820 19004 17640 13604 17780 18979 15331 4810 9300 11087 1023 17194 18832
5187 407 16991 13908 8225 12063 10020 18255 19584 6662 11352 15638 298 10360 450 7529 19249 8357 13644 1414 16755 5998 8614 17009 13261 14352
17301 17667 12881 18826 10110 3388 7679 548 7552 2170 2904 3701 17016 16907 2127 18831 14009 4439 9760 16851 18606 12317 12833 17496 13755 12160
4862 12743 14631 7786 681 19729 14886 5982 8598 3160 7252 8291 5488 11350 15896 18130 1571 14983 6114 15505 7451 14541 9966 8618 10758 248
17219 15618 6475 5649 9204 37 1652 18050 71 3162 265 8275 18793 15432 7562 12005 12812 14273 19131 5002 6418 16071 19690 7534 11663 8982
15109 865 15901 19045 4631 5996 15339 18556 11407 730 6682 12349 9566 4617 6351 9706 16351 16959 2641 12758 8480 5017 13067 12400 18571 5482
981 1309 9105 9995 6470 6900 15446 10318 2254 1383 8070 16196 11179 13864 9788 6015 13685 8434 14184 16945 7203 17112 2917 15214 15317 4132
382 16065 7926 15225 7608 4991 1198 10959 4747 19409 12021 3858 6793 17086 8431 19620 17756 7142 19527 2024 11158 6805 7479 10384 9543 5411
19445 2500 1222 7167 7759 18643 15296 1101 4457 911 17040 7942 19630 1401 8437 11804 5700 3876 2593 6935 4818 4132 16879 4093 9525 12748
18794 14581 18769 2910 18047 6600 1815 3597 11562 13405 4255 2809 18047 17905 3365 14880 10669 3015 3257 2891 7069 18277 1574 1247 778 15695
10119 11086 502 3815 5773 16107 2261 10540 666 5755 1058 19707 14888 13694 3248 3598 13600 19607 10916 11883 10833 14201 19805 9838 16955 4768
17291 9512 1214 12312 3807 5257 2935 18341 4579 8863 4570 14064 15664 19147 10209 11829 6487 6819 12299 9613 937 8027 18525 2369 4016 19130
7032 7013 1033 3666 5385 695 3281 18628 18392 19335 19379 4559 19033 6770 953 204 5055 12530 7313 4170 7153 9280 11100 18848 6637 7957
18309 10180 9930 17014 8282 11047 2533 9591 9814 11216 9264 10035 14376 14749 8717 3647 8880 11572 15420 1156 6303 12452 15107 7596 11409 12745
2301 849 4627 19245 3384 2334 16357 814 16885 846 11398 11334 2958 7896 18534 17076 639 11657 7278 1296 5266 5000 10907 8225 7595 3476
17232 5376 19911 12579 5519 2733 11102 12377 4182 6582 3436 1811 11321 18396 16574 6682 8405 17626 16442 14083 1040 161 2982 15256 11104 1788
15177 14772 9834 2528 9077 5461 2227 9237 14353 1726 8524 15796 5138 6149 4424 13577 17975 1088 9203 3709 13091 11248 19064 15 3522 8120
7037 14252 16214 5365 19332 3043 10785 13192 19543 7470 13329 1033 15799 8994 8081 14537 1556 11367 16937 3304 17602 2866 13495 12007 11147 16174
14843 7497 2105 9701 8086 10177 4080 10994 7536 16468 18339 8447 8322 16472 1103 2767 5975 11779 18964 2219 6496 901 1286 6494 11953 16432
19581 14957 6755 18941 12360 8785 139 7997 19769 3124 8073 4982 8871 6795 13049 1497 3850 8779 18822 5135 1775 5286 9389 17850 6311 4706
9683 983 59 10981 1412 6939 8681 17378 10168 14086 16747 1566 8393 11936 6921 12210 8185 126 8303 4290 5232 493 5363 16087 96 11313
4828 9539 5036 17954 19884 16740 14240 9430 7132 9336 13552 16677 18691 7549 18196 14862 1078 8796 7671 10030 9037 2897 17111 12136 5249 6359
14783 5958 15461 13943 12844 17911 14587 8781 9725 1808 18444 1360 19007 15869 889 7093 3970 7338 16763 2637 17778 9914 15596 3447 6544 13536
19968 12275 12369 15693 7040 13012 10018 19926 1573 3222 3023 13204 7733 14738 5306 4374 785 11646 16102 10248 7505 16293 6847 1321 3905 13376
2607 8503 4125 2508 1819 4424 13508 3515 8193 15638 7764 4590 12416 14416 2913 495 3457 13892 11750 6779 19583 4072 2759 4929 8457 14892
18878 5610 2635 9434 12573 9840 16187 6361 1300 19065 18787 2929 2155 13292 8480 12597 11956 6543 16851 2173 19367 19703 6701 4567 16842 11665
16769 618 1760 479 13132 18683 17085 857 1600 9437 16618 3172 5169 4695 13281 18131 1299 14159 1824 1829 4287 16873 14437 12178 4811 4370
10637 11559 18702 4495 13854 14198 18590 3316 83 2992 2645 4436 4853 18469 11906 3125 1671 9608 8518 18907 19903 663 13643 12200 19985 4480
2536 4229 8725 3399 10019 7423 90 16665 722 19308 6950 14775 17380 5043 8842 5003 12723 4048 17489 4707 14305 12541 7587 10989 12330 5287
10493 11260 13643 13267 5336 15753 10578 6898 11484 11213 11000 15197 5405 7426 18792 5556 11119 14033 13371 6706 2783 3901 302 16979 13441 1019
562 6948 9815 227 5690 10275 16081 17956 4580 2111 1175 6511 1776 16411 9848 13256 9193 11289 18427 19617 16197 2434 11058 13646 3117 18343
8573 18805 4505 2284 13761 4174 2642 8478 2132 12060 18120 5725 3042 19927 9357 5081 19176 9441 6317 17694 2704 17617 10238 19916 7831 19754
15322 16164 12343 9616 9035 19179 6685 11826 4057 4181 3137 2715 18038 16778 10640 16552 8538 15593 10517 11694 8145 5645 1935 13622 9321 4339
14086 1960 7794 13333 5520 8032 1096 19247 8302 16355 9999 9342 1395 13625 14266 16754 715 2391 15594 16011 19435 2048 19189 15051 7241 14289
2836 5822 4361 8559 13038 11683 14403 8358 18556 17526 277 3776 14706 52 18415 8637 8244 14480 7679 12328 1195 1332 16079 5495 10714 19781
4767 4262 3885 17947 15576 18376 10112 15019 6594 8034 17889 15815 18613 18094 19827 2147 16098 15323 8848 11289 16349 10754 3776 3685 4866 16671
17914 18530 8567 236 4951 9202 9517 14569 4858 9946 13438 13625 13028 5088 720 18055 3339 7838 18601 13497 1664 3012 13159 677 19984 9619
9864 6795 2393 19850 19164 3035 5387 6457 5285 10313 5061 10326 17654 16919 452 2456 13934 16934 14885 12181 4353 4942 13036 4703 11116 17579
14927 7299 13938 16422 8171 4299 12367 2765 5222 13588 15489 5204 1034 12 12201 16647 16184 9140 7121 7177 7055 2901 6365 12963 16334 14105
16875 2910 5478 7228 11031 15555 8198 2153 15295 4997 9254 11153 15807 7118 18091 13316 5384 4014 19919 18943 15983 14672 19028 18829 4835 17439
6214 8527 2777 16901 1572 13099 7030 17580 15970 6048 9227 19151 12857 11925 1324 3089 15660 13614 12332 6918 3891 12548 5238 14588 17910 11892
9828 16588 1940 7114 12194 1860 8335 14737 13739 2178 1889 12084 16953 17625 2336 2128 13966 6610 8950 934 11929 4003 17565 848 3393 14738
3804 8943 18594 14300 693 11193 4971 15652 13641 10953 9100 1437 4574 5015 16090 19475 19006 13266 16978 19027 2639 14714 5712 4856 13029 11238
2445 13365 5505 9162 17367 16086 14425 3189 3795 5737 4261 9800 15970 16704 5460 5370 6473 18902 18006 10030 11631 5188 19665 12592 42 15622
9717 14062 2811 3334 16462 9384 16451 4549 609 14682 14315 11408 2897 9507 4061 11587 9945 2142 7671 13342 8224 816 2771 8866 17209 19214
2244 7515 1986 8668 5468 16464 2625 13952 4687 14975 7322 4361 11508 8111 18379 9582 9022 8430 7041 9375 19993 16817 1945 11908 8445 3837
11253 15278 10340 16347 16043 5886 377 7915 4147 1924 2197 13460 7835 9387 11841 19194 8502 17933 4551 17478 9006 4818 985 5959 5439 17761
6035 11168 18550 10224 2373 12474 18846 14406 14642 9773 6177 13489 9261 18111 3092 7506 8939 14443 14372 5068 16721 504 6446 7603 6582 12100
3992 5693 8724 7915 19893 12396 1722 3217 4168 19672 14811 18744 8977 7598 547 8731 14889 1432 7551 10673 8816 18609 11951 14834 18632 12320
5625 5860 11058 10476 7266 18956 2475 1597 17990 10578 1167 6100 7893 1660 10866 12157 15363 18054 17212 3660 13375 1262 5605 10382 3444 13686
14634 5275 19607 17359 8590 7027 16718 9986 16381 5894 3379 5113 19235 2728 2115 5775 10242 13810 18802 5077 19479 852 6961 2896 15360 3934
10818 16085 726 13535 6783 18013 12721 9313 18086 16140 9971 855 11945 4039 8475 17929 18761 8122 10859 18045 5297 6865 4985 17044 5367 17457
12204 15571 4962 11504 16173 13734 15969 11094 7737 10863 4312 33 12256 9667 1855 16500 7903 13395 12476 1258 18440 4570 6894 3435 5139 7135
18006 5449 2915 18555 6643 12370 19795 4778 15363 13678 6843 7725 2406 360 1219 9188 2075 10267 9669 2773 12472 13761 15728 19584 4064 19835
1540 19528 11557 6042 9897 15260 2182 1005 1614 1199 13234 2085 8221 17140 4339 16826 1395 18534 3495 2743 2076 3650 1078 6704 13781 3132
11582 5427 1280 18384 10085 6247 15161 623 102 15038 8101 16907 2982 6650 9485 4185 15168 1170 6749 10041 1013 2424 19183 425 4277 7495
6706 14366 16144 2869 3470 11412 5050 2529 631 11539 10762 5573 8606 15080 8603 3465 14632 228 10769 657 19333 1525 5191 8966 861 17369
3858 8391 8085 4866 19774 14279 12664 12521 4247 4858 4195 11676 19099 19895 16900 19241 1401 17552 9591 3736 18287 12505 16984 13780 588 13864
15714 694 2583 5165 4544 11286 17117 8926 6405 1044 2038 9315 2066 16987 11707 3191 6122 3753 942 16154 7803 4644 2428 11236 15082 18389
16558 9157 933 9870 13776 19676 10447 11787 14453 7168 1850 11548 1449 13023 3189 2438 6536 4142 3714 17641 11034 244 11757 2324 4871 15294
5160 1799 734 6733 17433 5942 7507 11604 17709 8007 210 11969 15185 13445 4207 10993 15347 17062 12568 14967 1482 9883 18583 2565 8059 11558
16827 10239 4843 2188 8713 14834 4117 8104 13162 8369 4267 18220 15815 11137 11229 5008 12967 18826 16009 1435 18701 15894 8964 10439 5991 8488
7848 18459 18303 11692 1761 8466 13898 17388 18646 2613 15398 15083 18370 18551 4684 15727 13499 4590 7760 18490 3210 10885 4078 7186 3508 11175
18580 10310 10736 7 15985 13398 8260 5348 17276 12434 1642 845 15111 15975 11196 12088 8002 3395 2202 14545 12018 2116 9825 1806 1496 6324
13983 11490 19769 6074 11505 14634 16838 19355 13677 16758 10341 18512 18906 886 16035 4009 6548 2272 11822 9146 13770 14699 8147 3892 10997 11915
5275 15831 4079 11054 7434 12802 4072 17775 5566 4080 14069 744 10222 13338 968 19028 9295 6995 8365 1175 6038 6869 10677 4316 13793 13248
8475 10190 2451 13041 5948 13359 11672 18634 7705 12613 5052 16512 9603 9328 19802 18841 15269 12355 15247 11013 15069 7885 15500 17893 19930 9676
1828 6425 13354 14199 4126 13163 16692 18546 11081 4741 9547 4751 12104 16026 13069 4099 17757 19675 15917 14429 6971 3176 11295 19708 600 13879
8474 15648 8365 7502 5095 5819 17380 1756 15891 12310 16102 767 19121 4026 14159 18701 4992 8433 11151 8060 17768 7900 11332 1249 3823 11691
9990 14216 7565 19513 6260 1461 8623 6221 13217 2822 15466 1394 2658 6496 8481 446 6806 5466 5610 5706 15483 16101 12437 10254 15917 2864
4391 331 16254 2843 18429 74 16496 5843 3008 1777 5797 15392 13212 16330 14420 1742 6061 16773 5855 14347 14816 9045 18069 10294 17981 2663
16146 10553 5918 3115 12515 7631 4115 4441 1175 12130 3318 6962 1093 10154 11216 18926 10009 16155 1101 19456 2312 14551 6642 2107 19780 11825
4712 997 14246 1734 6630 17942 12846 7255 19416 2314 12765 12975 4493 19522 9187 19982 8117 7980 8495 2765 18037 4361 17602 19551 17218 5659
12114 2728 12658 14268 15385 13198 18471 1003 18866 10083 18452 1962 13315 11685 2483 10923 4159 17111 9404 17779 1522 16693 1474 15128 392 6238
3288 8890 5922 4880 17129 1900 8360 1706 4339 14767 13446 6254 13755 248 10633 1129 12752 17340 19075 12457 9256 7545 17748 1038 3167 16434
7584 19886 14997 5573 9297 16194 9949 10746 15774 10104 5710 13561 5922 12862 4213 6305 14770 316 18789 10867 9732 8884 5917 11736 10390 13587
1971 17628 10460 19601 12909 7350 5346 7936 12318 16287 1762 8479 4727 19769 10685 17122 17981 8133 16549 16126 15719 8839 12667 14406 804 6620
10051 1637 11326 16280 3499 736 12341 16166 1001 18780 6005 42 3435 6668 13369 10183 15090 16722 15796 5841 374 15877 5118 14339 86 7262
11894 10046 15110 13733 16182 3588 14436 17456 7895 14437 16038 12557 11855 7353 15526 11409 633 7882 6521 18951 6719 6058 1003 19458 12824 6051
15927 14792 19914 2579 13627 18487 1758 16494 16803 1928 11489 4630 13986 17159 1046 18100 16958 787 3890 9330 16588 5885 3719 4022 18529 1433
