365
95 25 84 26 55 76 69 7 16 99 97 61 5 93 87 79 64 21 81 54 31 95 52 91 25 100
943 7283 4725 4240 7094 19577 15832 12736 11936 7983 19141 1008 995 9616 17809 17586 4074 16695 1436 251 15215 19665 18386 10276 10459 13875
14156 6577 1841 8209 6467 12593 14026 19894 16984 5111 1930 3257 2454 4123 17856 17978 1466 1540 13328 7144 12123 19535 2968 17815 10708 3413
13344 1475 13778 14987 19055 2452 1327 11543 3154 7853 2678 4383 9059 11400 19825 14295 11391 17079 15390 19760 12781 1058 1444 4978 18598 267
17129 3654 15614 1090 19071 5997 1116 627 14077 1595 9574 14027 5370 2097 9559 5534 3225 2186 19946 1082 672 13870 17878 745 9066 16075
10539 17921 12949 949 3297 3632 6779 14406 7794 10031 7679 4767 19522 16389 12643 13167 10364 2670 16879 2163 5059 1446 776 4713 13011 7941
10598 2204 6567 9212 10611 14266 15411 7155 16365 7847 220 17200 3285 3395 761 6981 6942 3263 4677 18196 4401 1238 17740 5413 5376 17159
1812 1741 12718 15878 17596 3802 13666 6746 11216 5497 7558 1942 17944 510 9964 8566 13668 6398 17162 14340 19131 16141 10625 8389 9020 9568
19016 15494 1609 8577 13255 1863 1772 19748 10080 6096 19620 9718 7614 7202 18620 8254 16521 13733 19870 921 19923 10491 6871 15334 9720 3102
436 16889 3261 35 1977 19530 19199 2365 4412 12416 2744 11595 3876 15851 12969 16227 6228 13681 8252 19579 8560 3296 16123 2253 12091 15303
7265 8731 4660 3577 9859 18065 7214 18530 11514 4465 16299 1592 19293 15310 3520 14646 15808 9769 7308 14580 14484 15784 6766 5326 2585 9058
2507 19629 7630 18668 6383 1056 3476 8836 8058 18695 15065 3888 5813 11551 18881 13518 14432 13860 16662 6448 9027 7099 3293 4304 18079 13022
9766 15994 2193 14760 17402 16490 1078 9918 4788 11970 16272 16656 11788 18792 11617 18537 529 11082 13605 890 372 11890 5247 11412 12021 7897
19358 4569 16807 1932 19213 16707 11597 13468 18210 2560 4688 484 7648 17053 19990 15422 16168 5236 4679 19101 17533 3455 12320 12876 8419 1743
10122 13609 19387 9630 16159 19019 13034 19303 6688 1852 14802 8975 5250 8049 4875 4947 12156 18511 769 11611 17586 16255 3410 5289 11837 11627
10929 12778 15874 9029 9465 13830 10338 13574 16374 9380 10120 17591 8982 12743 9184 15453 15987 11659 9465 19337 1970 11720 13072 18930 8698 6002
7722 19516 6975 15640 6626 2147 2753 19947 11968 5066 6360 15795 11174 1922 16138 8336 7754 16854 9977 13997 5378 17850 1215 12456 6614 1320
17846 1894 11207 11148 6176 11977 12793 13374 9580 1590 2631 2661 10749 11579 18769 2504 15226 16751 115 8710 995 17755 8611 3902 8425 15338
11824 9982 14583 9876 14559 10986 9877 8650 5160 10016 8927 16334 19486 306 11450 3572 2173 12039 1996 3002 1521 12469 7698 16354 1951 18800
13692 2449 13368 7254 19100 16836 17826 7636 16089 9615 15510 3337 9403 18972 5609 2985 745 3330 784 9623 4800 19116 5034 19704 11062 9770
518 6948 18643 5791 1679 17285 9759 14336 17921 7310 6555 16998 6523 18326 9363 6012 2325 16552 4002 3648 13724 18437 1 1995 14037 11329
6046 8521 19281 9563 434 12804 19080 9257 4793 14073 19982 11716 17522 360 11591 1796 10516 15410 14179 14777 9999 4238 7005 3711 8620 15662
18953 18929 11901 7879 318 4167 4198 1620 19701 16770 2091 11955 19397 14160 17185 17278 4316 4350 19123 4725 19447 8822 10232 2840 4616 11115
16870 13247 6282 10856 6606 5772 11233 4551 12736 15610 16456 16721 12008 2234 13077 8998 16638 2494 1973 414 12491 9303 16465 6298 17756 17010
1441 19936 10389 3249 14607 9366 7322 10519 1654 1467 19370 6024 9389 6311 16038 11302 667 19354 11218 12294 9107 16091 3637 14455 9983 17039
19033 12630 7236 10000 11243 13353 7393 3036 17019 145 4288 15886 12128 15648 18623 7854 9217 2097 8711 3419 6652 840 6975 1630 11377 12317
14651 18308 18347 1914 13646 15836 15617 17393 11237 15711 7063 8682 9330 14465 4576 4385 14909 17614 4272 19018 6010 15767 17487 1964 6453 7523
3235 3917 4232 7597 16012 13454 17664 15929 11431 16592 14335 7776 17836 17309 4655 12126 1655 5123 5560 17828 15197 1984 17448 19041 14953 5933
12998 13554 4530 12259 6881 13082 10692 9631 8929 1250 9848 3726 12939 18229 15277 7487 6186 14738 1518 14280 6743 5079 16479 10090 4517 19213
7814 2308 12471 14793 15693 13199 11377 3211 2693 16985 12455 19911 4757 10337 18770 399 16047 19766 12594 5265 9714 4751 11286 8206 381 2224
12802 14080 8442 9537 8192 14617 10771 14984 13032 10508 3034 14316 17784 12598 17744 11435 6771 19641 15126 9926 14997 18915 10294 8635 15909 14275
6503 13247 11706 17059 2978 15092 171 18759 12928 13130 14344 11234 9505 11864 11017 1048 12588 5756 13125 15840 7408 6803 6866 8204 7285 13283
1429 11673 6074 6292 9298 14489 13952 19927 940 14878 8765 10613 189 16736 15119 19519 5087 1088 247 19563 17260 12718 18565 1924 14994 16045
2860 16747 3939 14563 6352 13741 3007 5351 14648 18498 11786 19603 12403 6337 12199 2260 4029 13687 18088 8243 1863 19802 15302 12965 18641 5066
1079 18021 4175 18889 8671 10605 2349 7267 11469 19818 1089 17945 3102 639 1180 4613 17776 19509 13297 6240 19947 17110 6845 2603 6744 6897
15502 979 16695 529 9645 13232 2048 6032 842 4616 7973 4776 9086 4220 12120 6629 244 5262 10531 11803 16123 5284 19876 4447 9843 18322
12251 17716 9732 9564 2454 1279 4335 5226 10115 12546 15529 7469 4015 8598 12768 8544 15261 17095 14563 4112 12786 15389 7476 4966 16125 8107
19658 1181 17639 14067 4345 284 17643 12364 18407 11120 18357 18828 5289 17021 5722 1923 18230 15521 5683 18923 683 6946 12814 11689 641 982
4693 12309 19206 14630 12237 18585 9358 2320 7030 12489 922 16374 19033 15614 4011 15290 11115 5413 19601 8782 5768 15374 3684 5583 14218 13370
4304 16133 6195 15164 16766 19400 13090 15570 12030 16881 16408 14172 7365 14408 15527 17666 18623 16983 7971 17049 4628 8618 2797 18742 7934 17191
16338 18925 241 18083 4686 9063 19872 9492 14828 18028 14962 11830 5661 6748 16257 14452 3109 5659 5848 10240 2796 5267 13181 18499 2568 4120
12505 10590 11868 8879 12605 3754 18981 2517 4641 18562 13681 18351 5147 4185 18427 4214 17625 9466 16280 12996 17415 15642 13469 11753 9280 6774
16435 6815 8921 16789 9356 1675 17957 5502 12458 6548 18465 18837 1246 18902 5949 17311 2779 12751 10618 2049 11756 10651 17375 1353 8724 11298
7346 15064 4644 15317 7331 7658 17260 4928 19266 11794 11292 19935 14226 17519 16078 4730 6929 8565 13549 2527 14734 10054 9688 15315 6466 3812
10402 691 16257 7858 4663 5901 2791 15190 8337 19733 8784 12959 14245 12079 2161 7596 11946 7173 11622 3712 19534 1749 4542 10907 4739 188
19201 14554 6 2913 14167 9672 17825 8875 11549 14962 8581 15232 17482 15675 3843 3276 18648 3245 13130 11267 4018 13881 1954 17704 14217 9886
13732 13343 14294 8882 5058 4913 17543 18105 7135 9631 2834 8164 792 18307 10039 8470 7403 3249 19873 18699 19168 8621 7996 1526 13828 1560
3899 18923 5881 8569 630 13904 18744 1618 9010 13535 15761 5171 46 139 18405 7407 10348 15825 9113 5873 1720 9432 13036 11735 5782 3924
5067 6414 14139 19657 16806 13900 4866 677 6147 5607 1396 16725 18747 11512 19967 14511 1604 1769 1772 5895 2496 1632 4938 8939 2394 12459
10219 13947 19415 17882 9088 10638 5829 9677 14906 125 11414 6866 19139 17900 778 10653 10472 9567 1465 10864 19618 11816 2473 2549 1344 6158
14455 4355 9113 12036 16619 9101 1326 14292 19031 13684 13194 7312 4885 6568 12081 12418 15660 8379 19931 15653 16522 16921 5825 16665 5314 19627
4473 14646 7445 11453 18352 14467 7433 9441 1360 17121 4861 4352 19776 7138 14783 505 14164 1722 7718 15075 4843 19245 8313 19781 1380 5977
12642 3818 5789 19473 787 7098 10900 18048 12019 12661 18762 8897 15795 10937 11288 11574 4252 10045 7123 7765 9517 9068 8828 18719 3842 19006
3295 1535 8188 4505 14871 4299 3570 12695 7048 15276 17020 17527 3403 7011 9268 3690 17108 5721 18478 15194 19710 4714 8403 1638 15152 8603
10138 18391 8003 1145 5185 17604 16520 6254 15680 13824 4568 9237 16858 14268 10478 19830 3290 1554 2906 17935 18422 7167 7634 14590 5365 3443
300 8687 17348 18683 12170 15654 6012 3596 8928 15166 17752 605 16787 10458 8170 13947 13402 18637 17331 15948 17807 10359 6872 18262 5234 10121
8007 2515 19175 10519 14427 7354 11875 12604 9003 19348 6881 13979 14556 18652 14106 5858 16708 18130 4507 4811 10161 15970 10437 17476 15583 2149
3202 7278 16921 11796 15460 7370 12791 7655 11231 8328 15662 12451 3542 18400 17901 5021 2428 4819 7098 18105 5975 14470 11668 5966 19178 3638
1302 6362 9493 11417 18601 9270 10368 11156 4595 18969 17434 16537 19970 17486 16016 16320 5998 13899 9140 13704 10120 8070 322 16758 13546 8734
1264 14654 6729 866 8772 6350 7599 3669 19239 10434 2387 8136 3627 16041 17464 14711 8028 7687 17419 9084 19454 6510 11468 12228 6497 15622
7751 1405 2030 2090 11783 16534 13351 10622 18582 6777 5225 2154 15219 8159 9350 16369 9617 8433 12408 16524 6434 12046 4840 5376 17540 13589
10553 18127 4927 4179 16994 6607 5680 3680 11715 10270 19837 12000 12345 9182 5059 16292 8410 8707 17101 14143 5140 10929 16118 10382 18050 16781
17262 16480 14224 19105 2151 2322 13881 7878 7960 6090 6984 4482 15039 2968 11037 9812 3120 7439 16462 8944 19692 14899 16823 7061 17894 19762
10537 12899 8845 16501 2340 8323 3674 12663 8319 5461 12012 16153 14770 11424 7497 12221 13033 17342 19870 7276 3665 9861 19512 2873 13285 13627
11111 15883 7523 13639 4558 3310 10871 12424 19990 432 1824 12129 13463 2933 17726 13696 18691 9898 12909 6770 14694 12484 5793 16073 4021 2199
1656 13946 4868 1407 9915 8745 11435 9927 11368 6502 7622 7332 1450 18808 11698 5683 17138 6932 12128 8378 10416 11094 16622 17910 17479 7915
721 16398 16531 52 15948 16553 590 3039 4648 12305 17893 5182 17590 16496 4426 16360 19603 13292 8417 15314 5395 7210 10801 10055 8779 1677
17357 15446 7018 282 18856 8651 14065 9197 13413 4780 1368 11805 16430 2334 18912 5014 4391 4007 18655 14303 10141 14901 3803 8187 1218 17854
16002 1393 613 18247 11029 3566 8266 10530 631 3629 15444 19319 2707 3089 14010 8343 5055 18081 17927 9022 13004 8235 14807 15479 358 12827
3451 3601 18191 12471 12096 15317 18039 15740 4101 11020 16334 1789 19794 3249 18809 18563 13287 703 13852 13859 16474 16880 7514 19167 18826 18345
14544 8336 5645 8686 2036 10914 1810 4801 1252 8811 15616 7882 2395 8829 9047 10234 13753 11676 2188 8197 6017 10465 8096 501 17296 11824
16391 12710 9559 19164 12946 17106 16152 1885 18752 13459 5671 9540 1380 7316 10694 18648 4235 10372 13472 15893 5637 11509 3064 5821 7691 11085
11182 954 12014 8092 12624 14646 6524 10816 18969 1031 19778 18469 9634 5842 8137 481 15993 13638 15486 2777 13199 17768 13855 16727 12637 1393
338 13504 7306 5647 5726 12652 6992 6844 19560 17050 8935 15370 4462 3028 7271 7692 9088 15440 1412 12997 3410 1724 14679 9871 3320 7280
11513 10351 7786 1756 1107 720 17746 17454 297 19691 1048 167 8380 17167 18793 2735 3797 6936 12027 3439 9436 5480 14083 18659 6241 2185
16589 10332 1786 7608 18551 13182 2920 19134 14657 3899 13054 3230 17299 10090 3542 19637 1784 17480 1910 17371 6030 47 5612 890 16594 8190
14676 1071 6780 19231 9458 7752 16717 1805 762 2117 3564 2530 18815 19970 18437 17131 16591 4055 10803 67 4740 5058 406 9753 10661 7522
323 583 12058 18053 19513 16309 6311 10400 2732 18352 5692 18591 7387 16930 9639 6267 12505 8538 2084 18446 13440 5047 17172 1420 3572 16310
12630 2324 7846 11283 3409 15057 16107 4380 11357 3493 6875 8878 5899 13353 15115 17134 18998 12178 19932 15251 1196 6243 19282 16563 14267 4881
14296 6082 9099 187 14376 11059 4575 8699 10439 3547 14473 8385 7751 15881 2592 2536 5514 1430 682 10005 2935 10578 3969 3802 3999 9103
6442 13022 7894 10101 15419 10390 13179 1010 2309 2400 3535 8132 15626 10389 11071 7456 8366 11768 11632 5716 19700 7778 7783 4549 42 11448
19953 19179 15220 5944 12066 3305 18672 7617 8889 8022 11933 14973 2386 12856 257 5080 15000 11792 9109 3351 12538 16070 16769 7543 14426 18270
1108 3155 1916 3721 11957 13000 13969 5344 14743 8802 15702 12485 2787 10290 19551 7440 8135 9214 5577 13566 6584 643 9135 18253 10638 19508
16831 9315 6073 982 2151 12018 14271 2537 9799 15386 1125 3387 11715 17927 8225 10220 8123 13580 12942 7648 9393 15330 13051 19678 1863 19435
5179 9816 12431 13298 14749 4989 2344 5631 478 6558 8146 362 6097 7942 13201 13127 5591 4310 6465 14491 11133 12467 1784 19739 9091 15696
3100 6951 4828 14215 5045 1240 985 19812 859 16646 6727 10685 4448 2847 12035 19956 19555 15053 6810 5716 7375 7634 17993 16279 17636 6931
13433 16523 3900 592 12511 16241 6510 9677 8499 17646 17779 15275 19669 17394 14172 3960 14760 9355 12964 13328 2102 4595 3347 1684 7680 13265
19027 15576 1997 14122 11202 7403 15137 15756 18358 681 19834 5051 15926 10498 7903 16676 8643 6669 195 12457 19193 16973 5997 17309 1379 9031
19685 13322 8631 4380 13694 5820 17196 6015 14439 18695 13410 19783 4602 8665 7414 14724 2554 19498 13877 16460 4016 18492 17649 1047 15624 14422
7828 1291 153 19499 8833 16116 11559 16440 3080 1324 17489 13644 96 14223 1425 3085 14317 11875 359 6687 8649 354 2398 2805 381 4969
2053 108 10099 4463 5197 1244 5860 5411 10384 10689 5111 19551 6524 11267 15177 3600 10698 3528 1500 13171 2231 10978 17122 15421 15321 16623
653 16729 13120 9235 14992 19574 19645 14866 9401 219 17900 12188 13926 8600 15031 662 6320 10417 5944 18942 7763 7906 5144 81 16739 18907
18902 5307 11829 4785 13603 4188 10901 14696 705 2922 3774 5657 12015 19045 513 728 13860 2304 6773 14631 8402 18922 16307 4534 805 18162
19893 18315 7758 491 15124 17784 4885 465 14064 10976 18388 11432 8810 10799 18545 9244 15736 19820 6979 10205 15905 8612 8917 6824 14856 3195
12969 17735 8526 2935 11843 4489 6982 12086 2357 557 3759 9329 13087 12638 15040 5224 2053 11943 17168 16836 209 19480 5098 7707 3369 14779
18089 14441 8717 12646 10811 1912 11856 6722 8475 14595 7919 15058 3368 18100 14112 16289 13185 19805 11119 577 8858 4551 4385 850 9479 4768
6844 8837 5799 12668 13547 1746 6729 3120 348 694 19343 1959 19476 18686 706 11739 8286 16208 16962 6185 17336 3520 7619 18828 10235 10499
9920 674 11593 4716 17758 722 19689 19023 4269 3597 19409 12386 3891 2778 4396 6265 6861 18455 5859 1698 13 456 17700 8798 11318 12842
16969 7444 8240 13551 4102 5951 10205 18615 5754 12165 7856 3187 9280 18917 8488 16873 6815 11615 1785 6590 12873 7059 18279 4924 18481 18590
7197 1904 18718 16633 16839 3262 12534 13938 4297 4094 2922 8055 17590 5791 3877 14962 7352 11533 2949 2366 4703 10872 12100 17348 14171 12390
3818 18626 17297 18202 13945 12616 9102 12878 8237 8422 17491 2906 7265 19306 6995 10919 9203 16594 9747 7024 7091 13728 19911 12142 7838 4706
15877 18723 10225 2453 4248 18198 3536 16457 14552 1292 16106 4843 7894 17759 4666 15230 12669 15762 4384 10925 19213 14323 16876 6743 16046 11464
3429 13660 8617 10142 4629 11506 4009 942 15550 13711 2422 8543 18649 3260 10613 9072 7603 9174 16887 17490 12968 2082 15340 15171 8508 15914
12391 19727 17224 2832 14416 13129 8294 4766 10468 9843 16442 19097 9079 2025 11722 4331 1302 6835 4711 6884 19551 4058 12079 3988 19912 687
1287 11858 4434 15484 2058 831 8939 551 17736 15595 8011 10189 10480 15066 9649 12231 3215 1511 15369 15467 4559 8648 11738 9358 11854 8244
1260 3954 8660 9760 8289 8013 569 19182 1401 14405 8867 10512 8777 4396 18584 12665 5183 10023 16819 19044 11653 10951 13240 13525 11195 14721
17797 14875 197 2579 16790 311 18881 6319 9812 4613 19767 5124 13408 17174 12225 7798 10811 11008 7893 10841 10598 16046 8595 13489 19704 12730
2295 11475 10661 8635 5076 8475 16710 6000 7877 16746 8338 8644 9244 3565 13675 7202 340 12070 4550 2972 19900 49 9179 15556 3406 1466
14517 12256 15453 7005 3979 1416 12781 16816 6035 61 585 14753 10645 676 8425 5906 4880 9493 17853 11180 15672 13901 3208 5197 13575 1224
12800 10366 19046 12565 6825 1296 8782 18023 12532 8378 11447 6513 4422 19383 11879 8020 18143 164 15760 2471 8437 2585 14106 12223 8763 13924
6547 10096 2659 1585 12367 17432 18012 12311 16776 2232 6734 65 2741 19885 19209 11235 13264 11031 2707 12418 17022 18284 11518 7807 8678 4725
2519 17864 9947 565 4484 11253 2733 1761 9248 10709 14193 7633 14476 12154 7061 12730 15461 1026 9488 10135 13673 8400 671 19046 8067 11953
15588 15646 3734 19626 14511 6681 5867 1674 17234 15655 8294 14112 11103 16668 18785 18280 5399 3666 5304 15798 4764 14820 5429 8439 4324 19862
6049 12710 9716 9794 5968 17735 3411 17187 15094 12057 3778 785 15354 282 11141 14186 19326 246 10053 12551 12128 1637 15223 8009 15870 13096
13388 9734 1038 968 2155 340 14224 17472 17478 14485 14630 9902 13758 4260 10005 18347 4018 2449 4262 1976 8420 11380 2748 16943 5566 4476
2912 18905 15700 13943 10858 10711 19 5664 7970 19330 6006 147 12462 19716 18840 5463 6992 11621 5829 8858 9886 2506 1695 11742 13629 8310
4207 14093 5882 18022 5897 4020 2447 13752 1989 19954 15645 14159 5991 19077 1602 12733 11798 3998 11498 13901 15624 17585 8632 18549 7497 15066
4019 5887 3595 5337 15690 1314 12133 11191 8319 17116 729 9094 18637 8923 8959 3765 2847 17458 3161 5847 2961 18688 17310 1903 1639 16723
1677 16758 6190 10148 17936 5886 4374 12883 11779 10659 15495 12058 7158 13218 16558 4408 15915 14187 5622 4148 10451 16855 6965 2709 10624 15004
2412 11988 8686 2053 11809 14213 7212 1809 11918 15830 11935 6474 14656 16065 11719 13452 14007 16832 12791 2077 10672 12583 16561 10595 506 9119
8023 5099 11044 10016 7565 10744 18159 16044 13291 5604 16948 19434 17194 10577 14350 6412 12783 10017 14200 16528 10602 15776 3694 756 8923 10956
10177 19096 9548 13644 218 6412 4984 5218 4325 19249 11201 1698 5970 5678 7256 18182 19246 8025 16859 15037 10079 9023 3101 11409 2573 3410
14202 19962 8143 2128 11624 7324 13018 13207 11285 9601 19423 9563 6930 10504 7338 19186 13578 11561 1775 14536 4262 18391 10303 19516 2548 18567
6326 10705 13096 19811 12232 620 6086 4551 16371 10007 16708 19841 4935 5467 11538 1394 39 5698 187 245 14618 16665 19286 15059 4372 1417
10943 2037 11921 5505 8964 13544 5422 1119 7410 2630 14863 3365 10762 2582 2333 17334 9194 8138 6215 17629 1765 12448 850 7276 7065 4045
11229 17937 16847 11253 9816 13876 13874 10234 3609 6354 13679 16145 798 3253 19600 18516 12417 19939 5596 15907 4053 1556 18483 5235 1522 16579
4199 3019 14987 8896 9025 16185 16466 8973 15529 15459 7089 19354 7465 6775 13568 14933 7807 13292 3976 2049 7050 6897 1075 5766 7928 11421
16899 2285 14380 17853 11569 4084 17595 19054 14165 2649 17052 6469 12272 5372 12363 10077 9229 11957 4271 4398 13855 3416 516 5906 55 15394
12815 4294 2550 7904 11449 19501 9194 15862 19326 19201 8272 5329 9056 2434 9137 832 12100 8390 6987 5342 18950 15569 8081 9164 13227 4417
14237 19583 5007 7564 12450 15674 13603 15458 1890 7436 19177 7537 8991 15064 14146 9711 2107 12447 8125 6470 12555 10743 10371 12614 12034 9991
5301 17160 4511 7267 4780 12829 5064 15018 11866 1332 8588 17043 8046 18937 2903 10361 17989 569 7756 1082 10117 19356 12393 18946 8449 19857
17408 14565 17899 8554 1279 7199 18679 17585 3478 9374 7743 17269 4426 3554 1583 18478 8828 1856 9936 13566 19321 9662 9999 19651 7562 14301
14734 1087 10013 10746 11332 10798 18565 12529 8797 11361 10025 12551 14522 18084 12043 18325 2559 13076 9514 19822 19698 8885 6182 7745 15196 4252
9234 8774 19411 7786 17926 4411 11487 17466 10376 8591 15448 14872 10940 2151 17340 15631 8575 1414 14714 1144 1037 18871 10833 10143 17827 11064
8712 10927 17319 514 10864 12040 7826 41 19463 12941 3783 9045 13817 11718 5385 14694 9626 17361 8305 14625 6488 1524 16948 9593 19259 15473
18906 12037 9466 13420 6465 2744 12162 2155 3804 14670 10907 13266 16776 19956 4745 16354 15662 3799 19335 5122 16933 7921 6250 16297 3041 13617
18197 10644 5675 2352 9410 1784 3789 9789 6351 5549 1748 14795 13207 19795 7816 9 2359 19831 1079 4511 12825 19053 9209 156 12149 19954
10591 19184 1618 15477 14009 16652 459 11288 3528 14184 4872 5571 11087 13659 2123 17799 14975 5774 8643 7471 19065 4013 4884 13449 5759 8764
4112 19104 16042 4378 17549 8775 18642 10361 11082 1498 4974 841 13639 3041 8306 5471 11173 16965 13628 7948 15604 15997 18796 1206 864 11612
8041 4161 12961 9020 2042 12611 14721 19662 1176 7940 9494 7298 19005 15228 206 6329 2851 11270 15536 12896 13078 12958 2813 3667 18201 17138
18490 14585 1711 11287 2191 13776 14934 12910 14887 12744 14960 5315 14051 1946 15829 2799 18710 12218 7551 8480 14324 14764 18754 19517 249 17545
19454 16855 11654 4195 18754 3359 6075 5343 7332 14674 6252 1668 15601 14247 6743 12717 2587 2244 9937 12636 8208 12620 19348 4184 18864 9617
5098 9791 17080 176 706 11181 4781 15243 1473 19611 5569 18298 77 164 9013 176 17894 15578 9522 3034 15528 2367 14089 15115 18126 14554
14581 13627 10343 9229 431 2204 12300 14878 19744 9126 18157 9279 9535 9222 17373 17136 16315 14962 19059 18965 16282 12247 2391 16942 2077 8043
6609 2566 9931 11066 7984 8568 18861 3602 8717 4351 10952 18931 2837 10705 17578 18686 4505 992 2142 10941 491 4615 7404 6686 1274 18707
6359 396 5350 19886 1222 16570 16078 19467 17531 13962 5725 15956 2236 3237 19048 16086 12629 8590 6789 765 3922 4955 14564 6235 19521 4419
19025 8137 12609 1349 8040 3281 11126 10176 3599 5612 3153 7302 10364 193 7217 8286 13913 10785 15690 11174 13006 145 6293 8345 19421 9240
11494 19087 4458 15438 7821 7599 1131 15749 10367 10510 6001 7470 12381 14428 7315 13571 18773 10802 3498 8133 9437 2104 5924 18592 3739 17831
17438 13512 2200 18332 18631 12756 7578 12956 13949 9045 16092 9833 19318 926 2053 4800 8268 14673 5644 5828 2372 3191 11967 1584 8953 19929
421 1351 6229 9818 17148 9097 425 1966 17019 480 4257 7608 12295 5291 15840 4755 13624 10859 10827 18863 13476 12652 12162 8356 7498 13997
9386 5082 2367 7711 950 16144 8743 11177 2910 5197 6580 14799 5495 10623 9710 12414 929 2935 10721 15195 3430 2532 529 17376 4773 8806
11951 15110 866 19488 19938 17970 4334 4940 8541 13842 15582 3926 5964 5008 13659 432 12868 18831 11699 12932 4972 7075 514 1233 19198 18242
15436 2234 19900 2006 7096 11329 320 9133 13937 18748 1077 17049 11847 5288 6080 10732 15273 4189 235 4963 19692 4886 7252 1494 2622 6387
11328 18775 6174 12255 5711 11834 5711 17627 3533 8032 16802 18840 14187 4184 1402 7166 3141 9937 11831 12537 12783 14740 10000 13437 11905 14429
13141 12336 10719 6455 4907 18857 18577 13269 8932 17794 1642 18155 19911 18205 15752 9303 17389 14216 8166 10602 4208 13456 15071 11135 7558 6632
13897 15909 10351 10201 9316 7051 2453 8424 5125 19831 16928 6413 9144 8274 16712 18657 1094 11737 478 5862 5343 8907 7600 18536 7137 10868
7108 298 13221 11092 1178 6288 12755 19420 17684 5914 11149 5426 11146 16380 18166 8668 6515 616 16918 1884 13911 15749 18925 7434 11654 16
18206 16864 14390 165 582 17119 995 15564 10640 27 11073 19148 5845 5060 12638 16020 14039 4012 18212 15639 11549 18770 18518 4275 6360 3295
10074 12933 12715 17634 1632 4267 19525 14087 10788 4087 5954 12188 10069 14821 15701 9734 3050 4956 17996 1893 1588 13323 16805 7352 10619 7487
3076 16527 8278 8211 10598 19599 14025 706 7766 3985 17849 16547 10165 798 3959 13594 5521 11045 7242 1260 11429 5714 17127 3221 17222 16645
7726 11152 6902 820 13572 15906 1787 10698 13770 3767 9008 17318 13187 1952 17374 2971 12619 17983 10630 12054 135 15537 521 452 14891 7384
18023 18176 3296 15301 3825 18416 10042 11384 12999 6011 12398 17320 301 14460 6992 15171 7240 5369 8630 4616 7474 519 14212 1676 12043 6061
6096 3417 19323 15458 17251 18397 10382 15730 7114 14743 14044 10328 2195 1173 2536 16690 8565 5836 14860 17542 10359 3277 11934 2600 19070 5205
11511 15504 9885 14069 11696 19729 10069 18926 18180 2602 8525 1283 6240 10097 12936 5316 17855 16039 758 10027 4557 8096 7264 10431 14927 6437
16600 19355 11086 18713 2088 15875 9519 6634 16271 13152 17772 17387 3481 16333 9216 15568 1588 902 6305 11257 13790 1060 17822 4127 9412 2642
4017 6191 8723 8782 8650 10801 9926 10702 4438 18632 4431 18394 1247 12626 10012 3183 18977 5023 15258 3749 280 9440 4789 3993 18341 7152
10520 12799 5393 1546 17213 19061 15800 10562 10046 768 1616 3509 6340 3070 16047 8457 15759 5892 7228 6784 388 12853 7601 7599 9114 12472
14519 4305 5492 18469 2168 16085 15175 4429 524 16892 9335 5887 2844 17809 12190 7388 10720 18030 13720 18867 9200 1205 18707 10618 15732 12329
3295 6325 13999 10570 16784 2004 8169 18262 11255 5789 4990 8348 18726 8381 2041 1999 3752 17626 12779 13447 19940 6688 5537 3928 17215 15606
17187 15821 3313 18385 3000 355 8438 9787 13370 1633 19662 3012 16552 16282 17064 3265 5679 16951 8116 10064 5953 5173 17669 8934 4443 5442
3239 179 10364 13800 13249 10509 5269 3641 6111 13016 16667 4713 8237 340 10457 4775 13329 10606 13600 2145 4005 19353 12141 5069 6163 3000
12922 17627 16795 5520 7965 7524 4850 10437 6660 11530 3885 15774 6670 8530 15221 2797 2075 8042 3011 7567 3877 307 5816 3442 10098 2220
6363 10270 700 8673 7130 13824 17823 12727 12349 9243 4854 10333 12206 4922 12006 15157 15071 2256 6790 19185 4402 6542 10349 18003 169 8407
18399 4047 14664 16704 3372 13605 2977 6820 11902 19637 19336 19256 1160 1810 1321 1580 16575 18915 17661 7716 10827 11725 19556 5849 7274 4717
11458 10899 13138 1138 1443 18112 3124 17029 9113 19449 15148 18390 12841 3170 2963 5388 10781 3789 1506 7731 10586 18998 365 10489 17774 6980
2752 8239 5475 10902 8290 16910 13723 1730 2985 13143 2830 9176 6679 12450 14184 3358 12633 10555 2117 341 19727 6547 10223 196 9235 6362
6873 1589 6303 4725 14698 15694 4782 15064 17810 8810 7006 6474 14619 6015 14155 14363 16575 5761 11839 6476 18397 7863 18646 4747 9346 13683
6962 5903 9291 15292 6111 16354 16223 8401 17249 1001 5923 18135 7844 22 19210 17707 18671 12018 3396 7303 568 10326 3904 967 2863 19154
17752 11918 13024 4395 19116 10771 9582 3327 1249 6156 6458 14631 1659 4933 7233 16811 8397 19137 11973 11739 151 1832 1389 2043 280 1912
13357 4979 6108 12022 9742 19188 1470 3522 6813 17002 12286 15091 15425 6360 10779 7565 3563 3175 18111 16834 5530 16883 5988 18492 19159 10277
10089 11849 2609 14221 8851 2414 2061 13516 9299 8740 10539 14540 11941 9581 10300 760 3998 12828 19779 13489 7807 6826 8694 7291 1976 8880
4161 17067 8728 13622 18742 12033 8396 19773 4343 7527 9219 16929 303 15127 5468 18227 3645 5126 964 12239 8320 16971 19937 15736 6626 11042
15878 17946 12341 10560 14005 8590 3439 10420 15757 17350 8216 2185 12740 4491 19609 1163 5991 17064 11670 1230 4397 4032 13704 18654 2417 2647
10933 16132 17188 16863 19972 1651 19614 14367 9008 9125 18848 15118 5088 16487 9098 13534 18868 432 17700 418 18662 19630 8535 18818 9451 1644
13257 14504 16925 18654 1794 6669 6670 12647 16632 19689 15266 7023 10589 13602 19518 6145 17578 6563 15989 13454 9993 4557 13546 6860 1322 1045
10243 10830 2661 5290 16490 11082 3798 19812 1017 4261 13023 4058 17594 7154 0 18487 17878 9749 153 13064 15135 7034 16097 7383 19589 1531
6207 9678 14753 8969 13513 17831 17735 17483 7695 11068 8756 16353 7755 8971 15476 6182 14302 14298 1949 5849 11196 18738 6578 3886 15168 10190
2262 10121 15576 5785 9816 11743 2880 8155 18371 7582 7871 3800 4883 3856 8816 19752 11957 974 10431 9419 17858 886 6131 10978 7173 16761
14787 19266 9439 8680 11955 11459 626 8889 6378 15035 15527 4606 5005 6810 19176 11468 1247 9086 19770 10411 8969 19167 1501 13421 14628 11691
14328 4268 17872 15632 11960 15068 17244 12284 121 18423 4776 8007 6796 18172 11012 8132 4696 19339 8236 7170 1416 10803 15817 19090 16008 19363
13847 10186 7407 19093 3259 7116 8988 10833 7924 14021 105 10489 385 6969 15078 5565 18744 10624 7833 10659 15091 12715 3108 19019 4826 6485
3810 19421 15775 6097 3338 4744 7239 8907 17204 15549 2555 14102 16044 18272 14377 3385 6189 11691 2813 143 13284 2224 959 17306 5027 7548
1431 5707 1079 11495 17949 14721 14054 15587 16225 1802 1865 17473 12866 16814 5881 11099 15363 3270 9740 15079 3842 13442 15058 19954 5707 2540
765 64 10063 15500 19016 3699 11178 15733 18503 15340 8159 12142 1579 12467 18601 17046 5005 5122 17331 12479 11299 16660 9479 6268 1886 9602
13958 19077 9364 11416 6898 17075 5900 4701 11513 2160 6072 6455 1946 15862 4005 8127 17479 5268 9884 10981 15230 17611 10160 15932 11334 9419
7446 5823 2232 9708 11428 9498 10314 10260 2093 9352 10420 4186 674 15576 16471 13859 17435 19323 15882 16749 14502 16982 13424 6865 13542 12805
924 18597 16659 19791 12751 9198 18352 5982 8079 9243 17991 5271 11476 13826 3722 13310 10065 1540 842 8015 10397 15189 11513 9865 19198 3504
15408 12646 4047 17637 19301 13009 19011 19597 458 18908 11472 10740 1652 3681 14853 12760 14032 6033 16802 12341 15766 828 15017 8256 6485 19653
7556 2249 790 18839 13458 10556 8887 5512 18357 15521 8980 12876 10640 37 17391 14286 6330 11119 17670 18269 11450 3721 11854 16137 12224 7971
8072 15896 19093 9623 19446 8439 15333 7421 5007 14599 16666 1751 7554 257 13515 6511 1195 15919 11281 3982 18803 1180 7190 5872 7174 3278
8758 6927 4182 355 10130 6755 429 18278 718 1109 11946 5944 1410 14572 10526 11595 15222 13549 14004 184 6234 6112 16876 7502 11136 1001
10022 15550 15419 19963 9230 16118 3740 5038 6046 6780 13050 14631 10037 10600 596 17288 3231 10427 14233 3162 4160 5365 17873 14545 8010 2966
14246 15014 4445 19438 9732 3753 17091 9587 10224 10340 386 12701 3358 4995 14720 1574 15631 13321 14523 5309 9444 16247 15978 13077 7614 11515
15547 3301 18428 14880 13636 16481 5419 6560 3847 11055 12782 7019 11799 4333 4249 10657 12695 7334 19957 4757 10985 3899 17599 18294 9568 366
2818 10345 10724 13985 284 18375 10327 1013 7645 14222 5460 18741 19915 7677 7325 10733 7351 3925 12172 7463 19854 11012 7524 6674 44 19658
13997 15576 13285 5863 5312 19174 15014 5555 18935 14938 15699 12747 4292 10349 10029 6070 13094 13391 7116 4230 8118 15433 5609 1506 101 12040
8134 4119 5463 16917 8286 3866 17674 15578 4241 5547 12696 4457 15254 19413 15038 15935 5008 1664 3294 9701 11725 7410 9638 13170 13512 2790
571 2132 12291 17355 11164 11558 18082 1104 16004 18627 9690 17016 1804 11883 3357 18284 5754 16574 19592 19098 18601 11252 2292 11661 7840 8134
14219 5093 6473 11257 7461 12394 9209 14446 5109 4517 10694 17943 15749 18692 4120 12328 13390 3786 6680 4370 17237 3213 15027 10234 2977 5419
3509 8810 12771 7024 10000 10731 14353 12227 769 16969 1187 6460 3374 1056 12179 16960 10998 18303 186 12652 8701 19403 5069 791 5837 19278
5643 7837 15559 19214 9857 8820 5035 15817 5827 14633 5331 18028 7143 15112 9365 13251 13539 4552 3968 7302 10364 9349 16018 16866 7196 1880
13250 77 15778 6517 19226 7161 5670 17287 16914 11845 13653 4963 15784 14030 13657 19704 13737 525 15627 6085 10582 7079 17370 12624 370 5774
12572 18517 14488 16304 12296 7987 15922 12705 10784 3178 13121 1782 7394 19811 14369 2548 17573 11313 10695 13893 17533 11374 11127 11584 15833 8390
18786 19722 18841 6506 14445 4381 14783 15397 3968 13242 9854 19264 19477 4751 4363 1237 7260 8077 8863 1401 4636 14609 8550 3855 18253 14631
18486 8108 11472 8401 9787 7969 7271 6436 19850 2936 9304 16316 15990 11629 8549 14053 15431 1644 16704 8414 10623 3687 7494 4929 10810 5925
7029 16006 15175 4534 6439 10197 10370 189 17407 13734 5688 14484 989 17344 12241 18644 7953 7986 2086 2584 13483 13628 7511 6903 8351 5024
6732 9933 18098 15973 2818 1505 10141 2393 4149 14553 12781 15821 4369 17504 2488 19257 4543 17250 10035 801 6495 2958 11406 13796 5784 352
6148 13016 11169 13283 17650 15244 6676 11696 11559 12159 3435 19683 4964 2807 12955 17470 5115 12885 10101 1470 18345 13544 12583 17319 7211 8205
15860 2141 8077 6020 15740 3325 14655 19063 17292 11049 10281 13212 19394 12777 3743 1438 1758 12810 12260 11667 2494 2006 18402 291 17758 464
1215 14834 15302 2477 16983 3307 581 6284 3857 1186 10183 11722 11268 14324 17267 11192 17284 15806 6874 2507 15411 7026 6518 8473 7847 9187
19657 19312 17811 2457 10799 4397 13484 6234 12184 9809 5230 2478 17132 17269 11350 6375 9387 7642 4349 3609 17461 7574 8272 15148 11282 210
17309 2110 14432 17174 8624 8871 9690 18961 13477 4633 2764 16523 17020 4830 11120 10474 19994 6581 13828 2173 13340 19507 6269 9938 18281 11492
5754 16693 5195 17527 17628 11073 17448 9177 8838 19091 6661 5273 8042 19986 19029 15943 10457 17132 6686 4385 7749 12339 2058 16986 10947 16960
13530 10516 19881 4972 604 13848 3974 309 11210 9206 205 11472 13050 16661 10677 18333 5990 2413 20 2229 14191 6503 2563 7371 11106 18340
8480 11095 2973 639 5124 11320 7138 13793 15800 4392 18954 10198 19130 14506 789 11854 2036 9235 5431 187 9057 4405 1742 6380 13314 8785
14056 16821 265 13022 1815 13619 15927 14292 4358 3428 5838 6023 4198 4356 17510 17899 18492 14183 5716 13675 5617 13348 16655 14642 11212 12556
14336 16585 932 13465 13679 2389 9482 7719 3619 8240 6447 13779 11924 7000 8282 12399 10196 16749 4657 11135 9143 17724 12240 3076 8573 10568
9190 19322 2284 8420 16455 12413 12099 3689 7995 6469 15459 10273 11991 9379 15478 17210 11450 16597 13877 12494 11253 19359 3164 8325 2052 7858
3029 12644 2005 17831 12230 10346 14359 12655 13581 3467 7328 11199 12592 13795 5027 1875 8974 16587 6661 19393 646 12605 18961 2621 2256 15091
4688 8900 10411 8111 12706 623 3716 6133 8386 19242 3557 16017 10483 19089 14447 6478 13517 19195 13680 17118 9955 7075 12129 5937 5672 15078
8136 6700 9345 12850 3821 13651 4331 12010 10340 3955 4720 7288 11647 5484 2562 15378 14269 18271 17188 19696 10998 6185 11951 10221 1860 5802
9447 6998 7434 6536 9316 5946 4302 2719 5087 17593 412 18453 15861 19839 14214 11024 11869 17518 16587 12366 6774 5000 9151 9439 15503 14836
2896 19010 1915 13824 16369 15360 14348 18585 19250 9894 19993 11795 12315 18371 16197 15037 4268 17828 19809 13400 7444 8409 7022 19136 1367 8582
12643 3331 15149 12852 4167 4637 8023 17964 2816 9833 9497 8565 18960 1494 16127 3589 922 13405 15385 10407 17605 4006 16628 6405 11093 18224
15092 4328 644 6857 13601 13056 6419 13374 10405 6368 17711 12319 4936 19077 12369 13193 211 13923 6569 15335 10530 4665 15925 9327 19720 15581
14315 2389 3535 1897 11 6493 15072 18462 2511 5116 17909 669 12161 8740 18750 9883 5156 3457 1575 6755 9128 13765 16602 8827 10406 1440
2962 4293 5796 14728 17069 7741 11203 8161 12459 7546 1550 14155 14464 10232 12479 8650 10023 12118 19225 11071 4005 12789 11661 98 18843 13282
14991 12402 17650 5845 5389 12537 5813 5623 4016 10596 18114 3486 5551 9344 12397 15134 17395 3060 15116 13053 810 10651 8964 1651 5396 7535
19116 17935 11142 14748 15352 4341 6819 16328 1582 17058 2769 2817 1708 11083 4483 14936 18711 15075 16343 2873 9336 12917 19167 1077 15183 2201
11771 12600 11771 1190 3082 19812 16495 10700 12459 18291 4896 12539 806 7208 19556 3107 9500 17731 17967 14298 14926 16998 13820 10545 19230 18355
7538 3146 3815 15974 426 11577 9205 1451 1913 11366 10171 14253 19970 16844 17207 3254 15100 9422 12009 11723 16943 15102 17939 18110 7733 2404
12970 13644 13286 8211 6291 3748 9889 5700 12276 3961 10409 12639 6507 10391 12299 3756 7990 14305 10556 16636 18967 16122 16046 17260 2906 11835
654 14436 1525 14610 11489 17416 1916 19347 706 3157 14927 10161 13064 3882 16141 14726 1735 5434 2936 12540 8893 14189 6156 18368 9955 15676
2772 16340 16983 10030 9652 8178 10553 2013 15789 8455 17723 18001 18967 2158 9948 12661 15877 1353 8859 12680 1913 15698 653 2276 3792 74
9535 9644 7252 13939 18873 19097 12419 4123 1833 15703 13516 17461 995 10266 18938 5133 16654 14543 18824 3101 2094 8333 12000 14159 10181 7703
15072 16791 17910 19881 2727 17875 9524 6164 12042 6462 11783 2352 6693 19134 11270 6129 15199 3595 3872 19456 17770 1376 17726 15344 15722 18037
4544 7924 3971 9520 4248 5476 10547 7982 17186 4180 6868 15689 2243 17968 19704 4662 8275 18472 1370 5239 3773 11280 11426 1957 7924 10990
4647 3899 16289 9950 14308 12570 11110 19587 13477 5282 14722 1689 2874 3287 8014 4035 17024 9265 17053 12426 12487 7347 11228 3777 10996 16788
19630 19463 5852 3818 11087 7690 19060 16670 11829 11550 9286 11049 892 16283 7357 11742 7638 5447 11045 2312 8727 10306 3848 15022 6895 4475
17581 13845 18772 9398 8569 6239 15490 16952 3971 541 14165 4634 5665 16972 6298 12708 11107 9302 5869 17503 15251 9598 18025 3559 11106 14109
13703 10913 18362 6206 7766 10775 6076 8754 16309 19781 14518 7825 5036 3211 7098 13815 7212 11643 11896 17754 5885 14655 18594 17101 15561 6157
5256 9953 8999 15418 4867 5295 4252 11590 3935 10594 6940 16616 14925 10532 9258 14753 833 5130 599 9292 4025 18318 11623 7097 7924 11439
630 18903 19241 8576 19269 19181 8565 1591 12351 10255 14364 12802 15844 517 8044 4651 6472 1247 15740 299 11035 14951 2199 19964 10729 9056
15859 4031 7183 1875 12291 10479 4252 18071 9715 12480 2042 10268 19358 10146 2338 17789 11848 4971 19855 15220 17267 11911 7501 19412 8521 2977
15720 2771 13663 2021 3732 8380 1444 19229 10595 10377 415 2193 13954 6217 13534 4956 3529 4743 11927 3823 4475 2662 15401 4883 2401 14569
18251 17457 17492 11992 9423 16713 15732 12215 15113 3525 5547 221 1650 16311 5786 19778 9694 19067 6386 16858 19491 12416 19548 12344 1517 206
13787 3867 7199 18517 3168 14579 12833 3973 13978 19343 13980 17843 2841 14465 509 10594 11960 15905 3165 18741 4851 9446 6462 5095 10229 12079
87 19171 8671 5091 6977 19002 3039 3655 18873 16615 565 5343 3045 10365 10512 1714 8191 5916 5512 8468 8143 7401 5650 12068 439 15244
15322 2919 18665 13318 6467 14826 4080 11545 6380 10110 12172 7559 2191 2051 19923 4513 11110 9450 11035 8011 17995 19383 17279 19692 17506 9653
9552 9576 4446 17900 3282 19930 19150 13766 10653 13670 3173 5264 12901 9030 19637 8101 2952 6068 15522 14406 1447 15531 11515 3048 6489 19341
18681 10725 1182 5172 8644 15650 11273 15591 676 13780 8564 19907 3401 11997 12704 15479 2766 19276 8416 3382 5563 109 3503 7850 10251 8514
6398 11644 2058 6503 18491 17404 13092 10346 14296 5 4316 14498 16828 2036 1936 19573 12853 4010 4530 4288 10300 2118 11900 17920 14832 8815
5514 17080 16948 882 9215 14895 7573 8067 7505 9825 11327 1330 783 6008 15049 15449 17264 18825 16277 17462 10650 11232 17202 16445 15785 4620
3228 1532 9098 8293 15092 8615 8212 15197 16274 11664 4041 2434 3319 13312 5031 12639 7198 5252 6337 19395 4263 17306 16223 10747 8890 14391
7678 7529 14226 13792 11496 2730 4469 19776 3262 11736 16789 13381 19630 19597 8927 6301 16028 16582 1662 15322 19006 19911 18248 14706 7510 19769
15286 12318 3234 4601 12957 17380 1149 11288 14204 6479 6991 9488 13542 8743 12886 4114 1358 3510 1190 7195 7722 6835 1469 162 14490 18043
18118 18643 19275 8396 16000 461 19125 14725 17507 12800 13027 11016 7677 4022 961 17336 14210 18589 4306 12669 2456 13959 8401 5060 17673 5421
4210 946 5052 14733 7250 18158 6450 404 14661 19902 11855 14250 16115 9597 11556 18066 16386 4941 7303 17910 16516 19558 6151 7552 6389 8627
5277 2730 6700 18793 10515 19028 12420 19173 480 2705 1317 16878 3711 14715 12401 18289 16753 1626 13114 5403 16799 3066 10682 14703 10589 16257
15273 6375 3833 17436 6020 16499 18740 15941 12832 17141 9589 2279 6734 1041 15481 19768 5856 19750 4711 252 4467 6920 16026 12458 7257 8568
154 8389 18891 15979 1522 8265 15588 4586 853 2106 8208 1476 14933 11136 5645 15764 11947 10098 8188 4073 16397 2808 16329 8352 10406 1157
16178 10923 5630 19019 19742 783 3657 10949 1777 10620 17355 7999 15832 2432 17067 13913 9787 1070 5116 18192 8760 5276 309 8662 12774 5205
3328 7167 10055 18363 7713 12403 1857 2890 1276 2062 14855 18033 5013 814 14986 15946 4457 4230 3579 19901 16868 300 13866 3435 9412 19278
3980 4555 15265 3732 4989 5093 14957 2225 12188 12787 19506 3167 13988 17880 19571 12992 12439 12981 19647 6117 14510 4506 15039 15280 10144 11563
10888 2042 10819 4233 3095 15708 13600 4831 3076 13469 17631 15878 4011 1650 3872 14063 4101 5857 14717 4335 728 15170 10341 14490 13278 10100
11374 16854 10321 18103 2604 3359 12755 11521 5723 3179 15698 2343 8746 11330 2498 9992 7658 3097 9364 3815 15835 4670 17604 1841 12904 4879
18703 5811 11159 4467 11206 17525 15732 3035 11824 6004 7679 14513 7869 6253 18038 1788 6427 12870 2658 6686 9687 17208 9642 3541 14610 19195
2283 14864 1727 1155 12566 3037 1373 5233 14989 6581 14914 9999 9358 2000 15389 2905 16589 10116 11166 9797 17881 12633 5917 17250 19646 10102
6487 16686 1889 9413 4290 4620 6640 19586 12005 27 14604 13437 7574 17384 10866 19612 14519 16443 10012 10564 1898 19786 11084 8206 19915 63
13414 12626 19275 16730 6319 6912 18034 9030 17493 8805 15408 17968 5791 6762 8156 11238 3988 4347 8280 10451 2524 12592 16422 5035 12807 5706
11882 1336 18162 2752 18105 18759 9515 16504 6197 3161 1114 7571 19261 942 18179 1699 10859 5927 632 8991 8870 10391 3737 14344 13912 5534
12647 6900 12829 17596 12369 17173 3266 8797 12204 4213 17663 8677 12680 12595 19416 16401 14874 10131 19760 12507 15401 16001 5169 4361 6948 10268
15520 13532 8063 15436 12432 3883 16984 16382 11961 17440 17289 7301 2045 2272 11712 19303 8908 2168 19045 2660 2767 542 7610 5154 11817 4869
1284 18537 6943 1166 13642 15601 2985 17586 3693 8189 16720 525 5265 19368 3778 17066 13431 11433 13462 2332 7634 2705 4315 1831 15100 2415
14190 319 1465 7152 5170 18852 7235 10351 16447 13853 7773 6053 14726 14549 5297 5990 17574 6607 2152 18839 193 6053 754 18779 2507 16349
10684 3398 3212 1038 19649 8588 9553 12710 2012 15058 6041 1697 8676 13155 45 4230 2720 6786 10074 17623 7090 9592 9306 5289 5125 12581
9660 9243 19695 10721 1836 1790 6876 4247 9869 11347 4822 1759 5403 10777 8392 73 4001 10978 8843 7783 11254 9725 16352 2828 2056 10058
10862 13195 6771 18172 4399 8661 5390 17765 13352 13839 6866 1818 18095 7863 9147 453 551 19472 12873 12968 3217 3963 14033 14193 4771 14285
7607 4995 11731 13788 9166 18747 16123 3671 175 4086 12357 6531 871 29 11924 15938 17948 9435 1550 13019 15067 17997 9286 1006 186 7558
10689 1142 4457 3447 7049 15507 5143 11482 402 11972 14695 19956 7940 8949 18239 2341 8591 7017 1860 6118 4500 11529 2169 11337 18052 2029
7303 9940 14892 6086 15521 8267 16732 3710 1880 17228 10183 19818 2874 1029 5680 1711 9631 13797 15078 15699 4021 17652 3546 4512 19362 16388
1127 3086 11277 1284 8420 18215 16396 29 12416 6554 709 4878 17254 5485 106 17199 9783 5900 15465 6756 14655 8332 1482 17002 10800 14812
12905 5241 974 10454 1750 12089 9119 15022 14465 14888 11732 14498 10931 336 10308 4316 4658 10321 8916 10698 151 4668 5490 3490 1426 7475
15110 9412 10858 14026 16086 6643 17723 4605 18772 3237 9939 15212 15734 19858 3110 14011 5342 2801 1280 4119 3690 4356 6266 7243 11715 248
8754 15294 7202 5409 8262 5084 124 1612 10340 14011 382 10747 15886 4447 14419 13653 7102 17843 1211 16039 18201 7815 15892 7235 10755 14240
16066 7377 13722 18343 1685 12975 18338 12339 10508 7598 10249 15366 17492 10147 16601 14428 11106 17591 18019 5706 16481 924 1756 18495 12656 10813
12653 14195 16057 6582 14232 14560 7022 19417 681 11325 2996 9405 5052 14447 18302 5799 13006 19429 8626 11765 14167 16037 18654 12780 384 18934
19331 2599 14979 15874 9451 8700 1275 19733 16333 3303 11235 10111 14451 17948 16744 11550 1712 16200 15164 7191 15802 2503 18698 3363 14604 320
16770 29 10007 17752 1903 5904 318 15550 7951 7156 15764 19840 2096 19337 1513 4314 16715 13109 14264 10595 8850 16061 4280 9694 592 126
13567 9322 6826 6531 12715 19375 9634 5013 13513 4735 16477 575 6146 2938 1300 17300 17932 2482 8031 15380 13804 12537 4076 17722 17143 12061
10285 17729 17991 18275 61 6417 2933 4653 8752 267 5881 13656 10880 13940 3755 18891 17041 4744 14443 5565 1926 970 12820 13567 427 19946
13619 10536 19927 6538 9889 1844 565 16882 19337 6741 11326 11376 11700 18093 6975 15296 1667 11250 1955 2188 7947 16048 17702 2168 13010 17434
429 4391 13525 19598 4410 11038 55 14376 9905 13981 12456 7429 15073 14004 6328 19792 6776 11700 9133 11821 14737 640 9643 14019 337 7037
16109 8911 5211 19494 2845 2485 4087 12978 480 17171 4000 14584 17133 9372 11086 8278 19450 4522 16231 17876 4110 2715 17233 5410 14872 10764
1297 6298 10227 9486 5771 15137 9638 5769 1040 7711 6312 8471 15934 6987 14579 7450 9092 19121 7601 2460 4703 12763 15983 13907 9880 10614
13887 19858 18932 9231 10181 9884 7679 11852 10068 5024 5931 2961 1307 3475 349 17919 8787 11833 13775 9252 9348 12472 5672 19523 19515 13218
17426 19327 17362 13575 19920 7648 4497 16943 3190 5556 9109 4830 712 10371 18512 12529 6893 936 5466 9848 13716 4237 17376 10100 11042 11278
13586 17189 11966 5125 4824 14970 5862 10731 8320 12226 19775 12244 7415 9972 4586 12093 12216 4554 16552 18449 7876 7856 13238 15205 9922 11812
436 11183 11974 6297 12756 18775 5089 11759 13701 17065 4581 2477 9680 12885 2714 17782 4613 2589 19793 16896 1123 7919 2989 13100 1209 1406
179 19205 15136 1167 9288 14958 987 4251 4747 7242 3661 10670 5982 10286 124 11728 13034 2947 2747 2512 5935 19676 13213 17129 1508 15040
13752 4030 1245 10075 1546 19974 16494 12018 17067 13210 14877 7376 6960 19385 9698 10218 7064 18192 7517 272 17933 5859 2379 6402 13858 18983
10765 18966 11344 18102 14991 3913 6321 6755 5076 1870 6636 14777 9587 19055 8159 3061 3266 4966 7180 5165 18504 13618 7481 14018 14089 3086
19350 2248 2552 8046 11241 10405 16987 19600 218 2403 6403 1825 6423 12283 18506 14679 4476 15648 2467 14627 10717 15897 19382 7472 11700 9119
5987 18615 5432 5344 6291 6330 7977 19935 5248 8417 144 5734 6322 12832 15426 15838 4195 17133 6381 13318 11448 3826 13720 19058 11726 12831
12756 14860 15269 4020 16334 19236 19427 10196 2851 6538 17151 3171 6974 560 19204 14938 2596 14069 12898 13604 10856 18351 18544 3539 1322 14985
11408 10703 12866 12752 19035 6643 14114 19954 15246 12094 19464 8409 14032 2741 9564 16299 12810 9611 7690 5004 9991 9192 2348 19749 5947 8344
9429 19538 1690 13199 9188 15307 19826 1096 5207 5030 16178 19428 9997 17836 18382 11309 19334 17462 15929 5966 13023 1706 12525 15632 9782 7388
6131 7548 12735 2746 7017 18088 12821 15202 11150 2439 11620 10456 657 11414 1530 16120 5227 19447 3078 12410 1631 2458 5699 5158 11378 12036
5413 3529 5590 2578 19997 11174 15230 8785 18176 4024 8367 18259 10544 382 17165 6162 11484 1284 17818 14912 10742 14220 244 11460 5837 1770
4494 12881 8442 4222 9922 3993 6303 3082 14296 13069 18081 5921 18808 1798 1865 5397 12592 1535 10447 5024 13141 15216 17484 4255 6328 16969
5746 18070 19060 5560 9707 8274 7702 4081 3388 19708 16881 16690 19008 19534 5067 7470 11581 5950 4161 15852 7730 8019 4909 17352 14249 8075
5547 4259 273 16647 2351 7416 18959 8157 923 12235 7305 13393 9055 2964 3240 3206 13426 12593 10832 2348 8697 8183 17076 2380 5880 1567
13485 14977 884 11259 15178 10747 15382 13187 8024 1440 13281 13287 2612 18813 70 8757 2062 2008 233 8492 14471 7019 6401 17703 19777 8218
18568 19281 2693 3050 10754 5240 15366 9855 4267 12024 19015 17443 5942 1479 12889 14404 9996 6025 19581 16225 18406 6738 15494 18857 14924 19782
17387 11784 18181 7409 18014 17009 4643 16090 13974 5247 10170 9248 4425 4165 18081 13980 11175 8982 12753 4361 7177 16441 19385 19597 8474 3535
14313 6846 4999 2482 3541 14422 13771 410 1128 2964 17500 1359 15816 1696 18908 4397 18270 16834 818 8586 12667 3727 17145 8197 1520 15752
6219 11130 4457 7790 8124 10822 980 5858 13755 4948 14419 18482 3440 5447 17526 4277 6520 5625 1517 3005 9510 9241 9229 3936 1204 7712
6687 10639 73 12608 19366 10079 5613 950 16505 6939 18615 18334 11853 15703 3929 8770 7562 10532 17432 336 12412 18630 4469 12312 11548 12802
11104 10544 7351 10589 417 6464 14567 8228 14159 14089 4919 7390 5433 17606 16070 2939 7856 3467 8132 18668 19751 16261 7134 12092 2065 4585
10669 15550 17405 5491 16508 7549 163 13517 18074 7045 9988 17045 14607 968 4496 90 8568 105 15807 8467 13855 10489 10263 4197 19930 741
8256 7974 4534 15639 1404 12641 12110 10778 2868 14097 9056 8438 2507 16043 10472 4263 13185 5097 1307 17579 6684 2230 4502 1312 6745 2065
12848 10038 6740 8921 6595 17507 17658 15942 13759 19689 9092 7832 10286 8734 16207 2152 1493 6952 2324 9884 9206 13475 516 5022 6446 18860
10163 2961 13248 7519 783 3046 4276 2387 12937 11462 19781 15157 1094 1034 6548 6542 16733 9859 18546 15426 16139 2523 15982 3896 88 424
5285 10101 4042 19638 5076 3867 5221 5433 6590 11024 10694 18595 8368 11251 5541 14442 17211 18030 12411 2810 12655 7979 576 15173 11822 17884
9922 14255 16992 6495 8860 9271 14399 666 16232 17500 15201 11342 66 6307 10923 4605 3443 1818 13536 16680 8747 19597 8853 9678 19774 19738
12873 10025 19385 13874 7686 16840 13846 18224 3159 3495 15971 3109 18717 1346 6950 18039 10574 1937 14209 6669 1101 14608 14285 241 5166 1396
5104 10840 8466 14725 3747 2472 18496 17967 611 12969 9104 12062 18928 524 4872 15765 5574 6764 16891 12742 8873 5226 12282 13942 7598 16119
6823 13174 19015 5923 10297 16271 834 7209 10307 12528 18594 17555 16660 7880 5862 12936 18037 14800 5989 4652 18687 2844 15765 14434 13159 6420
10116 8690 19153 5198 8077 250 4474 17467 9571 11702 115 4840 9800 6555 16622 12604 6243 1220 557 9814 2348 2399 18015 3382 15572 3638
15735 4878 3841 5630 13438 17780 8895 13738 4567 15823 8815 330 2909 11393 13450 5776 12219 18966 950 11620 13702 2850 4413 10029 12274 9563
3401 155 12902 6207 19975 13879 5751 9770 11513 11198 16738 7500 16554 17525 8097 1856 2204 18326 10720 1294 3106 15131 3951 9026 17238 12526
2082 9010 613 1601 11861 4775 7335 7914 1365 6178 5806 19948 19197 5426 2181 18331 13779 19860 10590 11036 338 7207 6537 6193 15336 16657
4650 15588 17786 9794 15360 8683 3756 16766 14341 3043 636 4175 18189 8431 6999 17389 18060 438 17375 2032 14743 12808 11012 5899 3254 1133
19603 10806 11713 19795 4418 16651 5180 4553 12985 14440 4018 19843 2664 12352 18693 1431 16237 10809 16920 18873 8181 5424 11100 12057 5836 7452
18366 4116 1625 2398 208 8096 13652 2489 17432 8467 10087 992 10050 9547 6736 10998 8318 4679 13461 14362 8960 2957 17143 10359 4803 7273
14508 13857 16775 18968 16648 8439 2958 11816 6669 9297 7155 11394 17896 8898 17741 15906 16769 2547 10645 13131 6627 11889 19042 3441 9221 5753
17625 8488 2535 18819 10167 1973 3004 13943 11096 9573 11714 11713 7943 13209 17640 4322 12871 2010 14124 12672 8674 3854 1618 3069 13532 7326
19735 4860 11411 9907 2413 9040 4096 16603 6556 13527 4940 6533 12486 10113 13722 5907 11312 8566 5543 6551 13058 18985 9140 2079 16504 8605
17505 2539 15636 2082 6076 14642 12512 18231 9012 12380 1078 2370 8330 3892 5812 11843 1502 16099 1311 15964 7835 12304 9304 3592 15692 9466
8394 16044 2507 17337 13590 4066 8168 15363 1315 3557 3061 18863 6781 15084 4820 10484 8458 13613 2759 14925 3146 18328 17974 11548 19125 6753
12661 12477 1653 1235 1842 6098 8862 16901 13146 4711 6290 7180 6008 2997 9453 1073 15884 9458 12946 3608 14466 7588 16225 11271 19933 17085
11751 7192 2584 1599 12932 4068 7525 8853 4613 15237 716 5391 11976 6976 6000 17713 16350 17035 15024 4127 988 4112 4019 7475 4514 19759
7503 12731 11831 18575 4545 2138 13216 19831 13863 15294 13061 5152 17484 19514 14856 18283 5077 3442 5252 8195 18173 948 11036 16964 18431 13738
3443 18629 6340 760 8274 17438 6953 4833 3416 10545 8601 4403 3531 13150 18600 9483 9929 10773 15692 6448 17377 4538 9509 10890 13184 30
13100 17600 4963 3618 12818 3787 17063 5260 13452 10545 13768 2530 16744 16124 15866 10425 6354 17151 8431 7750 239 17120 2215 10928 3964 6668
12809 11987 11531 11557 15493 4740 74 2427 11526 11145 1365 8434 12159 13736 14524 1448 16992 2576 3315 16889 10222 19300 3995 11068 7659 1754
9062 19434 4271 18207 3014 1896 17914 3483 19200 273 18365 19575 18520 18445 1843 7245 13738 4608 200 5864 7804 17704 7002 5429 17332 10301
1465 18265 13399 1113 4857 8231 14703 9836 2186 6966 540 1761 17953 9053 13033 4282 19302 17354 17475 12200 9335 19851 10142 17696 10645 112
18563 5857 4126 6108 12650 18516 14057 16136 12339 14508 18558 6111 2793 205 5530 10147 14779 1921 13799 15411 17857 17306 5027 5867 5378 929
5492 3082 9642 11792 17550 4310 6982 641 16663 3929 11500 5630 14203 29 10667 7799 8398 5955 12575 17821 10737 16963 6983 925 5496 17996
2539 6839 292 1478 5532 4806 9105 19772 3116 11739 12404 384 16757 13629 16145 13097 18222 18016 16685 12622 13582 11758 3168 3965 2656 5744
17312 15954 8044 9370 13860 8292 5104 17514 15391 12362 1911 17502 832 10105 19992 15766 2969 2519 1024 14080 2268 5352 18530 17674 13242 10068
1968 7688 4861 3248 3453 14142 12957 9724 4959 15350 16808 1245 3028 9599 4998 10653 15146 11897 8783 17419 10232 8611 9038 3616 11137 13474
10332 18894 17801 15998 8590 17874 6087 15183 16415 12224 10706 16761 13632 15766 2999 5430 9896 4738 18200 316 16267 4139 11306 17975 5740 18976
4174 7379 1170 78 4502 9096 12994 14542 6785 5577 9751 12471 1268 16277 11843 17956 15394 3666 10888 6866 2418 15758 14999 19884 241 19034
2186 16116 6362 16904 5877 628 1133 390 12731 15848 6247 7035 3833 12600 9987 8265 599 7313 18073 10886 13662 13922 10579 16240 2368 3970
