365
14 95 16 69 76 91 22 28 16 81 59 97 53 26 27 18 50 20 16 77 24 25 3 52 30 8
3112 13775 10307 4241 5779 16595 17030 8869 7620 14711 4306 6555 433 9315 8523 2577 17050 17485 9139 4057 18870 13672 5489 6622 12062 2268
1068 14068 15996 12243 5226 12370 8437 12655 16526 5732 7545 5648 10114 19240 6217 17542 13796 1017 7278 6477 2012 10563 11757 13060 3483 16355
4881 16335 17070 6751 17847 14688 18627 13976 5218 13671 7982 15255 9645 15322 7580 7735 1093 495 14270 13340 18106 8268 14413 4506 17098 16523
116 14913 11976 11790 2795 7195 13231 6437 18240 3362 4304 3877 9708 16739 19887 14650 2362 5011 6364 5599 17072 2848 14779 16592 10469 16578
15805 12816 13136 13111 2252 10809 7904 17389 11207 18850 18869 17038 12282 17214 2905 10918 3075 12998 9529 12843 15104 4468 2983 13117 7985 2027
4358 9967 15781 6655 718 5078 18882 15602 1010 15201 550 7923 2330 4023 13401 1189 1890 8763 15845 11216 10688 12876 11651 6785 1140 11489
18865 6318 801 10837 16652 3792 3912 12216 2454 2055 19776 6598 18635 5234 17881 8389 14796 13245 16265 16920 5990 7256 11773 12723 19154 8254
6689 12711 1261 8985 16347 16714 7338 12195 10331 9360 9059 18955 12178 16893 4889 14024 10429 1151 18023 10749 7206 10478 19190 12779 5428 10904
17540 5263 12162 19686 16197 100 12527 183 1149 17391 10425 17367 4088 16129 10190 8238 19490 8481 13395 8937 3850 12707 2694 15632 5307 2076
14839 9623 10851 17193 7898 14923 5901 14864 8594 12353 2514 16619 13890 15511 12461 17797 19460 9132 7100 3316 3470 13357 14371 6473 6614 5466
8910 8274 19207 4367 7352 1966 9921 19619 7276 16815 5132 7702 15893 12708 13959 10590 18458 19727 7710 2277 9692 12219 13762 341 8266 12538
3318 12813 9093 6134 1983 7863 9974 15424 7524 1600 8134 896 4688 4174 6866 10727 13108 8305 3344 3780 17567 7368 3874 6168 18484 1233
11034 13648 286 1882 9523 8617 18550 17053 8529 15954 18981 13195 9204 11690 18186 15961 4130 9094 2616 11192 8542 667 1815 3500 2062 4720
13534 17710 5482 35 14670 9953 6365 495 12625 18375 11476 6779 10815 12745 17634 9801 11358 7119 3434 10298 10486 17700 1423 17474 613 12
1716 18054 16844 18375 5971 13178 17402 18411 2768 865 8504 14419 12365 13247 18081 17751 7221 3674 3063 12388 3529 11306 4120 12297 11179 1264
2525 3470 2036 3504 4994 9337 4008 16445 8072 12882 16299 13885 19351 3567 10754 4970 8654 4698 6942 9047 13653 4943 424 6570 8381 3860
10813 17470 8903 1910 9273 9394 3529 2936 4087 6280 17155 4337 19177 498 15464 685 19220 11434 10604 317 17102 6658 4245 13445 5620 3591
15453 18475 10741 18714 10866 4050 1489 15280 18339 2960 5252 895 2073 11642 860 17175 1465 12217 9979 3448 2955 302 3298 15702 6006 12588
16899 5129 19027 13138 4373 9671 255 2304 184 2217 11621 7305 16552 5060 4095 1977 18705 13622 13520 9113 17791 8758 7803 6256 708 10973
14330 9357 10940 8252 4715 5983 1747 18768 9668 2157 11879 4820 7170 7480 5941 14603 3930 7391 11741 92 4172 9074 9941 9718 16636 6151
12236 348 10234 16030 14293 16762 19197 948 11264 10206 6202 12174 2142 18739 5023 2131 12086 10484 1889 8568 18588 10713 16096 2851 641 1928
10718 10888 5486 7954 15895 6772 5055 1163 3327 10205 3725 5474 15878 4005 19825 18881 7840 1800 14511 14573 16106 19473 14390 12315 6315 19356
4329 2413 12204 11533 17230 19978 15790 19153 13872 19946 12337 15665 7373 16655 5730 4691 11296 5841 10894 9724 5406 14706 12689 6737 1597 6731
9403 18212 15023 6781 7230 8534 9821 17908 3649 12441 10642 10062 4238 16538 12993 14879 16961 11216 5756 3298 11312 6666 9004 16136 1193 8392
19405 13041 2808 4321 7794 14606 15896 19824 6096 11013 407 9589 15293 16583 785 10963 13651 14454 6014 5722 10689 6495 14349 15254 8727 13815
5194 17954 11549 12005 17163 7086 17864 14349 2623 16093 6252 8623 18158 10648 15052 15350 14977 2569 4136 17945 16983 9435 9569 3598 19536 15654
8414 14499 5794 11121 7963 1572 16262 8801 17874 4092 8943 4953 15306 146 19479 8004 8021 15921 14174 5797 8197 15526 10869 1608 15136 4178
17017 8476 389 5091 4948 1906 6924 1145 16046 9963 12306 14203 2639 13871 5520 16363 14938 17971 4139 3518 8815 13206 211 3226 11380 12134
11229 1216 10516 8017 16615 18378 5089 1237 5382 4734 1222 11268 18730 1203 6024 11128 4576 5579 9658 5093 19214 18892 8140 7364 15635 8071
6645 13518 3874 15614 3046 4880 17916 4502 17018 11927 11325 8262 5181 3208 925 5521 15464 3155 427 6144 9121 11671 17685 18559 14350 15831
12670 2806 9617 14000 6802 8218 720 13169 7169 209 8651 15144 7512 8686 5473 4 16230 9302 7611 1989 10402 18991 19992 8543 3426 14741
6048 7316 16335 1668 346 13287 1766 10204 9178 13128 11680 4202 15332 7437 14379 8494 4888 5167 16095 7620 2829 17508 4774 14517 16693 18083
11162 18239 19123 19874 12261 5861 12573 6090 16998 19321 9597 10021 10877 16421 8052 17879 10649 14708 6915 1676 16514 11496 5207 11693 4209 9196
14755 3600 15686 7673 3683 678 17738 1943 14576 8728 968 16657 12435 14270 8353 11058 13408 3879 19763 13639 10711 5602 14213 19029 17202 3654
8879 15192 14506 14328 18246 10919 18345 10502 6865 7503 8231 15516 15225 4524 18742 16655 6819 11690 18784 5281 19013 11669 15603 19324 7702 11434
16888 1480 19800 18104 17652 6657 18325 15420 2675 14317 7977 13298 3061 5367 6230 5905 8095 12398 19260 1790 4245 905 14214 12605 3889 14277
7727 3135 4979 13284 2891 18590 6140 16257 2901 8766 1880 15581 15792 5211 15167 3197 918 6443 14075 6048 3278 11027 10909 17529 7427 12199
15780 5020 15933 3925 5135 3273 8224 11404 3804 10638 16664 15277 7058 16602 6484 14131 15000 17909 876 5823 19956 3931 5888 16150 17945 18523
12265 4545 11163 9733 5207 17728 3109 13244 2134 739 3866 19474 6817 7913 19281 16763 12336 8549 9669 3940 8474 18985 14163 10711 821 17374
14270 14427 12335 4668 16294 11965 19867 15691 866 12221 7238 6946 4358 11833 12022 18613 7297 16959 16865 11810 8797 7192 15915 18526 16679 12975
14518 12791 1262 8424 3073 11398 13464 17570 18120 207 19630 11052 8592 15124 7512 13157 15054 13619 4939 15682 11134 19888 14295 12129 10645 19624
19138 11670 3913 4908 18021 9610 6513 14563 10497 19220 9283 9068 8263 10706 1812 17396 5691 2539 14013 6221 9132 5234 1772 9772 12871 11158
13304 15104 17872 18736 9344 18805 19558 19112 17353 7701 19930 17342 11433 10842 8551 19961 2330 17946 6306 10782 12524 1260 17844 7885 16007 9614
4780 14325 19499 8215 19676 6822 9126 2334 11293 4277 27 19228 9266 5033 11351 14475 818 13535 1371 8459 626 16772 16604 19541 19689 2050
2376 9150 30 18411 10505 12629 10612 802 11937 19553 10914 11384 2474 17432 19533 16725 14746 10447 4146 2457 5717 12268 12069 3480 19440 15948
19508 10389 14539 9817 11496 12131 5413 13850 10689 2057 6517 431 16688 9087 9141 10664 13295 4992 4774 6605 3141 17626 6435 3644 5346 15566
12022 6056 6550 18169 1822 16220 19887 11896 16039 12440 6923 16172 4508 17750 15775 12253 16691 16833 12410 10530 7862 8870 2402 422 15905 4006
4689 3843 15296 18359 17606 10568 12742 16048 4535 4953 19278 7281 16842 10286 4100 10185 11414 8165 248 8622 7650 6541 14449 15270 11756 6799
18138 19257 4326 1178 3092 5580 15140 8459 5255 6924 9558 9606 8918 9357 7912 11434 19085 19138 16200 15430 9342 3784 17342 11033 15770 18536
5321 3531 13329 19654 12268 8577 3424 18188 18604 14157 17374 3638 7977 7600 3811 13331 6986 11370 905 15527 2274 14014 19190 8577 18663 2942
1661 4747 6539 18811 6968 562 5124 8796 8515 8390 4149 17549 3917 12696 10216 4554 535 758 2630 13420 15660 1989 15099 19714 15440 3870
18447 1114 5694 19211 11871 14362 3152 7781 19743 3596 11042 18548 2774 11318 16233 15783 7952 1472 11589 14791 2154 17416 5164 5692 4218 18626
19001 17850 15590 1464 7050 11735 12114 18779 11046 1269 12051 14422 10540 622 13916 1730 18660 12666 5971 11297 1576 11893 4872 11139 17443 9275
17643 4752 16539 11963 12434 16393 8279 3621 14746 4684 19026 2045 2427 2557 19923 1059 116 7256 6172 6740 8155 1739 2965 3803 16005 11412
7347 5799 628 735 16082 18391 10338 4021 16060 17880 5359 11619 7801 18614 15415 17783 4731 8856 15146 4365 10137 1814 14672 19511 5142 12477
16585 17242 13013 14559 1892 13196 18994 14817 3512 8996 8382 18001 18883 18137 8345 4993 10943 10091 1120 11689 17310 8005 12708 16477 8911 13409
12297 9223 9632 16596 4015 8479 19416 16255 12576 18713 8581 2469 6837 2504 140 9576 10214 15659 15675 13351 19482 3206 7135 13988 12037 17195
17590 6839 7469 3482 12582 15985 552 3489 1450 11540 15707 725 13104 2985 16958 5196 15908 9982 7152 5275 5132 7312 1996 2131 18250 16727
13968 6043 12445 298 13049 593 7273 8786 7389 17988 11022 8704 16131 13398 18741 17774 3878 11684 16660 2323 6997 17471 7011 7082 14563 559
8052 870 7906 15093 14866 4908 9860 17964 9725 4825 3689 913 4597 15482 6383 2066 2169 35 8032 556 6102 2758 3450 3301 18749 4038
2826 19662 9468 1397 6739 12570 926 4410 5759 6907 11480 3918 8003 8578 18296 2562 16942 8697 15214 7434 5183 11984 18553 17864 10233 17533
16109 12382 15525 9712 990 17387 12171 14063 12386 16526 16446 3027 18928 6479 5061 7938 13673 8789 18329 10176 2310 6604 6930 2379 4892 7460
4167 18527 1684 12211 668 19798 5967 379 4595 543 10044 8244 8131 5560 2386 5969 4606 15491 1683 2752 1973 19272 3658 10919 16492 2880
2035 1368 362 3269 4579 2435 5091 5499 7665 2024 14960 8533 14537 3069 7518 9080 1330 5542 7914 10046 8579 19734 15245 10105 2869 3208
4957 18189 11339 3657 16490 1781 6360 71 15611 13028 5282 14287 19825 9763 10501 17714 12706 3900 12089 8457 10930 8374 9792 10134 8011 18325
12715 15191 3934 5635 2998 12240 7613 6122 17989 7207 1011 17771 16363 19236 11631 4355 19589 19971 2796 15516 7809 2775 19284 13383 16212 19742
6360 473 13503 10229 6571 8631 3921 7616 11932 14417 14048 11158 953 18578 17684 12423 953 1971 5271 7891 13266 3360 1536 773 13253 11149
8272 10868 1538 7538 15953 749 8561 6561 6543 17815 14325 12486 11166 13244 3439 11740 15237 15205 7190 12889 16426 1919 17197 13323 3668 3894
16348 16057 16640 373 2725 12932 4784 4491 10551 12052 6068 12178 6853 12475 8344 9127 15471 10266 3926 6213 13064 452 3743 5724 19615 263
17262 5719 19814 12473 1556 3627 8810 5052 17048 6251 19238 19309 2163 17730 6971 16930 8516 5479 12176 639 17137 15481 4460 15351 2749 16397
6986 14219 12790 9581 2341 19057 4627 15957 16090 2417 18403 12310 10330 1772 2285 4191 15986 7947 1564 11944 16365 963 7409 4268 19824 958
11709 8999 8134 2939 4935 6756 14494 10007 593 9653 14141 15947 1705 113 19940 14213 7156 14603 13353 13293 4635 19637 1415 11658 15715 12786
16675 8165 13122 5216 7040 5991 11648 16088 16685 18752 2528 16734 11463 5403 7522 4156 14809 14977 11687 13809 14163 274 3730 15138 14724 5803
859 3863 11980 18931 2555 10412 2806 17348 465 9818 11481 7615 7141 697 14187 13221 17139 2722 13981 11504 16906 15191 15984 6622 17820 17755
7204 17057 9542 15592 19041 4149 13437 5921 11901 6174 2050 17358 7444 1788 19696 12850 13906 17032 13014 3718 11590 6469 13461 7633 14155 7259
3806 9377 5112 2922 2981 1743 5388 6456 13318 18825 709 912 11108 6016 6659 13428 1247 2392 17750 17355 18672 11921 4709 8527 5304 1289
12655 5234 8020 4781 1599 1534 13802 12253 7061 7211 18756 4341 12842 16681 6394 1212 9213 10854 6342 15638 4295 12974 8112 5313 15873 4735
12577 19724 11511 18004 4289 15222 886 4309 13675 7514 643 16543 11742 19184 1736 16261 2025 19359 14753 16421 5776 1612 16058 11506 15469 9343
14524 10558 18386 11863 1551 13624 12186 10662 6341 12065 1584 5682 8187 18678 4935 18239 5919 13612 2351 10982 9065 16407 9861 849 5609 11781
2202 1831 17830 19069 7286 1277 19202 13557 7270 13593 9215 8257 16229 15777 13481 9181 6576 12864 8840 1054 8525 2813 9586 5909 12512 7936
8833 8844 10382 360 10692 8680 5353 11721 5109 18677 1201 483 9653 3151 3902 12161 5805 10324 19949 6201 12429 5679 3866 3746 5718 6105
9860 14847 10070 19140 513 19681 1841 14695 14261 7792 7338 6858 746 1259 13126 1314 649 14116 14887 12176 3854 12312 10380 3530 18437 7616
572 5894 15232 18729 15899 5612 768 3081 4438 14160 3091 14026 13813 10164 5238 7085 11229 17456 7383 16596 7581 6953 258 877 15005 18539
8457 15922 17991 9361 8890 7518 17014 17791 15612 4781 17907 4033 5373 1400 5721 16636 10565 18741 17392 9571 4522 1125 5773 17757 12710 13963
13931 9128 806 85 6317 18622 4271 327 16388 2892 18240 15434 5794 9460 14265 13302 10644 5524 16986 9249 5551 10905 12026 13858 3399 357
5595 14800 10457 1034 17933 16739 4925 15233 9076 13960 16805 2255 107 5878 2269 17302 10719 19919 10577 11654 3116 5322 10354 9791 16288 6853
5025 18679 19130 15390 8015 19823 13511 14187 18247 8690 2762 19971 6587 12051 8655 19981 15751 7524 14101 13803 3649 5690 14532 9523 17982 12837
16299 4245 15010 1811 698 17878 11040 3533 9696 2362 13044 19919 9199 6612 14205 12045 12230 192 18971 6414 9317 19425 6806 8315 9799 5128
2258 6959 3177 17421 19433 7420 5799 4673 6490 6124 11513 12211 15410 16515 10204 7917 2600 4217 11120 2455 17909 12349 1768 13065 13798 17468
10653 13999 7926 17873 4428 16765 11427 5852 18446 14465 6528 730 18418 17223 15680 2341 14963 2 8048 18429 9514 5279 17825 18065 3782 19652
11038 8476 6806 4857 13187 1433 8895 16726 7378 12465 13319 2428 9361 3551 19473 9055 9819 16599 19400 6838 14622 7245 8456 2890 14186 5259
8791 9764 18017 14026 12531 15162 18111 11963 13901 6451 16354 14026 4390 18139 480 19218 18168 2898 712 9889 17548 11741 17357 10996 13433 13264
9481 4878 10530 5198 9672 11231 6320 7001 15755 5987 19674 19224 11314 12823 13587 1518 2214 16270 13643 9071 1674 2125 10729 9807 17937 3474
501 18720 18548 13247 12589 11670 4221 8344 5727 16350 18615 17128 9811 8212 16433 7669 2207 14781 13844 16356 682 11065 9640 1733 13191 7470
1268 10516 11306 5801 9367 7571 8943 11007 9030 8360 4445 893 16828 11746 11410 9079 11240 10285 2851 10790 9070 10404 7626 13459 17442 5144
2441 11425 17025 15054 16482 4432 10600 10671 10043 5212 6773 9515 19141 13319 14692 16646 5732 19121 1708 6525 12814 12689 14491 2838 9821 6098
16083 10369 4888 15681 14900 4553 13919 14227 1443 15777 7422 7216 1246 19279 12107 6817 11270 17067 9952 11651 12114 7228 11885 13729 2814 13793
4329 13989 6404 16485 2699 16944 11178 18368 2343 4759 18902 3565 9675 12083 212 13085 7234 19336 10179 19902 17476 6384 2170 11054 5799 1818
3620 10098 6658 15297 12238 17296 5151 6268 15734 17453 6849 4423 16914 2342 16553 5962 4152 17829 10491 18931 8442 18998 11555 15462 8857 6690
15629 18584 15610 8698 283 415 9693 5790 13445 16601 17217 4609 2461 18501 3633 7956 13612 14852 10491 19289 9755 9882 5763 12693 6492 11580
1442 4858 19495 2098 3174 15389 13854 10289 500 10728 15154 17674 8963 16901 10522 6821 8841 15759 14259 14564 3616 12012 12544 12393 12739 18017
6974 9520 14567 13254 1740 12296 4339 3996 8761 5602 16777 6984 8614 16592 4589 13940 9202 9142 3792 19537 17918 8725 5004 19009 17025 4789
17210 15828 9325 19450 12289 470 230 19253 1267 19757 10055 8245 6983 1773 10066 7132 12617 6837 18192 16060 12697 913 4956 1885 19479 19609
19215 6394 16885 15475 8758 18326 14878 8728 16712 14561 1518 10927 12918 10302 3292 7505 18676 1823 9850 10017 15711 16959 6171 12351 9086 13059
9882 4556 8642 308 2120 16503 9577 14782 18672 2910 7856 4501 9271 19780 2417 6841 10871 11498 1938 8720 19525 8953 6583 13207 18892 7059
4155 3340 7978 6639 302 12506 18305 17290 17510 15535 6265 7158 10714 13874 14938 16108 14290 4389 17567 13327 1216 16796 6368 4208 12606 14926
2206 18164 7314 5859 17850 12196 3916 1410 13695 15152 14428 8429 394 13417 7597 7774 10792 14141 15316 17271 7840 8421 8789 13898 18922 2142
18979 8570 13936 13096 16741 14341 6861 2664 3187 13479 4230 13056 1710 513 6198 5554 18807 11834 3995 3598 6419 12189 16188 7882 17689 13393
12616 2257 4889 9825 11754 9940 7579 1540 13367 12846 2119 17054 1715 15953 3628 13441 1806 17071 19216 15149 231 9207 11176 3559 1679 15999
9168 19537 12971 8850 16220 2544 14569 13985 18453 16752 13941 9655 7522 4865 12824 2037 13452 13219 1749 6871 13497 15471 1770 15454 13146 9448
3014 6489 1283 13149 1930 3555 4615 13969 11485 9584 11968 15224 16150 8746 4170 5849 10890 11299 15808 4334 9752 13999 4317 14469 7977 13275
12110 7156 3599 5989 10979 15080 11838 8746 17480 5380 390 7558 13655 19841 12567 1199 3345 4884 8223 12029 18055 1614 3315 5815 18376 6024
7117 14431 5100 3909 11777 14383 1120 17411 4267 4703 12081 16612 5360 13248 8362 9401 2043 2069 8264 1023 10917 19906 16367 16823 6997 3496
17841 16431 16237 17352 1811 9185 10432 6071 10799 19643 11000 9144 7519 5700 18554 19367 6024 18621 19914 15815 19379 17348 9604 17598 9157 15177
3538 13996 17148 570 18471 5645 12688 8156 6954 8316 18780 13839 1217 6332 18746 3988 6569 1297 10116 4798 7124 7342 1937 19330 13852 18838
14123 1701 1623 4109 14885 8712 11839 1943 8967 14358 11960 1091 519 14824 2766 18668 18705 565 18694 1169 5880 3159 2756 4306 2447 3350
19984 11992 15793 13761 11441 1983 14471 2289 3192 18194 16446 15617 2083 17838 15404 367 16726 6836 3034 11644 6882 12502 8338 18173 11693 18845
626 10948 5558 8464 17096 15122 6791 11995 6097 3006 6464 13030 12037 11943 9771 10033 2687 19867 13411 15347 1106 6827 15128 11341 2154 2833
15970 9556 6870 12503 11265 8709 8728 15310 8027 10697 15024 6304 14837 17635 8618 19584 5701 11415 1266 4202 6474 12431 7599 17353 17615 16684
6137 4227 5501 6587 15006 240 13571 10826 10112 11285 4670 11521 2458 19319 7832 17173 2920 10303 6986 19099 17150 17185 876 14919 14608 4407
6979 9209 7731 18124 5522 10686 10251 18370 10659 19698 1932 4439 16872 11900 1516 12695 14839 10013 12359 16150 16290 13498 12947 2199 6811 16535
7319 18244 9334 18053 17694 5267 7674 14787 12136 14547 13621 19018 11384 769 3208 986 15553 16835 8758 14950 9196 16797 19136 8663 5853 10347
11791 2166 18064 1410 9672 1348 8030 16789 5608 19305 6430 18393 8282 13897 16052 6592 152 614 16891 13968 17791 976 10322 12259 10405 3208
17171 15460 1437 3579 151 2739 9214 8571 16031 17569 4476 18889 7927 18891 18146 8756 11436 10227 10216 5703 19646 5626 9118 9616 19357 11564
10279 17179 13762 7394 14365 11104 14677 14283 8185 14995 10234 17789 14513 15849 4256 7862 809 18364 15180 1180 9126 5343 15042 4230 10402 12538
6459 3411 14776 12919 13658 14110 4347 15846 9455 18762 4965 1725 16818 15541 10206 10954 5951 15836 5016 6685 9798 13792 15069 3991 13295 1432
3861 12126 6902 14154 12394 12522 14761 14512 12606 15174 2160 11139 6164 5803 17889 2950 12582 1150 3817 11606 12869 8581 3955 19112 12873 7923
4790 18120 6597 4375 16312 7281 15723 14990 5803 11616 10638 793 9665 17005 5113 17728 3594 16804 6851 16193 2014 5557 3827 11590 11407 19639
10737 2914 14606 7710 1785 10438 4354 15307 6280 15247 17072 5093 19635 4658 9400 5245 18004 4502 19630 8997 14228 8554 3378 18351 5537 624
15099 9014 17452 15095 8260 4463 18939 19423 5072 16696 6549 16758 13202 6775 7530 13872 16170 12187 18518 8419 17743 16785 2817 5555 19267 17937
5672 16895 690 6534 11957 14744 8951 11274 7509 7985 10733 3521 14286 7751 17882 13545 14768 6861 8342 10507 2959 5393 18835 16226 372 481
6934 189 15004 9640 17458 9048 7838 4382 17160 14288 15268 18577 14472 8550 10518 37 15757 6479 4000 8213 13208 10128 912 15578 6574 14272
3044 10964 1841 10539 16403 12042 14158 8337 12078 17904 16619 12918 11954 8464 6389 12755 8561 10216 9435 18359 12827 19037 13821 7397 9811 12060
12249 4175 500 11729 10918 14272 7776 19253 6007 17087 12637 16111 5931 15006 14518 10349 11990 13116 4077 11510 4969 17926 7212 6725 17426 12980
3096 4708 6830 2142 19179 18768 7273 13406 4423 9259 19477 14069 17552 16378 17980 8136 10540 235 12393 9350 5362 5976 9547 5180 14853 3783
8689 9785 6266 12629 16612 593 7749 14652 10485 9582 5490 14767 9856 1280 14185 11278 1131 6945 19482 9300 19644 1800 15761 14417 19721 6899
526 6116 18415 19889 12195 18599 15939 11270 11312 1478 12011 10213 4221 6140 14926 19465 17355 3822 1944 14206 34 3558 15786 1796 17787 15535
18320 13423 6270 6836 16728 19900 16001 2537 13073 809 11280 14002 16777 14038 14170 12110 14122 6412 1129 9048 6114 12322 18348 17502 1313 11451
15184 6207 6404 14416 9160 4626 15335 10693 1879 16228 9732 18578 12159 15158 14733 2165 10413 2351 7277 4601 12305 4957 17819 10721 15714 1192
8554 17386 3008 5864 17064 16561 15370 2313 15655 14240 10709 13929 9654 2770 7208 1379 4582 13775 1267 1257 11477 12376 16058 13289 10733 15309
14557 13295 3915 8021 6820 19217 16789 4460 11454 7058 13990 1291 2353 1292 9900 10758 14509 10248 17977 37 17837 18359 3188 3633 16575 14062
2122 12738 5102 14161 8049 8381 1969 16022 8367 19087 15984 11230 18981 9122 9091 6279 14249 1115 3810 2311 2638 12114 10759 3549 15183 1608
10662 2653 3542 16524 11480 12084 19655 9710 14026 8239 75 14892 17796 1500 18155 8873 1344 1309 5995 1761 14283 7359 1098 3534 945 7640
14798 7757 19272 10433 15390 8072 19692 11804 12934 15813 13086 6435 3448 6392 13594 7223 10439 1621 399 4074 9632 2728 574 1476 14361 10361
6750 221 13991 6691 1703 17695 5597 3331 17420 16941 17006 16227 5591 15040 11297 1185 13500 11691 19970 11457 12607 4270 8225 3208 3307 15878
2861 12643 11922 17275 3955 1290 17296 11474 9796 9255 6336 13857 3481 9973 13586 12776 15818 15084 18188 17084 15568 5479 13284 11839 7003 11428
1453 14437 12855 6127 1816 71 11614 9424 2676 15509 4912 16355 19776 5485 18376 15462 18733 1448 10290 18059 958 878 19455 19976 8652 12650
7083 1696 12457 17095 11040 364 9373 9901 2693 16856 10453 19866 4893 7274 2146 9396 6173 17411 5814 1015 12959 2589 18977 7217 7740 6978
15970 9183 437 12468 9447 6301 5064 15726 9172 13314 14821 15466 11877 12157 4943 2912 4564 2884 12157 4016 13617 16564 15061 4202 1725 13404
6899 1253 17469 11335 1723 7729 10762 12051 18852 3789 9589 17884 4006 17782 10601 18772 13062 8134 4295 12588 13043 7709 19508 5494 1219 158
2231 15051 9668 19015 7847 15123 8444 16224 927 14548 4797 7712 8751 1904 18354 15461 17845 7972 16105 8046 18174 10836 17155 12603 6767 2490
6438 18448 17345 9620 4729 777 5132 13768 5187 10932 9887 12193 14859 13915 13056 12942 7025 6469 9166 3104 19554 7614 17308 6783 18333 6115
84 13979 8879 3155 16733 8865 783 2729 9815 7942 18069 11066 83 6846 19463 19192 11072 16888 5225 3072 16285 10103 1423 17767 15034 15416
379 4530 2594 14119 4890 16935 657 18626 5805 19090 19473 3300 6010 2162 11729 9705 11700 6119 4027 1918 5214 12971 5120 19208 2193 15210
8051 10745 19177 18529 12375 16424 18877 6468 18342 18779 18006 6687 10222 6311 10012 11722 11951 9552 4830 7681 14233 18096 963 19616 8849 1221
8438 7782 14591 6562 5124 9967 12937 4481 6952 10716 9684 5325 16298 16804 16528 10761 13498 7168 6493 4897 18443 12874 12755 5913 1889 15355
641 6714 12479 12280 18979 337 19001 4419 14837 15816 17696 16399 16250 3848 16334 4687 13182 3606 6673 19976 9138 3398 14347 12095 19760 14362
10837 7454 5641 5862 3854 8347 8870 8678 7213 14106 1422 10424 14013 486 10830 2921 16120 3664 11159 15384 12923 11677 15367 6403 149 11108
15487 12466 1323 2733 5210 724 3695 19349 19373 13262 4262 4645 17313 16681 3713 3233 2703 10477 7465 14928 14108 12598 1567 17015 11971 2126
14566 10958 6541 8686 17846 3984 9867 4866 4879 9005 12194 15897 886 8431 19298 8748 4361 14465 12061 4219 506 3916 6980 11180 9612 19715
14444 2427 9666 5714 2956 17774 5492 19114 17485 3504 14203 10782 19388 17422 780 1084 12797 17907 10303 4889 11182 3099 2574 3221 2002 12934
17159 12719 2510 4737 1752 6982 5215 16453 17402 18739 252 12225 4681 14125 14980 13358 13095 2167 10974 11040 13452 9096 13795 15804 10716 62
19154 7458 11807 17883 12975 2070 18840 12024 7433 11635 1065 6042 14436 10054 5132 10812 7106 8054 2471 6284 13322 17718 13087 10141 12892 18920
9059 11590 5243 1806 676 1864 17203 9864 2007 16193 8159 16059 4585 11241 17800 15316 11238 7610 12895 15562 14401 665 5011 17358 7737 18099
8104 11131 5408 14506 3536 6572 7084 836 3865 10801 17861 14602 7327 1145 8507 16075 4604 7862 3237 2456 16373 2415 8471 7192 4994 105
4232 1233 18414 362 12680 15211 15598 3294 18 6731 997 11637 19390 18679 15614 2405 13989 3971 3321 18933 14103 7194 11831 18476 13140 1371
9527 835 2373 5024 13300 11359 319 10200 17799 3334 13548 13856 3808 2885 9146 10468 9986 19944 449 2939 19466 7134 9640 19214 5961 14133
7236 3530 1637 9212 3305 17909 4646 16252 11982 13092 4651 11249 19163 19818 9715 14665 12191 10828 4764 16473 12757 9020 10569 4134 2508 1708
18482 11972 3070 15888 18294 19104 19725 9560 1506 6187 12984 19650 2800 6010 16566 14330 5263 10596 49 11686 14361 2948 12902 16535 14946 7836
2487 15750 6904 19100 681 7581 13887 16573 11874 3355 4681 7026 128 16125 2457 14355 18931 4712 18350 16561 9808 16221 5011 845 9049 18389
3417 5792 19556 5407 3188 17098 4676 2081 11218 6002 18979 6070 6731 2941 5016 4323 19685 10456 7198 8997 6990 2945 8992 18105 8968 8564
18278 6465 6161 2685 632 12711 2214 3960 5348 15523 19008 3665 11775 6486 95 5167 19321 11273 12144 15018 16190 19781 18101 6454 13050 14410
7422 9344 17147 2948 6576 840 491 19869 9403 7616 17224 13203 2594 9384 2585 8859 6706 2722 19249 7965 17038 16471 11713 5960 958 16030
16154 2247 19735 9908 17232 12047 14716 19164 19885 16819 7659 787 16389 10645 11906 13915 4312 5296 10208 5131 10824 16645 10387 16298 8020 4852
82 7601 1919 6173 10210 5551 14439 2779 13692 3780 16281 16009 13074 9945 6197 8151 4478 6153 2427 14447 10649 13990 13876 16826 15752 2530
8563 12249 1488 756 5272 5406 12137 2765 9914 7053 251 4957 7198 4739 5085 18158 17941 8579 10282 1930 15638 16937 16835 16241 16268 9729
11124 2853 2069 981 7353 16570 2531 10481 14714 1949 13196 10178 1606 12828 13066 2517 10583 15608 5641 2226 10909 13797 7709 15695 10995 12686
416 16549 8167 8262 8906 11297 531 7157 2383 4533 13709 17724 11728 9532 19187 3485 7993 4817 16547 13361 17968 7632 10060 73 19190 19646
6286 8623 13745 16184 18228 10568 1278 3279 3633 11003 3377 6313 19333 13867 17863 16682 16256 8494 4381 4099 14969 6769 10824 6636 2588 8225
10263 9046 10512 8807 15918 18358 13240 5930 15634 14938 8087 6175 12799 7045 19965 13508 9028 3565 7344 13119 9698 12809 12318 781 15206 3086
6139 14813 6175 7706 8757 9170 14385 7450 3302 18277 7430 3269 13514 16544 9539 9263 9944 17994 12527 8585 18732 6997 7517 19435 4010 2965
18451 10648 6955 1405 7834 17977 7810 4975 13118 10898 18486 14005 4326 4212 19512 6805 14401 3244 824 12177 7898 4025 160 19095 19895 13964
6005 16932 2061 16380 4232 13783 18389 19529 12507 15280 2053 7104 2121 563 12261 7286 12935 3767 12865 10553 7169 5135 17531 15053 8807 19369
12009 7705 7813 15553 84 9412 14687 5858 6603 5032 4514 16667 9210 2291 16602 5370 9084 7219 3385 3295 442 11506 8556 8263 19386 3016
7279 9697 6223 2630 6922 8161 5872 18091 6284 2158 813 8411 10593 7565 19977 16791 1288 18371 1223 4622 17489 18311 4848 2453 11357 10188
2881 19679 14742 8378 11419 11108 10394 10937 12584 19072 10760 7482 19225 9675 19456 271 16797 5116 13730 14079 513 8655 16279 1433 4352 2142
13177 6355 581 4435 11196 5037 7442 9670 18740 13855 13092 16092 6616 9733 19982 11489 15194 10548 19576 8494 18569 1803 3093 19623 4698 15139
14227 12414 15389 4093 16462 5715 12807 9044 16897 13300 1075 11700 18929 7150 16675 11387 2292 2275 751 19189 6478 4809 17832 14998 8005 3324
17498 19027 14971 17512 7685 8232 132 10117 739 3346 4484 12405 10168 2181 6174 10444 7619 5566 14032 2114 7553 10734 18686 14797 2429 8200
13688 12728 940 436 1826 9510 12188 6056 1099 17359 19958 3161 10458 8465 17089 15941 7269 10811 5255 13604 7922 13789 1774 4386 17470 1754
18339 3284 16426 12790 3658 16534 9150 14314 14089 12000 18853 15990 10870 14880 19635 3546 4351 1450 13682 5578 15667 6330 3700 5657 4032 5126
4264 2016 1338 10168 4531 7663 15854 10913 1191 17045 9714 10682 213 5489 19941 4530 9154 9897 7663 9181 2631 8312 13423 15806 4931 654
16382 4255 942 7037 8006 11379 2834 15826 4958 4547 19468 8398 13276 16127 13552 17102 11945 9958 14292 7608 18648 6349 18774 7440 13871 1516
17312 9276 8368 1667 14600 9402 17823 1781 12438 650 324 13777 15042 2734 3672 6699 11061 17301 15465 4447 15471 3025 17251 5633 389 4394
4010 19984 8071 2406 17337 2088 16654 9198 14025 14411 8166 6387 2277 3664 18325 15526 5492 19981 2018 8138 15393 5104 7165 4135 10318 16572
4790 1843 16057 6732 5397 17506 19922 8788 3080 2260 15786 1521 2534 14 18526 18239 5051 5984 6381 9697 7969 9970 7545 18164 4187 17410
2407 11038 3129 5897 1259 19142 6996 10240 17970 1124 147 2914 5404 2122 13552 4427 8600 10594 7845 19414 262 13666 10782 7241 9603 14572
14279 15239 12193 9474 3000 8242 3126 11499 8020 8344 8528 15749 4248 7635 13032 2020 18509 3099 15226 6238 17605 5982 19040 6486 10444 6518
5112 6915 1244 934 1755 10625 4916 9231 15256 13860 2450 16780 4983 382 11585 12128 10694 2772 10645 11123 7805 15144 8215 2294 12826 18925
11778 6153 14912 12912 11634 16082 13696 7579 16189 4997 18297 5235 11884 17448 14295 7533 8310 12547 18892 15921 10376 1608 11667 19434 19777 4827
3586 14422 4387 11681 16577 19224 3003 7616 2762 13822 2635 19332 9511 16554 4931 7311 16403 14714 14366 15138 11300 7961 7619 19604 11617 17413
18612 16405 7043 1006 16555 1258 12727 3529 11665 5638 15289 5410 12614 7482 2885 9518 18654 16980 3974 6340 19718 19494 3681 12977 17623 16187
8781 9077 8260 9754 3104 286 2772 12137 957 8910 2568 5300 12511 18579 19843 1446 16834 15748 16248 4143 4784 11655 4318 1859 1594 12055
2613 16304 13068 7072 16482 14198 12066 10704 2717 3328 17192 709 16737 17235 14720 2549 599 2492 15627 19208 17528 12551 2158 14461 10207 6002
14413 12162 16293 16469 10025 14702 19417 16258 8891 5065 4714 8694 10670 3596 1095 6940 13643 13795 17686 9500 18014 12679 10774 19733 14842 19157
8141 1817 1294 2960 4289 17518 18613 18045 17783 1006 15442 5859 16349 12760 3741 5438 16037 14856 18890 8095 9412 7531 2860 8780 18544 9419
12665 16166 3217 3774 6473 8573 11017 16620 1422 3661 8269 338 16183 6564 68 5323 863 11723 11314 14973 7534 5975 5017 14902 2393 7697
3926 9682 12912 18205 13359 18776 9746 3736 19015 9128 10436 5304 6438 4525 3572 5026 2929 11780 10172 17573 17231 14993 7137 797 6066 2099
17915 2575 8693 15278 14348 12029 15584 13809 19787 4909 8102 3712 9330 2445 1405 8752 925 9003 11913 16445 6988 17461 11254 10494 2411 17741
17047 10904 13043 10615 6261 13610 496 6150 60 2889 13267 18546 12169 7925 2538 7157 1613 11164 4205 13001 1713 3208 6847 18931 18085 18477
15593 162 1668 1635 2468 1754 12692 6706 6760 7726 13905 3008 15839 1211 7036 7506 18329 11937 11322 19045 19629 7600 11927 12428 5976 4855
1405 13920 12922 2370 1909 9793 8093 14772 17294 7374 17549 11842 16877 15502 5325 14610 2009 8038 15767 6211 18521 14823 15405 5861 13941 7164
14638 6828 4478 17399 15921 396 2683 18451 13356 1380 13712 6520 7853 16492 14785 8589 3568 9135 8354 4696 15323 9716 7611 12295 19234 15908
18196 2444 1362 12601 5085 15610 9895 6648 6159 4654 16659 18964 9679 2572 10940 14852 1186 17588 16884 5145 10429 12293 10988 14740 13343 7604
7502 12826 11834 14750 15790 15906 11884 5775 9191 19706 19095 16592 4611 8120 13822 9377 12325 19364 10521 1726 4691 17742 1634 4652 4307 9039
15623 17793 9850 9547 9067 9851 1529 15132 13041 13105 8474 6490 5949 10338 17377 15118 17998 13557 11202 6507 16173 701 8362 11707 17293 11918
4174 2817 11640 10064 18601 5562 1358 13189 12422 1934 11156 10942 12569 15173 1856 17488 10470 8371 9687 2190 17421 6237 4668 13732 19182 10861
13784 6403 3274 7464 17209 4584 15998 6981 14990 406 10982 12585 15359 19525 10596 3548 274 9057 331 11530 11116 14818 18216 11001 16298 16926
1000 6678 15210 4393 4227 2239 3694 4345 13604 13916 4847 16620 18927 16636 11997 12601 11074 2131 6680 4346 8060 2490 17897 16900 3810 19937
11770 10978 19020 9362 14509 12575 7047 15379 19256 7875 15901 12470 9630 17454 5054 2140 18251 16695 16701 11562 6790 18455 4514 19413 8195 13796
4404 15103 11036 9066 4194 2292 8179 15676 18906 12627 10514 12527 11292 14247 4786 7947 12384 17084 19640 7194 4025 9505 19472 14675 10345 9728
11724 8027 15863 11736 14364 5792 11383 12009 17568 1723 7621 4853 7707 10766 2399 4258 8397 15046 7402 6970 12923 11111 15711 12822 8197 2107
6684 4155 12913 3583 14341 515 5385 2592 5021 7592 8648 15136 15331 16292 10567 15360 12826 17846 4166 18347 2546 3498 2583 4725 17620 19921
8629 10629 3062 3518 10475 16567 16288 7362 8523 7577 10546 2399 1788 11447 939 9513 14358 3497 1470 11379 955 6327 3966 10598 12577 12784
7552 18847 8704 15580 4917 13599 16512 1402 8582 10280 16939 2843 13373 11033 16375 13332 5942 6906 8832 4236 3651 13986 14050 17761 4943 9771
12853 6440 9482 9276 8386 2942 2855 14644 3122 18531 14735 13316 19747 12854 10560 14560 5355 6135 11840 4318 7367 11948 10532 7803 19882 1462
2214 2925 5178 15904 19752 19242 16372 17785 2371 8619 11130 18320 1553 10096 14138 19 2192 17919 5931 16147 14296 7958 15975 1325 19695 12556
11614 6002 12409 15357 7340 5790 9023 13158 5593 13770 3153 16855 9843 8586 10673 19579 17343 11480 14553 3251 13935 3427 12872 2185 17153 322
1108 19115 5898 3023 3372 8862 129 10959 4981 18245 18444 9930 4270 1470 6580 10866 18340 14540 14715 3808 19270 4160 923 9909 8615 19060
15512 11634 12703 6307 15506 18181 15981 9787 17551 1756 8030 11222 16247 8514 14637 2646 4061 2279 11438 13511 132 15691 4514 18864 892 11526
13431 2604 18111 8712 5327 18537 5888 6474 12701 16769 9556 3968 1451 5539 17944 8565 10331 9289 18952 11177 10361 19880 14003 6263 18470 19988
7224 19438 13049 6629 8554 2300 19878 15956 6298 14397 5496 17 242 14419 2174 15202 4931 16356 13592 10320 951 7655 9357 97 10377 13332
14850 777 6056 79 5711 12942 18862 16466 12772 19782 7534 2991 9825 1437 1363 1286 1760 19320 3731 17979 11221 7256 10159 11008 363 1671
5105 12011 2765 10031 8376 15557 12061 1676 18982 18223 6153 5162 11107 12452 2698 14360 19740 10789 16681 3551 17404 18788 13736 479 11119 2475
13477 17465 9184 14135 9921 10252 11775 3273 9002 15482 16988 7590 10147 1208 10989 18030 5484 5194 4039 17866 5118 15885 9565 869 5618 9872
5671 4688 5339 1635 18603 11163 1565 5311 3132 14793 5220 17326 14018 4649 3897 19468 16615 1435 14155 14931 16558 719 6819 17822 4881 8174
7055 19666 13180 2251 2125 134 18478 11518 5907 4886 16635 1938 6615 1303 1407 9341 8417 10910 11560 6502 6725 10456 2535 4038 19377 3218
3915 13855 1579 5994 12019 4394 17666 965 8673 18621 16241 4961 12279 5015 15583 10826 14365 7101 7867 9048 8208 18711 2802 16804 9435 7192
13885 8435 1975 16220 2044 5896 3355 126 945 13748 8537 18556 8679 17146 19701 17684 19562 19375 4587 16999 4854 12869 5594 6371 3002 12291
4238 17888 6616 6204 14292 2341 514 4694 9026 4779 12762 628 17188 14175 12774 1344 4902 18264 13575 42 12097 10982 5673 17710 16500 9558
7923 4262 8582 943 11472 13675 17552 2119 10996 1777 16467 19774 6473 4136 1857 9489 16074 15145 1783 14679 13054 18653 1769 13853 15416 2196
7999 5486 7959 8018 12598 3805 16216 841 15957 8345 7853 15007 1891 387 12680 18292 18724 10332 5933 5789 11652 7741 7680 18580 12997 17138
16566 9305 930 15688 17035 8507 4857 9761 19970 11911 15911 8525 8397 2387 11182 13832 4104 14628 9170 18908 19157 16064 16449 8494 6927 3789
9491 6445 9658 10204 5813 16658 16041 5643 1717 8096 279 9020 13211 17223 18228 14732 6336 17936 868 10378 17490 649 4900 17812 11442 18168
16183 2172 17055 11212 19848 16282 14949 5872 9959 2532 13051 11748 1055 14124 6730 15749 398 18463 19426 8965 8196 14982 1721 18654 2046 11618
17648 2317 193 13054 4224 1569 19416 8952 19447 4691 10988 15027 1136 9670 17724 217 13992 12767 14295 10836 9774 333 800 12136 19202 4846
2552 15757 12722 8138 4543 16635 4998 2531 3202 9297 16527 6354 2627 6524 7192 4123 6638 303 7280 11887 4858 169 1239 14171 11512 13625
13972 11376 7050 11717 11804 19078 4990 8743 14421 990 520 16628 809 4043 2409 9290 17808 14818 5937 14144 13548 2297 15311 4323 18153 15378
16187 109 14794 8630 1355 2920 18655 18782 12399 8403 17371 15528 19751 6626 16841 3257 3767 5089 8340 19331 4625 6649 9506 14317 10375 7033
6451 1601 9902 9085 15830 19640 16113 7180 6040 4079 12134 17641 13801 11508 13538 14047 19879 946 18632 1412 1234 10727 2287 11013 8367 1920
9189 17203 8571 1574 7540 5978 13933 6016 9600 1768 18808 2756 19456 4387 730 7375 17369 11457 8944 6360 14899 13850 4761 17490 18145 14592
9141 17150 871 18263 1131 7488 3836 10425 19408 4292 11252 11315 19859 10856 16285 15692 5715 6416 7058 9809 15296 19624 15517 14235 2527 8015
8975 1708 3135 15007 12629 5262 9486 7916 1898 8195 17366 10055 7425 4784 16112 508 559 9728 11465 3893 2513 3407 17017 9701 41 16444
18884 71 1848 14967 16760 16317 16541 7021 8867 16548 569 5631 7281 12628 13313 1873 7760 15322 4577 12869 495 7704 1344 13027 16682 2023
7304 18842 3278 19079 614 16334 5444 7881 14435 18272 18150 3150 8020 1741 17376 4827 19808 17019 4128 19666 1121 12135 3428 7947 1672 10073
14282 16436 19456 12246 16893 2053 12423 18342 10057 10842 208 17828 16659 15109 14014 13975 11737 13112 3758 6723 16848 968 7647 9260 3452 8287
6841 1675 1052 18503 17076 13434 8565 2260 8084 7265 19747 12028 13824 9989 4191 18703 3652 19397 9217 2724 17355 10835 7064 8599 8915 14940
17207 16941 4640 14832 2205 6601 1431 186 12030 7896 6241 11097 16183 2353 522 17344 18141 6994 18547 7205 2465 17615 11012 19077 19333 14126
9687 1594 13625 2789 13853 6224 17274 19985 12459 100 4960 18904 11372 28 9025 17080 17979 12495 1452 10182 17784 15729 10555 12859 1944 13932
3332 13515 5686 12522 9230 15460 17183 19997 3534 9359 3754 15742 5286 12803 10443 1822 12331 6903 4918 17440 12262 8214 12416 3420 13276 4331
6858 13916 1784 7011 13267 17040 11837 2349 12790 8003 8607 17281 4032 7358 10650 2476 9177 6409 2909 14586 4855 6037 15361 1988 3017 4443
10055 19247 16314 5480 5667 18383 729 15328 9262 16671 19282 2739 1004 478 18957 16456 13119 5487 17725 19760 15423 14134 2142 13700 8869 19191
8316 18473 18692 11293 8148 1231 9710 10954 17265 8156 14827 261 5042 9395 664 2659 19082 16139 12316 16059 1963 2031 13332 10437 5651 2484
13881 1422 5291 10714 9456 10152 11475 13845 1419 1850 1170 5003 11320 9635 16761 8821 10054 7089 6103 558 9400 11937 7228 15058 12670 5475
7319 12232 4649 4157 2352 19122 9674 2086 15709 8515 13197 17956 4083 691 15638 6632 12501 310 200 9420 12765 16867 15765 420 690 19013
4945 19246 15350 18886 8020 15409 8152 14970 3979 9251 6212 776 7145 5865 13034 13374 15304 19065 397 159 13511 9571 11281 13465 2792 11991
8112 8756 7788 17058 13316 18982 1478 15747 13437 13661 19070 3389 4814 18394 19352 16752 15900 13773 1476 18919 2676 17319 5232 11033 10687 4360
9048 7402 14639 14519 1198 13120 13882 14434 12838 6786 19006 2528 15919 17989 12259 9240 19350 1101 11321 10203 6647 4981 18305 19119 1316 9259
7743 6292 3189 7262 11900 70 15093 5232 238 3225 13653 18665 13910 4755 7599 13088 17976 11823 13980 561 15047 3074 5312 12917 9463 9164
1935 14290 31 19954 1035 18652 11743 15017 13018 6283 5608 12484 19387 7919 18636 9323 18320 1587 4078 2961 12597 11341 15877 16301 14754 4594
12431 11549 4486 17750 4777 15296 17631 16289 10448 2259 13268 17647 3655 6296 10624 3795 19965 19249 17659 17142 15012 10105 11320 4821 6128 14514
14326 9035 17809 17951 1398 6645 15277 4173 5173 2799 11301 17064 229 17952 3473 3412 7362 19563 1491 2433 9053 12260 17524 19988 7210 9776
11913 16481 5269 16137 3191 7399 12175 5840 11037 14253 1970 9026 19784 11824 6026 1664 8653 7367 14285 7707 19960 7088 14840 6581 15165 19436
5604 19396 19134 14593 15019 5803 13445 16695 18699 15266 5458 10154 14858 8211 12525 19324 6748 14077 12321 3032 13038 2623 894 3189 10445 14371
16458 655 17174 12613 18191 16858 8892 3652 14282 7365 11506 15597 4576 11271 3019 6774 4914 9226 11270 19782 13721 11598 3170 12687 9994 16098
9761 4437 1183 3053 4427 10680 5959 19446 15788 45 10548 17229 18806 1909 5768 1064 17194 11001 15980 12743 5785 4961 16120 17757 6809 19632
5637 15360 16358 6193 11023 6233 7526 10882 10950 4508 7448 8704 1889 19006 14013 17375 11107 19858 13698 2561 4343 11333 14537 6304 14250 12750
10148 14146 236 16765 11632 12803 6904 8959 11221 19668 16502 6743 16958 9858 3039 8323 11077 5793 19447 7767 5528 16995 1798 1177 3500 1763
13457 7236 11897 17404 381 1444 15855 4356 18289 1432 15352 16881 19156 13812 3025 4903 6366 19350 1247 13607 19178 4248 14079 2248 7950 13183
8407 13245 3792 9976 7366 7179 5055 19385 4654 18554 18892 6049 4314 11511 1385 7685 9927 12402 17525 18254 19484 13099 16142 13900 13742 17637
6036 19445 9559 8616 10139 11347 435 17222 5930 16969 13415 1801 12564 5625 5596 7694 5913 10963 18177 2427 811 12379 17627 13181 11567 157
8773 6102 13777 15365 14190 6563 4859 3472 569 507 3606 13689 12977 2440 9147 14784 10334 17874 14101 16145 7711 11528 16670 19276 12378 12715
19685 9300 9560 15919 18721 1775 15326 2456 500 3064 1865 10485 6870 6475 13703 5033 13163 7346 14552 16154 5608 1975 18560 2658 16260 14579
16466 10055 15410 19098 6397 17685 12555 1491 7532 4138 2455 8782 3751 11334 4215 11493 822 1865 5695 11897 1487 14968 2324 2178 938 370
5240 12767 14397 15917 6153 3502 8377 14210 3855 8909 7906 4343 19323 15022 3704 19766 2024 19553 1 12871 17860 12048 4151 9933 5761 3287
4 13757 15417 6050 15682 10993 12669 2530 4088 18198 17626 753 15568 18359 12233 7573 18253 19023 18662 2561 3226 1806 2033 19403 19772 6569
7756 13510 5224 16019 5478 12619 12305 2742 10347 1337 9485 18281 5883 5825 8986 7962 16729 3899 15794 572 2004 17432 15270 5393 18650 8217
8655 19511 18889 3143 10020 15055 14393 8059 18181 13129 9508 7403 11428 8679 10978 19615 687 10519 13805 11352 19926 11955 267 8816 8085 4944
10499 15635 16222 9029 427 16535 19886 13809 15812 5301 12104 3488 10630 14984 3292 12098 10740 4012 341 15133 8293 13410 5457 19856 10859 8812
4134 9559 13673 10990 13222 16044 9087 6197 5513 15557 5456 7381 17034 10106 3918 17226 13642 15245 9021 11453 1055 12938 4900 4571 1653 5515
11906 11237 13812 6869 13228 5581 19829 18682 19358 17302 19701 5058 16008 18246 12862 6973 547 8403 3842 11549 11048 13104 7988 16889 16747 8782
318 13306 15133 17339 19225 4908 10127 15133 7796 4007 8333 15254 7489 14679 18394 6568 2262 2304 15258 2588 5687 11301 9292 59 18461 526
2910 18685 12069 12436 16113 7803 10972 19181 7840 4797 13045 19295 13488 15966 15263 12188 18353 6128 8017 13402 17948 532 17471 1932 3291 19114
2292 14134 2851 11478 5922 11163 5239 9591 7951 8156 10591 5482 13140 12796 7879 13082 10958 11041 5959 10606 818 9058 18700 4384 4314 15958
13478 12807 1929 1254 5182 17248 12011 6009 17059 6920 17171 7730 14531 3547 15667 10043 2250 10965 4266 15352 7563 12881 4402 1487 17284 612
17321 16617 12900 2374 6553 17306 6858 2376 6222 9584 91 19952 5542 9540 18939 9686 9357 18571 6289 9238 16965 17327 11818 2837 19594 18655
19316 3894 3522 11681 1536 11127 13538 9374 3725 6507 18621 15950 19317 9167 9336 2497 196 8449 3913 18254 19217 12525 8388 1030 2339 16672
12123 18566 1365 13994 7116 4017 16112 11004 17610 19154 17129 5618 2632 8013 7634 6892 11312 10628 2695 4420 2297 19533 11602 18743 4319 14151
17453 18251 758 12733 14197 15213 16155 2071 4951 17348 16296 19422 3715 16813 10433 9449 7422 2279 17993 16166 7252 5667 6684 17592 4200 3594
18899 7060 12142 8205 5244 11944 1253 17767 1956 6998 17277 19372 14813 5645 7452 9120 761 14323 6734 9663 3509 2663 7320 15619 18981 6008
6465 13514 16900 2318 14411 19739 15015 8265 11971 14480 8927 6418 4335 1256 14896 3757 15762 7820 316 8391 12798 10390 11399 8341 14913 9770
913 17145 1586 13684 18365 3853 15868 9964 7336 7498 6649 5092 12941 5419 11362 16408 12054 19909 16599 15217 1704 14369 1380 16973 5729 19081
12173 7473 15957 4495 841 15734 7698 8194 18133 9749 5976 17057 10674 3512 6258 6879 6006 17276 9867 3992 4879 5446 172 13225 18145 3974
5476 3810 10850 10397 16389 9819 6302 18310 12421 4426 1525 2914 3801 19680 1026 6132 13962 13144 1425 12905 2922 14674 7330 253 4345 15086
5610 17961 18417 2702 15088 19623 12637 16565 3504 16528 14553 4377 11021 9930 8785 11177 6049 18020 11877 7978 6871 9732 143 14615 10313 1291
6817 4516 15548 18555 11879 8237 4621 11817 10076 8483 3247 6515 7113 5685 6528 14931 12100 15093 9149 11921 8135 16037 12745 7442 1581 9766
1632 5760 8778 12139 15076 15869 12790 10583 111 11391 4927 8877 1344 14659 2446 15526 4345 5676 17564 6256 17761 6964 18545 17327 18733 8587
17695 9889 6059 16886 5128 15287 14046 19407 16609 13499 1078 2882 19898 7607 12344 6758 4238 11854 166 18281 3022 14282 17135 13119 16724 7540
14879 18075 17763 8323 1696 6175 16778 16459 12640 12882 7819 2757 16043 7235 16478 14925 19919 4987 10997 6458 10676 9059 14932 8624 11832 16330
16314 5144 14398 2009 291 5818 4206 15912 18687 6539 1614 17861 18171 4555 1903 3444 16502 267 7388 14246 14276 18369 7160 3468 10471 16423
7587 17299 988 8243 12290 2369 12485 13761 8093 14687 9253 1385 16973 11330 426 308 5556 18073 13159 13035 8124 4601 866 8129 17079 5734
6002 16348 9157 14314 3729 6489 16510 120 10149 8909 10037 13098 13602 6379 5964 17108 9943 1851 8640 152 11939 17494 14860 7458 11537 11493
8736 13093 15116 1337 2654 2633 11615 5839 5180 9863 1581 16360 6484 8951 8087 14171 9666 10661 11318 5965 18813 10767 3791 10256 10796 2413
18278 2414 12179 3498 3841 6248 9578 5634 5359 2250 17590 17271 2499 10733 14607 8939 2993 876 5289 1836 15639 8485 3059 18347 11788 19541
14339 8732 11314 16798 16679 10981 19528 19928 19736 2207 17619 14043 3239 16447 14992 322 18975 15783 8967 13822 12167 10055 10426 5193 1983 19044
11881 14771 10350 6721 1243 138 14989 17993 14158 14845 8736 9067 1884 19891 3441 15070 9331 187 13783 13384 6326 18664 10702 19933 3361 8018
9847 15904 3866 18649 4151 17495 16780 6632 6166 9205 12105 18821 8213 12281 11319 10065 13064 16062 9222 13315 5155 11301 1244 7048 2679 11111
15893 13945 12933 18025 17580 9770 8342 6711 19308 9262 18380 13029 7694 1436 4370 13930 15125 11708 15904 2458 11729 15544 16896 12744 3305 19086
4334 14197 5324 1459 10400 14268 981 1940 1277 12590 16901 2555 18014 11633 8178 12062 13637 3732 3384 19569 1058 16976 1173 8753 445 258
6203 12594 15654 9817 12901 12972 18781 15685 6465 6966 16915 876 2952 13370 3657 19293 4291 3897 3179 6413 5976 16840 4671 12067 17309 18932
13305 11870 1217 13584 11011 16082 6944 516 9561 10293 4970 11873 17874 2009 14512 16260 15600 6499 10507 3831 11525 10556 820 6458 11243 13047
11639 12566 19801 9152 15493 1613 1492 18703 3408 2975 9169 3652 7094 4450 626 3139 5949 2809 17001 1642 1094 12178 15989 11652 1793 8164
15545 15546 8833 15759 10566 5966 2400 6584 9224 1415 8840 3376 13367 3411 449 10724 15332 17913 11298 15648 7651 12605 2855 16818 19132 6436
18882 8750 114 11281 11033 5817 17809 2967 12911 2886 11440 15843 19938 8661 11005 3275 3952 17505 12646 8380 5553 11885 7450 17544 14133 6323
4211 3208 14152 425 10074 15499 1400 3238 10140 8442 6375 1994 7155 13317 14981 2582 17524 9838 6649 2100 16931 10675 6824 3484 8116 9755
777 2984 14590 17448 15517 6394 18597 1005 7073 8018 5285 11231 5601 323 16399 10642 1149 249 1309 6325 2584 18427 13820 5275 4726 17585
1973 18778 2052 16222 19971 5988 14723 12085 5768 17621 2747 2055 16095 9653 17414 2982 18416 9801 9029 13881 11180 15135 15613 16856 6403 9261
4556 14302 19394 10329 4996 13309 899 12759 5752 10066 13593 9681 12953 19442 15681 16557 17648 12034 696 2839 7215 1496 8728 386 3571 12531
3494 11097 17851 15614 2882 4715 16158 7740 6721 3295 621 13149 14889 8435 10777 2274 1913 4148 11247 4036 7793 7980 5501 8450 9032 17632
13377 11889 18505 12076 3724 8503 6019 5625 16538 1430 5528 6791 597 18127 2367 19244 10036 5170 2558 16372 10406 17436 12662 13351 19862 5943
17768 12996 18840 7209 4749 19155 5387 5668 17765 6721 7561 11901 976 11427 4400 3072 1465 12869 14204 13418 15232 18468 18137 11281 3526 8425
10407 17284 8650 4311 15554 5560 13631 2666 13900 16257 968 13591 3707 4872 4312 5399 18032 817 14307 17346 14223 11765 14499 7991 14110 16657
5386 1698 911 2942 1816 19471 3517 5836 2845 3915 10955 14876 4738 16875 1410 9612 14792 5349 2415 18046 5919 8419 7093 10990 7827 6746
15322 15318 7416 11818 877 11966 4368 1160 2304 15437 11959 19642 6100 8034 192 15569 3873 11546 15556 3260 10603 11389 14483 13624 12006 4869
4306 7308 13715 1904 3579 8163 19752 9275 7165 16306 13604 11259 18923 4141 17821 11952 928 9945 13495 6339 7869 8118 1470 18377 2856 13217
13348 12744 8545 1282 868 9995 8617 14352 15809 16301 18770 1165 18695 7978 1997 10338 10100 903 8885 1436 18935 12515 18586 14054 18685 16463
1722 7463 2392 17256 18677 18167 12797 3620 1010 4922 4323 12988 16609 6398 1978 17210 5049 13546 17324 14231 16254 972 14025 18787 1630 13579
3254 13691 17794 1111 12405 10253 3144 15000 10203 10191 13441 12548 4043 930 19761 7598 11031 19380 14598 11586 5730 4241 19033 18901 5760 8472
9764 16655 15201 8162 537 14302 15912 15435 4959 194 7762 5734 16152 4839 658 19874 7294 2700 18409 16223 18221 1023 3189 7481 1468 6527
6221 1955 4675 3544 3788 18512 15519 8219 15940 3488 15057 589 3255 3026 4302 14478 3842 2942 14698 3659 8791 12357 10577 9475 17502 10960
15 19885 13744 14152 4570 15545 17976 2183 13921 17585 5699 9080 11127 13902 897 12260 4959 16124 3483 13672 5475 101 8952 9826 357 19948
13442 8369 835 15816 6445 6333 13050 2533 18810 1675 14243 1270 1327 3133 2783 16569 253 5169 17568 9302 12337 5440 18883 10738 13927 6603
7141 4995 18896 11342 4395 12980 17356 11201 19652 15882 13627 15412 4733 10099 12125 14962 801 11026 11501 3460 17748 5067 11591 2842 575 8737
6818 16139 16971 1735 18144 16340 2416 11764 18247 18707 16159 10197 11524 11379 11912 10991 13232 2971 8193 293 6269 4087 4491 9713 13995 3631
14502 11472 1052 15108 8256 19861 6169 11908 2304 11271 12542 19085 12392 16027 6735 14602 8198 3195 12481 12263 4074 8639 7559 17299 6081 19060
4198 10164 18670 17705 1917 12783 17832 19063 5722 4978 13699 17965 1920 10727 4629 11232 9251 16019 5315 11018 10646 1329 6494 18707 18978 6715
15337 13410 3710 19151 3597 10543 3579 9752 341 11133 11977 35 14355 5741 636 1133 9862 19520 19580 15990 18800 1898 1906 4981 228 6868
7401 10372 12583 1526 9402 17185 1367 15911 6529 7676 7041 4015 14135 13892 17811 5702 17013 10453 7974 6921 9005 9718 10108 12204 138 14168
15200 19348 7737 17336 11880 16811 14436 11178 6191 5401 7932 1425 292 19797 6579 2806 8739 14582 8428 14408 12666 143 3638 11050 12348 2090
2905 12277 7602 5786 7176 12885 11993 19653 8295 8762 19702 11061 2340 2134 12538 11717 4545 1368 14469 10899 8369 12338 18420 435 19002 16506
7471 11416 11611 1496 15387 15645 6384 9571 7207 18996 14097 5762 10442 627 19544 18831 15845 7934 16283 4650 7823 19060 8467 8851 4582 15790
13581 14055 17284 496 17566 11556 9515 3380 19514 2000 10889 8623 8423 10101 5913 8321 14042 12010 14120 5631 19966 4841 17751 2125 12107 1253
3791 12498 10584 3688 19447 286 425 12127 12113 962 4370 9919 8004 9376 10104 19932 3976 15355 15062 7761 13048 570 12145 12629 296 4802
4111 5779 1057 5379 3049 11919 7318 275 1978 13987 1951 11938 2958 16084 7842 15110 715 17883 8995 15323 14436 17282 974 18663 7182 9102
10326 469 5842 7144 499 3633 6297 17974 5737 15143 1046 13844 11534 9038 6058 196 12599 1777 7858 15940 15503 17679 1787 17800 15472 9401
5098 6924 18767 294 10261 8412 5225 2647 2833 9997 558 6584 8866 8646 11836 2307 277 11932 16266 17262 12236 8397 9092 13124 10350 16525
18167 19704 14011 16035 11325 10676 10353 12673 8254 8902 15296 8106 18316 13740 10843 15940 2779 8406 7850 12018 15568 5172 13002 12432 7158 19935
4499 2605 19894 7551 3792 6228 17056 8532 13332 7465 8663 13412 13885 2975 225 3942 13298 13279 1405 6872 1123 12047 8930 8858 14364 9977
3848 10449 6349 6251 6338 17211 17753 16180 1836 2478 2475 3391 7154 10994 17708 10220 2050 2244 3303 2425 6158 17669 486 15640 9873 10169
17583 12797 8820 5287 8796 17537 18097 13826 6507 19772 17302 3886 12489 5051 2938 11887 8882 2260 15339 8004 7964 5830 9066 4557 9422 229
3808 9778 3298 3982 5887 7696 19161 7708 5789 15878 557 9435 3784 3223 3970 16451 12720 6164 7584 9130 19498 14079 7853 15098 12943 11025
711 12952 5907 5838 14938 3462 7795 17139 6633 9100 11227 11414 18383 15568 2539 17003 1208 5815 4780 18244 10611 8407 2446 14320 6522 478
10955 19029 3325 9162 9779 8030 19270 7053 11120 9013 17637 17849 15457 5354 10147 7134 1853 3734 6586 7 2927 18996 11567 7112 14317 15445
6879 9329 8349 7057 2404 6633 11643 14968 18419 13896 3055 14066 7406 10937 5692 15355 16636 13622 15260 17326 7358 2893 2763 6555 5916 4370
4075 15404 3107 757 2067 9790 13873 9098 6959 10902 14096 9127 14259 12589 2773 8561 19249 2816 560 19801 14167 395 9453 9419 3325 5136
