365
70 9 44 76 77 36 11 65 44 50 53 2 4 13 56 83 28 44 10 63 42 77 69 53 93 25
14654 5584 7190 14218 13371 18435 17154 6435 17813 13842 9777 9118 16773 7204 13459 15482 16898 4708 10062 9807 19237 15446 13018 3250 12033 4558
8653 4915 11163 2269 18091 13037 5351 13601 13959 15289 9216 5101 10519 6724 9121 498 716 13058 13577 17974 4453 14301 4940 9509 310 1583
1293 10087 3949 242 16982 1917 1263 16869 273 4958 5713 14716 12110 7556 2155 907 6314 8425 16379 731 4157 6388 3694 5421 1103 12397
7318 6611 6663 17441 7982 10925 7436 35 3777 18775 8269 10317 7579 13591 1817 10554 13502 9644 18862 5351 9440 13353 3806 14249 1724 12396
13458 16382 887 10647 12759 4484 4928 5582 11285 15429 13231 16829 2822 10646 6501 15558 1459 14514 7279 19286 7669 14603 5690 16795 11135 5479
5763 1027 14934 1734 17981 15194 10225 1781 3479 9892 7612 10494 7174 3837 6251 19737 5394 6615 3510 8206 10417 11835 288 4899 12118 6187
7498 14182 7211 8192 8249 17748 11012 10473 12832 15125 9787 6867 3731 5318 19203 18434 2385 8410 2388 3387 7284 6692 4205 1336 9022 12024
10444 2215 9391 3486 11101 13819 11974 4042 12019 9452 4059 17612 11351 4320 17286 5732 16699 512 14467 7659 10374 6951 14291 6860 6955 13124
14587 12361 17455 16831 1962 6601 8016 14876 11687 10397 16624 9714 17403 18239 7107 8330 16510 7602 7514 6873 7961 8101 6733 15513 9982 1385
3490 13918 4713 345 8880 18965 19831 11110 13007 19780 18957 10107 2250 8148 2970 1304 3645 9802 5825 5624 12482 10379 4966 17770 15105 5292
3692 12027 5058 777 1390 16685 13220 5343 13502 77 2916 16726 13023 13969 6157 19953 19687 10344 6461 3377 8200 8980 539 18475 2767 11071
9170 2814 293 18631 8662 18392 17486 17802 4285 14791 6808 10990 11799 7758 6847 10575 6771 9200 19997 7920 7061 101 12584 5869 11864 8469
16519 3917 8394 19041 753 7759 14641 15877 19689 19910 5899 3663 11464 7371 3884 6506 18859 16435 19507 9307 727 10223 13355 16908 17747 17728
16407 1166 13914 3012 7295 10460 4701 4305 969 11605 14357 8183 64 1289 19879 7026 17894 8456 16900 4839 7198 2057 17734 3982 8483 10197
8126 548 2831 11232 19342 10654 6571 10904 2466 11373 7891 15975 8187 6574 5009 12521 5369 806 9395 8877 11845 14647 18466 16278 18634 8929
8805 10608 11424 2713 11136 17221 5000 924 7425 7489 15969 867 5388 12061 7739 963 1 13669 11892 891 7518 16985 5140 5921 1585 13722
11162 13423 9869 1229 4310 9943 11722 15972 15688 9080 12539 12013 14525 10913 17808 12299 1387 2520 18024 1976 9156 18119 9317 14917 16663 8910
907 10686 1654 11817 5920 14723 7996 653 15191 11115 8449 9840 16226 10799 4614 17415 8122 667 11500 17081 1531 10059 2123 1456 5453 6897
15233 7950 5029 1407 4319 11636 7041 7836 498 11536 3990 13816 10025 1476 18598 2012 10604 16164 1929 1696 17716 10345 10536 13691 1149 3722
8038 4977 6419 10122 14920 4192 15167 12658 19614 16917 9692 417 2116 16736 12953 5442 11765 18401 11393 6246 17665 12079 5062 17552 17890 786
16711 127 6900 9762 1943 17673 17725 1817 18466 7368 9173 18493 10619 15984 12788 12071 2517 17446 8318 665 1095 13882 18426 14124 10748 10974
1054 11555 13564 8846 12439 7694 1196 15871 17814 8828 19105 6556 12355 1935 16316 11032 18207 19946 4758 11175 16646 18865 11335 3786 14474 5716
18752 8747 9575 19558 10617 3371 11664 13607 19303 9427 1929 13218 227 2356 4957 11937 294 4746 14840 3486 7207 10143 9760 15131 16906 5493
16107 8994 18141 2633 16766 18545 2682 10645 7239 9056 11892 19188 5474 12100 13870 6641 10985 4230 3418 9533 8573 10226 13085 7330 9133 15209
448 1564 16147 4520 4875 7928 12537 16600 19639 1848 8679 765 947 6311 2725 49 9367 6487 503 57 14868 17920 19755 3909 8320 6422
15297 7926 1450 19198 5690 7074 12349 9190 2286 11844 3377 12432 13487 15628 7760 15264 5425 11305 5403 15272 6815 19442 7085 6586 12791 1439
14967 8366 7978 17300 11256 19650 10196 8905 9633 13844 13072 14113 8641 10392 16248 6888 8297 12817 5062 13383 4744 7181 4388 14271 14233 15992
5850 11420 17640 14146 8962 5156 3293 18467 492 9616 11650 6959 7264 1810 12908 7597 2373 7539 8081 6591 15487 15156 11852 13719 11235 1432
11375 3189 10588 13545 19081 5545 854 10417 1470 11004 10665 12072 3301 1956 10899 19532 16970 15253 17278 7822 13152 19595 5067 13882 18584 18132
15041 6104 14213 2973 12644 16682 1432 7903 14422 5968 4728 8058 13606 18046 19932 17354 14935 17959 8276 7758 10054 9050 2726 15356 10378 18408
14469 1648 6311 2923 5683 10823 14015 18664 337 17553 954 5875 19840 9410 13216 13279 2843 202 21 7263 4477 14615 4578 6869 647 4383
14383 13198 2496 1502 10828 1499 2236 3340 18608 5292 5427 4746 1331 18439 17507 18318 9815 15470 18542 16943 16059 10368 3021 10615 10748 6121
17866 424 9212 9818 15550 14930 11264 18651 12261 16710 9099 3270 15689 15560 3146 3892 18164 9751 10451 9559 6519 13136 9030 1791 3593 8789
133 2842 5216 13934 17882 1794 7819 9783 5288 8492 5369 14375 2080 16104 12297 13953 5528 6104 14815 899 16360 11320 18147 14484 2610 8043
17824 14687 18247 16465 832 10600 15106 6735 1615 14237 8771 1826 12522 15738 796 13243 4430 13981 17145 3721 15012 2182 7561 8420 721 18562
10661 8882 6650 13585 9957 183 1488 5886 9299 19622 4312 7787 13754 8512 17481 11925 16296 2062 16445 18120 17171 210 1502 17004 18655 17765
14869 11475 14786 9794 19472 18641 11317 26 15672 18178 6764 19729 17665 2499 3792 2312 9531 8351 7449 9046 6663 19053 645 11986 18433 18970
16389 333 15996 19996 4848 17841 4336 16826 7999 4096 6097 1088 5259 11842 7281 16314 7188 3836 7701 258 4024 18316 9777 14108 12364 14176
8179 13926 17189 4993 2378 4036 18742 7268 5552 7857 15568 3378 4129 14922 5068 8548 13391 7194 1696 13241 16612 18193 2536 2789 17017 7577
17930 8660 5616 11330 4921 372 9369 5231 203 17762 6372 5998 8323 4661 12289 19464 13723 18801 4827 17613 9397 6491 11864 8597 13408 12453
13654 17188 13211 17935 17584 10388 10143 19273 4933 10191 14826 11989 10979 11770 1649 16236 16276 4732 11452 11227 9269 4260 10593 5240 9650 4060
8654 10994 1964 3187 2462 15112 4253 11804 16556 4667 19813 9060 17244 18299 6649 18909 16745 14508 1891 10216 8686 10085 4362 19525 16254 14598
5572 12533 17282 19023 5098 8636 12408 13359 1240 14662 1013 10904 12145 16154 12473 798 14467 3161 18387 18529 11051 19352 9991 12600 2462 1517
16428 19823 9145 10020 13720 2551 14923 520 14922 16309 6933 18565 16747 4882 10484 6899 1387 3326 14903 14064 3024 4767 10995 4837 16358 6542
6193 2143 2684 19169 12017 19825 909 19034 16095 11099 19121 18536 4951 1060 8640 6843 538 210 3971 19020 7033 14773 4304 2533 17465 6641
6150 15830 3183 19101 2260 6693 9233 13137 18439 16931 17032 1667 17488 12643 9692 15534 14993 11878 19496 8050 18071 17090 11956 2785 7317 13898
1882 15518 17712 6610 13032 10874 8457 5171 4269 1718 10985 15390 17562 11925 16368 14954 19694 3794 4046 18289 8682 17620 13036 6432 6378 14323
17040 1912 11035 5890 3747 11122 2498 9961 14455 12927 12807 6478 18871 1140 18679 432 13468 16699 16102 4916 6085 9058 18200 17640 5447 5950
18927 7269 4104 9921 18338 11638 18411 10920 2000 16634 17970 12158 12449 16806 14115 19864 6238 19031 13734 1778 9381 6768 7618 10970 2867 17215
3562 4615 18647 14593 15399 10120 3365 5180 5626 10765 14949 5667 4460 12452 16050 10835 6218 17263 4206 2308 10209 12186 9391 8351 8773 17782
4745 10578 3552 3848 17170 5873 12501 2612 14401 17147 10454 9803 1000 8154 10571 6924 10854 19005 7905 3060 8115 19770 16772 11136 16015 19128
3528 11638 3936 16812 6886 8458 1998 6682 6025 17603 18118 4149 8407 6878 1646 259 4592 19866 3176 6659 2834 12845 18717 5310 5622 7941
11393 2518 6813 16148 4267 3330 16587 13304 12772 2527 8903 11568 5621 5701 12330 6726 1748 5525 2507 14783 6885 17319 10586 9544 16624 17289
5288 6240 2569 16117 587 2277 19823 12180 8150 9129 18113 9772 4150 16406 19433 125 8756 16615 11348 9982 18256 16165 755 8520 12978 3977
8862 10966 7525 6821 447 4389 8753 1356 2715 2045 11718 5949 6719 8830 11784 3831 3384 18172 6788 9955 11282 13423 16348 12996 7403 629
6778 2228 698 17957 18249 17908 11654 13098 3624 7345 4917 17586 3223 5961 7606 15770 1897 4197 10149 2730 1501 6863 3451 6883 19797 9724
5154 18943 1813 10367 376 12995 10908 681 5105 12388 7054 13322 2773 7379 10115 2455 16851 7183 11393 6138 356 13255 17525 12666 14156 18171
12452 19561 3017 19309 13702 9336 4590 3076 17304 8204 14008 8508 11704 9803 5866 9410 1573 19676 17683 11036 14002 74 4927 2949 18809 6374
17813 13859 16293 4345 17557 2549 4773 4815 10793 1984 18557 19396 12504 3428 11908 19013 17594 2702 7765 9210 5274 15552 13837 986 18994 8643
15902 12472 2247 5060 5682 15421 8424 3092 4089 13645 12366 8019 15011 13454 11766 11934 7924 6013 13112 15409 2279 13412 15624 2241 18555 6306
10478 13166 1457 17520 15031 1747 10595 10769 15880 13390 10456 14092 16492 7772 13470 10903 15769 9048 7125 3466 17193 17810 5144 10750 19088 10798
14451 8264 9639 10201 11865 8289 17201 5648 5287 17097 14620 17697 18277 7739 15084 11837 17288 16004 4035 12254 17612 7406 3599 2434 16992 7529
1985 6853 11627 2830 448 11020 19801 6628 6367 11015 5034 17314 8459 221 12048 3277 4025 3361 17994 7133 14558 14574 4321 19960 13801 9647
14879 4694 7695 16608 10611 18545 969 17531 16662 16718 12508 12973 1434 9641 2371 3669 6635 3851 2490 13203 2667 9105 2025 6603 18405 6280
14153 18018 15547 19480 16188 11537 11542 4359 9686 8066 12768 18118 17953 5349 17018 14656 13195 11025 18662 19378 1771 16004 18805 19900 5479 19174
12117 19229 4726 2132 12378 1187 17985 8724 2627 15554 18634 2318 3359 4252 6193 14174 2810 17449 7960 6991 14665 2022 5208 6820 18121 241
6365 1611 13021 8345 16485 14662 9539 9295 13978 17440 18779 10173 6827 11943 16197 11581 2971 6575 12538 10533 14922 11979 15674 12168 10335 9750
13501 14867 18888 2137 8468 19740 13802 9193 15503 5027 10400 2336 15924 2658 12787 10247 5353 3173 12669 1553 764 13315 17214 19290 937 6892
13146 11336 16411 909 4610 4292 17299 4639 8139 7246 6052 7015 1025 3007 14934 16957 17810 7709 18421 17830 4943 19270 586 1219 7732 12347
13029 3507 8089 12692 13592 8983 6994 6853 15096 881 16949 10507 9383 8150 17829 908 17496 19581 728 15087 19933 6574 10256 10155 9893 571
17999 432 13945 11214 3465 11720 7953 586 10521 3267 15529 2362 14430 19256 5360 15895 16985 15548 18933 9488 3723 2313 5941 19893 18818 17891
7903 1637 15039 8766 18436 13679 5279 8298 14204 5469 6854 6883 12580 8658 18699 2058 2649 3953 18762 2373 5355 15163 7160 523 16676 8794
15823 16036 10387 6179 1381 19482 5916 13026 16301 12404 19163 4273 2977 6091 18984 7720 17146 2505 14999 14286 3002 8775 19555 15533 1452 4164
9287 7669 11352 3545 15408 6181 19316 18441 19965 9258 12554 8374 10312 17064 510 12068 12974 12830 7708 10449 17595 14162 4088 19238 19552 18005
14413 16129 6489 8413 4976 2020 10005 11600 14727 1106 14822 16728 11643 1674 11864 16985 9357 17630 13620 11399 2844 8044 11886 18909 7941 8790
4597 3789 13582 17908 11807 11985 12987 5311 2286 10834 11655 12424 1695 15942 13936 11720 11678 3206 5193 15565 3274 13733 1212 3951 8273 19705
13758 9024 8400 11403 1555 12629 1307 18560 1101 19852 10073 13733 14865 4262 5615 3103 19864 19768 3157 9382 17366 19885 12290 3924 9947 6951
14901 1703 2842 6917 2566 15290 13273 10428 12578 10176 5550 11796 3570 19384 6483 633 13909 18814 19889 12615 19722 937 316 7075 16321 11488
930 4760 3007 1801 17437 14014 4641 4664 3776 11326 11627 19137 14027 14430 4893 18502 7340 4056 8322 4326 9076 18277 14311 13031 6369 7175
1059 71 470 6398 5398 19319 16043 4719 13696 16047 799 4755 3418 9340 1470 1533 18032 15466 17432 8431 866 4460 5566 11145 18018 13213
9286 2497 18287 16506 3440 746 7078 18701 10678 19719 7996 5033 16897 19892 17207 3638 8684 5385 1288 4313 9886 4368 17015 14131 7951 14929
18476 1912 18124 7492 4945 14162 6552 11557 17602 6580 10835 19647 7295 7762 17518 7802 18869 11584 5947 7252 5271 19124 18848 9354 18349 6272
13936 18042 10834 18346 3250 6525 16945 6202 4074 19933 12721 1160 18881 5996 16371 12837 8117 2640 901 15620 13591 8176 16876 431 7269 3841
12248 15916 15907 10965 6737 14610 17858 13772 3023 16624 12409 12248 10305 18845 13152 10149 8892 4530 3220 6516 14737 7500 247 7002 11293 2034
8591 568 1985 19665 19874 844 11583 11758 17786 14120 18917 17307 9736 12081 5826 18171 10283 5541 7228 10658 7057 14239 695 1409 17527 9964
7145 10909 9963 4059 11546 4062 4425 5109 13502 14546 6402 5593 19891 17791 10458 5200 12600 760 11745 16172 8239 4510 12506 14092 16681 6144
2178 2957 2108 13282 19839 14948 18801 4608 5424 3991 7587 2408 17929 13740 10772 12704 10613 12528 13724 13422 7260 17441 2638 2801 18498 18279
18658 4646 11907 1402 50 16547 5859 7312 13319 1644 2775 6911 18856 7212 12845 19321 19126 15022 8412 13570 6710 3376 17440 9347 6162 18325
2312 12596 6143 18833 8675 9011 11151 116 14816 13549 12544 13236 14226 14300 15319 5937 9385 12866 9135 14869 18128 5430 15977 17476 8392 13127
4321 19572 16824 5786 9354 9004 9298 7282 5860 5179 19996 8661 6018 15578 2838 19017 6901 2403 13758 8378 15123 19606 1934 733 2890 9867
5678 10171 14955 19516 19126 15737 18997 2850 17854 7891 15826 516 10905 5858 6279 16054 6246 8144 2165 8816 6750 11484 5583 6948 2997 19811
10550 9265 17207 14730 16790 11665 9813 11978 12788 12068 5582 19837 19567 17304 19102 2307 11733 17059 7002 5512 12516 9202 15446 4468 3450 11242
10805 11797 18758 16620 13553 13551 1440 13795 7885 13771 15778 3869 17815 13951 1837 18046 7765 2332 11149 10916 19900 8113 12189 1879 11758 18204
4919 12559 14510 17530 14968 4353 11904 395 5117 15243 889 12261 11246 2562 5696 9020 280 5010 16934 1060 1126 2838 6320 9363 12855 13554
9608 18370 2550 17283 3248 15765 10665 11893 2148 15752 2590 1931 11881 13983 15077 1070 11282 15530 5270 4962 7554 17974 10907 16877 9932 2613
9529 7592 20000 4248 13586 486 19749 19720 2996 17295 1213 5745 9694 7169 17166 6566 7557 4490 5909 5631 13602 3561 13993 15732 11596 18546
13838 11667 3491 2480 5266 6497 11110 4804 4750 12653 6697 4961 11499 16029 332 8874 6729 17070 1582 8033 7876 19607 18503 59 11755 19064
18986 8576 3593 3985 16221 13727 16852 3562 10645 9992 3061 14457 4661 14812 14222 1642 6593 800 524 19783 8719 16572 8763 15216 16003 15875
7939 6074 17137 2878 11516 15308 9310 4936 2652 18524 6028 7014 16010 15161 10196 18137 10603 5799 1343 7993 11137 345 18779 1069 6697 12497
4262 9738 14532 19690 9913 9123 11487 4365 9138 8431 18038 729 8915 13016 2592 2733 5184 8567 11572 18857 7574 6542 11496 8905 15623 5897
8876 16767 2115 12369 2373 1776 1158 19132 6911 8925 19693 16219 18453 13539 1539 16543 140 3301 16789 15922 3904 12120 3667 14079 17469 19948
3440 4518 3913 2132 11718 11650 3265 17207 6717 2597 11056 4956 3466 19938 11715 12656 8494 7908 2386 7240 9790 6171 4423 11327 17085 15473
1421 16340 10350 17435 8056 4796 12014 13332 19155 12528 14760 13678 258 9713 7503 11678 19078 18197 15315 19251 4979 8712 109 16055 6617 11524
14582 7578 8596 2900 19627 12026 3199 14662 16468 2206 16547 16788 18000 15286 6395 15555 14243 8138 11836 2821 18036 15423 8551 8525 11592 13781
8174 1772 10366 15356 704 3427 541 16837 8589 4583 14913 5200 6801 14870 18735 13114 14173 15377 14887 13115 15594 19991 8189 17887 15529 13861
11945 3420 6781 9115 5196 15834 17083 5302 3869 18566 3396 14117 5644 15988 8504 5849 7472 14144 13973 5248 5897 17562 5464 13063 9314 12233
3929 9793 2374 13461 17079 161 7995 6626 3276 4267 2121 52 6011 3598 14590 10342 1967 214 6989 7825 6380 1817 4642 881 6841 19045
15356 5307 15127 7345 16890 9847 17819 5958 18299 19776 19682 4320 1853 9977 16800 17650 15847 12540 5388 19737 7050 9049 3580 10110 15718 18607
14644 9506 14785 13519 10481 1286 8472 17116 14262 15131 7139 5809 189 2460 8573 10507 6418 11652 17032 16866 7074 9085 10160 6424 5841 19180
3212 14301 1705 19356 14491 5228 19016 11579 18920 9577 13155 5320 15934 16269 3100 7542 15589 8633 8485 18107 18604 15661 4224 14064 12547 5753
4168 13630 988 1055 13272 4441 16916 5005 18645 19381 12747 13866 11493 6026 7533 10457 7128 201 4406 18783 18363 19077 2933 247 1827 19604
8508 738 6647 2869 13086 17822 10141 18352 4749 16312 15302 16851 14073 3639 13736 13638 15210 5376 8923 13520 8294 8683 12341 2189 13234 7718
6249 19389 18170 4179 10170 14706 15743 4826 18165 3717 4189 10370 3928 12744 16996 11299 5073 2129 12795 2592 19727 11425 9633 19565 9133 4765
10267 14292 1954 19218 6919 9880 10072 694 15467 5309 11942 17838 17450 19396 15493 5586 2956 18509 386 9618 8810 11569 10151 10378 15196 2424
5488 8865 14958 13625 11613 9254 2970 18950 18249 2739 11886 11242 10168 16714 10304 16154 484 10731 3806 10464 14224 18047 1067 14884 2149 7865
1682 14725 13016 16347 2053 5566 4239 16204 15972 11873 18491 10290 10959 4336 10411 7074 12193 7750 6138 1034 16602 13670 19509 11046 15691 1906
9340 10256 19027 2536 4908 12885 6889 8363 14357 2988 10809 1720 9332 19500 3138 12122 16950 10123 4813 13908 2469 16204 12478 15774 18506 8605
18381 4639 8426 13558 19092 15830 18814 9871 11569 6500 991 6623 9160 10605 15092 10764 6113 16168 15123 10533 5238 10475 17297 16520 11285 13625
5231 18213 5134 14307 690 5091 10339 6702 14106 9227 16345 13104 3227 3201 18487 8624 13016 13998 11860 16458 16938 6106 6059 1792 8517 1196
4890 8937 12780 9378 11615 10005 7951 7258 15129 5761 8 12784 14900 12128 19370 3279 558 12008 16570 19829 5380 15105 9722 16076 3416 8569
17195 4790 2096 10775 14018 9356 5786 15597 12940 2399 7983 4278 3737 5941 6110 17840 18085 8768 5819 6054 8020 12547 11337 2314 12083 15760
11244 2117 16450 18202 12382 1693 6301 1919 110 2080 3886 2993 17169 16713 11031 2074 9181 18382 19909 14548 19743 19909 773 3261 13477 4554
6376 13646 12604 9860 12392 1377 4891 18251 4569 6316 4034 19068 13360 807 6128 19640 6972 19549 16435 7926 15000 401 10984 14166 225 2929
6456 1759 10570 13077 4315 4058 13818 13996 18043 3196 17417 155 18794 8763 2606 15070 13755 18136 16999 2450 17107 11190 7578 9166 8593 485
8129 12958 6321 4839 18699 9634 9947 6605 2494 21 7924 11550 2200 2758 1726 513 12765 5941 18707 3315 18044 15635 16901 1342 6433 13694
6189 13331 534 8808 2771 17500 15137 8611 4634 3982 7304 13906 9816 7810 11644 17556 3728 1335 11119 9797 1961 650 611 289 6889 8716
16262 7011 4832 11524 3375 15509 18761 7629 2140 18057 14909 1656 10104 19821 18324 14429 4912 16945 15243 13319 8924 9402 1991 6441 4803 435
7257 14834 14780 6597 5038 18645 16659 2801 17487 1031 9015 888 751 16009 6388 536 3257 9970 9500 114 10161 14566 16699 12883 17007 3178
10938 16150 3478 8382 9551 7770 16468 13730 13313 11254 418 2200 2742 5489 10242 19387 1725 2867 19178 1030 16056 10650 16808 14197 13378 5149
9129 8429 6067 13539 13982 17004 18251 10754 7066 4944 6367 10318 17124 18379 10315 2955 6870 7482 2981 1420 15898 15729 14406 18255 39 16266
1349 5215 17644 14938 5491 13969 15402 16651 219 10760 7052 5245 2756 3881 7967 5950 12629 12434 10597 14725 17253 3970 10721 3578 9903 8850
19461 8114 9962 12537 12332 15490 3571 1239 10300 5014 1932 5648 5983 7654 12934 6199 2482 16885 12888 8193 3093 3006 15728 15823 14479 19843
6322 1242 3248 1157 12441 3528 16020 4134 10493 7235 12214 14606 16086 1163 14703 11004 15163 13970 16673 7350 9411 11292 2162 16808 12946 8102
8857 18348 16841 17548 7160 1136 7054 11288 4696 19724 12632 1137 2036 16649 18314 8632 7162 1405 1777 10876 1502 12011 6687 12135 15940 3894
15978 4449 8250 11755 17495 9366 16585 10354 11036 694 16542 17343 8213 8713 3238 8611 5421 4153 2467 17395 10440 9756 18758 12339 9509 19360
386 16412 2274 2951 8014 17125 15581 2250 15006 14311 4440 18877 11976 11821 3841 16481 7338 17619 1218 7325 155 8805 4860 4942 14034 627
11861 9726 10253 7362 1421 13496 12745 9706 7561 1477 4283 17893 17157 18299 16248 12488 19369 11546 4520 3487 2789 11799 14408 12572 4906 8619
18627 1865 19496 17340 13343 14044 13016 3128 15272 1666 9888 6224 10558 3030 16094 12139 2200 468 8543 3916 6162 13252 16482 5766 10135 2864
13030 13178 4058 2181 11599 1032 17494 6248 2387 15350 553 19963 2372 19845 8006 13807 12789 18058 18561 19684 98 14395 1303 16288 18696 818
17589 13095 11610 9939 15269 4343 18624 8830 6210 800 3552 631 2761 481 18563 12007 1235 926 6373 5081 7555 991 6547 2580 3691 12907
6488 263 1245 17443 18283 15257 16587 2587 18270 14147 4824 10353 18261 784 5040 10167 4306 9306 15775 4440 17471 3426 8995 7717 7839 8669
5055 3476 11145 6081 5467 12402 14095 12680 2506 19005 7273 13680 11387 6915 16096 8997 3106 7113 10174 17895 11403 14494 19997 19892 16230 9722
5261 17115 15393 6119 7740 1614 12685 15969 1189 3984 16051 8515 14359 6801 6883 1395 14564 17474 5261 14995 6077 14401 17323 11921 10236 10968
16597 7258 12152 13968 17081 3443 1818 6878 11967 16751 586 11230 15912 16557 4848 13442 17352 1700 9485 15274 14076 4617 17155 15096 10775 4078
13713 15808 7822 12298 19433 966 8981 3071 5554 12414 19905 2098 9753 19112 2126 4395 8456 1229 9723 16080 10536 5394 11750 3008 11413 8127
17931 8476 13024 18430 16242 7417 19002 2368 8397 1319 5093 18081 19844 13010 2390 17045 18039 1874 5149 4100 19921 6806 2882 1339 9611 4969
938 11311 9200 14630 1226 12689 12740 8637 9256 9532 19857 7237 15838 12374 909 5902 6517 10211 11889 3443 5580 15703 17009 19008 15352 18967
14363 7958 3606 6067 4235 15369 5020 11873 13062 19007 12477 4484 4483 5992 8533 10213 12313 16513 16517 18143 7842 12471 15053 11227 2973 18504
1340 12304 18022 14992 4360 7010 17151 19654 17280 16215 18004 11561 447 7692 8845 1351 9582 14324 11008 10921 12092 15025 19437 1779 7701 5986
13433 3154 15810 18305 19388 15661 15040 8514 1392 15410 14036 11890 17021 14908 10894 11565 18872 13816 616 15023 4727 4781 17939 15037 6079 9623
16246 1788 16258 14717 17323 15896 16069 12839 4212 13608 4172 4787 17637 15630 475 6777 4773 1881 14149 5152 13049 2811 5384 3720 6462 2766
14398 1249 16318 14861 3994 6868 8209 13920 4227 9356 533 10134 11659 10695 455 2900 19151 12103 16287 10053 17292 18033 4013 17534 6599 16720
5134 14261 15910 9211 9148 8460 11740 370 3592 229 19770 13703 7803 7369 100 19009 14109 2033 13887 11611 13841 16937 16642 18334 14862 15706
14793 252 2670 17919 6998 10567 11984 8561 681 10910 19172 12886 17461 12553 9649 7234 14397 15754 2750 2339 3918 14262 18580 11216 9540 5600
18512 3590 7891 808 7857 4398 10194 15845 2175 13136 8288 8170 4477 14535 3622 14716 5564 3480 4779 2695 4789 2846 3677 19930 10138 14934
19391 1646 2612 1645 8689 13775 2504 11680 18136 19431 8467 19279 10029 5801 16960 14831 16472 14695 15134 5024 11507 14888 17022 15719 19528 7580
16174 19160 3714 2709 14118 1672 16029 19034 12149 5679 3762 5112 15937 8393 4626 8010 17785 11547 9191 3017 4298 12493 11346 5301 10947 15100
13325 12086 8647 14729 19771 6344 3654 6106 16820 17763 17093 7542 15436 11944 2797 432 8124 12047 5927 3566 13559 1796 13732 11883 6174 8606
19472 17045 4454 18045 7770 2092 11347 9905 13533 11954 14990 10650 4921 9741 7319 1324 13784 8496 2747 1506 16199 7885 7183 7250 16016 14268
13604 17871 19807 837 17167 9973 18262 1699 10559 11120 19333 13993 2232 19783 5659 5842 14783 10108 10206 10171 13444 13593 11237 10779 228 1928
11975 1678 19433 7257 1549 12108 6920 16539 15729 7598 9609 6971 12102 346 14839 12173 17852 19058 5228 3154 16489 13783 19819 2413 7032 16489
7198 4597 9704 11138 7690 9487 13135 3934 13041 7146 4123 6107 19867 14746 17390 6647 7663 6324 13553 19381 13403 13595 820 9832 12788 1975
4345 15215 3924 14876 18482 14112 13598 10752 16264 11841 9033 18132 8045 17832 11757 5344 2405 18772 7698 17319 12128 17509 4810 2517 5172 6828
3011 12963 6621 17571 12662 3059 19972 6750 12273 6429 16419 16815 16789 5068 4215 7798 17201 6099 14478 19335 749 4786 10941 3823 16611 11812
13235 140 10461 15005 6246 6516 11879 6237 5152 1383 9056 6631 12878 17026 4392 15943 9574 5331 7703 5713 9879 7313 8388 6122 5027 2867
10023 11374 9425 8575 5918 13021 6229 14079 1092 15778 9456 17522 3115 10372 17811 18402 14062 13015 13238 4705 4161 14604 12873 917 13870 936
18314 12564 19778 10994 1849 14672 19591 18578 8726 2554 11758 11358 10857 12698 8468 1579 3989 16665 13095 1579 19881 4979 10711 14922 12177 17943
15483 12711 6097 11186 18800 686 15620 2027 12480 16911 3694 9663 12969 2993 774 17332 11131 9264 19199 18278 12838 15985 18058 16769 3192 18567
9366 3053 2791 10260 19764 8622 10432 7206 16574 12781 11493 1670 16782 8380 5915 15958 14839 1800 10779 6767 6471 14098 1509 1022 14638 16407
18645 13511 2557 7367 11690 13303 16916 3219 2598 17993 5628 3873 15786 18291 10432 5707 4466 7817 5117 4638 4137 5268 8629 18030 11940 17998
15655 5811 1090 12055 10379 7563 14226 9425 7996 9806 17172 19464 11773 5068 3858 13265 5380 6547 15417 14010 18961 7640 10264 2350 3250 4739
6786 14707 10750 4311 7709 11899 3367 3669 648 9313 19842 2366 19193 1642 4249 16348 14644 15977 1682 10882 10251 14304 58 12379 1822 13734
17799 4700 7270 17355 16591 17061 11174 17549 18225 7575 13010 19002 15131 728 16169 3301 14752 7402 939 5340 7656 8232 2087 10475 15480 7619
13779 16701 18025 8470 2659 18940 4839 12634 13384 3280 18124 12373 222 3956 4755 487 8626 15910 17450 16977 13145 6289 10759 3633 757 5277
18351 744 13063 257 1657 15639 4116 10722 1705 4151 8069 8088 6843 2167 11733 17883 4833 2488 15341 8679 14978 5972 8435 7217 8243 14674
19442 5659 4025 12498 12262 10999 9963 6475 4374 9174 1718 11803 10279 5701 12323 16471 4794 9549 12454 16441 14180 938 9207 14741 14208 11362
845 5846 14639 6249 7382 5386 8224 15531 13775 5984 778 19745 15418 15743 6874 18532 7422 19941 15511 18187 7484 504 11211 6878 6527 10275
4416 7054 84 19067 13954 17822 161 15224 539 4213 10181 15576 8516 7286 12655 17925 16951 17629 16768 10586 18048 14888 17562 3122 16631 3734
7791 13720 2115 2764 19322 1281 16011 19784 6095 7185 19965 13652 7433 1481 16393 18515 445 9231 421 9131 19066 9254 14476 9726 15669 17183
19429 1674 6553 16419 15747 18912 376 10498 8643 6471 11524 1599 10470 3039 4398 18035 6219 4132 2278 9819 3724 2209 5290 16121 17184 11284
998 11900 14666 14917 13490 14092 10732 14773 9749 4921 287 14731 9382 5525 8055 5991 1437 13375 10560 4087 14271 15064 1352 11747 3141 257
7019 1796 9886 11333 1264 15245 11083 10280 11061 4994 3132 4799 1064 11126 19117 2923 658 19246 10022 14773 15688 17491 19075 13536 5113 17427
17421 13229 7199 12420 7126 6192 2428 5946 16832 18809 12989 1415 18928 3256 1838 3980 1564 18444 3562 12000 3438 8009 6032 19153 10870 2716
15490 19043 15755 10876 13802 13319 12373 14536 13793 1622 8180 17311 6581 3762 18891 7 3471 10141 2706 19661 7676 11088 19919 17912 6494 761
4786 8042 2408 10168 17265 7446 11220 5648 5963 13042 12572 10822 14507 5608 13070 14667 5143 4428 1297 2135 18430 17875 2760 14157 6820 2755
3258 9017 15837 19405 8328 8862 2874 18790 9156 7938 14041 14171 9624 14043 10269 6057 19420 17669 11306 14907 7179 8000 6801 17652 12278 4266
16203 4602 9027 14184 12457 1699 13221 16238 9488 10500 10014 278 9993 13241 17021 13616 4624 9012 19693 17989 13497 9472 7071 99 10556 13605
18770 1099 8396 9093 19960 18223 4228 6601 3969 18471 18590 19092 3479 9889 15121 333 2149 18276 17147 17356 15831 13901 5441 8579 13586 14433
2792 19163 18186 18131 2358 15711 5671 14449 13744 19731 10606 13804 15673 8348 130 7111 7934 674 11401 4057 19717 12788 9657 5911 8055 18204
2920 12544 4156 17270 12727 10971 13040 5050 18466 10438 7894 16010 6049 2730 16290 16576 15039 10887 1381 6877 7649 12705 18966 5697 19100 12466
6858 1913 13707 1000 629 10421 15449 17853 13222 11603 3971 4060 18740 2204 14739 1795 3171 6277 7138 1735 10643 9393 5882 18363 535 7937
17232 9124 16679 5261 18886 6147 5302 16783 19307 3252 534 16864 16148 6569 17186 538 15423 2001 17623 11641 6091 7137 396 7824 1041 7526
14524 9937 8542 4925 16458 5631 10418 17465 12306 734 12767 2525 15117 8192 8583 18523 19883 882 14888 7649 6071 3759 2499 11577 7928 8450
5161 265 13446 16904 14085 9449 10520 17725 8539 14637 4556 17427 13185 18636 7298 4083 6427 405 4605 14099 13983 2182 16893 7130 16451 13525
119 14992 18330 15969 11317 12486 640 15830 19646 19500 15673 19960 15509 4314 4519 2593 18860 6502 7832 11465 7946 9300 19486 10698 2316 8586
6981 2974 4310 15350 12727 16356 15961 8445 12799 19571 14853 10915 5840 17478 12096 12990 6107 14388 7407 5220 2339 18629 14675 7748 4977 4196
10038 10999 6394 15502 18984 13741 519 11045 12905 18446 1089 4707 238 9501 9834 5516 8868 12033 16491 15246 3336 13691 952 3566 17465 12271
13192 19474 17823 13629 6655 15903 18497 12723 18369 2476 9780 11548 7478 6329 17664 17477 14398 14331 2628 13670 17254 948 15221 2585 15932 15029
710 8214 13889 5860 11217 18153 4513 1213 19940 15565 9780 19929 17012 3542 987 9435 13885 5428 7359 11605 12547 8703 2734 9058 18815 7112
6787 14199 7572 5750 17990 8892 1288 9414 7896 7211 10392 14964 9014 3341 11777 14726 5467 5729 3378 10033 4568 6115 13708 15513 8432 1867
2601 11499 18633 14854 8197 1562 11436 8986 14140 16872 3951 5353 6009 19924 8953 18163 12167 3128 3354 10485 16290 6566 3508 16933 11013 8840
9846 5117 4436 12967 9755 13754 15784 5758 8208 11310 13669 13598 10027 4194 19649 15986 4927 15398 12691 18752 4077 4192 3673 17898 8769 3814
8851 13092 12666 12025 15407 12879 15725 12840 452 3169 16796 15730 14564 11060 5931 14652 8511 661 1006 4753 26 3150 3718 7071 18849 199
12798 7642 4829 6001 14276 8375 118 10794 8897 2244 11748 18921 10281 7795 4340 14655 16959 5519 8923 7128 1868 17012 2740 6961 400 13194
3599 8202 14394 15790 9817 14103 5733 10500 10004 10298 12883 14453 4733 18720 14730 4318 13297 10840 14322 1229 4064 1428 2658 4632 13745 11125
14062 16209 13245 18882 16316 6592 9443 19666 12596 894 15727 928 17324 15495 11482 9090 6714 10873 8082 15404 5294 237 5320 6517 7907 14713
9276 17457 3010 9292 10625 6945 5984 6166 19955 13771 5206 16795 15838 19623 1312 4965 12931 5030 7448 6018 9665 12850 10290 12800 12994 2409
1334 7775 6954 15615 10598 14251 9508 17878 18638 17734 18836 18756 7222 8945 12978 17573 12489 16647 4378 14775 13334 17230 13593 5962 14058 10768
2352 3280 9596 17212 16621 9391 4943 16651 16120 16206 10407 3959 7879 10332 17803 9013 6653 7036 19916 5257 6663 5824 7638 3433 7999 17352
17716 17243 13102 10670 1978 3684 1350 11579 9521 16455 14191 16979 434 12575 11403 14853 742 14393 3743 19234 12901 5219 16043 17060 3794 10910
18910 7828 4699 7782 8489 11936 10567 2730 6776 4425 2121 16366 5822 12581 10084 4698 11079 4052 2338 571 2781 18702 2711 267 11252 6547
11878 18733 4576 15580 8936 10122 663 14448 3275 14908 6515 1988 8134 17432 4027 17219 4943 5925 8006 253 18884 2538 13423 6244 1255 1213
19267 8211 16958 4192 16020 12494 8763 6600 8731 16182 5118 11561 4542 14913 15662 7861 6079 19925 4045 3560 2035 18731 10492 9775 12121 12866
14237 9973 10741 8857 2674 15054 953 14095 11985 4593 11977 8575 18043 11450 3121 6967 3936 11891 7625 19482 12187 12299 12725 15603 2007 3489
1641 4008 3010 1050 12477 1298 10626 2219 4797 7600 7498 3531 3523 135 47 7255 14366 8922 16381 19347 14384 9088 15435 16679 17736 8455
15284 19909 5170 3934 4438 14124 326 14745 7792 9766 3033 16445 17392 2884 11036 10720 13800 13924 19489 9674 14869 3560 2590 4259 15143 15181
4959 14484 17721 3165 4406 1952 6553 10197 2070 12700 8275 16725 6424 6529 19913 10864 12551 9301 899 13397 757 2750 10389 9658 15316 14562
18105 15806 1039 11408 7840 19928 16908 15129 13579 5922 14390 9133 6055 842 17764 8676 11021 8260 1317 450 15959 257 16798 3586 9489 8676
397 6224 9997 16755 10884 7980 3730 5394 10720 19194 8247 11505 10399 15201 6150 17498 16395 13174 2479 7552 13097 3367 6531 14583 4886 594
9971 10031 7475 712 4166 10169 5773 19350 15850 14015 9391 17848 11452 1792 11506 2894 6810 1988 16874 7662 4835 18549 19089 14961 7499 17748
19717 14562 18366 6567 12069 4934 7788 4947 7701 10166 9248 1175 7609 2806 19578 6316 2639 4131 18290 607 9161 15722 13934 16651 4184 18582
5101 4442 15806 14412 14663 10767 12240 14609 12668 11340 4989 3447 11869 9599 11506 19787 1506 9563 15921 4816 5236 3819 14837 13416 1473 6876
16062 15659 3325 15576 1336 3850 1112 13624 3265 7679 12069 19823 14738 18651 16864 18616 1283 16080 5360 16933 11378 19991 11856 18691 18253 6115
18582 8786 18946 10171 5283 5911 12800 10510 10778 15524 6930 3341 11658 14109 11333 14278 13746 5704 7189 10603 19018 5504 2448 5258 17829 8168
6463 6661 5313 17770 4574 12015 13533 16262 1564 11427 14465 14987 487 8346 6909 11532 6829 15942 4591 15686 19121 12438 10586 8623 4880 15004
125 17156 17333 12620 17703 9009 3461 2597 5337 572 15680 3802 1045 17446 8822 14856 12016 11548 12361 5840 11463 2520 4960 4502 12696 5759
19452 9057 2201 68 133 14663 1860 9148 6414 14923 3186 16618 11437 1885 4885 3505 12027 18761 13728 12724 18903 13909 10202 7082 9441 4350
17345 17603 11030 13869 11857 421 9796 8011 15417 1674 2109 2151 10938 17727 4530 9921 5900 2397 4558 12553 14845 3128 14537 3073 2065 1940
13937 9497 7401 4615 6519 168 9643 14623 8139 10016 2413 19230 3530 7411 17958 13449 16215 7019 11776 8509 10284 4684 11293 4886 10962 795
4940 9958 14978 18473 11573 9555 16961 897 7704 13608 18250 16315 16469 12390 12700 16303 18564 1185 3041 6189 1007 14044 10223 6736 19019 17696
816 7487 552 2140 1071 2593 2074 8794 17424 16060 12296 666 7515 5905 2718 7291 5360 16182 6683 9736 16925 8990 4967 11508 10888 6140
14282 15487 7662 14594 15653 14795 6623 14144 4379 18510 7357 14182 4760 7277 678 3080 11676 542 3260 9753 4161 6677 7872 3557 18339 11128
18539 16428 16522 17576 12177 1944 6366 3170 8706 10411 19525 16942 12478 5077 7666 1637 11907 7547 14341 1516 6005 11070 13565 12994 9578 17593
250 14027 31 8352 8831 3014 18737 17611 19508 15075 3014 5988 2710 6068 5802 15753 6660 10133 19477 13090 9884 2393 19244 6287 15685 2636
11043 18364 19358 19787 7912 18382 6452 18887 2212 4686 12680 11643 18309 17443 11199 12287 4426 18675 2740 16383 10724 17998 16429 15037 209 3630
11290 637 13007 4918 18067 17477 10726 10606 625 5720 5001 5476 13455 10383 12516 13198 5151 18814 2749 9526 13053 6915 19531 9809 9094 67
18244 549 1473 18436 7152 4031 5126 3750 10122 7588 690 13374 19019 14562 9496 17211 8850 10974 4927 18330 2576 3989 5620 18042 15246 18309
12244 791 15467 16580 6194 7760 8901 16213 14307 12569 10639 4162 7798 9725 3563 11747 5874 14428 7277 940 15056 5753 392 8483 6304 10020
1925 10987 15361 13290 15259 9877 6419 18577 12896 14187 10238 9171 4530 16317 2555 12934 5992 158 12573 9004 10248 257 18191 7895 7351 10391
7953 16662 14782 2054 1747 3097 1478 17105 17846 3335 18148 19430 6228 1774 4527 11492 6541 2626 3478 8840 3466 7468 6423 10079 4427 2233
13231 13597 17945 19349 11382 17886 6375 2473 1820 3511 3915 13781 10868 7148 17565 3962 7003 9661 5012 15452 7766 4261 14627 9058 9822 18407
16843 5730 7532 3282 3655 14875 2198 1256 18640 10796 17978 75 2104 8347 6351 629 8976 8279 3578 10666 9213 3663 11772 9604 2752 6836
4236 11734 10389 6767 9408 9150 5913 6699 7594 5389 3161 8256 953 12170 6101 13048 19523 13746 16318 12847 17649 9458 4464 2647 8141 19115
6194 15078 13356 13770 13096 10125 10209 4880 6379 15106 3510 10477 12529 8161 17979 7681 7998 18578 15317 5678 2101 714 550 16957 16426 241
6461 11525 16493 155 11924 11944 8894 8194 16845 18043 19431 15323 1056 1801 9525 851 14329 5580 12712 5790 3990 4840 9987 9055 2971 14172
9384 4371 12352 19611 19984 14860 17393 9746 7675 12649 4260 10008 14943 14398 10523 13806 5146 12877 13392 19789 11377 1165 3192 15404 5715 16440
394 19807 6157 3608 8947 13207 1076 13077 3109 14266 16767 15838 7882 2136 15553 4920 9080 12251 19381 10338 9878 3511 18549 2464 13752 7280
13634 9783 2255 4444 17071 18786 10202 3579 8051 344 11054 9919 11326 380 5468 5072 2566 12806 14760 2263 190 17748 6969 6437 19678 10451
10882 19624 2759 10916 2075 16785 5477 15636 19646 10306 10273 17308 13570 15921 17523 2536 6484 7509 11544 15151 3535 11384 5295 15132 6261 10773
10207 1891 7537 9056 16160 8343 6457 10934 12250 4344 15826 17005 5137 15760 10782 19718 12461 8644 8393 12147 10730 817 4950 17395 2319 11738
3288 2587 18787 5727 3317 8018 6272 8358 2211 15379 6574 11930 1285 15473 7377 11150 17141 14074 8156 13649 15075 19707 14466 15571 8564 6372
18806 7381 18092 6309 6716 7661 319 15946 17412 17325 5746 10188 4570 8913 18587 3118 3532 9123 19897 2232 3465 9080 15517 15145 17617 16498
12006 14620 3716 9794 14909 16062 15925 5939 11620 914 10433 19751 3769 15888 18806 11301 16420 879 15865 13348 15905 18783 9596 6174 12597 19231
11154 3866 18165 8141 5218 1825 13848 4758 19813 7104 8096 10389 2631 18952 4038 2333 10240 17098 14939 1425 9792 19606 7774 12940 15769 17854
17195 13619 16543 19958 9673 17991 7165 19871 2788 11816 11291 10214 13640 16106 18658 14435 10628 14702 4347 19035 19314 5034 16765 12390 5468 10825
5620 3596 19560 2156 13568 6662 6689 8357 642 8780 5483 10054 11512 7862 7375 4514 5495 7996 13162 4197 11252 6957 15311 19497 10711 17118
770 8691 16346 10450 7691 14588 1751 12465 18902 8875 13794 15377 17512 1818 18134 14100 17798 949 3227 17501 16080 7963 14291 9000 13325 1962
16474 6401 10035 12068 9923 8205 18540 13160 42 326 2853 19675 17978 6340 19650 14193 15344 14994 15928 15257 8317 12698 7402 12878 5870 14488
8791 851 2810 2578 3119 15050 1943 13292 4423 11069 7961 1345 2123 18015 12890 2038 357 11467 8452 3292 638 4509 18691 2148 10131 706
6388 1857 1104 19023 757 12567 3162 16998 6221 5874 15253 1629 6889 19614 6199 2574 9884 13173 12931 3055 18989 4771 9995 16865 6730 19969
5105 12906 428 17784 17062 8350 16852 17997 17627 3524 180 19677 11272 1033 14369 18784 13641 10167 4934 10139 4455 7687 446 14610 18650 19678
19564 17853 8185 14007 4968 5016 7792 11633 5950 11579 15411 4307 8673 9304 1862 9187 18105 1130 14162 5196 4214 11780 8894 19012 1163 18098
3094 15077 2004 7838 12115 10073 1218 19017 19203 17280 15993 4470 10474 13377 7869 8160 11579 10692 18947 15233 17814 15208 3541 12933 7936 19443
13201 8633 5599 626 17397 15879 7312 6790 17810 3063 17064 11035 1719 1771 19469 1071 13277 17538 5233 2153 8226 5962 14518 8668 13837 7905
4800 19718 19024 2778 10064 6269 10008 19508 15728 8663 11500 14924 7957 16080 7526 13502 14216 13675 13789 15781 18145 19372 17153 7880 4547 2598
7762 8872 3009 12947 14699 3135 18755 10132 12140 12158 979 1657 10675 7215 2772 14516 3219 11291 18544 19054 18387 15408 3801 18402 7159 663
14660 16167 4389 18460 9247 13626 6338 11582 11351 8468 14888 5613 12616 3943 15021 17097 18097 8939 7935 11420 7147 5579 7767 19667 6752 7215
16585 1272 6517 2225 1799 7472 7519 5725 3245 6839 16552 6841 9270 16040 1792 18910 15480 2566 12284 12252 303 7544 3177 18095 14794 13385
16034 10802 16736 11340 1105 3454 5267 4818 11896 464 2060 17440 10823 5719 2650 7294 11958 18567 11006 1522 12683 17388 17712 11342 9396 12167
17510 18278 2821 1694 13645 14724 17766 6402 7155 2849 12554 13165 10506 10352 19275 19755 5789 5535 14762 2146 19187 11739 10335 12655 18833 8116
15225 3052 1281 19976 18452 17745 11686 5699 17710 8426 6345 3080 2989 13931 18211 8054 6268 19356 17929 15569 4869 5843 15835 17349 13386 12883
9690 9779 12269 4467 341 18367 1763 17849 17719 2365 5386 18677 1364 105 3631 11373 19993 12768 5254 5499 6023 7268 17064 14899 6593 3521
1142 4391 12175 2845 18870 7188 15721 3420 2987 11843 11808 17932 4572 14359 9810 7661 13473 5985 16928 16152 6637 11993 14193 9966 13226 19127
2807 4038 15248 19238 7351 4205 10531 1688 15764 19002 16377 4015 9788 6556 12894 3360 19063 18338 3511 5651 10406 1444 4089 10030 17415 5201
5200 19696 4722 14881 13173 9385 3265 13456 7891 13265 8134 18213 18402 18375 7851 18460 17309 6275 6666 5633 11415 16872 19668 17268 15666 9170
13851 12145 14423 4300 13026 1111 3661 8716 16443 2435 8429 16557 4534 17274 7603 9927 1479 1701 621 10832 847 12938 2319 14888 16888 7815
16477 17455 14824 4107 13794 6075 10535 17232 7966 12657 14352 2841 6254 7732 5587 16500 13315 987 6256 837 19535 9247 10919 1457 19396 13820
5143 15452 3508 15576 8357 5173 18961 13587 2433 8028 19419 18563 8669 8500 18829 5559 10680 11217 1948 8439 18802 16777 19419 12782 10223 3235
9106 1398 696 4631 117 4866 11937 16788 2639 16712 18700 5569 8840 16928 4431 3737 10904 1581 8195 18677 7221 15223 3029 12588 18338 12249
3736 2441 5065 19686 13458 4229 14441 15611 5769 18384 14760 16976 15353 4530 8446 8868 16355 2176 18121 576 2618 12318 13920 10185 7084 13390
4485 1953 4040 1068 10030 10145 9290 16957 12233 1759 5068 18974 14010 13863 6741 5530 19912 18315 12144 9646 8472 1863 9878 17725 3002 19560
17588 108 604 18318 811 15391 17067 2431 12144 13448 4676 17264 6037 364 8708 13177 9970 11243 16675 13625 9043 14949 1016 16151 12552 13384
6527 15866 835 8849 8105 15930 4377 5614 419 4323 1419 16843 10522 11789 18447 18983 16208 15350 19321 8416 18414 14963 13254 19408 3805 6453
10711 12911 15964 17722 13351 5889 2528 8235 12569 17010 5395 12326 11810 11522 3821 3620 2021 8947 18987 4173 7722 10464 11981 17396 14331 13308
3906 11840 17515 674 1649 6267 776 13521 7492 19964 14255 8989 18558 16225 7952 10440 1607 5675 749 7031 4374 4924 11265 19494 6261 8955
7868 10508 13653 4833 13365 7906 2465 14619 19086 4538 3397 5164 106 764 10665 9151 4758 10901 1332 17574 6963 10711 15924 18986 7451 1198
18713 16649 9889 18825 1361 9240 16267 14665 19669 15581 7347 11704 19387 12376 17607 3 15057 17408 6104 10023 7440 8398 2191 1892 18899 231
871 9756 14274 8174 7908 1059 14265 12013 19365 9299 6249 5506 7519 16312 553 18523 5475 2880 16054 11848 3164 7854 1706 1863 3511 6149
2138 3383 18505 2131 5679 18330 10582 7257 1620 15129 2075 13634 10166 12004 257 12310 19942 2501 565 7711 36 5203 4334 6777 2398 18819
7406 16583 7824 18276 7704 9574 7038 6557 11804 1577 9300 18649 11924 15323 17036 8036 15879 18701 9305 18882 605 13144 16526 5855 11459 2278
4463 12377 13559 15169 13342 17692 1523 11419 19137 6977 13432 4224 11977 1674 2286 1433 8420 12226 17138 2534 17365 9716 12814 15641 17810 1626
5958 2067 2844 9296 19185 16556 588 13556 449 3868 15531 8481 5718 13698 15456 10512 2519 8163 2666 10737 16614 7929 7467 7009 451 3827
6934 15406 7056 3797 14231 11932 12686 17623 9139 3327 9069 10639 16031 5788 5567 13391 4271 5204 5940 17992 693 2670 14564 18298 16021 16835
17988 16441 2415 9150 12622 19592 14275 5651 10742 2599 9021 18366 15319 7917 9829 14937 14381 11307 2282 8345 15817 10659 12398 15858 4268 2474
17840 12780 10730 7449 6110 15504 8939 11027 15438 7382 11786 3938 16435 19456 17751 16821 10406 688 14387 3459 3464 6611 6676 12810 12738 6056
6966 10026 10852 8472 14144 18473 1057 18796 6161 10037 11158 6707 4967 3404 18155 8388 5842 16333 2315 10183 4345 19791 14941 13534 14620 10150
14545 1196 4271 9225 18068 16085 9203 15924 13119 4063 11639 1342 2333 12221 4301 18135 9724 14747 11048 16296 2993 8759 9375 14770 16878 14271
15373 10745 16247 10775 17566 16438 15467 3647 13806 5403 5440 2739 14074 1863 9145 19746 7614 6257 14194 1597 5503 12034 16725 15029 19213 10639
13935 130 6960 11003 10879 12556 2721 19192 2601 1912 15458 16323 8060 333 7147 10054 14543 17280 4609 1550 4761 15888 1601 3972 13211 11445
15614 12373 17501 16024 14089 4151 18584 1069 16655 7406 11456 8478 12882 896 7402 3717 808 5077 3004 4489 11013 582 8761 9700 14969 6647
13609 12973 6689 12465 11875 15648 9289 10555 16488 18971 10461 10354 6705 11087 16704 5257 9762 19628 7824 5074 16506 19064 401 3898 16834 19936
17530 17639 12467 15103 222 12989 14902 19954 2797 9247 12985 16931 5747 13072 15046 9886 16215 8868 690 1871 13626 11820 6926 523 3783 5972
17127 2285 6494 15287 9016 7638 18360 16756 18387 4273 18341 11957 5193 15791 17896 15076 9025 7115 16247 15791 8981 13876 957 16291 18916 18943
2424 17052 16672 14663 3570 3063 16806 15889 5977 7646 10851 1193 18581 9051 13209 675 5029 6344 9386 19134 9184 1638 18454 14245 6903 17866
14140 19823 14608 16927 19547 19525 19727 6992 19311 4680 16937 11015 13184 11398 15847 7514 3820 12876 944 15829 1408 6988 2265 14559 2139 18124
16603 13491 17271 9971 4720 14043 17349 581 13922 8619 11103 16952 4917 4325 13350 7449 2566 3900 15103 18271 14976 2879 134 14212 9751 10045
4741 17499 18692 19427 9713 11425 1514 3531 19995 4102 12521 8693 6799 4476 16585 16768 17125 6708 6305 1783 13220 18849 15658 2648 15051 19573
7286 12502 13777 11474 18934 6695 18240 8284 1712 15772 15854 2952 18308 924 13658 17674 971 2558 6610 6661 17397 13710 9827 9714 6921 13689
4358 16126 3004 18714 19230 11220 14216 18391 3964 12208 10336 12063 11611 2668 13190 5685 1805 17955 10413 2750 6192 11226 15213 2199 8875 17943
13320 13219 12454 2248 231 14549 6189 19537 9604 5052 12197 19311 5327 5385 10087 18787 11040 11747 5260 17199 1550 7322 14439 19562 6843 3773
4163 2906 3481 1428 9010 19482 17572 19242 8882 13041 1841 6582 13923 8380 10704 7806 3870 7611 2688 8947 4431 3780 18385 14627 114 14223
8030 5676 14390 10499 19993 4795 14237 13225 6896 9607 15429 3630 3085 6472 18177 13229 7809 14675 4936 194 3116 19120 10875 1123 11164 19513
17152 8280 8345 12703 17129 16077 10207 15572 879 15756 18049 14014 5990 10625 6658 13282 10944 3894 11476 4935 3466 9147 6155 15263 14744 6149
14658 14378 9268 7880 12975 15216 12741 4571 14307 9795 15620 6853 19945 14448 12732 19275 18044 15008 11939 18593 15143 6148 12441 716 9261 16507
11938 12829 11013 9931 13758 19574 13685 19025 1390 14579 9045 18721 7764 10324 12438 12485 6745 9997 17585 2055 5227 5744 19977 14074 8031 1468
3976 14577 19778 6617 13705 92 3587 5996 19085 10313 3861 13591 13127 12251 5266 5679 4088 7510 10266 1915 9077 18306 3493 13677 19720 6185
14828 19066 13834 6867 4976 14905 10629 7025 14337 14085 17861 155 12187 11498 14907 7983 15541 5060 4588 19836 18869 8806 10526 6296 15761 11580
17642 1142 14096 17487 18750 2097 18980 18742 9630 6998 10601 5239 16914 10243 6924 16764 5653 13326 6676 5726 14171 16053 13146 2361 2376 10290
1582 244 19877 13446 18303 11915 12658 12830 19927 805 5356 6899 15797 8391 6936 5777 1212 2964 6366 2670 19588 9702 18584 12770 17281 7826
13365 11780 16723 2276 875 5361 2843 16106 7389 6448 5829 2866 7679 10905 5224 2518 17196 17377 8909 13914 3931 7685 16286 13501 19334 13648
2626 8241 10794 1898 1784 15256 12402 14753 8104 16981 13423 610 13521 6081 10188 19363 19160 1494 9064 7317 17684 9330 1547 6298 19712 13389
1795 17722 18800 6985 18353 572 18323 4224 5028 13585 2656 5261 5840 8194 6343 6815 3472 16403 13595 17386 19381 7457 8400 10776 4431 1580
14387 8838 7960 14045 6330 16480 1635 19398 16991 4119 9908 13656 46 1941 17465 6783 5929 10476 7021 11198 5814 15084 18448 2025 18808 3236
4196 18453 18999 6201 10110 1529 2543 2102 15637 12029 17187 16364 4949 2493 8590 7842 3494 3323 15661 7883 6687 8543 17118 48 11186 5431
13793 6360 151 18923 259 15453 19688 13633 6444 18896 7056 6071 607 14186 17596 12449 667 9287 13981 11485 19211 3177 147 18220 11662 14591
19538 19432 13146 5313 2793 18619 7199 12225 4181 16298 12669 2834 2111 8576 14630 12508 8622 17812 5991 1453 19887 16118 6781 16252 10643 1586
18883 1947 3319 6774 18773 19472 9447 5505 1152 8780 8065 14252 5737 5560 8602 9062 12822 17079 17740 14548 6123 5206 2002 12333 13113 5867
14886 13483 17403 13011 3941 1063 16312 13425 16462 18321 8442 8852 6910 18553 19514 2367 15735 11670 9797 3337 14252 7831 13815 12297 6116 7235
4314 6038 10214 14950 7927 12122 15871 8041 18056 11975 13953 8403 18661 258 2925 9239 17838 18496 13195 19888 16950 16982 16073 12659 14476 3190
19839 14763 17816 7564 14110 17411 13271 12303 2447 19074 17870 19271 15822 4307 16267 19686 14788 17390 2262 346 762 15399 9609 6315 13632 16378
8310 18082 4093 16387 19249 10155 17742 8499 18060 7007 357 19558 12551 16715 6238 6680 16674 9594 19802 14487 8644 18883 2064 10421 13867 18179
1894 3978 16884 14562 18584 12504 18891 8707 14222 1826 4564 2685 19886 4070 4592 15936 13736 1663 12782 8626 4372 13648 14419 17191 1509 10881
7406 8523 15528 17915 2980 16362 5733 10467 18228 5663 7786 17002 5811 3212 4039 17004 19130 9640 17765 15249 16551 4900 2668 12057 11541 15552
12904 19280 6577 733 4927 17056 8705 11672 10155 5885 10995 15039 6549 10698 17797 4185 7362 14881 11560 2483 8156 12938 17830 1127 14076 2734
11668 13948 2191 3909 11560 3133 6931 13627 8164 14735 14753 10480 7263 6941 5094 15357 14980 6694 8067 16350 9686 1409 11470 33 14287 13824
6964 15174 10900 10796 636 2667 816 11747 17771 6883 13186 9378 12866 12825 1292 3460 17351 4331 19140 18609 623 5132 11181 10264 4155 2317
7265 5699 15113 10324 7630 2141 9718 11627 7625 301 14334 7672 10652 5657 16116 2949 14799 18114 14146 16383 12223 17447 2361 2418 13692 18311
9002 3335 9653 408 531 13382 16643 2690 14403 18281 17003 10445 16505 19320 17097 8825 9332 10709 11279 5481 12906 19574 15965 12329 3291 1438
19147 11858 17702 15663 4129 11634 15448 7891 19362 11851 13134 11223 19196 7719 7593 10854 18280 13183 4476 6441 9650 11131 18562 16293 9435 19954
14672 14943 15608 10049 17546 8724 3087 17470 10271 17603 13601 10207 11882 3582 1902 18836 3764 13304 19466 10036 14447 725 5994 1089 16566 5122
1129 12405 14229 18781 10177 17981 6389 13855 10998 3600 4377 5696 7926 11051 7718 205 14374 5269 15231 7229 4712 18951 15623 16635 2369 15314
14740 3632 18135 5663 8910 4417 8587 13279 19335 13798 323 19700 4969 15013 4675 11149 10936 10127 8737 2532 12143 11529 1722 3062 13926 11962
8662 8536 12738 19576 17713 16547 17346 12683 14339 15838 10422 1868 9408 5244 8705 1938 5713 9080 6308 13425 10529 8895 18178 4897 14825 14492
610 3303 12001 15592 13559 10378 8377 10288 10882 1105 11863 5073 1421 3451 19759 17258 14645 12051 14067 8663 16227 4880 2020 13819 11133 2969
19750 19289 13063 17211 1164 11396 4888 13572 1713 17898 2854 19331 11192 3584 4241 11139 2157 10574 16119 8961 1388 7266 5371 8365 15040 14071
13791 4507 10337 12172 7896 10252 14453 10112 18292 11113 1715 3928 7942 35 6492 1808 10015 15806 3345 18082 18067 14179 15376 12661 6827 14584
7225 13731 3235 6206 8039 16340 8787 17464 10731 17317 14881 4098 18802 6078 13295 317 6980 13187 7554 2648 19282 2711 4282 15761 2805 15291
17027 19401 11112 10281 13936 16855 12138 12793 19476 17439 510 7258 13209 169 2230 8663 2244 13644 16691 10200 8392 5685 18112 7827 4489 5705
1578 17633 15917 13722 10349 19193 8999 4556 6041 13330 18816 4407 2418 10427 970 7544 5004 7317 4320 18125 12673 7478 10167 7885 102 7928
15510 4687 16957 10272 12404 12292 17622 12074 18553 5504 2107 12188 19382 5258 10817 2129 13563 6230 19739 12834 11233 13800 16868 7371 4072 10267
19504 16713 6715 6500 16626 7830 1664 12428 5008 11588 10121 9746 9660 14142 16791 15931 6429 140 15081 14571 10776 13072 13797 10147 13904 7376
9943 4848 5312 4171 8691 10715 327 14741 2823 16808 14392 10079 11734 2454 15715 12777 3866 2932 3913 19657 19030 14750 3739 5127 17365 14064
6781 13381 11609 10508 13849 8573 3011 6898 5570 4669 17036 12441 417 3731 19694 13862 7105 8555 14414 4605 3557 522 17199 6148 18507 12578
16988 10061 19367 13597 6982 19080 14915 15190 17186 7785 7743 2876 1473 12155 10725 1124 6444 9947 3607 16200 13818 5747 1157 19252 9050 16629
9284 410 5552 12532 4367 5275 11598 16359 3532 19044 6423 7695 11414 13247 14244 1982 9368 11204 6654 18183 18822 19788 4165 2724 13315 11523
4646 9932 4166 9287 7232 734 3874 18579 11453 3977 10007 5245 8353 16800 14543 7161 6429 3736 6202 2357 16564 7713 3566 18883 12087 10146
10667 19150 17734 17534 10998 7116 1923 9602 16672 7090 9162 15331 6372 12673 10719 6885 15825 4192 8367 14570 10327 12087 438 16776 11951 9432
12625 12991 14503 11141 12235 16614 16190 9734 2028 9387 7994 13431 14879 7881 11550 2636 4496 15304 4233 11407 17782 10483 7869 14914 1752 15787
6894 14238 2263 8531 4424 9957 8940 4513 19070 17433 1115 16298 7843 18228 4606 8063 8290 5923 16232 13348 3788 14967 19256 1477 16501 13237
16926 4107 16968 1359 4277 3043 877 3502 15198 13194 15337 17290 9465 18118 3946 8287 15432 3500 2878 8135 5587 16363 12245 19936 1445 13020
1777 8208 13012 17391 7734 10029 12440 8236 3898 17791 11412 14495 12010 1506 17788 5286 3311 6841 6714 2714 3065 2850 5918 7994 655 14457
287 4712 15825 9169 15595 18501 2029 17746 7458 16063 17531 9116 2922 2667 1064 10981 14853 6981 14646 2164 16617 5916 19587 5128 8970 8918
4507 8354 12866 9304 3670 19793 5594 14739 14999 17163 8675 11486 5912 18554 939 2743 547 8699 2922 1031 2859 17107 11617 11133 19999 16106
1162 6347 14395 4408 216 12253 17277 2255 13672 2400 2521 4960 1845 12895 4097 9604 3742 708 5161 15282 10892 6306 15853 16691 1351 10967
12515 2088 14657 3719 10957 19471 11025 6983 12258 15975 1064 9871 2357 15661 15051 8560 4218 6723 5095 4543 19876 9783 11719 10363 9685 3486
