365
73 21 80 29 35 61 83 68 67 23 83 78 64 41 87 67 61 56 36 86 81 9 38 52 39 66
16256 1723 19909 13963 9190 10468 18206 8048 3842 1835 10463 9320 6991 2170 11988 4036 10540 7952 16803 8936 10489 208 11595 17192 9972 18187
12917 12748 6076 3607 1078 11946 18338 4058 2074 4880 3056 3920 10372 99 1887 13434 9024 11408 6648 6318 12731 15001 19584 15515 11732 19320
17662 14885 10092 15928 2301 317 15767 12444 12424 11847 3636 7988 485 17768 14535 10332 5348 16218 15839 1097 2866 19717 9231 15161 9166 13830
16611 13316 8538 15483 15791 12708 672 13012 10407 10648 5493 3459 6070 10476 9377 5651 11586 14027 14220 10971 12067 19223 16759 1141 421 7468
15749 3020 8858 19115 2561 18775 3847 6508 6180 6522 19954 2342 2113 361 18797 14246 17305 12170 222 5101 13546 759 2921 4525 14974 1300
682 19271 6876 18234 7471 3694 10962 12009 2907 16357 10136 1016 536 211 16305 9519 10779 10709 17196 4201 10894 3207 11112 12673 16243 14740
8885 6625 2688 17297 6655 4202 8466 3284 5685 13582 17354 4264 4498 15768 17850 15199 15076 10610 7696 235 767 772 2577 4887 11048 6099
11837 8276 7780 10041 282 16245 14714 19634 12549 18762 9242 8820 7354 1385 9369 5225 12903 883 11330 2707 3836 6152 12561 10858 7879 12451
1355 7783 4230 16907 5259 12644 2542 16313 6179 6534 14091 9304 9234 12605 10204 14253 7686 19253 12405 14878 14547 13088 3230 12088 14443 5185
9168 7158 1084 3393 5372 6116 12574 10796 15618 5742 13909 4310 7750 3176 4436 17117 13572 4815 18649 16405 3002 13042 3080 18526 17397 14490
12538 115 19232 3164 14465 16173 6913 16602 10176 5896 17698 17814 14180 9276 19537 15016 7731 13577 8317 458 9981 5537 15843 9937 474 10151
9964 6380 10025 14758 1291 8055 8256 19717 14225 16427 12003 11489 3907 6464 1015 14139 10375 7938 17928 9189 19333 10761 8599 11495 944 9477
3757 6000 16871 6749 1020 9431 2045 13684 16972 10373 10498 3542 14187 16736 11664 8344 11497 7972 2041 19521 471 17424 18026 15368 2934 8495
14708 9945 2582 10658 14144 19952 10934 5876 12702 4754 10080 4306 5800 15298 12206 11501 9879 9720 9400 10662 19295 36 10212 5189 19396 2076
13601 17538 19127 10479 5999 4916 16183 4123 13489 7842 5436 9470 19415 5405 14082 17444 6559 16054 4049 383 19982 6275 5187 11041 17998 9101
10287 15614 11364 5629 9021 5691 2715 3675 18346 2246 931 5617 4612 18009 13109 17698 4068 15426 6587 605 19421 18251 14129 12455 1020 17910
11968 671 14736 2890 6221 4907 5049 16324 9455 10499 11748 6896 16950 4824 6751 18634 4556 6675 3678 10546 18083 8114 4356 1522 3314 6854
7398 17916 13052 15017 16179 2512 19325 11782 8547 12369 11070 17066 16593 65 2082 6569 11500 5008 8973 6446 7981 3534 3876 12030 13463 4500
17867 2024 18309 3175 999 14045 17963 12854 11135 8388 11957 12399 11280 7295 16549 3727 17032 10969 12452 5547 3298 766 10095 17946 8495 870
17407 5706 18619 15837 14052 14564 13029 9012 16149 2631 6452 13121 19513 17271 14082 12464 5069 12155 1686 5742 17522 11149 11113 12383 10572 9909
3928 10156 10091 11901 12153 6742 6070 10144 19414 1874 12972 16881 7236 7333 17267 16947 2726 7230 17742 5385 16919 18311 16650 9120 9629 19117
7386 5329 668 12903 19382 11310 13202 6091 13981 12250 202 236 14636 18863 4435 11886 2261 11825 6750 5752 14432 19277 10458 390 583 15940
10883 8358 4556 8920 18370 11592 4339 14677 14094 5260 1798 16371 693 8447 4325 11476 2079 15709 2630 957 6703 19164 3869 5327 2608 3558
15716 3157 10816 5675 10801 1532 14885 5086 15047 19636 1937 51 5632 4505 17294 12807 19370 5530 2103 9630 16726 15247 5260 15243 14494 18513
13593 12072 18374 16263 13036 2329 15152 4298 19015 6398 13953 12166 9247 16920 12567 6444 18410 5435 11868 17859 10934 813 13058 11777 19685 381
236 2820 11115 3241 8619 5015 13447 12327 19704 16062 9112 11303 6421 1583 12219 3753 11965 2252 6183 13101 11046 12394 3434 13515 3032 11874
10579 3620 10171 12983 5540 410 12287 19472 1809 9394 4320 5381 14020 19363 12471 17133 1042 5065 15962 4256 1419 13513 4730 11554 8860 14145
7870 11002 19722 5934 220 13519 1598 11881 16342 12254 6323 4594 19446 17480 7386 13271 9285 8418 9098 8478 11931 12791 2633 13563 7998 1623
19501 7730 7278 8609 3189 15246 3024 9020 3974 5952 19137 15787 3946 18383 6570 7815 12122 2510 8026 402 10178 10661 9876 2339 19099 12731
17219 12832 2249 2109 5595 94 18311 5716 18860 1848 14966 8439 3967 3287 15047 12507 3044 1387 12834 7659 13924 559 5290 14394 12881 15245
11119 14732 4078 7851 9430 10165 1886 5248 1970 18365 9370 6148 6736 7782 2860 1339 15916 634 19866 5587 13105 7348 19869 6279 421 15183
5002 14275 18878 4883 16189 9433 1239 1134 12869 4437 13147 7140 5713 9911 18901 10261 3040 8709 10437 10798 10123 14730 1255 4917 9065 7106
661 3704 10895 12393 13752 981 6914 18778 19321 3398 5643 6832 11436 17565 17577 6768 1866 4101 17178 9958 8516 17736 5276 3304 18873 13392
19843 15453 2950 3555 14161 8012 12993 11819 10596 15195 12004 19324 14912 12778 18345 3545 18068 13203 9075 5548 14121 16249 8711 16124 2907 7187
17118 17850 11278 174 9950 17078 16381 18803 3330 8409 16417 14734 913 12214 7912 5524 15884 13631 9632 16353 4776 5606 5247 9702 16886 9935
14192 15188 10308 9959 2163 4091 13231 16253 5335 550 11040 18910 8156 198 17636 12224 19703 17545 11282 4224 9386 8387 169 833 4965 66
18083 11170 407 12243 13930 17866 18829 14611 16778 5991 6778 16016 17255 18478 11109 17699 13482 7614 8796 8716 6289 17515 9021 6367 14887 18927
4993 19540 10822 620 6370 11308 12957 11257 2555 9164 2930 4861 7488 2736 5901 18845 4624 15618 12282 15453 10968 9960 19190 10884 15409 11756
18914 7310 6514 18562 154 2074 15602 9768 1774 16540 18501 15190 18313 11212 16949 1729 9991 12956 18894 939 16601 19346 11351 15407 1930 16714
3966 7765 2447 8702 213 5007 14889 19014 7777 16751 17001 19245 18282 11818 12123 8505 7761 11345 5035 17443 4650 9373 11534 10154 7398 2051
14102 8860 16390 9594 10458 13103 19753 4052 9307 7191 16645 19026 4985 11161 8527 7097 17926 7363 11222 10683 11271 16991 12886 14267 13396 3667
7330 10036 4418 1146 8679 5984 16948 1859 18805 5206 19472 8455 424 6424 2265 16076 918 17754 12271 2542 793 8168 5695 11524 3339 5304
14430 2281 8792 5903 916 16974 18680 14892 4098 16597 3912 3295 12013 18963 10964 2922 3551 12316 6280 1881 19249 9224 19775 10073 8997 2445
4888 6948 15261 16990 4000 2555 493 7098 6953 6889 17098 7547 12281 6439 12415 14069 17143 9269 9582 16892 1454 9555 4832 16161 4027 8498
16052 17289 734 956 7887 823 19554 7791 12136 1356 8050 983 16162 11393 14661 3135 15647 19830 524 18335 4960 14269 16339 1314 473 11367
2926 1658 4026 14734 17916 12097 9582 15502 14875 5287 10814 10522 16843 10853 19884 3017 5479 4271 7666 15356 506 6189 122 2121 10774 12813
756 2179 2656 14801 19896 10538 16853 15831 4125 774 16997 4974 3577 6454 6527 8793 3682 17602 7487 2394 3902 19262 8472 18824 3871 9557
2191 6908 19565 8033 13750 5564 16888 6027 8996 8943 13517 14256 13907 10441 18549 13049 2820 9537 15063 11100 12577 13925 13144 15367 6615 10908
16731 1020 8786 7416 14193 14080 8759 15049 1863 11289 16276 3318 19115 11233 4262 18951 12741 15203 19882 1094 7217 2710 15323 10052 5447 1735
13147 19511 790 967 14569 9792 16471 17259 15685 12351 5375 15286 18547 16668 15275 8404 18626 14009 10858 491 16517 10601 4723 10444 11307 13460
508 10859 4845 6743 18488 1453 4437 13533 19284 13463 18775 9484 13929 9428 12849 6208 2008 15364 8209 15669 11263 11157 4290 16108 14813 6480
11481 11135 10187 18380 8015 16103 8186 14490 7572 3770 16081 19436 16314 19009 13835 9459 13468 9356 12065 8532 12993 12756 6758 2151 10234 5323
11609 4268 695 16305 12417 10789 482 15593 7038 4493 3597 586 12021 14210 19131 6368 2045 4619 8727 12456 15818 1092 16979 5562 14836 11620
14760 13938 5324 5378 6557 19393 2967 3132 14354 18448 16022 11534 16163 6969 13082 4710 18381 13589 10902 13776 15159 15430 13827 12723 16383 16324
4389 9794 16445 13195 12806 6650 12205 11399 2820 7143 19861 4037 19262 7333 14945 10485 5061 784 11047 4867 31 14692 8116 10474 188 7166
19773 1106 5111 10614 12680 5545 3006 3526 10951 12452 9432 14391 17546 17226 2928 6719 13144 4834 7421 17052 856 10153 13421 8938 16742 11259
16610 3331 12247 3751 12746 12408 2123 15979 1283 5339 7214 18125 4715 3582 10600 10618 15235 17572 13214 14075 468 17243 13251 11740 3914 1906
2736 10406 4145 3806 3692 12514 15745 8583 11882 18422 4763 1074 17202 16197 16398 9102 15952 8586 14582 13710 18174 3905 5462 12992 13329 1763
6667 1748 10899 16390 19989 8138 1660 6234 3092 5003 5973 8975 3906 7888 15981 10974 13882 8301 2537 10691 8853 15403 17516 11567 293 9738
3583 4093 2624 14792 891 19716 3008 9391 1360 4570 17618 8641 169 10589 17139 1434 2096 2272 18262 12467 2558 7387 2122 11843 2406 19876
3884 7801 16574 10706 18799 17438 7121 13143 8494 14808 3025 1231 11754 876 6737 6341 12441 2255 11789 1606 18830 10614 3989 15534 1290 16811
8203 19679 14902 1917 4071 17531 5423 17004 5428 8658 39 15302 3092 4787 7656 6454 5762 15131 3347 6088 3050 2844 12584 7793 17459 1042
6902 2632 11813 4297 12231 7378 17991 11642 18584 16991 17417 15536 10871 9664 4878 10854 604 15605 10935 15357 12590 15347 6319 13351 750 18118
4784 237 8644 11375 7984 19116 6494 14326 15860 18210 6907 313 16329 17292 5059 1431 4050 11829 15059 19228 6288 4688 5797 18770 17170 4348
5898 149 18421 4371 9067 19044 12670 11058 4744 8283 18978 10665 228 17419 6460 11550 5644 11258 1956 11214 10679 5739 19077 14951 4456 7814
496 11549 3901 10371 4730 9253 8777 4023 4719 19787 11618 11383 8993 14272 6867 6456 2453 13606 15001 17601 6597 18695 4465 12299 10923 16533
3194 1121 7055 12844 13126 14560 2273 6972 11711 11323 2302 8744 10955 8121 8258 6534 1823 9458 12204 16315 19286 254 11975 16764 18456 12626
2215 18210 15374 7070 19082 2463 7134 498 12647 9636 7805 13166 9266 17053 18042 16478 14250 3384 9131 12194 16684 11074 5611 14177 14656 11965
5463 14317 12182 12572 14353 10770 12436 19411 18450 4564 12223 12106 5950 12018 6250 16650 9398 12590 15083 14902 5015 10849 9132 16361 13343 6806
3794 11111 16390 17570 6722 8788 14445 2762 4476 14458 16488 2477 12422 5282 18121 6791 18899 6197 8542 19454 14028 3495 15307 7796 12799 9287
3255 12625 17492 19986 2384 16193 10395 733 12684 7301 17444 6488 2838 15311 14417 12991 7732 6080 445 9015 10602 6561 18687 15650 7060 7357
14890 2151 1243 6305 11200 6372 16802 3243 7148 1606 6924 10874 15841 361 19597 11457 15770 15559 8820 7652 12196 8453 3086 10481 4906 5989
697 5202 5024 5245 2549 10378 16936 13765 1259 2798 7410 8375 8503 19017 14773 3723 15869 9749 5765 19954 14856 3775 19984 12085 16921 17566
2434 14533 3972 908 17049 7606 8291 8693 18708 18253 13856 14821 7768 1630 8149 1699 8090 12115 5146 17368 12937 19720 5719 2315 4085 16821
19833 19303 14192 13537 11966 10996 8781 18730 3327 18822 10987 3258 11153 13829 2605 19592 9753 8931 17291 15240 14145 1811 2620 4961 17674 11670
1459 9699 2226 13225 2129 7163 19283 1786 11304 9023 11602 15606 13124 13675 3149 14507 14645 7290 454 10459 3590 3056 14601 9280 17286 5982
11757 9667 3884 18025 9537 7521 13384 17225 15485 5823 3760 16108 10950 16440 11620 9454 6604 19993 10996 13481 11137 7921 16310 10364 7621 1080
18890 16040 11562 14077 8561 2541 11613 10633 4465 10597 16318 8913 11238 11284 2605 1706 1765 16809 15053 11265 17353 1146 15987 10357 661 19352
2076 13918 6423 5054 9682 16928 9432 8281 3064 8200 6865 6927 16034 5108 16181 10273 11629 477 10455 13606 9838 13903 16704 4111 2790 850
15112 8349 2964 2044 14914 16577 7962 7478 586 1082 4690 13395 1349 7755 10660 11616 895 15461 6685 10821 2314 14900 8826 11977 9109 4470
3251 16124 7262 4752 6639 16697 19939 591 8202 16705 9614 6077 11817 595 6655 14586 7542 8177 12927 8465 14481 17616 9393 11679 433 3911
12358 2088 7686 15403 10047 256 3433 15502 18386 14305 14937 1963 96 19237 19308 12731 10864 7329 7888 19821 6779 10054 14505 13006 8840 11910
550 19161 11307 5336 9666 12343 11042 15198 16098 4765 13567 5861 13092 3941 8636 14443 7995 17505 17396 14421 14855 15458 10477 302 7613 1533
13612 16202 11473 4288 782 15169 12233 10207 16671 19688 3689 14931 1711 9863 8018 9288 16084 9134 7906 15218 9866 11640 18592 9352 10066 8780
8144 10307 10779 2874 5973 4556 5251 2994 8239 8656 4729 15327 4020 14843 11701 19480 4815 5855 5866 18315 13252 9734 18645 9631 8717 15467
5670 19326 10947 1173 8256 589 14227 14198 17048 13234 18580 9002 2120 5060 1179 15695 11395 2813 18557 15017 14532 11625 2669 14627 12733 7115
12325 9655 14945 8978 15285 3735 3877 13240 18962 7124 17887 16034 14957 7425 13548 16669 19923 15025 19968 18554 5081 17297 10612 2155 14921 15258
19571 8870 13782 14727 15090 8786 1610 12946 12527 15610 881 19281 9126 15750 16448 8418 17510 11810 6696 2598 12904 7183 19116 17225 3324 4589
10920 9007 2925 6290 7230 9968 17812 7993 15114 8006 19102 5303 215 9862 5094 11059 6668 15226 3174 8196 7585 8605 18708 18344 17613 14477
13693 12175 10685 14919 6202 1443 730 393 17451 8676 12845 12289 9837 930 17428 3837 9433 15021 12438 2303 10897 7124 4898 13782 19005 5172
6007 11496 18936 17929 8262 3915 5411 18926 3997 1985 1392 813 9948 13431 17048 7424 4198 4830 2528 2107 1401 10682 12953 3665 18305 16398
6082 16003 6361 1212 8552 3163 1334 19292 978 16973 15748 19121 17511 1191 8049 10561 5996 9249 3404 448 17653 5908 15381 4005 1343 15471
5187 1358 10723 19812 16616 13307 8911 14594 253 17287 19827 4336 845 6658 6231 12781 12151 15934 17014 4318 3037 14282 6919 18716 6049 7500
17120 1990 16057 4704 16881 12959 18954 8754 8251 10739 3205 13733 3546 16994 5034 4629 7690 2893 15468 19994 11056 15849 5457 4622 13556 12307
15107 2736 2571 704 11944 4169 19142 6929 3180 6905 19810 16180 9357 4440 8269 18034 12308 12964 8411 12707 3304 3318 13149 2133 7665 17898
9208 9015 5927 7589 6811 15514 2667 516 11332 9443 15018 10481 11018 10925 17036 16491 7328 19161 18279 16459 6071 16638 15414 17564 16915 11072
1170 13254 8947 7734 17578 2800 2301 1158 13946 3093 2986 8085 2264 473 218 15953 15468 10091 16586 7950 180 11965 17422 3721 11262 3031
9134 1113 17836 10596 2092 4305 11490 3946 9994 17213 13620 11644 14582 16169 3522 13991 6639 19655 12924 10264 18909 16141 12593 8353 15883 3132
18540 18690 13800 16030 17724 7110 6577 11274 2881 12272 17511 8016 4251 15014 15165 13294 17464 13885 7344 19162 19539 19399 15129 164 1717 2873
13276 11275 5815 19730 6541 4654 12952 13524 4007 12082 12637 15622 448 9408 18935 15605 6133 2154 12855 970 7857 5076 13069 17259 3456 9124
14053 11636 11324 7891 4329 7276 5706 1239 9786 1310 12333 12210 1786 237 8702 18907 1809 9895 4852 3709 14875 5271 8976 18228 18733 18302
11961 19712 2534 17543 18706 18450 14726 13194 2015 9230 11109 12785 6185 3444 10878 13233 10805 9731 1524 16860 12300 16233 10869 13987 6698 436
9048 9503 3117 4773 13000 9210 18469 19956 18148 1427 13273 761 18143 943 18342 5559 12780 5198 13598 4271 18176 19952 7625 3014 11371 10966
3002 19251 7833 5519 17474 644 7450 7796 16953 3739 10280 13222 19341 5481 19101 2600 8917 9560 17973 13093 19845 9430 15500 16726 2975 18515
3534 4836 11650 3921 15945 14648 18758 18782 4155 920 14287 9019 13950 12292 11066 12220 10684 3908 13237 11815 3445 4529 3977 10547 2690 17140
18394 16939 18362 16017 3866 4167 17579 6500 11070 18518 7696 10643 16228 13817 2216 12380 19308 11735 5794 5999 10485 12899 7843 3987 19928 5937
13656 15945 12298 2808 12833 14070 14180 2316 4557 2648 10507 4069 18284 4652 19575 15028 2850 19368 13294 13333 206 9294 9400 9569 8482 5116
1659 15032 15029 18483 18974 4687 14205 11702 19520 2229 17741 4581 8833 1445 11347 1273 16313 14309 10591 10166 18161 4265 6847 7932 18974 12825
15312 16888 13373 18133 1016 6199 7670 7007 7099 11524 17060 19496 15347 16832 18091 3431 6644 10270 17257 8288 8487 1297 17539 17088 2692 13088
8759 19295 5090 4220 5545 2446 6151 10025 14693 14463 1813 594 6178 16073 6899 10622 4593 12224 16088 9738 8516 5465 6025 18443 3614 16713
17060 880 7021 11913 19377 17423 1358 5149 7747 681 10356 7935 9281 19950 4702 10064 10242 16770 73 16906 12604 6399 19593 3754 12477 17703
11609 7905 12922 18028 19505 9842 11621 3799 4570 11767 14929 4765 12686 11308 10398 3139 2782 13251 11551 7074 17966 12753 13950 15898 3599 7914
15817 10924 7891 10181 6569 5759 14369 18685 12322 15029 19863 13656 1754 17178 863 8929 8334 10156 13189 19068 5752 13574 17343 2125 15190 8133
1506 1184 975 14758 11768 4153 13926 12018 1367 12375 9447 6934 11410 66 278 8764 14302 18540 1452 12549 351 15523 7213 7671 14055 3198
14994 6401 3150 18406 16085 933 11751 3917 9734 9179 17252 11674 9117 12711 9878 6454 6785 3576 18968 5395 11792 2632 18611 13187 10315 14640
14809 5890 8204 6086 10966 10701 14899 2232 3994 18119 19009 1398 13961 2880 16834 18510 17209 18871 17015 3722 8485 10321 10 14403 11885 612
12595 15712 4594 17215 17053 17309 16924 704 4627 10579 8981 11267 2791 15108 8310 8147 15949 1797 10535 9141 1183 16382 9196 17639 2658 5440
6908 6087 15181 7604 5767 17884 16705 2922 6355 2418 19531 9992 7152 543 16025 16512 7733 11641 4891 13269 7687 18910 2395 6660 11716 5338
15503 10494 17195 14746 19712 17867 17403 844 5115 18903 10586 7792 16824 2671 6749 19323 2691 16080 5642 10488 3791 7462 14515 1890 18527 15675
810 10955 15088 19235 11229 5708 11336 10965 5437 3481 10706 12879 12386 10793 18568 14156 7521 2804 1843 11553 13618 1651 9526 12093 11870 14084
12258 15416 2654 7869 11640 15039 14459 1157 19017 16926 5571 16439 9610 12035 4146 10369 6116 14389 13047 17472 18467 13637 10393 17222 10618 16337
8053 215 4452 4327 6213 10615 391 1023 4381 8949 9890 10341 11220 17780 6541 17886 8650 19888 12939 16799 10389 10521 665 16748 604 10531
7254 17912 9963 15654 6430 1025 11533 16054 12957 7186 11593 14114 10106 616 9478 12535 7630 991 7483 16583 8058 17737 19276 15437 18339 17903
14366 14733 10922 10373 15822 14825 3222 19858 9615 5501 46 11292 18811 1205 12233 3637 1613 16169 947 15924 19282 6823 4629 16273 10987 9183
12198 12740 11428 2929 1795 12481 10553 4583 17669 1214 11063 5168 19720 1630 3430 13728 6657 3128 10492 17676 12055 6601 16225 17989 2153 5393
13111 18493 14578 8977 7713 18683 12568 12043 9019 14965 13462 5190 3643 10660 5894 6380 1859 16507 8000 18060 2897 6608 12377 10993 6466 16966
15705 4161 13104 5988 758 15837 1162 151 6503 6353 12073 579 19215 18321 6348 4398 6408 10434 8112 16652 11702 7722 17514 12827 10025 14966
18852 4851 19772 19032 12967 1560 14284 2944 8779 7169 18902 10814 7677 19450 8821 15443 7014 14039 7173 10594 14640 10581 15606 8413 9866 4584
975 9169 14340 54 12563 16242 18740 18579 10449 12830 9951 12496 12789 3359 12693 10002 3198 2023 12956 7846 11929 9355 17234 17340 18264 9463
3825 18143 10580 6998 681 7147 10898 19552 13321 10323 15014 9368 2183 8554 11796 8688 8477 2856 15455 14550 13799 12644 2160 2558 17264 8277
7686 13413 18599 16276 7799 8173 732 5596 346 19411 18702 18830 2792 9299 15846 6729 13408 19266 7861 4932 15599 8992 19086 12807 588 13908
4195 19434 30 11677 9982 5092 13467 12390 5911 18302 16014 12966 3508 869 15452 9171 9707 1999 17312 291 2924 464 12602 162 5376 6881
15712 9200 6062 5715 17293 10601 950 9010 19228 7185 7105 6619 14250 10465 8000 241 16747 5059 19394 10738 6731 5411 19773 14683 18961 16372
1240 1481 7937 12124 5919 5518 284 15049 17918 1980 11140 14446 17036 365 17450 18129 4290 11961 18923 5701 11581 5608 3555 5941 19530 2862
13713 2553 15905 5511 15857 5411 8326 1504 2190 2199 1225 19173 3276 11733 17576 14574 6109 16878 9803 7843 15075 11513 12371 3037 18255 12156
4317 3637 163 10321 6840 1226 12298 19615 15784 7257 18070 6937 16112 15587 2576 5107 9900 14547 18882 9480 9968 9233 8374 11418 10530 147
9369 13032 19811 261 3112 13643 18925 3569 4387 4196 8690 11531 2774 7554 1020 13404 8019 12939 6295 2948 7572 12792 6138 7143 13959 9887
2703 11331 8769 8910 5548 9560 16952 8241 2167 8570 2506 3292 18964 10374 8267 15948 15448 17920 1024 17286 5232 695 8772 3478 12703 12036
2929 6656 15302 222 13235 6683 10027 5815 11938 19271 13701 10582 8799 10921 17999 12781 10371 2648 2252 1994 7399 12551 14444 8371 7493 11862
15040 4381 4921 2857 18235 3 8410 11090 9399 18934 7555 15434 4222 15988 17025 257 2760 9676 16601 18244 10394 7721 4172 19746 5083 16736
5175 14947 18151 15911 18763 6881 6514 932 8936 12575 18101 18247 16497 7365 17243 9706 12895 16032 15851 5280 6720 1944 19075 14095 19537 14490
1211 9275 5810 5386 7683 12633 18018 16512 1553 5537 7146 19555 6061 511 1188 19804 12469 13805 3784 15632 18963 19408 6833 6482 10624 3130
17695 9553 18456 14337 6380 19672 14785 4966 15535 1839 12533 18106 3810 5035 10882 9482 4562 18984 8204 19039 6676 9029 6657 4475 2516 2845
17843 19525 15371 16654 19579 245 18849 5259 5631 4923 17690 19089 13057 11998 13997 3323 13149 16917 18858 8569 361 1522 13617 10500 6857 18855
3576 7493 15691 4906 5036 14043 12005 12463 4513 2902 9300 19442 17473 18443 8861 8291 9246 7779 6129 414 8908 16453 12368 10146 17165 17130
1914 5638 13946 3029 17616 15508 1959 1200 13897 10558 8627 13370 18021 11957 13614 18312 4851 2878 7870 10551 15249 4715 1258 16512 648 1701
13736 521 16230 1598 4099 17343 1199 9773 12802 17844 11742 12728 11170 19919 13091 12322 15337 9519 647 5051 5795 18040 3404 4237 5180 2633
3951 4197 13256 15839 16731 9072 15856 6518 19883 16322 16259 2565 1314 14078 2958 955 5785 14473 14086 3572 8938 9072 7590 219 18146 2494
5187 17099 7002 15413 4547 19030 11253 12910 5771 10913 12810 16400 7049 3550 14095 6673 13563 3127 8162 13616 6033 2233 3122 16832 12878 3447
7465 2018 7901 19672 11345 12317 6547 14264 13675 12028 14380 10798 13340 17724 14534 17393 13900 8576 9709 16805 14910 6066 58 11070 7723 8303
13840 15666 2474 10392 17098 6686 8049 1269 1057 1280 5688 16367 3521 10164 148 14027 11118 18778 7585 3699 5150 13417 15925 2570 7783 16882
6673 16803 4251 17720 13289 2058 17256 12578 12605 17369 10704 3675 7632 50 4177 14268 2959 8517 13737 1667 11280 10772 8592 1323 13671 4531
19424 3459 10657 18861 8471 1622 5251 8161 19240 9364 18562 18467 7989 14559 7504 19365 4642 17640 16807 9365 13182 11362 17554 18588 15942 1286
8835 9352 15610 19956 17381 17648 954 18961 5787 5618 6764 14726 215 7861 19058 1788 11756 12795 10857 11947 14051 9875 5174 1173 17623 3746
18718 17407 6377 9432 3520 13836 15235 18128 13486 10617 15645 2725 9096 13179 8673 16687 19879 19568 10964 3433 16548 7604 1410 13274 12174 15659
19348 12525 4509 1535 18227 13648 14987 10103 3478 9189 3434 10085 10641 16745 6850 9443 16710 19576 19117 10074 15225 9693 7126 13829 13975 12039
9100 16459 10067 2676 13278 8625 6628 15768 3699 14281 15224 12473 14332 5618 3613 1289 17387 18244 6094 11019 16323 10880 3943 3520 8414 19862
9646 4719 1566 1580 17712 9728 9378 11277 8959 7501 2945 4845 10783 9513 16720 10220 655 1512 5101 14273 4342 15577 9222 8993 19310 15699
11739 10030 18366 1896 16349 5763 19129 17754 3280 6093 19853 11557 19536 11829 5480 11988 11153 14054 13494 2733 14223 10941 19385 16600 10570 2936
19133 8195 18338 5473 14617 107 7939 2833 14838 18608 5375 5121 5531 8364 11856 9850 19727 5996 3207 2806 14128 15220 17415 14955 16412 16453
3587 17374 12171 8511 19068 9691 246 1011 17082 13712 11785 2515 10282 16909 15473 12474 11464 491 5732 4975 3162 17274 8077 12982 14729 15862
10966 10882 16667 12195 15788 15465 17412 13532 16984 10649 14274 12364 13469 7674 2948 9093 18813 4815 11691 16299 19542 17520 14175 8529 5217 14216
17330 1771 15600 3866 12002 19140 12853 14344 4766 18948 15880 7210 1731 5029 10215 6248 16815 4929 18933 1658 18377 13040 17306 3310 8490 17069
11564 10243 5070 10887 7462 15540 2605 17001 14903 15955 9027 13790 11023 18640 15183 4190 6903 13817 2266 15817 7468 14751 17949 9740 10454 14787
2224 1287 19632 9966 9926 15622 10496 11980 18755 1999 8482 238 11002 1125 13786 2562 19974 1577 5440 14049 2447 17386 15525 12202 19873 14257
9964 11665 18271 19226 7262 381 18348 3458 9635 3774 12612 5111 5169 14323 2676 6019 6355 1623 11575 9810 939 15 10352 2166 7559 17446
9200 15726 16176 13066 16670 2159 11902 8788 9408 5476 15883 13874 16785 6181 15173 17310 1905 8782 1942 14062 10096 3091 6627 13728 14779 6623
19660 13287 12641 16742 18971 19427 1284 3642 9083 18661 5273 16375 567 7964 4850 10 14058 13364 8280 16700 8061 16498 6485 16697 11377 4933
15709 13729 15274 8640 1527 3537 17057 11037 2172 7975 14228 18 12995 5151 14494 16501 9686 947 18617 11326 1166 9912 3776 1646 6071 523
7731 567 15222 11584 15502 17640 8216 15789 2620 5206 283 745 18544 1250 4934 1932 16198 18263 12648 10618 13550 18746 788 1343 2350 18584
13649 18014 11038 9421 15416 10049 3712 19354 16086 10677 13507 12666 17015 4204 17863 191 17966 16893 4327 17820 10782 17134 2506 2697 2617 8824
9399 15102 6868 4378 3324 12597 136 3414 13430 3552 10721 5858 8024 18218 9437 12463 7365 6393 16237 604 1523 7404 14230 2953 9383 960
12492 14560 11287 2678 13072 13766 19043 19942 8842 1764 12012 1456 11717 19970 9032 13829 17733 9823 11794 4648 3506 10311 17076 5890 8972 6236
14031 17269 5021 13230 17717 3615 18902 5000 19701 2257 6878 15483 16770 19273 502 10627 16405 16421 1569 17456 12136 13186 3903 5788 4209 11563
8175 13519 4039 13569 1138 6081 4921 7953 16821 9129 9708 18927 11827 15865 11810 11693 14121 13305 4644 13309 5075 11696 17755 2010 3669 2892
14327 11911 3819 17378 2336 19216 6611 815 1755 15729 13815 1925 7380 13302 10414 7116 15776 15002 8389 12691 15182 14752 18617 6159 13866 400
18220 10762 16529 1910 13957 17011 8791 5724 3771 16123 4156 6777 4198 14852 16682 14233 6948 9379 17480 1077 4898 7104 11246 14752 10854 14235
11604 12580 15775 1339 10685 8447 5834 18771 2700 17179 8883 10437 19906 6777 14625 15298 1930 6702 17851 6616 40 7830 15428 9117 14066 3892
11691 12271 3663 10961 12287 18445 1851 154 11450 1818 16278 8593 17783 19325 2642 11481 9570 18973 13795 8213 4160 3608 17113 15467 586 19904
3098 15378 12344 13141 18958 6643 16459 7789 10924 18270 17824 17343 2115 9511 7656 14921 6236 7558 4144 16681 18118 11317 8162 1330 3155 979
17925 18063 7061 18275 6108 18313 5491 1874 15750 7890 8145 2591 541 3201 8493 9485 18872 16064 6184 3875 4080 8829 4658 4833 216 12695
7573 15923 17239 6393 5090 4014 13348 14197 14218 19785 10342 3084 15341 7294 18664 12839 18354 8955 6584 2099 14724 6544 17980 19903 11652 5625
16050 16886 17570 561 17953 9532 17102 17157 16973 6009 10467 18151 4972 13334 10969 17345 12450 2399 325 11695 19740 289 3542 6977 1424 5109
17133 7608 3664 14656 13072 11820 2608 9749 1691 11341 1670 7944 12429 11429 12795 18383 18429 12557 12410 11875 14275 11234 1758 2501 15432 13235
4728 6200 18024 101 13589 3286 2415 12707 19470 2478 9835 1127 3406 2190 3477 17202 8190 14515 16077 409 6357 19404 7654 6851 4787 9219
4762 5182 11422 16979 9810 5548 5247 3057 11219 11784 8816 15852 5679 1074 8944 10297 11801 16801 19737 2626 10279 10022 11669 9935 19187 18137
7706 11185 16230 14825 750 9063 9489 17083 5741 18729 14250 4197 12692 1474 6942 1958 11903 4262 5272 18117 8760 4910 15256 11917 1745 7313
7016 103 6128 16791 8853 12779 1649 1212 6275 5786 13679 10243 3823 13370 14542 6798 13650 11038 18062 8921 1660 16578 19629 12010 14227 8252
18844 2730 17102 10800 11612 18133 5477 16966 18161 18033 12949 18863 10820 3124 6215 13504 14167 9169 12860 17018 8753 14174 4952 13786 10217 12876
13580 5910 12075 12497 18973 7155 2285 6251 1081 7336 11469 15554 11111 6773 14778 3139 18423 6408 17546 15568 10261 17916 10898 15968 7644 6900
12944 13803 19168 16627 13614 11235 19374 19332 1784 12201 1695 10700 1236 10747 10366 7393 15856 19279 16220 4863 9166 10373 1696 18128 6602 4742
9109 15747 11352 11454 8924 6073 12409 4735 11221 739 2699 11047 15030 15635 19731 16635 4951 16213 14789 7591 8957 18257 1863 18331 5214 1550
6277 13985 6944 1361 16203 19050 15074 19029 13890 10690 4410 4855 13988 12907 18723 2524 7562 12565 12647 6004 19511 2680 13598 9792 1273 2869
18810 624 6174 4099 16960 10265 17407 5450 1204 5834 1131 10231 5208 18800 14559 1083 19790 6150 401 19181 13861 17374 15144 9748 9799 4600
19345 15483 19930 14163 5401 9124 10314 2887 4371 18769 18624 10636 19464 11438 15567 15442 2264 8126 5874 3817 17263 9982 5538 1403 5157 1980
17118 2322 9563 16878 6002 6567 7641 3659 3100 11981 1553 5493 19102 894 3820 4918 17134 12397 3824 9024 3775 12636 9270 17986 6210 5665
13055 9185 6447 18976 8598 2736 53 3801 6844 14519 12786 17648 16882 742 15557 7522 15028 1041 4973 17402 776 2203 18319 1016 10465 10598
10319 427 7605 12542 2157 8328 4048 19895 8138 6210 12632 12316 10046 15192 2103 19348 7054 730 17225 7748 12859 2098 10960 10690 17636 4221
10920 14544 12643 9745 6999 12374 6778 6625 4728 127 9932 18199 2860 18862 4129 8242 19873 16158 19561 12262 16017 752 9530 14974 18244 15223
14558 14021 439 6066 10357 18907 17098 17234 2589 1352 7631 15874 4931 14553 12076 14908 16528 7728 11692 5823 17527 5744 13921 1524 14039 13828
4269 525 6029 14279 2409 47 16535 2300 10394 8380 15435 4698 11157 19782 11496 246 9146 10844 6324 3862 12166 19440 19408 10093 995 2947
19253 12273 5845 3318 9445 15345 11457 17309 1099 18036 15668 6914 1521 6649 19472 3198 18826 17483 19422 8793 13116 11420 16566 1428 17163 13492
17216 6057 14432 19200 19757 17652 9819 17371 19478 17276 12374 6431 13285 15391 15855 7105 18588 18218 3809 5757 366 595 19339 5654 12504 17218
9722 9200 13734 1647 8238 19984 3893 12651 6840 3077 4769 16004 7321 9147 8168 15946 12114 764 286 2754 16999 14009 2550 16297 12973 9997
16184 12116 10746 16077 8411 7524 8555 3292 12758 2642 16017 10985 10398 13311 11129 13588 6582 15548 14969 12491 2059 11852 17337 9391 15556 10508
8387 14565 3555 14611 7660 17703 3383 4002 17087 10793 19074 3551 4489 19459 16982 15949 9340 12584 6076 5732 18313 3817 1020 13126 3612 1474
3470 14271 15991 9929 2667 11849 4503 73 1235 19722 1104 15035 13185 19771 20000 4385 13770 5775 18085 7038 6475 15158 18318 5637 12139 12209
1950 4719 4304 17968 16012 2697 9013 9584 17820 13952 17680 18470 19218 1263 1925 9053 6239 4992 4165 2357 8599 4004 2973 9368 10379 5360
12822 14884 6105 16054 17836 209 12905 13985 14640 15233 7365 6222 10540 1037 18886 19036 13633 9060 3956 16652 7607 8008 3340 7402 15907 6625
501 16857 5448 3681 1931 7563 5056 5016 3352 18165 7869 3154 385 2367 16124 18212 15360 6541 18461 14772 10205 13021 2583 2199 479 6052
19103 7706 9121 4567 6574 10352 5130 19388 11136 11138 477 1271 1064 3502 16751 3439 10633 11167 19067 12326 15898 11242 16998 16450 16540 13388
8415 11225 5340 4016 15869 12631 6938 8988 16387 6336 11787 1898 1786 13441 5672 17652 6902 4005 2387 10003 8187 1118 1746 6104 962 6272
10024 4700 7191 10856 15150 19208 19712 6107 6211 2870 13373 9691 5431 11000 464 11248 4592 19405 16642 10053 14207 14013 9333 5769 2066 19621
18145 17310 4726 9214 10978 5729 711 14589 12993 12130 17656 13551 852 2912 5272 17504 5584 12333 17409 12990 12218 19491 2494 18136 2169 15814
17223 16842 7521 13280 8845 8192 12443 3128 4275 19042 12544 16534 1453 2706 16646 5374 2266 7074 1142 10007 185 4201 2970 2027 1210 4282
8692 12501 1819 14206 15191 8023 15872 17423 11731 6757 12452 7289 1034 7048 19603 15090 12718 3125 8042 517 8884 13161 8707 12688 7646 12138
11166 3807 10960 2621 10157 11114 4535 16218 5524 13811 2157 13122 8375 11145 14856 6101 11273 3096 17905 10098 18452 11320 6166 9398 8365 1903
3525 6260 14447 11195 16565 15476 15209 15327 3380 3417 1472 4230 12913 2564 12916 18272 19554 12527 4086 7196 18331 10994 18454 15791 6585 19301
10681 13264 17731 12109 18078 6800 8572 2709 14651 6993 4035 9680 15987 432 102 11243 17807 10599 11588 479 6455 19642 19152 1635 8764 18360
2751 13565 10846 3543 4126 18925 8072 10241 6991 10525 3670 6518 7204 3505 1804 13122 11089 16262 6565 4754 16435 13981 13187 13976 2340 17743
17637 294 11567 13918 6123 6259 16633 133 4332 19091 1930 6688 9112 10414 3275 4679 15813 12360 1916 7210 8655 14285 3867 15554 7859 14881
14637 6725 1275 6227 10694 334 809 11933 15281 16194 1151 9539 14363 1721 16451 18663 11987 9600 19419 19298 19470 14520 6560 5889 16116 5852
2556 5566 10510 7639 6326 8349 3845 11079 12819 18571 3545 10810 5684 12374 3075 3869 11307 10797 16062 11211 13594 9405 9475 16171 6736 3546
17811 16323 19264 12383 8906 18637 13202 19866 1883 10310 489 13873 14479 15988 13620 6497 2531 19130 18511 12515 507 19960 1676 2549 5239 16903
16225 818 5097 6994 17927 2723 17727 6013 19622 6283 2504 19670 1139 18109 13777 1162 12000 10397 218 8147 10822 16455 17385 19242 6178 8793
16017 18462 14643 3887 15495 13933 3325 8796 9966 1425 19043 13995 5149 10350 3796 19174 6912 1939 18190 2916 9741 12567 11480 7982 19266 8033
8850 13094 2926 3063 8309 18492 6162 757 19176 12963 17664 15990 15069 2350 13682 18498 4332 1492 885 8479 6780 6956 15017 11425 19770 4180
3457 15888 3837 8898 16365 10667 5416 5252 17333 10583 5990 14259 19267 17651 2617 15331 2476 3090 9207 18612 7045 11281 14927 19069 16763 11195
8560 15039 7616 5988 9942 10449 5884 7094 13479 1279 11508 5795 17893 952 3333 9621 7144 17685 15983 14185 16215 16061 14439 18529 14792 7122
12163 18003 9018 11553 1707 4563 17155 12953 5953 399 12114 14961 14330 8059 12883 14620 16688 14455 7396 1978 16876 14145 19424 4383 15882 4815
9127 12662 16465 17522 14372 10503 17302 17422 2420 17948 8980 10452 16065 10401 5584 1342 18855 7311 15886 17110 11134 7233 11697 18747 1210 12833
3568 17197 19399 922 7723 1925 17733 3952 6474 18102 10936 12166 741 18878 14630 14863 5497 13249 13152 18527 5502 2071 17548 10038 15668 8383
9797 7185 15530 9572 3178 6232 17578 9691 12218 3615 3363 583 1275 2943 4661 15298 9216 9780 12292 13402 12001 5804 18707 11857 3735 10989
7818 10597 10733 10966 9394 816 2393 8983 13799 17326 6656 2663 1646 16954 17840 12919 4567 17052 184 13379 9013 11159 4758 4727 14097 17277
641 9766 12485 5956 17040 7217 10121 15550 15671 12014 10106 18958 16701 19249 1711 1534 5170 10655 5285 17201 3050 17667 18573 9253 7343 8901
9710 1753 13996 7920 15366 16433 12203 11996 15238 1250 3152 18239 12371 10814 11817 15171 18187 14354 3979 18521 8252 9797 13940 16309 15540 1470
12050 5339 11497 19566 10459 17515 11650 7934 15874 3704 2770 8020 302 6038 17432 12092 18563 1149 17744 6252 8189 11120 280 14909 18447 12114
9503 12344 12273 11974 1627 1142 18754 3309 4588 17973 11778 10544 7446 18074 4207 11165 11680 17778 18159 16540 3644 6072 9657 9033 10888 1925
10106 19738 15793 15357 18511 9589 6571 14582 12813 2408 1683 7482 14791 7711 17989 11351 5277 16035 1430 19615 784 9652 3597 4985 14195 2303
2171 12349 14663 17719 18518 6940 6173 518 7942 17998 4142 7274 925 11505 501 16219 16853 19258 12306 6537 7400 10155 3282 9640 9975 7910
18655 7338 7653 15954 4583 7787 9462 525 6751 3160 4386 4313 13744 18811 10829 7926 18222 5160 3374 9176 11872 13985 4893 14205 3161 19349
14085 8275 19021 12303 2375 3083 11566 15835 19011 17341 11446 16819 3595 3152 6101 1531 14722 8745 14110 16441 15753 11907 18091 7208 2680 10892
6116 11976 14640 6611 18510 17484 14616 19750 17279 12954 1561 10745 17806 4652 16503 8148 15808 14836 604 8821 14747 8732 1209 4987 14228 12486
10224 16356 17937 2668 4835 11234 14449 11351 1183 86 13883 19310 8743 15507 563 14846 8069 14378 17946 11099 19361 4898 18641 9235 2574 12619
16418 449 10680 3917 12801 15470 10618 6982 11893 17813 8923 2173 9931 4073 8886 9975 1627 17854 12176 6083 10820 1209 17980 16476 17469 3122
15160 7758 10848 3422 14002 5013 13786 8482 9243 2190 17658 12131 15344 4367 6767 7546 186 18814 10559 1621 10115 14440 6522 189 837 14917
12709 10411 3277 3971 15751 3148 3615 10993 11541 18394 7875 16278 572 12882 23 2600 1543 10512 15256 8253 8611 16415 17994 1528 7011 14927
633 4677 3738 5125 10417 6092 3791 17747 19507 12428 11015 10310 16884 18103 3434 12708 2939 5958 18036 15639 12926 17220 608 14014 13198 5278
6371 1503 1786 13359 14372 11613 6180 431 6769 15786 2073 5500 15924 5765 306 15152 4821 2483 3529 5608 15463 2594 1900 1547 5534 10882
6336 12900 2381 13884 17772 6200 17058 7791 16521 5308 885 18138 4857 5348 13767 588 9267 8332 7624 9359 4934 15667 7489 2963 16647 9302
3239 13233 13759 18936 5555 16211 6950 6372 19801 6804 19835 10406 4997 16802 17874 7299 12404 17429 6821 9018 15472 6650 4105 6638 5576 16037
2267 3754 421 17943 19615 7420 4999 4686 16650 2648 9564 124 3315 10967 6991 624 19153 19921 4061 2029 7819 10308 12877 17561 17193 8075
16579 6626 8061 10196 11675 1900 14849 96 1756 11353 252 1168 5099 15375 16629 14229 9895 2218 18071 10259 14743 4623 19011 11935 11532 10338
17741 8482 9677 17116 5669 10945 3279 16204 14356 17095 17311 15395 12398 16962 7410 8515 8747 17228 2880 1224 10785 8948 12871 6036 16256 8283
164 17074 5667 17410 16513 14784 15276 18492 14672 3342 12246 8137 5019 8130 15395 10737 1244 16596 17546 14538 10489 8190 12217 12353 2475 1753
4763 15224 2039 11120 13345 13783 17832 11540 6992 8079 12318 19016 15979 8000 18851 3816 14112 18539 14756 19057 6793 4603 16644 10113 3248 18886
995 6556 2145 4234 9977 4613 10528 18378 11426 19163 17256 7584 16526 6287 10587 16850 6681 8614 11042 8399 8001 3553 17442 12651 3346 15726
15931 4902 1411 5843 14737 5556 16396 5649 11993 11632 1592 199 18011 4259 13668 4062 9809 3111 8873 7917 3935 12859 7144 11842 9908 7034
14363 7128 12399 3605 17893 15146 8606 10406 6203 1614 16541 9247 16849 8488 10961 1154 15463 12043 18734 3216 15934 14805 16656 5334 3373 1651
10688 7437 48 10141 7815 6613 5066 110 11312 9967 18185 8174 10135 16635 3284 4381 19440 4417 17932 19946 2194 8800 17156 10233 5617 11810
73 3626 31 15762 5037 18197 16258 18016 15133 14451 8223 788 10509 19681 11541 6858 11259 6327 5833 884 19314 9272 12886 17529 12696 4411
12766 4655 11021 9758 3810 6794 13964 8698 5785 9864 3886 13269 1316 7493 8077 12178 5081 14016 15952 19088 6069 755 12055 16226 705 7409
2228 18318 2086 13174 12173 11110 5364 11695 1398 4709 4208 3691 17576 8334 4918 10055 7619 10107 11438 88 2719 4651 18474 9014 6378 1275
11613 16110 2071 6309 14540 16236 5252 2788 10460 10300 614 12050 13207 9317 7688 1928 18705 10817 5651 2191 7634 6297 8587 1642 5260 15796
8897 15805 16613 13434 9517 13902 7894 3174 11973 2202 4529 4253 19902 9603 17099 5822 16011 18718 15203 5395 16596 2029 5609 18803 104 12093
9033 10237 13392 17738 2132 14216 11033 10193 13876 11238 4691 5399 205 19529 9408 6730 13294 15016 5895 9869 7429 18695 8405 12800 1142 13531
18117 7936 14750 1859 16342 13042 10046 14445 1155 15897 7622 6739 14894 2101 5044 14910 11928 12733 3820 19267 14871 14531 15734 564 2526 12072
5369 19091 3374 12801 903 6223 5902 517 14151 3133 19797 14109 3620 19974 5525 1005 5538 19140 8612 19777 14522 9185 12835 9595 16938 5766
16798 7204 7741 18758 289 6653 16286 11823 8766 6757 8046 13931 4262 11698 3011 3624 14585 1279 16903 15233 13296 14714 19250 15597 3434 7095
14620 14981 14344 5386 709 19050 5907 19396 1914 19125 12495 13825 2267 7184 9 16325 8223 19330 2527 14453 218 4737 11168 2362 10759 3117
6058 14421 4776 13218 9483 4006 9366 17598 11444 347 4046 18010 2943 3734 17202 15402 930 12534 19233 2574 16764 3466 10167 16469 17976 18304
12391 11188 18406 8968 15736 16659 3005 14746 12180 2179 4084 1533 5934 4696 15570 754 18021 6637 4331 6770 15316 19492 19587 13875 11035 15641
11489 9167 7702 17494 16095 17382 14915 12227 4902 11069 15552 8580 2336 2071 17678 14994 17337 13123 18622 17856 4213 16209 8500 1067 4726 12071
3542 8415 70 15444 5913 4091 13967 3767 19627 6070 3576 2950 7495 14678 2295 2185 15193 6365 5841 7733 6699 1913 1013 5811 19831 8454
6449 18429 9100 935 16690 1089 3934 3697 935 361 15424 2720 15093 9466 8988 3505 10479 4521 741 18783 15693 40 4676 2290 13380 10360
15370 19580 14921 16089 6685 6927 18025 15923 12023 16323 18019 13153 3472 8701 12716 441 2407 13663 9303 2852 3823 15487 6925 8758 9721 19194
14161 15225 8622 432 5073 13601 14794 5070 5263 4901 11599 710 19419 8191 17880 8931 18121 15864 18995 10519 658 14233 4966 11986 19694 19747
7744 11759 9288 13686 2161 7277 8143 16088 5260 2750 9140 8527 3835 7594 14906 6552 14765 779 6184 3252 18539 5991 3612 2707 7911 3026
12447 7003 6853 5995 9489 6300 11490 16317 10140 15735 19744 1942 8760 15781 12495 14960 12301 18767 16379 12801 16938 9739 9316 10939 10 13972
9278 13994 3679 6170 18552 10195 16743 2860 12164 14178 1475 9791 1656 877 8089 13638 3162 4036 9847 9937 16818 18787 19612 18323 17689 13156
9189 2155 187 15702 11802 6292 15085 17204 8630 1538 13724 8069 19164 17907 19044 1192 15902 4216 18807 5213 13196 18398 3035 12683 4485 18958
13088 12543 9569 8430 11825 18292 5541 3047 6158 19968 11507 16076 9613 4408 11519 10837 1477 7739 8621 5167 18314 4625 15058 16177 18364 9564
6686 12115 15288 8307 19021 6448 6605 19902 15123 15579 12280 14766 7087 7488 18785 14496 2210 6379 11071 8414 8602 16855 8029 5553 14734 19962
11175 7675 9762 19528 1691 10607 7406 451 9630 4666 8649 1133 5707 9791 3573 214 4618 10626 14854 2456 15907 11266 11571 7594 17230 6221
12257 1625 8492 16586 1128 18818 2641 4293 2537 6639 110 14445 19745 17874 171 14649 16030 4283 5078 18667 9125 1877 18958 12069 7478 2034
6840 791 11310 17247 7665 18751 3128 12172 5078 1223 4581 3930 1630 6296 3398 10218 2401 16870 12751 6753 5077 11394 15995 11744 11549 5396
17453 2883 17269 17609 3762 2710 2874 17775 18137 9535 16728 15298 9663 10707 7061 10593 13472 13138 16011 5306 10922 13814 2353 14365 2015 8550
3653 9753 8667 12818 13744 7847 1746 13687 441 4766 795 12266 1817 2593 3308 1700 4970 12852 5476 5777 6747 15463 10596 18921 14212 19665
4899 6014 878 16484 3194 6511 3918 17422 869 15530 10550 68 1325 1937 18229 13513 6658 10960 14000 4988 16693 4550 14628 8655 13677 13041
2189 18451 8321 13866 3298 16489 7160 7057 14188 1554 12366 7610 285 5322 4381 14435 15894 17176 15221 176 19062 11303 2500 7083 7342 13906
14451 17636 10749 13978 13590 6316 16602 4657 3267 10021 15177 18136 901 5592 14671 13339 7857 117 5469 15387 17773 17003 1717 17143 9629 6857
19235 3239 9896 17017 19866 9972 5004 14494 8434 19755 6010 10394 2807 15960 7168 540 2969 16219 7911 3684 5158 2433 1710 8557 17153 17229
905 15883 18476 16630 12853 15491 1476 2216 7940 18329 9438 590 15357 2334 8163 13961 19006 2566 13477 12373 3506 9730 1011 11352 11943 8340
5769 2920 10196 18369 12441 10048 11892 11982 13500 12156 16130 6053 14573 19270 17864 5828 601 14039 13847 7105 11527 18040 14864 1956 15029 6056
15119 7083 26 16346 2828 6976 1153 317 8386 10204 4783 14093 8239 18112 933 9950 19565 7871 4259 9145 17652 4806 11965 2115 17027 17699
176 8560 11203 580 7361 16330 16122 9219 4201 13053 4211 11339 13509 17604 5250 12202 14311 9216 7132 11243 5977 5331 11719 1686 274 2915
15713 13397 4639 16927 8125 16105 13515 15482 13291 4728 3689 14288 16159 19545 9965 19965 13496 7232 9482 6808 7659 5695 13483 15370 6508 2693
2316 3745 3775 19333 1506 2411 5912 17267 7522 8092 10098 10668 13090 4773 7448 9221 9230 5366 621 16861 6575 7760 15642 17766 13510 17035
9350 19021 18152 3258 14982 5821 9758 12392 12387 14639 17130 5081 14138 19421 19856 17306 8484 14746 5853 15761 17123 257 11049 1 1040 14985
16067 15053 2573 7139 10874 2073 2975 16375 4261 6892 3612 11683 11073 14435 18567 4840 11577 16200 7004 18727 17773 1262 10027 7060 8206 17018
11271 490 14182 6751 13557 7272 3823 9259 10212 12124 2341 19253 19111 1667 1338 178 14569 13017 16812 14296 3359 4931 13476 14364 3341 15663
7532 12987 7208 2213 8178 3271 9421 7394 9704 10942 1977 2956 2819 188 3984 15980 19614 6386 8013 3421 1947 1084 10666 10954 14939 13061
19585 4656 4051 10 5188 16350 16882 4310 15563 11718 7321 1153 18598 13546 17000 10119 1452 12233 5148 2107 8249 8871 18956 15033 14757 7251
8074 9114 10069 10871 18594 18264 13416 17592 14070 15256 11094 15259 14707 3632 10102 9627 2694 3057 301 1192 3457 4984 4349 946 8809 10988
17995 7569 8237 1925 5465 18487 6175 3622 1373 2081 19655 1710 19236 5979 2719 12274 2092 347 13821 13367 3800 8789 368 19863 6660 7528
8499 17105 9037 8166 5350 14667 827 5012 19798 11652 7921 1706 6383 5675 2671 17748 4003 7366 15719 8750 1080 7761 12869 16506 15413 4975
7432 7907 2204 16174 10684 10966 18307 8836 17022 599 425 10678 479 6616 11224 16024 5850 12652 14721 9725 7395 7589 4400 9272 4644 2898
10368 19714 2791 362 991 17057 3313 9748 9514 6266 4644 6993 18668 4935 526 11856 6817 15249 5437 5002 11356 18928 11813 6225 5267 5498
19074 6436 19716 15574 6533 5825 15814 8562 12324 10695 8539 9564 9500 5751 18582 11588 9105 12800 5759 12811 5911 3354 14331 557 9733 11731
19260 13804 4289 426 17324 6429 9212 11116 17824 428 12744 18950 14751 7781 10912 13052 9506 7492 9199 2091 15447 661 13483 19389 13222 5795
11604 133 8708 17449 19601 2556 9239 15193 8333 12262 3740 6953 861 6391 4702 5312 4400 6137 9037 5756 7832 11684 16648 5199 16196 18993
19898 8705 10117 10691 3460 8200 13850 7981 4078 19470 10977 16688 18176 16804 18767 16072 7584 9686 16835 6524 14543 19321 1607 4127 9286 14301
16417 11790 871 14088 8121 6198 19079 17600 6032 3 2174 9343 17746 6456 3409 1180 19096 17579 1689 12258 8217 670 8451 15600 4730 10911
12511 18202 19088 946 18499 17100 6730 15404 19152 7398 4901 7437 16603 10622 1148 10818 8650 6514 18966 14552 35 17296 10827 14219 2456 1662
5943 14745 9613 5861 9016 12598 13085 1457 14795 4237 11513 18299 16244 10928 17824 18267 8911 16835 4671 12543 867 6908 6482 11218 8323 2801
17954 19243 14010 457 7870 16556 7278 17693 18897 6840 4594 5503 11550 11643 14942 19314 13723 8751 7635 7394 9590 4848 19700 15781 7064 9848
19121 5363 16453 5979 15940 9822 17017 16976 555 13127 1346 2364 711 2886 7482 13826 1591 12258 10213 7216 16819 5947 5535 11824 9468 15444
5993 7520 13361 11104 4069 14482 2750 6605 1407 10727 1947 12361 14832 8819 10936 3186 5598 176 19307 9103 15241 12328 1790 17 6462 6602
1539 561 2482 2430 15497 8342 9298 14983 12960 3987 14330 15652 483 7037 3458 5186 10900 7250 17554 19948 19301 9804 4120 18457 8347 5026
3852 11255 1213 18163 15929 19980 8674 17975 11895 6191 13060 871 5737 12641 15761 12844 15537 18574 9909 19971 15717 17125 8091 18746 15350 5477
13746 5482 10472 13233 10829 6695 12741 10543 7010 2507 11447 6921 16711 7353 15025 5670 17103 9813 18694 3744 10835 17997 6699 8709 6256 3075
11245 4608 11366 11166 13715 4480 3568 17772 368 2946 12522 9892 9782 6172 7610 4940 5185 10017 249 12693 7726 6289 10759 15623 16626 19933
2329 19288 13373 17725 6193 12229 13906 977 18036 10901 18932 3586 1868 7782 15230 7133 10808 8946 6543 6229 2202 12485 202 2172 18300 593
18903 13435 2664 9172 8268 19614 7406 11498 6343 17874 12418 6938 3812 17654 4125 10294 4739 9215 11721 12517 18129 5280 6981 11706 18527 9267
10358 6728 1075 3285 9622 1343 16430 55 14023 9638 11444 16319 97 6634 18715 17599 14619 15677 11842 9089 14144 14734 13125 14832 15627 6834
10089 4551 10298 10527 11272 9900 12571 16231 2088 19939 5952 17476 14929 3947 10923 17530 1791 2489 15075 13969 13925 5818 4304 19994 17220 9957
1865 14923 1276 4983 16625 14156 16528 2054 7243 3558 12453 6275 906 1314 18010 18329 10779 15085 12367 7795 4490 16776 18969 17944 7366 19285
5451 5311 10260 10639 1730 8885 13379 4049 16862 7242 11404 3790 11527 4953 3927 10687 16036 14396 9867 14273 5826 2100 17701 4253 12756 12588
10725 1944 785 1387 9776 2498 4739 12731 13610 15479 12483 1863 8837 3900 3587 12129 13732 3513 7668 15698 16541 4288 17243 12526 5718 18887
8463 120 3485 1566 2364 7830 14085 8003 15416 8088 14492 5283 5748 1924 14675 15510 7215 13043 11007 10171 5992 18328 274 19066 13190 6140
19855 4514 5228 10322 17749 14917 19927 18430 3701 5363 2506 6757 233 8985 366 4473 9526 17447 7474 16489 2373 16317 16738 15899 8762 19847
12107 10525 9287 8107 18063 1867 13252 18051 10946 19873 6628 11548 2977 12196 16581 6520 1765 265 11174 7427 2375 485 3695 13310 12012 15941
13931 8171 17393 6843 285 14548 9154 18576 480 9601 257 16194 15271 9775 6084 9835 13837 11085 5760 4650 3680 5600 16110 3912 7885 9739
3689 4836 4999 40 14770 18391 4851 10094 15679 13446 4868 4331 12689 16363 12838 17143 493 17267 12913 14529 17909 4295 3863 17310 5535 785
6576 13476 12308 3386 4465 18984 3778 250 11804 7066 3313 3953 6227 12750 18944 9763 6602 7300 12054 1393 16284 13901 7165 4085 4150 2936
12749 3363 3353 920 255 17674 16861 4502 969 892 11972 3799 8222 7232 3479 4698 8802 967 15703 15148 5386 12557 5013 11846 10176 18905
10238 145 12355 3144 11790 6180 2646 10248 17647 12499 8130 19001 18843 1927 10466 18643 10494 13987 7961 10947 1914 7518 19453 17245 1039 12563
3334 7252 8061 2626 18146 4964 14207 1818 4619 17397 887 11193 11883 1934 9161 77 11248 510 14088 15033 1576 16032 17492 13370 18879 9994
15988 18705 18844 19766 17728 6631 11853 5471 11717 14984 17362 5339 10785 6083 17911 9077 11684 8426 11431 14883 10024 4456 19339 3663 10476 17398
13586 11290 4057 6709 3557 654 12076 5817 19981 972 8753 9260 11030 6104 811 8213 13856 753 15955 13413 11045 8062 8387 3490 1355 6603
17621 1085 17058 187 12868 6185 19483 15752 13333 5746 3601 17769 12001 16502 827 13842 3924 17644 16879 4744 12043 17657 738 12055 11574 2151
15286 5549 340 799 17428 8086 10559 12021 697 10160 6329 15516 11912 18295 5695 12220 4260 19400 3414 991 18639 16243 19589 18617 9121 10692
11239 10844 4931 3160 1466 14531 16945 4716 10412 6611 13722 4979 8235 7784 1074 12056 5778 19707 1481 10759 19456 10231 19723 18913 1991 12537
11298 2072 14074 7887 19888 1141 11444 3503 1140 10008 2491 6257 16157 17923 15799 19 10245 144 18164 3461 12696 18904 17171 4823 18217 9549
17324 3222 8646 13241 5592 10707 17933 5727 6280 135 3217 11470 2758 8649 7316 5566 12372 19971 5794 19909 10472 18721 10334 7393 18387 11457
5761 13841 13587 2867 11089 19914 12181 222 19274 7680 2016 85 10843 17594 10780 3763 7619 13392 10673 5479 7912 19991 342 18004 11409 8582
6911 794 12831 4101 12386 8739 9234 19380 17985 15763 4733 15652 2884 18441 11529 3901 17465 2111 1698 10941 1781 16034 3517 16798 1077 18732
17585 7784 4402 18648 17313 290 16023 6112 14283 2440 12123 2870 16132 7702 17818 17306 9132 13749 12752 15957 12486 8304 1013 5693 1869 18223
14828 15481 16248 3710 899 4656 15941 7965 2149 15119 1467 7275 10542 2164 13871 9106 13222 8959 19292 19302 8505 6873 14467 14056 13624 11087
13382 9670 6920 6588 7022 15979 4624 7336 10056 14754 8988 17264 4156 19109 8254 17262 15675 585 15564 11584 16 9637 1805 9105 4050 10421
7179 12083 5585 5664 3202 8205 18034 8205 14152 18311 9092 2166 5255 7555 9720 2802 12743 10931 19937 3871 13304 6172 1360 7616 1610 8197
2949 2487 7203 4756 14618 17752 6813 9452 8492 4685 15090 15772 17843 9321 2868 2676 430 12765 13619 9506 4635 14714 1255 8091 1802 11375
7847 14531 9150 4310 302 17230 4999 2463 17257 11045 19331 18165 659 5943 17990 18236 5242 8381 9814 13958 13998 16123 4547 201 6967 10250
11816 573 16743 15709 16380 6953 518 19533 694 503 390 12303 9958 8102 945 1688 19489 12814 9649 5016 4397 12214 17319 352 4782 8698
13744 11622 3253 9701 2949 13014 7415 9052 13328 19881 19717 18535 11520 9975 13711 9497 1251 9596 19388 13740 7576 7627 6632 13 974 5734
8153 1027 8708 4472 14085 19523 16197 1989 19559 2250 3581 12368 3755 15943 19936 7602 6984 5765 3671 4782 7286 1358 9073 2454 13056 4094
12808 9563 7402 9818 14568 16785 17441 13865 19739 11867 9779 10577 15409 5593 8856 16403 3148 16936 18780 13528 19013 887 9483 19075 11671 503
14691 17074 11794 5170 17869 3469 9264 16122 12973 15585 9619 11051 8510 15685 19516 7634 3345 3211 9376 10996 11243 4618 1604 9220 1783 8567
19802 4497 12565 254 5943 8694 7435 6902 18167 3384 1116 17483 11732 14187 19219 18853 4528 12490 16855 16712 12968 1478 10993 12074 13450 5716
1493 16600 15129 7396 16570 10899 15682 2073 1724 986 1796 9649 7792 4651 9252 2749 15472 4294 8825 14427 7954 13916 18492 10157 15296 308
8507 7204 8382 10823 19369 8460 5302 13010 13918 9819 19748 1316 2398 1274 14875 14517 15514 19544 189 15522 4648 18385 17083 2951 19219 15693
1468 4349 17309 2545 14344 19250 4221 4224 3213 3237 9614 18975 4689 7768 9210 14644 13987 12229 4169 7734 9109 16904 4734 2281 19402 3941
17448 11971 12723 14594 7585 13708 1369 13936 13613 10550 16940 14989 14266 18842 2005 6191 13947 11340 18067 5654 10364 3309 5331 15143 13331 3978
10868 9883 12580 13246 19411 9113 9647 19570 11735 6544 12276 10680 1948 8111 13111 324 324 3791 12603 11563 9049 12427 7550 14496 8796 28
6358 17724 12399 14919 10206 15830 4937 12433 3594 10501 17102 15766 6513 2707 16101 16813 8938 3462 2072 15403 13026 12512 1375 17658 224 14621
