365
42 7 2 36 10 0 64 80 22 31 34 93 83 55 46 71 34 69 9 73 52 62 49 44 96 50
7972 12847 5493 4045 16847 16298 6669 17176 9644 6044 16112 19441 10634 17997 5521 103 19460 12631 16206 4542 7130 13685 12185 6821 16206 8394
1197 7736 16620 15149 16639 9698 14833 2769 7694 9890 6659 18605 5489 5816 2086 7852 12249 14213 17856 531 12467 11406 16018 5575 17573 18471
8313 2787 3240 14890 6878 7331 11643 4835 4594 5936 17703 2802 15527 9065 9174 9670 85 17703 9834 18344 1954 9792 1118 16308 2620 12298
3847 9831 13477 12308 6096 8873 10594 6569 4521 9247 14783 14070 3502 5729 3657 4133 15221 10175 9959 17972 14749 1048 18753 5617 12589 2597
1769 10706 8007 16254 7950 11692 3182 13882 11874 4664 11810 11724 10077 3632 15267 13789 13662 13711 13094 2976 5122 16746 17340 19983 19033 11639
5429 1010 2453 19842 16940 8217 2343 4787 3790 14647 3201 16108 17603 17402 18857 657 669 16726 13858 2101 14008 13298 18475 5591 12787 3563
18827 16247 7707 13591 136 7682 870 5770 5672 12404 14397 13035 9207 16979 4620 2644 16727 13317 12202 442 13895 18925 19612 5703 16824 142
10378 10569 4395 16771 6223 3511 16268 2773 12417 7594 2731 9754 4820 617 7203 5295 10275 9667 11162 12844 8715 16590 275 10073 12924 15910
13937 4967 12565 2806 14691 18331 18202 1922 19622 10684 916 5882 5531 15003 15164 6967 11114 4775 18104 2055 5042 17460 19762 19336 7115 13583
10777 12997 3258 12298 11239 5876 14086 8479 18324 3574 14650 8300 10016 17245 12147 4035 12166 1367 18609 18864 2362 2670 6548 18564 15957 15586
11178 11476 3543 16387 9224 9554 11749 11968 7220 1814 14455 1688 16330 6099 5382 3986 13473 8149 15355 3917 15521 15992 4469 16522 16799 9420
1368 7783 697 11380 8204 124 19401 6638 13252 12259 10105 3627 2166 9742 2793 12768 15592 8362 7471 16004 28 8762 4233 3458 8109 16391
19770 3735 18939 5269 231 15803 12805 19929 11244 8990 11240 12074 3820 11479 5131 831 19140 17010 7804 717 1095 4618 10433 331 453 724
18306 13361 6371 14817 5848 4379 4767 4063 16277 16259 1008 6253 473 17307 2309 11813 14730 9047 8358 19480 15639 10671 6779 15271 7180 12024
6161 11553 2713 5523 11099 11510 11758 18714 4001 17506 19316 7515 950 6422 8569 17131 14103 19966 15305 11989 11315 14333 11551 2615 17200 17734
5232 7256 13397 9805 16975 15857 8194 18122 17705 6619 4147 11360 16218 1537 194 12633 7287 18466 3297 5829 17886 3549 15495 12265 11746 13266
14559 7231 2737 14627 2915 1422 16825 8715 13908 17002 7374 10935 9778 7514 18690 16397 4714 17206 13455 8114 15637 19906 14371 13862 256 12709
12193 1848 13539 6858 4105 15645 15907 15539 12957 16984 2451 10794 9972 11220 16897 430 6413 7032 5633 1790 15353 12979 19023 14307 2456 1998
18235 14198 7654 18656 4209 10077 11100 16557 18112 7263 2477 8524 5286 17330 7436 3539 7461 2861 18998 10021 11942 2566 3106 12546 6685 12381
8771 9647 15368 19252 2310 4163 10739 1275 7729 13981 15185 831 1808 15037 3375 6150 4451 7859 789 13476 11638 427 1077 6308 5211 6073
3068 13449 11859 7204 4072 10350 639 15819 10612 11305 14018 9724 18295 13696 19112 1569 7556 13609 19147 11874 8329 13305 13355 7030 13629 10726
14640 18809 426 8739 17921 7907 11218 3293 1289 12904 8749 13995 11432 2890 3197 6938 2870 19753 482 924 5465 9711 17776 6522 3778 12610
3657 2653 8603 13322 12698 17939 6993 9777 17569 11987 16721 7884 19406 5354 4248 10927 1427 15550 2923 9821 19179 15013 18100 8866 15347 9996
3120 1922 18493 16462 328 11348 13492 6643 19861 1694 13026 10459 19568 14095 7484 2855 6255 13233 3923 19197 15743 6842 2622 9706 15514 9555
11446 8539 6781 14727 12338 6190 13060 5633 10358 7735 1438 3207 11328 18082 10116 16700 14726 19518 10148 5401 10302 280 19807 9025 9072 11640
1199 2732 19890 13622 16701 15054 13340 11359 3744 12641 9917 11812 6537 18537 17757 218 15829 2438 13256 4368 19937 18056 6048 18398 2666 15008
18498 6203 6535 10670 17521 19562 2290 12358 17961 19067 4876 5168 14419 15315 15768 16325 6281 15745 16871 15777 84 7790 4124 18919 17642 16121
2069 10892 15115 16485 13920 8345 12503 35 8898 15500 6875 14011 8161 569 18036 15534 2768 13231 18326 11857 2611 14488 1744 8826 13866 19655
12199 10382 1863 12218 11939 6374 9915 16641 19700 14299 3140 3579 10231 17833 12430 16982 1294 4717 16344 3577 4638 6490 19642 8672 4206 12436
15729 15259 15608 13764 9472 15387 1657 15346 14472 18372 10417 19812 2232 15349 9968 2406 17047 6825 12171 10407 13229 17053 18770 2176 1082 1748
7187 13766 4015 6792 4062 12609 17737 2123 503 3631 9532 6178 8210 5709 18087 10332 16023 17600 5567 5129 14274 8948 10290 3131 6318 17633
19737 7313 1387 704 5477 12850 17609 9996 8866 10840 13256 1560 8538 18200 1458 18220 12785 6314 5398 14698 718 2306 14024 459 14292 9283
7829 7408 1378 10986 4449 12115 12449 8917 4299 15504 244 6127 10581 3342 4165 16102 17487 1321 16667 10640 11070 3738 2025 3328 4298 2330
12920 4042 18934 3037 15720 2622 12775 17976 4984 18381 1525 5373 16789 4603 18805 18761 16177 7612 8324 12430 12390 585 14796 15745 9168 8034
18979 8817 847 8729 18221 18104 14013 4959 12950 7743 3725 10608 7894 3109 3698 524 1196 17820 10052 6761 2001 19962 9156 10936 9796 17173
7142 10472 7349 8477 1635 9452 15804 19885 16864 15489 10077 14914 14806 6515 7274 3170 9944 3431 16572 2994 13344 1586 4762 8863 659 17131
7617 6745 10778 5031 2756 8969 5201 587 12330 6449 15782 18003 16607 19155 16069 2367 431 2004 3198 12196 8564 10969 6239 580 7142 8225
4504 13105 14299 8045 13388 4490 16373 4349 6366 9022 9566 238 11377 7958 5592 1078 60 4085 18245 503 1269 322 6978 9068 5300 14155
15668 3784 3860 2723 791 870 13570 5403 19082 8847 19060 2873 633 8480 19047 15373 16203 5717 15553 14180 3614 16077 7485 7050 6781 9484
11711 19953 11475 1062 14700 5444 8361 5822 3104 18307 18297 3136 8130 11516 308 14075 9068 5262 10588 13543 16244 15552 16605 15801 11969 19030
15704 16814 7804 14251 5608 1623 194 12684 16826 13803 13692 18990 16183 9413 10662 3887 1595 18450 18968 1793 5322 8143 2522 17295 5263 2401
125 2565 11904 8679 11182 3069 8603 7317 16286 13657 8035 7717 4506 5344 6204 798 18424 17072 1591 7133 9231 10828 6342 576 14161 3437
1015 1430 781 2248 6311 107 4131 9210 3600 3696 434 3016 6261 9815 7829 2944 1188 12335 12561 8909 18154 6238 13731 17958 16922 3568
11695 2432 14776 10833 16897 7987 11444 567 4230 900 2156 6482 11358 5500 17761 16021 6334 15245 15809 669 15681 8082 8394 6841 12774 6507
11355 5055 19300 13766 8999 9155 12006 17873 6689 5453 17361 16951 9755 1734 10309 4297 15233 2005 2467 2205 18503 15854 17394 19507 5424 14845
236 7036 148 9546 19720 17544 18598 7988 4836 15022 274 7583 16198 4488 4437 4055 15214 8674 14771 11056 18589 10907 3842 14871 16728 2508
10606 5477 5426 3405 11865 2846 18516 18457 7102 11394 18969 3415 4609 2831 18978 11583 15516 19786 19406 2715 12394 12430 8753 16269 3704 2942
4149 14627 14301 3628 13232 2887 8031 11724 12875 15806 3870 2543 5422 4930 14528 8304 10368 17340 4850 17150 14611 9927 18899 15341 5220 11788
2811 1627 13204 338 688 14767 17946 17608 13088 15046 16056 18860 18365 3886 11323 2092 13846 7243 19928 6336 10770 146 10609 8162 19286 16364
13877 9772 5025 11432 10999 801 16224 3403 1795 12207 16507 14601 14104 13892 17706 19250 10888 17272 5312 17868 19485 10675 7613 10343 17877 19125
12816 3846 5982 13162 12278 4834 2391 11628 15758 7337 5688 530 19985 3241 14373 17747 2137 17370 17272 17222 1267 11853 19545 3330 7902 1594
11091 18134 1974 547 7359 8562 5494 7544 11474 10829 7512 7348 7176 15381 4622 16138 3515 8200 4026 8414 19985 11602 11370 5017 3946 15856
14584 3288 19773 18087 652 5495 18318 16811 15352 5724 6533 4136 4031 5081 1211 4038 10595 19179 12221 17814 1204 2839 11176 19791 634 5423
3289 18308 15756 17829 1201 6685 13133 574 16976 14931 2140 17253 847 16518 18574 14243 680 13587 9610 19233 18948 5252 19101 5107 10723 7852
2457 11858 14583 14682 12992 19667 16529 3161 15207 16605 6310 17265 2528 19803 18734 16152 2429 11332 18446 7326 19573 16270 8400 18793 7530 5033
1291 323 9833 7649 6874 7615 9361 7242 17177 14256 16648 18475 16541 14384 16572 12569 19055 4417 753 14838 10607 7538 18418 12155 15584 316
6295 117 5223 6812 15835 18575 7951 16620 5670 13092 16596 5519 10533 2069 2322 8686 14287 16936 8817 8586 2981 4413 19694 16205 11639 16973
2541 3554 2160 1951 11660 15720 7310 853 18931 14525 8186 11971 8934 369 19317 9602 13508 7472 2254 7645 13373 2122 1212 6978 870 4749
16112 16824 6706 5049 6588 7310 11589 487 17168 1871 17 14405 6046 3308 13969 10736 6826 2646 3658 14398 6674 5566 4060 1963 13922 18822
3687 10476 12156 11753 17002 14684 15235 8049 19790 18660 4679 15260 9948 14569 18651 4894 9598 18758 4685 7167 5835 3575 1925 3833 7673 13200
19611 14242 2848 14138 3531 10215 18119 6233 12053 7025 16197 5967 14019 6701 12180 11807 5508 8517 6627 9792 19503 10782 10526 5284 4778 17813
4918 9093 6308 13202 5409 14169 2736 4946 13513 9567 1595 19486 1205 8844 6258 11477 6583 17053 19795 4110 12486 2238 7144 7323 9190 13209
12357 15384 17641 19706 2868 5157 13345 14879 5047 13283 19623 16799 5008 15903 6424 6271 16626 7601 5265 10609 7545 9284 4752 333 9761 5265
4482 3877 16297 16574 1794 17219 5964 19083 16295 13262 6157 11099 2082 14367 4449 136 1676 7255 5640 2015 17169 1282 14896 11239 9909 7180
5387 2004 4669 5326 1785 7600 7718 4491 2938 3055 9581 9284 3822 17203 5361 19609 16288 10875 18176 5638 15310 17121 7406 7385 1842 2239
19185 4880 7426 7947 6706 10943 4940 9583 9346 6033 19249 8714 1939 1347 9424 10473 15855 14546 16914 8967 10007 19225 7061 11233 10032 10753
5518 14894 5355 320 11463 1019 2500 17694 14801 1425 2417 13629 7862 7180 6244 33 3195 7400 19807 5696 15192 9706 11394 5004 7676 6949
5937 10142 1888 11686 2136 6504 2421 13151 10820 10873 10624 18340 12960 19591 8017 2765 15296 16170 8915 6437 19507 9454 2776 16195 6608 13197
16242 2277 19597 4525 8403 12668 8638 12109 12579 2141 15228 4070 4096 779 3424 4646 8175 7803 14218 13679 4052 18438 11103 5868 11656 8962
4947 8829 9579 2756 12918 18542 14734 16141 7030 4800 19286 16298 7603 1207 4989 8822 1313 17074 17424 19300 10054 2 12124 18701 15373 5106
18374 7143 14384 4013 16104 4933 11269 2 7679 8491 15755 3796 6605 2464 13236 17816 13834 13129 10695 18247 6129 12647 2030 5338 15780 13003
19185 5362 7515 2584 16114 5048 15572 11653 8899 7173 9373 17832 11953 18032 13457 19761 6576 10744 15591 2047 17018 562 3432 6075 11626 18767
11431 10388 8462 15010 11600 1967 30 14219 10355 14043 16808 1966 16932 846 12456 18457 11324 11087 18451 14411 12051 3172 3841 12599 6879 8751
224 3721 12343 8045 10323 7855 18903 10231 2069 2887 8157 1142 400 14411 6588 17056 12840 8536 14603 8100 19652 16057 2322 18584 756 5729
5574 7018 12439 2848 10744 4127 7090 11463 4668 8542 10575 15493 12824 14380 9860 643 5720 12972 672 8007 4406 9573 2863 17718 5787 17087
19811 10003 5234 5007 3341 11336 19677 1801 18234 11374 9176 6479 14422 18424 15387 11801 19919 3292 560 5130 14698 7952 6105 4402 3850 10764
15063 17518 4128 7947 1828 1582 14979 13145 588 7103 14759 2604 16264 14112 14012 4986 11331 9677 18160 2799 5444 8567 18028 16702 15116 3312
2036 19824 16873 9473 493 506 12802 7941 2556 8350 12726 13239 14807 14070 2751 13162 19942 11174 7522 6571 5772 8638 4898 4039 564 19261
14763 743 3530 3594 8739 17921 6369 13983 19854 1756 6025 1683 8390 10533 114 3222 2331 10408 2691 8548 2956 14683 3302 12761 19772 13971
14795 8005 17662 16614 14934 4892 16911 9986 16620 12390 6161 17791 6891 15352 9038 595 4795 14333 18289 12589 14086 127 2185 10559 19899 15318
7435 8153 10119 4566 5078 19602 7958 10509 4690 10064 721 397 6537 3670 9671 7364 10385 16113 6244 19740 5297 13885 19117 10180 10699 4367
7128 13683 2509 3850 13182 14111 13044 1583 13045 740 485 1242 12269 9203 6257 16185 4957 6669 18370 16844 8981 8774 11620 11554 15858 9110
1558 6444 639 15197 11489 13863 161 12994 2639 8543 16855 3697 1762 13501 10433 10091 18518 2403 7746 10889 2926 1390 7149 19374 6565 8283
2818 10171 15838 12509 10121 1023 6577 3821 2959 7752 6863 7866 4 747 7301 8697 14408 16451 1303 9279 8699 2420 13902 1837 9885 19812
2331 8541 16777 19337 7391 2506 7169 18986 8799 11306 5639 13906 618 13353 13834 16785 9146 10605 17965 10289 10180 12008 13969 5285 4054 17684
6612 4795 1416 8257 19895 5303 4314 1962 19544 10521 11938 10755 6956 10476 5900 18428 4177 12499 947 13315 4925 4257 8156 8948 9241 5212
19105 11298 4357 6705 13399 12368 3486 419 14257 18931 14131 5235 7733 13945 594 15058 674 1103 2531 1878 4108 17299 13556 4998 11120 13062
1257 19341 7790 7982 8427 13761 1664 10958 11429 7260 12212 8620 12065 16447 18819 13603 9123 534 17107 13169 13564 5619 5112 1150 12697 2464
8849 721 19285 4254 2711 13169 12680 1028 1634 16416 2218 18846 3712 15171 19228 17520 11307 8284 17010 9873 16071 3488 19484 8044 19841 18120
6414 10782 18828 9118 14340 1086 9868 16552 17918 18262 6813 17665 13775 4978 10780 14517 12951 2296 3288 10303 19508 4557 2945 17601 18317 14971
1352 9265 5262 12799 10847 11517 3203 6762 15814 1953 17845 1601 8343 4774 2169 19000 15777 19670 13165 6226 17236 5544 5429 16771 117 14728
6227 4351 4785 18734 3524 19430 4723 7813 6512 4561 3308 14753 14433 4632 9309 6234 19357 12725 10475 4221 4031 19352 16165 13295 16457 875
14584 2813 14885 12068 6320 14029 8450 11034 1530 17770 14182 12444 4048 7068 12125 8744 2992 10419 1926 158 17680 13477 6349 2496 16370 10403
6444 2016 19550 8663 13087 19337 14544 7975 231 19602 9046 7164 19913 1605 14351 19645 167 9057 11671 12867 15623 16590 4500 9199 3330 17496
8791 15489 11070 10470 15661 2203 14537 19789 9475 7684 4683 13340 7628 8020 16066 16872 7799 13852 2388 14628 9236 4286 12894 2014 1937 6121
2074 17493 12511 6414 19820 8289 18229 9875 1016 3631 6208 7008 7093 5519 16447 7338 8345 4911 8976 6451 616 2028 19947 16774 13825 6185
2835 12509 8153 17032 16446 3437 13276 8809 9741 6348 11574 4312 2704 3479 17796 13267 10342 9055 3524 3630 16031 11405 17796 17775 10851 2615
5109 3157 6329 6173 16615 16665 12315 3637 2152 7978 6163 661 4241 5659 9311 4475 4608 13817 14396 13544 14646 12067 3500 6116 12676 8763
9987 8452 17276 9960 3902 3730 12080 7129 18491 19266 19814 1783 16095 1263 13539 6470 4943 19180 7275 4161 7904 7277 9573 3042 12283 19891
19428 15258 6208 2504 3165 1237 9981 17902 14178 14808 12692 17491 11846 18309 9011 3439 18640 4614 3857 15439 1052 13393 2944 5101 11058 10402
16379 2574 6126 666 10227 18529 19419 14754 6983 19008 15792 9572 3867 3966 8656 14619 18137 16319 1707 15153 12695 9938 16314 14330 11493 11937
1201 19259 5283 1640 358 17810 8538 15051 1715 13293 11875 12770 366 16833 1904 6550 18822 1196 16242 2319 19508 12254 11262 10616 7902 17802
13615 8671 11713 12094 2945 6500 18292 4773 13218 12310 5299 10040 17008 15894 12718 14937 10569 10752 19574 18248 643 17029 9004 16651 3965 12618
6048 9251 1198 15269 2680 19633 12068 8713 6528 11005 3242 18480 19794 1479 19412 18015 14131 4852 11208 5487 1719 12785 12613 2311 11869 17343
14024 4935 15994 6135 15133 18541 18407 2479 14595 16370 16925 1989 8087 566 15411 17461 5477 2261 7594 17297 17982 13536 4343 14647 7423 9484
7048 7895 8013 19551 19155 2524 10392 16727 2411 9293 9227 5975 17289 17283 7928 8963 758 14966 19823 9758 11739 18211 7852 8900 5617 9729
18655 16479 9380 5829 12222 11147 3946 8269 17918 8793 6806 19911 10301 14997 9421 7051 14010 17473 177 12864 16941 14292 9735 19391 10160 10703
16082 8452 6099 6982 8373 633 7882 11097 1450 19884 10070 3602 19618 18900 10359 19939 14484 952 14563 2935 3393 6184 15767 126 13127 3206
19901 889 18605 9853 12314 19845 2804 18145 11470 3313 19278 16299 18410 6472 5757 13944 10644 7450 1367 17692 17992 1147 19976 3918 6326 9785
6947 10564 14378 12563 12697 19327 18113 6005 14616 19512 6921 1770 9456 5486 5811 15635 15404 19704 13886 19105 15709 14534 12717 3649 9698 4274
16583 10614 2630 15304 13647 16813 7828 3984 3140 14037 15227 13052 13973 17975 19706 16010 9629 17110 19471 3293 4304 7823 6040 1338 10793 16261
1054 2768 466 12283 8126 2288 403 10249 19916 10550 6235 8142 2396 13778 1526 15110 3663 11502 12999 15062 6120 4128 7077 15584 4812 11278
17807 1965 12382 1791 19517 13246 17887 8243 8363 5504 7329 14985 7497 18199 604 4460 1644 5962 3389 12873 12241 5455 18765 6236 4350 5954
98 13638 8917 7157 8642 946 5891 7642 14379 19512 14341 18914 9165 13951 7857 4450 40 5813 12509 13722 11833 12424 19989 2808 7658 18210
5410 18644 3180 14534 14305 4672 18405 6641 17977 19566 13346 10855 7499 13676 12306 4033 939 4342 13890 1470 10320 18452 9909 6064 2546 2130
14483 7436 7034 19056 15805 14027 8775 2819 14379 7865 12901 13674 4361 13916 3527 4360 17376 7819 17498 7664 3799 12988 15696 8995 381 4963
5999 9557 5801 11565 14730 405 7482 7611 17028 6401 3018 3200 6481 5118 9856 7898 3066 611 8547 5400 9743 18111 19015 18669 8292 12883
10374 18743 1948 18515 15552 5029 17583 8027 12717 14181 3457 18716 14012 17297 11370 8694 8505 1300 12821 16642 1179 4074 12828 6749 6373 572
17021 14723 6856 13290 19291 7214 5946 12465 6343 17626 969 10265 4695 2943 17758 9696 17790 13704 7510 7176 19919 13010 8665 17103 5001 6896
11258 4354 14423 5684 5984 11741 16097 12049 4950 9939 16463 17912 8125 19080 12008 18607 19754 18812 10157 15545 17284 12562 6728 13650 2680 18545
5944 5491 6921 9876 19024 11301 5045 18104 8331 15319 3380 16618 11252 10538 14440 16709 14176 8202 7745 1207 2234 4549 7100 11290 15225 19068
2802 3979 8953 6668 9756 4650 15732 16983 10723 18468 15463 14983 16426 9401 5140 17566 3144 17400 18092 11173 4835 6693 2336 3103 10732 8007
3658 17833 9599 10527 18215 11379 7569 17810 16757 19058 3534 2325 5713 6250 7400 10768 5279 5977 16065 16669 10796 18919 14547 2108 4900 11941
15991 9766 16548 13738 13803 1047 16607 284 8946 17686 19912 18949 18327 225 12423 16305 15431 4122 1692 16420 9831 15173 11205 3957 19980 3987
15618 5753 13458 17626 11844 17125 9569 15882 3152 17634 481 3583 9840 8194 116 11506 2532 3868 10454 13009 12007 16804 13685 13728 522 6853
16009 3218 11811 15635 4535 12553 16405 3909 2929 5871 8558 19775 16715 11949 330 224 11062 19691 11247 10099 11122 4468 3450 562 18002 17588
813 9633 110 17144 2677 2124 7767 11964 8982 18564 17146 6198 13275 7903 15951 8054 5347 1051 7564 14877 12770 18365 14920 11536 6875 3807
9072 193 18850 9058 12333 10929 8538 14462 8331 7925 12076 16367 773 2997 1310 4202 1904 3789 2142 8980 9392 13505 17728 7813 2827 2367
10186 15581 10200 1916 13679 10301 15538 7338 14889 7077 16373 11337 5975 14303 17190 12628 11013 730 17595 9184 2799 18249 18142 12415 2011 16502
15878 1887 15805 18072 10695 10629 4256 11900 11053 16920 1134 4404 4328 4932 11525 19118 1310 11249 10926 17845 4006 19774 5049 10567 9806 6973
12494 18401 6571 13554 1116 8521 17707 15741 18428 6745 12124 2427 3586 16805 11626 12772 3627 2986 9838 17733 18285 5168 18043 1300 18862 17888
17048 17301 8566 5142 7280 11215 3124 16398 6039 6742 18615 15522 10466 19413 2068 11730 14195 5040 19536 14007 12222 4482 2156 10069 19546 16309
18819 9025 1584 15236 4242 14274 8335 2801 1532 5954 1571 8817 5879 13045 11848 11834 11166 10995 2340 19319 10287 12352 18472 5994 11109 6047
15133 7418 4072 17943 19719 10443 11854 6844 6853 7427 4910 1728 17445 6226 1400 9012 1289 15030 15644 12739 108 7746 4407 18894 15906 18417
5802 3008 13011 704 5763 11536 5363 17598 18338 5744 4228 14963 1892 12439 1524 11107 19092 2154 1883 8654 8947 4405 13499 7724 9191 18849
17762 5259 11797 17665 3563 2510 206 18535 16026 4037 14412 10047 14771 8875 10262 10889 245 2651 5433 5627 4815 3938 4270 19157 10459 7547
11977 494 15414 2552 754 12519 16360 8289 1840 5570 19159 11153 19722 1405 624 19597 10380 8437 4677 17973 14159 1110 4039 12653 10832 11082
12386 4698 17046 7937 770 7095 2533 897 266 8116 16893 10888 18900 5332 14513 11643 9864 16191 14487 14336 9660 15087 7197 2866 10621 11712
3617 1068 9235 9317 16271 8745 9291 227 15165 9640 2801 4494 11959 14458 9847 14127 14783 12635 301 15938 16039 10890 11376 4160 1683 19850
8882 14024 19699 12481 16965 6835 17838 6638 13301 17962 2037 11282 14458 19342 8709 6101 4206 7828 6508 16511 2117 18988 19585 7298 19805 4835
11823 2941 18991 8454 7579 236 686 291 14432 12223 2643 9604 2608 19937 937 11554 4950 14457 16475 19894 6234 3063 17430 15418 15242 13657
2090 17795 3611 154 17876 8893 6610 3357 12752 16996 3194 4560 17072 13894 12465 17602 16018 17557 5401 2217 12973 9878 6542 800 18256 10192
16117 1526 2322 4086 13869 16696 19779 3605 347 5779 9072 2597 17105 3622 17629 19796 2150 7207 5080 4503 3055 3488 15765 16651 3727 7079
15028 15508 7906 12968 367 14934 17299 15040 4960 15328 14682 8338 17500 6498 9050 15777 12893 10986 9156 1020 3488 12400 2790 10533 13126 19845
17761 10370 12235 13991 1619 5225 14148 7258 9988 6966 3462 632 2987 18790 19972 12732 14362 2799 4089 6319 13602 17991 4848 15122 9057 3886
13666 1787 4273 19049 5995 1736 2067 10535 9700 9170 9474 17919 19604 2714 15570 16415 16163 9592 5998 366 9879 7984 14623 4126 9348 18717
2730 4097 3525 12788 9390 12703 15361 5386 7894 10774 6199 6738 2691 11525 15676 11625 10716 4030 12234 7732 1876 1077 14263 15975 10776 9469
19830 12579 16477 6716 6730 15208 17532 12903 13506 93 8918 16785 3654 4829 12581 1724 5476 17270 15529 15115 15046 10268 14907 2154 9678 11443
16836 1743 199 10659 10641 8199 11749 7766 2763 16980 10727 18818 17174 12091 29 1659 7079 13886 17688 15482 7755 15209 14982 7382 16121 4487
7083 9334 6000 17721 12251 3855 13057 16560 1 14387 16161 13885 8942 16120 17316 16409 13181 8659 8910 9100 3303 12098 19925 19992 1246 8510
15853 10698 16708 9935 2423 2047 5386 348 5955 1503 889 5390 15741 8709 2573 3755 9109 14956 11983 5744 17815 7112 18342 18126 16637 9223
10423 3073 16959 5949 5651 192 15194 6921 1770 13765 9774 7669 17230 6013 16625 13669 3461 1450 19040 3953 17835 5250 17600 16908 7592 12623
19962 7034 13974 7165 15802 12971 1091 6298 11748 15953 16233 18901 19565 5941 16345 17674 12244 18288 2051 6270 7574 19015 6647 11272 8852 110
2326 1857 4363 14693 575 2954 5864 16856 19295 8596 7080 12706 2752 5835 5222 1288 10933 19802 2878 10222 2260 1628 10068 17760 818 8651
975 13770 11128 17783 10951 13583 8576 5829 738 9814 10840 13523 6716 16703 18490 15521 17402 9235 9150 19443 6352 12724 14794 17740 11515 408
9665 12578 134 11133 15572 2647 3418 12695 17203 12881 5367 10695 11019 4572 4677 18802 18876 15864 1512 6822 11491 4334 12403 930 19374 14540
9690 4933 6266 14808 17474 2730 11470 11355 8457 7189 6201 1705 6859 19301 9090 15734 9450 6307 4507 8536 5045 1341 419 11831 10386 18992
19874 8057 18126 3191 9790 18805 841 6680 3745 7481 6994 14299 1572 8922 8053 18346 876 15982 14540 8721 19957 16189 16438 4220 18039 6125
2479 8283 18414 858 19547 9559 18428 16388 5548 5428 9136 15826 10299 16888 9108 9514 4818 14224 12443 1357 1561 2443 14796 16650 1643 13360
1475 699 14233 5314 12844 11540 10310 2979 18612 18056 10587 6557 4598 13565 326 10860 14784 4063 9852 16723 17706 4402 14108 357 14228 4766
19944 16822 15887 15316 19528 3031 18887 7831 13547 18639 3899 9333 19053 17384 8986 766 9504 19196 14405 9397 9133 19854 10223 3830 6921 7400
18656 1665 16409 7964 11174 4947 5211 17865 16838 14617 5560 3172 14390 12308 11214 15498 8068 8783 5896 14685 16506 9012 12007 17950 496 7360
7202 8955 15968 13259 8045 10829 16491 11473 5347 15639 15036 3536 16595 24 1063 11789 4239 592 1780 7022 17065 16898 13374 8892 8201 113
1928 16368 15495 18205 12079 16187 7857 6758 17072 3290 19878 11974 3582 16870 6412 11296 6741 3309 5844 9336 19977 6306 18661 6686 15345 3675
406 240 18956 16166 10718 3499 8908 16946 4775 3136 15784 4727 1960 486 6944 17603 15003 2180 8546 7214 1193 8789 4623 5184 1661 6013
14080 18783 4862 4021 13197 10454 63 669 3134 3499 11918 4770 7716 7336 8453 13620 16896 163 18124 5124 7674 3854 19078 8338 8484 10264
388 12098 16457 16341 8723 5251 9270 606 9195 13411 18033 7217 15622 12648 12650 14675 13913 12560 18758 672 5471 2172 8442 183 9240 1379
3738 6856 16825 11777 3212 11559 15454 3379 16579 640 18178 11876 16719 11341 10590 10404 3281 8694 12849 18020 8944 12954 901 5120 19540 14419
6468 5600 15010 4257 17197 6442 15276 18524 18974 15076 5023 18867 9412 8676 3409 7372 9687 16659 2093 8619 14287 5804 8310 13691 11286 14290
12665 12248 4752 9463 12264 12456 12618 10583 6639 19831 16041 19857 6440 17475 689 8570 12925 3544 12385 60 13978 2438 12842 10158 853 2679
249 3752 16425 6327 7889 56 19408 12359 2672 10021 15092 6076 7167 1522 597 10038 16970 18461 5954 7260 13161 15218 3759 13972 8437 15509
5313 18376 5528 2592 9267 7951 13790 12456 10082 19509 11790 2849 13860 5614 17460 8935 11473 2486 5875 14993 17392 19897 1474 16488 19924 3320
12677 16857 2206 12743 1935 17177 7835 18829 453 7869 17559 13407 7321 17012 7064 12903 76 10274 5444 8332 1164 12026 14026 9781 13310 17323
2095 15994 18704 5256 16525 15651 10448 13154 10632 16289 6083 8483 19204 10930 17752 3115 7990 18032 15104 5525 17888 6114 6526 19619 7711 774
2471 9596 19385 18225 17898 18925 14708 7490 215 807 1049 17979 2374 9067 7803 16268 12175 15979 16729 14967 11316 11526 6816 14188 4543 18258
11131 9088 19696 97 16917 10234 583 3036 17569 17920 14920 1774 6300 15829 13322 1619 9300 5888 17709 10309 9251 14321 7838 13683 16409 12105
16540 646 19577 959 12924 1580 2141 602 1867 17206 8801 7717 13585 10439 7931 16810 18408 1032 3527 856 14438 9732 8615 7979 19868 11022
14487 3194 18871 9132 5930 6641 14914 11910 8876 1013 2283 5455 10764 9915 3438 85 8805 6852 15976 19937 4618 5956 8147 19119 3348 8631
3691 5788 3379 1632 7466 2300 10671 10105 9422 352 2948 18196 13437 12758 10882 6780 4419 18055 2480 1135 8303 12484 10082 9920 15549 3364
4524 19085 4796 12857 3048 16641 2303 2810 159 2319 12502 18198 14290 1744 12916 6777 16367 968 4215 16711 2669 18932 1696 4556 13458 17250
18958 14526 13747 14673 19780 2147 17701 14858 19555 19049 3363 17335 7053 6697 799 786 5666 15448 6832 789 1905 19775 11993 13837 646 11981
5831 1925 855 15762 2813 11793 19570 6508 1523 11887 1164 4212 809 3047 729 9757 11060 11018 13036 3264 1289 17436 7489 3109 2105 18391
4020 15024 9497 14215 16494 15409 7394 3921 18049 12646 5637 5305 19546 13057 8281 10252 4116 18447 9828 12634 13866 4152 4353 11690 8792 19946
17341 17530 12604 7967 16077 17680 8146 2369 8311 18630 17546 16108 294 6544 4117 8042 8338 1921 7039 403 11506 674 18613 1446 19253 8747
9894 249 8035 5674 7038 8827 18448 3479 4476 6067 13074 844 12183 6938 1231 9430 7354 13290 11399 15746 4292 19309 17056 14035 16697 3147
6803 17482 23 6752 10519 8966 5308 18163 17059 13579 579 14272 5467 13735 6535 15399 16605 18167 19924 10426 9950 4471 5565 18720 2305 5123
12221 7531 17309 16710 18441 4822 2458 15257 19221 13928 17568 8791 12401 14495 17154 3999 17007 6436 17254 2769 138 4289 1617 12702 12862 17185
3800 11563 1006 7336 5796 9261 14838 15917 7567 2600 4125 19753 8889 8914 29 17633 5816 5495 1384 7663 17777 19046 16842 12935 12060 4519
17432 9022 18312 6531 2776 15536 9089 3893 11058 1648 18114 11138 8282 2961 13987 3503 2249 11397 17212 19275 7115 2246 15959 17784 15628 12909
650 5113 19707 12812 4254 19961 9112 858 9847 5698 14106 2686 19545 18920 16194 12297 15811 15053 13953 157 5768 8351 17498 19440 8130 5688
18783 11620 5297 7236 3209 13990 5223 5567 11360 7293 5765 6386 12464 4003 18470 1887 1992 5302 16519 10516 14175 19999 5135 2163 4096 8243
6299 7385 6537 19082 12831 4466 15179 10486 10138 19749 18024 12174 2179 8799 591 2021 4279 10135 18286 13114 6371 18419 8318 13263 12176 19378
16666 4733 4835 1868 15337 8592 18117 17243 18851 17314 13386 14543 8117 14198 1473 18281 6263 6310 1004 5057 1060 9355 2814 19821 3365 4229
14242 9378 10927 12659 5621 19987 19157 14516 2527 2254 9291 15071 15501 1406 9908 13812 17896 17354 6127 13738 7046 18564 17489 11916 17043 13751
10100 7687 18260 16596 15296 8069 8879 10846 17332 14588 18798 17358 14631 18454 4500 3333 15004 760 1320 5986 18412 4180 6842 5528 8655 4094
12658 561 18128 9232 10994 12494 17682 1254 19436 18242 3222 4750 5920 10034 8879 19155 18575 6582 6606 6604 16754 12282 10335 19890 13650 12013
7256 10911 13292 8834 8868 8365 18874 15263 1567 15505 5391 16216 16924 9134 5552 11673 7851 18030 6090 19321 11684 16899 18521 18536 6320 6744
2128 10687 18076 18298 1605 16789 4340 18278 14881 15764 3902 6616 18266 2540 13964 14851 10312 1805 2216 4348 17875 8071 14161 5737 19552 11069
6110 16340 5034 9050 15496 12964 10887 15603 17624 4184 13590 5326 9319 17403 8140 6008 13362 12667 8540 11435 13421 12685 3816 19628 17762 8868
16950 157 15602 3747 12838 18482 4680 15269 4434 947 10517 7608 5265 11182 91 11469 3992 10559 18218 11834 16652 17125 2435 8273 66 6942
384 2186 12350 8810 12731 13014 1656 1538 4991 17295 9047 14870 19291 12115 7236 15641 6890 1971 2775 4581 495 15018 16626 10454 9883 9547
5438 15187 7175 403 18973 17908 5843 19829 11394 11339 13866 14789 16064 10626 8817 13908 14575 3034 616 14583 8800 434 12473 4502 14535 6222
11347 18546 11442 3054 13500 4893 9170 17038 19838 8372 3275 6273 7032 2057 17758 8582 3885 2217 13790 17621 1797 530 19858 16049 17167 40
989 10168 13682 18056 5465 18278 166 2267 9142 5566 1781 7938 4674 17103 7631 1724 10051 8186 3726 14479 14798 164 4970 6205 10954 13630
6208 18889 2131 18296 14021 3120 2770 19577 1282 1022 6556 13536 14152 15302 14723 4179 15801 9920 10101 18413 4854 9341 12402 9477 19851 3423
2198 1163 16547 8020 12365 8755 13623 9843 7535 17093 1802 6710 8560 15932 19780 526 11723 3639 7038 16831 3911 6143 9495 16156 5450 4867
10258 8697 5226 16367 9227 1717 9054 17679 3098 13458 89 1661 9273 8234 19843 2470 7886 7565 14240 16977 6575 15386 11463 17378 9752 9978
2363 5389 15855 7461 12465 11282 11364 11185 13286 2977 9030 17004 2525 75 3877 9431 15553 5301 10937 13366 10690 1576 14839 19611 12002 11134
16028 884 13402 1611 7230 2848 7999 5587 10014 4216 18641 13761 3661 10976 8675 11444 8644 15044 10571 7553 636 3651 6106 13002 10665 9304
13991 5706 13799 15364 11867 9617 12806 1673 16099 16619 3260 1919 10714 7142 9424 15864 10616 15123 5312 13447 3301 16905 18271 4152 8709 8051
9214 1506 15661 670 19353 8988 4712 5783 18030 18772 6108 16761 5608 4548 7810 17735 11482 5124 10341 4893 1173 19365 4623 7221 1025 11400
6267 9751 781 6721 19199 19094 12310 12305 6363 3979 13532 6213 9572 16936 19513 14720 11287 17853 7433 4535 13859 763 5894 6426 19924 12452
10040 11035 13461 15588 1070 14896 7168 4569 14910 3061 16352 11560 16831 4430 2297 9378 19826 18862 5987 9525 15106 11989 1945 9740 14647 464
14038 12064 4244 18972 17095 14665 14065 9051 2722 9951 5066 13038 5380 17533 4604 7872 11883 4469 19099 9484 9037 5581 5235 12599 5001 17834
19877 10921 12507 14807 9340 7559 12374 1947 13501 2509 9944 11451 1311 4324 1446 15509 17346 13743 83 11820 14092 2826 10502 5059 1638 11185
11963 18056 10923 4209 16554 5204 445 8906 13573 11960 17547 19317 10215 9723 4254 11596 7370 996 270 1616 17769 16034 19281 13073 5959 11962
4997 4486 2310 4784 9409 7142 1394 9993 6806 3493 6107 15421 4630 7337 10243 12287 4789 2404 19749 5830 3196 658 12628 15320 8121 9663
15209 11186 6685 19193 16010 15091 5928 11974 96 8459 4069 16499 719 14142 18422 10857 9334 9237 4719 7351 17416 9719 5853 13763 11239 1509
14302 15924 18987 99 12968 8069 2705 8522 17449 474 15370 2052 19420 7699 1852 12490 13577 17401 4177 6843 16080 11389 11338 7075 14956 16725
10228 12347 6551 776 854 4346 1251 11003 4354 6093 11139 6834 3923 4007 9514 18723 6524 931 10139 16756 14048 2587 9713 19197 14178 0
543 1736 16082 9212 9200 5060 6742 19919 4350 8182 10265 5839 9974 15951 4777 4524 7286 14743 5789 17231 11046 8612 8485 7713 13039 16721
9094 15857 8421 4720 10057 12810 14321 3826 1054 638 11533 6772 17212 10892 14286 19737 10303 18646 9370 8827 11851 8172 12444 14314 12606 2200
3944 5593 12828 5453 11161 12561 3864 1311 5496 17124 17171 4469 6313 17101 18044 3026 12785 700 14794 12713 13208 1923 17106 18825 4903 5792
1451 7023 17166 3306 9466 4771 11944 47 8445 2375 10429 17403 16818 14961 9308 15735 8115 4400 15780 15516 18692 9843 1358 2250 5770 11819
17862 16736 4469 335 10793 11408 15322 580 18544 17961 12738 3063 8846 3276 5479 18366 8670 13936 5153 11736 3497 4206 7600 12494 13744 6957
19948 4105 15010 2805 3906 9540 3732 1666 9636 9535 2288 19735 13748 1606 13797 6682 9103 2318 4141 4609 9290 8329 2370 12701 5527 12499
6756 8542 7765 8177 7983 2139 18571 2116 1986 9264 16651 3290 7071 18273 14540 17232 19442 11178 7037 8564 9501 1823 7034 7062 4819 18381
1930 15451 1024 14486 2201 16391 18967 15273 9523 12800 3191 2720 17268 17963 15541 19004 18274 9361 7126 18696 4085 2030 3198 11008 1992 3614
4554 8136 19326 13943 5308 19052 7514 17312 5389 5440 1643 7969 7298 10859 13223 4687 13095 11280 7960 18449 185 12563 15820 3557 3393 18504
1862 7617 18573 17804 6661 13001 16379 10651 17103 15010 15137 14305 10851 10259 6301 10712 487 7537 8190 2641 18967 10948 15966 9592 16058 4314
1367 2836 12090 8296 13818 3801 5932 14556 8889 5972 2460 9054 738 10292 18706 7694 15202 19584 17720 2019 5859 18024 18013 15570 7172 18499
10322 6846 5604 15913 11161 15509 11007 5425 6941 19664 14277 18134 9758 19782 16004 16241 14129 15215 6367 4751 8991 10425 18443 2414 684 3049
19663 5204 6680 10880 13765 9091 17858 12362 17873 8193 10602 2667 12930 4607 16807 347 11300 12728 1175 6100 159 10696 18639 14309 11103 15636
7888 12584 9895 182 8448 15884 13938 10948 10324 13048 13086 11483 14978 7204 5856 5256 2459 2636 12260 19115 3151 6232 13354 1844 1647 7886
13061 16130 17426 18340 3256 19614 476 2208 1353 1826 12793 18119 12393 16086 897 7669 173 12018 4798 3809 11485 5376 15725 7726 10694 9824
9239 9164 10226 17659 6767 9486 2105 8850 10430 13760 14966 18548 11099 7563 13177 4338 1047 4227 14872 8675 11641 17321 14926 7980 2954 244
11495 11265 3369 18058 6946 8217 12320 7677 6832 11760 11230 18269 12833 14894 10442 2011 15304 14590 7371 15795 4288 9503 7794 5446 10639 695
13617 17441 4818 16847 6864 9601 15948 10995 17851 13052 19435 6806 10530 19911 770 16042 19062 15902 12734 10957 17211 5646 5372 12744 10004 14718
8649 16913 18629 17240 6659 3250 7336 15137 10415 2546 16642 14607 3688 3864 4963 11209 4345 8160 10338 6073 9816 19930 665 16610 13023 4735
6193 1337 9064 4628 14624 12268 14664 13809 798 2791 16022 5856 12045 5098 9307 14292 8066 17450 4322 10340 14292 1086 5879 15284 4107 7817
13030 11109 10629 3405 4815 776 11795 5561 2887 6263 4065 8672 13989 146 11972 11904 7941 10293 11013 10715 8103 4004 4514 9329 9128 5779
4335 13987 18256 255 11553 14099 5446 17951 9746 8400 9484 10030 13538 13751 17371 5831 16732 14189 14533 10103 7171 2514 17055 11973 2879 14549
6044 13806 363 9098 16496 1319 19950 6611 13890 12068 468 5281 5130 11507 14415 14554 16047 18007 14870 9777 3967 10563 14946 17760 16700 12954
1035 7415 8668 14187 5492 14777 8890 16685 673 1778 7855 17925 5153 15552 13858 16928 19025 11281 16921 12518 8123 1605 14797 8541 11120 2055
9356 10436 13063 16342 4271 14838 5545 17462 6446 2648 16046 10431 663 15093 1269 8834 8704 19928 99 18427 3166 19277 6186 777 10316 3247
5591 2074 36 2471 7837 8726 17243 3372 19041 10815 14615 3989 8106 17225 11181 6846 13822 12490 7230 19152 1414 2419 14752 14281 2719 8146
1801 7353 10664 16164 9700 2436 13712 18715 1304 4899 9875 15665 17616 13188 16441 19481 1966 4747 11152 14939 13479 400 2807 12501 3322 19833
3153 10958 10824 5763 6256 17222 19178 10051 2767 2838 16816 10108 3694 2731 16903 10979 1583 2673 2248 12290 3949 3014 13918 12226 16626 7792
10094 9824 13117 9550 9978 7418 11115 12402 1500 19691 1000 6379 1393 18492 2266 7078 2099 5621 6434 11515 9786 2418 14324 6216 1264 6965
13415 1838 4747 5200 13306 19300 11750 5326 8617 6715 7074 9044 16576 2959 7931 12533 7214 14006 17672 5007 3666 2431 18697 8379 9736 3917
16456 14678 3420 11756 6893 16779 11877 13100 5139 3138 15113 13296 16812 4598 14638 5479 6870 5782 12074 16715 16249 3305 17951 13009 728 9206
15795 4720 11437 686 4312 1582 19092 12562 16229 17900 19596 14398 16570 7085 14796 13697 7129 2685 5275 19384 2574 16302 3726 641 14949 8781
5964 19931 8331 12580 15605 14684 6783 18009 17506 280 9464 7094 12308 5634 5628 4512 10392 11548 2112 11597 9644 8203 12363 5901 3782 8675
11422 17000 18129 12412 17945 2666 11379 4887 729 19664 5958 17156 5143 14624 18704 1529 10765 8204 12194 4612 1153 4780 3525 19836 12498 15412
18195 12080 8593 5710 19175 16931 1845 16839 13040 14117 3638 16220 13899 2522 1384 13101 16988 13010 10299 17569 13590 10697 18396 3964 16739 5381
9173 2556 18207 12601 6568 17718 5063 13126 15640 4670 5585 6499 5906 6576 14116 9688 6022 13338 6196 6292 3525 19751 11118 16854 14217 12565
2392 18046 10000 12149 6160 8110 18250 662 12540 7428 10259 14981 6024 9386 19120 15840 6531 1718 8456 3007 14252 12935 5771 17043 3084 1467
15555 1997 13882 13706 1824 17576 9258 2316 1485 11750 11985 18391 2929 13784 8409 6132 9561 17071 19164 14023 8744 4533 16845 15374 1477 1680
15291 4835 18596 13334 10099 537 11443 13168 19252 13830 7392 2049 16086 1272 5360 2487 2842 16317 17809 1310 7938 5661 14007 19333 16530 3034
11780 14969 4345 12317 15831 9749 9178 13479 6848 14647 17472 14110 8239 9494 12263 4139 13741 9859 10988 19596 12898 1879 12425 17129 6656 9203
357 2970 150 3166 1872 7636 464 10543 857 128 14218 1197 7788 3298 4288 4770 10786 6327 7539 17216 4015 15567 192 7052 1058 18271
4830 9403 8828 12323 6837 17841 398 10781 15586 2107 15406 16620 358 14789 16586 5882 3126 7390 18885 5683 1461 13633 16163 5075 3501 5038
2289 6827 6765 19027 11179 17993 17707 14213 3336 9862 12067 7497 18006 8528 481 17721 1246 14257 9263 7892 1804 8352 3105 17287 13162 14830
65 18813 4020 16063 8733 3535 11640 9736 13687 3227 2292 11589 7736 1274 8577 12310 15981 11878 8163 19225 16754 14000 13927 6514 207 4041
11756 3254 6590 804 19503 5820 13505 15436 12533 10932 6824 6258 6987 15927 5657 226 16006 10095 6334 1902 19548 18247 12962 13601 5965 5957
5531 2964 17257 9428 3294 15610 5848 6722 9797 14478 6222 9358 13631 2715 290 16259 14349 2201 18233 3201 7004 14423 19540 11375 3931 16963
17199 7890 17186 7729 3007 18553 12250 17669 8072 12428 18792 2200 10273 3224 9557 12533 12327 8847 3296 1012 8238 9463 4447 9241 9776 14098
11143 15227 14632 12100 8972 9593 16830 7613 14679 43 3120 16089 5177 8719 8791 16971 4071 15002 3072 5162 767 19159 6704 4956 16471 11398
446 5055 694 5274 14700 14968 5702 11034 7610 4802 17717 15234 12989 15985 15667 15926 847 4550 7445 16042 8282 15530 11911 16022 9098 4555
15664 1465 5153 1089 14276 15142 4907 9671 1962 5046 17093 13007 5634 2562 9811 5539 1644 3415 8410 186 11498 644 19315 15800 4680 5072
8709 10615 18493 16681 19835 9109 14231 12423 12635 2500 7104 16774 14506 4948 15882 7098 12665 10414 9307 19171 8937 11072 17676 3534 10683 15328
10441 7708 14127 561 17679 17154 19234 11476 6818 6088 6191 18067 18672 8378 10426 2632 17225 7580 2261 17871 10168 12844 11364 601 4639 2028
8139 9535 18339 2823 15939 15058 2371 15131 87 2196 10664 2414 8639 6113 7336 11179 11145 8272 13021 1805 5731 10681 16687 429 11686 14184
7389 12141 15951 9924 4696 4651 379 15469 16145 5051 8461 7062 14782 3507 976 8725 5106 1044 13539 12387 18810 9673 12768 8599 3885 6725
11139 10908 9967 13887 18703 17403 5233 17510 11681 4540 11702 10213 6130 12028 12879 16118 1072 662 576 2103 14987 8968 4843 18343 3737 10038
6791 7784 1745 3092 2306 1820 3210 1999 1766 6118 1517 9281 5595 5968 4123 13681 6201 5984 6497 12373 15127 11461 179 2659 15213 12392
11583 5257 6260 8547 14014 8675 18392 4633 934 12745 5141 6853 17003 13649 12617 11849 11620 1282 7348 9077 1181 6941 5558 19973 19052 15309
12372 541 16722 8126 18985 16330 5010 8104 18302 2827 4642 1071 16082 9910 7732 13522 7195 8226 6169 2517 17643 8573 6483 6511 287 1671
12143 16632 18871 18036 4734 1092 19253 19374 16002 7340 7847 6153 9442 8463 12286 17096 15577 11274 8326 1323 9845 14045 9913 133 17891 3918
19137 1266 5684 300 7899 2764 15356 17907 8234 10908 14619 4442 15311 15249 11192 5295 10619 18503 18545 1628 8112 15544 8347 7127 803 17837
12338 11750 2341 4774 13235 18807 8897 4083 5936 1534 6936 19414 17201 7959 3668 7573 7126 10396 9062 11152 13683 11523 9937 7970 5683 12269
1437 12218 8480 9238 14159 3042 13512 3154 11566 10084 2863 12977 8184 18963 15400 12819 12809 18781 11149 19734 3379 9522 19321 15953 14924 16475
3228 5662 666 7538 10398 19509 9542 15688 15292 13240 19573 2239 17442 7561 17926 3589 9952 2405 1414 13940 6943 18616 10734 3273 5368 5119
17772 13861 2690 6567 11578 10376 17172 19705 11816 821 13017 3106 1355 15473 19599 613 6283 1852 19970 13959 1946 16090 2513 17993 17512 5711
10446 19935 17228 5378 5537 18569 5119 4133 11048 10818 3480 12778 17981 11261 7553 12522 3115 7202 13779 1866 16605 19020 4708 10700 15183 17051
7266 7228 18433 16828 15734 8537 1856 4090 9140 2974 16137 11361 11473 15961 11844 15277 11514 12795 4890 8917 6832 4106 13813 19017 6446 12198
1032 13121 4840 17358 11317 18430 16846 5783 7677 13452 19046 5769 5698 3040 13346 9687 17870 6832 1030 14825 6257 7225 19498 15186 12732 2991
8908 2463 3825 12180 2355 756 13565 18970 2752 18031 5502 17261 6504 86 4862 2280 15186 13891 18136 14565 618 2563 898 7080 7634 3095
10820 6552 12878 7707 17266 6088 7861 17943 8951 12431 57 17042 1563 4570 9554 17378 19422 16633 13223 6356 9426 5128 5875 3943 14485 15339
9866 10154 377 15581 19786 14542 12089 14134 6361 78 6889 3057 5547 10441 5153 19353 7857 10098 9897 9323 18021 14850 7784 18563 2081 6432
12763 9635 14341 13646 9677 19960 14580 9352 5844 4465 4579 8535 7698 11674 654 2230 14856 8905 19163 19682 63 2805 18064 3079 1637 8522
16260 17698 9104 10973 6297 7799 18610 183 14607 1464 14375 11796 11157 14567 8910 1023 7088 11065 10678 3226 7257 4264 7192 9950 1662 14136
10425 9002 13974 5006 19580 3984 17265 18589 1099 205 389 2792 17621 4518 13662 5391 7907 12532 12485 5911 9823 12086 2759 18817 14619 15520
1108 6552 477 14175 9613 7311 15699 6726 2527 18473 4989 8430 7496 6750 5536 3551 10067 14225 5348 4536 477 18117 4005 18252 1045 19215
3366 8254 19602 11013 16649 11825 9692 15125 3165 12828 4786 7151 12375 12077 6658 4011 19975 8428 8999 9301 10150 5710 3975 3924 7416 570
12752 14402 10491 8688 9641 5227 11969 12403 4442 12053 1542 7108 10448 6552 15759 18599 13733 13395 5246 3910 1279 16203 12160 521 18854 12626
17149 17301 8237 11549 19367 17526 6354 19441 493 7209 2350 8671 10575 12742 5765 1193 11443 7948 19765 7454 13702 10449 18437 12414 17978 18851
8995 4570 3135 16630 17639 5534 11021 5444 11037 15924 16110 12626 17466 5159 19547 15430 18551 5360 272 15151 3321 4786 12671 18332 8560 8112
7743 7830 14626 8023 10563 18939 13403 13798 19019 13396 19174 1904 16961 9762 17686 503 7059 18176 8641 5878 3302 16362 9440 224 6443 7716
7133 991 9531 17744 13693 15550 623 5508 8176 9553 17507 18478 17927 19354 13108 17344 14483 13545 1576 13049 14336 15047 11558 3200 1107 4632
10818 5062 19297 2672 18923 15111 16286 1022 12914 15514 2288 15918 17099 8733 6338 15881 4172 10020 12865 6968 9189 11234 12552 2950 5431 14625
16331 5937 2313 17938 646 10017 10137 13374 19584 13343 9391 12438 10208 18640 8458 4237 1460 3990 9507 3157 153 164 11180 9722 14458 2533
4566 2089 9667 9945 8353 3632 3767 17587 11341 9557 11414 675 19407 2030 15440 148 9546 4709 744 10507 9912 11598 7345 19983 3836 1255
13725 19987 3789 4689 5247 17169 4686 16281 3366 9968 9428 12961 12578 3015 4235 17711 4962 13938 8148 4623 13326 19715 10098 18474 16660 158
19746 3107 4029 6876 3367 6343 6659 19442 5067 5131 801 727 754 9352 770 9099 18129 14866 15681 11784 16546 17799 14757 14162 9807 18920
294 9265 2667 5755 17483 7191 18572 11652 19691 9090 16252 678 5445 883 18546 5445 9916 18188 1727 17230 14753 11722 5720 12465 2709 17818
5804 19284 16157 15280 10151 19730 3304 17170 5994 457 17264 3671 13424 2313 5301 10417 417 2574 19381 11431 16402 421 11490 10139 9132 5729
18719 2482 15493 13444 13273 10718 6555 2541 7914 17482 14797 17766 11575 19059 17510 15873 7858 1388 8104 2616 954 4679 8355 3421 16630 4909
14221 14186 12165 11469 12467 8817 12307 10435 3017 14559 3488 4352 5142 6629 18901 14797 3196 6820 10541 19573 14291 57 2514 14886 9342 773
4832 6212 16732 4077 19184 19056 3269 13899 16550 3713 3963 16104 3419 14701 12570 255 8668 16594 13458 5814 756 1437 12461 297 13262 18958
7021 14060 4488 7981 12894 8628 2151 14380 16028 11248 8588 17917 1871 14863 3983 9559 5401 19646 958 16726 9015 5916 13917 19031 16738 7102
4737 4797 3363 4535 6988 16363 6071 2655 13552 13741 18864 1529 5495 15494 11987 10197 13129 3812 9056 15552 5853 15248 17489 10200 2796 19464
5224 16757 72 17801 9414 6181 19852 15072 7522 1907 18692 2653 14847 9085 9940 15566 16138 7428 6494 16140 11707 9023 1274 7212 10472 17679
1648 16261 16779 4066 18079 10669 11246 8383 12633 3102 12948 5444 10121 18822 14684 3041 1428 18487 1647 17160 10754 4977 11513 18853 14206 18531
183 2616 2432 16932 15340 6967 19754 6812 15368 7971 17573 9093 7011 15335 19298 12890 8555 15871 5660 9328 8804 5706 7416 5302 4268 554
8960 9240 7741 2926 2743 12713 17792 3944 17972 7319 17648 18354 5770 18664 18826 19313 2386 19528 13222 18810 3856 3322 8639 684 11295 17089
4836 1603 1305 7244 158 7752 2622 16271 10172 10647 19738 3822 5868 10242 8477 14616 7156 7745 2492 3133 2977 3702 11679 3605 9559 15164
11749 15774 5775 13936 8528 16420 8522 581 6601 7646 13811 8999 3017 18747 15888 14785 3792 15703 2391 14496 6913 1853 1897 12798 884 3838
6202 1390 10509 18022 13929 16368 10214 10625 4144 5823 8024 18361 16493 12652 14855 11239 10333 19097 14458 140 14364 12244 18184 14966 12219 19255
6915 16241 7416 13621 11142 6833 7885 14101 19981 6977 18097 15635 8146 11649 10706 14114 6932 18380 16167 18838 10945 10175 15317 14241 12733 2007
8378 17105 7171 9504 7818 8237 3381 3903 5182 11087 13722 1228 3137 607 10896 11974 15295 9614 6622 17079 9362 19222 4744 12764 17161 16537
18538 17618 2899 17233 2004 18613 9599 19441 404 16503 9128 14149 5358 2549 15196 9914 4902 13230 14986 9959 7984 19716 1624 11667 6432 11525
19760 3072 1628 4325 16650 5333 10132 8037 3743 2926 3000 14382 10897 9566 4557 17101 12339 8764 11803 12171 5570 18440 7815 18577 17708 3717
15118 15230 8718 2529 2760 4468 15560 1798 10782 10703 18143 17720 18604 6102 19241 6985 7707 7295 13691 6308 395 3495 3816 11340 9984 18580
17079 5496 17334 15328 2582 10738 16045 2638 16927 5233 7354 19578 3865 3694 8755 18093 3746 15699 13203 14148 3978 9992 9208 11033 13407 2218
4162 2992 18442 1761 15699 8800 4941 2732 16927 7971 4464 3912 15783 11688 4720 5561 7499 3010 19322 248 1031 13000 16418 14081 8736 7317
14599 13120 8035 8394 14997 13318 4880 3233 12007 4833 8125 12052 12394 19768 16565 10316 12318 6026 5410 9371 19745 12296 3490 18849 9251 12208
10202 15618 17651 7019 18412 17661 18400 17005 10359 3026 12804 10534 14473 15872 11433 1147 5151 19509 19145 5065 14894 12674 18299 18724 17159 12578
47 6666 14375 17682 4139 18466 16508 19726 7828 3686 17717 4645 711 1489 14193 8157 1580 17835 10390 14235 13258 12399 14747 3907 8666 994
19096 4264 15434 6904 1207 401 18605 8211 15322 1459 10464 19875 10025 9007 11193 2002 18256 11803 11111 523 5298 12934 3815 8664 14816 16167
12236 17900 16763 13052 6804 15832 6174 13320 9623 17525 16055 2895 7832 1850 17454 18780 3273 14825 7421 15851 16166 7828 15405 13240 10167 15770
9289 14080 2575 10969 18449 9675 2119 1304 18213 19982 7639 4199 14106 14532 19587 15562 8630 9829 11034 4476 13235 12842 2025 15700 6670 16275
15386 9372 6819 768 4889 11317 13922 15794 13171 7525 12861 10638 1823 3662 4118 14130 12392 1789 15975 16494 7727 17313 8301 13103 5320 11950
1643 12439 4380 6289 10966 2252 5483 10481 14432 11258 4962 10214 11375 4606 12184 18193 17569 4886 19331 4640 19753 19373 8655 9753 6800 5800
19904 5107 12868 17042 17017 16380 10270 14648 18457 6295 15231 468 2945 3876 8510 2811 2211 11178 8504 3507 12902 14485 4633 1672 16001 15674
7948 13533 14741 8847 11415 553 6455 5986 13464 5950 16374 567 11252 16291 3928 11947 18066 12688 7484 19420 4280 6026 14190 14403 5946 17416
5617 5079 14920 19733 12267 7710 9419 9286 17276 11686 1697 2116 318 1370 12739 7816 16655 6730 11097 4061 7463 9487 203 6582 7309 10905
16591 12216 13835 2939 16295 2416 11829 9690 3970 13093 1122 4103 18999 3388 6571 4693 2382 2522 2383 656 19111 15957 9281 1023 2515 7453
19061 12505 8427 7633 19674 11665 15807 7518 4094 11976 580 4232 15832 13918 11643 4729 7633 6720 19354 19620 3413 18627 15246 5531 2214 10594
11699 17793 1960 19875 4328 17183 5956 7886 5632 11382 11859 9837 12220 17284 4678 269 19879 3132 7493 6434 12429 18548 13886 15186 1204 18407
1344 2531 5878 17094 19701 6209 5474 5162 19795 4490 3926 13259 5567 2939 17548 12800 4369 1015 542 7417 2785 13670 1389 12604 15470 14869
17206 8957 5548 7493 13664 10730 13582 14414 1046 14975 7660 17268 1273 14489 11101 17822 10612 5099 17947 7670 640 4203 17429 7438 4319 6788
12050 5786 3967 5417 4386 11481 11365 9320 18736 7429 3843 7931 16363 5904 5910 19047 4814 10825 6559 12680 10023 16099 19041 19410 16227 13815
18627 12379 14109 16838 11935 4206 8457 18764 8313 18114 16749 19280 16727 10358 9204 13248 12280 10768 1852 756 15071 6521 9493 4491 18513 1495
6583 16229 11735 16529 15747 13948 4644 6441 5984 19007 2357 3087 2947 15041 17217 15876 11486 4933 2098 1106 3424 19209 9766 3813 4872 15995
940 18463 17681 5806 8991 16326 5255 12299 5607 17707 13280 1516 9140 13857 4006 2982 13984 18301 14329 6121 6261 13702 14372 14933 8596 17401
5878 5237 18494 4829 7506 19278 2813 720 17119 2041 2762 15280 16789 4964 13123 3972 12376 2050 9751 12778 12353 5007 2167 15944 17337 19859
13161 14377 1140 4447 11147 1612 5021 10991 7813 4815 11510 12517 3666 8485 16511 10648 9071 2181 16597 12554 17278 15823 10159 1526 6308 12028
11862 18920 8712 19118 2907 8526 3728 8465 10818 18433 1113 18097 19115 18528 17506 7731 13728 4497 18649 4244 6485 12858 11320 2712 16334 14059
6851 7786 11175 13824 19518 14738 17634 7630 2259 536 1473 5434 14601 19999 8507 12178 4564 7932 2820 9820 19479 8985 4118 11293 9824 10556
2252 8156 11178 10489 11504 16338 17046 12100 7133 6791 1803 19958 11568 3405 72 15792 2565 11764 12094 5409 3518 18471 14363 18034 1475 16183
11609 7139 6558 5620 1835 11052 16975 2419 4940 7808 15721 15731 14415 17917 8388 16633 8867 2024 5089 6836 18038 13311 19467 4502 17791 9358
12300 5795 12383 704 12893 19388 2370 11967 1523 9747 13208 5403 9978 12284 4043 10602 17687 1577 11659 416 269 8892 10137 9304 12219 7046
6311 3338 8673 6607 6618 15638 15293 5672 15800 11433 17674 11113 17166 13443 9141 4971 6453 480 5238 285 11781 9962 13858 9900 19385 14438
15810 4934 1754 14354 17792 8447 3343 1439 16362 13943 879 17071 5147 11128 8397 10413 7492 2562 12901 13097 10928 10957 12802 2936 4955 4244
8149 6051 12001 14648 18452 604 12019 1297 4414 11254 4972 15571 13294 1326 17429 11640 5316 14191 1154 6544 18344 18929 17104 3692 16987 5008
6933 19216 2907 1043 10958 4581 8481 10937 11102 14095 5407 11537 3110 5411 6358 4134 15255 7605 19819 4007 11853 12996 16526 11029 1880 11076
4481 17329 18086 16290 3253 15362 10320 12083 18642 4752 11515 5337 19726 13696 4774 2474 17352 18063 11143 3453 16921 4999 12945 12991 10356 7107
4757 13864 11024 610 10347 13363 17106 17989 1876 15278 7852 2359 3660 14267 12962 2191 14210 16488 4271 5812 2880 13871 8047 5702 4014 19407
5403 2548 9992 9325 13499 15531 5350 19683 9160 9134 15280 3881 17437 11253 14634 8005 13883 7124 18103 14228 17866 16301 1852 5617 18878 3831
6566 14734 8834 3223 19217 10934 18189 11566 2661 5882 16907 8196 17218 6927 5677 14070 8453 9354 15156 6630 17452 1336 982 9487 2646 7784
17613 13695 19389 18832 12880 6948 18905 10670 14115 19157 14926 11181 1782 3689 19464 6603 18966 3806 8300 3884 4557 17037 11166 7170 15564 4564
15448 10164 7110 4234 8080 545 7425 8684 2748 18460 18072 2132 5816 16163 17660 4840 7591 3269 19080 7238 12317 3013 47 16225 12227 6727
18353 18031 5942 11705 9198 10082 228 3 6829 13140 7181 1243 5539 13613 17870 16170 5534 16636 18598 17816 2324 10910 19341 11228 1791 9347
12540 16883 15263 16261 3256 2362 2479 18840 2753 15300 494 1333 3867 401 4361 8670 13850 4950 2196 17322 1094 2385 5562 12527 18036 19183
