365
87 77 11 79 85 95 81 65 4 80 47 56 67 13 87 58 76 36 48 94 54 56 18 6 11 52
2462 17814 9456 11832 14167 19260 18436 11998 18778 1115 17257 6987 16554 13663 2065 287 248 16715 11825 2248 19007 7368 769 10613 11530 17285
5219 711 442 7142 10209 7446 16734 9886 1378 9267 8932 6671 15769 4690 6980 8729 1582 14377 14715 3439 18244 83 8740 7836 2890 14527
4266 11178 11490 965 3207 4893 2102 18930 5121 16572 8031 17381 9454 15532 852 18891 5892 17813 9641 4464 6929 3668 5435 14056 18996 17056
17714 278 11709 9087 2229 18461 1769 7347 5624 13150 14626 10366 2210 6371 2984 10175 1525 7120 7680 14398 18493 16287 11368 18021 9166 19608
1339 17812 6449 9816 149 8765 18992 16880 910 8530 19390 14567 7201 10903 11699 6718 11842 3718 12198 15948 2242 14650 19769 18411 5454 18817
2827 9291 10433 1212 16093 4702 1415 10292 14936 19472 18861 2866 16009 5715 4744 12102 6478 5421 5184 7642 10459 2507 5556 3481 8991 15661
7178 3235 578 3701 11781 17994 83 5123 10832 15650 17709 2452 17904 2301 9684 7451 12895 8172 19184 18619 1893 13690 16275 8777 5405 17252
19019 986 15077 17565 6670 2091 4993 8149 16205 14899 14743 12145 8047 5369 3705 5066 19167 267 8429 15714 11006 5213 4976 4418 18721 15451
1242 2578 930 16982 4572 1502 17195 8155 19280 8316 8304 17972 7969 7514 16062 9319 11726 13028 16030 19480 16112 13079 19934 16722 19212 16732
2053 18454 16456 7339 10669 16284 11747 18095 3830 17380 13896 2271 5517 16265 14184 13282 11864 9474 4721 15047 8142 7388 14268 14566 4634 9573
3130 12303 16397 2025 7451 3712 2927 10103 1685 1299 19036 9013 7765 1337 19758 16330 8405 12290 11365 2002 18089 5019 2718 13291 5263 10320
15215 6577 11288 14933 11522 17270 8277 6537 17624 15672 13792 11769 17006 11670 2114 4626 12812 17872 17363 15902 17357 3811 5514 19210 208 5865
16599 5668 433 7605 6695 15590 18387 2492 9384 5032 15014 16221 5682 45 5535 15279 16964 10650 14729 9856 5154 3898 19707 17142 4222 18234
12703 16256 18508 5119 12379 12405 6071 3716 7815 7852 1723 2237 9948 11004 18671 3911 7262 3415 9408 7198 10368 11019 19632 16166 10329 5125
16936 18824 5465 15356 2837 2366 8008 1753 2532 14046 9374 8877 16423 1493 12090 9458 18561 18617 15217 8493 13367 17288 11176 17058 11471 14606
15490 8460 8775 13716 3813 14783 5431 7718 15308 14822 10384 14863 9670 5986 15560 3949 385 19415 16704 10070 769 10481 10731 12560 12193 14183
368 5470 19615 12354 9289 1979 14688 13632 7334 17123 18082 16554 12604 11769 2761 13265 1684 2260 4778 13750 9567 6154 9335 9654 11177 18535
10732 13598 18504 14879 1412 4218 3734 15134 7897 16720 14880 18831 6912 5447 18705 4327 8112 12665 12962 17946 11129 6917 13847 18822 10943 5165
15957 13416 10492 7985 5534 18388 11584 6723 12189 4324 8605 6929 11994 12805 8377 10772 9628 3934 14567 14040 6559 15089 10573 1548 10342 13881
7166 9564 2592 9252 4781 12184 1645 3139 16303 16947 6412 10690 5876 12777 6571 2383 3599 9117 12079 8373 16731 16327 4542 150 19268 196
10993 16076 3029 12663 18830 12727 11662 8602 9677 19644 2735 12153 1318 17933 16476 11694 16414 1289 18991 17655 6544 12353 10450 4207 15375 15597
12323 13242 17165 19879 13657 10763 13937 11095 12314 16556 14237 11967 3512 658 11675 11020 11483 2504 1116 3484 7283 19459 11333 10171 14781 1851
19057 2676 8029 2174 7038 4085 11604 13467 17000 3757 5541 14263 14050 15439 6563 11371 9125 8892 13732 16667 3090 14479 5527 9056 3875 9829
7183 17807 14828 4988 7961 3178 17042 126 10678 13482 2859 6105 6786 6141 13689 19254 14532 4237 16031 2445 6665 14959 6906 17140 1006 6741
7218 11568 4969 14035 15661 13618 16838 8214 15475 3657 13547 11439 5752 6346 18268 3510 11485 15377 7171 3302 16102 16310 13779 9837 19293 5337
5030 12500 18824 936 3496 17620 11969 10897 17084 13405 1407 5960 8019 6157 4577 18933 3089 9576 18165 5691 10857 4023 3005 12189 19348 144
1581 8025 7006 14174 19307 18231 18681 17687 8103 2266 3689 14958 6511 9098 15132 16162 8473 17990 14059 1284 11263 11093 13268 3763 6927 13122
19303 6128 13794 13316 9784 8659 15529 9701 9385 699 10151 10269 13497 10699 15428 5733 10077 2863 10829 8096 13088 1654 15826 339 6736 7
17045 1184 11019 8499 13614 3439 14636 13927 10255 458 17187 9545 3073 19075 13600 1722 5360 9835 4126 13560 13216 19719 10975 16129 10321 15667
3284 11770 18476 13225 2073 10171 11319 471 9862 1282 6445 19295 14116 15984 16710 5522 16957 15103 5514 14300 1932 19691 2972 12871 8131 18582
9652 5691 10111 10129 17072 10655 8407 9735 12274 9355 16645 14369 14459 3423 4870 7376 3869 3611 4726 11141 5453 8787 19369 2495 19421 18542
9808 10994 10488 8908 8272 17872 14999 14141 2708 15010 15453 9412 9453 8337 10272 6805 9271 3062 2833 6841 1816 16389 15711 12554 9104 8633
9070 11393 555 14974 3426 5542 10140 5335 13703 444 10747 6691 3388 10020 16069 4967 19381 7488 5556 5251 12232 15130 2109 5713 14181 9104
6524 12905 11351 8588 2787 4415 6614 6355 4860 1080 7111 19813 11105 3837 360 6523 17432 19590 1230 2118 6332 19266 18218 7773 5144 176
12626 14655 17375 855 1409 5067 13007 136 5276 19329 11389 4185 8832 19198 3507 11858 3591 2618 7469 17589 9640 16672 606 13236 19005 666
14239 5919 16535 11946 16892 6708 13190 16089 10599 3525 1718 6886 11347 13628 8874 3160 8455 17625 9847 6402 7013 1754 5476 11049 9603 19321
2425 5302 12895 19281 17193 15425 5201 18855 12225 7002 2174 15568 11973 10999 8552 5371 4157 8915 19111 6693 6926 9730 15756 5343 3868 6981
13253 4600 10547 978 3365 10541 14387 2241 7162 18378 15557 18410 19219 6025 5020 7992 7632 16442 17375 14340 940 16036 10862 6965 11915 6112
17375 14313 1504 6009 15108 19607 13279 12293 12721 8206 9782 11211 9206 9411 17884 3173 16331 9074 4316 19575 16513 7441 487 9615 9605 5388
3688 7354 18229 788 209 8834 7885 12687 3831 46 8363 15316 17213 11644 18033 8516 9961 2369 14170 4234 18474 13900 12304 11176 13463 15041
500 19345 9113 13972 14596 9054 14797 9655 9825 11281 18992 15573 19891 1629 10215 6786 4418 8706 5897 9314 5114 7834 891 13909 16744 18347
513 18446 1792 7114 5845 3391 9006 4115 3115 17901 6789 17565 17819 8660 12344 2934 5056 5937 12396 18728 13616 3134 3031 16055 3746 3325
3063 3338 13660 10446 18398 6041 10617 11877 17047 16817 2171 3152 309 13465 7876 15207 16805 8072 6691 11562 114 2344 13487 6627 11038 8533
15204 13038 1974 11374 13722 18011 670 17982 8290 4989 10333 8468 13803 9296 5113 5245 13767 15815 2211 13966 4153 5155 14763 19623 15227 5221
145 14325 8624 2099 253 1220 11582 4654 5215 2479 2105 2761 17027 16673 12182 13258 17758 19754 13024 3849 1403 19574 9579 19531 969 19349
10701 13100 634 9019 2468 4249 17492 14947 7370 7551 5023 17663 18406 17966 221 2795 11677 13860 4421 8979 11083 10285 7449 14930 4750 5527
14708 13883 19175 17083 14006 4561 16699 13751 7765 8225 15002 8804 13190 793 4014 1414 9818 18120 11794 5916 5540 16188 3243 7619 10822 7139
17787 2964 18286 12897 9803 11396 16947 9367 4187 12743 19233 8063 12401 6088 17772 16194 16577 8906 6575 255 14934 18135 11938 10172 5998 10238
7511 1078 14667 11973 14409 1565 8764 4764 6439 9289 13525 11683 12307 9248 12420 10725 13574 9888 1158 11421 17501 10243 4340 6644 1068 18959
13383 5599 2481 16051 9641 5125 19695 1709 6927 17666 6276 3819 18562 8279 4321 17900 11821 6554 10044 838 11995 6634 9111 18986 18628 13076
14229 8918 16351 10406 6434 12646 5306 18995 17598 8901 562 2187 1739 4211 3032 5165 6337 2228 9623 7163 9206 8117 19363 4585 1244 7045
899 9352 13514 12739 1466 14075 2218 17547 19512 19807 2153 13834 19408 2608 19901 10491 5950 3882 6861 247 4494 4294 6981 7048 6332 7
13782 17788 1766 2753 3366 8420 5906 10644 12193 4985 17828 2611 12483 8344 10015 3642 1228 707 73 4788 6913 529 15798 9270 11422 10432
11814 10173 8358 6154 15596 4834 14296 4460 1480 13655 15448 7327 4522 15682 5908 5612 153 19934 4486 1575 13544 9490 9209 6071 753 12725
14571 5558 14291 3330 14871 6324 7126 7935 9871 4672 18590 19863 16026 15184 8736 4069 18636 13165 4461 6301 17318 6641 5602 2013 14725 3771
8548 2747 16407 15650 1352 3907 7310 10079 4578 4558 5032 1255 2243 6408 4683 6426 1576 4101 3035 17152 4217 4462 8684 6359 14518 2158
10855 2296 18194 9164 14182 18536 4640 11349 7175 5412 12333 284 3665 2826 8767 16597 5626 9623 5613 342 7239 1851 1591 19359 4048 2225
10501 3325 12576 1171 15329 4938 18892 4117 6122 5557 1739 18406 10844 5842 7761 4102 7967 2605 1395 19532 3079 16321 12636 19596 16972 10594
16140 7993 9736 16068 15244 13989 15869 9406 15755 19390 9562 4353 5886 3417 12055 16290 13798 5244 1056 16122 14219 1208 369 15027 15410 9218
7723 5667 18387 11645 6653 3543 5072 14878 16103 2912 12442 14947 1667 9605 4092 4335 1377 9967 5 5319 14402 6938 12206 17771 5928 11863
10561 6508 18307 9707 3478 12775 8177 16455 8746 19246 8954 4906 17656 6450 14301 5574 3328 6161 9814 12564 8120 12291 7336 2559 2346 13807
17625 4663 13351 14721 4312 11454 8522 18003 12492 11406 1811 11553 8710 3987 7799 7432 1360 9480 16788 14167 14008 17817 12771 19499 1218 15916
8447 11733 15824 1929 18478 9780 5998 9037 4874 9506 18182 6350 8181 4548 7638 2117 11920 2434 11891 6590 4403 1489 10834 13116 3275 14423
7735 16561 978 3811 9964 6385 11503 18971 17316 5398 2813 16750 11488 7583 16887 2776 4976 11726 4048 1245 13257 15805 17715 233 5018 9013
2944 1579 3721 19470 8197 3042 8642 3450 4060 17135 9641 18622 650 17379 13318 17589 17439 10208 5309 15751 3667 17845 12321 720 12063 14082
482 13698 18168 13584 12997 16612 3835 2128 16474 3153 6493 8160 18219 14917 8472 19154 15581 2072 14497 7828 11795 12464 1271 7375 19990 15537
16654 10296 19116 7493 4649 6525 14262 8823 9112 14249 564 11675 2419 12283 6477 5808 15524 8237 16837 9360 7349 5223 12545 17567 17027 3046
3849 9249 4341 3620 1419 12331 16477 9030 7456 15145 10508 13193 2177 17129 18504 3696 3352 15333 675 19906 4870 1340 13010 16306 10997 5112
17690 18204 11242 14577 1668 3305 8989 1130 6176 12809 7119 8562 17229 16921 10397 15402 10707 9360 2818 11187 4684 8866 12268 8322 8352 9355
10671 10305 2704 592 17242 7951 8610 13073 13730 9497 7080 16620 1634 2950 7160 2556 14981 17059 15926 11645 12826 9803 16623 9725 1676 9675
12388 13251 15800 11420 493 5216 8382 17357 15043 14246 4822 10369 3973 19268 17537 8111 18953 16471 950 4381 10519 12617 3979 9840 12872 6360
11290 135 6609 18415 648 12072 19618 8626 1624 1369 403 18484 7059 15078 14353 6562 18142 1212 13359 19341 10272 2939 16887 16887 9119 8559
8417 17080 18792 19555 11622 3298 5926 16710 8155 14864 4381 19911 11191 966 9145 2449 18492 7666 13408 3523 6236 2843 15171 10451 14985 4334
17325 2431 11732 2472 2730 4025 3004 13025 7837 9162 11904 5161 13489 11207 7190 8905 19371 4516 2197 14738 14616 19539 15834 7176 19711 4897
11498 13080 17026 15068 7535 17236 3500 7937 8916 17090 18358 5084 2502 16358 9693 10334 8768 9645 16939 13191 4027 10041 18549 10497 8013 8753
2667 19364 17688 12801 17936 1152 5889 7551 4663 11555 13393 17178 14023 17599 12288 5416 4518 4859 19197 369 18225 10472 19507 16706 4422 10615
6076 9452 722 17631 7945 11217 19130 19999 16729 1273 15474 11821 3796 15566 12160 8538 2463 7316 18686 3760 8891 7402 5514 5699 5971 9691
17244 19442 1014 1681 6624 18279 15581 6688 16293 8314 13616 17303 13635 10378 7356 15543 16140 77 2624 13311 5449 19900 11061 5439 6230 6398
7863 3681 2768 19898 10682 1017 18751 12093 699 9267 15887 13877 350 7227 17592 2191 10914 9960 3203 14550 9120 10603 17586 5469 19591 19696
7930 16003 2745 18842 19240 552 9733 1047 4433 7353 17144 17171 19017 16428 3301 19530 137 1412 9950 19308 9464 4876 6873 5078 14150 11158
16823 8659 13334 6441 13050 11190 6897 7581 17421 10072 10947 3500 4890 19455 18577 2154 9542 13640 8318 18443 19405 7589 3079 1037 5855 13120
11493 6269 3954 13684 19141 18820 4073 7892 12263 2993 12252 7843 13668 13702 4644 8891 653 13713 17916 13833 9026 15603 15701 13871 9616 13117
6326 1779 17058 17619 703 14184 3443 14688 5173 11920 18727 18426 19849 7162 11034 10343 7670 3099 9286 2640 9263 10237 346 8131 9316 11294
19786 3276 9176 1457 8705 5322 2729 3996 13364 4294 3382 12661 5804 16644 11080 16251 10093 15980 10263 17268 11204 19630 17850 5516 16202 2008
12994 2417 4999 2168 10565 12755 8244 12385 9214 14778 17756 6074 14101 16055 12811 10650 1334 9593 9473 18147 15671 10051 5419 17543 18398 19260
614 12279 15020 4730 5770 4407 3978 7999 6089 9979 18197 6793 5886 3911 5000 16400 16028 6152 13589 7321 8196 11640 12413 10485 17265 11963
4013 2049 13575 3653 18939 16619 4093 13233 13314 11509 11544 12762 8432 12572 11343 19569 4307 2971 739 5657 4898 7854 5488 3300 13164 4354
6097 13438 9870 12947 2088 8602 17184 4855 11894 17901 15046 18420 5164 14203 16211 8886 6754 17117 16784 16606 6765 14688 12689 14823 1569 8289
6529 19418 12393 12361 13080 8281 15017 7312 9264 15488 9594 2114 10089 4016 3653 6527 10865 13684 4127 18192 13324 5657 2538 6441 12736 6179
1212 13495 15027 18802 10249 240 19431 1531 16822 15578 17204 2358 11815 15190 11605 19124 2592 15376 19809 6919 19316 9169 10742 2103 10879 859
6216 19179 10640 5640 15140 1335 7132 4980 6584 11090 5585 10777 11999 1092 8813 15706 14090 11128 10695 16160 11311 16791 18678 15459 7832 6276
506 16224 2578 17729 5859 154 10865 7255 2594 7360 3695 4276 19324 8127 5025 3841 8304 2110 5092 11772 9932 8872 16290 19392 14248 7029
15639 13851 7455 2440 2119 15130 5016 11840 7728 18852 16710 4508 8994 19245 9728 5317 18491 3956 12616 4064 15346 3700 11706 4518 14199 13397
1063 11628 9404 3347 5882 13568 18791 3942 1488 5479 1922 18026 1920 9091 12143 12502 3666 19308 6430 9020 4982 4304 4512 4998 232 7502
4694 18613 6755 344 674 15921 378 14362 10845 9666 14509 8135 65 6900 2408 14714 16125 14932 12638 7224 17883 17281 6382 10984 66 1534
8770 6155 19354 12302 9568 11688 18971 17340 2426 16915 6659 420 3031 8781 19801 2112 16441 6721 11994 1039 11883 885 303 12267 9489 19048
11047 14757 804 13175 7955 9812 17995 4194 11547 17752 11469 10641 19802 15647 8312 14921 16752 10 10513 13046 5953 17722 15086 18408 6764 249
1665 7120 19356 9076 10864 2038 7853 2886 12671 9480 13836 8374 4993 15667 17748 8021 4442 18582 1488 19384 19011 5954 16690 11176 2876 8266
2749 1622 19727 14954 1520 19488 14958 19293 12714 10167 7042 12157 6654 16187 14975 12594 14637 293 6564 17722 2725 8249 8515 15306 19743 14664
9000 334 6110 2603 18810 4741 3691 4627 10831 7638 19302 15755 17602 19103 15349 8046 4420 5055 3661 8242 851 14440 5799 406 17774 18086
11056 16201 12196 13082 142 12079 2089 580 4720 11584 6993 8645 18696 8313 11331 10402 18820 2447 7341 2025 8510 8418 11775 7035 2658 14744
9298 1217 19617 6263 11461 13455 18746 5421 7412 19996 8868 2655 4134 17253 7813 13602 2065 18061 4905 1128 15782 17094 850 11516 5579 4555
19205 18496 7575 4854 3034 10376 7186 19464 17265 4960 3063 14332 9722 11390 10079 17183 13777 18572 11284 8868 15277 218 3753 9543 922 19231
12176 9331 11215 19823 1119 785 3594 12327 1009 598 4360 9478 15867 1467 11999 16896 14063 15871 8722 8629 6410 12707 8413 4399 17151 8963
6987 8888 19887 4491 13643 47 7832 4886 7602 3276 13098 18440 10079 7810 16026 15531 16241 820 12710 1287 9773 18237 3722 17587 7817 10254
3205 11466 12375 4574 8064 12790 6972 10018 2667 4589 16848 7364 15049 19106 15495 14475 2581 6026 18928 13979 2299 11927 14385 5791 18380 440
18456 15973 7052 6799 18919 9532 15595 6187 12058 823 14402 4525 2847 14972 15369 1689 4663 15401 19242 17311 16913 15629 1801 11983 2094 3244
8169 10693 15019 19745 7157 1877 14199 8331 552 12119 12262 10413 1121 11917 17001 15712 16261 15926 1156 12633 2204 3285 1652 13159 11881 11246
10552 9845 6850 7951 6989 2078 10541 8702 3520 9485 5180 15806 17841 3466 8494 17212 10217 16108 14552 7140 11481 436 9714 8494 4110 6465
17711 10454 18963 5335 12402 8165 14399 16420 13310 10306 11992 9441 3188 7747 11495 7005 15980 1487 6570 16458 18885 16320 6577 19846 1842 3029
551 5298 2505 4869 7823 8733 19212 3225 11824 18579 9865 13866 11341 11383 13883 13653 9341 18761 2012 1613 3700 19430 14334 13546 5302 10119
3576 909 19701 13831 2384 9769 17700 18492 2615 15109 11639 17686 2718 2443 16925 1287 13223 8003 3699 9669 12031 12482 17270 10724 16603 7176
11360 10583 15657 3934 1164 600 4208 4852 13198 2226 14762 17087 6572 15979 16892 5672 14878 10808 12031 16928 7260 8473 14289 13060 17462 17086
10084 18941 7448 506 9977 18539 3105 14602 19228 7621 18958 8741 4536 16935 14814 7487 12166 18596 11314 16956 7958 5129 7236 11453 4196 15712
5289 2791 12067 16952 10813 8090 1923 19422 2700 8229 15690 13221 2707 2759 5506 19312 2147 8672 10989 10301 16764 19617 12010 7459 12070 16070
17186 2641 17364 16224 11116 7386 13932 6585 5759 6816 18145 2725 11529 13404 17247 1581 15716 9581 15152 2334 19903 7186 2713 11772 174 6529
14288 2928 1603 2089 17487 6826 19820 7695 12669 2067 6702 12521 5450 12380 15943 8140 18500 13580 18007 8654 7870 8442 9323 8662 13953 11206
14611 2640 1612 11332 4149 300 15714 11201 6230 19195 3404 16089 10423 4239 18358 16251 17828 16673 16774 7211 1443 16887 6501 8383 15665 8919
17500 8910 16058 13826 4789 494 6389 16106 10274 5390 15442 3283 2100 15365 17565 533 7578 2161 15595 18987 17547 1233 5878 8014 3747 7255
5903 384 18979 8721 14480 13786 3327 13796 837 15965 13103 587 1471 2279 16820 18247 5460 4169 11588 19512 6859 13213 5228 4729 17006 8960
3652 6243 10660 3965 5039 5780 2206 2096 8535 15888 4712 12858 13036 5623 11417 13501 16817 1011 7206 12366 14869 19972 14411 2106 6615 5533
11486 16350 4062 6849 3948 17268 17001 1254 2508 15766 17338 5909 535 9430 10810 9216 13702 12189 4920 8672 6975 1170 4702 12455 3749 8261
4245 16621 10806 5892 101 8540 14496 2910 3597 7676 7587 19020 2187 12773 451 3182 14713 5256 9625 11491 13471 6459 13063 17393 1455 1558
16063 16378 17335 8022 207 16744 12927 7690 17606 2606 205 727 12893 12553 18264 14263 1273 4079 12898 1843 16780 8056 3889 8896 6473 19805
39 4421 17687 12811 3022 3616 3790 15892 14280 18444 9479 7505 4732 15637 4574 6637 17003 46 8831 8056 8743 8160 5308 15469 12405 15831
8065 3678 12098 3586 15848 15788 9239 15821 13216 5596 3795 18976 3825 10103 17354 5114 51 2413 18322 7841 12494 15054 5005 13999 1839 7584
12947 3469 11460 13116 5062 13285 19802 17717 12363 9686 17115 4364 3875 16966 15094 15306 9440 9012 17658 17811 5138 18772 17725 5267 18019 14231
2251 1921 19385 2085 14384 11701 8988 10477 3801 16254 8408 6670 4473 1206 13476 12731 9915 6444 12283 13439 14276 18013 5240 16723 11025 15075
2426 16693 17304 9917 2906 19388 3644 19044 1977 118 13553 18235 15496 6992 5141 9365 19680 12119 6306 17706 2657 6975 3218 3134 9094 9563
8254 18350 12957 11705 4728 7141 14560 10574 1298 635 11090 5776 7910 16231 17704 7761 16037 9155 6370 8103 7757 19190 9244 14923 575 18501
17579 6695 7298 2577 7968 15789 11618 10096 19876 2433 18147 18591 15497 7902 447 14810 3921 4984 14075 16987 2123 18841 15605 11044 4881 6520
13114 7843 16520 13549 12988 2084 19221 8647 281 4061 6611 9999 6477 2776 2466 15697 6159 5422 10746 12937 13453 17330 10615 11849 8725 15720
2585 5696 17345 14072 212 4377 15431 780 17659 825 14255 5251 584 4353 14701 7736 18983 10259 10434 5269 7052 4483 690 9432 19279 6308
1604 14839 11316 2830 10240 14267 2367 1823 12737 16303 16400 2778 18544 1504 15626 9379 663 15925 14514 11926 3252 4024 4727 16669 2084 3693
988 15656 6680 1871 2814 3601 128 9560 17378 13195 379 1724 16107 17035 728 16673 9210 8964 7239 9028 3052 14926 13880 19249 10672 11068
7271 10104 15503 17793 4414 3568 8169 15656 9882 1881 10654 11673 19857 9786 5746 325 13573 11064 3501 3937 17124 5451 16322 18253 13864 10721
8057 15645 19950 19649 6273 12007 222 1082 17247 6966 15521 18147 19026 10602 4708 18925 8345 11444 5244 8149 18075 11662 483 19340 15052 11593
17212 3645 10691 15824 17141 12753 6222 15807 17845 16685 19858 61 9359 10510 7421 6619 12908 11610 3463 11864 3960 18323 13602 16920 14056 10584
5401 2029 15164 18633 4413 7208 1659 11536 15918 17966 18967 13419 6000 4741 12258 12024 12083 6922 19848 1403 8834 4481 6598 13117 8137 9823
229 5086 16016 19767 15348 15921 4754 6268 3366 6699 7945 16265 3349 17842 13960 1574 12721 4808 966 11157 17873 1422 13058 19714 6755 17467
98 13483 55 16843 2166 5356 7039 2094 17154 19213 11894 2692 14072 18428 10982 1543 11981 18159 12409 184 19636 7247 16631 19113 10611 8044
16327 2765 9584 2686 4063 3657 3166 13607 11125 14092 11640 17429 19802 10223 15291 5081 11242 2421 9442 8266 1729 16964 13484 9661 3544 156
9023 17805 10377 10034 14892 12807 18637 18687 8262 15084 4378 15985 13314 10658 17432 9294 15115 420 6502 7720 14127 8439 4717 11778 10879 10514
6049 18865 18772 5826 10243 1003 17099 9276 293 14809 4386 8070 13153 13868 2457 15146 18176 4437 10701 18269 4227 6833 19136 5473 18342 10757
15055 4775 12303 4894 12922 8663 5984 17756 10756 13854 5652 12249 5954 19949 6064 11636 732 13741 18762 18509 9751 16922 14168 18271 3885 16218
2092 11313 13219 13630 16575 10980 5311 15383 14409 4819 1599 17574 8755 13314 10324 13624 19369 14628 13674 5400 9490 19613 14646 2260 2755 7834
15572 18322 18052 17448 19559 11398 10873 1140 6481 18188 5845 3248 13075 17911 14815 4395 14356 11005 6114 15299 12766 13013 1400 1621 17629 5749
11577 8413 240 309 6668 4151 18822 1806 969 14849 12411 11886 1140 2957 17824 9952 14125 11494 14053 10687 18157 6131 13562 14555 8820 16227
4743 8748 10086 7092 916 10293 10015 3505 1460 6318 1041 8775 7466 5201 4503 11764 16419 2967 12733 8081 1768 7216 9487 7863 2804 366
6612 8539 13320 18235 17482 5962 6708 19219 14802 12794 10890 17759 4865 18824 3236 6378 6046 14765 1001 18006 7125 3521 3486 15513 14529 274
4294 16824 12476 18664 5561 11086 9624 7854 1096 4208 11989 15560 12745 2464 17650 13735 6052 8068 9460 8087 13724 7664 2557 13190 8802 10345
3926 1482 136 18660 7832 3455 15671 1520 497 3468 19498 666 600 16062 4071 17813 3487 19821 11408 14294 17488 4740 13813 13544 10640 8500
1256 303 15720 9141 16637 247 4964 14301 5366 10318 7600 11516 2474 13955 7252 14485 16581 13719 1047 3073 3446 1294 6233 11806 13751 15069
16296 15582 3701 6142 8872 10939 17607 3698 4274 4984 10097 18608 11236 700 4793 13424 5324 4459 7577 743 11111 3087 19146 12884 11847 17718
16068 10872 7499 7647 6280 19780 59 15243 11687 19791 15791 17312 12530 15515 7704 8520 14521 7866 17246 5157 455 6877 19032 12717 7761 2195
12035 5778 8885 6712 5034 7399 12337 10853 14785 4326 17 646 10439 15341 3247 14815 5688 15600 11781 11678 6908 12843 4167 2649 11969 16900
7766 4834 10181 7048 15689 8242 10853 16701 13616 14737 3938 5137 14466 1036 2945 15690 17334 2043 12284 7369 2404 11392 7714 13967 7177 13838
3656 10424 14126 1618 17485 14296 2484 9010 11668 17375 12918 12892 14115 6271 9307 1813 7478 9203 2731 17345 971 16102 17464 5607 5423 2170
8431 12243 8364 10992 7800 11355 9157 13014 1385 16874 18018 7515 18456 6852 16206 19842 3170 12780 4386 4498 6570 2935 1105 11693 1774 18654
10936 118 15931 19339 19551 6569 19087 7287 1499 1686 16319 19210 19253 15440 15904 14070 18549 19107 18229 16917 19420 9571 19451 11113 5282 11434
17922 17788 8654 19672 9917 8592 7361 17907 934 6273 10535 19152 5367 7189 15515 6610 12295 17766 140 14581 14160 19721 3660 17154 11238 9618
2184 19984 15380 12033 4519 6898 18055 19078 3074 9618 8984 946 13795 14695 19723 3197 17269 3794 6941 15488 16366 19523 11247 16720 14198 8188
1161 18686 18084 14432 3758 19490 17558 18008 787 8054 9011 11913 17350 18022 12669 8306 18490 4715 6251 11430 250 7921 3495 13077 1219 14063
17941 13557 9347 14294 11779 3786 4067 7280 6067 5368 9801 17673 17506 5676 18900 16066 15467 6321 2018 12030 7399 4247 3439 9628 16642 7645
1957 4186 2632 14349 12748 15906 18070 1634 18764 15622 15955 13035 2158 6406 5308 11273 12986 13127 17698 15275 13965 1080 13848 16303 19406 1169
2164 18529 10047 13847 1052 9160 8592 7219 5430 7866 17885 7838 2497 11106 17157 5045 5390 2775 7122 688 741 12163 11569 8119 2130 4590
14539 19200 13910 13528 310 12262 8898 7464 16955 10116 19286 7898 14366 19060 3835 1249 7739 18054 5229 3360 12245 14068 14570 15207 241 5344
4967 12788 7945 1616 2856 12681 2150 917 10445 13099 13445 6667 11329 18396 2161 8528 1321 11956 17970 10853 9386 16604 19899 13823 13012 13024
10630 3336 13725 11993 5430 4968 17896 17249 18665 12996 19849 9465 16289 9349 12791 7921 884 458 937 13652 4873 7449 14655 2443 11984 3646
14758 7744 15294 5346 5661 9989 822 2888 18454 2217 1900 14853 6030 7707 17191 18579 12397 3771 1477 7391 2745 19976 1876 7940 17872 12236
7743 6043 6545 10162 2308 18742 9779 10741 2910 15141 1855 6276 1246 16809 3805 16934 879 18632 15794 8115 12613 1871 13728 9508 296 16297
10763 2393 5201 17759 9100 6277 12619 11893 710 13074 12467 10857 17401 9237 16327 15380 13444 13298 15808 19354 8735 5139 14636 19185 19383 18092
11141 14760 17939 2942 6711 16039 2976 8239 8582 12831 18908 18706 19631 6026 18700 10671 7668 3697 13484 12730 15505 17417 6466 19263 3447 16352
2926 17959 9818 5107 15105 7381 14916 11771 17231 13610 13670 1848 11787 15250 14239 6283 10274 2917 15744 19562 9267 3943 12214 8570 16159 16388
18552 8742 17187 2691 1232 8280 6876 7551 15207 18709 15830 1845 6468 560 14285 11975 2972 13098 14301 7188 19796 9150 9600 15011 8593 15709
1824 18146 14554 19602 9161 9700 4007 41 14221 16261 2614 4335 6606 19445 16038 17619 19692 11849 5989 10472 15948 3402 2826 9080 13875 4777
7952 12267 6373 10730 7281 4187 752 19668 6220 9317 16835 14180 11052 928 17320 6133 7566 7298 15949 19501 15615 8732 5755 14694 17198 16738
4352 16324 2205 15470 19770 17395 15818 4971 7409 5999 7740 134 10236 7166 8414 17350 2059 6061 16713 8469 18978 3492 2392 14735 15738 12249
907 17136 19862 17862 18883 405 9074 2167 13967 12284 17906 1185 1943 15059 3303 6364 8603 19846 12890 3690 19037 12813 13662 635 12902 6492
8960 6874 2150 18315 17356 12588 15422 5710 6488 10896 14040 18880 18337 300 14826 9246 10268 1349 9647 8668 2103 5983 3011 19591 17250 19819
1081 13429 10191 9080 5505 15147 19375 5286 2049 13616 9921 3505 832 2004 15949 8550 19888 3346 2856 3328 6209 14428 2248 4980 19354 10664
16662 19716 10188 8121 18800 5771 3303 6094 14044 10540 1263 6076 13588 6078 15384 15628 11548 13415 9250 3851 3315 1638 14588 15634 19189 19733
11676 318 10511 9345 6484 1921 10006 13497 3873 9025 10702 9033 11038 6326 16562 13339 19832 5851 13561 9660 1159 19606 14336 18894 4021 13824
3059 18494 19980 2904 6818 12508 3761 11927 15762 7549 16115 11793 16533 7685 14100 14323 16536 16654 14581 13389 15053 13141 4619 5474 8951 15580
3570 7965 1176 5826 4626 17436 2504 19043 10091 19765 9525 12840 14042 1861 16003 12270 6313 11638 12818 12762 6102 14755 6773 10806 11559 14107
4376 4942 10740 801 4721 15980 15940 10832 4994 7125 3009 9650 12549 6838 16373 16250 19903 5384 16997 8465 10786 7476 11250 11854 10128 13135
8374 14795 15493 18389 3629 11754 17660 5270 14560 19256 4442 18408 17818 15439 18125 9101 3866 12990 14183 8887 7844 13185 19000 4845 9023 10074
15267 12533 17966 4268 2398 5999 3954 355 4535 9730 13234 14934 17630 1314 15890 14864 3446 16535 11295 2183 1895 19222 2283 9750 16150 19499
14001 19303 4740 4429 12691 5816 12381 3087 19794 6823 16007 19880 15668 3138 4259 14298 8296 16099 4871 10158 18857 13701 8860 16324 5325 8987
16819 19517 9467 18250 8971 15238 10119 7349 3948 13918 11980 14609 1356 18111 11805 1660 9620 1264 1958 18136 10646 8532 9113 4314 11461 17124
10296 2157 2260 1926 17685 17260 1268 9017 8393 15556 10556 7033 3998 8853 14305 1080 15260 17484 16668 6040 17571 5030 19818 8776 15041 4259
14498 11272 17315 18782 19549 727 3110 14928 11487 12273 2581 11088 4285 8116 18608 14039 15366 17555 8253 15807 15625 5993 817 6245 14661 18838
17019 13753 12154 6126 17939 10861 16525 4780 7044 4257 11139 16700 16905 5894 7357 88 9116 2422 15625 18952 11888 7778 711 14215 5977 7011
11611 13211 7938 5575 16273 5022 6539 4742 12189 11805 4551 10620 6313 2392 9711 6858 3299 17578 13354 16554 993 9403 14535 218 15102 14329
2698 14324 17967 3056 14090 10855 3277 10400 10861 10556 7656 4035 4248 9505 19892 10320 9688 12472 16870 12357 10174 2246 11240 7412 5249 8298
12131 4465 11857 11433 9812 5474 17148 12004 14783 910 14936 6096 11562 945 14641 2983 16546 7358 9367 18368 8941 10435 19173 5356 12821 7474
9851 15065 8433 19164 6684 3103 19692 15829 14445 14844 11511 4877 7255 8367 6794 12531 3501 18146 7914 14355 14438 6313 17887 8567 11409 14908
7624 11151 7183 15632 19377 15164 17786 7764 192 2259 10101 13579 19548 11616 10595 2828 9333 12704 15193 646 19267 17169 11716 6031 6531 18839
14881 19017 95 16249 13148 15715 18398 1532 6567 17539 10576 10348 18055 10399 5456 13964 13486 85 8371 17097 7339 16355 7432 1442 7182 530
14592 7887 2676 13938 6799 9060 19178 10156 13562 1741 16021 9534 7940 2888 11702 7031 12713 1065 17687 16642 4107 18770 7412 1336 9015 14870
2726 15698 17673 18935 9683 9422 12173 8046 17750 4825 17670 3630 5020 1874 9761 12731 8138 3907 10005 13061 12953 10853 17648 6645 4721 6269
6155 12457 4865 10253 12331 12965 16954 5114 15950 523 17343 3564 9834 14140 19720 11019 9338 17754 17181 16655 3506 5670 16573 17895 1522 19076
18856 15818 3998 11606 15984 13342 328 2394 11213 10527 6674 14843 15587 18064 14194 12872 6373 8952 1968 2268 15191 8833 1999 649 11796 2302
6716 9678 16747 9370 16054 1159 14347 9880 4052 15335 9485 6765 9328 10762 13853 8050 7009 12893 16432 10534 8719 18883 935 8231 15638 19631
5278 9092 18139 7665 17025 19855 6250 3289 5382 19713 1382 17587 2661 9734 15276 18153 4310 15200 10706 17277 11711 6630 9420 17545 10021 11949
8281 8783 962 9983 3023 766 19934 14648 19536 19154 8371 17104 13140 9541 19380 2960 19700 12043 10173 483 2602 8818 19920 6429 12152 17348
2977 5035 19195 9381 17093 4145 19510 12268 12033 10367 12460 16817 10437 16780 4810 12085 18654 18615 6964 16186 6924 10333 6400 7502 6874 17100
9679 11257 12419 4681 8551 17838 10315 6660 1559 70 7883 15854 12889 1662 1251 17670 9533 9914 5705 5697 19320 10120 4202 13574 3924 11944
4183 13092 9473 8618 5687 11836 17969 10529 12787 8872 18368 17783 64 16758 4741 6022 1484 5168 16387 11859 190 18041 6778 2971 11375 12216
5094 9574 12450 3811 16887 5840 16435 9945 5137 8248 12552 9799 15116 6030 12954 14176 11791 14453 1133 4808 16515 13411 12556 1426 2093 19182
4906 17277 16296 6133 14797 5631 11416 2959 5763 18091 6006 19078 3313 2522 8577 15720 1769 3198 3508 15018 13574 16706 222 9758 15000 15763
17229 11828 2211 13653 10180 19475 17069 15993 13191 17904 7618 5255 6467 5880 7032 16775 2094 582 16207 17200 10598 8126 16773 15495 16511 19164
11574 8192 19745 2753 2456 2363 2372 7676 13750 7526 6065 13781 12887 9378 14896 3766 13489 11719 7733 13530 10175 3852 15447 9879 13910 18208
4615 10157 18877 19959 3552 9967 332 10016 14437 7625 2018 4056 15661 484 522 7178 1300 9883 393 9953 14808 14375 4655 13745 1903 9214
8983 4553 15898 8806 16172 18333 13693 4969 3056 15986 15394 19907 2785 5153 12978 2029 10891 13820 4995 16744 15846 17069 524 1722 6124 11199
17467 2884 8788 1279 16579 10955 8359 4723 8449 19448 7860 11583 4030 5879 19731 13936 1283 11298 14989 2742 5325 5063 15349 6502 17132 3692
10545 15418 12131 10737 285 10075 5257 6209 15495 9525 18490 5953 8390 14956 8956 14229 13045 13677 5643 17564 16581 19588 10854 11354 11030 18488
6071 7071 18668 15945 569 7627 12262 7361 404 17948 11406 4353 11765 13415 12979 14736 13539 334 5944 8318 2022 775 13417 2387 9692 7610
17986 5775 12276 3591 4596 18131 9081 9122 15034 12504 8097 11939 13041 11262 15757 4622 2738 3713 8566 17514 1540 10239 1787 3979 19200 6603
5138 14642 10079 13204 19324 14168 17627 18409 2797 17587 12905 16318 1530 9586 7565 12406 10752 18165 16456 16742 10139 18167 1243 19368 18300 16108
18178 9546 4007 12257 3857 10676 6468 7026 1165 7171 7777 2337 5181 10334 5110 13734 3779 19906 19256 19027 12182 17132 11696 6214 1328 11248
3608 3690 18592 10640 18766 1046 15616 7195 11784 13669 15920 19573 12461 7306 12502 3620 17959 12561 17812 1519 8460 19907 15266 11256 2196 15096
19254 218 8604 8993 12935 15336 4743 16157 19383 5292 11871 14994 847 2280 991 18509 15180 19645 11096 1709 19779 9756 16837 11718 4292 7267
5582 5932 10044 6754 18867 17552 7200 16956 2393 19161 179 2723 12710 456 11828 2153 16678 17364 9650 9606 17849 4839 8428 19610 15346 16840
13646 9637 2026 1254 9613 1742 8908 11361 19176 18610 10723 13512 7726 1545 12552 18302 19045 5327 11083 14003 18146 17737 10672 10291 2990 16313
6952 18480 19796 14499 16822 16750 8726 13734 12284 14308 12149 10492 13440 3206 9511 5039 15589 14141 16782 16049 16572 18666 18175 4317 5463 2139
11259 9988 10461 11390 6885 2188 12924 3359 7265 8031 8225 11422 11570 5927 14845 14937 7967 17119 277 11731 17713 13001 7581 8561 17864 1291
7080 10601 15297 11986 7724 380 12755 14878 19269 5561 7360 1020 18490 14589 4445 10226 15668 19024 3150 19492 8932 15341 6352 19378 8000 11491
19199 4432 14601 682 12158 6632 1589 3747 17542 2644 5356 4485 6873 14638 5562 1450 12528 7612 3564 1705 1903 7315 13161 5359 7193 10075
15512 6980 7017 11461 9522 16772 16363 5229 8907 2433 15761 10523 16503 15935 7936 18391 8967 13723 6237 10872 12775 5617 3010 19844 15235 6426
6332 4389 18897 19091 11893 8502 17208 17972 2975 1238 6048 14273 5818 6850 7488 3665 13286 6852 14229 13427 5168 11284 4046 12443 7684 442
15605 18464 3779 15820 7735 19677 12222 13939 13999 19684 17917 12475 6940 6514 17583 14458 5387 8414 441 11841 16266 5949 17184 11999 18758 2518
17092 2638 13950 15561 18594 15020 4221 14601 2559 19404 6323 6934 6470 13706 6586 19641 298 1636 1697 9368 8470 6722 13783 8997 7322 5368
12913 5606 15193 7493 8481 11060 10011 4626 15664 14711 8951 16108 9752 13389 7510 13636 11093 1045 19985 19052 16455 1609 6102 1963 7904 2578
4782 18524 6889 2363 4238 9488 4970 3686 8743 19472 3396 13716 5197 8552 3896 15347 13321 16235 8907 14747 646 18803 8063 15455 4578 14294
10168 18778 3370 6869 9960 13290 15393 11643 1677 4437 12262 1862 11177 6518 11889 12109 1579 16264 1211 12580 2014 13311 14125 15774 2353 4258
13997 13226 15334 8103 430 8784 16905 12089 2063 13647 1336 15359 13045 13221 19914 3591 8747 246 4623 2156 12374 16250 4140 14304 12594 19463
19120 17310 2222 8001 10320 6065 5182 16028 5400 9216 5666 1269 10688 8094 5521 11827 8527 7412 17215 464 3714 16130 16629 11887 2985 19971
10675 9549 1714 323 7023 12763 12497 12549 3864 7836 8478 1892 11933 14035 19629 17855 12160 10056 6266 3407 9378 2620 13993 1292 5364 10832
2915 3896 13285 19332 10275 17490 9423 15789 3157 18004 3086 5015 10930 18941 8896 649 17486 2051 8921 6582 10712 14595 6820 11928 6469 13886
14860 10240 8805 4538 15419 13721 628 6569 19098 1073 5448 13786 909 2765 3418 4411 2885 15575 8510 19958 1495 2557 11720 7293 4419 2323
6431 18299 2420 19033 3315 12173 11557 14005 11049 8236 11540 3234 15313 1046 16917 11462 935 11127 12339 1695 401 14274 6309 7822 9646 13236
1143 3145 12879 10472 13602 17882 14591 19574 15538 8424 5962 17714 9791 17258 19966 3115 2790 4450 8337 12099 16703 10876 14345 11459 16181 19354
14684 10899 3856 16513 18651 15991 13743 17581 8339 7396 7242 10671 18300 9988 5747 19982 11717 19458 3877 15708 3038 4200 3796 8705 677 5938
1818 2492 620 16316 4014 1495 14163 11244 9810 15305 2283 1622 14610 1938 19074 3321 14222 13526 16606 2013 4551 8246 18811 3830 15408 976
7040 3254 13897 16309 15280 4078 16586 13089 5376 16267 17569 13553 1398 8067 17389 6253 3657 3576 18199 7572 10222 7533 14224 4732 8905 4261
1978 6671 13956 7041 1937 11458 12539 12189 13968 4027 16070 4712 7986 19972 8903 10174 1927 920 5830 1838 10430 4779 1829 4902 4647 4704
4547 5396 2439 3976 11637 17439 6645 12586 12510 10178 15787 17606 19022 15462 2250 2429 14875 1438 8442 5747 14898 12746 9913 3279 8741 16379
2655 6019 19064 8440 16432 2539 3195 8974 2558 14586 4664 7595 2804 14541 4042 190 14219 1658 16324 10055 8058 8807 5195 3656 15322 18948
8212 481 17983 6424 6953 11905 8441 16747 1961 3468 18950 5570 1242 2650 9925 9185 16365 5915 15800 17308 17629 5236 11321 18667 3587 18382
4058 5007 3850 4445 16989 13152 17099 14327 8289 6060 14316 1140 18409 10778 3399 16169 13548 1983 18565 18186 6947 1383 17524 10381 5623 14131
19458 203 13879 13112 11585 19634 4947 18820 294 5653 19569 5448 5794 15076 6025 4683 15136 6086 10555 2017 13156 3252 11146 7364 15983 13332
3098 17198 13599 7274 8142 6623 19227 8477 10252 6449 4853 4443 13140 19836 9456 19479 1904 1847 15192 10888 15089 17691 14976 11585 13835 363
3818 18785 1046 17134 9719 1871 8022 5523 18979 9122 5116 12464 3178 4269 19287 7005 6509 10862 4384 13776 13715 16101 705 11540 17049 19638
13396 8970 17504 5423 7206 4799 18974 16440 4856 11743 4319 11498 8049 2636 5553 4814 3610 6327 12329 7708 4644 14966 15653 2987 19159 15557
3999 3259 12004 4968 12987 12563 14918 3663 15581 11209 17455 16661 5401 18155 12457 9718 8702 9619 12273 7680 7846 17310 6871 14624 6848 15948
2802 740 652 10086 18526 7311 5876 17507 5089 13270 8000 17228 16997 7897 17265 4119 951 4694 11283 3373 10238 2144 3001 4759 18270 17363
13743 13452 16936 16641 19528 10299 12101 14369 12337 13904 10232 12741 8940 19178 9360 14171 7916 13445 6570 10971 7467 1254 16797 6873 6084 16542
7120 2077 18747 14546 6661 6688 2566 10605 3995 1681 17767 5049 4342 6321 9479 8125 1302 13552 17371 5990 3021 9013 1698 1011 3680 16801
11578 946 19170 11635 8635 19691 8111 16106 5225 15583 8933 1527 4670 6547 8142 8424 17554 13625 18626 3374 1713 302 2977 3565 5731 16775
6606 4110 2044 16871 18543 8446 15467 13739 18104 235 14789 7191 13413 17723 10367 13759 3041 19248 3920 2431 14536 8333 6339 8432 11988 1942
11479 8026 9854 10736 2073 12496 9454 13270 3565 15334 14901 8341 5580 11918 18606 13576 3238 1714 2615 16757 7113 3912 885 3380 12612 13597
7316 16973 8728 10855 14061 1517 5175 13368 13960 19836 11560 5022 11458 1580 277 4146 15677 15396 9532 17599 19928 13131 16165 16092 13445 9674
8190 2026 3324 16647 4993 13175 4802 7688 3225 11638 9508 19029 18165 1256 5402 3104 12670 5824 2753 3118 11555 9886 13242 9100 9456 10777
6439 14989 15682 12053 3363 3347 18186 17491 949 11120 2897 4161 13756 19176 17603 12557 11373 2798 9317 19414 19440 19066 11529 1609 1809 13359
3497 12353 9454 15917 9690 4813 15786 14893 4669 1835 14664 5908 14960 12090 5592 19426 14778 16797 9998 15319 12020 16489 1960 5257 13401 8573
10332 13671 14400 5095 16274 15149 14293 6768 16051 7017 7745 12536 7861 10469 7437 10677 15916 11396 16917 14911 6133 5012 2956 11508 17340 19976
11898 3893 553 15071 10143 11695 11694 17890 19280 4921 8278 7695 18660 5865 15039 1864 6986 17833 9193 545 8790 12934 1387 11857 19956 13935
2287 13951 3361 19811 1525 9367 14728 6046 9292 17446 11643 157 7811 5169 16573 9930 12388 1294 18820 12310 11009 5086 528 2721 8209 19748
6456 9122 3781 18282 11827 1545 17773 9922 13395 685 13997 14464 5493 19374 19732 4837 9481 15348 15012 18083 19953 4237 4097 7159 3999 12154
10167 11248 19286 9791 17214 1312 15091 1912 2820 8175 6524 5304 13962 5021 10364 4187 5685 7422 289 15207 13457 6051 3 10738 8148 1488
5447 10973 3337 6629 13310 5358 16458 1914 15815 19250 3275 10977 5680 7171 1550 13808 9299 2478 4610 13673 10388 16562 17952 6196 6649 14223
13881 10828 9644 472 3156 2237 13923 19792 8414 16529 6911 14194 9286 8963 3847 15421 10358 10944 16669 3021 15500 1528 3355 5112 17176 8918
4418 12125 9441 18532 18131 3962 18850 3759 10089 11091 108 1931 12407 1818 14538 18013 12715 19717 5320 10139 11843 12462 1888 2208 15130 6500
2152 17582 12801 11588 6334 879 9029 14143 17134 12271 917 1396 19751 6432 3084 11538 3197 12136 14211 8243 3787 5778 15212 11636 6131 2063
124 11704 17115 855 13454 1041 5316 10413 13439 4412 935 19652 8894 15363 13750 15750 18751 5338 13384 7198 800 11523 876 11252 18509 9309
16123 104 18868 3903 1968 12794 12586 981 13055 10890 3962 15125 15885 9831 15952 12877 948 7720 3501 12412 5757 3356 13671 17349 16403 14276
7834 1334 462 9858 6391 16622 6178 9518 19926 9134 9018 557 11359 7130 9073 5178 9144 4497 14560 17328 6678 18825 9980 50 17584 17589
75 15285 15034 13088 12276 14447 7426 2460 19301 19520 19576 14565 845 19051 2318 3548 16040 13518 6543 17239 15119 6259 17590 7254 3159 19626
14133 9012 18860 9491 9613 3553 5250 235 1537 17741 8908 2069 11799 4973 8519 7496 17456 4268 14458 6903 2625 5788 4682 14829 4710 14629
9344 12671 13945 8697 11603 502 12373 12694 6728 9810 11186 728 18555 16365 14850 13071 7248 14829 11532 12114 18641 7706 6801 13107 18822 13647
14756 5570 7654 10450 7893 17014 2022 16672 11455 7528 1656 12602 8505 12917 56 18651 13104 3513 5273 7119 15373 8173 15100 605 17358 9117
4091 7352 18324 14323 10854 19278 18842 19203 6725 19416 4059 4180 3963 7253 9227 1088 15393 10092 15081 16034 9233 371 12471 12673 7114 8046
4852 18813 18900 14541 16664 6363 3204 13234 9500 19957 4125 14219 14739 18924 7586 2695 4458 17033 14566 764 12057 18137 9002 13515 10445 11261
13122 11226 10138 6710 4742 13518 10638 16231 16277 7807 5072 18289 19330 14530 13516 7223 16350 6628 10020 11220 13845 4446 16653 16247 982 4276
17974 6809 7725 15807 1074 10707 19666 13742 14662 3510 16870 18629 2467 5204 9197 2378 13719 19954 9847 5443 1936 5198 8743 8155 1528 14853
19975 17855 3081 7037 7002 1526 16846 6024 9137 9784 13787 14935 4755 79 2705 8567 18408 9953 2216 18940 3942 15199 2893 6324 3395 520
8266 9155 9846 19867 4303 17800 7055 2113 1988 4460 16204 7383 7251 10007 14420 15119 3129 10475 651 2459 6006 15861 19030 7968 11336 14073
17147 8336 6779 7024 19664 3713 19371 15364 810 10510 7343 8168 11136 10060 18085 3436 4489 14077 10145 16069 14693 9283 16638 7225 10964 15079
13870 1850 9427 17455 14739 7442 16928 17700 3938 585 6750 15829 10803 18506 5038 19376 18928 11387 13526 12204 10476 17160 8814 9741 1329 6415
1654 17500 14663 17620 9074 9129 5975 2213 19962 5376 2763 17135 8523 15837 18087 11521 585 8183 7991 7192 2305 14186 12118 4734 9105 11195
16261 136 17830 15195 12751 4223 14257 12834 18302 2827 15527 4620 8855 4044 9006 17379 7892 6044 3675 1495 8510 9247 3739 5860 1237 17001
6668 17853 12115 13072 6422 2559 11636 4284 744 16716 12814 7373 1983 18551 19258 15370 15768 12263 18384 8112 1913 5403 8132 9636 4051 18364
4835 19728 7878 3634 15105 6949 15357 8268 14201 12684 13341 10264 3167 15196 17313 11263 3409 2545 19093 19021 5791 19355 10255 17785 7180 10863
11182 2969 12980 3065 9727 16109 5452 18341 2778 14083 12511 16219 1283 11428 10309 9107 16473 16040 18213 8398 14487 16079 4167 17795 13958 9295
9170 17170 7535 13074 10940 20 2859 15679 436 14083 10620 8967 11225 17182 13884 16386 7946 14708 9430 4626 2195 17594 18560 15638 4360 15607
11624 9575 4568 1784 16016 19759 6448 19817 15348 16198 18624 7368 6454 7114 5097 19658 14942 19188 7378 11946 11208 8520 17400 16795 19316 12575
3143 18330 16182 709 18005 12563 13709 12257 8616 15803 15898 1291 7735 9367 5738 5822 12564 13958 6840 12332 13851 6478 18525 19036 2974 14504
19529 6700 6874 13218 11140 228 5832 14237 9895 11175 52 5183 1287 16621 17084 15829 6353 14483 8841 11229 295 14944 14920 19690 5748 93
16462 1008 9798 2117 8301 9235 7988 674 2253 8696 6304 4073 1076 18093 5309 1013 12065 11567 5323 5725 8782 11358 5793 9291 14043 19636
17824 6006 16823 7067 1871 9448 2552 15202 18692 3530 6874 9270 8059 11926 8386 13319 14590 9791 11147 11938 10001 11653 17751 8087 13417 11368
722 17548 12381 18824 167 2895 13392 18968 4556 8514 10624 18537 7419 662 13524 9740 17527 13019 13098 10490 19505 16300 1174 6830 17517 4303
10764 7634 13208 10377 17628 13505 8071 3524 16743 6360 13808 5938 17454 12711 1606 14859 9139 9 2372 13864 6200 14139 4265 11817 12609 11402
9817 9455 13614 18016 14995 19568 15214 3355 10619 18577 5961 1008 18240 17980 12066 428 13804 15705 6815 19739 12494 12625 8384 2590 16414 8236
13132 5227 16693 10328 16106 6678 14235 12047 14508 8531 7860 2314 17139 13546 13587 10961 17334 9974 8334 11115 3078 6681 8230 19118 18377 17980
6367 9815 7431 12806 17629 215 11093 19140 15562 6764 5615 18630 12713 9076 11787 10438 18723 6303 10719 2275 5552 8739 12292 8017 18936 18620
5524 14488 9270 15539 12866 3103 15306 19210 7663 10680 10405 11732 2100 19391 9311 587 16239 6273 3129 8017 9816 11726 10424 13487 17407 19845
942 1523 11885 19872 2162 19102 13794 6978 5407 136 2693 114 10557 11787 15308 578 17231 17548 9671 10487 29 1401 8966 16300 12889 15790
17382 5547 15754 2462 18366 11659 8253 6431 5894 13999 11086 18778 1557 11205 4729 18053 10550 7742 2782 15793 15479 13957 6765 9289 17813 9667
15245 12475 15309 5950 1888 1336 18870 3816 9377 5063 17730 11472 17170 14477 1488 2303 2959 8499 9623 17390 19615 4577 4745 2267 12772 7454
829 9906 19450 9825 4149 11649 7150 6523 11733 3521 13209 19768 17946 12323 6748 6348 12990 3542 13796 4157 16442 10671 7666 3724 13644 17857
2302 19691 10501 11230 5549 19163 1543 13262 12862 13775 14367 6370 1169 5982 19732 3961 10882 4430 14610 2425 7348 10151 16953 8488 15945 18537
16640 16495 15253 3727 1773 13371 1124 7113 17331 19007 5619 14338 10731 8317 18672 12534 1490 10570 14143 6314 17245 3413 2611 10396 15650 17042
19922 16917 17197 13142 5568 2193 15914 137 16108 3947 5321 5272 13846 5205 9905 9667 10748 3380 16263 16744 14769 14053 7671 13911 14027 6772
3061 14591 18093 6402 17426 7904 7942 18712 3852 14925 8690 2574 15624 17705 5 19060 5467 13353 2434 18861 8515 18061 13967 15705 3682 3386
12427 13278 14554 2342 10684 207 9171 9715 10240 6597 14452 4009 2798 12972 10269 18478 10165 11539 9807 10482 3215 8013 8389 4201 3218 9228
13112 9000 5241 17432 5666 14799 17983 3347 12868 14108 10738 8087 16087 4676 5298 18529 16183 8479 272 3913 4023 11081 6254 5196 4287 14320
18646 911 2476 12777 13727 16054 10341 13087 9049 30 10870 7176 4649 17500 8226 11762 1336 40 4815 708 19419 3316 535 2565 5845 11564
9914 10992 2969 595 19781 12229 15428 4373 91 13719 17730 9183 5266 13827 15855 15148 1357 9307 8376 12803 11298 13530 12233 18001 7602 2864
8617 4111 3766 4891 14263 10117 4742 5237 19261 9747 8324 2507 2218 8989 14018 5728 2681 15457 19772 14770 17653 14646 2506 11883 19346 11997
19658 17737 17896 15077 9966 11959 6883 9746 14442 8675 13412 8825 16812 4051 19553 6843 14649 16636 2659 17382 18218 11136 10017 14336 1149 14536
6479 8311 6611 11673 4108 7655 17932 711 10910 598 6123 7998 19894 13866 3513 6649 6846 18155 4645 16639 13054 9280 1133 16985 10514 259
122 9884 11166 9425 9086 2403 19661 10785 9282 9760 18850 736 4088 17373 5141 14599 7441 7435 14775 14343 444 5075 6803 18055 10210 3856
1209 827 18491 11503 19046 4001 10681 17817 15085 2794 18774 15515 8496 2260 12163 9285 14822 5034 16669 9335 770 11326 17294 5294 15909 8321
16908 18517 10728 2075 12737 19041 468 8942 19457 14946 11678 1562 3588 17386 7888 13707 9482 13398 12201 9704 13731 9758 10847 1141 382 19279
1938 9404 5961 13050 4344 19791 7407 18988 3568 14337 1212 19528 7524 4936 14366 693 18555 3717 18090 329 11641 13616 15567 19058 15359 14161
14649 5875 11168 12529 7997 5124 19763 18277 19647 14824 19225 2010 19773 4046 12255 12846 5623 7494 10756 210 5913 16678 6454 13186 12749 10664
13072 14921 12886 17344 7733 19823 14835 18387 6494 189 11849 9302 16072 2424 6170 78 9610 2522 9391 15532 1953 11094 10691 7389 15091 19819
3760 6673 17522 19585 5050 6442 19545 12341 14365 18091 6385 1379 13764 7225 14548 3374 13396 10664 9442 13438 6622 3018 715 18644 14698 11605
4672 2334 5816 2139 16050 8593 1384 15749 9964 5149 17666 13111 14616 19792 16703 7136 16615 2324 12002 15542 9430 14610 6311 3487 11190 2169
2218 17617 8122 16725 2859 15728 16555 5009 9135 15165 16577 6428 9312 8089 13788 14096 17692 8018 11914 19257 17922 16869 18203 12001 7489 2560
13782 15052 5386 7708 6635 10538 19633 19382 17158 4405 10017 1315 2983 14489 13262 413 12257 5149 15926 6648 13918 2721 6914 1236 15056 2660
5106 16113 15362 17198 2568 19276 11109 19756 10578 14095 11249 9412 1816 18333 14547 82 7361 2036 9670 7622 19184 3481 13900 12871 12643 10146
12748 1307 10393 3230 10077 4262 11575 11025 5727 4047 14622 6270 7313 15404 2777 17563 3319 19032 5511 6955 1060 1007 11489 11435 6427 10545
3273 19734 4902 1500 19983 13118 229 2043 6172 17117 2017 10336 14908 1479 927 12076 1901 12269 7897 19181 14117 3862 2598 2262 10408 8607
18319 5461 17252 17653 7073 18214 9134 13420 2257 13092 3092 4299 4445 18287 523 9388 7029 13629 16823 1553 9780 18611 4501 13173 5503 15822
8682 1158 10108 18369 8039 620 19483 17671 13033 7196 6708 7131 15805 15524 7012 4437 9950 18562 9500 9381 1154 11113 9373 4802 11053 3242
2775 16910 2613 13790 17816 5432 15349 5337 1757 3643 3618 42 17281 2003 17850 2438 1523 10228 19448 4244 4599 12967 19073 2908 9713 14081
10526 11940 12121 17869 12663 7720 3347 10682 14832 2696 4543 7853 14619 1416 3696 17574 1479 14705 19640 8287 8901 5790 18936 3374 3017 10505
12016 4613 15481 15495 18901 4144 2676 19193 13333 14238 10224 2930 8143 5831 13684 18902 2737 10122 6319 11376 19244 9658 19782 19384 19295 1816
4356 17848 18370 19489 13249 11908 19236 4673 3468 15310 17768 6774 4929 5238 16442 8088 16314 4083 1006 9095 3923 18471 11968 9578 13438 10958
15686 19525 8925 8053 13665 9379 19331 2166 13348 16879 10505 17378 19193 9268 1394 19006 12048 16872 14705 10779 3750 13556 3183 5479 17141 8551
1862 16616 12772 17957 11931 1703 3317 14451 16952 9844 2781 17658 10926 5461 13851 18598 16944 4302 16949 8153 6335 13558 5921 14423 12692 764
4995 4927 3987 8514 3947 10998 19058 15857 14807 16744 8872 230 1367 17559 5439 2211 3546 8083 9793 4484 12148 9526 1757 12889 14417 2273
17177 2396 11826 12455 5463 17511 5170 9315 13408 2398 11834 8605 635 7517 18544 19331 11344 8910 16123 15235 7293 9931 2160 12477 13046 4602
18137 17538 6250 497 5145 13267 8526 382 1088 9647 9550 12958 8774 6414 18556 10165 16111 6274 13871 10554 6397 13708 5093 2571 8881 14613
1965 12322 19776 11208 14822 7118 6319 19802 2996 7819 15281 1917 15723 5797 3401 3984 14478 12802 6538 12677 11957 15529 18629 3287 10070 18595
11245 1686 2953 16607 889 3425 3122 6905 4420 16127 3947 2667 15609 18927 14439 5391 9486 11781 13097 14124 10932 9513 5514 12204 14954 14426
9521 14915 18323 19188 8234 1354 6418 1532 11780 5166 16243 614 5902 10582 13685 11429 8425 1646 6146 17161 5523 1026 5297 6877 35 11788
5086 9175 12525 15993 17567 14753 18890 15654 15160 9546 1449 14134 2854 3487 7676 211 7564 15689 2008 13183 8358 10860 7453 8869 185 13527
5532 18081 17859 15367 13957 3131 6308 7583 636 12468 15248 19767 16798 4981 12674 4993 1766 13896 6668 18507 10017 13027 4129 7165 7308 13608
9225 8640 14498 7274 2391 14835 5295 7666 8462 6916 18187 4098 11391 10603 1861 12786 4077 2503 13380 625 11161 17673 9597 18505 13945 5948
15895 11442 17979 14912 6294 13127 8683 19504 15087 14426 8534 9853 9026 12983 11163 14353 12111 11233 11049 15215 16694 3831 15627 19501 14908 17040
13032 3449 19906 14627 3232 9740 17568 5431 15892 8040 8807 14445 15843 11786 4969 17252 9524 11278 8255 14298 3640 6959 18360 2236 9864 311
4086 14160 16044 15360 11877 7167 5131 17683 15347 3416 7020 16132 9076 11330 17256 1950 15201 17360 8540 8082 15411 11917 6466 6838 19927 3846
5343 12705 6081 19335 4444 10986 10407 18438 3491 7439 15736 17695 12395 1479 7293 9092 17707 19310 6149 18218 17458 5719 18803 698 14892 7474
9956 18888 2993 11645 10165 13643 5854 10142 18033 13003 696 8377 2662 2584 13084 9117 18976 4484 7898 4907 40 10397 10721 6433 13228 18121
9250 2999 14307 7424 8640 11058 10876 4000 1734 3123 10008 4093 17694 11655 5855 6072 10281 8977 9837 3735 19951 3381 10057 19014 15112 14384
336 14970 7027 17478 2126 16537 12484 15843 510 4255 4959 19955 8321 14480 19683 14787 10676 137 7080 1890 11978 8446 5844 18441 17229 6461
6681 19616 17798 13986 14602 5283 14503 9068 5194 10724 14448 11890 11173 2350 12324 4894 7789 7525 11771 18789 1877 6331 4984 17571 3817 17229
9743 11381 11382 13528 19177 10759 6375 7502 1351 4880 5528 3985 2552 7109 14226 16334 18912 7192 1317 11039 19888 14188 3339 9690 17275 12699
11559 9335 9021 4268 18670 19897 2261 15021 17364 13844 5143 14096 12256 5492 15278 7227 5892 19343 16602 10317 8957 3674 15086 3811 4751 6958
11302 14276 6136 16137 8435 8386 17935 3872 4658 5242 1364 18750 16295 16156 10853 3703 19436 4761 15372 13035 18125 17036 13579 4112 15267 6106
16558 18195 15962 78 17603 17903 5810 16972 6613 3234 14568 19352 4992 8068 9019 16303 8025 7272 11944 8137 17181 1057 18679 16268 6788 13574
862 18983 4013 16810 18583 4873 14154 16229 18153 16033 17937 3216 5730 19309 8234 12813 16001 7894 3694 5083 15226 10494 5815 13939 7987 2381
