365
26 33 49 3 24 28 50 93 72 0 82 32 86 45 90 22 3 37 86 9 46 1 13 54 44 54
3182 12832 16821 19021 9823 8749 2182 15078 14116 8437 18931 10506 18524 17 1490 6161 15760 12483 10265 9262 12696 11503 15688 4451 17391 14145
2317 5652 9755 9454 7717 3249 13023 15483 16808 2888 13674 1109 537 13704 138 19844 18880 19350 12404 4148 18203 7247 3864 17750 14451 6643
16928 7436 7911 4294 17761 2928 16018 10844 16680 9213 7133 16419 6206 19122 4668 5885 5626 11854 10537 9360 5858 1300 3972 6914 18527 2071
7280 1579 3390 3796 3491 15040 18181 14866 11674 8727 6679 4107 10376 6046 9680 17413 2200 2839 15157 2177 9478 886 17584 3164 6115 6791
12477 4901 16340 4111 11166 4773 6949 14554 6622 10761 11122 18803 14666 12207 1827 15696 7756 15124 11147 585 19729 12703 17184 18712 2510 9091
7114 89 17032 16537 11600 949 12054 13528 7427 2887 18466 15693 1957 4389 17001 1314 8875 9211 18471 2809 14512 18482 1955 4070 4267 10511
8091 10055 10609 3476 9843 9228 16818 15788 3938 4841 1180 2500 11295 6625 17425 7529 5551 8881 12411 43 16874 532 616 19529 9587 15797
6772 12171 5277 14988 4505 10512 11698 6841 14594 12275 11275 2489 16165 18687 8634 538 338 14223 15471 12191 14205 908 15776 14914 6791 16016
19103 13874 135 4685 17387 18279 11513 16504 2977 18647 12152 8916 18495 6259 15215 18580 11601 8681 17783 3908 2956 5576 17077 8906 6410 15485
7778 15353 14981 3030 4733 12318 2817 411 2649 16173 6343 11795 11122 15577 15757 16424 3811 12376 14137 3260 17372 7693 13207 9522 11266 19797
10369 16135 2140 6975 9791 2345 5672 3100 5123 17503 7555 1307 11129 18463 8447 17595 9812 19810 1916 4319 3690 8807 7561 16150 7612 4904
1431 16068 17745 14208 1054 12365 9674 15234 182 3275 13845 10038 1758 9617 256 5355 9841 18051 19665 11313 15747 16234 1373 883 1609 16663
181 14562 16497 17609 10230 8795 3510 7476 62 8298 11599 19762 9255 9033 18685 16631 2773 16465 13564 9306 12087 11656 18819 13947 4099 14002
1413 17744 8321 11648 13834 2682 6772 7520 2987 167 2523 17665 12391 7800 19376 9122 10277 3245 18279 8799 17599 6786 1372 8763 17333 2691
3791 4070 7031 14312 3667 7177 8697 18079 8138 14782 16970 10275 6513 13121 16717 3240 8967 5448 16049 3312 9325 19421 10865 3859 17163 2996
14899 18072 1822 12766 13679 8221 16887 15846 13857 1981 11781 11452 17769 9194 8923 1218 14612 107 4878 10183 8132 16301 8429 8024 9338 18108
6477 10021 7470 7203 9400 5091 9050 5497 17720 3452 3115 15558 16963 8990 15055 19881 1 4375 3570 18189 8613 15325 17302 745 7733 12702
16951 2294 4424 12023 16609 6279 7076 19250 7499 133 12615 954 12084 1556 9094 17128 14942 4508 2294 17518 10401 13903 3041 10422 6063 3455
10352 14046 11591 18130 19081 2100 15781 5810 4292 9341 7790 69 11066 4705 2958 7851 11471 4535 5709 17021 15302 1634 14883 6545 8753 17507
11339 14491 6827 3335 12654 17771 2473 10038 18350 14329 16060 2398 12123 6711 11272 12734 7905 6041 13672 11476 783 10072 1155 12453 5757 19447
6370 12965 8244 19693 2330 11857 6323 17197 4158 8687 19212 14197 13797 10140 12840 1283 2299 19275 2922 14705 9736 9830 4655 11239 10492 7902
12592 13966 903 13563 3668 8391 19750 5513 12337 7728 12320 10272 4499 9754 14948 12024 11598 16634 18409 4684 11166 17365 8740 12258 58 4484
1293 12289 14304 13292 6572 10429 14696 5812 9399 15477 3033 7161 6578 13147 16857 18643 17125 11070 288 4372 18502 3284 12258 387 7938 9342
12987 341 16082 5369 8016 13067 3118 17493 1778 1530 18700 2007 1626 19592 13466 1508 14442 13184 2939 8174 18430 3286 5415 13479 9051 10148
12009 9457 2165 5760 146 12718 3582 5764 4063 16774 7229 18894 1963 6111 1807 16688 7596 10950 4616 14692 4460 11108 15084 1591 19610 969
4337 1295 14220 14618 12750 19940 19418 4025 16512 1845 2430 13234 884 1703 14206 4145 18057 4094 9418 12918 15471 15326 1709 15134 1841 18510
17901 39 19 3716 19822 13069 11982 17675 15 11229 15238 12097 4162 13765 3715 18637 13178 10218 19249 18003 4872 16423 14913 10893 13740 19109
7364 15293 3531 17270 239 6355 9155 7055 17731 3047 13989 3471 14374 13769 5471 13685 19453 3690 2118 6697 18325 16106 5737 11317 10308 17460
13291 4980 2699 14229 9947 17398 19427 7340 16068 8085 3848 423 17720 12064 2911 13416 16868 3245 2560 17930 7998 18756 9982 13693 2211 7968
18546 3689 6351 8531 15741 1449 11857 17228 16105 8721 8248 11748 2357 15272 18655 13591 115 19334 12776 4680 16699 12328 16676 14106 4436 17291
9039 5828 9883 15366 10234 5965 11839 3016 3760 13633 5559 7761 6722 5057 12213 11519 13473 17544 19325 1819 2966 15962 5754 14079 4907 1060
9581 6218 13787 5303 5062 2610 17134 7693 8508 11286 5396 5599 7972 10263 17426 16988 180 18542 955 14906 13604 6625 115 1883 8683 1298
13588 5158 4111 6304 18661 8294 15715 9704 6731 11804 16835 16255 9346 19634 6556 5259 13237 19453 4063 12770 12733 15557 3489 8062 1453 16931
4154 3870 2256 5469 14941 4331 12069 19293 11890 8015 12224 14128 4184 10310 10957 18361 4440 2442 714 14677 14255 4239 16520 5986 3665 4292
13487 11579 17080 5857 17003 10754 1734 6009 11982 4861 17333 11961 13432 7496 17178 19266 3143 14855 10709 5448 19201 11942 2912 3595 15825 19451
16189 15749 1726 577 12739 2583 11896 9290 17922 18926 9029 19515 19341 3353 2956 7919 11334 8773 9831 18780 17500 8080 1238 6619 6962 16550
6173 17124 1013 14589 5878 19808 5326 11759 9649 1068 3932 2371 16156 5549 5009 9383 2363 12608 5273 15417 15966 4136 13855 13867 10367 14133
12128 8653 64 14938 16865 6162 27 5425 14323 15601 17711 8793 11535 7483 18088 12589 1802 17080 982 1276 18310 13665 15930 7911 7644 9123
2906 7526 17536 17464 16914 1964 12273 15927 17777 11486 3274 4844 15717 6142 4338 11691 14034 11797 8751 6157 18813 9300 3066 2784 4033 8629
14864 9924 12110 12137 12459 9084 11709 4087 1692 719 9226 18939 19977 11565 7468 5741 7749 14056 7368 2045 16144 9717 12320 11957 9776 18370
3016 18543 9698 1104 18506 3347 6443 686 631 3181 14178 15591 19518 14567 14306 596 4132 350 7816 7301 859 16440 16126 1433 17860 17994
14625 2195 740 10199 17360 14026 7704 2108 16805 14621 11825 2646 19497 8232 2598 14910 1666 295 954 16258 17057 7483 17191 13530 3222 13030
13684 11747 17896 14209 8397 8545 9751 5444 11557 9969 15716 1888 10646 2040 3735 11219 12774 4845 16481 14715 11462 159 3268 16387 6610 13408
5816 3063 4976 4414 8344 18420 8518 12094 2917 3544 6827 19682 2606 13664 15702 16609 8868 4329 8812 1931 868 11114 3158 7196 16865 12126
10443 19026 12002 10679 18215 2435 5402 5623 7323 11209 11008 6658 19796 16455 4070 10134 13607 4791 8527 16816 1185 5731 19803 16494 8525 12531
10522 10912 16517 15169 8692 3303 7514 16937 13526 6202 10305 15739 15497 113 14551 2177 11028 11745 10546 19067 691 16875 4559 17648 13399 16470
17755 5857 11352 5688 3686 9043 14610 7598 15870 17645 5753 5091 12796 19826 9504 14859 6789 3405 11883 18596 17600 18098 13761 17473 4913 7899
11833 19913 12610 4348 3212 16644 8346 2279 13349 6841 783 8770 13427 12928 721 19239 18842 17436 10321 8496 14644 1902 19274 15127 18312 4614
9309 19240 392 15361 8330 16070 4402 3531 940 15713 644 7037 4230 1261 15665 1124 16990 12109 6160 4703 12108 8175 13402 17022 10011 8643
10062 8873 17593 5889 8125 1183 11686 16950 12238 19291 8789 1284 14732 16653 8297 12382 9085 3882 19345 9291 2349 14416 1735 19877 6240 12028
6274 18361 2250 8116 7437 4683 8667 3439 13913 10412 12425 9624 5046 9665 6591 6138 7161 16713 11166 18211 5488 7985 18820 9202 4080 4319
6061 17283 11654 4564 11507 17004 14634 8173 10049 15655 8752 9770 10674 10325 8661 15556 3736 17126 17 729 3767 18337 18699 3942 17922 3788
10547 12283 15204 14342 14572 1417 14327 4218 11269 7552 5604 11091 19230 4379 7756 2130 18013 17835 6477 9444 11264 13072 14279 19209 9183 4721
14461 6908 8091 6037 11108 16254 16251 261 9406 15233 4063 10709 14867 11884 18735 12707 11556 18326 2230 19497 3448 3536 8605 19328 13990 8402
4694 18743 10403 19633 9963 14828 11793 14209 18060 4108 8436 13694 13409 16848 19227 2869 14398 4955 8181 1772 12810 6878 15518 209 18924 13624
4827 2261 8538 4164 1671 11258 9767 19404 6330 9592 12762 7859 4787 16622 2202 16951 11896 19339 9487 11674 17818 3079 365 12868 7017 11733
11181 17657 793 15566 18612 16304 375 9505 17656 8975 19072 3609 12719 12204 7239 1616 6565 1058 12312 5661 19956 14842 8022 18757 509 8847
18107 3220 14521 18773 1293 9918 7848 9478 4476 12134 9793 10066 19921 15242 765 18966 8599 5762 11345 15381 3151 7940 10391 10651 167 5197
16398 19384 19164 19844 8182 10257 19231 16271 3437 7497 2494 11790 220 10724 9780 19354 17587 5154 5335 4745 17735 4208 17168 7659 15779 13487
17885 8999 9425 12849 7405 687 16034 14068 14221 2704 16033 7403 16869 6880 16844 17625 16693 17397 11563 3193 19604 6418 15829 3357 18648 965
3047 7926 10434 16780 7779 1873 1510 8229 15020 5220 464 14169 2572 3165 1980 3800 3048 11397 15845 8891 4306 1381 61 2340 10706 1793
14157 17170 11210 4970 264 16381 3652 5677 684 9873 10630 3818 10935 4414 14795 14648 15193 11632 4820 19772 17297 182 85 18099 15695 7318
17965 19512 19597 17133 4310 15072 16684 10462 11089 9965 567 18802 19173 2757 15713 17144 3846 5928 12737 12608 6255 15574 10409 10330 13237 7780
3237 9396 14233 16996 492 6577 11934 3776 7979 8471 13654 10387 16170 12109 7886 11442 7473 16751 15648 3074 495 5000 10772 6710 16233 711
14581 11130 10375 8473 5519 18183 131 4579 6624 13787 2536 8403 5939 15171 8911 2195 2628 6911 17669 1082 10627 13840 1712 3389 15437 2762
8667 9221 11411 5733 3211 19232 6702 19221 7718 18974 2572 18986 9586 15894 8553 11791 15452 17493 2033 19608 12647 8756 457 6385 7286 3066
6285 12389 19543 11592 8438 5641 8487 14158 9155 7868 4355 5359 7310 3243 7628 7028 16245 8474 12228 4396 6717 14625 14473 2146 2044 14377
16874 13092 16194 17358 4823 17151 19617 12461 17083 2114 9134 8780 16099 1373 19867 17368 17933 16268 9168 9286 4058 19200 19989 7236 10037 18456
18781 7643 16717 5398 6174 19848 4151 1511 3645 4093 4570 17591 15615 10616 12630 9541 17479 4752 18646 2433 15118 2122 3217 10462 7432 17556
814 4191 1200 5017 5149 9636 13802 2728 14192 707 3332 2217 9435 16529 14332 1644 9831 844 15788 5852 18560 14897 17141 2005 3362 509
8738 11109 9295 3109 9948 5155 12669 2847 4799 5986 9665 3574 9796 8671 10767 16814 18556 3760 5421 610 2861 3817 10730 12621 1834 12053
14584 3443 10107 6870 5861 17467 4890 13329 13810 7535 2015 7253 16794 980 10711 16143 7795 6723 17628 1184 19572 10755 7824 13168 12966 11125
1349 1313 17403 14013 18139 1572 11752 9976 6858 10031 12814 19204 5288 15812 1967 299 11264 16678 14934 3800 14701 2815 7383 12827 11566 10440
2594 18510 18055 1708 3924 13806 6356 8892 7083 6046 3153 230 4131 7537 5792 9611 13013 1954 17553 3172 6756 77 13601 2249 16321 6240
3472 11041 1815 19139 2520 7387 8900 5753 8039 625 2801 1614 10351 230 1982 2961 15447 15759 3281 455 2871 6259 3158 3923 9063 14784
12370 8474 2742 11207 13556 19692 1348 10605 19216 1531 16654 4566 14103 12596 2238 16545 10491 10371 8474 11162 13217 289 8374 2099 13926 3779
10021 8449 11447 9208 2937 10390 7375 14724 110 14821 19381 19921 3861 2268 10331 7932 286 8646 17706 11512 2690 5501 17421 5481 9596 5379
13937 9140 15276 8020 15468 4384 14847 9802 6911 280 14157 17248 9051 1215 10739 4537 11852 4531 12014 8270 4123 1824 7906 11656 14979 9283
10016 17235 15337 15985 7762 16416 15548 3603 5678 6414 1119 5756 18266 6173 11141 19607 13446 14809 9532 2375 12464 10966 8062 1350 19510 12408
8425 15966 8847 14466 9412 4593 4460 14965 12484 10436 4983 11116 19659 8440 12931 19182 14745 8710 18529 12140 534 15004 16273 14364 825 4968
12146 12391 10906 4631 19125 5387 7338 13731 15574 17300 952 15734 11773 6690 19177 7929 8506 17555 5289 19823 2137 15192 3395 55 6730 2263
15242 3148 3737 5578 12552 16343 9304 113 12939 15237 1927 1802 1797 19705 15888 7746 19417 13541 16684 17957 15421 17507 7140 7881 9211 9626
3108 14010 17307 2282 5678 11558 117 2235 9083 5542 11685 1381 11445 17267 16251 1690 9861 5741 9486 5777 18103 3799 19477 2381 6798 12283
19704 3382 12210 8866 1252 14098 11774 8778 12735 14551 7091 3514 1146 17646 17755 557 8787 783 7239 18870 19598 5105 8824 395 15728 10737
14338 11695 2106 14563 2250 13940 9400 13426 16821 5535 3368 16183 11504 7602 14851 8496 17657 14387 2645 14455 13088 17464 16857 15514 2011 16057
290 19538 17662 9401 15563 5257 14506 11890 11422 16646 1384 18006 578 11475 16134 15216 19920 14863 519 1980 19070 14664 2583 15005 14318 3362
8563 1514 2797 1288 7152 6148 13604 6739 7401 1917 13716 9143 275 13376 3144 4966 12898 2608 6005 7352 6323 18450 10188 7913 14731 8082
5283 7470 10178 5454 19705 3521 13239 5429 11076 12236 179 19585 3245 19775 7034 1840 19528 5293 13056 13111 10890 18084 4739 6415 279 11939
2393 6909 15211 4920 5884 14017 9385 10966 11419 7006 14250 16730 2034 1464 655 15442 17392 3934 18456 7085 1307 19900 18141 19861 3332 17271
19829 11873 10318 19916 19371 19300 6699 10028 14528 11976 10342 1841 13433 5077 18134 13336 16283 1444 1474 7096 11958 13288 68 17560 6619 6939
8272 4101 8878 6392 12004 12517 15779 15017 4100 4528 19682 14834 16505 3312 721 6720 484 14686 11896 11454 13373 594 18885 11855 4787 1233
12417 12157 7362 8970 16844 5020 8250 5670 15202 2990 9763 19527 4999 16631 14826 19425 5286 8403 3559 14298 18037 1508 15247 1797 13983 16154
5445 2004 3495 4975 7574 2861 8033 1910 19375 14393 17293 13921 16068 4022 5604 11834 6430 5518 14536 3345 8153 19208 15344 12790 12568 1552
3779 3163 14398 12734 17319 8785 4207 3673 11697 1882 11420 337 3562 4348 1550 4537 14046 4698 7452 14637 2201 15427 13830 19119 13300 14563
6210 11532 1644 2749 881 1169 11201 10449 18921 11018 3785 10914 7250 16638 13803 5110 11955 9746 13261 4238 9673 3887 5590 16926 17162 15516
13003 3261 8828 18390 10971 1288 10806 13237 3576 5376 7395 18611 13368 2848 12716 11299 15467 5626 10093 4107 4405 18983 1192 5676 1663 10684
18239 1208 3817 2578 11783 11230 16701 16481 4705 11480 579 5142 1566 12664 11185 15718 10764 15250 692 22 7000 19277 19920 11688 12485 18552
13500 4270 7653 14513 18878 11277 1953 12592 16368 11769 14400 16629 16971 5165 15947 17078 8821 14169 1801 16869 15382 18786 5494 15926 13632 19583
1462 18571 9868 16595 1167 4477 14960 11229 107 14462 7213 4078 6423 13866 4739 507 7952 6095 426 10588 24 9947 13782 13447 17750 7153
1533 18192 18401 257 1483 19857 1180 8521 9792 11560 14042 2920 7234 8979 10844 4941 6635 3914 7180 1773 7622 850 10276 10763 15210 17141
2245 9242 11462 16781 2477 893 5800 18441 13723 9680 574 10018 8622 17860 7613 11536 9075 8583 17919 1896 5391 5236 16728 9543 10778 16564
5885 782 11894 6527 8686 10255 18540 5799 13261 9076 16017 1412 2711 18282 5333 15890 4691 13268 15154 6541 6770 4052 12642 16478 7316 5071
10395 12308 10131 5701 857 10638 12286 15095 13359 17029 4180 11016 16354 16631 2106 10475 7215 15563 4935 1683 1093 11751 3525 11925 11091 5445
19510 12216 14782 1918 17948 9391 15868 6157 2418 4432 16779 1283 14927 15458 12755 18823 18870 16836 7447 16228 17007 16038 1502 6445 19600 15961
16411 5201 18716 7239 11704 1214 11410 3131 7870 11693 16815 16650 12112 12246 9865 17763 3121 12816 13606 12718 13881 18638 1299 354 6519 8907
7111 7944 11867 3314 13877 4811 5069 512 13915 15203 17226 8893 14355 2902 14314 2705 15095 12892 90 15975 2299 10470 7096 10789 8536 17074
18243 13088 3961 9177 3963 9331 11472 2978 7094 9193 10771 8823 10340 13612 18314 18845 7236 18477 261 9653 2584 9489 1775 18019 4830 17538
11852 5456 10383 6366 15350 2625 15885 12908 2593 6989 14477 17333 5724 3157 4073 18653 6694 15579 19531 14080 3698 2178 627 10470 19901 18478
17129 3967 16868 17586 18360 1638 18204 5673 17820 893 11222 9310 11780 7231 11664 5905 4523 4326 8551 5250 11372 14018 2806 2672 10350 10967
14715 10708 7614 16905 19488 14632 15934 4705 1297 3756 15970 18983 19057 12687 7094 18483 17953 17578 122 18748 15684 6185 11619 13951 3500 17063
2178 4672 10838 12991 2627 12202 4848 11969 11805 842 15696 16900 4546 3515 13380 2003 6698 12182 8256 7018 10145 5118 5427 6793 15984 9578
19403 18257 15715 4701 12263 4143 6977 18183 10397 19696 7311 19507 8315 6707 14653 8322 13099 426 3933 15152 5105 8722 6396 1325 17692 18669
18682 7046 18980 19643 1389 4055 6327 13624 15362 10910 16897 17543 11644 14697 9216 8349 17371 1244 5404 9433 17556 14535 8381 8305 9504 9171
15048 12141 7279 1709 7534 6240 15136 9899 7694 19910 8387 10704 5002 14838 15995 3815 18910 7824 6261 10176 16689 4379 7356 5370 13516 8001
9552 3017 10184 10545 10465 3700 12112 324 11769 14431 17639 7823 4215 279 10613 17042 3722 13321 4487 9899 13593 18091 2107 18479 4518 3565
17171 7117 5668 5313 3801 5439 2474 4617 16268 2267 914 7396 13471 19202 12643 9356 3004 8555 4908 1861 7271 1376 5812 1950 2621 12332
1207 4089 16594 14643 9789 3787 13767 12789 19492 14101 15102 11315 1217 5284 10011 3286 12943 16335 6249 11421 14053 8084 1511 5848 10771 928
4989 8412 13193 3292 11545 11327 1659 7324 10742 8723 16907 16698 19400 5379 19744 14685 10250 12139 11152 10476 1113 16404 5547 19103 763 10042
8136 13220 554 13235 5246 13432 12430 1477 2528 1867 3389 12060 8975 10671 8690 98 953 18744 10629 12179 7399 19344 13426 1712 2270 3259
8892 13324 66 17123 11494 7932 5033 10398 13775 656 2454 19819 4559 8721 4453 5610 9310 17007 18621 4449 13318 18849 1482 9746 18096 423
14648 2752 10654 5123 15525 7919 17212 12931 15273 8453 14548 16778 8540 15630 2168 9589 13131 8953 672 18942 16846 6092 9626 4657 14792 8335
16541 8965 8521 19879 16084 15533 4379 19546 5051 10875 8008 1671 9062 9947 17208 15565 6323 4712 3998 18213 19233 7561 14079 16348 2388 9548
3340 15816 11211 1286 6438 9422 858 3320 5346 16202 14174 15585 2909 17479 14274 9521 6037 4290 1095 19067 3577 2844 11459 2060 12427 6105
13352 5474 7557 18921 8005 19647 6304 10150 18835 18575 8752 6333 8600 5531 17177 9892 6221 11326 14807 12655 4534 6234 14525 16100 17050 1850
464 2587 5142 6387 18569 12629 540 7230 11991 8974 3432 19600 4459 17018 11025 15070 7101 810 13924 9134 19227 4621 17766 9835 11439 2410
14451 19052 599 15357 14121 19370 17940 855 12319 7363 9098 18851 16798 18354 9146 8585 12800 17303 15636 4593 5624 13741 18229 529 7932 8459
3868 12764 15942 3233 4099 2178 16758 1667 15522 6303 14598 8681 1485 9577 13997 15558 435 1998 7513 2636 11214 14404 4560 264 4227 13985
606 11835 10719 18031 8415 17178 19533 16862 2943 14837 6663 13860 7684 17802 3071 9152 18746 4620 4405 10029 7130 128 17132 19005 1522 6596
5154 6572 7893 15315 0 3102 8503 16029 4631 8924 17191 10101 19634 16871 13939 18595 6633 5707 14407 17441 19230 10300 13052 831 6631 9566
17494 5750 15444 8927 8652 438 19168 7707 17832 2930 7474 1131 13230 19797 19950 12772 17227 5256 9795 17515 17308 8119 5292 211 3376 18686
14198 16269 1117 8060 2046 10073 14546 11135 11079 3775 3762 1126 5546 13427 4250 16086 12232 9148 6176 17436 12185 311 6324 2699 15496 19543
5867 9952 14873 18688 18867 13268 12998 18207 5209 5330 8602 4482 7600 14268 10958 1935 17632 11772 15863 16923 6964 6266 734 7693 6084 17664
6640 13691 10261 7479 6909 17163 12017 4715 5236 4460 275 1048 16561 3231 2254 16234 16064 7064 7713 6210 12176 12077 10368 575 15479 17600
10050 16115 12029 362 7273 10951 8324 3066 1901 14604 10945 9026 17002 15138 343 18658 18989 1246 937 18680 16976 8129 12825 18961 12097 998
42 1302 10445 580 11875 14702 5473 7321 18027 16957 13812 6757 3705 9904 12289 8369 9615 1889 6711 6200 2163 609 8067 19581 18166 12730
5255 7968 13746 110 19240 4137 17055 10309 18226 11173 2877 364 6496 2689 16 12031 13152 12881 19483 7218 13652 16230 727 14612 6130 15571
15474 13066 14360 6122 15346 8812 2053 6156 1584 693 14136 2592 19214 329 19818 17595 19900 11269 16766 1887 17958 11995 326 14602 127 9762
5966 9811 15484 14799 16277 15462 7739 4949 2255 14519 4447 2111 6017 6718 4873 14819 18194 11991 14859 19190 15045 18912 725 12912 16970 14926
14030 4160 11871 3959 3717 4798 5498 19263 15368 4435 2217 11809 17259 16556 900 16754 11174 2082 2286 13588 6411 14984 1158 9611 4739 3223
13226 8883 19397 12619 5654 9785 16894 4844 18757 1959 16623 5348 1908 1030 3770 9611 2062 1074 17538 12140 8654 7339 9981 5339 13600 4874
3999 1434 3058 11537 7936 13681 9509 16520 19992 5516 12672 6059 11673 244 15103 6722 2392 12051 496 8872 9872 731 19486 14632 11976 3254
13726 15102 10103 10336 6485 2840 17869 470 4125 8642 17854 16365 2168 16768 9414 6356 15575 41 5105 16671 8182 10984 16314 15464 7883 2010
13494 3464 7831 14674 9309 285 6287 12974 12608 5809 852 10000 1523 9986 14818 17533 7741 13281 6014 18461 17483 15125 14285 11216 14397 9094
11285 17276 12407 12233 18301 11924 8211 584 12598 15420 9606 3588 14677 3723 16119 804 13932 2142 14493 18862 16424 9976 1804 15870 18558 19604
1589 11713 14118 11639 5849 1629 10219 14144 13142 8745 14801 3293 7353 10450 18683 2697 238 11649 14451 16544 5480 9060 15641 8629 5161 10319
13830 6329 3057 12460 4176 1960 10054 519 2368 11116 19960 12138 5510 5564 11596 14529 8102 14318 8888 2449 13678 15263 6027 9734 16053 12282
7540 12061 6571 5835 10910 17680 10384 4776 11296 16580 2464 251 6270 19699 13150 16576 730 6756 34 3668 9414 1751 11552 19892 10918 19528
15006 6295 17389 16815 9025 17383 7929 801 13428 7073 13609 13024 13660 12648 2103 11165 5498 17896 6737 14082 5199 2073 1601 7523 5816 353
16134 8984 14190 778 16165 18887 1516 15489 498 11647 3336 2780 8524 14133 827 18439 14799 5514 19479 19663 2490 19872 11177 6949 18296 14103
5970 13197 18768 15681 15605 6849 7767 13197 10749 14197 18442 17293 7271 4241 3328 7804 16848 9937 13245 5599 1831 7727 18175 1001 19896 15258
7261 159 304 783 13267 3643 2050 11053 10553 19148 7776 11702 9996 13015 10350 18186 13318 12400 11383 15857 14700 13657 3481 16785 7925 7426
3302 4310 17663 9961 1431 14224 16542 12763 11413 13804 4683 16179 16378 17291 13322 13331 4670 11990 8964 12076 3582 3368 4389 6389 8587 9769
13625 13251 18024 6962 12256 13678 6839 13881 11264 19183 10802 8364 5495 8976 10414 2473 17210 16536 11581 14811 4716 2814 4904 11720 3459 2954
7314 12752 10734 10885 3684 660 9756 14153 18082 764 14483 2454 15516 14293 10797 15179 12509 7970 10213 12904 12342 6586 5447 17778 8241 19441
4230 2537 433 11463 5309 13747 16352 6726 4881 5023 7783 18735 16075 4653 5752 4925 15048 9727 13929 8391 2360 5250 16710 19726 6258 17323
15569 16096 16922 3506 9096 7073 1212 11669 11605 498 6832 14234 17650 8724 9679 8324 1270 6607 12139 16729 16761 18446 14446 5886 75 7879
108 10741 15869 17920 11616 9886 13978 13673 5892 8264 17517 7475 2626 15816 14275 16478 1293 15368 7796 137 7086 6506 16299 3554 17030 684
6010 13836 12740 5594 9189 12671 12701 9888 7458 14153 16068 5607 9726 13269 18430 5396 202 19229 16054 16545 18451 6795 10065 11891 17889 4696
2605 4311 7183 18448 12556 6828 1054 8218 7193 16103 1065 10212 1455 13625 10452 15729 8247 2648 2446 9884 12536 16786 17252 3227 13376 14897
12526 18417 6962 15337 5803 8014 5828 1299 9665 19084 1502 18410 3718 12167 12582 4617 1129 38 14435 12927 18540 7733 3189 10210 12478 14941
7476 2984 7733 11475 7704 10261 17484 11802 19038 13764 17404 17759 346 919 9351 12184 7148 14310 19754 11060 12378 1802 9894 19776 14811 555
12826 3021 7215 7862 12073 4677 11306 7347 19924 6517 6354 15342 16571 1442 10745 18173 7378 10354 17635 13139 12112 12927 10402 16151 18082 10821
15117 18840 19115 11256 18891 13224 13357 17441 13620 2054 16331 2356 5037 16824 6337 12693 4407 16883 18528 4997 7474 11975 14352 7372 10999 4553
8192 9512 7064 14705 4023 6176 4386 16386 17161 16617 15897 19498 5022 9806 17849 1007 14782 3867 10071 4052 11026 1845 18662 4043 16556 16397
1977 5858 17385 2633 7046 6595 13445 902 7682 5993 13124 19388 12223 534 2007 3619 8736 11133 7132 7028 569 5775 17072 18843 5863 12813
12116 14562 13261 7216 14611 18827 12541 15040 19162 16784 296 10770 19863 12833 8653 8577 5566 8142 5167 4198 6914 15385 6942 19452 14628 1966
15063 15448 5577 1935 7093 625 14289 13425 8919 3702 19796 2330 17245 13629 18659 9528 6302 8187 8338 13681 11431 15446 2534 8839 909 1854
17942 8805 17586 19971 4888 4508 12206 14522 10110 4861 11094 16478 12360 7467 14730 13809 2036 5525 8253 13176 11437 17512 16919 7383 16418 7513
7228 2223 9998 15314 4744 8431 15356 7675 18776 9846 4241 6195 11061 5978 2257 6421 12105 5327 6713 12354 14794 204 19562 5611 891 9537
13035 17387 17235 11717 7390 3701 13419 5565 6836 19198 6123 1251 12973 19568 15547 19167 11939 12077 2183 12520 11916 5808 2745 18863 19312 14000
8886 9032 86 9525 3619 18009 10478 6908 6654 13263 5860 7077 18705 12952 4945 14979 7163 554 10374 3296 596 8294 528 17196 10838 310
16572 9088 6129 2521 9849 18669 17960 5095 1336 10000 1394 16582 19055 4844 11479 8232 3370 17825 10334 13658 17712 11146 8313 1750 8260 12662
7931 17156 7858 79 19412 12222 1960 9305 9267 19304 17418 14624 5953 16248 2 886 3755 16056 13075 11457 19823 9491 10007 15510 18118 17272
18152 1715 19082 7456 18003 4619 13691 17932 9875 12441 14884 17316 12681 8478 18069 14302 19158 18924 157 8953 12646 16598 18805 5596 8050 6842
14757 2910 19586 19096 3883 10315 15795 14130 10334 4012 430 6948 16377 7948 19898 8523 345 210 11006 10284 14334 5388 14293 4755 13187 13637
8991 8928 18197 10402 2282 16329 1773 17089 4741 13508 14251 1431 19139 3265 7498 24 10020 63 17506 13174 5439 757 18010 2908 5150 16412
12536 9440 18127 1925 19901 14443 14035 18046 5824 7945 11666 9626 13113 16738 17550 14816 6242 19500 15766 19759 13749 11794 10542 13039 3969 17690
2899 7283 19495 6603 10655 9556 7698 17749 710 5873 12618 6601 14252 13276 10006 8975 1764 13423 15863 12518 12336 19131 67 8448 12936 18864
18321 15620 3245 13424 16688 8305 7463 16010 2682 3552 3720 14411 7985 14719 1903 6172 11763 14443 12559 1935 2022 15875 7141 16647 11809 8822
4788 2513 19361 1204 18744 16583 3761 1256 3860 10635 16626 9759 12518 14564 2849 6602 1285 6117 7440 9386 15434 9053 3341 189 9935 10202
16357 4744 17068 2999 5931 19339 7590 12871 14712 1440 13319 13875 3962 312 3964 2249 1787 16189 19921 8660 8375 16348 11804 14006 11294 16541
14940 2103 7908 11625 5213 3934 6318 11811 10191 8583 200 18876 15072 7504 16711 18822 4387 1647 11422 8470 10203 17505 13180 2564 15204 1620
1625 10782 9131 12514 6343 15273 15338 6191 11368 16296 570 12629 2402 5182 8614 3488 16838 2189 3324 19163 4341 8368 9677 12754 7297 2301
13849 19223 565 17216 11802 11572 9205 12564 19743 19367 3523 15963 16073 15863 17337 18760 19037 5367 5508 7463 12976 15198 17198 15392 9296 9002
12753 17227 621 13430 8472 9992 18746 7330 4154 17580 5276 6150 9993 6341 4702 386 17951 16378 19222 10382 6963 17787 9169 2363 153 9286
15808 1257 1863 19832 10680 8094 14396 2433 8485 9234 9543 17909 868 15040 6786 6821 4644 18991 6748 11620 15439 18351 19988 18899 18174 7356
5207 5682 10025 3170 10636 10083 14021 8922 4637 2157 18069 9467 7528 11056 9473 9784 11526 3435 9311 4055 13652 19908 3707 2030 1944 3869
18828 3969 7552 9818 16116 16718 14118 10480 16935 4464 18429 3142 9370 5498 9865 17556 174 10631 9807 11408 12581 10941 3623 18448 12226 9001
7219 3530 11031 13838 3088 3063 7878 13109 16109 7443 9531 14709 6658 1448 4114 17582 10060 19424 2958 17044 2220 13004 10421 3957 11524 8715
12012 6512 9964 14162 17210 6630 12214 548 5580 12763 5224 7230 6607 10392 6373 986 10974 9164 6289 14440 11819 2883 9789 1852 18734 15044
7378 6816 9762 14634 16856 19093 14229 7794 8798 5525 17241 18028 3292 9047 785 5376 13365 14152 17949 13660 17062 11790 4626 9704 15942 5863
9439 12277 10956 16203 7447 3356 15433 8732 18096 16046 7855 15566 11357 7 17052 6090 7912 9014 12895 19177 290 14350 17201 11075 9286 17627
14674 8532 11080 11623 4188 10104 1525 12064 8149 1291 9895 7484 9097 12500 15123 3404 5293 7964 9355 2852 16236 6305 17753 11657 14896 6065
10742 18930 14438 8275 8678 19339 15801 7787 2077 17634 16844 10527 3961 1907 6111 13968 15172 9173 16083 13679 8965 7563 19352 8365 19203 2367
7573 14455 11026 356 14109 15764 19284 1884 9654 838 867 7695 10146 11601 150 11906 8639 2367 9952 14408 17507 14123 7543 6273 15411 10693
8743 16121 19316 17748 15311 19123 15133 12363 14432 3743 11657 5112 14208 1070 5031 1437 7073 3897 477 6584 14774 10542 18548 11623 5235 7329
19286 4298 12874 697 18370 9823 8367 3405 6982 253 10797 5540 7105 5588 13394 6000 14001 6356 12505 8676 3944 6576 8897 17761 9832 11102
5251 5307 2662 405 5278 18702 11497 14704 6765 16123 5220 3348 11875 15766 10648 7067 13186 5077 18944 14686 2265 3704 15277 14342 17576 10964
14898 18306 4909 14438 12204 10684 13590 16769 4512 8826 19746 15596 11988 12969 6303 7724 14492 8559 8843 3649 1752 10655 15599 14608 10353 6929
14869 6796 8153 4229 10658 12547 11209 7282 15211 8235 14602 13248 19638 10739 9455 3311 18378 19275 4029 12588 14044 14988 6425 4390 19273 10471
16481 16590 3401 6443 1615 15766 8059 13238 5314 9396 14826 6970 7400 13623 12884 11998 5487 6212 3683 3662 10798 4659 19595 4916 5946 15896
10067 18784 17038 6350 4195 9268 6150 8903 12083 5202 7080 12871 6029 5239 8708 17155 2910 17458 11357 15507 1649 18061 16816 19595 14831 10501
2336 11077 5864 16911 17530 12426 10913 1190 16616 13338 2095 15693 2499 10958 18534 14888 11772 15370 18541 14045 14717 6757 14177 2014 3114 1542
15518 6754 16030 10329 18002 6183 9040 19346 19943 18997 4086 7261 17369 12456 763 16321 15078 10396 6609 19716 11433 5437 5777 15800 549 18250
13757 6213 18241 6862 14460 2671 9646 10485 15958 455 11 16876 14721 4675 15542 14877 17433 4069 14850 13834 12789 14236 17878 1283 10437 16280
13539 14882 17558 3360 4865 5587 14481 2800 17085 4917 6666 19572 1820 5673 11038 10588 10213 3342 179 3513 9364 15463 17513 11771 8038 12394
16487 13091 17995 16299 329 7132 8527 12455 6608 7399 7213 1134 11897 2117 10787 4689 17687 8402 273 19987 14641 14760 16510 17294 19170 12642
1066 10793 19043 7684 18098 16390 17889 5925 4210 8852 3708 16286 11111 8666 15528 8722 9170 19695 5025 3073 15165 10216 10600 14322 16979 13069
14467 14399 16239 14294 2792 12865 15859 15246 19478 19802 6180 12929 4420 16093 14174 7276 8028 16701 5448 16725 14489 6870 15540 15776 3307 16453
6246 4720 2592 3839 14463 3101 16937 17143 13208 2310 4187 12424 19412 16048 2469 14669 19357 15262 4851 5180 11908 789 17043 16251 11405 9142
11773 14598 9741 16016 18284 7816 14294 10491 756 5215 14999 16549 6369 5841 18884 19273 15107 3773 16001 17789 6018 12802 10313 9529 19738 7538
15059 13666 8541 18971 5861 4122 16133 1283 13837 17707 3411 10471 7842 12217 138 9853 493 74 13237 36 8850 6611 18587 13933 6848 14117
8542 13916 9672 2761 7049 17496 4030 13943 16846 17555 7595 18973 9590 10456 12864 10653 8352 2167 2595 1457 19058 12228 18175 9101 4935 11866
4401 10896 7678 12782 2844 652 2582 18811 17091 316 14435 2356 11777 8561 7875 5615 12438 9493 8544 13156 3725 4816 7846 11346 17646 14355
13348 14001 3531 15595 11578 7095 11400 4956 5699 15885 17794 14487 12218 14512 6170 5915 1706 708 6137 17266 6719 1256 2515 12150 14510 18646
3419 13424 10021 8542 7127 13706 700 14977 7870 7741 6953 18688 5625 1057 15002 13961 3166 17744 6073 3640 7810 2550 4793 16431 2730 15162
10839 18867 11819 2534 18792 11826 10987 12043 3815 15720 11837 16010 9445 11349 9715 17781 17477 15022 11078 15633 16841 1777 19164 7203 13290 2355
7471 16298 16587 14950 9140 18273 15467 1548 5769 5252 8291 6914 746 16662 4480 12760 7328 5724 2526 6691 10186 11527 9604 6055 19510 18821
18189 9468 6141 12758 12871 1715 16579 19435 325 17313 19718 14566 5935 15623 3459 3787 11711 12295 18371 9141 15763 4881 18795 7421 18550 17104
17691 16056 12315 11478 217 19651 6450 12684 18987 4241 17699 15075 8065 1003 11532 9284 19604 11840 1746 8867 19044 5724 7327 19165 15386 17208
1629 4313 13386 11525 19049 2945 9495 179 1464 5085 5480 16572 18992 18509 3704 4840 19663 19327 16867 15054 1803 2796 808 11520 17816 18676
17259 3424 3827 18281 3796 18074 9187 7464 609 2309 15993 10230 5437 6070 14015 13717 6553 14068 3092 5069 9063 9974 370 19460 15120 3358
2207 7936 11254 11093 13419 15868 18282 16395 1057 6237 6212 13196 1090 6582 1460 14960 15660 4057 19040 5655 8796 3057 10788 1791 2119 12756
494 17868 10354 9498 18068 5072 8823 13392 15738 5393 14464 7326 14771 15458 4324 5306 15961 12074 13358 6313 4613 4133 17651 7018 4734 1235
3954 2848 11607 12159 15763 19927 10105 19986 14203 16439 4261 11070 8810 10636 15752 16236 4063 4577 1912 7127 15540 10168 7037 6284 7139 12017
10224 1244 8946 2059 3043 11035 1707 11714 15385 4803 1741 11492 12041 2926 3063 1989 8996 1185 6109 2486 13257 17025 11153 10112 19988 15615
13914 6445 14267 3724 3767 8692 16375 14731 14060 13421 11177 8576 15115 18983 16792 7044 1374 12043 8165 19560 7192 18374 6521 19115 319 6863
11089 10301 19771 15700 3656 18658 14189 11720 4005 15066 9851 4066 2086 240 14405 13774 8967 14582 11247 16507 6591 6686 6965 606 2002 11459
18191 1660 1580 9090 11427 14931 5229 13931 10888 14903 12391 15974 16150 19920 15786 1111 9483 7861 13452 9700 13259 18798 18236 12521 7470 15492
1275 9936 12168 870 4627 2920 19940 10383 17400 9840 18780 14583 12616 16767 19721 10284 1384 16788 13960 18367 7729 4271 18424 13007 6854 5437
2181 9906 5235 191 1729 19148 940 541 11714 5010 5228 1427 7088 11152 13652 6994 4427 3392 2588 8757 5610 6656 10792 17954 18675 11335
1358 16831 661 1308 5855 19054 13364 7614 7234 8997 15389 6776 14963 2627 1976 14938 4900 10479 18498 3275 19438 19913 16620 3217 5551 18081
1110 2738 8876 17829 7851 9907 17649 5636 13669 19578 5341 13058 4214 18476 1774 17602 3035 1117 12937 10661 15070 16781 962 16852 1266 4982
5270 7906 106 1698 1349 19019 17412 15206 293 16277 11324 8774 7950 7059 4091 9592 3572 4789 10136 19745 9464 17881 19614 8834 13654 4042
5811 19323 7602 16745 14058 2163 14664 2171 16087 7509 550 14983 13298 19309 14912 12051 5278 8054 10254 14765 11848 7062 4224 19994 14010 7668
17890 4054 4708 8082 11886 6568 16134 15338 1445 775 17668 8303 10761 8644 15719 3115 16357 7539 8615 6206 17754 6078 592 16600 5614 19959
1884 6189 61 1555 17806 16242 7448 16057 14629 6963 1107 7400 10091 19984 9128 3884 6640 9234 6454 17908 9586 13434 16973 15421 5666 11304
16227 8290 2919 6623 12136 4038 12933 13428 1708 15480 17113 7930 1992 15055 7860 8447 14848 1143 16692 8306 16845 1935 9766 7394 11216 12984
9544 19012 1495 17717 14275 10487 7362 9890 12450 6410 3232 14000 12427 16735 619 19658 5260 19177 11269 4291 13168 6983 5628 2665 7913 12078
8822 10875 17725 19258 1720 11448 11497 15872 17842 14710 2960 3339 6188 15393 8676 19801 1951 206 6378 1805 14968 15176 1766 3697 19619 1688
4353 917 18647 14414 10120 18321 14330 11365 19175 19799 9073 19975 12836 11016 19547 11773 18437 9235 17671 16263 8128 252 13747 6270 4304 1720
11541 8771 5283 9965 13363 17118 9917 14051 14453 9908 7282 6325 9119 1543 3133 9203 999 10214 6453 3491 7241 10950 891 15615 17440 6506
4638 8675 14059 10625 1285 12332 5632 12722 5802 15562 8339 14 5005 1999 4952 516 16234 8278 16096 7683 7791 12047 17621 7295 14248 12823
11463 6100 5635 6387 3406 3358 13702 669 18843 1724 6814 7269 9220 17950 5401 7176 11985 2446 8498 8509 14303 5536 6365 16910 19357 12903
8474 14011 8039 19089 4999 10477 9208 17323 19302 10475 12983 5669 19521 16925 3815 19346 7032 10352 12332 14772 1365 7087 925 15525 5475 219
8114 15649 13738 19940 1003 12006 16037 9693 13341 16367 13112 363 12461 6542 17661 3406 16399 12549 16610 17392 6159 5444 8743 15450 16878 18980
15031 19771 1073 14187 7629 19437 13311 1026 18316 16236 18573 6308 5472 9878 10706 19647 2044 7503 14159 16030 7349 4462 4905 16865 10633 7809
11225 3726 2073 2266 4472 679 15152 6012 6285 15221 13769 460 16365 4123 14583 19554 600 2078 4754 16376 7900 9482 10085 15585 4708 9884
8375 19786 7448 4073 2901 2071 5586 15760 3474 17931 4697 3304 18042 5297 8529 5347 11976 17769 9194 17837 13434 12251 19645 3974 16786 9553
14071 9837 5137 2777 9357 15465 1652 10404 10550 4134 2294 14418 12911 12047 18558 4625 5720 7119 10784 17558 4506 6261 562 7283 3265 11739
8557 17247 12832 19491 3838 18887 1735 19065 19287 12679 10469 18140 15007 17849 9636 15927 639 13959 6011 8076 2701 4961 19722 3881 8744 11767
3614 14181 14040 19747 15959 14681 13446 8049 4267 156 19977 8721 2396 11577 6153 2117 14491 16201 9589 10579 14895 18862 16735 4426 6365 12393
1268 9980 8265 4747 11524 4253 12492 451 7886 1407 10474 12364 15246 1004 13632 17099 2340 7581 16340 18745 5036 5091 14420 5438 18517 5011
17166 1989 4040 7238 10723 376 9698 18638 9557 8524 15782 6356 18431 5681 19484 1130 17025 2601 10006 10313 4368 6526 1693 2784 11694 6259
3781 19587 2655 12399 19790 1466 7147 13855 16088 12526 7842 18699 19620 12771 13331 19787 13981 76 18995 5459 14776 13897 16058 3737 16508 14345
3395 7003 1527 10382 3957 4748 7696 17896 12773 4929 5129 4394 14637 6659 640 5773 5147 16929 12394 13121 8647 13525 15990 6247 6081 10551
17464 495 7211 3464 966 2545 10810 1209 18926 18824 7012 2970 16472 15779 5525 10251 11831 3206 8174 6178 18946 13197 12673 18727 253 10959
7463 19212 17708 13505 19493 13866 10415 14536 14815 14815 279 6487 10865 6563 3409 117 9270 19724 13714 8259 11274 8263 4680 16385 11127 8621
9833 9486 14456 16161 5454 10438 4006 1611 1178 15360 18814 1064 7127 12998 16527 9586 11823 13242 4504 10736 15224 5649 16002 13490 14849 10233
18980 2537 8345 9077 5870 10362 1629 5757 5033 9803 577 4632 18923 12868 15132 11164 7001 4075 12123 8279 8607 506 1032 16576 6245 15107
9648 19101 14655 1064 12955 19133 5614 9990 13672 9084 15844 8010 19891 2817 12366 3038 9151 10745 11402 6071 7794 15824 17264 16932 2088 12128
15790 117 6080 3288 1406 12442 9380 13692 7741 3729 719 14399 8165 14422 4087 14482 3816 19752 17170 15106 10705 9949 17649 15642 5889 7350
11344 19582 18882 8504 14833 5727 8993 16944 1835 19197 6952 103 8368 15380 1341 18951 5427 3334 10868 6214 6386 9726 16011 6729 11396 11134
13049 8920 12448 15014 4518 6405 3535 5807 13568 18382 6100 15822 7105 16716 4408 3309 5510 13329 11301 18119 17137 14954 1568 9801 2112 12671
13963 3188 1586 4066 68 1 13706 17573 5544 9461 19980 3491 14906 464 6311 10029 3577 16681 984 14512 12228 809 18709 19064 19826 17627
13309 2635 4075 16539 10946 2241 9399 3383 18279 2380 13632 15176 4847 16323 19613 14831 19219 4240 8919 635 14252 5598 3949 12758 10952 8020
7036 18575 6944 9399 6106 11338 10489 13098 15697 1384 18608 14745 319 19070 4636 19295 7199 6321 3219 19061 15476 10630 6368 2111 15274 19033
13123 10259 17970 18520 1304 15993 15175 19938 17652 13021 17546 13334 12360 2500 12366 8000 12558 19048 9796 5771 11594 13357 9873 14267 7173 14131
13521 16260 6741 7222 19692 8009 5328 3495 5555 15084 3901 12717 2018 6248 15258 13868 9213 10071 1523 14276 16643 1853 15381 147 17912 3834
16123 19881 13703 2178 13541 7336 18459 2360 16644 8044 6597 4245 10049 15 1063 2691 860 17395 16055 14494 18180 4740 3932 10400 3403 14458
5702 6922 19198 15125 13918 18597 12557 15323 1926 6299 16970 8303 13017 18216 11407 17230 8527 4649 12130 4700 17543 3362 16788 1938 17641 8106
14282 11181 9749 14976 16238 3077 3915 10865 18048 1935 14651 18665 5519 17425 10658 8772 54 5858 6347 5306 3873 13526 19937 5986 1057 15704
7375 19268 2894 13426 999 13662 19028 7769 261 6499 17056 12559 483 9049 619 6410 4377 7514 16488 370 1171 14058 1427 7806 15019 6032
676 15412 12005 2230 3524 8251 17471 16657 13003 10284 1473 7986 14445 8490 8667 13643 3115 6815 5651 7802 4265 5082 16136 4570 8423 6391
1869 8650 928 358 8954 8617 4930 17804 4538 14845 8963 14330 17773 19414 15364 5995 11043 9897 19933 16175 13471 12084 10957 18466 19620 19073
16044 5590 19199 2624 10926 12612 10171 11994 6496 19740 10265 3028 9840 16468 16490 6748 10614 13060 16924 15431 18603 6973 18744 15954 12415 13083
6734 4070 17213 10622 11871 497 19394 13741 525 11197 13964 3008 19485 16919 5937 12358 8081 10351 7628 11529 2850 10917 16752 1847 3119 11052
14877 420 15699 12923 3166 14266 12103 14294 4349 10673 8018 5326 17965 13614 5784 5637 2397 14703 17199 3963 17299 4655 11652 18932 782 18854
9892 9690 789 10538 11434 16879 1692 5976 10281 9966 15662 8834 13035 16319 9144 5012 3372 238 12722 17218 15004 2470 3722 4144 15807 14422
15025 4359 9226 17126 13467 11119 12640 18140 11556 3990 2647 12509 298 5274 6308 12321 5071 2406 7645 3902 16027 1798 6344 12033 15468 16450
12922 18038 5153 4282 1119 576 13641 12347 15475 11043 16624 6960 12180 1703 2492 8693 10820 15366 6718 9973 13038 5929 17014 15934 4767 11123
1184 5903 18029 11541 18258 7943 19543 16362 9266 10286 10908 16703 8911 9762 3660 4721 18752 5604 9042 14386 6341 16015 13439 15136 18750 6769
6752 7509 4635 7143 13637 6184 11560 14012 18884 10945 4676 15731 18680 12351 6833 11782 2644 18408 14764 3066 10238 6066 14797 18880 11893 3160
5137 19574 5582 872 11762 6719 19786 4258 1846 10961 19555 8492 2418 19716 224 4512 5668 8940 4227 2239 10193 3878 10378 14686 17631 1410
2607 15013 8139 4892 9969 4650 8599 524 13926 15822 3588 17517 19045 18902 17419 15767 12788 18459 17685 2200 1790 8912 14819 15899 7308 1053
9413 14126 15661 9192 7812 7814 19094 14279 7813 4594 12330 4589 3865 16434 16036 7153 7010 19281 6816 15172 2254 11014 1537 14982 3594 19911
2894 16564 13340 9668 8919 14583 5231 9882 11265 16708 187 4582 1371 8545 13315 12528 4725 10826 13044 14059 5251 18607 5944 7895 5614 4905
14860 11959 4317 19637 17428 3494 2469 14411 8583 7979 3440 8835 4977 18691 12244 8371 12327 13038 2901 19809 3486 7848 19078 6516 10752 846
3975 5054 14268 19837 12710 118 16717 1426 2046 12938 2446 11931 12598 4593 2287 8818 4186 1243 9039 10043 193 12012 12993 3505 17016 1957
16738 18962 4919 9102 16320 4362 8984 19471 13232 12711 8422 3720 844 10724 11829 12543 15917 18287 794 2783 12147 8600 17547 14398 2501 9363
10539 8876 9091 657 10861 14532 15458 5241 3950 8025 5467 2790 3767 17879 1703 6331 11540 10070 10951 14658 12940 16245 2977 13641 19948 1326
14018 12205 14153 18542 5292 13436 2586 29 3559 8465 1060 15924 13856 15600 15578 11964 3062 15198 8308 11050 9785 8663 8759 6214 9118 3803
17587 14144 9873 9267 19148 11357 7511 9438 4105 9556 19755 11256 11577 18002 1045 4372 9410 14096 14254 14490 2144 8221 14043 12154 11040 8289
17180 8411 3978 7759 1414 9625 15893 15954 28 19607 15588 4160 16482 11363 7552 7152 10414 17338 17859 1485 6758 16927 13855 16428 1609 15507
13830 19751 302 4984 15735 2938 17524 9399 15644 14632 12485 18759 16641 167 5125 5810 13620 15247 920 11141 14900 8705 19860 613 3675 14459
9887 19692 4286 4595 14209 11442 17898 2731 16701 3930 7610 5117 15927 3767 11732 8363 12307 2155 26 6088 18123 16315 3833 14656 3591 1178
19400 10659 15736 7747 15842 15135 14956 19917 8425 14059 8214 203 15460 3300 11832 11934 7131 2832 15385 4536 17821 12493 6162 15758 8750 6345
17709 5404 3268 9220 4585 10081 16810 2445 16848 17322 2657 2005 17199 5582 14036 3181 12835 4477 2229 969 6983 11869 9498 18134 3124 4134
3579 5053 10116 14708 1479 11217 15133 4194 13700 11869 11327 7208 13987 2535 5695 12497 8334 18991 7226 12290 13072 10885 4999 11029 5656 14955
19109 11961 14542 1654 11723 15613 14186 132 15545 5333 3717 18846 18420 11703 218 18439 2035 5483 651 572 12326 13750 788 9423 6896 16378
2710 15288 15024 5012 14049 17356 9846 13358 6746 1243 7507 13166 4837 12464 17205 7668 12634 8248 4862 18728 4196 3330 3424 16793 531 11247
13603 13823 1706 16662 3125 17639 3623 8038 5848 13106 6977 17077 4983 19282 9293 18083 19342 3305 7356 16982 9565 3919 9808 2697 17683 19519
17718 7202 6513 13522 14014 19189 17422 13765 44 13226 5874 19377 15065 16875 4902 12095 18324 9190 18714 1779 5312 12704 8946 70 13674 12221
17872 9758 17620 8645 5560 8084 420 8733 1438 12935 9337 17880 14150 13168 6512 15930 9636 9788 11021 11834 9801 15360 13590 13710 6577 165
8409 9199 13024 15917 14181 1588 10768 11939 11408 15137 10230 15114 17223 6584 8301 12145 961 11756 15104 381 5076 14583 139 6103 2490 3598
8934 13550 11425 16801 7124 11441 2046 16419 13222 2402 7978 14755 5357 12383 17351 8261 13837 15687 18196 15196 18996 6438 10368 7343 2862 19118
1704 18135 5678 4768 9352 9292 3116 19081 18372 8429 10034 136 9906 12404 4341 7932 3523 16318 1536 12677 1743 2589 5788 4712 6971 4113
19329 10372 10718 2765 18208 8842 2652 6196 14353 1104 2021 4899 965 2911 16117 11298 780 3171 8334 19886 9423 4845 6412 11350 8708 13419
14805 13625 9113 916 1248 9243 813 13577 7946 12292 10648 629 493 10953 13949 10168 2409 197 6055 19456 11009 19457 17952 19322 13673 8273
9598 9654 10078 18309 7091 11839 9444 11697 5635 6536 17124 13245 6442 9809 544 17269 3502 6445 10523 10447 7540 18133 4985 6347 7859 7683
19494 9048 583 2387 12765 9045 19008 7591 5715 487 6790 710 13897 1976 13004 8755 1889 14641 5237 10850 5645 8432 3427 15194 16262 8974
7441 12970 12420 13371 10347 11746 6878 5781 7093 12179 16218 4285 18293 8492 8186 16008 8328 12669 5125 16457 10240 12096 17840 7855 11682 13437
18566 1479 2745 17107 8407 7651 10405 2247 16515 8406 17954 13270 3257 18032 16265 9562 5074 1598 2224 18877 7697 17885 17549 2450 271 19914
4195 187 5232 10278 7518 15003 1111 8591 2733 7064 19877 14447 18958 6422 8231 18761 4980 15798 4516 5372 18178 8428 2722 5260 15379 9384
18142 18034 9570 15033 4422 4391 6443 7042 6868 18142 5180 12722 5052 11375 856 13828 12810 11169 7672 13890 3526 56 15933 8871 16107 4658
13200 15001 5718 19156 3545 9247 10293 13006 11195 11903 9257 11847 18331 11547 8468 9612 13193 15137 17894 17215 7274 11314 10492 19015 10759 6945
6003 1967 10806 4454 1665 7992 8362 6787 19780 15268 2513 3068 13075 19380 8063 10003 5758 14490 9507 9238 17578 14666 17940 6943 287 13329
5151 19111 8621 5287 6581 19605 13703 7176 12501 7702 15742 18188 18979 8239 16821 9160 13175 15132 9802 10008 11446 5703 6271 2881 18817 18128
13417 8889 12271 2821 1978 1382 8880 2263 2295 15396 7225 7224 14600 10265 1897 301 2101 3092 17811 18444 12247 8783 5132 5735 4027 2524
19971 724 4519 15972 5373 6397 1804 18889 2715 7549 3430 13519 7522 2410 12795 9456 3012 7650 4467 9206 2607 13386 11423 12280 16946 6090
8816 16281 12328 14330 16944 19863 10173 16223 19485 12722 2667 13574 3757 19119 6588 18493 19262 18662 3421 7060 17431 16011 11414 19557 5920 15771
3691 16886 4835 3972 5476 10157 10302 2220 2274 5183 19156 4686 9636 258 1413 17165 19874 7126 12626 4275 3464 7546 4846 1652 18837 14488
12055 4292 308 3496 17402 7409 7286 13459 18928 12606 4633 19076 19880 17317 1074 2746 2302 5414 5554 14299 14479 9714 11842 1838 13915 12480
8932 6505 16107 9904 3985 6574 7184 589 14900 7722 15272 11875 8058 7721 16511 4501 18380 5088 8067 3211 3078 2043 1632 3426 10520 485
3908 11084 17472 12466 19105 2144 12146 4043 19203 4533 7023 18456 14207 9551 5582 5817 17607 8485 19213 229 1672 12901 2721 16322 15192 2741
7894 14025 8665 19402 12078 8041 9275 12234 1283 10766 9826 12863 16811 13889 14917 7170 4719 14736 1522 3939 3380 16263 15647 11368 7400 8530
14332 8007 8925 17952 6968 3473 2066 17467 9305 10477 957 17668 13555 15952 206 19344 18476 6206 10248 19994 13108 9589 6616 18970 8126 4313
17589 14165 7163 10330 8089 9475 12425 11100 4335 4229 1942 5461 11097 14191 8284 1784 23 12178 18866 9871 3671 18204 13325 3990 13603 5995
5571 18101 11928 2666 17831 12358 12627 17487 17375 10977 3894 7898 434 1078 3999 10553 3293 8934 5850 19272 446 17656 18962 795 3061 7032
3461 19358 208 12837 7674 7763 7263 13137 18201 7018 7446 18877 2558 15673 17184 15425 6153 5242 7608 12574 254 7971 2473 11077 7690 8505
16904 16132 8094 17260 14726 17422 8051 12132 5800 6319 8411 4136 10058 2318 8395 5178 4702 8436 160 17990 8732 6588 85 9587 6493 2446
245 15043 15503 1957 19154 10708 11162 13147 6830 19788 15830 6070 997 6876 12073 19097 9946 7617 3460 9053 19672 10088 3859 12777 19754 12864
9038 9746 1 12219 8486 7210 15496 4249 760 3144 8936 750 18702 9298 2355 12546 6783 17630 4958 779 14473 2550 10460 7007 19471 2822
7681 7107 18031 14413 3274 14193 1612 5497 13667 6978 13940 7143 15300 5238 15975 4862 998 12063 15092 18670 18331 3481 16165 6792 19780 16266
3226 18128 9373 17843 4701 15512 17194 17648 9821 2238 1805 16228 8022 4767 14466 17413 6864 13874 12821 11637 9346 6464 9668 7982 5781 2867
10387 2377 17459 829 4639 4607 4655 9761 12719 4861 4313 11345 4768 18222 4822 11335 11813 18098 13539 3812 17757 14787 12085 10173 2637 10406
14951 14742 17833 1790 1805 7072 13851 19130 16535 7026 3833 16323 340 14524 11390 11291 2256 18269 9800 16618 19354 17019 4236 7139 2168 9595
15381 3131 14679 5476 14008 12701 7947 2047 10124 13780 8638 5555 16275 9970 5587 18699 867 3048 16849 13653 5124 3830 2167 13211 17235 6423
3069 9299 8967 16046 19386 17391 19342 9939 11014 7364 16588 117 1750 19995 18666 9865 1888 11729 6306 5705 4673 15731 7896 5905 18476 14977
12370 17133 6873 1404 19074 18969 2300 16290 8186 11375 1811 4407 10039 770 378 2430 14125 7653 11824 7732 11630 8160 17654 15186 13474 8142
16178 14593 9021 13063 167 9567 12173 10840 557 4926 4384 16906 14087 17019 10649 659 1484 8917 5347 18622 14342 16542 13199 5454 7794 14912
16658 13428 9558 14549 6666 15566 13224 10038 2543 16877 1077 14337 6991 4004 613 11751 14682 17531 1494 2157 15788 7304 4307 9443 10523 17054
1624 8571 18174 1739 6783 14158 9368 1194 699 10936 14789 15477 8785 6306 230 11343 19954 2483 6775 17751 10501 17428 10698 15525 19497 19977
4420 19735 17189 9542 11071 10109 12315 10462 996 3863 14636 8 10296 12056 10149 18227 16720 6395 7230 9795 4427 9222 4100 19686 5623 2669
1640 3964 8311 6084 4373 16020 10777 4168 7161 12112 8341 5997 19577 16434 17104 19797 5772 6664 9622 5355 1901 1432 8733 710 19557 17339
2703 18700 2463 629 14443 5135 15975 3987 10440 7952 537 14956 9419 9617 16450 18851 18764 10063 7115 2777 1802 14358 15645 7221 2879 936
7492 8087 10646 12899 16569 8417 3755 13112 1594 10190 6340 2729 8195 16131 14683 4033 9533 17545 9416 4846 11204 6880 13630 16042 4487 1677
9349 14934 14059 19206 13739 5749 15592 15024 11668 19567 3240 4293 9843 19379 13198 6271 4613 82 6917 3198 19497 4830 16504 1323 16689 16451
13086 6219 10979 18676 17707 17731 12619 17928 7061 1811 18859 9395 4755 10107 11791 11061 3105 16683 6127 14603 715 18868 12634 11580 7343 6767
968 12556 13122 4564 17771 2900 2698 14298 13626 9805 13488 19801 8294 15222 3437 1094 4011 2075 96 4491 3411 15397 5155 916 11380 16051
1138 1839 9808 14544 5353 9991 1395 41 6054 9479 19956 1894 11605 9751 3771 6540 2755 6456 9792 12917 10821 7754 4786 6121 10957 8356
3856 16376 9449 14825 12203 18006 5692 12419 829 10601 14614 208 5799 3846 2455 5141 7671 3806 16337 1118 5368 2694 10098 9577 10229 19041
9790 9164 15832 7694 19546 9146 10845 19955 2556 10059 9973 5586 6439 19485 614 355 17714 14836 118 9868 3108 10076 12350 15898 19570 13841
3961 14741 9563 3301 11363 3532 5251 19077 13614 1435 3480 2885 4146 7734 19983 11104 9541 19613 19812 1161 1853 3953 9292 18061 9980 9392
13518 11586 3640 8800 17102 12157 9691 15765 14631 17746 14478 8006 5575 15054 12421 18625 10056 18084 3171 10421 4748 6959 8371 13059 13815 6173
10788 2408 10886 37 10266 3727 9863 19391 1606 2036 10707 17715 12206 1350 2651 2543 10291 15469 997 4618 14654 8 16311 6012 18844 6176
12270 15920 13338 7734 3077 9245 1291 11266 19352 18987 19317 10143 12646 6511 6047 3281 18586 1004 5984 19523 14356 9984 7921 14692 19014 3280
18656 7596 5667 3427 16435 8031 13341 19896 4496 1740 12407 17509 19195 12479 11723 12732 9609 14483 17093 10170 3405 628 1888 845 9524 676
14056 5588 15568 18046 1051 11491 17976 4393 18388 8772 5386 1922 5193 1987 17398 5929 8799 10173 19334 11436 6367 465 19396 4730 15062 10289
9252 15527 19472 13452 3876 5132 3493 5537 8745 17243 17044 7225 11943 18730 5304 10218 16222 519 17895 7320 5757 17223 2099 6999 10426 7591
7194 10167 3270 12682 12362 14707 5633 5559 14237 10022 12224 14080 14567 802 19485 6437 15589 9236 15909 8055 15985 9173 11024 7411 14324 4243
2999 11624 8219 5346 12216 19898 15181 8804 9244 2415 8346 2648 925 1464 4598 13490 16447 17683 8792 18879 15217 2471 15792 12418 8515 4775
11577 13355 4953 14036 6521 10661 14124 18812 3787 16010 4002 646 5171 19854 8356 4676 3775 495 5716 15083 2806 5359 7089 10571 17052 1167
16686 9114 6521 17200 14180 65 5377 15610 19850 14476 14776 14485 19792 3781 2422 10005 15835 10900 2250 17865 13212 2503 3804 3034 3183 15487
298 16468 8032 3716 9844 7351 3311 7781 8290 5917 15858 15256 8285 1888 14398 442 3377 4224 15782 11763 11724 13086 7084 5752 7731 4755
