365
34 53 62 32 10 38 43 2 9 61 1 14 36 15 39 95 83 4 79 8 17 34 94 19 27 97
14037 2456 13373 4679 1874 1054 5643 10507 8253 11683 10486 3072 13480 2943 695 10764 10387 12673 17388 17592 8332 19436 1961 16144 12244 6870
11512 5110 553 8181 16382 13894 9626 6878 13582 12620 12452 4700 19148 14924 18165 2830 18354 12596 2026 16880 950 17801 17057 9452 10428 9858
5509 5992 328 9159 1630 13147 3366 96 18871 11870 9121 14907 14389 6569 10792 8870 7940 16993 7375 16180 906 4871 743 19582 8607 15715
3115 5729 7025 2065 3002 2119 4334 12852 19752 5363 2710 14640 12743 9089 12523 13180 12359 5336 17220 985 2367 10522 19333 13594 7669 10530
11940 14349 18832 7071 12837 17048 17652 35 13523 19348 1093 15304 19262 1859 7633 18824 7510 7391 2027 1613 2799 12134 18683 9244 10311 14748
17245 12485 19454 1742 13248 15169 12381 18537 1425 12624 8063 12499 2043 2729 11883 8714 2678 18146 4842 12737 10742 7215 282 13312 10749 4383
2191 19379 13415 19920 19019 3256 17587 4434 7953 2698 364 4314 10185 9101 18155 4778 18518 11138 13088 18886 8683 12504 7386 639 6842 3997
3165 17647 1515 16022 1599 13493 18122 11105 10816 14461 16473 8678 8897 8923 385 13569 11836 4123 15853 17531 9268 7736 3165 5518 19875 14953
17368 15262 3522 2649 18939 16611 13700 11398 6351 17044 11034 4622 13507 3913 17151 16131 5030 13521 6232 12927 5812 8371 750 11602 1250 3352
7716 19450 16370 17177 14494 11375 4391 11994 1424 11213 9624 18794 6175 5196 17864 9861 1386 9345 15568 16908 17429 19891 5687 11061 19023 9434
13829 3213 5709 5310 3498 12887 12294 9126 9323 3329 5852 13657 12083 4676 14624 14512 12487 16763 12505 4707 16209 3107 9144 3947 8755 2968
9746 8714 2408 4934 724 17452 5968 9306 633 1248 2690 34 14240 7818 14692 19532 13475 6132 16432 16480 9097 11702 16214 1855 9880 6158
13732 15022 16183 17482 3643 19596 5599 15255 11151 11463 12287 6363 11229 12956 6236 9255 7204 4457 4211 73 4555 14601 8849 15501 17613 11567
8977 3499 2807 18303 7071 12200 10937 14684 8424 7702 6138 14127 18439 7346 18598 14056 16732 6313 4265 10211 8246 9747 12056 243 16294 16910
579 5661 15285 16509 933 11190 6697 11167 16743 8549 2934 7431 15963 6982 18499 14992 7433 9959 17689 5683 7303 19024 5240 18657 5421 16359
4508 7567 9381 19957 15582 15866 14837 12371 9962 16483 18573 13563 14160 7542 12495 8591 144 14562 17827 17435 15600 1822 16051 7967 10415 17165
17186 16154 13751 5994 11297 14137 11042 7542 1009 13637 7205 13179 3364 17075 915 6221 8210 12448 11536 14488 7610 9300 18204 16396 15388 9028
7020 4616 11444 7351 3812 8418 10422 10624 854 17724 4275 15100 9336 4150 3796 19412 15015 16058 3275 8807 17777 19263 7891 133 11031 7814
2200 5099 1530 12761 11390 4393 4460 12820 17960 2302 18907 5717 19853 12499 2794 5757 15034 10698 18314 12243 15365 12791 18980 5482 11068 6130
16699 8951 414 5430 18378 19262 16568 413 16304 17696 17827 18874 5664 17083 17117 17660 9908 7564 17510 10661 6461 440 15198 1553 14794 11961
643 3961 9290 6414 10629 11158 11581 19458 17899 8779 19558 12355 6687 1212 15643 572 7022 11167 1402 19832 3205 7238 19229 14661 19986 1664
4921 17486 7291 4113 10634 13493 2743 4482 8040 11927 10578 17003 3571 5880 17445 17311 15552 6402 5862 15169 7537 17644 4674 6328 18094 1817
10827 17400 12656 15942 5298 8963 16113 17571 4505 15384 16259 14606 14491 4912 17184 14698 8005 8428 8344 8414 4566 3365 13057 3914 14370 1150
13307 19771 1466 2061 2043 8015 656 726 7656 15184 16512 19261 2028 19217 18747 6472 7460 101 11438 9616 818 7325 8974 13227 5260 5555
6577 17248 14635 12367 37 18922 5082 7554 8564 15106 16532 11666 18631 2492 15706 2209 1366 8334 4950 6613 1453 12600 13764 3133 8550 18443
7130 1281 7138 14805 10993 7883 6998 13159 10827 19119 13401 17394 15227 5415 13610 2911 5280 18345 19347 8053 13493 2737 2149 11296 343 18696
11519 5966 6405 9882 8961 6357 2177 18976 16910 1785 1434 8297 11567 5016 3366 5427 7116 5213 455 17176 14310 1769 7231 6841 7886 2727
6422 7738 13441 10283 6060 12727 3952 8724 3986 8872 1402 5301 9839 16794 11290 13499 16620 19725 16971 3423 17070 4027 14692 11066 6499 6625
16731 6231 17124 12385 10113 9205 632 13080 7073 12219 8133 13645 3577 364 4202 14353 529 13730 17916 11591 16723 835 14079 18631 11638 10176
4576 273 16165 3909 4617 6769 6909 17827 19933 17817 56 15337 2040 13862 15479 6400 2979 8675 15157 7444 2608 2192 8028 15891 14602 3460
3887 16490 17602 6363 17494 9411 6500 16103 14361 10696 4651 19849 1599 16626 2602 7099 13164 2624 12092 1776 19258 6988 6034 17119 9917 8234
2428 4444 14590 7291 10312 5873 12175 13182 17600 5664 16313 10629 8736 19714 6891 18659 9880 3584 8977 11724 664 9076 8238 5556 7736 12345
2318 6407 7827 7033 9259 6396 13409 1595 16569 14296 19124 7053 3986 6889 1429 16127 5599 12210 11512 7092 14782 4778 17291 2465 19642 9240
13851 16716 15680 19763 4235 2187 9300 11709 10655 14902 345 15318 6203 17612 9669 13630 10134 3718 2210 3187 19739 7389 5663 11099 3519 17446
1180 5212 19895 10948 1798 14897 3260 4791 12030 2290 17162 13424 19493 7647 5748 274 13957 1149 14946 9989 10218 16316 9041 1216 15772 15903
18987 14097 99 17026 18778 14202 5340 15904 19467 2363 5714 514 16653 8684 17381 4195 10938 18245 4987 5711 5016 326 5504 6276 9465 2112
15628 3455 19942 18566 7432 5869 5731 7258 13392 16636 12648 11051 11436 5549 5602 15595 8938 13522 6986 4711 2929 5224 2099 6228 2231 552
17755 2030 15519 19734 1846 10784 6799 16881 2661 11944 6345 8015 11796 16544 19808 829 18726 2210 9992 17392 19628 3302 16356 14478 7593 18062
12849 13042 19071 9099 1773 2186 17602 9066 4121 4082 8750 7658 4119 15938 17180 15751 14449 12301 13213 19975 5635 11073 14270 7933 15318 6849
8655 8473 1897 2842 10708 9502 500 10693 17661 12908 6551 3562 18847 18954 15578 14350 19603 15019 19317 11433 15008 14032 12027 5074 18576 5018
13892 7422 9382 13539 11795 1121 172 8784 17044 3764 1203 6764 7207 8693 11814 10569 18941 9499 997 15607 15893 16031 8926 18930 6186 9896
1645 1275 15892 19300 625 803 17780 8093 7660 11621 16342 5093 5768 8848 8823 16395 11402 9744 17063 5662 2595 15610 15775 12392 15811 9992
2293 15597 13627 14204 3603 1214 5279 9938 16488 782 5922 12787 17435 297 19244 10886 2660 17669 17111 6601 14012 16389 5060 7174 7711 6193
4751 13035 19441 4371 7098 11421 19269 10708 9409 10463 7442 17521 19863 7796 10803 15530 9711 18662 3027 19340 4047 16766 19775 13816 55 4613
1097 4065 8706 6139 14120 5410 1099 13248 1977 17883 6260 8342 19730 7007 16946 1043 11593 14358 4858 6969 7751 777 12117 10861 3306 12690
8974 3451 739 475 6714 1292 4836 6761 4114 12344 2258 16423 1575 17913 10967 8881 3514 14970 10880 8298 9690 12718 17238 16596 11335 7826
6743 17250 16939 13435 3553 15226 9365 7163 5290 16186 3035 1658 6480 10234 1731 17683 10169 11411 1823 13022 10436 574 18142 17907 16806 11928
362 16449 7909 6170 15744 10983 1482 5415 9887 3504 10710 17024 3643 2790 9936 1818 4122 14469 2890 6338 19765 17635 18213 10808 12209 16763
1514 211 4879 14180 1205 16420 18948 2880 8915 2876 895 4649 11097 17979 1620 1249 4937 16973 15923 14288 11132 12126 10156 4218 5425 5258
319 16745 15816 2476 4427 6285 5585 14471 6008 17496 4789 19479 1566 2575 8005 8855 6754 8497 2206 3184 12783 8733 4169 12665 16561 19780
7459 6862 8634 16824 11955 17249 696 14735 12759 1906 16724 1268 3245 1929 12913 17522 3340 6874 16532 15847 19078 14857 3049 4722 5472 4830
11814 9470 13827 12917 19757 15639 3231 16764 9786 13193 5936 19950 17938 19863 15998 9327 6268 13995 11780 15920 10152 7832 13878 10420 4653 19430
4593 6847 1198 9484 8734 6024 5575 3854 1839 10820 18016 5097 13222 9305 15394 3699 974 521 11392 10157 3662 17492 10665 15280 9613 16732
4672 12022 6266 14840 15391 11781 8787 8117 8558 16615 16149 2186 13402 11096 4647 15345 2227 8139 11232 11435 6265 11538 2772 18654 942 10167
9446 9341 15031 420 13225 7635 12852 6443 14324 15531 3144 16460 2044 1073 18855 12457 1769 8604 16642 1449 12238 6929 19456 2110 19556 18767
10777 10636 8968 796 591 12896 1620 6623 6037 4801 4617 192 19790 2857 10057 620 5833 7768 10118 6868 15720 16822 16739 9044 11069 5428
2395 13528 8582 13148 45 17312 13983 18818 6400 15784 15842 5386 280 17403 1932 6746 9313 15303 2036 9902 12782 3844 14828 7449 10491 19366
8130 7083 4030 16812 5279 2079 9969 4791 13457 2098 2222 4444 5154 10006 4750 16144 6739 10697 10486 19188 8949 8525 47 10911 11426 6130
19755 17943 13816 8505 6469 926 16644 14454 12211 15242 5679 19368 13370 2169 14103 6620 9367 10556 13150 18622 2472 8569 13081 6811 9300 7426
18736 2558 9290 900 5530 17037 13760 11494 16444 1364 14747 2245 10954 9843 8923 17520 19932 14791 5224 13270 2806 7575 1402 4413 5739 6305
1997 8713 5858 12235 19453 4994 18962 4607 16870 12696 9730 6592 4569 2838 2412 17330 453 13031 8078 14636 10731 14863 13458 9135 15748 6642
15852 1997 17868 17467 12377 17751 19876 6294 17132 4350 5343 1617 10138 10106 6322 7267 13117 18374 7881 4892 19501 6475 19635 15777 19163 14540
14077 14225 9114 6716 2591 1614 90 5096 15091 13375 6657 7306 4278 10241 6945 972 8701 9156 18721 11567 1766 8968 18869 12403 4455 18858
2107 16251 2827 17323 930 1160 10327 13221 10485 12093 8309 16867 47 7154 3627 17072 14153 9329 7891 7218 3521 18842 2822 3465 16783 18026
5188 10843 14818 18647 16597 6929 2276 8120 14349 8445 8266 11376 5443 11979 6294 4285 17145 14691 14806 17378 14898 8420 5730 6743 1335 15703
6740 770 9089 5134 3083 5075 853 15170 11199 9177 3429 13691 1355 19630 15866 13650 10892 15275 19663 841 118 11793 7950 16543 8491 4331
1727 18107 9953 1694 15557 14652 9511 3007 17918 12095 6442 9532 7005 9954 6744 12282 11523 11795 1774 9114 10153 17086 11896 18368 7292 10513
13330 11990 37 4312 10025 7516 10422 11091 10866 1486 10369 6387 12241 7985 8832 2007 644 18907 3369 2490 11655 14958 8770 19821 18692 15148
9820 282 12418 18067 4054 17720 12690 4098 8913 1944 18251 13541 13356 11423 19320 11885 14076 1340 10394 18123 1539 7041 11566 11651 16406 3914
417 2080 8478 13855 18928 12184 18812 17420 4252 4183 3138 8192 17762 7247 14905 939 19929 15476 6433 7781 5771 4822 2119 15761 4098 17607
18821 5109 7145 12959 85 10957 17196 2766 1181 7265 16905 8619 5050 17731 609 7123 6859 3764 17919 6794 9317 10273 15293 9020 9470 14855
7450 3339 5373 10137 11061 12219 8549 7775 1038 8958 13818 6541 5899 5817 15658 9094 13124 3159 4749 8289 5422 10398 8648 3142 4632 12731
11660 1100 10918 5589 4252 13627 6964 733 6011 13550 6527 2540 4670 16052 110 15277 2313 9589 9792 3111 354 4985 15234 16316 14070 5767
17431 17437 19302 14336 4578 1138 18252 965 18577 16123 5465 16460 3753 19446 19776 10937 5475 15047 16022 4404 11255 8792 5679 10468 11375 9840
12335 8628 3807 7373 12171 15666 19685 2239 18319 1255 6307 6057 9571 12538 15311 9810 3745 9753 4069 10733 12813 2472 3399 14090 10940 9913
18448 352 2970 15255 3496 4266 9760 8967 14448 1491 16824 18851 6532 15309 10472 6379 12496 7972 14213 2656 19397 2155 15548 16840 886 104
119 13275 16110 15444 19620 4738 10772 16165 7427 18337 16282 10822 15676 8109 8451 214 10559 17091 5749 18631 6664 17350 4512 10105 12877 6278
4817 13339 17881 16168 18117 5369 8034 8671 17474 10960 4019 5301 1989 2896 14931 6289 6017 6356 13085 12998 9890 18168 1122 15547 4307 6514
8469 13299 4967 12305 5233 15889 8791 8946 18023 2656 8987 14255 8568 7782 4363 8136 14025 2963 10647 7229 3008 255 17675 7738 9614 7167
9343 3799 6989 7746 12236 11679 4826 4340 11491 8062 5775 6496 9131 480 14706 9746 15510 15965 874 16019 13775 6394 10203 8289 5472 19512
8016 9585 12316 16333 7115 7463 276 7693 18369 6743 5500 12791 14442 16123 9080 7156 3378 18311 881 541 2817 12038 7461 18026 14412 6515
12716 13840 15205 2930 5928 11333 3867 14032 7648 6269 14083 6784 11554 7433 19314 5960 15537 3631 15250 3445 13422 3415 14509 3899 8427 800
665 17228 7776 13456 6064 1529 18372 19296 3477 9062 16683 1416 18381 14706 11674 12714 18757 8695 18051 3467 1308 3521 1855 7973 3958 2936
5135 1189 13699 14426 858 17308 2474 7857 19416 13734 14012 2126 7404 3045 4909 5792 16517 4070 2054 10021 19047 10971 7859 14490 15038 4445
5843 198 11091 11764 5536 11854 18259 3041 15755 8099 3480 15244 19498 15735 13613 7575 13634 17012 16516 12915 2095 4896 15835 5526 14571 10773
7675 5146 12442 19075 3327 8638 16833 2910 10478 19117 16153 14066 14120 6990 5391 17329 6238 19405 5520 18714 19860 14056 16410 8366 18443 6049
16526 16303 12410 14072 1900 2209 16438 15856 13108 16778 14023 780 4858 19007 19766 14626 10687 9767 12288 9572 3259 3026 9384 15280 8342 9429
19193 13754 947 15096 13233 19444 11704 16964 17658 6151 2224 5534 15668 8141 5118 70 4692 5238 5753 12127 767 17755 13599 2092 13955 9433
18475 10779 6740 1375 5143 5708 17028 361 10836 8447 8430 5155 9776 14738 5913 17505 13409 10909 11421 10909 18525 10125 13404 4334 13917 14174
10791 19381 5436 6993 19197 10680 13229 19763 4964 11683 223 3831 17180 1443 19812 4056 691 2480 18929 3323 18193 11243 17817 11922 8975 19081
7238 2460 7656 19679 18864 1258 8329 4006 17886 5569 1453 6120 1798 16231 17272 13516 7695 11676 13489 7609 13670 15974 3967 18548 17560 5593
13392 18789 13146 1610 11011 18952 1567 3663 14322 16719 16589 19698 12804 5292 5647 267 7288 16459 12241 5108 8594 18242 19340 4905 10857 701
14008 10239 855 13873 9153 13095 831 17628 8612 15373 15617 19005 19034 5958 13548 14606 15823 9487 8586 13449 2728 3218 14091 13561 4031 1256
2412 19368 9635 5972 8346 1161 15078 7603 3254 9678 9888 19466 4416 7786 17583 6790 11471 3924 13329 1780 7007 16038 5186 15030 15461 5213
4025 15772 11789 11249 10123 12231 18116 14944 19074 11701 10383 3351 14955 11024 14884 10187 13129 10517 16694 7827 6986 17902 14531 16366 18901 7785
17933 16808 12279 15676 7742 16253 16122 11366 6881 18935 11330 2997 19745 11379 9211 2156 19729 14356 8479 17399 7075 18422 19173 15130 7046 9891
5598 15719 17840 17121 1081 10193 788 12649 942 5195 13357 13478 8429 2551 4569 4963 2062 14410 1286 11708 10320 10471 16892 11373 1184 9598
18501 107 5782 2570 569 9591 10235 11685 5207 10731 15750 3216 5649 15664 15189 7768 18809 9128 16718 6165 13814 4451 8108 4440 17287 16281
7827 6025 477 18494 9332 11293 12704 19759 6143 5959 2506 19662 18573 10679 9005 10354 904 9480 2634 7647 11144 10478 3435 8588 4005 8123
5769 4642 8693 1520 19801 8737 6697 8533 15337 1939 1486 18188 14302 4311 18094 8128 2564 7047 8928 13084 5594 14698 15987 10622 17126 12242
301 19410 10888 5908 6213 2254 6472 14710 8738 1022 19661 2910 2064 6816 9322 9609 3675 8198 12935 4244 5771 5013 9497 2754 8485 8480
17771 15796 1337 8247 12281 13618 17301 11049 14022 18046 18653 15611 1488 2320 14498 12780 2704 4272 14658 863 17 3626 1972 2556 9252 5005
111 9789 7886 4283 2447 4561 13229 10887 2499 15577 8589 2045 2747 14026 1083 14858 6718 7095 8633 17410 6452 3969 688 14916 9503 2109
12162 3795 8639 2053 8411 6385 16901 17065 17988 18583 8515 12742 6121 5296 5230 16753 160 378 7057 9012 1441 706 3873 9721 2910 11047
5527 12691 19144 2889 5989 17006 4279 9625 1824 6632 5894 7399 7900 8088 8182 18463 18813 18314 12456 3845 15222 1555 14499 1806 15704 9492
15603 8387 18361 11623 19241 10452 15517 19567 14311 15432 15505 1883 15657 6776 6021 12311 13991 7268 376 5860 18964 12034 18701 9855 6367 5819
1763 8781 16617 9136 14556 19139 16496 6427 7934 18279 13576 2201 13085 3306 14061 12768 3625 18708 5347 4772 13862 15262 6515 9481 3805 2532
18623 19040 14109 18447 10878 10581 7227 15051 1351 16943 6804 17762 2256 8478 5821 13168 1778 12333 5914 18168 15370 6882 3600 5562 14244 5014
11182 10758 13976 17068 7711 9191 146 5696 6047 13182 7589 17853 6602 6992 10167 8507 7379 2540 17262 17220 7424 14834 4771 2334 13586 17826
10610 9038 15897 6220 17465 15904 13114 18594 17802 2886 11044 16092 1800 5385 8217 7382 13684 4028 11837 12329 184 5370 18982 10354 8419 11230
12680 7989 1546 14408 6437 17076 6933 3193 2786 14180 15567 13971 1993 2906 15127 9836 1615 13230 11287 16403 3766 14703 4273 3980 2588 17859
4764 15652 16164 14922 16699 8983 12895 15652 3369 7712 12984 4351 17630 11567 8500 6184 12645 2537 5075 14335 3761 16121 11441 14480 17863 417
10088 6974 9380 9621 3107 6433 9552 11429 4795 16890 9658 11900 6002 9410 8235 15390 15356 13136 2322 4725 4024 13951 6349 936 6931 12194
13850 14093 1300 14052 9904 13345 4059 5118 13771 12952 2570 6851 16689 13766 14188 9813 3243 2301 4091 7647 16035 9381 7215 3917 14103 5139
4128 8972 5889 7684 18508 11309 8631 11891 12418 5090 8089 16885 4686 7880 6646 10563 17169 11753 17782 15011 3077 3640 2711 13275 14898 12380
10093 8261 11851 6111 106 19220 18898 4581 10712 8678 8114 4798 3867 2460 14264 10584 9591 9665 7662 18452 14367 14974 4780 1823 3492 3730
5962 1354 426 11997 13176 4464 19651 17199 110 7149 17546 666 5188 13032 2249 12037 11670 17525 14105 16645 11924 3066 5030 6265 13482 19671
4650 9847 6062 12486 6274 15753 19022 8369 6654 7369 10263 19902 13158 3438 476 16841 4374 9832 19234 13693 8375 8778 4321 3204 916 1548
11679 19599 3916 9526 11868 16515 2624 11417 4894 7401 19574 19099 6793 18691 19231 182 6422 18232 18037 17607 11458 8080 18602 9204 18753 16274
5780 16047 4676 2456 15508 19838 7632 7505 13850 5242 9540 5528 13515 3530 6325 8017 10702 4643 11151 8399 1542 2919 1924 5396 8954 17709
19858 11362 3442 14003 17062 4888 11662 15978 18268 16457 19122 6891 1525 9845 12968 5348 8110 15474 9477 12190 8086 4468 8016 3738 17165 4396
2898 5874 15577 14994 11863 11330 4795 6291 6897 8403 12763 5669 8189 17994 18556 2287 19492 16272 15406 14073 13169 14642 14525 15266 10346 14215
4845 1397 19382 1799 13168 17884 11663 3879 18265 8627 9012 14209 1451 9360 505 14843 16057 11066 500 375 1309 16482 19320 17589 18270 6510
16240 11088 11325 12962 15551 11853 16373 18831 8005 2953 12158 9766 13211 12573 18497 17810 9250 10733 11566 18640 18948 6954 4387 17202 12074 1468
1331 4264 1654 15245 15262 5020 3993 14794 4042 2108 10190 9958 14682 6961 18145 6069 17301 17055 10022 14315 10419 8611 14026 13422 16443 8338
2347 9134 3922 5214 18764 11572 14746 19182 911 1537 11701 11056 17439 18171 18676 17777 6042 9193 5231 14459 1325 11494 2865 19530 12303 6280
17089 2134 4444 4500 2408 4324 7474 4484 5793 16435 6197 5440 13603 19587 10872 17673 13226 13443 9188 14964 9465 3263 19931 1794 13678 4516
18264 8412 7605 12288 13018 4964 8259 3708 18523 4398 9598 17111 3914 2295 2055 12728 6464 2850 10017 12475 6177 12365 4412 19172 5667 10236
17033 5876 19249 14194 10837 3602 13735 4224 12326 16674 1375 7900 11890 6553 3171 7515 9255 6623 2063 12780 16128 5632 16082 62 10102 6698
14050 19013 4295 5838 3350 204 18584 14508 17551 8464 2360 3753 15805 1048 15964 5968 6008 18455 1180 15950 5152 807 11200 3458 6483 4343
19105 12795 7509 9347 2228 8736 6641 16702 3136 4758 19881 947 18548 2318 10336 2863 439 13944 17119 17490 10123 17228 4579 18404 8465 1752
17951 14379 4721 6405 13344 10240 2804 11395 12960 14886 6261 19193 18443 10225 18017 14953 6115 14156 1222 9458 11044 1772 1393 8058 1567 19954
1734 3207 3804 7976 331 13588 9329 11044 13249 14738 18499 19882 16200 19070 12342 11002 19047 9681 4629 15408 19899 6209 17307 701 4338 9903
2816 7551 15885 13087 3587 6424 18424 15129 7920 1552 16886 16865 14847 1370 14637 15750 9679 8627 7774 8852 19951 19093 10677 7249 2322 12391
6761 11196 13481 10658 3873 11617 15985 3415 13492 2145 16352 19254 16142 14596 1500 15527 8385 10398 887 17728 1846 6834 3344 11694 15544 6621
5850 2729 15559 3911 17302 17697 5732 3241 593 11274 9710 18989 5317 4750 14452 10947 19260 12267 9146 18588 2722 2506 412 4788 2324 19787
2298 2967 5126 19628 9153 8784 2666 8099 18202 16382 9867 18428 5321 2023 3785 19801 4377 5349 7413 12860 9732 5225 7048 17690 4965 12480
2750 11598 18802 17980 9059 16012 14305 19047 19303 3815 13534 12832 18782 3990 9035 16828 19767 3477 7854 5501 15884 8094 2583 11137 6524 2679
10783 1639 31 8352 13779 19316 15415 1726 10145 2788 12212 2138 30 13603 14944 10762 16723 5640 9315 264 19314 11676 19755 9371 2339 5106
9392 17011 11342 15290 10045 11926 17535 3626 859 12714 8858 18337 11463 7220 1127 4715 5387 7467 16546 12111 12851 9159 726 5204 9283 14349
15439 8014 1100 3509 8751 8434 15214 12847 611 4556 8947 1214 14553 15010 13954 13620 3671 10436 4721 10358 5152 11594 11999 12711 14305 8731
4196 14669 10818 19387 11036 3506 7250 8992 883 10279 6615 17375 15536 18418 19909 7606 16894 13448 10208 16603 17722 5897 17288 8772 8245 15100
12530 7832 1277 10094 5367 3584 7626 1314 7691 4855 16867 6401 4991 17806 18658 16990 17435 13575 10576 8395 9390 19196 10080 17148 14910 16019
10274 1914 16022 16245 14670 13349 1792 3339 19266 5443 6997 3285 10850 14575 12217 7775 3082 1220 1040 26 10025 5605 11865 7745 7964 10828
3415 7917 9265 1142 9135 10647 5680 18812 2887 10433 1737 6278 14404 10835 4553 14002 8524 2174 16059 9395 8864 19521 7016 18145 19108 15492
17307 1055 8288 11888 11650 2556 15254 9373 16895 2615 2557 13019 3709 5570 1861 18173 19744 5989 373 15357 11395 18541 17801 14316 17169 11172
10599 11225 4947 3260 9217 7674 12335 419 4477 10928 7456 5098 15168 12450 2650 14441 15243 15740 6162 14182 3534 14290 7362 11941 18396 18765
10407 8263 8445 325 15053 2646 19693 7777 1116 11190 18607 4059 226 4492 9187 12619 2701 16971 18535 1491 3330 5550 19142 10676 3507 6115
661 319 12924 12330 677 18159 14001 1898 8828 616 16597 8058 16367 10618 10770 15123 10237 5480 5011 4981 12622 4776 4684 7234 12243 1582
13204 5839 11821 7256 15805 3860 10478 16651 14447 6886 15888 14327 15712 4279 16142 1348 10609 3761 224 10491 3960 1408 10378 19910 8946 15871
1026 1920 1466 2098 15741 9498 18332 9775 14770 7715 5539 13183 15962 17057 18673 16465 10421 842 10607 13940 3483 4037 4236 17253 9121 1089
17838 3118 12562 6198 11067 12653 8082 589 7341 8582 9363 2655 1482 13172 11596 7661 11575 15806 11263 9317 11537 13994 12101 3114 18547 592
6179 2080 17478 12830 19120 6031 9292 16778 11506 4373 6825 16089 16236 10258 19961 7615 11734 6875 12017 6854 8440 10648 17366 14834 8845 14721
11124 17003 3453 11697 19355 3939 6301 1145 8665 13785 7800 6896 17206 19939 11137 2726 10213 15184 18103 11114 825 13635 9332 12458 10389 5558
1722 17698 1347 12617 4655 8368 4494 13227 14896 4104 18470 10687 6157 13037 19372 10421 9595 18701 8591 11457 14790 10759 4268 15545 15341 16354
2335 14648 5393 18411 14075 14097 8040 5027 8367 14932 1310 16953 1908 13667 19028 13572 12355 10690 597 19301 4442 16237 11075 11343 14784 17464
11128 7982 16195 12498 14610 19061 4413 7835 5805 16733 7800 4333 8198 11254 15066 10205 13731 4547 826 19028 6436 15185 5361 19848 10896 11532
12910 1742 6768 16253 16165 5173 240 15085 3279 17282 13508 16283 8479 11388 1236 5867 5848 15154 9441 11985 4322 3911 8785 16517 6204 7504
12975 15183 5771 1366 11187 7679 3254 504 9250 11421 17225 16861 10729 2014 1406 14470 14585 11587 2418 6677 1400 5376 11624 9820 2100 19156
16931 11438 9134 14896 4121 9123 4711 18836 6395 17375 13163 13816 594 15228 7828 3029 11117 11883 14427 9498 15919 6761 17804 3423 17209 4668
2090 19271 12086 18241 12911 667 5013 17863 9064 1939 13795 12811 1714 5045 13533 3486 18464 12849 2410 965 1612 8772 5221 14827 12311 8868
10740 5692 11978 17438 18064 12247 6281 14483 1409 5214 17096 17069 4519 8499 19382 11125 16138 6735 4866 17806 2290 3169 12425 11393 11361 16562
18812 19714 8289 579 2219 3478 3112 14073 11883 3128 7528 1051 1118 7195 3993 9249 9374 15157 17243 2884 240 1659 6843 9404 18412 4053
16824 14348 19393 16552 9158 2819 4012 10170 8315 19732 13549 16550 12371 19056 4121 16491 7962 4003 19087 7142 11956 777 19948 11870 1636 10261
1626 17042 88 19076 4103 7808 19312 13877 1104 8347 12383 19645 541 8664 15168 9401 11410 18529 3260 7655 8135 12019 10786 18229 1136 4876
16867 7213 12642 5268 12265 11608 18926 4072 8653 5035 4746 9048 12270 18987 5615 10073 5970 15158 12637 12997 3148 5218 14076 13712 2039 7559
4338 5356 13570 19202 8345 16835 8264 17750 19900 5027 2339 9120 16485 18706 4995 17475 676 15363 13604 5101 4556 10522 16556 13539 13943 13199
1823 10788 16667 6262 351 1586 10489 13216 5431 5216 11939 18697 10130 16062 12119 8554 9417 11946 1031 18205 351 15999 4217 9573 6844 12585
3349 14742 4274 12253 9188 15149 19002 2504 705 3298 13711 8034 9297 12325 1763 15797 18640 10073 13858 2958 14581 9426 7848 15670 3216 18201
8398 13841 13671 1504 13494 12779 4492 8545 8031 5888 4813 7377 19852 9333 5479 5517 11526 14050 9925 15716 6454 6390 97 2887 10900 2399
6688 14208 18257 18811 18724 10577 134 12395 378 6906 15331 18616 15565 16596 18724 5556 13573 9000 10769 2100 513 114 15355 18034 6930 18287
1123 11644 4808 12050 13290 11269 11287 7923 975 1664 7615 19005 10167 7268 11745 5364 16601 520 11275 8776 10302 5358 3542 13707 17861 18923
16147 16207 13604 15114 14848 13795 16753 18390 5735 16864 946 12046 8007 15407 10 16914 17786 2786 19521 11821 9801 239 10781 10639 18531 13406
732 11662 17492 5740 534 1222 16635 6491 5751 5904 8419 5174 16143 10980 1274 1993 8753 7087 8031 8610 13130 16653 17431 4079 13152 2806
709 5491 1342 15546 18651 14343 3725 1395 10539 11265 6842 4496 9673 9169 784 10849 3265 171 17077 2737 7612 18228 16972 11268 620 2841
8844 16335 12338 19569 9519 2481 6426 16062 1359 1051 2331 5855 30 15414 14110 3133 13120 9539 10729 19278 855 19845 15530 6973 2667 3247
591 5306 4883 16387 7830 8030 12330 12052 1249 12311 16905 9141 41 3192 5645 10739 18477 9286 13418 3101 10829 3089 16195 19775 2870 12838
14383 9377 4337 10583 10546 4152 7040 9818 2061 18334 10569 10119 3867 16532 11663 513 6057 12015 10127 17479 13803 11772 17000 4444 17106 910
16692 9358 4413 2675 2306 7087 18522 10359 15810 11451 19020 7059 16261 7424 13375 17874 11115 11859 5609 13480 11430 11196 4150 82 1935 17595
12062 10833 13363 7285 6596 18588 4734 17843 12904 12300 4486 16656 12761 17222 19909 19202 8276 18829 10078 19531 17502 16687 5740 9583 7258 11253
16679 88 14511 4786 10 4154 14375 19593 12801 2556 19450 2076 4369 13505 1708 4380 2419 10421 13212 18157 4058 14303 5950 17455 19385 1293
11774 7496 3924 15952 13766 5090 9530 5189 8538 3780 19710 2186 6109 9929 16709 11568 11133 15696 13557 12133 19909 19247 19629 14725 3804 1240
13720 14219 7929 3437 16050 15963 15355 13411 3543 5885 18177 14815 8539 8623 12976 9406 967 11955 11138 10135 4522 16557 13122 8153 17294 2594
17234 13376 6613 11443 2853 3538 1537 8123 5494 1584 6575 4599 9913 58 3025 16238 1848 3644 3464 6485 8100 5938 18090 5839 3356 14314
14880 1310 827 3463 7259 2373 11848 19954 3643 11062 15243 11805 4496 1026 12788 16574 8919 1940 5816 11265 3899 15256 4204 9990 2741 4425
17039 3243 385 2425 6626 19574 12307 18859 2627 17631 10487 8647 10100 18386 10845 14156 11539 8880 19390 2580 12134 261 12000 12070 13056 10677
17419 12863 14057 10787 19754 19110 15513 12894 2771 1826 428 7889 15290 12836 3698 1465 17970 10441 12639 19234 17490 11090 9269 11499 41 10911
10493 5868 17467 9655 5273 15851 13927 17243 17652 6895 19261 11236 5211 15476 260 6834 8231 6683 1934 19966 5028 15833 1559 7953 13423 1473
18818 10965 18240 2521 5454 9695 2743 2871 13620 19666 12219 16442 12858 9986 12649 18134 13020 12941 4094 8399 15612 6757 19275 17096 12426 4658
9469 1037 19309 6057 17223 13564 7112 13450 18278 2546 13215 12300 3558 12371 15255 6495 17910 2526 4079 14293 3324 19459 7977 327 19103 15062
10756 13202 6141 19093 17949 3099 18885 10960 10082 7064 14703 2119 523 2980 10496 13091 16614 7296 6732 7929 16100 19872 14336 8574 1299 17441
13207 13644 11178 14323 19752 12389 7998 10711 8412 7793 2649 18899 16262 5433 8724 10048 13867 12248 6780 354 14520 13448 4046 19234 1651 18957
800 11670 13171 16602 375 8161 19531 2128 957 7896 690 18410 15766 12268 15622 19070 19795 17463 14897 10486 10689 7900 6218 14912 12870 17640
2545 8498 11818 17962 8545 1280 14246 3544 16194 8181 11967 9612 1919 11132 13063 6835 9423 12871 8527 6386 15355 7256 14890 13321 12509 14611
19258 1324 2644 7114 8117 1520 11794 6167 9711 12889 8481 11272 16151 4182 18170 4098 9483 17702 9425 17417 17888 17955 15829 16698 13643 10161
19069 11448 2791 12835 7143 3953 8948 3590 4171 2702 17327 8168 4974 10638 12401 1988 8377 12798 17360 577 7403 15190 13155 19239 18850 3266
17782 12491 8003 5405 8009 12466 6465 12237 14912 17522 3942 18759 16253 13808 8972 6081 12090 4876 9084 17964 12314 8805 15151 19081 16861 5728
4625 10998 11848 17705 4498 14542 14136 13152 13748 15730 13860 7933 18509 2382 8538 17652 15429 1169 14048 7016 5813 5480 9993 4331 5826 16291
8687 2142 5636 16732 16824 18686 6623 13926 9651 5556 18302 12233 19047 7109 7047 16412 4578 4405 13412 1949 19769 3064 3756 13885 14736 10112
17873 10377 15830 4438 483 17541 13728 46 19996 6162 5445 3860 10080 11932 3753 9655 1936 17901 12821 11271 19996 3458 8909 14691 8857 10011
8600 4712 9115 19051 18149 4193 414 98 12485 704 16015 4839 18907 15284 9960 17573 322 17950 6407 9963 19019 7146 11196 13420 12788 8346
19377 3870 13073 10951 9646 3114 18828 10535 10002 3607 10487 7795 10212 6029 551 14764 3383 3532 6388 9388 3945 2768 19458 19129 5608 9336
11478 16175 15127 16931 11099 600 17300 9028 8402 6087 2631 10140 17180 3297 18292 946 4932 18959 435 2867 1320 19760 12223 16376 9091 406
3269 2709 6789 11440 5515 1787 16751 2357 13417 16980 4769 19221 5443 7667 18295 3594 12987 16876 19324 10626 16115 19847 11418 15515 11516 8646
8644 14766 5847 16869 11912 4898 6238 2073 14495 2003 16603 651 9487 10114 13074 6473 3084 3081 16436 8735 7521 11346 9418 18338 11455 447
15975 9376 59 9432 13668 17329 3984 3617 16792 1357 11337 15305 1285 10143 7176 14709 19102 2832 8987 12166 11988 15963 15315 3128 17948 1074
1910 6402 12143 811 6954 6427 7034 8013 4486 9951 18229 10924 8418 12857 2406 12549 11745 862 783 18475 1044 4029 1293 10080 2665 16416
4609 6048 6274 6550 3446 278 7172 12936 12539 7161 2263 4566 249 14751 1155 1018 12650 9386 7158 15885 17720 15692 8441 17973 11947 8734
10967 12508 6588 11659 18601 1188 17979 12343 159 3657 14318 12909 14333 15573 15081 10304 1133 9084 12681 11003 13393 1159 2597 15908 11887 17804
656 16550 35 4913 390 19336 8252 6135 828 3546 17593 18727 14643 10158 19191 11650 18021 17595 16634 2309 14280 2521 11210 15339 18676 2190
15223 19243 14567 17866 5721 13342 18891 13190 14065 9250 16546 10928 15597 17427 13325 14868 19134 8777 11203 9155 14442 14717 15982 16918 16221 13110
12884 19907 12332 18934 17918 4604 19978 15580 12538 12137 10866 13586 3737 10484 15382 19239 19098 16381 12953 15899 9947 18905 4417 4314 11191 16978
7274 19745 12998 17751 348 7976 14819 9560 5630 12088 14125 8285 9918 1374 687 4661 18510 16258 5678 8361 4222 12667 11759 16462 16543 19788
4992 8005 18600 13035 10433 15468 11006 37 5030 12662 15620 2039 412 6964 19556 1165 8189 7225 14396 16362 12360 9067 17354 2987 11898 9037
881 15013 8011 6705 3193 991 19096 12500 2936 8153 6386 606 15330 13999 14254 15665 7200 2903 17640 6790 13306 11832 7019 4279 13325 3441
10780 16825 15659 6816 103 15176 8088 9261 11393 5907 7775 16308 18016 18447 14218 14003 145 17589 522 7075 19380 4645 6154 10618 18551 724
9556 4440 12105 3582 4835 17519 8101 1637 10972 13308 6302 6369 9126 18577 2635 3108 18580 14899 9669 10181 18220 1100 13316 19865 19071 5188
16546 17448 16487 5922 10593 664 18101 14176 5605 76 590 14711 4281 8777 13808 7207 16118 1116 12208 15106 2962 18477 3313 12065 9834 19282
16104 5258 8832 14994 280 16952 13253 2511 1265 6872 19310 4316 14022 4595 18251 6654 9237 14548 18382 13070 7286 9505 5322 4374 14436 1710
6087 18139 17417 14404 13054 664 13686 13171 5860 7851 19248 5712 14598 9849 15597 88 18691 3933 14347 19748 7265 14671 15134 180 10284 15172
1641 18888 2910 13681 8539 7140 16550 11713 15384 19228 15666 5912 10468 1305 6717 7923 8062 11065 4500 4027 18233 4274 17208 7333 11790 4479
11067 478 8852 636 7406 14218 13326 10134 14161 18859 3726 10768 13625 12498 15282 8723 16244 1900 18465 13492 18617 2777 13379 9293 7941 14401
17338 8824 16864 13499 10072 5861 16510 5167 14007 1961 8780 5237 13954 17024 10809 8926 10230 11880 10951 6842 7018 14385 644 256 8620 11949
665 18061 17795 8863 5667 6682 12443 5522 8187 6350 10570 18440 2477 9379 7648 4934 912 13271 10799 4312 10584 19130 1345 11928 9688 4031
1461 11924 19816 9488 14339 12420 4982 8885 1852 12945 15843 825 15638 19689 14072 9019 19663 15730 10008 4093 10804 19913 5707 16829 12504 2207
8027 13857 15018 8357 9691 18956 9414 364 3044 15080 18327 3035 6715 7932 14982 16858 15632 1771 564 12867 16823 4453 16885 12124 18977 4231
9869 13358 1373 4628 4939 15954 1860 5449 13071 6334 14153 16886 17058 5003 5167 5360 19478 6162 4781 2317 7944 13668 10133 2999 18011 1179
8910 2694 8267 5408 11690 13409 1705 3734 18695 2855 6826 17355 3327 11025 9237 19585 6606 1164 7816 16264 14652 16920 19090 15188 9489 11323
6558 1446 3578 2235 17953 299 10712 17324 12484 2087 14154 17560 14404 18279 14277 7887 722 1341 18481 1948 5370 7727 11211 12774 3958 9421
2483 9680 17500 5767 11341 2454 14240 19094 8645 4624 3922 1252 16014 11554 2675 19236 3959 18259 2777 6109 15100 19254 3251 4724 11936 13692
848 10220 8305 17135 16886 2274 9523 1362 5367 5268 2098 18758 17302 18509 10321 13616 6595 6373 14315 14978 18346 3534 18989 3524 3606 19731
11991 3975 11994 7421 16141 242 3988 9050 4028 14914 15823 10864 11546 19035 15858 12374 9926 17019 1518 1163 13299 2770 18776 134 18362 3580
11873 14820 13508 10062 9286 188 16820 12777 3852 6258 8248 12616 9610 12992 11812 954 17574 6667 2447 19217 9080 11042 12686 10181 602 18625
4319 9289 14085 10646 16387 14055 19617 13851 12631 202 9438 9147 10326 17229 6794 8033 5709 13010 6512 1526 9036 18566 8591 16740 17016 18002
5538 14974 2205 7375 52 2850 2842 11736 8419 18786 11716 15268 5332 1201 16466 9236 3717 8522 4442 13312 11163 376 14963 3028 5788 17069
7379 17562 11896 19302 5022 18737 18587 10186 1024 2116 2253 6225 7314 19729 8345 18133 6406 866 2086 13528 9037 14274 9599 4781 12566 16864
16825 17098 626 19129 12255 459 18274 2071 11058 18133 14015 8011 1097 11259 10034 943 3313 744 11549 18415 5539 9399 4553 7555 18437 15463
410 14550 18233 5579 19359 19824 10680 17271 9693 1104 3531 14969 15611 19418 7045 898 5005 6047 17989 426 6034 7474 7738 13220 6411 17257
9415 9096 17601 9391 12767 290 4599 13964 15052 4717 4177 161 560 18727 8751 8008 8730 15176 4211 18110 19211 12341 12337 19574 19259 9858
5432 8152 3506 14318 17511 4230 11540 6809 14171 3891 9936 18953 5701 5094 13564 878 6637 4357 3139 9012 13661 7804 6231 19272 17257 1193
12927 19875 10418 936 415 7728 12197 6215 7814 14001 11050 6324 18194 18991 11808 16302 1178 7863 12921 17042 11396 5041 3250 1862 14965 14051
12725 7301 3757 12028 9804 39 710 2084 1205 5453 2511 2686 14918 1337 5321 11753 10311 5851 9527 6402 6535 7203 10543 6022 5793 18518
828 7681 1067 19128 14072 15368 8734 8978 3458 13349 3613 9823 8170 18407 1063 7797 13475 17199 14108 3266 18820 322 1885 3992 17844 17928
11287 149 4604 17574 5524 14721 16717 10177 4765 11606 18239 12946 14039 324 17502 927 15695 17936 16728 4616 5188 14800 6344 15730 4687 3856
14852 16220 9625 15612 12852 15102 12872 17080 11370 17442 4497 5657 12243 10313 13951 19157 3636 4125 4554 9589 12776 16590 15484 18802 3739 11232
5294 1556 1712 16859 15168 8452 2839 8181 18448 14791 17749 10867 18605 19194 2469 5969 2142 3330 17402 15155 13731 8001 13488 19372 13273 16981
3608 9145 4711 2747 4034 19166 17388 7208 2622 9186 15276 928 6051 17209 19054 954 4071 12575 5643 11991 4819 9706 11563 5157 10887 8061
8683 104 3315 3824 9933 16925 8872 2548 19501 13183 18470 12248 19713 17560 13682 8355 16721 18181 19133 10412 3028 2721 5212 9225 2232 5286
4206 12433 16384 13864 18205 7542 10157 10336 12773 5539 4262 5167 12853 18162 1722 2195 19328 17620 10511 11103 14928 9446 14628 7047 9423 11148
5700 10095 19303 13817 6630 12446 3238 16805 12229 379 17751 638 218 1469 12531 9874 5219 11056 9203 11084 1480 3849 13771 2411 6666 14759
5641 12302 16486 5427 8228 13516 15726 17371 1179 16667 13566 12044 12243 8200 10203 10157 14678 6734 6915 13130 10547 13285 16217 19608 9454 256
14071 9636 10076 15914 733 5392 9163 18890 8224 7698 8035 5167 6073 18808 2364 18419 11873 237 5859 14681 4631 8019 11253 11674 17854 7120
13317 14615 14466 7597 16244 19460 1254 11335 7101 1711 5497 19051 3833 2643 18979 9645 786 14081 14571 5583 7485 18122 13194 13989 16887 135
17439 10733 16283 12676 8662 4700 15160 7585 13514 14640 6211 11155 19208 2590 5416 11210 11705 11028 2662 5249 7455 9986 1103 15233 7811 1406
10302 15815 8116 6943 9560 9400 17525 11536 19586 11200 16078 7500 11131 2372 11147 17795 14544 19354 472 11448 15626 2119 9163 18451 16493 17202
5207 12450 17730 14498 6354 12615 4100 6904 4453 9915 1059 19354 1938 10608 14669 5671 271 4363 10480 14326 7402 18749 72 6766 19078 7796
14562 15546 2235 17966 18078 8309 13992 15302 7799 3022 484 3548 4641 5082 7224 19649 8212 5849 15256 10322 314 18334 1383 17036 11081 18695
6251 3473 13940 4131 13562 2979 1411 11344 14301 16928 17982 13995 5172 15637 8531 19766 15722 73 6622 10214 3535 14776 1206 17205 13068 35
17484 11151 19897 3850 14256 12386 19567 10583 11072 13291 2255 4292 6736 15209 15335 7299 15638 9952 14241 13764 4798 1485 18500 7 1343 18561
3950 16746 9321 15924 15733 18162 6253 12447 4876 12845 7860 4415 16202 15580 15966 4553 1868 1974 12379 1506 13032 12486 2910 7295 2832 7242
8295 5008 2384 19135 19125 13157 8911 457 9942 15531 5091 5759 4335 7880 13382 8543 19303 14889 17898 3806 17443 1945 9258 8540 5221 2930
9958 4118 11222 7386 12510 7820 8498 3178 9941 13241 19462 17529 11377 14864 1581 9096 13554 9078 17154 9797 11381 8218 11261 1621 11131 11082
4031 18419 15726 886 2392 10667 9389 12910 6273 5011 15971 16313 9765 15052 13020 9568 18904 18558 9652 14706 6639 2438 7356 7248 12650 303
16123 12509 17750 576 15890 182 5275 3018 13214 2041 7820 11324 12991 6271 8670 1228 6535 19496 915 8758 11954 13294 16371 8429 14991 2502
4304 17352 18512 5281 1799 16122 11428 15196 7920 11797 14583 7757 6367 4830 8392 8655 4505 14676 14094 14562 18547 3281 8888 2812 5013 5925
4979 4942 15007 6790 13658 13823 1169 15344 775 12128 6664 9423 16492 12590 7494 17045 19218 5553 19017 7341 3100 16233 17891 10567 2326 12522
11320 11652 8049 7780 12852 17946 3618 4529 12187 11002 16865 19822 12587 10910 19762 15204 12497 16028 14119 8193 15678 4850 13754 18879 9629 6803
15549 16535 10200 11314 851 14937 6659 18663 6045 3870 19522 9038 13136 12835 9271 11804 18591 2115 13401 15940 5659 12756 7939 17877 12813 3817
323 19929 21 12616 1725 9701 15265 7614 16562 7632 5934 17594 7710 1273 3655 11279 5331 4733 13570 16734 9278 2066 17563 17832 8021 5931
7394 7138 1745 18243 16937 2456 1741 3285 8347 6177 12674 8076 8405 12777 13902 6925 15413 1421 620 10230 6073 3190 7316 13 172 16276
16162 236 17538 18753 18611 12521 19601 5172 18918 2986 17854 18398 7716 10099 424 732 9482 3567 10519 12595 14014 34 14890 9600 1992 9944
8609 6640 2251 3605 1503 16413 13437 17490 5484 770 684 16640 6777 14408 12127 19403 19167 19174 4362 12972 1765 12715 14178 3311 18145 15035
10550 3203 4420 11135 2948 16671 12293 11264 19407 7109 6938 9306 18343 15734 1297 15717 2041 4433 14080 3846 8392 822 15999 6107 18026 18466
18979 18275 16014 18529 4814 2099 3582 401 2531 18879 9909 13257 3377 18040 14501 13855 5732 11747 2340 3116 9363 19220 13499 17559 4954 1179
2000 15504 11398 19498 19918 694 1149 13530 13339 9616 10565 19877 7984 2215 9732 19653 7818 273 18199 14898 19024 10738 12063 14364 8742 11508
4903 4167 10783 10125 19655 12039 14719 15155 5601 17310 18141 12184 14529 2439 13615 10092 12433 742 18473 942 2570 6068 4226 16477 6295 15647
1833 16165 7344 3184 15349 18877 18554 5322 5274 12681 19765 3931 14578 17523 8230 14640 13925 2397 12658 4285 15998 1138 16160 13720 16258 18034
1688 9416 18326 14100 13518 3107 13056 12886 17607 19018 1312 1254 9352 14394 17904 16845 214 3729 2017 8431 16845 11579 12494 11786 4217 16964
11192 13124 10117 8664 10834 4956 18801 15317 2955 5965 3357 11718 5947 2418 3924 17958 7874 17100 15411 873 15475 366 11019 19608 17384 18453
10431 11715 6719 18759 17135 13208 2057 9266 3935 7542 5328 4890 1440 8110 9707 10032 8083 10576 6669 12220 17011 17232 9108 1165 3827 4960
17713 16469 2103 724 5048 4762 1756 5014 6167 10627 7309 19315 11118 4315 16785 11301 5701 3988 4021 11904 9558 10253 5012 16582 5998 298
1577 2456 17588 19876 1006 18261 2833 9904 618 8379 17424 8392 19573 1196 15300 15831 1751 8687 15817 9173 8146 11432 5652 16975 17499 13778
1244 7859 18312 10331 3003 5869 3271 16779 7876 5941 8702 431 4651 15049 19556 15257 8529 6444 13203 10037 15205 16281 19247 13232 2764 723
16999 18210 16848 585 9205 5929 11382 19404 16141 14682 7658 14653 5299 7397 4408 404 6235 8378 14469 245 7176 14228 11228 10866 16735 18471
18624 15142 1440 290 8296 4068 6330 9325 10517 7256 3555 12574 6016 11512 17606 1961 17524 6170 9034 15652 18280 17620 17295 9415 13513 13761
19707 4451 12545 1904 12262 16699 121 18153 4445 8833 13668 10271 861 9176 17912 17419 13339 12600 9135 890 19377 11990 3378 11148 16222 5257
10781 5765 2454 10074 2240 1366 150 2997 17376 7424 10544 17733 17919 4661 7018 19160 10144 11259 9993 16608 3331 7181 19728 449 14062 17617
5305 3650 3503 3416 16625 2214 17080 12194 14120 8760 3821 19205 10039 6024 3863 17301 16412 17340 3864 19888 14587 5766 12236 374 8192 19010
958 8908 12459 4599 16505 9641 4945 1804 6726 7021 10448 8591 14492 7408 2640 17636 13400 6997 14998 9078 7576 19436 4614 11721 4098 17978
12645 1544 8788 8425 9370 18515 19158 2212 5450 16838 9021 13161 13284 16960 19024 14149 11293 19859 9988 15053 11059 15172 12795 8803 14876 16940
17138 4022 3258 19594 13027 11647 6773 9765 666 2780 10159 17450 10760 6444 13438 15177 10463 9102 15064 121 9475 1440 16183 10243 12556 8653
19396 15011 14434 7388 13578 582 6879 6213 12259 14123 12464 16393 14401 4388 17512 19904 19005 4108 4288 4959 2373 15119 10457 7350 6042 13878
15609 14232 12714 1832 18709 11178 8581 9617 9034 12971 5551 13133 4117 8356 10317 9035 8301 17099 12296 8019 10423 18443 2632 778 18064 15439
17144 13317 19721 4073 7427 1915 19401 1090 7688 13876 18837 13935 18217 17367 10330 18264 9453 5758 12717 2880 8169 15507 13872 3320 7591 9232
11892 7466 19953 3562 5427 8517 6221 18265 16137 14709 493 12883 16649 4861 5614 13128 7241 13812 10535 16181 17305 11564 8738 11947 16586 3059
5065 12329 18736 17706 17228 7113 15853 6780 10076 17863 7933 4842 5148 14074 5693 19791 8554 5435 6207 7953 228 12852 17857 3766 8619 382
642 6235 2537 17313 5386 2314 11095 18245 18106 6532 19372 7540 16197 12760 19908 15669 11371 7463 3685 527 19537 2499 3606 12681 13671 7922
19786 11959 9836 3071 17825 7391 19972 5909 4988 4035 19929 4996 7719 5351 5511 19214 13279 15768 14910 997 18410 14109 6931 9471 13400 7645
3063 1926 2188 15799 7100 14912 1982 11235 10986 8992 12600 2056 19239 2208 12306 14054 18659 2927 1027 14245 17263 19292 8935 17068 1637 18414
2178 6747 16462 9645 5677 19912 19032 16239 13265 19449 3572 10645 9408 5967 15214 3978 13199 12057 15731 18562 923 10376 13492 12622 16351 14883
17885 9068 440 16588 17149 17554 8108 4151 13811 13279 8706 9425 13462 9258 10914 16004 7305 8276 12108 4507 8724 5049 9335 4655 4016 12197
6862 5337 3555 13507 17310 10346 6468 12487 1031 11540 18977 13514 9465 7621 15008 10701 8740 19372 3387 486 19514 6775 18537 13593 10045 14112
7228 15268 10966 13895 12868 13488 5402 980 18824 8147 17028 12108 13777 1598 10940 17062 18793 7423 5897 2191 3255 2243 17240 15495 17951 11762
2444 11766 18059 7686 8851 18443 15354 3993 3993 8249 10046 14776 4330 11287 7847 4039 14079 11848 17774 8773 11651 19546 19236 6395 5898 12382
6369 4184 1679 3732 10258 16024 16631 4403 16033 19257 18303 4414 10891 15732 1614 16923 16444 3151 2627 2433 12562 12893 17357 11706 19405 12566
8590 18123 4628 10347 18429 6512 1678 11160 8344 15386 8077 11997 8314 9211 13584 4263 19102 18380 5242 2694 5890 11555 7699 19108 3532 15697
13036 17387 16991 12479 3176 3672 11502 11472 13419 7835 1877 15178 14931 18480 15426 3183 18573 5465 9348 15723 17993 4381 18732 3826 19117 15359
16046 10275 19188 18879 7951 6007 5479 181 18182 5834 15902 12800 19734 9972 6642 14115 17054 9382 5810 3553 12846 10061 1596 6380 1416 12248
17656 13540 15118 4121 17567 1318 5575 3578 19148 8134 2764 6268 8198 16612 8694 12690 18220 19200 16203 16063 2666 3445 10427 17020 19448 2814
4137 10176 10466 12501 11017 15739 14764 7547 13390 18395 11243 4742 7732 14938 14807 3835 17691 15141 15199 9029 7056 18022 13818 2788 18937 18380
2991 5061 15351 482 2369 13308 10160 9638 13407 6189 10891 1069 13251 8186 8766 8527 15932 2937 6837 478 11447 13870 11502 8077 8486 7898
8505 19187 18873 9050 3981 6102 3379 18670 17703 14889 11166 14217 13254 7620 1139 13952 19474 9940 9342 18078 9558 1367 17459 2850 5313 18655
18604 14171 3959 15587 17489 9096 2074 9302 3228 1677 19581 2713 11850 18922 14402 12008 9895 16383 18099 10981 12664 4459 14633 11248 6872 2000
1130 185 2144 16183 301 18291 12476 4675 121 13836 15932 15540 18474 4461 16952 14875 13800 11584 2949 9717 4755 17303 53 12697 16429 1982
19504 3024 19515 6707 2638 12708 17006 11741 7889 19499 2997 18816 14641 727 2460 9956 9097 12944 4117 7378 11479 14722 2113 16694 18603 2799
18693 5778 5181 17509 7940 14654 4472 1721 19151 9702 11869 18920 7073 17612 15786 3319 10468 15645 13584 11424 11839 2774 8985 11829 15644 5084
15542 632 8586 11158 18414 9789 4065 1276 3831 10503 15526 12765 6526 14600 1175 4832 14112 10860 17787 11132 18352 10541 7036 12211 9891 12803
10870 8301 14317 3761 18726 11554 5898 12070 15851 19601 7004 18496 12634 14712 7857 7049 5104 16966 7 7347 19187 17023 4717 13551 818 10449
11358 13317 8633 6008 7313 16966 14427 12875 6035 15505 1966 2818 14597 5619 7570 11616 763 8405 11224 12102 7170 5881 18817 12913 17558 18369
3873 19350 11833 9066 1705 19183 4999 8040 16520 3147 7069 6922 7414 19170 19973 7154 6619 14203 19912 6975 19218 938 3551 15262 9456 3117
6271 13561 1037 2397 233 4116 13457 15180 15820 4032 14519 3298 19285 8492 12867 8982 16046 9203 1516 3494 18952 856 6299 11899 18729 6055
9337 9989 87 10182 9132 8412 13274 11519 4217 17925 8191 17307 13666 5488 7095 7368 12890 5022 14539 16967 7252 9314 19988 6460 7099 19379
4480 12606 15051 15568 15081 9948 6994 1996 6742 6029 16162 3267 14061 9456 10903 2382 3016 17390 7532 18721 14810 4948 19564 12538 8915 12745
15365 4231 7028 16368 15935 828 8010 7695 7303 7979 9380 6119 2204 18871 12317 10158 14326 1232 11730 14387 14986 7179 19017 18842 6584 5637
16481 12600 17722 15997 3511 17225 17236 18179 10132 1871 9608 2425 17620 17008 12985 2602 11656 1568 7635 18956 10303 14351 19300 12065 15439 1750
2675 15324 13720 7246 18370 7526 7331 12059 4337 8690 16061 18061 4107 7650 6157 13375 4811 6751 13742 7912 8895 9352 5324 483 2259 4682
10506 9335 15507 3487 15579 1486 526 11030 443 4743 3400 16692 1651 5656 9127 3468 2029 9325 14616 12054 14210 15688 7057 14632 4998 16011
1047 7650 13644 9671 1075 6411 6550 3201 9373 4927 17943 1444 13505 13776 10120 11812 5364 12758 15155 3376 7469 1357 13830 14172 13124 535
1141 15028 5479 11722 19684 16623 12230 11280 5477 932 13931 3769 13326 14438 14911 3539 2697 14059 7047 18656 11577 11211 16437 19759 12512 5067
12125 14334 8468 14523 9159 13386 13659 9112 135 6242 5606 2856 3764 18297 2849 7432 9021 1833 13454 1285 12951 15888 14161 2945 1348 11590
14421 12300 12170 14506 3949 4947 11744 4582 5160 4964 9658 17998 13266 17439 7004 12427 8073 11652 6125 3870 13044 18911 5986 13649 8827 9508
5503 8758 7457 11033 12051 3240 15926 12600 14011 8563 8354 2982 18543 13384 8100 10549 5287 6150 692 10398 11401 4382 14964 13762 12330 101
10064 14728 9281 4497 2275 9841 7829 17179 3533 15144 5302 11099 18338 863 3545 6988 13332 14611 26 13080 13803 10135 7851 18413 9935 4711
16922 16399 3051 12558 5192 1182 3194 3029 5245 1833 14214 12245 18903 3765 8983 8595 9351 16933 18151 18542 7171 19477 2800 12057 4593 5502
9464 5617 5511 13216 2712 1580 5515 8501 3010 3943 14183 19203 8524 3075 11696 17743 7190 8880 12079 18068 9810 2467 19819 15586 13170 18071
7847 6441 12475 4529 335 9190 6041 12166 13381 18273 14891 17852 1095 15184 6936 3565 3846 12939 11315 5887 17112 4009 4289 10963 11868 2194
7596 8287 8387 4732 17979 5764 1846 2159 13650 631 9812 5209 3357 9712 11584 9258 9808 8029 4421 1617 2672 2217 13229 10953 17525 11702
17279 5116 4316 10106 16808 2376 19168 19723 2681 16888 19305 18778 10780 10109 19958 19683 5945 11488 17956 9538 18612 17106 8370 16151 2925 10873
2431 629 8222 12780 10602 10394 8739 16024 9010 17010 10974 3252 3002 19807 15871 704 12088 5591 5319 3043 9248 18119 10054 19259 11811 9929
15961 10914 10678 5750 4903 6912 9795 1633 10196 8154 12829 2492 3928 11551 9828 7850 18943 16210 12569 15757 9251 2547 15399 2524 10860 16061
5459 17868 17955 18936 2720 11901 2242 10803 317 18242 8046 9655 11122 14480 8231 13669 3407 4646 12254 9495 767 19359 1071 8060 12288 1078
2121 11030 2019 7941 9213 13186 17455 14796 2751 11518 11002 16890 2660 15982 18153 7821 13365 13683 10199 11623 17303 1574 12809 16908 10430 15618
2559 12619 8703 1141 4406 349 3241 19750 734 16202 13735 12943 10670 1344 7090 4091 41 10792 9039 16882 2984 17230 7484 414 10058 7936
9536 8544 1063 19510 9203 7798 12445 1927 2165 3647 9337 19246 12456 468 18213 9056 17238 3395 8066 4404 17286 15340 3683 1463 12677 3980
8173 5586 12914 6754 16415 1892 1929 5437 13700 2207 3478 13870 5488 1977 15098 12525 4492 14597 7892 10616 9412 7056 9449 9777 1621 9946
14727 2688 8510 8404 13952 3492 14766 3925 17468 4608 1950 969 1935 11943 4171 11451 13513 15975 5885 11009 5200 8166 7343 15031 2445 512
13878 11401 3858 17369 6533 4366 4743 3084 6348 18733 10136 1338 17951 1026 3793 9233 2953 2816 12993 880 4699 4426 10436 583 18613 9711
7408 18783 12760 5043 420 3436 19586 12135 2920 15302 428 8627 6085 16351 18532 1004 18349 630 2526 443 11674 4547 9122 17162 12087 5087
10527 4939 3115 12862 3155 13171 5122 7933 6611 14055 11821 10264 16865 12595 9665 13644 7222 16349 15168 19791 13408 3952 15168 15834 18850 9686
3067 13 2748 7950 19640 12852 10222 273 440 746 15956 593 16604 12627 9258 12815 16708 15987 1962 1769 899 10761 5102 910 9262 15329
18363 10253 6437 6232 12087 1333 13217 5702 5544 4835 11399 6296 5734 14403 7565 3430 16692 6045 13749 1040 18733 18515 11478 12099 18276 15328
19731 8032 9481 10366 1161 5973 16112 5480 12237 1795 12913 14077 8005 10628 325 8819 1818 14531 17892 1595 13849 19898 4286 17246 237 10193
16518 1770 19505 4632 5846 13114 9460 5366 12814 13360 14341 13752 3422 4070 479 11481 6415 7814 7864 8335 9690 3809 6017 4776 1075 4052
58 17889 17644 5832 2224 18124 17678 679 17796 13753 11716 13627 4613 8324 3554 5890 13799 14775 3023 4899 3350 2537 2987 17456 18556 10763
15003 10478 10181 8015 18448 18751 17901 19963 1920 19234 13001 6485 8515 5511 5970 465 14789 1641 17553 8450 9794 4524 19907 17531 18048 18173
2685 1773 2645 9056 5945 6586 2521 17033 4315 9920 15775 13959 16454 228 11449 2708 2082 19089 1523 18298 2299 18170 17341 5855 7185 5564
13879 13012 1219 5248 11833 14426 6713 4998 9134 9731 3917 2994 6433 8280 15090 1037 3741 16096 2004 9244 6277 3445 7015 6474 13555 5249
17082 8471 2948 3984 16337 11252 16806 14078 14913 9113 19551 2927 18259 5183 4984 13132 18918 8885 3381 9409 14764 1117 5424 19700 14269 14420
9762 15774 18244 12956 16784 18230 19632 10864 15559 17593 19619 12242 6285 692 1362 5010 2792 8104 3653 18519 8613 7148 8423 2781 19137 14542
17430 3435 1306 19584 18561 16572 19983 3025 3544 15267 1659 1607 12168 3015 12424 6924 17016 19205 17387 13900 10224 15810 3402 7047 19554 14970
18194 16086 16596 9256 19148 14588 7504 616 15279 6728 17669 2323 13887 11716 16924 3175 4770 5562 6019 19547 2228 4828 4119 8617 6717 9390
4471 5516 5188 16661 19069 8635 13257 7533 15773 11061 10872 8252 926 487 15526 18822 8676 9162 10104 2284 15709 8062 16020 1510 11112 6837
8176 14399 7021 17595 11410 928 16609 8334 6826 4709 13819 17904 9742 5933 18441 6341 16603 16976 16697 249 532 9690 16096 18715 15529 9127
9171 1225 8284 11432 9011 19428 14228 12585 13299 10327 2645 6982 14448 1697 5400 17198 4341 16873 19685 16129 4247 9273 2805 15231 5407 16671
12271 5508 2344 11254 1625 8695 16551 7403 4625 4099 2574 1149 681 1672 16133 255 16244 4882 4108 2241 6101 12784 15485 1750 15985 5838
