365
70 40 16 71 91 68 38 64 24 91 97 55 21 19 84 13 63 83 28 27 97 65 71 65 19 60
7114 915 2402 13886 2080 4340 16347 5342 4221 1854 17961 9560 11111 11067 3107 7817 8910 8683 476 18715 9270 4528 11547 14335 5754 6552
13164 19925 9085 871 12004 3196 9470 18762 9547 19326 16284 3815 3771 7397 4813 10812 15457 17530 10461 14102 3640 336 12041 13838 13756 10371
24 19079 13286 15397 14019 19812 8478 5081 12083 6316 15292 18489 7305 18718 5391 7311 5084 5201 9079 19034 14246 18648 17293 18011 12836 18886
14074 406 14891 17350 9603 1356 3099 883 906 95 11005 12049 2982 19689 14695 16716 14382 3164 14760 19157 2821 15818 5233 7103 2367 19776
6480 7952 11552 1046 12936 17637 13945 1186 8915 653 10297 13015 13827 2821 7559 15202 10431 4083 1577 2289 6298 4297 6882 19105 3470 4443
7786 8629 10545 6360 4316 18521 13824 1462 2380 18475 19358 2847 12751 16633 360 9115 4982 4016 4159 2998 3145 12428 17619 16442 14916 18813
10805 15311 13079 9894 9578 15730 6193 4182 490 14981 13576 7220 19028 10163 3944 6512 1147 6046 13197 3112 11005 13263 1228 11763 17515 5386
7065 11206 17999 4794 17212 18209 6304 1337 1556 14379 4748 16383 12252 3447 1729 7406 652 2130 1942 4891 7201 12675 3207 1331 14683 16292
5494 3763 3494 9966 2527 18003 7237 13733 8324 11324 2382 18836 18368 8421 5823 7728 10760 13591 13235 19427 17784 17679 10988 11711 11304 6811
5376 15957 16410 2806 7411 19655 5759 10128 13941 2499 7913 8202 18445 15674 14013 17121 8388 15037 2631 13297 3616 9923 19586 8971 2044 12464
11566 13472 5808 8803 10500 5867 17901 12674 2307 1950 17919 75 3363 10914 13592 16677 5054 7698 10079 9670 13588 5169 9404 5738 10255 11241
15585 2288 14278 1405 19591 7829 17697 306 15351 11263 17789 19687 9287 13825 11349 12187 5264 17684 2036 14943 14224 19223 7637 13041 3047 1291
15280 4327 9781 7323 6987 828 12516 9266 13578 2252 16342 19632 932 12149 2730 5525 5788 12945 3281 19421 900 12178 3542 19941 7541 16082
3295 15467 9194 2239 1099 16153 16620 6837 15060 17139 3273 10507 16112 13385 15205 3426 4733 3938 15581 5066 10244 15744 235 3636 14576 638
6245 18621 3936 8260 15060 19873 2650 19752 15431 2866 7954 7928 8936 8965 7855 17366 17769 11634 4233 14403 215 819 3250 3870 2582 19314
17979 12172 14669 16911 6848 1606 5212 2258 9251 10860 14080 5126 97 3960 5314 1568 365 19014 8033 13381 13810 7069 1026 15853 6609 3586
773 13884 19438 4367 7230 14369 18040 11977 19867 18200 6533 12840 11828 12545 3580 3851 18312 18843 2990 15885 19163 19380 10795 18336 4041 9699
9999 8082 12858 9959 11510 508 17491 13670 5990 17228 12964 14273 12610 7517 8649 6758 9224 9358 9055 13052 12205 1323 14959 10768 15319 2867
12183 6815 13300 12687 18472 5028 7516 6035 11473 10470 17179 12792 11413 18260 2267 5041 3317 10493 17132 7789 992 9791 7438 12758 5740 4947
3114 2725 7343 1688 12996 10130 8166 4321 555 19651 14933 18196 3183 17566 9862 3701 7779 1178 14367 18937 12811 10040 15337 14612 6551 7935
5039 5019 16765 10121 8557 19360 13539 14625 12102 9216 726 1593 13013 15756 11486 13446 12569 16114 18869 15915 16806 5191 18461 16306 14937 19885
17977 16075 10019 7475 13977 2374 2941 10040 1314 5862 7226 17711 6750 7887 4328 133 13542 17546 9823 16597 15550 16989 9274 18625 15500 5364
7834 5635 11306 4458 14813 6002 2060 7817 2268 18772 15977 14250 4483 5379 2706 5782 18091 19551 11153 19444 16075 1586 4950 16056 14256 17799
8824 9065 18945 19562 1315 13440 2905 14675 9475 4615 8489 13983 11316 5202 11343 6225 18665 8919 8029 2379 7949 1997 2899 1667 13996 19686
3736 3493 6448 10782 10481 11500 14323 15187 12812 9285 7518 3279 5321 15847 9739 13164 14691 4510 10333 16896 4726 4193 16456 16656 15254 8007
10102 2290 4377 10664 6097 19161 1563 16331 7418 11962 17466 12864 16464 4392 10050 3577 13963 4959 3719 7130 14053 6871 9782 18490 19628 16183
4904 19226 7374 2845 3384 2051 4354 7660 17060 19907 12219 12627 6945 6294 14364 8687 19228 6301 7265 16263 9517 11793 1586 18912 6275 12848
16577 10465 3766 13498 1932 19068 14139 16403 7400 11850 1489 1413 15458 149 8051 18095 17870 19395 19406 1602 18234 7479 12204 2527 755 15094
12282 1402 17445 1712 14407 2913 10263 1822 2606 9666 11077 3338 15456 6381 3512 2237 17816 15207 19941 7181 12891 10686 12273 5709 1619 3279
16899 4011 13143 3211 14481 6778 4287 18278 13075 481 15452 16434 13498 16627 14255 6948 11572 1972 6489 7141 19672 4208 231 3145 2203 1418
4973 470 17612 2653 12099 7689 980 19318 2977 1101 11421 2759 6798 7250 14933 12064 13076 12928 12098 14636 4973 1133 9001 18429 5840 1755
14261 18865 15528 17398 10444 1764 6697 15287 3132 11493 2498 9324 3748 18444 17682 1820 18213 18476 7519 15848 12673 17821 14103 12532 4253 18419
13273 18320 11565 19446 8528 18910 8595 12592 9940 2869 1415 14906 18238 13906 8644 6533 15502 6311 11947 2042 4954 11452 1643 1844 13203 3092
8355 7585 4977 13722 18782 2422 13290 3869 11369 17234 18555 6658 1536 5275 14027 5548 14404 4796 19685 1547 18463 8446 11909 13551 9308 10485
5841 747 11438 5221 19724 18118 18022 18928 16940 4592 11240 15365 1412 1821 17320 4768 10346 12223 6900 7163 10456 10444 736 10072 4610 3455
18164 11708 6038 1502 2818 19388 9450 19751 15545 12669 803 16339 10639 3647 15792 10635 90 10038 18677 17880 15779 11579 12105 15822 11021 12068
14003 12168 877 19505 19759 16873 14495 3410 6218 10845 12864 6715 15802 19181 373 7553 8455 8281 360 1412 7428 10100 1561 2175 9190 3452
18013 11226 5289 8023 5544 3228 18358 17572 484 8803 8858 10839 15628 8531 637 19624 9752 2764 18810 532 14839 12273 7124 2895 9392 9762
5703 18017 14297 12427 11009 18365 18711 15712 12013 14684 7064 11708 7210 11182 964 7547 12781 19655 5135 14899 14646 6411 4095 896 10111 14087
16206 3694 11477 13910 19971 16754 10206 7116 16266 8958 14915 2193 15148 4594 5405 2772 17290 16990 5509 5483 9526 1318 14505 12967 18178 4719
3492 11629 19366 8722 11197 10298 16110 6525 16374 18261 9470 5725 4146 6433 6280 2606 12769 12152 18459 5139 13619 6452 15050 5222 18222 17380
708 8015 2161 18248 18637 14297 14158 15697 7579 18179 8977 5678 14004 10985 7897 4034 9733 4584 18649 11260 4648 15806 9361 8500 3302 19880
11270 3578 16008 18828 14755 19802 19785 15822 6740 19860 18343 19048 19179 9147 7794 17682 16035 2477 15862 3961 14711 867 2521 19112 11704 9210
8840 3471 9545 6190 6529 6818 13563 1063 4910 4900 6122 7301 10918 5882 13506 11421 8476 18459 18808 1826 18187 2278 6970 19388 4266 7414
15361 1713 5919 19087 15871 3669 18665 18001 11034 6028 15334 792 9197 13653 10181 11600 2539 13912 1051 4196 3420 4301 1182 19449 1195 14698
11779 10208 17072 9768 12336 9916 15601 15314 6074 19889 16824 14901 8988 19085 16585 15883 14090 15820 1923 11337 4202 1783 4991 8225 16143 11909
14709 11313 19240 14348 242 19197 3484 17884 6088 11317 14092 11461 5543 17394 11605 231 18670 614 15930 5229 9701 17758 442 11558 17379 12232
4392 9111 6244 16277 14687 3801 13726 8818 9872 16216 4292 1151 19882 19513 19873 14413 45 10532 14222 13898 2229 716 11901 9345 19284 9612
14151 4791 10657 5969 8160 5655 14266 11715 1510 3725 10653 14387 1226 6445 10966 10587 5239 19170 3341 7601 5464 11388 7706 18844 2690 2785
10150 9519 2389 8367 14924 5047 14533 16101 7285 6027 10458 853 5785 12630 15662 3949 13739 3636 14411 6949 15004 10082 9056 333 5657 11040
9101 13887 11068 725 14783 10550 13739 11216 14644 19283 1096 19261 2254 18114 15118 14519 1118 13214 17166 5243 19901 1142 15036 10112 15301 14403
19975 5049 19662 3890 15722 11211 18698 10325 19688 7250 8237 6599 2944 12766 1500 4714 15352 7400 9984 7935 15571 966 16779 14049 13671 8611
15775 4260 5941 9783 12968 17450 6268 256 2319 18667 19722 10972 14053 9434 9105 15069 12082 18500 17743 12145 7100 3093 14280 16092 8732 10698
4557 13654 8630 1414 7560 18566 15826 16715 6180 10221 3893 8880 1677 14780 5270 17895 11386 7427 17794 889 6064 13043 18422 1577 2201 5474
3260 17306 1687 13314 4049 13604 18687 17907 11132 991 13195 19385 4295 7784 6499 19126 10301 13366 9819 11932 7451 18857 12642 9530 14287 9797
16281 19741 15947 1555 7022 17803 6924 10942 19662 7683 3769 1152 10773 7772 12897 17944 7235 14773 122 13944 582 6667 10135 6644 14149 434
12799 14477 11024 8083 236 3545 12485 9876 14984 11727 12140 17620 5210 3259 11483 19580 158 966 8464 1320 9065 9602 17224 19391 19404 8181
6747 9540 10956 8168 2853 19388 9850 15872 5194 4713 15709 6273 14579 6502 16027 5508 16051 5513 18009 14546 9306 334 10330 9402 14457 11169
12172 4921 10188 11060 14498 5218 3982 17373 4162 1723 11093 15024 18764 15204 4462 10434 1201 10889 16973 1154 5768 10363 2919 3448 6871 8474
8548 3612 2469 9285 14043 18848 12386 18368 18015 16264 11508 4780 18604 4707 4767 491 17806 7289 1840 13343 16275 19853 9910 13563 13477 19661
5155 12711 9677 14865 9922 458 18383 2211 9443 7261 6274 10861 616 6176 9372 14864 12831 14269 1837 1156 17539 15725 3806 6028 18953 1668
10009 13013 6236 4495 7127 752 7402 13693 2359 5083 18642 967 7648 9257 7910 8009 8546 3054 17464 11260 2252 15234 7685 8438 9794 4635
6539 16519 19229 19210 8725 4401 11808 6397 13429 500 11771 14618 1501 17664 10544 2641 6945 1979 12439 15172 4366 8053 15213 11987 12079 14162
17498 18060 3939 889 5579 19223 13665 7484 3970 18607 12412 4203 14328 16018 7841 4343 16341 12712 14545 6910 14427 19435 1879 18833 2855 9182
4209 14622 14821 661 18053 6505 388 83 10276 13321 7960 5038 14421 6465 9609 9639 5864 2491 19564 2938 160 8625 3346 45 11936 19816
7587 3575 18982 5166 15097 7095 917 3372 13744 6613 12070 6719 13023 12971 6248 7842 10075 6150 12689 6177 895 9906 470 16250 4248 8163
11901 9023 15620 13816 17000 17057 11367 11932 11412 6230 13134 2980 18799 13444 10645 14659 6667 16693 6065 640 10381 8891 3398 8875 15453 12114
14343 7713 2767 12337 15812 12582 14842 4335 8460 5015 17531 19203 18495 5243 10636 4781 7509 9063 1324 5639 18103 16818 1728 17597 7619 9634
2981 15599 2269 10459 6108 15207 19500 18814 4700 18281 15292 2982 18686 18480 15446 10540 90 16249 16911 19247 9878 17067 12455 6549 11013 17316
11072 5365 12721 4854 18621 10791 2401 10142 10194 13682 6065 17381 7409 7363 19470 1911 18510 16914 2397 16157 19246 9824 4725 1094 17197 15191
902 6067 18868 18885 6352 8270 11529 9893 13979 1430 12708 6282 14043 2810 16961 2447 18013 7816 14774 19649 7639 16734 15412 1287 9273 8785
4195 14140 12829 3634 2285 12280 4552 11260 17588 4220 178 8443 11492 4130 12701 17019 277 7556 4527 1396 16554 12459 5478 18394 14822 16705
325 5614 16493 12683 13514 14852 12878 18518 2889 9995 10362 2000 11946 17392 8714 9516 781 4799 3081 17512 12090 3225 18796 4852 16192 13053
584 16718 14745 11679 3582 4878 19272 5537 15319 8646 17185 17225 18501 12619 19921 11364 11666 5531 428 11408 940 578 7413 19346 16106 13135
11551 2418 14450 4126 15436 3413 10970 704 19581 18456 19125 11757 19775 18054 1933 4596 14704 4812 17227 13981 19637 930 14339 1716 16900 13201
854 17190 4617 7828 11804 1040 12321 16648 5171 17449 10740 4004 17890 6011 16629 2891 6487 19539 14527 12473 5310 12071 16143 8984 6254 8160
604 5692 9505 17795 4682 624 7189 5766 15175 16804 9727 9409 5831 4546 14431 28 1000 5095 6551 6946 13220 11117 15187 19077 15585 10109
15919 4891 16767 1034 16286 13450 1304 1899 751 19766 7918 2362 7190 17079 19751 19066 13621 5801 10524 4384 3906 18911 9090 17596 8342 19986
19770 6647 13563 2087 1705 9870 17173 7101 16314 11736 9386 17153 3516 4485 15922 4910 9326 11319 1980 11435 16966 19024 14938 18962 5173 16372
6617 8864 7875 12438 332 19266 9049 12547 15075 13686 18085 3531 4243 8007 3491 10816 19687 15938 17367 17551 9947 1672 12151 17840 18766 9013
14755 14160 11360 12077 10306 5219 3086 16584 1050 11194 16318 8711 4066 5525 12228 18115 16633 3181 1349 13845 17324 8026 10386 11638 16802 5108
1910 17349 8371 1468 15210 4674 4794 16978 17985 9298 18213 8464 17480 4814 15467 3839 10105 5308 17740 5251 6218 15605 12743 13745 5591 7366
4065 2331 12757 12383 5679 14628 1735 18708 14915 4433 10574 12668 4510 12238 4019 17436 10096 6661 1753 16257 5496 3634 17495 19625 17903 2327
6433 10706 14027 6339 9668 9116 14792 19593 18869 714 8295 7961 9734 18402 4774 11043 9836 14699 1284 6933 13793 12689 1610 3519 13823 15515
3777 4700 13883 8332 6488 10095 17744 308 16253 12365 16880 7040 6591 17278 6979 2886 19639 17659 19241 5241 13230 9237 13138 1756 19451 10490
18610 2039 11604 5637 5759 11568 7952 12158 7356 8903 3893 292 8222 93 10206 12377 8580 977 2385 16283 9697 18491 13254 6660 4750 8930
19199 1201 11601 19451 15625 4741 17754 9755 12391 1829 1940 5912 11103 2675 8563 8301 18394 3475 7509 4868 6865 14782 15634 3129 14874 10647
2510 7426 12624 9092 10026 19561 16859 11761 9875 6524 2744 12767 18903 166 8589 12978 18559 10485 9243 5129 758 920 19669 8771 16794 16835
6226 18930 17607 1637 9650 13342 2985 17146 3550 19100 17082 19073 15824 15291 3587 7337 7142 13323 14869 11878 1699 1931 8481 12342 8093 12293
913 14080 3415 15967 18535 19966 16740 6391 17486 12214 18231 12836 7293 19705 4534 19243 14730 5393 8115 11978 18859 4429 2385 370 9019 19912
6249 11215 18926 7520 8853 19482 2333 10120 13895 5854 15576 9800 15853 15333 14063 356 2712 2905 8383 12608 14364 5236 8015 2231 9829 9629
1265 18339 17908 9748 12267 15261 8919 13030 14717 10584 3188 19961 34 4602 9642 10018 17106 14541 12410 8800 18107 16680 2131 7591 15247 15670
19779 1910 17637 19201 966 7482 12152 2775 2217 17327 9709 5287 14666 3620 19462 11663 1133 10710 3752 18326 1 9311 9496 10943 7765 18915
17505 12497 9746 11889 506 15559 9091 17077 5202 9716 9101 4 17602 11721 4216 4907 10430 15870 18676 6475 19379 3541 8602 505 2122 11314
6500 13496 1943 3043 2244 19662 15493 14728 3511 4724 15448 10956 18983 16330 7063 834 13823 9138 14451 7367 7885 9470 6865 8170 3257 13698
7005 2218 9801 18954 8230 4428 8262 9031 9525 13620 8400 12694 7678 9919 17887 1845 4426 2934 17341 1158 8557 767 7878 15100 5544 13013
19311 3508 363 469 796 5875 4746 3725 16816 10839 6497 8996 5640 10045 9219 981 12582 13871 16263 14932 10493 6818 6271 19805 19873 6413
1494 15479 4330 19560 3046 18369 4392 12324 194 14567 8574 11799 2999 2908 15684 12082 13671 2585 6800 3822 16948 15480 10882 10356 15398 16019
7479 17928 14697 14924 2452 7564 12354 18477 12494 13200 19554 4688 5888 13035 14239 19520 4886 8909 10978 19269 4001 10174 660 18177 1178 8685
7971 10656 17440 5004 8309 5328 9473 14439 15464 3701 19518 3279 7289 2631 3808 13908 9093 15671 14173 3157 18919 7523 14387 6221 11966 10685
783 1607 10831 2735 413 6593 11432 11678 16046 16169 3500 11649 19434 16403 15756 5718 16323 17735 1569 13422 2229 18166 1190 8068 15846 2802
18370 12953 11361 16274 3308 8724 15443 2664 16457 19503 14280 17276 725 19190 16852 6986 17149 6365 9432 19845 53 13467 1671 702 1637 2095
10463 4749 7113 7599 8126 16056 14744 4796 10718 2870 3526 13454 10858 15266 16808 674 10240 8221 4785 8333 16961 13613 17454 1282 8504 13427
16563 12659 10188 5595 14345 9848 13529 13461 18863 10655 19698 16828 2428 611 7661 18439 15759 2923 10511 3396 17449 13231 16551 16005 7189 5867
18525 9610 948 18364 8986 9993 6619 12078 7824 11010 14599 7567 1841 11472 13394 18504 7845 3921 2696 383 9325 655 8953 17156 2598 12627
17872 5381 11441 12447 7344 3584 927 18852 8656 15385 10312 10999 8614 14992 10331 14085 8042 7393 9873 9612 4221 1061 10409 10722 3177 17779
12828 13568 10513 431 4880 7187 4465 56 1504 4183 13945 12870 4878 4900 7946 3767 9145 19825 8071 14639 5709 13498 14128 12172 17865 4107
10188 19416 670 301 16503 14068 1822 9335 17216 5191 8151 7857 1820 2966 17927 15906 11371 7576 2609 5800 4253 10808 1976 12149 2655 6488
17609 7520 7105 18107 15504 3870 1766 12214 2020 13062 16571 18282 10006 13135 9878 7994 6990 12736 7247 4260 15423 5205 10780 11359 4614 741
14750 7304 4233 11304 14552 9952 7395 14919 5264 9362 13784 9717 7837 4734 11663 2156 2206 9218 10482 8309 11932 3712 3115 14046 13298 8330
8000 1422 13127 16200 3934 5367 17691 3230 9871 5901 8369 4307 8669 10665 15553 16788 19227 4517 12644 12314 5430 9300 5020 18694 11286 3986
12273 4621 776 2933 9849 16456 19973 4363 8261 5052 616 11752 6621 5227 4844 9901 13456 11038 2718 408 13315 4835 9918 14376 9743 162
2296 17899 16863 12450 6490 3034 12016 1644 15433 17355 500 12562 15526 1168 1395 3085 17718 2143 18134 5135 19002 482 10606 18753 17233 11191
14628 7649 19787 12135 17804 12291 1748 19961 18060 13042 12790 3572 10053 11118 5385 12410 14491 5086 14183 19820 19502 16564 5135 1428 10524 11971
18409 18048 1449 17363 14482 9338 19630 1421 2787 6660 14213 13368 12629 14971 5598 5042 13754 9946 13182 15051 17976 9294 11443 14627 3136 14728
14744 8384 2222 7015 12539 16587 5235 10050 3095 14115 15061 13359 15840 12483 1872 9615 16235 4773 11419 19854 7139 8961 15111 16231 1486 13301
13669 4657 14248 19790 2001 17692 14502 19321 17406 11400 5731 16906 3506 18637 19678 11357 7278 7845 18344 1425 12682 11011 12815 16445 6322 17960
2689 8848 12774 15883 17702 13827 13471 17499 1016 16153 16959 15110 19956 13408 1976 4579 10991 197 6791 11560 19927 17876 3772 9450 17136 6620
14521 2337 7009 13623 4890 10028 10751 6395 10602 116 2388 12515 18443 19821 786 11141 18698 19239 8161 13101 6426 13587 14530 9815 4264 10221
30 6231 8218 1730 8608 4512 3071 16710 13632 2745 17915 17160 13386 12938 17649 6754 18357 7402 15055 12895 18373 13434 3404 18151 14522 8689
18821 2061 4053 9106 17003 8128 15161 4735 7658 10616 9695 13001 16358 17285 5656 19694 19006 10282 2987 10163 14364 9514 7588 16599 19919 9538
17190 18222 15578 952 17611 6761 8699 5579 7063 7062 6369 5206 848 3394 5488 10724 7229 16873 13398 4532 12113 18211 5529 6757 6224 19775
11394 12960 19812 9941 7061 1086 15605 14947 14643 116 7623 5805 13436 19510 17566 15553 18221 2186 7027 12792 2578 15302 13014 14353 4229 2382
10165 19000 3732 17663 17408 10135 559 2139 9087 3257 1448 2129 2607 11616 17654 9897 13887 13664 3589 486 12477 788 11830 3099 18834 15835
19031 15324 4054 4728 15690 9995 18335 1169 19336 14316 1911 4582 13639 223 19346 18099 7931 5842 8263 6341 14252 18085 18469 17941 15280 15115
10944 18378 13137 3812 5306 9741 16669 19262 7101 16677 18340 758 12275 19537 19646 5462 2854 7972 8064 10944 8727 14509 14655 19306 260 2095
3579 17829 9708 4478 10791 18302 13512 13862 9511 12739 9028 6370 3173 6668 13602 11652 12950 16373 18882 11018 9338 1033 9002 7920 578 1565
8552 13139 7329 2129 3951 10360 2079 130 15266 15789 15770 16197 14224 10665 12397 14028 11334 1126 7305 8890 6546 11935 15489 2739 19761 9279
18353 13790 18569 7826 19160 7260 12291 6611 5755 9342 2658 2246 13893 14945 19908 11610 51 6110 12442 18343 12374 18711 1046 5540 19878 17596
18232 16428 18248 19758 19965 3277 4712 14543 18274 10263 1044 13080 6235 7231 8678 11351 5125 1595 15497 5494 1799 6423 11699 2978 11087 13518
6050 15982 10021 4975 19024 6041 6205 801 15232 2455 18506 1084 3306 2578 14073 10321 2687 18573 4848 9237 5801 11776 15200 19285 19210 8726
18115 417 14669 19901 7880 4817 15388 1158 403 4141 16433 7928 12062 9437 1020 310 805 18123 2071 2578 15620 8405 4943 6296 18236 16014
4580 15831 19518 15984 15551 18783 12896 106 16477 9916 1695 17087 18687 1753 16604 6641 7204 16015 19125 8000 17052 10042 11636 18804 15916 8085
2990 774 3155 6884 10020 2620 4924 417 1160 1051 3360 7445 14604 513 16427 12711 19206 7637 701 7420 2759 3098 7424 3945 11049 17262
18889 10095 19854 16939 7657 8030 7430 14828 3254 13599 13084 16922 6677 14749 17800 11860 1434 13955 9665 12781 5267 18460 8369 7523 1597 17930
19642 8735 10771 1267 679 16842 17032 2844 4896 14898 1171 15967 5032 13022 10534 14258 8639 9871 19866 13568 6255 13162 3284 18449 10648 3502
724 18574 12581 233 16544 13107 3429 211 4577 11556 3304 19335 11450 17721 19903 1694 16175 12815 17306 19776 14330 4511 7251 6568 19478 12417
4867 4175 19988 14739 11737 12373 19907 15949 12739 16796 8194 12535 321 18953 6221 17612 16076 3126 4907 19423 1778 19024 14584 7639 2331 9370
17199 10286 11891 17821 6254 18215 11262 9832 4513 17373 4762 11557 2716 3588 17267 9572 6285 11973 19644 5104 19902 14602 8593 4017 17464 6104
15210 10951 11671 18878 4214 19331 8032 1066 4703 12625 18281 7875 9168 18088 2212 864 2340 16144 1342 16289 4323 13886 8795 17722 19905 7758
11253 6840 6241 14950 654 19845 16392 16569 11 3382 6399 10222 19598 16847 8968 13097 12547 5076 14103 2853 11632 8084 17686 9935 5297 15532
10565 8721 14257 5332 11912 13897 2719 7338 18046 15967 16599 10769 13548 1596 4349 11746 3770 5325 13427 8021 2664 16303 17253 15551 11792 10574
56 12649 14594 17966 8461 8518 7554 13374 13401 1978 13248 1990 17384 12132 8738 6642 18700 12459 6132 6640 5707 13849 18822 12555 10393 6624
11263 9567 13203 2486 4192 15565 2281 3730 1102 3054 14642 11399 2172 1081 14426 15877 1463 9396 17030 10448 4565 891 4736 13923 8870 13508
14150 16718 16509 16498 1097 5505 7784 11274 6540 15892 17680 6183 16452 4575 7396 4530 11160 3633 10203 16492 17932 14040 2373 13037 4017 13388
19837 9548 13030 5844 335 2933 6078 19993 14720 15300 12832 1086 2924 1365 12735 7566 13021 10560 1400 12801 17693 4425 8450 4557 9162 5204
17589 8516 4143 9651 7346 7101 4787 4238 11897 5528 17845 13459 6564 18707 19565 9873 17969 5715 8033 9285 7482 12142 12966 7055 11954 6804
14050 4441 9698 736 4529 4284 5549 7357 11034 15796 13667 13323 17522 17223 8549 4200 2078 11043 13671 8711 10142 8018 13297 3125 19726 16934
15264 18572 11900 2263 8432 2396 17896 1074 11416 15944 16209 3428 5283 5165 17970 13217 11139 8479 16780 18533 18691 10295 3710 4369 15058 5380
13377 9224 14942 7801 3906 516 4853 11937 10957 13664 4866 1881 7849 6505 9972 12515 17300 2807 19897 8139 17831 6189 2740 15989 4966 12963
10315 8487 12768 2024 13483 5220 8067 12108 17455 14589 16854 3246 9665 16752 6713 18271 2782 9880 10691 12819 2649 7983 4357 2609 1740 1357
4073 1814 18533 7963 8582 10923 5464 6342 14976 6294 8931 3840 3683 3363 19602 4486 11493 17019 2847 4411 7387 19911 12141 18849 17073 11003
7279 7550 5390 6010 18684 14348 4647 3278 12313 4723 4502 8950 8510 14090 17935 19576 15082 9841 4570 10092 10512 7319 4570 12044 16383 14041
6685 15063 12774 3591 10620 7053 4728 18769 206 8700 19933 445 17969 2672 5001 10309 2276 1853 13830 9938 12762 16702 5636 12499 3655 18582
11026 12133 9234 19604 7884 17311 16249 2174 2916 5948 7733 14981 17070 10961 6552 12518 14947 11865 14218 4313 18614 5822 493 1815 10653 727
16582 11702 4906 9966 18840 13943 786 15597 3605 10816 13918 15764 1551 19639 11958 12384 13534 18715 11033 6358 11558 13081 19464 1280 12558 15928
15612 16020 5448 803 5581 8443 16392 2102 8349 17921 8483 19269 10075 7544 7446 2954 5774 6407 700 9402 3689 14147 4612 3609 17190 7127
2800 19809 18072 6607 5924 8118 3442 3082 8660 1356 14827 3938 18563 2517 7836 12933 2747 13296 19574 8082 11079 19785 7071 1917 12818 18447
19730 2320 12968 15010 9674 6230 14862 12451 12160 4818 3348 321 19595 6030 11969 12621 10748 12350 7260 10521 9460 19149 15074 13372 1179 5923
19323 15281 3034 5258 11330 14956 16025 13926 6981 6782 5931 15852 12098 13797 1921 4737 19349 4401 11290 7734 17818 16299 5444 1990 13249 15178
5891 11933 4756 9510 17826 5010 10305 3880 12831 9509 9093 10748 374 5239 8262 1144 16445 4491 7571 11840 5632 9980 6997 10378 4687 1023
17601 11470 17339 8844 15236 12215 15559 18443 13877 9930 17155 17417 19570 16269 18542 3369 8074 19230 5385 5005 12822 7189 19715 8906 5112 16554
1418 13238 1005 178 6567 8041 13130 16966 522 6544 9052 12290 18445 19679 4632 688 12852 5204 7924 14653 18191 1197 18171 12674 16378 3118
12189 19453 13884 3456 11691 11904 15124 4745 17944 9309 12834 1992 6735 5144 13527 11746 9757 19968 9962 12277 14530 13442 1002 12186 1486 10152
19639 1259 10747 19658 18449 13199 9797 6262 5478 14372 6795 16650 7370 6033 6943 10530 14467 6655 18779 7234 7076 18608 2845 18463 19723 533
17545 8463 3530 5528 15862 16075 16647 5583 4983 8432 10530 9336 4230 15621 6703 5348 6780 4384 10254 9231 3108 9892 15018 14931 1000 3558
15089 8693 4348 8511 6490 11656 4582 16974 12669 7543 1912 16765 2909 17878 1837 17724 8602 2878 18203 6012 6516 18317 13418 11890 12604 17532
2772 17988 10044 2749 15693 5648 9710 3445 6381 15633 12930 562 4154 14139 16866 7961 12264 17922 17595 13345 12343 338 2607 5196 19764 3702
12200 11623 14474 3236 11156 10490 4024 6339 9408 8837 16900 2082 9859 9238 6990 8793 10792 6664 16935 16908 8995 7198 6217 18540 15772 7129
14723 9593 8608 1729 15882 9958 10576 19682 6501 676 15092 18176 2106 19462 19299 18037 4766 11448 18669 9618 621 1470 6588 8976 19134 7026
18159 9255 12849 18283 3067 16604 13982 8866 19766 19461 15099 1243 14312 9647 3201 10350 10511 2277 954 15681 4644 6991 18592 128 16298 4805
2199 13583 11072 17245 16599 13620 13520 17404 4422 12828 7816 11934 18899 17388 14723 15922 16501 3987 7 13529 18612 14438 15000 1817 17151 610
17548 1761 5279 6487 2669 3161 8519 19825 4288 11738 13353 5687 11954 8566 8518 2520 7607 1843 12632 18215 5232 19838 587 7222 16548 10190
4091 11680 11589 9134 14085 3999 16372 14326 5266 15261 9646 16037 5776 9286 7765 6346 3725 12582 9632 17926 7985 206 19408 8674 19200 16300
18403 1301 5062 19450 3076 5099 8393 4853 9665 5048 9616 15983 17924 4713 14679 4874 19172 5278 4200 3598 17102 15476 19416 12296 873 16006
15369 19379 10887 11724 19042 702 13478 16673 19309 12319 12122 2920 12086 431 3693 13701 11166 18009 757 2989 16531 4922 16922 5270 12347 7495
8948 19004 3286 14193 2872 6657 18827 5427 12129 921 16969 1330 3900 18224 19206 7784 8110 11428 15565 4791 13269 13218 3441 4698 15134 12320
5601 11266 9066 12672 13182 11700 19059 11522 19786 6839 14929 15141 8690 19313 19572 15603 10351 912 15160 5332 6815 2363 11264 13804 6845 5050
2353 6411 2289 13762 7212 5595 5456 19837 3308 5743 7609 7577 13372 11609 10584 14154 9206 6759 5959 3561 7201 10315 3884 14124 15560 12367
9563 17277 10893 10695 9982 17397 8326 16484 18690 3617 11307 5282 11288 17573 15378 8148 6727 9563 16306 6616 19705 19062 11908 2855 9155 3874
19585 6861 11439 2833 1773 13808 5177 7517 2635 19809 3275 12164 15878 10617 3213 13480 13107 13407 8407 9271 9808 3612 18861 10105 17766 10257
9390 3533 8845 2759 4485 6241 14567 13460 2241 6201 5175 12842 324 5877 12067 1923 16690 17750 15419 9995 3014 8703 942 3855 16491 16092
8137 14356 14542 1294 7760 13993 19485 17142 19941 17344 86 2477 4613 7532 9385 7799 16686 14981 2192 19151 4230 15976 2321 7248 16993 6042
8566 14296 8371 18001 17102 2633 14102 11969 14564 3866 17544 11725 2311 7699 7588 8079 6336 6072 17151 18093 2111 5086 19745 3 5466 2082
13552 576 1151 3328 16038 13530 13739 14972 14225 4656 14055 4813 18018 16456 11377 11757 17341 2067 464 18035 13786 18150 16425 602 6841 17783
3831 19684 6795 2908 6808 6551 8925 15719 16785 10863 14260 3070 6070 19777 8122 18999 8789 4444 3577 19875 9602 17138 18528 18322 14539 18231
8918 10087 15798 12438 6235 36 8437 6667 6757 12366 13391 3040 6007 18054 16765 15727 6238 3271 108 16979 4749 5372 1303 13794 11945 16286
6398 6115 11557 19962 3794 16226 15930 9557 14123 18563 2674 18318 19408 17786 5799 1991 13139 7964 10588 11884 16000 17584 8681 2744 1744 14710
9125 1352 6748 13973 18005 13995 9233 3695 9691 8897 7763 1632 17108 12050 3831 12177 6485 4723 12609 2722 16908 3674 7364 1080 15494 13069
1227 18910 8138 15166 13704 919 13857 928 14512 14280 11108 11469 13492 16456 6763 17038 6058 10975 17513 13130 8018 7904 14192 17948 18676 15946
2306 760 7368 13375 9475 16851 5010 2777 13182 18905 5663 6704 3377 3497 13239 13424 17637 1489 19350 6610 12242 1481 5891 19011 5338 6057
19733 10831 468 12978 10021 4707 8371 5478 12218 7136 15884 19681 19608 19148 14108 3011 5382 13128 3497 17202 10160 11 2412 18053 4646 10274
2318 5717 13475 4562 19948 10620 9332 14294 9777 10117 6860 11479 8608 9343 9968 17254 262 15011 19562 8697 16407 2445 2931 13695 12304 1
924 9242 7274 19046 19546 15505 2183 5738 19668 12110 17865 1992 547 8819 13778 9174 12051 19471 18490 8897 15400 7304 17087 2987 17197 19200
17997 7175 9092 6638 15251 2407 13747 16091 5383 18806 17563 14478 5885 12937 639 15973 5704 11393 13609 16928 5795 8683 12530 9717 10523 474
1874 9186 18894 8378 4330 10085 7689 10372 15255 9593 7898 14899 1474 7675 5307 2533 9464 4124 4025 14703 4387 11501 669 19275 12857 4192
1743 17107 19918 19830 11504 2124 8714 8597 12330 15133 6601 4995 16110 15507 17803 19516 130 11496 16593 17942 8740 15277 8801 5780 12295 519
220 12783 985 1781 19185 11703 8145 8375 5552 874 8112 2406 1206 8510 10693 17269 12221 2008 17980 10310 14369 19197 1211 12397 8546 14397
12429 17520 11718 17652 14176 5365 2759 4652 9003 15204 11860 11953 16383 2670 1275 15137 15328 1538 17838 13614 9101 11534 17999 13870 11645 6969
6725 17474 12562 6298 4777 5923 4004 3615 17621 5154 17113 17089 18146 14952 5798 5445 18194 16391 6229 14952 18737 6260 11043 17029 5853 17610
5594 4279 15377 14894 14903 3849 10611 18809 5377 17133 9919 5013 1119 7952 13218 8300 4040 16924 9674 11080 3931 7997 4490 14202 17045 18463
13263 19600 7841 8499 15148 205 4002 18919 19671 4947 3186 12021 9922 7865 13409 12639 7887 16034 2498 1330 5014 17226 3031 3793 9914 3385
6798 6389 17672 782 222 8685 10537 17587 8765 16910 15462 8060 17682 6119 2052 11052 16635 16075 9651 36 3595 12494 12978 9592 6361 498
5393 16184 7198 4721 13205 4280 18032 15090 11316 16473 10205 15182 6348 9064 2557 7844 582 15975 6431 14436 17526 12562 15490 9911 10184 12018
18241 16648 17473 13523 9224 16860 9473 16026 16473 14574 12133 4616 17848 5413 13415 18422 3830 7733 6526 16146 14503 8119 1662 6862 11995 16558
3716 6969 14822 14344 10241 9007 5667 1817 3753 19696 3825 8545 606 17624 15505 2868 11421 4905 8662 1858 8464 3821 13749 11911 18403 7947
5321 6349 16324 9081 15400 13893 3581 12895 10103 7042 11674 8737 18428 207 9151 1547 13105 14839 5177 15397 14715 10943 19584 5330 868 17817
11315 13986 15537 4743 13832 14363 215 14835 13704 18811 15197 7281 9108 18717 8020 4339 12898 2332 15997 11021 779 2337 10154 7849 15430 4254
1787 1172 19109 7078 15901 17641 14254 13705 12607 19037 14407 8186 13134 11220 15715 18261 16946 2651 4233 2807 1908 19922 9359 15426 3141 7058
1276 394 4878 1347 2279 14526 973 1608 1558 15172 18999 15497 19232 17067 4634 3772 17848 16388 12834 18371 11408 5541 11422 17973 4149 12561
3170 17378 16037 3024 17065 11582 1639 12333 16955 1684 5848 4721 17061 4048 9732 3600 136 6160 17279 9039 2677 6016 717 8968 3871 3761
17585 11557 9666 18736 6773 5837 4787 4912 18803 12224 2276 3800 6141 15910 652 8874 4529 10337 7122 8062 17099 8768 13986 14407 13082 15769
9974 11443 10609 13122 12564 14916 5598 12610 15010 1407 2458 4277 5751 9498 13938 8262 18971 9092 11392 1749 1794 4552 14111 7538 14817 5158
4133 14511 2088 19984 3366 15681 3704 10258 12651 5012 10590 5625 4986 7742 11313 14580 15204 16700 2586 14323 839 11936 18108 8227 1738 2950
15060 10747 19701 14205 614 11921 17313 4719 10027 3455 19170 3094 19659 254 16718 16478 11814 6393 3205 6109 12305 10099 14533 4312 2748 3485
9406 4287 11703 18802 6334 19396 5141 19491 8115 12848 9266 1211 10040 17924 3574 5095 8864 12345 18435 13889 3227 11474 7567 3866 5215 13981
16767 7602 252 2412 4258 14818 3200 7793 7153 15192 357 5359 3077 499 14912 18440 11574 7556 11401 4114 5774 8151 4690 18408 18762 12934
14451 5785 13677 11102 12995 11248 13948 15259 4421 6609 13649 5503 303 12618 9061 6783 4295 9749 12155 12062 2696 7560 17560 14760 16517 10112
10445 8977 16428 7274 6317 15019 3097 19225 6965 1152 7044 16287 13080 17658 5403 6512 3525 2034 12708 2697 14165 680 9314 14089 9967 19876
16834 9216 393 18316 13882 12603 18523 19632 19127 15003 9476 13772 1520 17412 337 5381 3433 17530 10670 2252 10900 12537 14289 6780 3193 16075
9599 6174 12199 13743 12627 17781 17960 7847 7485 15460 11639 11210 16269 9938 18840 17631 1626 6572 9074 12131 5159 5266 7829 203 678 9310
15100 9238 4076 10767 15804 1067 15777 18784 10972 10524 9720 12682 9537 11695 18933 12853 10015 11325 11610 13056 8497 10640 1206 10873 6400 2534
13873 4736 18681 13274 5255 11087 2966 15300 17406 14017 4112 581 14033 12427 3458 15280 11563 8774 19223 5656 3779 17378 18638 537 2060 19056
6887 14597 14174 18556 9290 1010 59 3868 3518 13548 11021 14734 5638 6317 356 17224 17004 11963 1341 15511 5958 7197 13072 16940 14840 7468
7725 18983 15659 1254 19051 9295 19850 6964 15669 7883 14830 16721 2679 11901 15169 4119 9399 18247 16008 3421 3073 13936 10272 12651 8198 5710
121 975 15181 18490 19008 4984 5149 4477 4447 1015 19681 15521 2157 10842 1623 8203 5378 10155 2064 7509 19097 17660 7954 17340 5438 14364
866 12358 13950 9619 15837 181 19702 8560 13549 2479 12817 19430 12166 10985 2748 13793 6074 19729 11021 525 19941 7335 5714 4819 13904 10299
7665 9501 1081 15200 157 8382 5397 18748 12320 6125 1133 5611 1150 7203 17696 3423 19348 4274 1641 2814 10530 9412 17599 6220 17118 6976
1403 15489 10268 5013 10549 13486 17813 4355 365 10491 10253 19171 3832 12372 1496 1649 12952 1749 9979 5775 19576 14966 9078 12898 19041 15821
19161 17174 15287 3423 3652 1616 17219 1662 3040 7533 18372 3904 1358 9320 15397 17106 6805 335 17651 10673 2763 5464 7515 7214 6856 13200
2055 4599 19778 1991 7811 18587 16965 13236 14972 13736 14079 3121 240 19900 10630 19757 1481 13232 14210 5002 1031 3122 17118 12397 14828 5847
8633 1349 11835 4942 9105 17008 17022 18535 15580 8359 18991 5768 7314 6501 19094 8537 12352 13526 19325 10574 15204 13088 17170 13723 13094 1149
7058 18462 13073 2715 17275 5671 8279 2665 12099 3756 6688 5824 19745 15051 18256 9724 602 10071 2782 17377 18136 3439 17787 3484 16951 341
12105 1914 14741 12469 13211 14955 10342 15494 8412 18758 4212 18384 903 6750 19046 18369 17913 668 18079 15593 3667 8774 4281 6324 5213 8018
7203 120 19219 14687 5486 3854 13012 15954 14332 7855 17785 18563 1225 5451 9106 13652 16406 16094 19184 18470 7737 18513 15721 1848 12355 3568
15950 18952 1988 10712 18217 7763 15949 6174 5689 11385 2545 17578 14819 7336 11055 10244 10323 8215 18041 13877 18384 12343 750 10124 15453 6214
16571 2817 305 6196 5092 16600 17657 3211 10587 15769 7938 16717 6902 3884 5185 17752 11514 16923 19150 9704 10588 19303 5086 6508 6250 212
12395 19885 13329 14418 11550 4183 5402 11062 15476 2980 5111 4092 7319 10406 17796 11436 4500 72 6534 1827 5458 11802 10022 8952 5805 7915
4350 1532 12999 8521 12419 14959 4286 6275 5675 11784 3978 5027 10178 19365 17732 18095 3780 7538 12226 1499 15999 14193 2499 14450 14489 14321
12353 15680 9230 5576 15585 14318 9373 9222 3763 3959 658 15618 13148 6344 19834 70 14227 10842 17503 11040 5080 8621 7341 5998 16502 13593
2263 17227 14635 12688 7799 8947 1928 10211 5806 9348 9832 9934 5267 19690 19196 6367 11054 19299 16964 18978 4821 15809 15714 9987 17212 16383
1268 8184 6629 18743 17628 4317 12551 19934 13200 10567 17728 16386 15698 11337 496 5714 13730 1257 10675 9921 15882 9137 11147 7583 4966 11186
16918 18538 4221 7983 15969 8596 16606 4640 4232 396 16294 15685 17649 10385 17240 12345 18333 4851 15624 15725 10172 16734 8477 510 9354 5272
14163 6907 16528 7563 7806 1596 15715 16640 384 9206 7157 18533 5474 5651 3167 297 10648 19844 16374 17715 6096 13393 5488 19872 16963 9596
8090 1131 5547 16647 13756 6274 7043 4012 10782 5197 7443 8604 18525 801 5297 16650 3555 1715 7542 18227 13229 629 8981 1920 2167 1858
13179 6415 2831 4223 11579 661 11899 16807 13738 13877 14205 19009 18108 5223 329 5662 5521 871 9289 6874 4257 6362 11757 7899 12604 10947
9490 4411 7095 18135 9915 15094 11497 13763 14808 17403 1909 16317 6453 6380 3302 14510 15744 19797 15302 2785 9446 12194 9722 14667 12801 13964
16620 16613 17948 18805 10168 12141 5097 12022 19686 2540 4520 2199 4976 13444 14530 18506 9111 11780 16579 19270 7601 17384 13317 216 8111 5593
476 1364 8280 12804 19482 3345 10904 17557 1424 15003 19887 17100 6498 10221 14247 2703 14567 14972 8272 2582 14762 12358 10624 8412 1155 2503
10592 2348 14262 6252 11556 19864 757 9598 12971 12913 164 6685 8883 10262 11120 13959 4124 18183 17299 8856 18654 13475 10543 2098 8929 9646
8740 15662 7674 17445 19406 12165 10171 14058 10184 3109 8770 14181 14948 14322 11211 6470 4561 12696 19146 7419 2063 6466 15079 18459 19805 2177
12325 15561 18518 10446 1708 136 15218 18351 11429 6461 1755 14040 5190 13069 5972 9285 14617 19154 1196 10894 6347 12277 15994 9856 5937 8357
5465 18703 4262 129 1016 5042 18324 4745 15329 11557 18299 1739 15830 16662 9226 3140 14684 3629 11753 11736 133 13096 4354 10443 1775 2747
10580 10627 13235 14457 1633 3928 2431 5835 13935 10836 2377 1689 12576 19731 4914 11669 11456 12574 5849 8591 18536 1808 7947 18495 18120 1753
12890 10458 6155 15828 9203 1312 17586 4664 4781 15044 3188 10556 7757 10074 2973 14224 7191 13708 11536 19610 9427 17442 7245 18712 17668 13631
18938 7908 2919 19966 1308 7201 13694 13287 14497 11183 5616 10709 19130 10744 6360 13182 5270 8381 19822 16889 16018 4517 5560 19029 5702 4110
5261 12037 3856 3430 16342 4004 531 8144 17154 3823 9040 12318 11740 2683 2810 17108 3142 18199 17796 11039 2487 7113 7725 7003 13636 11733
1894 1074 18731 4772 1394 15079 16875 237 1314 13740 19494 1662 4599 12787 1597 158 10542 1887 2397 8571 15384 19124 8427 3479 11684 2599
17748 2100 15444 13153 10586 4701 16462 16002 8582 13296 6458 10929 14160 2916 16433 3235 2311 3632 15735 4917 19413 4793 6241 12043 4410 9940
9342 10005 14309 18743 11501 14472 10337 9889 6323 3966 3138 12512 591 8844 15292 12169 3427 2902 9993 9899 8141 18256 7336 6810 10688 18446
15983 11327 8574 18657 8623 12620 6783 3792 18281 18450 11001 12194 488 10360 10535 6719 4109 11269 18756 2833 14116 3381 3176 105 6949 13203
8267 7621 12343 16303 7232 3811 18541 5870 13484 19127 1357 2213 7533 14345 15179 2369 1349 17477 6154 10928 5621 7826 4827 1770 12643 17114
10849 3068 5211 12479 3399 13940 5208 13751 17984 12365 15058 14087 1876 18301 14090 16777 6025 18281 13401 8861 3012 5364 2263 12215 12908 6643
9696 14425 12346 11183 1570 18043 13103 17546 19367 15705 7346 15671 19123 15931 16004 18263 8066 15406 11242 10042 8630 16499 10991 16632 2742 18294
9118 4539 3676 15780 16985 18667 10322 772 11034 8350 4106 3352 13232 16901 4907 17859 7394 452 4126 17187 10639 13804 5201 15652 13339 2733
9024 9475 18257 10258 15620 17510 822 3406 10015 15475 10971 9518 7986 15415 7298 10241 11114 6293 145 17112 4051 13534 11775 15978 979 14961
15563 9255 579 9363 4119 1196 5148 13952 2476 16753 12047 12551 4680 7848 10010 19738 19601 7146 1833 1887 1331 18106 13619 9756 901 12743
17728 10403 73 7549 7991 18811 13912 17546 14928 17914 12642 4454 19126 6227 7961 1231 2079 11588 4337 18065 12307 13030 10050 5840 18220 13132
4692 18248 4657 17392 8761 17894 14008 11533 771 9416 6331 17658 19312 8185 7540 18038 15677 15387 6573 10896 21 5530 18159 1121 6332 13670
13553 3081 3319 2032 1092 837 17648 1414 12350 10264 10300 15603 11413 1467 7447 7323 1173 4413 1352 13424 10944 8824 9520 6240 12121 18318
11931 16006 11076 3456 7986 19577 2917 17639 16757 18567 319 6364 920 16680 17749 9217 18981 18212 15628 19844 4153 2747 10112 6491 12602 7987
8167 13626 8055 7491 8459 6604 5356 13899 4114 13122 6650 13365 3575 8586 8590 12922 3474 18337 7132 10248 15348 8411 10531 1700 14457 16935
324 10415 11743 1551 13772 12485 18677 4400 10441 2374 16682 17013 15066 9330 14195 6342 10909 17105 19256 3449 12805 15630 945 15569 46 17935
11236 1341 7036 1365 17252 14430 6757 4893 3276 14827 3113 3274 17560 2805 11729 17230 13179 8923 8689 14807 7625 13987 2820 19244 13428 19475
11267 391 18195 3735 17324 10284 4752 11159 13794 13673 8237 11410 5775 13127 3167 6267 13601 19227 2366 6380 4260 8016 18139 19864 7417 19016
18872 19844 1196 1644 3163 696 10484 6089 18082 18648 18311 12515 4617 15292 10997 9959 13287 11233 6557 2677 8851 8853 10620 12648 15148 10174
14669 13742 12323 12298 14072 16846 9482 24 5503 2645 914 18015 1734 10214 12208 18779 14161 15335 19676 6122 10981 13072 4400 8483 13629 14246
9944 14480 17056 6446 7542 11814 17188 3456 769 12019 2951 10672 7255 14652 13815 14335 6368 12992 3873 1307 7349 15020 2025 2837 6255 16056
17082 4943 8052 19321 10499 3734 1882 10803 3019 3501 4045 17501 1479 18982 14380 3664 11379 3484 6610 8783 8848 6364 6317 2282 19320 18277
7755 11680 19920 13103 13771 3256 19906 1790 8157 3253 5959 8538 9413 12783 9490 13096 3103 10070 1008 15793 10556 9221 8434 3381 16315 8739
6076 19464 17071 18979 903 17939 18758 390 570 1672 2571 5600 6090 18007 9923 5124 9261 161 4662 6019 6070 12774 7015 15091 11301 11826
9838 18446 19189 17762 13430 3509 4979 8130 9199 11011 8615 6304 10761 7027 6382 17095 13635 10143 19287 11714 15696 15915 19627 8516 10258 12608
16765 15302 2664 7991 13859 7171 12940 3987 18471 3513 17645 15393 15373 1406 18189 14531 11549 12085 6240 3278 17407 18734 1485 17173 19243 176
3947 16692 6081 5237 12353 1253 14765 16324 1049 18090 11013 13905 14729 5914 19359 13571 2743 652 9650 5967 3584 17286 17173 10679 6121 13728
468 17975 18970 957 6404 9179 1849 13148 5630 12307 13647 19911 9800 19622 7133 14227 16713 10462 7756 17596 2282 6999 15199 2573 14904 9889
17678 3406 7529 7626 1872 12520 16098 4361 19433 1305 6921 2266 14167 18153 3383 14293 5645 11425 7391 7754 3671 9525 1440 11418 12152 13685
17743 9113 19652 16615 13964 1042 12872 10867 14571 19172 12572 15657 8549 9119 8932 9372 15761 2262 9515 1539 13885 1326 9933 3216 659 12091
13385 3371 9952 15682 5793 15959 7692 12051 12551 5847 5227 1312 1248 17639 12083 4929 17995 9825 2651 5021 7339 13073 16895 1735 17122 17744
7316 12852 14099 2782 10459 12037 15974 2372 2159 18472 19204 16307 11503 8580 14829 12348 6676 11994 5206 6329 4618 16855 3834 6077 14983 8951
2891 3146 6222 3984 19676 922 6002 6530 379 521 1910 7947 2977 17902 7152 13722 15620 11482 3103 17985 14611 19224 14049 12450 6026 10558
15720 8419 4485 5583 329 4429 4037 10552 13713 12397 17577 15453 7917 4325 16652 19312 17721 13862 11363 7439 61 13779 16950 11741 12697 10160
14147 3372 2104 2122 1161 8671 9606 18669 15121 10672 10797 15693 5515 4875 15943 14783 11779 2973 5659 14710 10727 79 3001 10483 3133 17226
13605 9771 18098 5739 5908 4203 18518 19863 15856 862 12848 7242 3918 9575 7521 10069 4070 8535 6155 15874 19982 13258 185 11084 12109 3486
18199 15432 9119 8490 5405 1213 9329 12385 16747 2206 7142 6718 3407 19771 14971 14514 8758 9801 115 16488 4055 13753 15862 14552 14810 1183
14671 16098 730 14494 7612 10333 5317 8976 4037 458 10041 16874 8076 5963 18277 19676 10867 19450 9686 16916 109 19995 248 19925 7599 1271
11680 5689 10690 6248 5342 4863 6838 5505 12295 9518 1664 18140 7491 13443 16136 3029 15448 888 15898 4154 14648 5556 16859 4991 8555 17801
190 10444 12282 758 11313 4783 1147 8165 18698 1664 10902 17686 79 6473 10887 13897 11587 16765 2736 17555 19534 10005 14983 13362 11263 7668
16475 4118 14721 2755 12610 17598 3043 19982 9191 16836 2129 14942 13801 8617 689 7671 935 16276 14770 10754 4971 16481 18514 4681 4483 15984
18705 8317 4780 9009 10462 7186 10434 14032 15461 16811 17140 10540 12376 700 19976 2849 6114 17185 7542 18395 2403 17400 15937 16271 13475 19875
2587 8994 15555 8676 6902 17024 12347 13690 6696 18786 5167 1601 18580 16451 18268 5092 3457 19886 11791 1212 15350 13676 9412 2385 159 18700
19849 8101 5484 7278 8266 15351 8496 18061 17038 12975 3361 18150 2909 15876 279 10316 2681 10783 13138 5804 13118 17118 1408 5130 11600 1385
189 8202 10870 9431 14635 19076 11631 17999 17556 19818 19497 6523 19707 5791 19585 6882 11393 10742 14893 2646 16898 19691 2102 14800 3810 828
13702 11551 5921 14239 5078 17237 3736 7411 19704 16133 9057 15970 1569 11849 371 14003 8609 19140 7972 427 2221 11466 3074 15305 16968 14553
1685 4512 9172 3814 3979 4336 15026 2956 12868 7922 1462 5722 19883 4614 16318 14859 18019 9669 3882 3800 4894 1659 181 14307 9263 19459
15007 1772 11540 11313 3635 233 2439 3599 19267 13942 2649 4668 5321 13516 8505 6852 14617 15437 6986 15850 8968 5010 17131 7929 14488 36
10119 18655 15022 8211 10234 840 9914 7979 2501 1714 3600 4374 13099 14212 5064 13885 182 16231 2601 7885 2446 17649 7407 13799 1774 11907
3253 2048 9997 14690 13031 2651 12874 15697 13833 12670 10884 15483 17894 2135 13799 5268 18582 2667 8242 11932 9607 14999 5721 8352 1238 11438
3487 17844 6463 948 18079 7160 275 15170 17276 7596 12890 5643 10179 10370 12699 5490 19826 9762 10350 5328 16770 18959 3332 7109 14817 14096
13019 12607 11265 511 17107 9730 6612 7497 13390 1331 17 10609 17698 9721 18738 2976 11794 4689 7261 14176 1486 17299 17464 15595 10010 12437
16401 11209 6215 4934 11110 4023 14642 5389 14289 10507 4273 7261 8395 11655 10897 15080 17763 8438 65 15912 4979 5472 12709 4160 19075 7708
7260 6557 15723 5748 14197 1778 2714 9199 2289 9412 9670 3970 16708 11006 4628 8801 10730 12762 9080 7231 17742 5736 1454 10011 9473 2547
12767 13601 9318 8732 12937 5750 15352 19516 10280 16355 19823 12279 3650 18081 13774 1513 18724 19305 2429 18240 13371 13768 4601 7279 5717 6068
16809 10613 12854 97 10411 17933 2526 16206 11061 19957 9040 15576 6525 7834 18767 15608 11997 4828 433 4035 17012 18186 18825 9944 12374 13097
6880 12470 9808 1992 12791 5480 9141 6687 12612 321 17442 7135 16654 12510 9942 12759 7029 11330 319 5210 10515 10833 18935 19665 6266 1234
8975 13450 5020 9624 6682 12118 11982 9988 8065 13628 7628 2313 886 8256 2608 2934 10435 1715 4610 10333 1886 2426 12769 18673 13440 8348
9345 6454 2928 12127 12407 17590 2583 14459 6879 7568 801 11578 3012 18490 8956 14571 5356 5466 8511 11542 13218 17089 16916 18074 5969 13456
7958 5179 5127 4524 12168 3700 7301 13690 16506 11412 10204 12330 3352 12733 16047 19920 6673 3289 10903 14416 14717 19270 10229 5780 10131 8472
14911 16672 449 11817 12348 9489 19240 17301 12387 14810 8838 10582 14859 12464 8278 16593 19814 2222 17565 10860 6268 9624 14396 7653 9447 19531
11912 12597 15699 19891 2906 16033 12847 2196 19639 10562 18573 969 5410 13616 11343 6157 16382 7031 8977 7067 7388 11283 11332 17041 15 8502
14238 13652 9 14525 6072 308 9651 10272 925 8689 10292 12583 17550 2704 14205 3251 11991 8770 18505 15639 18675 16786 17932 19714 5688 2946
3231 11254 18746 3173 7055 10173 10485 2565 7248 10038 13560 5476 11400 2783 17652 5822 11067 6603 18832 10929 17029 10244 8408 5662 14193 9743
3792 10885 14667 11196 10264 4565 1593 18698 16968 6048 19219 8761 3005 15011 8797 13025 8635 12660 12840 1017 14002 10423 6510 12718 15016 9501
17026 855 4132 8041 10034 17628 6067 3463 7879 8629 3050 17219 4361 15868 12314 8120 779 14183 12896 4227 3045 5369 17336 9678 7129 13615
4162 15292 13607 17927 19526 19933 9014 3403 4521 19900 16357 1127 19795 2745 236 3060 9977 2402 11024 6582 2177 14604 9532 14323 18681 15406
6640 4243 13397 18241 12194 7321 18692 3840 14938 5455 8767 4495 18362 14413 16226 10588 4595 4754 19851 8325 18748 17314 11883 242 12052 6284
5839 12782 1036 2003 10901 4947 8900 18220 14834 18933 5660 2241 16723 4003 12920 13750 11070 4228 15942 16409 12535 3384 264 16675 7389 933
8288 8478 16449 1914 4165 175 17186 13721 1760 7880 4042 11169 6289 9100 19703 16061 17567 12408 8275 12023 9631 4164 7991 15149 1577 11480
1730 19834 10736 18525 13495 1311 2924 8300 13301 6768 17647 18560 16894 18125 7344 17820 3947 18427 1170 17095 13436 15258 12112 7613 3541 11390
18086 7744 1874 19412 2894 10066 1614 5426 3897 9067 12816 19992 7036 6289 7130 4892 16987 15034 16317 3227 7821 16188 19705 5053 16163 12804
11601 14244 10560 3148 396 3147 2500 16313 12105 16168 2846 16790 3081 19510 10462 9180 12754 15408 7434 18485 9441 17116 17832 9422 7378 4681
13053 9050 18562 4753 3509 4857 3675 2512 13074 12563 17491 19791 17907 9467 12075 1000 9645 7065 11882 16002 652 4121 11200 4614 17095 18942
7179 3632 19774 15352 9958 8041 2809 13505 14274 11263 19104 18248 11495 8402 4819 13828 13731 9644 17210 11238 5974 12028 5971 9079 163 944
5428 11886 2423 673 14714 8839 10030 10463 19845 12598 18172 15413 11297 4029 13514 8863 2476 14121 972 5561 2790 13843 14536 6554 5154 196
15846 17932 9222 8056 8990 7388 12823 4848 19956 6111 19022 15940 8492 6696 19913 8289 1965 5023 5408 16702 11773 2921 6301 1805 2895 13820
5897 5915 11666 9435 3157 4518 17580 6532 8610 454 12361 8955 8282 2632 14278 1835 3733 7569 13465 17012 10011 19632 6010 6418 11085 11840
17203 5532 19876 2925 19124 7100 16684 414 8070 1094 18554 19265 7109 19033 16684 18862 16398 10596 10371 12867 19351 15621 17678 3273 4147 12208
16731 13238 16126 2064 6292 14483 2663 16795 1766 12092 776 9985 9777 4200 717 19306 9759 17070 19259 7371 2805 16909 6689 12484 768 16202
9459 17065 10301 9328 4624 8403 9374 6614 4876 13210 2495 9563 5771 19197 3458 10523 7010 7834 15436 11031 9554 10506 1901 3764 16808 3062
12299 11281 2170 19736 9610 8 8843 12053 12562 7460 3389 3977 12952 5411 6754 13475 18039 10425 12648 4982 13534 16344 3374 10642 17213 4030
11212 15625 15239 7027 14352 2060 1364 15239 13611 8372 7213 4632 14068 134 19273 5116 8989 19591 19924 12167 7683 6840 4064 15455 14320 226
13955 12159 9979 18950 18266 13684 16289 10635 14410 17374 2528 7841 15834 5312 11059 8918 15373 14683 763 11387 4365 10429 10590 6315 12818 12250
13400 9322 491 8111 18422 12599 16615 17016 14045 6970 19494 8474 15009 2496 6631 10529 18279 8441 9305 5198 10847 13948 3375 7263 13574 16978
7683 11200 2270 18172 11240 191 7374 7097 9033 6873 11814 6306 13868 18899 13359 8157 3060 9462 2464 4256 2063 13106 18138 17745 17457 13829
18606 2326 6898 6206 3051 5420 16845 8885 5009 7813 18057 10245 17736 6346 19403 12794 19190 13046 5060 12458 10358 13881 18602 16866 2823 17610
7357 12634 10421 18197 14832 7356 18600 16741 1927 16784 19206 9765 5840 8143 15693 725 7384 2088 8065 17958 269 14860 7887 19524 7244 11664
19386 18256 9331 6105 9103 5128 13368 15962 12536 6579 2177 5761 14729 17803 9569 17154 9194 6215 13888 3407 1792 5874 591 15326 9248 14494
9231 13946 7243 1355 11680 13652 17763 1033 12784 11634 17436 6080 8637 18139 9837 18394 2644 13303 9126 7692 15648 11849 15118 512 10376 9806
4926 17789 12738 619 14560 1706 16368 363 15330 10617 13590 3418 7037 5931 12980 2582 19628 2874 2020 17284 19819 14976 9637 12086 9056 12550
6039 16284 6434 14022 5633 7754 6409 19063 6144 8674 5241 744 6276 15574 15908 17811 890 16198 10586 5370 4784 10589 2492 5346 14540 11935
1761 16910 3903 13015 3889 13541 15477 13413 7779 5209 9510 9445 11894 11766 3146 15646 11821 19253 4373 8355 18475 7832 17593 17598 250 17587
12161 6827 12577 18317 9004 12103 16775 5179 5780 19233 10368 15024 6181 17712 13533 18189 18987 13101 15852 19899 7956 4353 3003 9787 7907 2792
17551 798 14997 484 12025 12805 975 7874 950 15360 13733 5322 12018 6936 16988 12574 18732 19184 3229 16183 13117 11418 18350 10259 18134 11177
3018 8375 7039 2238 14473 5380 11107 3810 2033 14555 8620 2316 1328 19359 2758 19842 6510 8394 6330 9893 13279 19231 7317 7936 8246 652
13421 19352 11846 11928 10402 17065 9291 9446 6413 7577 4487 11441 18516 16224 18021 1816 728 3247 17352 17864 10532 636 13138 14186 5132 5087
13939 10928 19858 344 1619 19498 13987 14503 12314 6960 16851 18455 567 4459 9115 9178 17331 8478 14498 3926 9153 5758 4198 9851 2167 4557
5449 16184 465 1479 12758 5627 6687 1687 7913 2277 18016 1054 16251 16902 8534 3894 9152 18947 1803 18100 18271 17213 11854 19331 4388 9025
17866 16724 17330 544 14645 18695 14692 457 5345 10942 3348 2087 13457 2379 13706 5348 4046 3263 15472 14184 10051 13098 15593 10860 440 8793
6902 14871 8081 17847 7034 9495 14284 14266 4956 9600 11891 12961 3689 2099 10847 2646 16889 18964 1026 15160 18062 19416 17322 3519 2754 1074
2014 15784 7169 14048 17401 16683 14475 15002 16724 3825 11634 9192 6321 17195 9297 2345 5305 7912 19922 19046 5721 18389 4323 14539 19229 393
12588 15538 1679 3149 4487 7771 10635 16633 100 8760 7608 19657 8041 3 14132 10982 3854 9431 13605 11370 18387 18565 3210 6187 12728 1220
10986 9895 19992 2389 1582 14511 13947 19180 1718 10484 10902 1360 8812 10303 13652 2859 10041 2329 2346 1250 7077 12650 14680 6297 9574 16242
19966 7685 19331 8767 18206 7016 100 7225 13064 19137 5927 7416 11093 930 16601 7414 11067 13114 18011 9523 16793 7833 5601 3461 9777 13899
307 1419 3616 12517 4580 11671 2436 11181 16267 17174 9885 4571 9308 9155 8014 18903 16862 15142 18227 10172 13380 2973 10068 11964 9913 19847
7337 18878 3563 12298 6308 4967 16063 302 9144 11180 5197 6883 2626 13272 7831 17702 9408 11262 5762 17228 19063 12328 13238 11627 4283 365
9955 12180 6997 19057 10418 12577 5976 11211 13544 61 7987 11214 7593 4862 2693 7497 836 18234 12380 5861 4487 18403 1317 16090 3186 13257
