365
63 34 46 81 31 88 60 98 42 10 68 40 28 86 71 10 19 44 12 44 40 28 24 8 42 77
19906 14053 2914 2097 19789 10953 14099 187 7445 11057 8722 14234 3466 6588 14506 8882 19044 15073 4149 8836 6856 17501 18975 4024 13492 3851
17819 16256 13989 16958 17426 4099 16364 18692 16927 9847 3052 12050 16932 4922 220 11743 295 19235 13466 15490 17646 7346 5317 18773 3208 4484
8393 12323 8052 11008 1097 16969 1545 2580 7769 8587 17312 13801 15239 18924 13705 12804 15406 2917 13208 3969 11879 1690 628 2213 14534 18567
289 10074 10381 11363 17678 17021 16312 2910 9879 5241 14082 6433 3679 2880 367 5231 4331 1643 4687 962 10190 11648 518 5861 16389 1730
7896 18976 10091 19302 871 4874 16189 13243 14159 11399 17688 5018 7327 877 17120 19824 9278 10989 12387 10683 1456 4763 17471 15740 9324 4129
3733 10317 12432 8369 16861 17876 4019 3258 18339 2237 917 3488 9841 15883 15256 8199 9655 8137 8649 7359 18792 6518 8160 9766 8101 1614
18404 16323 6054 7918 3764 9060 12448 52 9238 18372 3289 5153 14291 7465 15904 12807 17795 1598 17198 10035 16207 3852 5153 5498 10967 16617
6456 1002 7570 6300 16130 9457 15353 17559 18330 3786 7085 1253 11665 985 6397 2863 7354 4777 3515 14421 3940 8432 16330 6928 5603 11829
12711 1878 3382 2763 11802 13307 783 1410 12370 15606 19517 10254 13872 3847 17223 15753 15110 8073 14921 17999 17352 3966 3981 7958 5105 17481
287 15521 9496 9806 17348 18459 12672 18335 19827 12379 17311 5019 19405 4494 1238 17354 7125 12904 12582 8961 11061 12222 11093 10187 11304 10072
15538 5068 3515 2311 17469 17469 10978 17901 14106 13375 15525 17787 722 14020 6902 4660 18819 10013 14894 10872 1033 10936 8045 5205 8032 17051
11572 65 12116 8112 3186 16395 13151 14027 11006 17270 19682 11216 14837 9260 14619 6378 5878 18486 14045 12837 15081 10773 9124 12262 18987 13981
1794 13427 11242 8014 3243 1406 17658 11426 14951 1950 11470 17727 15730 5773 8955 13321 16236 8634 6530 1001 10132 2863 11174 2306 12077 12031
1853 12028 2357 434 14356 2098 19182 9573 12957 3805 4181 16310 13719 5393 17884 17046 4356 7539 9292 552 1566 8207 13996 13914 17077 14770
17586 7551 907 5956 7346 9638 8534 11651 11890 7504 19306 15168 16378 12728 7442 15157 9156 12847 18769 19122 11517 7799 5926 16789 15583 17162
17054 9181 19531 18227 7276 3076 4614 18101 12138 17889 3150 9180 3487 13007 17139 12942 8118 9447 4080 10277 3937 11289 16265 5333 5338 300
1124 8179 785 2815 17658 14541 10738 18053 8255 5520 197 17799 10630 19973 11996 17838 1794 15925 14197 18014 956 16933 162 9731 19320 13879
15318 12733 5835 12865 3862 14742 11047 2183 9301 14185 11102 17879 17315 3424 16235 3708 6255 5618 14921 6550 19948 14745 1628 19701 12057 4464
17588 4664 1381 17941 13737 12137 15995 10600 14559 15024 16778 12902 14351 10967 5480 15380 17268 5021 8833 1945 1912 7705 3081 9229 2663 15904
6633 16080 17678 16362 16949 4839 17747 19248 12639 13266 3871 3357 12887 18929 19259 5771 1080 5651 12771 13094 17469 11231 9974 9969 19756 4160
8845 17427 11458 15032 15785 1881 8273 15092 16355 18483 14648 2314 8721 15896 19116 5881 11197 7596 18850 14618 4572 10079 19789 17629 18924 7611
16212 761 12266 10838 6010 198 13055 287 18784 3807 13885 5684 18803 2027 18923 18405 2774 14196 15011 9506 2826 13641 5366 7999 15227 16507
3510 16720 12249 1997 9431 17341 4643 3884 160 2975 12224 6664 10053 9343 15463 11575 4506 7514 16926 15738 16627 19129 18602 8052 19739 10540
17547 4114 7559 9197 2716 4972 3174 8982 8568 16670 10565 7586 1728 14331 18606 8850 5455 19137 18346 1828 4946 14263 17660 14299 7077 13805
2632 16858 9301 1501 18916 919 12714 9106 17135 1129 64 1596 2233 16883 6810 5785 17780 12692 1224 13398 7248 18164 13975 4884 7479 6973
19207 11800 5720 19061 14025 12444 17296 6843 1946 2842 18175 16845 4413 15698 8220 17883 18620 10265 16658 12276 291 12369 12366 7702 17393 1271
6747 19520 2433 16198 13641 5077 6259 10089 10265 1753 11253 19808 19910 13071 17439 13405 14112 19252 8425 12797 10527 17610 14832 10305 12448 12558
11088 5803 5791 2529 5413 14058 10269 15339 8920 14347 12851 17035 14816 2092 2417 6582 13460 2748 3262 17835 10932 17297 12247 13121 15996 3503
18959 14483 5586 19157 19138 13229 15016 13987 1591 2984 18097 4053 4640 13827 14789 2916 16753 11039 4326 4687 13816 13929 14881 2522 19444 5223
5330 14090 15078 519 11523 7380 14219 13808 7320 15654 8982 17309 6793 7994 2929 15007 10871 11861 15451 14876 12076 17555 4345 16924 7619 19996
18184 9223 4944 1873 12839 6233 14173 15275 2990 16216 19981 10097 9338 11282 18074 7399 682 4925 11001 19259 13963 11832 17663 3519 3691 1331
13784 15305 16901 8502 1946 4004 8142 2272 19547 5047 3390 18978 17615 1622 3196 11570 15247 17472 82 4597 7448 12258 7229 5531 18156 7136
18572 18018 8339 13054 3095 17089 4205 10012 16979 3940 1628 505 10512 19012 19629 1110 18318 2886 17277 2807 16322 18059 9420 18273 3987 6294
15014 10609 5119 4487 6702 9877 2574 9756 9663 11974 14840 8234 17045 12327 12092 8835 18262 5209 8831 27 16818 15690 4570 8645 11312 1333
2450 1661 18586 5430 17304 15315 10563 5786 7815 5953 6868 10460 12771 12488 4850 5358 18404 15421 16367 13213 16064 666 9335 17017 19812 17107
11375 10146 3533 5151 12988 1530 9195 4966 7682 2828 3773 6280 18305 19187 2789 2322 18619 12248 6217 12814 19143 3402 16485 4816 16825 5673
17945 11678 1833 12910 1823 19031 7204 19089 7247 16229 17237 10530 6359 4758 19602 13479 9159 14091 1569 4282 16109 11061 18052 15714 9696 13717
18858 9001 1229 4829 8865 14220 7032 11233 553 9565 9797 4878 13772 14102 16887 16157 18898 159 2544 19023 12610 14085 1224 17697 15409 15606
6228 1855 12378 5454 6183 3723 15168 1645 6613 3198 6884 19768 13392 6646 4538 10657 12009 12340 16148 11176 2226 829 281 10980 12759 16909
17223 2308 13890 19904 15860 6781 16581 7128 16884 19319 8143 3504 13403 1145 11303 11825 7489 17854 13647 993 17008 5399 19064 18818 6857 17188
13982 728 1090 4045 473 5149 9005 9496 8406 5572 13966 11264 6887 17538 3460 14036 14409 13847 3613 9350 623 10853 7908 18716 16909 6708
13358 19600 6657 9395 9768 13850 13656 10399 19663 13017 15347 10887 510 3237 15732 17440 18874 740 15066 4029 17278 12471 3162 15211 17856 18222
11565 16077 10091 4250 2295 8040 1237 10084 10645 13368 13731 3154 5375 15914 5717 2688 6291 9472 13451 15623 19623 12694 14103 8548 19498 17072
12599 3357 12917 17511 2062 11877 11812 12104 13021 10552 159 19036 4852 3938 3704 1885 3426 2853 2858 10635 12181 15173 12933 3765 15509 16537
4166 9473 19691 806 13218 16425 10255 14533 16291 9775 7806 7094 4296 5292 2769 3040 13150 7832 17630 16443 12772 6780 10639 10025 10559 10295
14306 18815 16072 12274 9371 3067 17853 3830 9506 7798 10772 3591 3881 12487 19654 5742 18108 19997 4180 17760 310 12009 10010 9741 3886 11525
18549 4736 19678 16168 5999 6724 17164 2051 8712 1058 10937 3254 15528 531 13889 17304 9104 18151 5572 19117 17527 10888 67 16400 13871 10352
7208 12402 9505 11240 13806 15006 9201 6098 15878 2576 3523 15718 11696 16135 8865 4421 5634 18395 3080 1948 5874 5847 750 2465 15545 8303
10993 11900 10693 5733 2352 14546 2192 802 7505 19744 18605 2712 2329 7904 2633 2987 16081 8611 3826 18431 19600 9334 8384 16996 15212 16481
19221 6124 15021 10209 204 6246 17488 18678 15327 6252 5614 9863 9788 16143 12849 6735 10781 12448 19934 11472 8914 4612 11114 4439 11610 9231
5903 110 2563 15558 13870 8786 19273 13889 15268 1418 914 12773 15302 279 12310 4371 1307 3798 19699 9580 7937 10818 18388 16042 3103 10451
5612 8252 4382 8672 10105 5649 609 19044 1068 14398 15423 17205 4183 9287 16153 11673 3377 6451 6330 18951 8056 2023 16821 4633 6633 16780
8426 14265 14886 736 4258 2159 10098 12519 16273 2073 14885 10370 18269 19021 12245 18046 15361 9071 9664 17605 4690 12741 4645 3012 14552 8697
8847 18627 17271 17215 12671 17819 7919 10079 58 13485 2868 4568 7056 610 5249 4614 15049 5748 10265 10122 13056 297 11217 10058 18314 8815
17896 18483 14578 17835 19246 12937 13098 326 12968 4425 2486 5929 5992 16247 12786 15779 10838 6493 627 5226 10790 2778 15484 19031 4732 14654
10998 16484 11133 2526 12939 16576 17480 18801 9102 6251 9059 14252 14874 17198 5594 15601 13308 16817 2304 19407 15586 6287 14207 9226 11665 11396
16485 6291 17801 9600 11721 14148 16416 12838 2633 11653 17650 3948 6433 4970 16497 5210 10017 14013 7607 14901 3727 14704 4303 9560 17355 9753
11976 19377 5023 448 13298 6537 7585 13697 4027 18252 1087 17607 19338 10964 6571 15352 19721 15523 19999 10006 4529 11359 10657 11426 16889 7467
8364 3835 1831 12896 18488 5936 17148 3484 19689 10948 8213 6198 4089 2660 4934 2971 18931 6811 2554 19606 19052 1162 16072 9028 8053 9833
9312 17720 9045 3850 14023 2517 9669 13579 11637 17407 11810 6664 16531 9100 3062 4758 726 15734 5176 17030 17200 9105 16024 13976 19424 17319
9209 7757 15732 9087 13202 14051 8683 4563 19888 7256 14573 16729 16942 19673 8430 3494 6305 19938 14537 19246 5220 15591 14250 3229 12092 7859
10116 12755 856 15996 14529 12554 9045 11042 8237 3192 12665 14489 2931 14886 6875 11854 16088 11918 12493 12848 2006 19267 1402 2745 2901 19783
18851 11433 16382 18413 4117 10310 2294 17384 11000 15164 17336 453 18141 6309 13331 9553 18618 19383 14536 8584 14487 6911 756 9185 725 9630
2923 2944 19461 11230 17741 14462 12888 11833 15773 9961 11043 15855 7051 388 9038 9067 9620 1430 1192 11531 5338 18467 16638 16200 19971 10169
19817 7766 5518 12215 5113 2640 7832 1255 3648 524 6295 13500 4783 10357 171 1309 12302 1482 3859 10049 8886 8544 7735 11941 15922 13155
19613 4710 983 2456 8624 5061 17278 18233 4384 14892 11799 8494 4024 13919 13469 15788 7703 12910 16865 15087 16506 5863 19408 15311 13983 201
14989 8290 12584 17979 19178 19867 14205 10495 15819 15451 5369 3931 17466 10434 11611 2659 6105 10154 12218 1400 10458 16263 9688 6407 5347 9430
6540 18347 15837 3636 12593 4431 10663 12724 11419 9876 3547 11555 14890 4056 1619 9721 8672 332 3552 642 4032 13232 6226 17220 9036 2959
4099 4390 13702 15514 19481 16899 15883 18109 10069 11093 10891 18842 10444 121 18710 19611 9936 14382 5885 19113 10135 15518 2274 5809 11523 3410
7832 6430 13357 316 19207 1339 16530 13263 12499 13226 4980 4956 5658 3958 7291 15548 7308 8305 11533 2976 3968 11464 7634 3519 18861 9095
7946 16028 736 7952 1507 16870 4466 12921 9337 5750 17800 14823 2447 13827 7929 12065 8440 14425 11243 9388 12316 10038 16781 12006 9853 8788
4124 4760 3311 5605 7281 2590 2059 8969 2983 13096 14848 3351 17974 13057 11216 9875 1810 18449 7423 13220 3074 3477 3687 19074 7708 13785
17227 4061 6222 5916 17461 1095 2149 13928 4471 7515 14213 9647 2659 18968 6420 19651 1404 7436 4830 15697 1480 10463 5223 718 6258 2179
6354 905 960 15598 4053 9833 16669 8647 15696 47 8489 16215 9381 16903 5636 14853 13770 16300 17927 18237 19616 17101 9979 13701 4235 2479
14267 6939 19167 5646 11487 17728 15990 14775 6320 1369 9565 19846 14911 11632 11040 8204 13643 6259 8456 7030 10772 14202 17058 6825 14290 596
8475 8390 6872 4227 10941 11937 90 14321 944 17841 9961 15722 8825 671 11179 1572 4660 12387 17929 19616 17278 15464 2134 15483 14561 12265
14519 2449 15619 6071 8654 10720 2074 5642 6548 17749 17910 17636 9525 9418 19835 13023 15383 6236 3435 8905 10888 7468 11396 18488 7270 15487
17587 15494 1764 12065 14501 3083 11534 165 17226 2019 19561 12631 19786 133 8636 10615 850 12022 9457 11439 14295 17372 2426 17422 511 165
12393 12830 156 2901 18005 11155 7950 16101 19244 9321 12866 19242 11090 2856 2893 2342 9492 11157 10496 5917 17076 9571 6228 14821 13006 15829
19948 15230 15130 10893 13181 9432 3474 6467 13159 1303 17826 18369 8312 243 1969 13939 8941 10181 17909 16784 8498 8035 10327 6866 196 1263
12529 2874 8199 13965 8708 5854 10286 11958 17998 2366 5398 5529 10889 15603 3542 5618 3860 19067 18606 12777 9790 416 11653 12536 19523 7762
9104 15515 8143 3588 19178 11378 4579 9539 19779 3565 4750 3579 9063 1028 6126 2063 17117 1452 3313 13559 6161 8589 8889 9335 9028 9067
15881 7889 2072 1201 19718 12958 6847 1374 7540 16386 2271 16267 18328 4391 1339 6695 4939 16998 16672 6622 19801 18665 6492 9157 9231 5902
7132 16960 10933 717 10813 4556 4390 6105 5095 13798 18524 9931 18924 1473 10328 11041 1649 18597 14878 6842 8606 2957 10081 15077 7672 3320
562 18710 12294 12242 8016 2025 19054 6752 19892 18428 4567 7756 15627 14537 5323 5193 3149 6791 15790 1301 19713 6152 12698 3005 7659 955
18289 18465 7556 3411 14680 5643 10922 12286 8265 9016 15760 17578 19897 6739 14834 15291 15515 11957 10879 13421 15226 2206 16384 12529 6168 7133
3636 18456 4276 3357 2101 13219 8440 4599 5763 9217 8817 5127 4205 4352 2904 15798 2308 5054 8059 4736 16408 8155 8006 17176 17357 11649
10573 19158 6356 2537 16851 3104 8572 18222 8027 17687 11934 11539 13790 9416 5014 15089 7331 17093 4466 13662 1749 17053 3290 1912 18054 19036
18903 9060 8850 12062 3238 10639 11661 12755 17163 5954 11451 10010 809 11376 19007 13967 13663 7096 7862 14960 18252 9500 5586 323 1033 9887
6611 16668 659 16683 17187 1101 2786 2906 10693 1652 13211 1763 4751 1956 9040 19671 19465 9612 13654 18830 11583 9421 18292 19691 14274 13755
974 13575 187 9996 14895 12871 16899 2843 15368 4005 4352 17396 18455 11893 17168 12167 10760 18490 3167 12067 5601 1326 17741 16248 4039 1013
18129 13555 12452 1835 14863 14723 16238 12573 10755 862 16115 13758 2812 14370 12743 6596 1631 17114 16695 16448 16425 209 19071 8766 2902 4712
11055 12941 7168 17068 12901 2116 1143 10356 4847 7382 6805 6153 10601 17711 2170 5520 14738 18640 868 6354 15553 19142 13360 8987 3710 543
10217 5888 7600 12167 13022 17961 5537 14150 16370 16822 1121 10356 13247 18720 12358 8599 14913 16029 10295 15605 9138 17970 18040 6482 2750 19541
10905 17606 1453 1514 12107 18302 1242 4508 9709 19421 6394 14690 17685 16484 13863 13728 3692 1879 15275 17207 4206 9049 18573 1035 19115 5386
8769 3872 11813 3799 2577 976 9419 12570 4436 10027 13751 10645 7796 11817 12976 7286 3174 16663 16643 684 8291 1110 11795 19413 10555 4262
2473 15388 12128 7653 11755 7038 5954 737 13460 17347 18651 18239 17022 802 7826 12767 2809 14580 9722 501 16583 15332 16908 15611 834 811
6505 1076 4301 817 16708 5185 7557 15409 9443 16485 3180 3009 4239 2639 18378 2010 5454 1846 13626 1987 5727 14040 11272 19525 5444 16629
14815 13618 17020 9848 13951 8766 8834 776 6554 6306 15557 18713 7591 15072 8905 6963 8868 16627 12647 15124 12183 10789 3198 2926 49 15273
12869 10494 8618 5161 5520 14587 3953 5008 10309 14938 4313 6368 18186 18821 248 4308 9155 14493 4179 4465 4459 2638 3233 327 14788 6050
15194 14222 1702 2255 3445 6007 15000 17743 2396 15954 11892 9870 15872 2343 14221 1462 18750 8283 1729 5085 17855 18331 10098 12991 12355 14306
1084 8757 1149 19054 10895 9589 11096 14581 1728 14538 2484 1887 12851 5369 17196 3321 4885 19440 1810 13516 2432 9559 419 14089 6744 4852
4610 2663 14241 16272 168 19976 12877 749 14558 8149 9939 19279 8412 18668 1290 11431 17309 6950 7370 5281 14798 11427 1151 5745 19447 19675
14735 16165 1351 12468 6886 14564 598 8525 18400 15038 17874 16981 15113 10310 332 972 18865 14841 4128 4368 18486 6446 6592 7786 7074 9312
12893 12069 3594 8156 4776 1727 11690 4754 953 14566 19890 3356 5344 9483 10278 17122 17908 6524 18584 15883 17808 13266 693 17046 6616 14135
12848 5623 9691 3324 3742 10076 11257 18100 15002 7114 7799 3106 18800 18982 19288 3452 7095 17266 9307 14850 11325 16555 15498 6665 11601 11502
17133 11315 11245 4207 6993 19629 10969 16831 9899 17166 9039 9078 15190 10332 3751 11706 10189 19846 5958 11185 11484 3568 11701 19383 14066 7322
4630 7970 5616 9410 19671 16821 4115 19878 3227 19636 9656 10630 12448 12122 5072 854 17465 805 4628 11183 4816 916 4234 11833 4870 18310
13313 7740 14552 16188 19589 7072 13887 13368 12958 12083 12435 13290 5616 3559 680 13742 19348 1186 14962 15777 517 18890 9620 3536 15466 1910
19226 19814 18461 19910 9785 19118 2345 10134 2903 13018 10567 13030 5926 16912 5249 18491 2896 12332 10198 17377 8195 7278 17593 8773 18684 14666
5076 13269 18281 17847 16017 6829 17201 11850 11887 5115 14937 8344 18317 15686 6782 18032 11905 3895 18875 39 14324 11918 11930 11194 18011 17075
3622 524 12796 7464 6118 12438 14773 401 8701 12855 5234 1003 14287 13424 4841 15076 9429 13883 16890 3690 8774 7746 18518 3966 13252 8452
5930 4475 14596 7082 14972 12065 11941 19967 12999 7471 267 6918 10223 12520 17172 378 2530 19412 19545 3602 6401 4543 18047 706 15978 11474
7759 7588 19137 7435 7409 14053 2686 15618 12611 15250 6371 6068 676 15370 5394 2120 3980 5686 350 390 6525 14309 8073 19180 580 8525
15575 11482 7448 9560 2525 18752 4642 7769 5384 12039 4685 3885 17141 5216 1986 14165 6639 19543 1083 2422 62 3282 13388 775 3532 2256
16761 2978 16571 16412 7181 19738 13896 2995 19010 14531 12435 5292 9616 9982 7577 7594 17267 18092 13170 18023 3784 10901 9885 8973 6131 17768
10395 7011 2366 13650 1374 10486 10386 861 4634 10754 19997 1982 14693 5023 8982 715 15553 15499 3196 10267 10052 14602 18785 11873 4458 16595
7981 11100 18347 19914 19034 13634 11023 14573 13023 16579 1298 1407 9435 15179 17255 3885 3635 16168 16928 2058 8896 979 17873 17177 14037 11647
14236 15927 5870 17709 11157 17090 11480 6774 9092 5306 1398 1982 17605 9869 10349 16060 16222 3845 10896 15825 13087 2071 6535 1090 14794 3744
2351 9788 237 14768 7641 8290 1419 9782 15033 19636 10080 3182 15312 10962 18925 8730 19025 1868 17945 15810 16931 13421 18483 11468 2405 16701
10613 15076 9623 12557 359 19699 11409 8598 5786 5102 5389 4017 9425 18540 6423 492 18351 14732 2589 14116 12569 19000 11319 17177 14674 16671
376 7838 11933 14598 3696 4504 17971 11855 14691 7088 13360 14924 11799 19205 15108 8678 3141 9516 4924 2903 10939 1473 11516 2474 14270 11774
1656 5874 13091 3330 19396 8537 4869 4488 4486 12897 4303 826 12260 13609 11158 7466 19171 5379 13847 16409 18623 1837 17877 1248 2814 8338
14199 19248 2121 10634 13203 18047 4555 12668 15283 19577 15204 3294 19496 6460 19257 11831 16962 18775 6954 6597 9079 2377 9709 6271 16559 10264
5359 6116 10904 1984 4499 18985 8817 897 6259 4072 12668 544 10065 5921 5333 18527 10057 15313 16701 1297 3689 13867 15939 6353 9339 2373
14366 18382 168 8356 6597 10140 684 12364 25 17112 15826 18350 6304 4182 17956 18327 15588 14940 15263 11248 14511 12286 8198 7452 11049 15996
9751 17648 17745 7224 1487 1654 866 9298 7825 12473 14754 12217 1170 12047 7597 13627 2240 13667 5945 5022 16 9710 14827 17238 17850 1727
2233 7096 13531 3997 9803 5792 3386 6382 8538 12000 6861 10386 16505 8710 7020 19821 12821 16206 17792 17899 14307 8157 10894 689 6859 14193
18959 4629 16626 19918 11564 16644 14605 4509 19631 5757 17953 12993 9021 6223 6833 9560 16360 10000 4519 12750 15936 5990 6214 2968 14362 6031
3089 10485 12576 16389 3113 4278 17274 7251 16065 16217 1282 5600 12413 19261 200 5526 7280 15082 8805 14626 1537 4099 7226 734 12282 11418
18035 14253 13273 836 3642 4405 6854 6200 8976 13296 4037 10431 15630 4675 14505 15759 18235 12949 18585 19939 11778 12839 13600 14783 13458 5087
16105 17527 5073 13964 6488 3690 8311 1832 14520 9732 6686 17030 517 10311 2321 8397 5076 8266 12769 19823 4627 5121 11350 18373 18220 15812
1378 16608 1470 17385 10987 15397 10349 9153 7800 6259 4027 8964 8221 6717 9348 4046 7325 16243 14144 5019 924 14309 10672 9998 9371 15493
19760 8580 18989 324 3337 12942 13812 7279 12587 10603 13769 6080 5097 2834 4314 14712 1343 7823 11014 18152 10290 14283 13028 9278 19692 914
3017 8860 1767 548 6904 4047 15307 17223 3792 1372 7417 6489 8647 12066 9701 3426 4968 3696 15364 17072 13311 10926 10604 6368 7839 14811
8676 8646 1110 10002 1609 18966 3709 2399 6685 5485 239 12216 4488 19977 9676 3681 17156 16873 1181 12289 8813 3274 10208 19610 17392 15220
3783 5432 18323 3343 1529 17481 5703 17856 17785 4311 12152 4597 1953 6719 13578 578 3032 1952 9354 2011 17828 16513 9480 9086 10617 18932
592 2579 6700 8241 6158 3566 2786 14139 15900 14514 2867 2999 15559 5269 13310 11728 10593 10924 1687 11331 16216 6778 15597 15561 4530 18174
2829 17088 17613 16339 19399 1981 7032 13362 13781 18897 14832 17889 5166 15247 1132 15882 13532 15900 16604 6086 18985 313 5962 1636 11235 2261
11827 4000 1746 7492 10423 7833 4599 18276 10634 10693 10520 19033 7230 7349 5203 307 10640 3505 4605 12007 18012 18317 7554 1648 13056 17549
16151 15048 15978 17316 18720 16881 18759 8721 9024 6399 9492 9765 12053 18272 1251 14687 15254 4109 7115 11954 15451 15864 4733 16114 10343 3215
520 12765 17753 15911 10358 14501 10478 701 11663 2064 5122 3000 3773 4231 3197 9482 997 19240 18213 5127 6568 9657 2971 17916 1550 18158
12220 11336 7616 19608 2732 15132 13900 5622 1807 1745 10372 4797 10651 73 4413 14767 9624 4836 13043 17799 5582 1836 4500 16566 8266 1886
120 15645 5909 6790 3032 7937 9153 10975 5340 5079 1710 1201 16232 10490 17095 239 17620 18358 5812 3233 16625 1281 17193 16902 11804 6838
8569 8091 3784 7368 6137 13469 4530 6161 1230 2111 15655 1431 10792 4968 13897 914 4680 11652 6027 17800 1293 17217 15019 3046 9067 5446
17485 11571 5534 16161 8803 7444 7657 18398 5065 18125 13537 8134 11934 19973 526 3531 7279 17480 19388 6917 6940 16587 10058 6800 9043 5780
14647 16695 13845 4553 8981 1320 68 14651 6800 4582 3471 14934 6265 16763 11471 9811 834 8392 18991 8764 14603 12735 793 5774 3156 2245
253 3987 15308 9353 16730 1291 4726 15075 2651 6520 8818 126 17047 6701 1303 13369 15330 10822 6653 14236 660 7695 19245 1652 17557 450
5434 3269 19479 19720 15282 13257 19493 19592 9980 121 7950 68 6331 9622 16792 7721 13036 16337 13684 9812 6695 8616 4562 17791 17350 823
12637 17325 15199 15812 6971 11419 1602 225 3202 5699 8334 7217 12414 11782 18405 14921 17251 12555 17457 15772 16814 1252 7012 19909 9684 18868
5319 10415 11830 12125 8410 4800 18296 17765 16970 4997 11851 7822 7564 10707 16937 12039 2141 6177 1426 12620 13669 18528 16723 19810 1541 1424
9585 4816 13778 18760 5600 2044 8622 16216 11780 18247 14216 19903 7909 19305 1837 5394 1987 8904 2294 11290 17411 10195 538 2294 18830 18367
14249 12043 17010 1381 11452 311 11476 12803 18256 7270 12770 10336 17253 7651 15805 7599 10036 13295 9427 9215 13336 5389 5847 15742 6574 3853
3858 7272 5279 18474 6904 2162 571 16998 1171 10296 7781 13878 18686 12108 12308 5711 10599 9653 5431 7224 18910 4617 18062 8478 3198 19597
17560 13995 11360 6500 4637 3876 3098 281 15053 9470 10784 9499 17265 7618 9419 7042 2437 8221 14548 18481 2311 520 9598 8940 12826 16705
2702 18194 345 18125 7353 9854 5428 10557 14920 13184 390 4076 9706 18755 14887 18877 13723 962 9037 10187 15255 4804 12370 6204 12634 15427
2012 6652 1115 12536 18651 19589 13408 19922 11330 13007 13132 2196 1225 19593 10467 3959 3086 18134 2823 958 19284 5530 6514 12602 12277 18968
631 13070 14337 9411 4974 17816 9802 16317 8122 285 11273 12001 3576 11409 14363 12436 16116 1468 19593 7629 4356 1273 18896 14345 15871 10957
2175 7541 18256 14806 348 6171 9472 7500 4535 15393 10679 13955 18753 8116 16280 9597 9696 19918 9947 13145 10336 9547 6557 18929 5319 3495
1253 18304 7289 14717 10308 7728 14736 352 14187 6930 2002 12947 19720 7627 19615 1280 2168 2800 12073 250 11022 5741 16466 9368 2223 6831
11308 9551 3833 19644 3183 1445 6497 17351 12487 19985 18256 2577 4831 1612 9289 14188 2801 12777 18493 2308 5310 2667 18511 18698 358 15979
4379 12038 11475 8000 5968 1025 803 14916 9466 616 18903 10369 5918 4300 8486 2203 6083 18781 9283 18842 16167 235 2694 14520 15640 18871
17383 16969 17426 1357 10887 11629 15895 15614 6967 6162 3382 16937 2105 4354 580 13193 3992 9475 2514 6107 8844 4775 17812 2849 2891 8333
19487 12175 6026 18751 19415 10360 3188 13835 13039 10744 19549 6561 11907 1377 11695 15708 18867 11060 18620 17163 16676 12174 12832 18628 8920 13933
1549 3699 2167 5111 4709 2884 11306 18268 14479 8835 2007 8019 605 6868 18471 17957 9216 10344 9681 4072 13509 2204 16356 19435 17136 7556
2439 3707 2958 9560 13749 10778 7057 8639 8910 216 9852 15979 13567 8637 5765 7395 10766 3993 17191 1639 17500 16328 14453 6296 10992 7417
15913 4771 17914 7672 11515 7962 2135 18542 9522 10229 10508 13545 4071 8830 17030 16250 15271 4580 15347 214 10359 1541 13867 3526 14598 19831
5586 13414 690 12406 15219 16661 1533 2656 4257 3396 13127 14358 10938 18318 8727 6784 16148 12878 15384 2269 15977 16853 15441 4433 4599 5653
4724 3048 4725 11369 6525 17532 3119 11876 14870 1030 16341 12300 10644 5072 1615 7708 181 18748 17028 14983 14785 9624 15122 12567 15327 580
4653 16752 5573 2984 12856 18575 6583 11217 6579 9482 4171 14842 13493 3537 361 19707 14424 14366 7142 6727 616 8933 4240 18015 4080 3162
451 7472 598 13576 12009 9577 16311 4493 13886 9536 720 7175 7773 9233 15971 14343 18694 11532 2494 2913 6848 7125 18722 10630 16309 13754
13293 9451 16633 9312 18950 8716 16590 13388 16881 11441 13232 3318 9690 4447 1151 3751 18558 17044 16860 4882 5202 16522 6222 11051 1802 4565
16130 18545 5249 11291 10055 1828 16281 10882 16344 4698 19779 14265 8504 15141 13605 5513 14170 11571 9307 1785 19309 16074 8388 4610 16968 18106
3446 10116 7450 10701 7500 11521 19119 12595 12554 4848 978 444 5630 3908 7318 13852 13914 727 18863 2103 16004 7756 8550 15860 4247 18361
16613 11052 5300 17450 8974 9335 4890 1666 17202 6952 5 12296 7691 1826 17307 8494 13338 4385 7950 9842 12500 15169 12058 19742 9300 4061
13818 13670 9986 17203 17339 13052 12595 18586 12007 470 19834 5364 15494 4383 12331 19759 214 16687 17904 967 6713 5004 2243 7846 14490 19599
12874 1307 5288 13503 2810 7012 3855 1739 18787 13538 10747 165 5212 5093 19817 19874 19783 4646 3820 4826 11963 5178 8102 7589 12286 18175
5213 6005 18263 10083 1364 13666 8495 3122 5401 3045 94 6962 12127 5897 6146 12454 14860 5865 2494 12212 13448 18684 17956 3998 754 2694
7626 12504 19275 14274 13276 8930 16289 4294 13997 12560 8026 1020 10913 13902 13672 14100 14 1810 4448 7508 3571 11651 7115 18999 6526 19914
7597 19103 8721 12151 90 2388 3399 3599 8306 15908 9626 4542 1532 7331 4803 11956 13251 9481 558 754 14041 7478 980 5331 13057 5171
4584 3273 12407 12863 8937 2478 10717 6917 10814 4571 15572 14744 7687 186 18716 19755 2851 3076 9610 5438 4392 4097 9161 13097 15341 5368
19231 16322 1085 6314 11236 1652 2527 18561 7992 2131 13723 10918 12667 7985 15079 19960 18156 16593 1386 16808 5811 575 18321 15130 15976 5845
6171 17884 18095 5069 3683 3697 16387 12473 19594 1678 16418 7048 16466 7809 2066 2840 4634 19212 4543 6763 8624 11722 15717 6557 14410 2146
12276 2333 11698 3272 5932 7661 4250 855 5153 11921 2482 12346 1607 6743 12391 16301 12785 15195 19879 12337 10690 6517 16310 4926 3824 4842
10414 16617 6732 6156 14791 18518 3898 6913 2982 13981 6468 5782 7812 7832 2148 14097 1345 8449 3676 7608 3538 3338 12982 8259 1325 7789
17538 10336 15911 887 14711 10494 11965 7943 675 411 1285 16624 12101 6966 14435 3753 14193 17843 686 7346 13285 16218 146 3273 19219 293
5755 16587 16439 5113 4626 13367 18237 18328 6808 4190 19800 1495 19773 18391 19540 11951 5926 2763 14182 18011 14268 8434 10032 2338 4613 11897
8692 8226 3141 17359 3281 1054 7309 18948 16807 8322 8600 17518 216 18269 8871 15866 19945 940 8491 5748 931 13071 1707 1641 5107 18069
12725 16212 5438 5249 9311 11224 2039 11866 13923 514 13238 8923 11922 19585 18475 4435 3205 11731 10038 16741 14299 8502 9906 12078 14805 10592
17774 7952 16879 4330 3313 15800 9110 17846 5266 5296 610 1549 15008 18679 10521 6365 17378 7207 17474 17638 4470 4396 9543 13950 18959 11775
8584 1980 18660 7839 7250 8927 5640 2854 617 1482 16974 4294 1525 2327 10799 3133 7922 13407 5225 2082 4436 16076 17457 2322 436 7626
507 2084 5826 16814 2769 16922 15926 12884 17781 6528 13242 14500 10322 6772 17243 5845 2292 13457 15380 5186 12991 2816 6507 13349 4195 8972
9129 19927 2167 16546 1186 12814 5349 14197 3050 13258 17269 14297 6754 8965 8932 13899 7413 4424 15601 19254 19706 5083 15489 5131 18098 5156
12853 2866 19676 2390 13599 12749 15458 18844 18401 9229 9897 5540 13701 10492 11569 5256 12637 11391 3641 7929 15018 8854 2256 17507 2586 8707
11501 17967 18962 19423 1547 13362 6251 9 6047 14598 19038 18720 1995 16627 1402 14486 4677 754 93 12794 16908 1294 16700 993 9556 5595
12451 3136 119 4063 3302 4575 2385 8353 6477 12892 10022 773 205 5179 13995 17166 18947 2771 8415 10319 16863 4891 9953 5822 2631 779
17937 2999 19854 6101 4206 16195 18621 15945 1031 14936 18278 318 19779 3540 16826 5714 7010 15370 6484 17109 10192 71 15011 7875 1259 16781
156 6374 5638 8233 19340 8846 13633 17677 14894 1771 19472 11251 2299 5997 2691 14069 12757 5440 14461 14691 9412 7857 5001 6630 19061 1072
13092 19767 10556 12044 10985 4498 4598 19412 10086 19628 10919 1980 6655 19368 14880 9600 2774 2727 13635 19743 2304 2167 16752 7379 4551 10002
2199 16393 5334 9671 18945 1561 12676 19027 12190 7683 11354 8236 5311 6824 2828 12308 9486 14175 19224 13582 16624 3280 7665 12746 16782 9706
13360 1701 17605 6432 18602 10668 17750 4844 2126 2140 18695 2883 0 9090 16126 6045 15258 11628 11222 12921 15876 16124 7836 1061 15716 19726
14731 11987 19636 12681 10517 12734 12338 19940 14831 16279 16070 6251 13420 6691 14367 16381 12135 9622 17816 12883 17592 19586 3788 13736 8115 2667
4171 2650 1174 12119 5661 1890 14530 18454 15584 18798 1819 15287 2365 18155 14423 2705 7054 6176 9671 7412 14561 5672 5769 8434 4909 19827
9942 14321 17505 11672 2716 2286 19912 13042 2254 19412 11595 11393 3302 876 935 10816 19661 13235 16391 1282 10108 4396 13847 17417 1075 4158
17555 5750 4650 18801 17715 5156 13146 19665 6219 7114 2294 2037 9785 19164 14775 11853 69 7029 2872 14227 15728 4484 6370 17464 5822 9100
14238 8357 6652 9314 11112 15131 15555 17425 7287 4246 16220 19646 12239 2202 3116 12977 8351 5474 8380 16110 18142 19248 2018 12520 11328 7462
4872 5579 19078 11579 5144 17618 8928 12888 7015 2495 8657 17766 9632 17609 11225 11559 443 726 2943 7804 12133 2243 3479 5466 3979 3648
17683 18515 13351 1982 14714 9829 6632 6508 2126 9573 6352 12542 16620 3716 2786 17991 10077 8494 304 1721 9416 16583 17542 13847 10502 11940
17001 17692 13491 19616 11521 18863 10356 14224 4108 5459 5064 11704 15848 1810 15970 14908 5124 9666 10313 17499 14350 14747 15089 17316 15628 8640
11202 8746 7751 3280 5132 5480 15567 13728 615 17016 14243 7441 6925 7676 13671 917 4902 16282 5397 9814 3856 2794 3483 2589 2598 14467
12971 3275 8854 1389 417 15468 15521 5481 18896 12327 16311 1001 14180 6438 11671 6048 4934 15919 2184 18846 17766 12511 15609 4259 17365 3748
5919 16143 503 15600 1610 16701 15215 1103 18148 3350 17647 8085 11271 8888 2094 10884 6225 15875 18694 15772 7513 8264 10134 4085 18822 15891
8756 18371 5248 8655 4971 3072 18624 14739 19856 16494 14797 14718 600 14870 19510 19680 3350 2433 8838 5987 11261 4680 106 7107 16429 8758
7392 11022 7202 5441 16425 2768 15324 17672 619 16515 14514 9422 17446 13997 16024 12769 3111 10930 14952 7242 12654 6894 8003 11778 15312 17296
692 9560 19443 16035 4979 18515 6232 10313 16268 5924 3955 9219 10005 14052 16684 1966 9706 3107 9379 18539 8993 19135 8389 19652 14613 19744
17380 7304 759 9503 16440 2757 16490 12067 5200 16682 932 10148 448 4293 13525 18313 7603 9459 9995 976 1316 10203 18119 3112 12288 9567
206 10412 2645 10782 12142 11687 4582 2008 10628 19029 632 5233 11857 17434 194 18342 17422 13261 680 11080 14984 7944 4074 17487 606 2276
13956 14178 16747 5928 14799 3641 19250 6477 11935 7948 2125 13286 1224 4892 6529 13917 5265 13959 9623 5813 19652 8699 5315 15842 201 9059
19038 1029 8727 11780 4439 15803 15007 4561 13956 10634 19033 1070 8691 5936 12293 13557 3031 5658 435 11573 1522 8483 11781 84 1876 15251
1177 18597 16711 10421 14929 17932 13868 12277 9485 8645 7448 8287 8687 5467 13024 1113 3634 9272 8682 3494 9051 3542 10574 7829 18172 15179
8902 1433 9044 833 19188 17819 2939 6164 10591 1435 732 3190 355 17527 11481 8238 11894 11469 12549 10730 18705 18227 9044 8489 1479 15706
4214 9371 8110 2207 10583 15604 1963 13300 7076 18085 9522 740 4604 6343 16212 19197 2874 9201 4139 8593 214 12356 1265 3619 14643 3837
17998 7377 3258 13603 5013 11058 19256 4640 10708 15094 12802 12524 13092 16613 6729 6790 445 16105 12339 3948 14380 19061 9387 12170 6266 19717
7742 2839 3907 8383 3324 13758 8908 11331 11540 17677 1576 2110 4528 9081 7172 14211 14284 3932 16347 10985 9314 1637 12807 8938 7868 17888
16460 15990 3132 18565 19752 499 14919 15134 6698 10163 19368 19890 6474 12976 11695 11781 18364 2834 7557 14314 5789 6482 6914 3158 12029 7939
14235 3637 9634 15278 13035 8407 8040 19491 10198 7944 5199 6976 4583 7224 16036 2093 13848 8702 4113 13398 5155 8682 4159 3034 14294 12793
8539 10481 16356 7663 17709 8658 2005 9825 9648 7553 9987 16468 19123 3735 18508 3715 2424 9567 16848 3480 18089 6588 8460 2437 16159 8045
17531 7815 16241 2301 12530 6400 17935 11861 4705 4449 2929 7728 7878 18717 19264 1975 11462 7460 17814 2042 12873 16907 651 17578 10976 13186
12615 3719 4213 16415 7414 6549 4659 1514 3139 12085 12575 15374 12894 6950 53 3946 13388 4719 11283 3645 107 6080 6733 1334 3825 7665
3650 13760 5435 13761 5543 17728 1691 4153 18933 290 13591 6892 5519 8105 8887 17878 17262 6322 8582 2736 6785 19325 6727 3323 2915 4013
3863 6617 11646 18343 12579 6488 17329 2521 4635 9319 7165 8341 3316 2019 18617 18254 8272 15719 11636 2933 6840 15107 19808 12597 10663 16995
18531 7182 7136 8737 3888 12459 9737 1585 14103 9727 4537 18619 2619 13592 8508 2830 3081 4611 16654 12306 12236 7999 9527 11970 10548 12316
87 2438 8781 14111 14961 9262 18199 13751 10382 15678 3977 8024 2251 4841 7487 264 9058 5377 14905 8492 16508 8857 5364 19754 846 7215
3557 9798 1874 17292 9357 17137 8840 4066 6530 17772 495 4959 7527 19744 4716 11679 16659 6119 14196 9211 5278 7998 3657 3702 11148 13740
9185 17731 2098 12415 15762 19511 8707 15413 5525 16761 7313 2972 17478 18575 5190 333 19920 12418 18964 8897 8112 10726 7869 4827 14494 6035
15516 9344 662 14388 15423 5073 6222 11625 14816 15792 6268 1924 14886 2857 16360 15468 19385 415 12828 9421 17620 14848 7384 7904 19001 6442
9521 9084 6179 3101 15364 3309 4099 9741 6418 15254 8366 8340 9066 7921 10165 6856 3917 10138 15369 1168 12242 18564 9258 1430 1415 13421
18869 5894 4005 16129 16735 9909 13185 8627 11610 19029 11933 3356 2989 14664 12313 5469 12449 15605 7775 17758 8648 7824 7578 11347 4288 12864
4449 8715 1318 11510 11568 933 7117 3779 2945 14304 15330 13142 9126 4584 7717 18916 3911 12187 19192 11712 8709 17172 13909 9866 8944 1089
9511 4586 18229 3176 11210 17742 5211 11586 18108 3029 17684 3065 8554 9205 403 6236 10608 2883 7898 2338 14394 12146 19573 13717 3891 16868
9024 19300 2321 5999 8816 18084 4043 1216 1944 8380 12545 18756 1618 14545 19866 1954 11691 13167 12304 1654 6925 17467 6847 5415 3448 12761
4241 19905 12268 5518 13621 16420 8389 17991 2923 18568 302 5133 11298 9694 988 11228 17853 2971 2908 18378 12062 16286 10605 16874 732 10101
17749 12292 7611 6723 2240 2691 17057 14524 14538 13350 7335 6717 9022 375 4253 3704 5286 15611 2460 19769 16712 12516 2429 6609 956 19213
9290 13882 7860 19288 2454 15419 14237 16032 16375 11619 6708 3959 9012 11231 7408 11484 15058 11695 17585 18573 7517 13875 8806 19729 13359 16654
11554 11032 3901 17043 6007 5329 1195 11236 17918 4614 4688 10659 13603 8739 671 12106 7108 4681 5396 14646 7150 8611 6621 12341 8098 17582
11839 8449 19803 8225 19438 6135 11791 18581 19516 13251 9762 5765 16129 11814 14926 4000 749 8140 14468 2242 11989 399 12633 10989 9779 16556
2752 11441 633 14387 19496 1296 3415 7323 10757 10156 16927 9717 6083 6601 409 12892 3828 18394 7694 6592 7378 6333 4780 13098 8922 4419
16453 7741 7624 1657 16367 16994 4459 15890 4858 4519 4626 2432 15413 2171 14045 15845 388 3385 3270 4698 1991 13358 12721 19566 4158 8306
1366 11405 18757 15313 5210 12228 10002 10532 18919 5389 17101 3275 18653 12651 8549 14259 18000 13617 1182 6234 6350 4039 12642 4598 13921 11195
1107 2455 2506 12695 2896 16645 91 10541 17206 6707 6973 13786 9182 12774 5929 19215 563 14020 757 10625 11924 2858 11488 18412 12054 9457
5852 3456 6458 5736 1933 18927 13374 17785 14562 16907 3124 11834 11064 10570 492 13484 9920 3172 15123 13922 16153 13338 13908 15774 12171 2877
12457 11213 10470 10457 12101 7715 19790 13941 17246 15943 12630 14843 19252 13211 1518 18840 2890 6704 10141 1879 1251 4506 18804 14131 2567 19041
11845 12119 10002 7300 4245 18194 573 16197 178 11412 15611 15560 17955 14491 3661 14435 15372 7227 19171 5253 14842 5023 15582 6833 6405 13985
6714 11901 3110 14519 13850 1099 12394 18728 10412 2584 10072 6493 12487 3087 14322 12540 10356 10706 14892 19566 792 16344 4671 10442 9074 6239
18979 8569 15230 19057 12220 3707 18311 12711 10617 3968 18365 6913 7183 19456 170 1342 1404 6757 16113 13653 6150 5078 3539 15085 1527 10736
9232 18216 8188 5802 13284 19695 4903 9376 14793 3073 2311 19587 14865 16224 8660 19298 11400 7901 5291 12252 1771 1750 3579 11804 35 9557
4816 11258 7894 8487 3088 4751 13491 16753 19670 11010 15093 19850 8416 1448 6274 5991 13679 441 3907 4385 6778 13165 5296 7339 18927 13073
826 18228 2433 16661 18318 18634 12942 5357 12325 18907 9530 11224 1386 12662 10485 13275 8691 8907 11044 2671 13437 5673 10144 2265 6874 1505
2924 1027 17463 7435 4188 10225 8111 8652 10341 15635 7710 18464 8988 1323 19364 8907 19716 4715 3420 12018 10625 14385 3865 4851 17019 12781
13655 12947 4193 13874 2165 9451 370 6796 7269 2966 19405 11536 5818 19558 17099 4865 14116 16596 131 18985 10253 15699 3257 19133 15113 8218
17850 8745 12121 10738 12921 13401 16151 2054 10380 11828 16311 11872 16737 7848 19560 14638 8299 13887 17552 2036 8649 4879 15401 2695 10376 8833
9683 12052 1368 15951 6487 11864 4849 7877 6813 19526 1892 12995 12010 11445 18285 7052 5225 19744 3459 3505 997 6149 18308 8828 8916 6441
4747 13258 3451 15848 4294 13783 13450 5336 13754 16311 8681 5653 19777 15726 3613 583 16982 5984 9922 8444 7788 8504 564 2224 13392 17363
2127 8651 18591 6533 18241 5537 1503 16930 19460 14904 9249 4730 12566 9690 5042 10108 7424 1039 12203 15844 3979 4264 7216 12811 15964 11775
14527 3000 10051 13748 16856 17624 10586 4189 11467 7651 9041 14895 19106 10396 18483 5932 2224 18745 17636 656 9033 10866 3226 6798 829 14065
19989 8068 1958 5259 19102 16974 11931 13433 18855 1572 8596 13533 11786 6449 9847 4901 3617 14231 7320 1470 10316 8202 15879 8356 12889 17651
6021 7983 3131 9509 14148 19059 3526 6703 9323 18331 6421 4677 8497 18404 15284 1545 2440 1227 16707 725 8875 12657 4432 5870 3005 6676
19641 11763 19925 10652 18797 5399 19386 8705 16242 18868 16837 1908 5221 19089 14490 11234 6991 7706 10783 9611 15773 9731 2203 19945 16024 3145
16428 13335 16793 10118 18946 18584 10066 7439 9626 18521 16900 17947 7095 1596 3339 13923 15903 9344 18543 2957 18597 11961 3443 10693 15767 3167
4489 11640 2015 7091 19423 8468 7437 4576 1208 7043 9018 2674 2798 1757 3025 15796 12729 11213 16036 11293 19390 10053 5937 18428 10648 15742
17298 6437 13070 12465 11555 7615 15622 16234 7975 2185 19733 10652 18919 17082 911 6140 6735 14536 8676 9926 4044 14735 18693 15950 8953 13545
10518 434 896 6139 11718 13762 1173 10827 9736 4032 11884 19867 11572 13549 14847 2931 10311 19041 13286 14409 16008 13511 2981 17287 13515 12361
1352 1543 14308 3198 19168 17308 3035 6345 7273 6079 15742 13657 11189 14990 9824 7624 1922 13371 16069 1941 3541 3325 3835 17284 1347 15038
15155 1745 11979 9795 11245 16019 18822 14112 17749 13988 6488 3580 19978 5983 3473 17628 8150 10734 6859 14028 4907 18887 6332 15241 9599 8577
3547 8830 7595 12017 945 3534 13043 10403 16483 60 15508 6895 1126 5839 14887 6446 2007 8188 15323 13982 11502 12477 643 2306 17891 18115
2389 7772 13529 18181 80 17026 786 17025 6706 8101 781 9490 11755 1914 7101 8091 14245 17469 5654 2584 3142 5246 4778 7767 5062 2123
2053 2266 8499 1186 15540 12731 1969 5924 15349 2710 11140 6175 2026 1271 10433 18968 5535 13933 19843 12097 12461 10859 7118 2384 18613 16604
19690 19421 12519 16291 14855 4207 12690 18640 19160 10503 86 18226 3417 479 6860 15026 16075 6935 3968 16216 8360 11851 3599 20000 14463 13338
11570 19272 980 153 11227 10532 3127 19731 16072 14625 1275 19721 8340 13631 16070 7288 4355 14163 17399 2196 5785 1892 14119 228 1326 2509
8550 3975 18125 18753 8555 966 3078 14584 12039 10130 18454 6670 19463 19432 5717 3465 6925 11546 14156 7465 7213 16326 11353 3938 1762 17664
9770 18312 10092 14643 7880 19421 13236 13383 9501 10447 14010 17599 6558 18965 13948 9900 6532 15690 16385 15498 1596 18432 16515 11755 12648 13505
4397 4472 331 8874 8472 11148 5234 7135 18078 9870 11444 9664 14173 4895 12142 13041 14404 15040 8509 11576 13392 10654 9775 16343 11424 17737
10473 3370 1552 9348 10313 13434 12225 10451 5946 4638 19363 9785 6762 19061 7640 8092 16272 4446 14163 19454 15759 2256 1613 681 4355 10049
2280 9339 7691 17398 5392 16963 4133 14721 19909 18267 19634 17706 1642 12227 16308 7071 19038 9059 5382 10820 12086 12836 7000 18031 72 8180
3581 9386 11215 6665 9571 1417 8887 4106 18746 6274 2944 11937 16128 10516 9575 8883 10934 14143 18034 13084 2921 10160 15319 9359 11131 8129
8531 32 17633 1019 19328 4285 4293 18154 10605 8569 10701 17465 4279 16936 4626 19919 8819 10238 1669 10610 11768 11800 2325 1001 13474 19253
15389 13618 19172 16484 3792 19277 8847 1414 1035 2687 6452 15233 1794 2194 16382 12458 172 4382 1229 12320 7754 11174 4382 10813 4485 8994
13508 11297 18777 3376 13982 4707 14242 10542 652 3184 13852 18419 3248 15806 15134 8685 6434 6740 4118 6916 19016 15716 16380 5981 11484 19825
10992 3379 4069 12398 6365 13238 2394 11607 4031 1838 10929 17182 16264 18864 15340 5512 5129 12511 14588 19264 1986 18187 880 19154 9264 6428
8299 9371 15680 3508 6980 6969 3858 19071 9642 1544 3921 14335 2433 19918 632 10135 4524 13599 8512 11270 9039 18194 3076 17646 2121 4531
9546 12185 4267 9370 12726 4036 9676 8513 11826 17973 18930 9868 14916 12618 7470 14086 2342 8957 2493 3693 1375 2139 941 12663 2734 15677
638 4969 11217 2714 9632 20 15010 17679 1220 18242 19709 19082 16669 16077 18721 17100 1297 14166 16669 2047 14177 15777 7987 6428 3510 5662
5417 9048 14332 18124 16114 3583 6151 4237 823 1185 16338 747 16919 14208 8947 2879 16509 16865 15132 9260 17388 16455 7766 17008 15610 6675
10913 4913 14182 6491 11386 17472 4019 13491 19381 1491 10493 17255 4230 15540 2087 7825 12360 2684 10713 10347 8505 615 3268 13922 12747 8975
8286 16875 10787 6595 16321 11434 13498 10990 15388 9259 2207 14783 14037 2996 15977 4994 9046 363 11398 16317 5157 14272 10718 17825 5973 12602
17771 810 6444 14760 2989 3324 8405 7729 1868 11346 2121 15165 822 4673 2632 5459 994 7815 16841 7249 2636 11241 13276 600 14154 18861
4185 12294 949 19296 1618 7536 4651 18162 601 6931 12188 10876 1379 7583 6 16749 435 10369 1037 2241 10461 14427 977 11084 15624 16384
16926 2487 13230 2762 13304 9227 10267 16579 830 1413 12675 15089 4273 18597 1245 1690 1061 5823 14462 17499 1556 16206 6999 19617 4377 14307
4063 9061 380 13309 10523 12557 14678 433 833 12753 19661 3995 7729 19486 3215 10813 12899 15857 11114 4847 16095 587 1215 13766 10399 12435
14871 19287 7884 14614 588 17879 6574 4253 8525 19640 10800 6251 5355 5170 9414 12671 15018 16532 602 15033 8202 11901 7000 12278 7188 19955
4241 15408 11704 17816 16201 6784 1805 17009 17661 886 13730 18323 2867 13318 13458 2991 18287 13457 17893 4201 12034 6085 16122 18058 10083 15283
3182 3342 17124 9003 5922 17747 14065 11542 15677 9925 15222 786 2648 16483 4820 14530 144 11308 17978 6266 18181 14576 459 18861 4427 19652
18816 5753 3721 8011 15515 5186 16593 6083 10262 7776 9061 3314 12321 18143 14189 6710 8728 19109 11069 6739 8104 1972 7141 3335 3225 2217
8442 4755 15758 8832 4958 7824 6789 19104 83 902 556 1100 15680 6234 16717 7306 286 4076 4447 2666 19736 467 17682 4236 12229 19519
12157 4792 3140 17571 6389 2176 4676 13490 149 15505 18947 4328 14460 7559 6472 16796 439 1243 4319 10119 15526 13337 17160 6240 19517 227
10417 5048 5996 9888 6517 16488 1369 18362 563 18963 13593 17895 13451 7792 3844 13627 3538 5139 5300 19469 5936 3084 1954 5350 9056 2670
660 5090 18400 12634 14740 15769 10331 1563 5853 6713 5384 4160 18315 14429 6799 4445 18012 10969 18493 12148 6391 13914 3317 15117 8809 2661
2126 8782 11801 3504 12871 3919 3368 17735 9940 15408 2841 13485 6598 4473 17615 10709 911 17753 12142 3516 8906 2796 14517 15989 14970 17769
13986 11003 9785 15445 9119 2154 5174 17738 13206 8113 1496 12307 16034 7020 13560 1317 9478 8941 9813 5979 8374 11430 11878 4632 7735 18117
10810 13681 10972 5087 19313 16010 10653 882 19356 1161 12822 14367 9510 2636 17301 5923 1699 11691 18779 13921 3876 10297 10762 10076 12565 1284
8126 3481 13271 6887 7223 3335 19528 8645 14150 12079 9635 7430 729 18898 14855 11800 5238 17259 18767 516 2245 8867 7477 13247 17308 9469
10771 18746 8782 3838 3105 18008 10317 8473 19197 15770 14072 7561 9047 6926 2877 1706 7705 6030 16169 19714 18326 16196 16505 13605 3934 19269
12920 16100 16714 348 666 10534 13703 16239 2798 2013 9655 19755 9750 108 19738 7389 7284 3469 4917 14357 11872 12356 6758 15418 10979 2642
1288 8611 19355 4510 8576 3805 961 10080 799 7032 8033 7355 4636 13436 8057 7314 578 17553 4085 7678 1337 7753 4343 13051 1243 2854
8774 15740 5247 15612 13470 11837 4906 10169 13888 19774 6787 5312 17836 7393 3016 19913 13430 12744 643 12034 800 10902 10038 718 1464 6858
2651 10900 18816 13253 16643 13447 13214 13500 18900 5530 7219 19433 17719 8061 6436 16224 8680 4350 356 5936 8577 14435 17061 19577 7426 17358
16201 14439 4815 8316 19725 5281 5973 3114 17853 2786 16170 7288 10345 15233 7169 764 9533 8226 19051 8339 2522 8453 14930 2007 8567 7908
8784 17999 16442 4038 4037 6754 11553 10882 16670 19943 18770 1869 699 16795 8120 9249 7823 5782 14052 17998 1689 13907 96 6753 17247 16724
12849 9631 6743 9732 12933 485 7888 5685 9303 14374 1100 871 1775 16570 17505 8443 15086 15670 4889 365 10213 5524 14643 2532 6385 13117
13232 3540 3750 16367 6415 13294 8707 8178 12845 6835 13868 12831 8617 18589 9006 11041 5056 18871 15249 12353 11007 17957 3189 13420 4980 5700
12955 19774 19194 5068 3220 5712 1315 14935 9926 18173 13736 19758 18507 12707 11825 12424 8324 9443 15611 12499 14801 19399 14662 3104 16906 8159
13929 19071 15620 15234 17253 3839 9969 15807 15519 3587 8214 16996 15548 662 5335 4363 2478 2784 9313 9045 10008 16095 1148 17509 6299 16168
5282 11031 16567 2335 1958 8227 10805 6378 10445 9465 15400 7015 15571 14263 10700 5065 516 19925 15323 1373 3459 10904 15646 14812 13327 12819
7330 10824 17820 21 4214 4714 10360 12177 9835 588 12848 7045 10528 12912 12836 19221 10599 18533 7731 11361 2941 10098 17036 18370 9424 15205
11349 17161 8685 76 4236 12422 7471 1414 2569 16906 10496 9437 7780 2985 7136 8943 4557 1695 16430 5717 11280 84 763 4378 609 9658
18952 364 4058 685 16597 19874 448 120 19075 10260 8664 13301 15501 2911 5173 18715 1225 13163 3724 19979 13634 16181 10212 12223 1792 210
17098 11792 9499 17887 1483 11931 816 4614 17893 7307 5305 18126 3263 7970 11007 3898 12835 7819 5942 15541 4816 428 2195 3146 13571 11478
13432 16300 7097 6259 15687 4943 17315 14183 231 6542 2502 15537 16481 18014 15587 14785 9237 18206 15378 16044 2476 6862 18986 7345 10158 7613
7456 17607 4500 13487 5002 9949 19740 16408 12957 3361 11005 10272 16372 2142 10753 5604 3363 2999 17187 1622 6187 7952 12830 13149 4053 2123
18971 14743 5583 15185 9401 9221 1712 14863 14079 1442 13415 8656 3875 7493 12806 16981 3006 9761 12606 12575 18897 17830 10234 2124 18133 12960
8754 11342 5027 3108 16700 5704 4562 18849 6091 17484 18068 9039 13588 8879 2766 821 19536 15812 1211 6398 16940 1434 4865 47 16614 15867
15020 19112 10622 6089 13068 14174 4417 16609 16915 6568 16226 17949 5341 703 17546 5197 10303 18913 17618 10536 7757 5041 3760 2618 403 5297
13181 2666 15847 18504 6188 4639 6325 13216 16508 5048 17997 19749 8652 11149 978 6469 10405 13307 3480 5322 14851 12780 3068 4233 8293 3632
2319 164 3293 2333 8772 8335 10640 18358 11440 6471 471 17297 11179 4221 6999 7472 12078 17819 6243 5324 5146 12677 11889 12234 12490 9072
10898 19183 13542 2129 19567 17093 7549 16981 454 11799 13345 6397 12466 1922 13617 14716 10204 2056 8474 14483 17969 6249 672 19821 1866 13149
10690 1560 3036 9183 8563 666 7643 861 10367 2224 7523 15569 16992 2875 19996 5748 19340 6601 13187 918 9052 9568 311 14919 17283 19709
5921 3848 761 19747 8160 5868 7270 3075 7823 14524 15885 6036 17724 18433 278 5866 6905 1104 14322 14183 1100 10179 18890 7344 1438 13575
18395 582 51 12950 4669 15978 14431 13301 9935 1990 10331 16165 3561 2749 13247 7160 7755 4391 18284 10099 13997 4427 12044 17627 18653 15410
15665 7046 6308 5806 1578 18674 2105 8201 1430 12268 15744 11144 7609 5803 6454 11095 15880 6646 15385 13842 1065 5907 5307 7953 10167 347
11030 5442 16515 18337 15714 6170 15084 12509 12320 11233 1409 309 1923 14119 11792 8743 10523 9134 8427 1490 13884 5958 7236 15020 19561 5154
1520 1537 2349 2892 9329 9673 13099 9743 18376 7955 4247 15117 8699 17205 4338 17926 7910 14375 11955 6261 15271 2779 2802 15523 11886 13044
11085 983 7344 6834 18249 1082 12797 9630 4928 5898 17160 15504 526 19595 13703 3321 4774 1007 6127 1541 15913 6782 10033 1192 16385 2385
3418 4090 3865 13479 6541 3646 2987 19554 10497 14413 10226 15987 14640 5542 10573 12830 18731 3014 9853 10864 5365 3351 18622 717 1446 11315
1038 8757 18950 5413 19029 11078 2120 4065 15220 17185 185 17105 4989 1000 11101 19582 12749 4311 14794 5347 6462 13974 16774 4871 47 10961
17377 15094 9897 6246 121 4756 14187 14773 17883 642 3008 14074 10143 17404 4719 9619 14257 1462 13145 8150 16629 7384 17013 16050 8252 15572
14615 2886 10652 3914 8586 12855 4039 10624 16495 2980 13596 17616 9680 1611 13876 1866 13394 16623 6624 6227 3083 16181 4546 6916 15402 5493
158 11234 15412 12782 8960 10289 6123 14538 8864 18749 17329 6318 6024 12808 5382 19596 6456 8148 1454 6196 13782 4033 3249 17964 13985 12599
6947 18477 6809 7806 11685 2037 13178 10822 78 1805 1676 15520 19312 1550 17277 7810 5337 19059 2592 19143 2478 18283 15228 11894 6948 15106
11749 14310 4967 5297 18744 18935 8146 19544 16048 12368 9227 15015 17439 4901 4456 13567 10787 6363 16311 19157 1461 12147 17667 15291 14190 6120
9138 1189 3128 6011 2861 18078 16347 2171 13343 7372 4229 7167 5557 17004 15131 724 1254 5232 19158 10244 12963 7795 13702 14993 18941 11204
13833 18954 18113 1869 9787 16588 8616 18228 1477 9808 3971 17729 451 9749 7631 9233 1513 4630 12253 16036 19062 5488 3767 18898 10376 15094
1963 8539 15751 19011 844 10274 18301 10375 15485 14877 5953 14142 4672 4797 2213 4235 15444 1981 19411 11637 11616 18648 12916 8150 11906 1304
754 5820 6189 16907 10274 16165 13153 18999 11318 13847 6465 2299 7497 9612 16893 10933 16298 4803 4192 8945 10488 12338 3763 1373 13103 9505
17834 15310 12869 17540 5748 11052 14608 17805 4529 5801 8529 6349 4488 6821 18749 11422 18259 166 18232 12036 18804 12319 3621 19490 51 16923
2743 2253 19759 2896 16118 8757 7367 13643 17585 7721 15822 11057 14370 825 19721 3925 7557 4362 1680 4073 9478 8013 9484 16002 18420 15327
13602 15515 18624 372 7951 15919 8007 14459 9316 18600 7620 18457 14955 16689 876 1941 6743 7632 15916 17440 10898 15954 5031 8517 19181 616
8894 18568 19810 17871 3165 14768 5780 17570 18511 12841 9648 10299 16479 5161 4874 8731 9662 11911 3700 1340 179 17982 13642 7419 2133 5140
2696 2060 693 19204 7289 8358 11922 2707 12050 17931 16016 11505 7023 10716 16166 8792 16161 18266 16387 2835 4832 10564 11396 4269 18507 3482
10830 12255 1623 14817 15657 9021 11992 6254 18605 12150 4046 317 12537 4805 9553 1136 4009 15906 10085 19260 11582 15194 13803 10129 12859 226
13891 6511 5468 14648 6412 15530 11316 15586 15964 5338 3169 10163 17442 2726 9886 3008 92 6962 3806 8390 13739 12461 7172 9979 1484 9602
11090 15637 9982 9389 17327 13389 18917 13811 3410 3350 11571 11602 19288 6712 7778 19138 19443 11439 8898 9808 4526 14532 9982 17072 15992 7044
13747 1186 6562 17225 16337 13625 19535 2280 9069 9911 8902 6997 17201 5574 5231 9031 12532 7371 1250 11025 11015 17067 18504 4984 682 3700
4754 6155 15349 7552 3848 6471 9983 14603 3714 12322 19944 7021 16125 16133 12275 4923 9553 10520 13488 7850 17879 6350 4391 13898 16459 12085
9966 16706 4811 19909 11878 1798 434 10179 19089 9770 13845 13319 17141 19621 19107 8162 13811 3868 14174 19479 9287 17635 688 16956 19125 3948
11174 1138 685 6335 13206 3098 9121 10088 15550 18265 8185 2294 1243 747 13772 7461 15047 3163 13779 462 9652 15941 12619 582 12673 11130
