365
31 64 70 20 31 29 70 32 50 70 59 93 89 70 67 80 43 75 84 46 49 35 51 89 0 14
928 17659 8460 1067 15655 5820 11379 9820 12032 14714 6333 965 14357 5504 15404 419 1985 3481 19402 3527 5729 17997 15210 530 14236 13597
6582 12118 3670 15886 18014 5852 19314 11739 14756 16229 3853 17002 14415 338 14223 17683 1339 15544 16793 17670 3264 17161 10059 17414 15076 897
10733 13783 17318 2858 19176 19008 13391 18374 9118 7369 15371 19215 15866 6982 17706 1755 10572 15233 10082 17549 19514 14527 6649 18070 11546 9649
8282 15775 4813 18021 13837 5849 3684 9768 15214 368 5137 13805 2534 18264 16610 16408 9281 18967 19435 14336 14629 15659 12498 550 9150 4579
13127 13201 12645 10397 10485 13156 18713 10800 18108 14997 13393 16753 19403 10631 15674 19870 4082 178 4290 12838 7061 13523 8547 1746 12809 18387
10762 1602 17343 8975 1085 10622 100 9485 14809 2369 19646 15865 17511 18098 4634 11417 8983 2605 15904 16510 19336 60 7909 14262 6091 3518
18606 345 17370 5238 19040 15645 4411 5067 17149 17645 13414 13694 6739 16013 1773 15026 15038 13287 2462 18063 1506 3856 9683 16609 2540 18521
6364 4770 2131 19779 16806 6559 14440 11673 7357 15930 7556 2779 2198 15787 17843 6811 5512 12548 6329 18046 7348 3654 5261 18321 3003 15455
15426 17271 540 302 6224 544 10829 9838 9753 2725 5274 17217 9931 3103 4388 289 6081 1932 15540 10666 2717 3121 18278 12545 9442 1043
16512 13486 10750 19300 2042 14542 5427 1469 612 9949 15947 10713 1945 17476 1282 14317 10838 6229 10619 15746 3347 18933 13617 15996 1477 9568
1677 6610 858 14889 13181 16733 5547 5768 16381 15820 2817 14135 9828 16415 3989 849 5767 13100 10062 14722 7519 10845 10016 18920 15122 1874
1931 7545 3274 13922 5397 1204 11443 7089 5503 9938 11637 6479 6989 14205 3027 13010 11579 10120 981 9281 7292 1683 7274 8724 5593 10706
3436 17443 3100 15625 9351 271 15162 8114 19966 4737 3258 8180 9003 13632 13424 7564 10667 7499 156 15413 18039 1371 1608 8780 8280 8942
9748 354 18160 6248 9392 9218 8232 8206 12733 12982 589 11006 18130 15536 5657 6872 19439 13367 4353 12237 7205 7175 3860 18692 8969 18372
4211 13389 10058 15069 1286 457 2144 3579 16102 9861 11678 9540 14856 8976 4352 7231 2559 13815 14839 9825 11020 11145 4608 7539 12149 17683
4000 18598 7517 7946 718 3212 10721 10128 10968 13560 3996 12145 5832 7783 17025 12189 17314 3848 19084 6891 17141 15539 14406 9416 6456 16777
10365 13155 8094 10310 7448 10432 5843 4991 14634 8902 17139 2854 2245 11659 18568 17943 7551 13343 16567 14502 5289 18101 10695 820 17495 3317
18589 11952 9696 6509 12525 15285 6259 4180 7613 17120 11565 200 19721 15099 5350 8829 11289 424 10953 12878 9029 1133 620 16571 18224 7402
14221 12440 6274 1852 19565 14046 971 7465 19926 1600 15714 11625 7691 8314 812 17787 12158 15436 14896 19223 832 7361 18973 18852 5644 7203
18734 16086 15952 4634 12736 13265 828 7482 18530 7086 7773 11993 17727 18531 12398 8120 9615 9959 3943 18352 9562 18435 791 394 4085 1870
13944 2745 8845 519 2583 18957 1234 9421 10714 2062 13433 9198 14273 3194 16983 2188 13706 13141 5355 9324 15800 2855 11687 3002 11960 2455
12320 16439 18950 6843 4403 3769 6733 1702 2646 15938 8860 15525 11108 10500 5169 12614 12871 8311 15385 7322 3323 10652 19805 9736 13669 9546
634 12338 16203 1037 19703 3668 9681 19340 13112 2591 16079 13477 2350 3813 6658 19960 9994 13532 6281 9416 3599 19674 9256 18843 13615 7716
4182 18633 5152 1813 10384 9001 13004 12240 2949 11805 8412 14546 2944 7478 14384 11834 4252 16419 14761 12284 19758 407 5460 507 4587 11481
2315 12749 7978 5988 6720 11741 4950 7241 1422 6176 18472 9201 17903 9059 14762 507 7224 9652 13702 19249 1921 11430 8392 3215 17902 2231
19604 13728 16681 19576 17811 13296 1721 128 14167 16210 14222 6872 6634 985 16313 19178 19523 14573 1668 3250 16380 11156 1627 8123 1678 6453
8213 13395 1828 3847 3905 7464 5200 16359 18370 18532 2383 15118 17895 39 1952 5677 18358 6976 13447 18271 16784 15036 5505 7604 13389 3336
18214 8355 13817 9235 415 2457 8379 19466 8280 1723 17275 13441 16062 18311 11471 691 17881 411 18877 18510 5781 11137 10255 1092 13420 17518
6979 9069 16300 10872 15407 19978 8761 6893 8701 16456 17698 7792 5270 13627 9751 14166 13420 3168 18618 17424 7797 9045 2479 2794 1311 7787
7561 14360 15703 1350 6053 18285 7768 9586 198 5089 18411 9342 8313 12464 12035 10958 5565 18420 517 14830 11329 482 206 14528 6328 19257
14532 9774 15895 7135 1032 4218 1718 6161 11281 18761 9080 4315 6480 7908 3725 14687 3496 19668 220 14000 1611 10544 2000 8455 19760 15481
6062 16051 11402 15394 15999 19008 9181 19988 4736 16512 8232 17566 11928 12412 14206 11668 15410 5842 15934 11999 5637 3007 9784 983 13488 16521
6646 9757 14434 14306 7146 1672 18170 14128 7156 15366 19693 5669 9212 2552 17284 11636 10688 7578 12689 571 11797 13104 15487 1428 15404 10712
15680 10101 18562 6714 18849 11042 3531 4429 2737 6125 5997 14789 13431 19542 18496 13573 4914 20 6112 7926 11550 1106 17120 18258 15239 16184
9611 3394 15534 1105 14002 10041 9557 2070 13128 8878 608 263 1427 14798 8330 4162 4034 1107 19703 3500 8914 15297 2661 14209 172 17440
9307 4546 15077 14085 17399 14364 2668 19923 1048 1363 12686 8776 18464 9644 6470 6853 1511 18684 4219 11012 494 10293 10576 8807 7421 14214
1662 3171 15636 4722 9664 17812 12165 13766 18002 15278 9929 14462 19187 3823 4818 8238 11979 4961 8581 12271 11134 5428 14262 14365 2629 13838
4635 14197 891 13077 14170 7244 19490 18579 16650 8627 13596 10926 7504 5332 5883 2631 7366 14406 12344 19000 9346 9519 15093 19158 259 11837
6779 18226 2721 13418 4162 9874 18612 3963 4971 11010 18506 1230 3939 18258 13959 3243 10130 2605 16994 13469 5327 7246 2851 2289 15419 5770
134 13304 10101 19725 12645 14506 3746 12958 8361 8325 991 17834 2925 11823 14665 6241 7920 16582 6244 18154 11530 1273 9095 16830 15216 19731
18838 3209 9375 19496 17239 7210 7842 13053 5621 2968 1884 17470 14222 11318 18285 2165 3122 6815 9837 12967 11269 3882 12356 17424 17945 15220
15410 11354 192 10147 5028 3503 16665 16365 8232 12179 12466 10900 16586 10016 12476 8805 4492 13013 5758 11751 10090 8884 1102 17168 2457 6612
19480 17907 4825 347 14710 8133 17498 19022 8605 16222 13187 10961 13552 6031 16905 4648 15273 11890 10686 12840 7999 1174 10603 9271 15805 6760
9671 7845 2291 10653 13118 6361 19070 19803 8047 5650 2824 7871 1361 19369 674 6404 4361 248 19488 7524 18461 14535 13222 17636 7364 11312
14086 461 10820 17396 18357 15504 15965 1576 3016 14434 9088 12033 6554 13291 6295 9659 14095 2704 2282 3414 14012 18112 16783 16956 16235 3123
2247 15244 7394 10815 8593 4548 1870 19236 2030 15238 6802 12588 17149 9144 18495 14243 8119 10090 9256 9711 11594 9541 9242 13689 8377 145
10558 2681 2316 14128 8779 1664 6700 15669 5247 17343 16438 17148 4986 13529 11326 5850 527 17930 4134 454 1654 15017 11562 16982 3138 10287
19684 6330 613 804 10524 10155 8481 4195 410 3060 14409 4635 1238 9508 10682 19223 7223 3747 560 16710 3135 3699 18852 17750 3760 15256
5766 13018 8451 4340 17306 4794 19298 5753 9491 7872 13318 10284 14760 16098 2107 12805 4462 18937 18382 19399 17639 4205 136 7527 5471 18300
3497 16176 933 18466 7983 4173 2632 19634 8945 18170 4066 5524 9075 15224 11281 1727 6694 16446 7972 2174 19546 18691 9243 13802 16993 14733
12706 973 14107 6933 11057 5643 19126 19752 12456 12914 16726 5657 12176 15234 13359 9392 6484 9737 13498 11579 616 18880 14634 18620 1648 1618
6993 1653 10056 9410 5685 17218 19466 19550 15626 10016 8489 17259 19355 14710 19844 853 1 15930 14797 7636 9496 6778 8828 15579 5142 15432
19057 17518 14283 18036 11881 127 12184 11682 5274 9659 8519 14584 14836 18297 10994 3812 9361 353 3527 18854 9844 3361 12843 8258 19020 5481
2760 7462 6266 13721 11986 5545 11651 12604 6834 6245 2774 4754 10506 5311 7325 11107 5711 14134 3932 11774 5037 19983 10233 1249 4032 19727
4041 2122 4691 17230 4222 4489 10888 11482 8697 5132 4505 1573 505 7904 6830 19291 7736 16716 11535 13188 11330 6503 13676 9882 10196 4374
5197 11227 118 19488 12205 19228 5002 5557 938 11916 5568 4600 18649 9268 14518 7816 2743 11332 4693 9470 2300 2989 12237 11654 6220 9759
14071 16552 16209 10820 16624 6796 15209 19568 16942 1839 5185 13442 19040 9523 12382 7449 9361 343 1082 6386 19249 5735 11659 3860 8393 1201
4320 14606 8370 1514 11836 701 547 109 10292 467 7722 12226 14027 4084 2363 19511 10094 3171 5695 13307 9903 3101 1410 2888 9528 19584
10273 8559 13849 17997 440 12660 8128 5618 2627 16739 9817 14311 9038 3292 6813 1432 15620 18628 6896 1135 10061 8430 13840 18301 5079 2583
8575 5407 6410 5764 6064 5519 19440 11810 12602 18548 11632 17429 11746 5031 5141 170 13714 13443 9953 5393 4860 3497 5864 17070 9413 9354
2019 9654 18655 9116 7790 19015 4234 14575 6419 5254 7325 6920 16112 10316 16959 15530 4751 6785 804 3529 9393 2505 19686 11511 6343 701
1164 17300 4933 3021 404 6308 7980 5970 8314 5103 13335 17423 2377 7993 9599 13934 18651 2017 9179 5759 13144 13956 16308 5215 18468 14237
3569 9868 4084 14144 18787 19651 18305 7185 19492 19517 81 6429 6158 6577 15560 6056 1531 2089 16188 17108 12511 354 4379 2428 10210 1579
559 9978 9351 2349 10771 9430 13505 14222 7647 15238 10094 5726 10063 9716 17671 8584 5177 12482 11948 17961 12138 19718 12772 5496 131 1637
14580 12880 12273 1180 1566 4947 5564 2394 13433 16778 9290 12187 13507 1457 19802 19945 18375 10496 13021 13397 18125 16238 7733 2742 12241 6881
15738 1827 9999 2918 13980 9686 4901 12266 10197 9845 10899 1425 1988 17140 8731 2346 2299 10308 15737 908 16343 7370 10399 6863 661 14376
150 15465 2245 13064 18610 12289 8986 4895 12596 5914 4123 3573 7311 2339 12159 1017 10003 6280 7562 3385 4983 13548 2361 12745 13079 11271
14684 16201 7078 15047 4409 1276 12853 13260 5895 19768 6361 16352 5861 3321 17288 935 16687 6413 7507 16743 15331 16675 4980 4416 2376 15609
12731 17983 14457 11375 5858 10677 6316 16650 17636 14740 10166 14121 18320 9951 5147 17745 11745 3218 17628 10316 6228 15479 4008 17211 17500 9590
4212 5269 2335 9936 8475 13879 870 16916 6116 9413 2316 14226 10240 2951 193 5075 7981 12941 10128 1531 17099 5552 18891 919 7568 9380
15201 2383 19604 7997 10522 16816 6969 4737 12097 17582 9720 15877 15709 6441 8589 4172 11241 17665 14691 12162 5837 10202 13520 2240 1153 13866
6736 3256 9006 10456 11139 9576 16102 8953 4213 15535 10209 14728 7703 10919 1987 7234 13537 16106 19851 10919 4398 3432 5344 14804 3679 18350
16099 9352 4207 6150 10061 19123 18001 18944 2276 4007 5121 18395 7249 12413 6159 8997 18608 5770 3623 15391 18968 17713 17329 12773 8860 13825
6773 4584 1305 18866 19648 4829 10839 17340 6729 7167 1928 14502 12838 3851 19566 5610 17215 14038 8480 19239 17872 17040 14950 5817 8030 3013
8155 7354 3448 19916 6669 9710 8612 9502 9960 11389 4189 14770 11522 5394 7565 17366 17550 15295 2909 9503 8724 9844 7167 19421 7886 10792
1525 3486 10409 12199 10260 9512 12655 10770 19367 10791 8209 12217 2946 5001 18461 4813 16401 18213 4642 8001 9478 12896 1738 8938 13536 970
9464 16493 16480 8142 14089 4807 4773 9223 11139 6149 12181 782 1196 18085 15117 2949 16838 4336 15602 7086 1812 14184 264 8644 3314 8255
7024 341 10275 11674 18913 926 14303 13924 2896 3553 5111 3090 19845 15830 19671 11185 11915 12136 13252 7950 2325 200 9472 8957 14168 15722
9601 1597 416 412 4954 5360 15752 17350 18589 3034 13822 6918 8379 18051 12542 6919 3442 14136 10293 3447 5020 9576 6617 19694 3952 18978
12399 16074 4205 10402 2764 13480 11067 10046 19964 18206 820 4346 8725 19652 6952 11373 69 10901 1182 16872 7294 7479 17260 1638 2486 15313
16149 10297 8971 7587 4049 5595 6874 18312 1565 15731 17035 6020 5332 4028 6041 12617 1872 665 10638 12491 96 12661 3422 4842 17767 4886
8342 15410 19912 15592 11380 18785 16997 16586 13694 12312 18611 1075 9689 9160 7287 14832 6027 14437 11718 14427 10401 2082 12815 13057 15382 19222
2393 6733 15235 7333 8738 1473 16444 19086 1746 8377 18359 18960 11037 15848 1062 12923 16709 15643 49 5434 7054 13795 646 1456 2619 1285
7811 6560 5098 19671 17089 18520 11698 5040 13238 14526 17266 8544 14871 5839 19736 1432 19385 3735 12486 9501 16611 19595 16273 18937 12254 1121
11073 17953 263 19471 943 15799 4368 6176 9124 16703 4342 16913 8200 17366 4563 680 19619 3552 19734 14533 13310 8992 18750 6155 11168 2494
18933 3310 911 11838 5965 17077 7711 5463 1133 5969 4789 5533 12950 3559 4907 11933 12776 13009 14974 13784 9688 3024 442 12203 16049 253
13222 16210 12206 1032 10971 15511 11093 19692 14724 14812 9567 18885 10310 7486 9349 16428 18997 12806 12255 5903 16760 5575 13286 15137 15932 18998
17621 4335 17975 6904 19245 12883 8431 17483 19913 7915 3577 3786 5903 3232 412 96 2853 7686 18615 19809 12963 364 5826 6905 6563 19294
9016 7129 6310 12192 7654 10384 16030 12736 8243 5647 13174 6706 10709 16049 4632 10009 17797 19902 19143 18981 11607 2071 18343 19739 18379 12790
920 19997 5035 17104 7692 10487 3598 373 14120 11767 6331 5781 9752 14115 18541 8461 10604 9741 5761 15422 19425 9077 12615 19485 4186 13636
6591 19124 15395 13082 18402 13510 12803 8271 7679 4452 19532 4762 10119 6315 12085 16940 14071 15026 18054 11071 17031 893 13014 16180 16780 4280
18835 2378 4364 1469 12645 9395 11414 7029 9504 13633 8928 10897 2726 208 16699 4330 7674 14833 10067 13062 16204 8924 16125 1504 2087 9257
3120 11694 16485 4706 10344 12686 17546 2973 19989 1941 13011 9717 5836 3125 18747 13394 10569 4718 3020 3336 8206 17323 10138 18066 11373 9898
16697 3844 13343 3959 19685 10480 5753 16915 11711 19416 8507 2013 7128 8043 3246 10813 9321 6524 3547 17679 19007 8613 15021 13964 16573 7198
1512 9827 6422 2114 6574 4649 16779 8052 398 732 17081 18947 11162 11566 6085 2035 13972 17756 3440 12711 14577 12108 3622 18035 11510 3878
5725 11516 11125 13736 4370 9913 4344 16636 6265 12660 1217 2860 12562 7125 1410 6273 4487 16932 9507 8140 1523 17623 2730 9896 3308 17372
7510 4404 5519 2130 17329 11904 836 10981 5555 17578 14538 6331 9598 18827 15065 319 1269 18258 14219 13192 13960 2504 16660 4130 871 17917
931 17069 17145 12439 14440 17678 2261 17107 7432 1524 623 11596 3404 10929 11953 6242 7925 15238 3948 11811 11047 16786 8737 2105 6205 12750
13317 5751 2767 8541 15512 10432 6418 10063 7270 2828 14908 17289 10702 3069 16596 7269 4456 15283 13748 14973 18706 3897 3198 18878 1932 2912
10003 18618 8587 1503 1974 9053 10759 9234 19127 15804 17819 18652 15240 7970 4561 16851 17568 5752 3794 1631 5703 3339 28 8719 816 8961
9683 1774 10461 1411 15502 6270 25 4436 7581 6221 5040 15416 3918 12247 16011 18255 3860 5021 18887 1390 15688 14346 4116 19928 6952 5553
4689 7655 15493 11700 9251 7587 15179 9432 13039 5460 14632 3303 13527 6123 6708 4232 7032 9811 12328 10970 15670 4707 19293 3547 16748 16870
6284 3290 13535 7418 11776 18300 7664 7083 19225 19375 8241 19588 4153 16175 2354 3887 9601 6871 160 14491 17728 17200 949 6677 15528 12895
8250 5536 19457 17231 2303 15695 1797 1461 14587 1167 8560 9368 10197 10325 15071 6958 10653 1649 1314 81 7919 12800 11099 16562 6135 17504
5010 19812 2195 6076 10716 4730 13814 5314 19250 7590 15170 2120 17584 11723 4321 16687 7199 8438 13330 5757 18637 7433 18311 1371 10724 9849
9023 17697 489 13133 14538 12293 19705 9633 15567 19344 15238 15852 14713 10107 12573 12276 14544 15783 17356 11369 3912 5891 14922 13694 13589 129
9575 15352 5837 16681 14674 15969 9376 14766 17644 19148 18211 18028 19269 13993 5047 8729 8800 4046 14352 14779 11675 5272 16028 15787 12821 5389
3498 2850 18686 9715 15316 19682 4562 10849 16296 1371 16746 4235 15777 13406 16522 17550 9625 6325 10464 1398 16131 5628 13773 19553 17864 5863
11751 8834 19685 3542 15203 16784 5190 11379 15076 546 18080 838 6690 13758 10943 5185 9122 17747 2794 14873 18456 9437 15081 2424 6513 1265
7895 1787 1532 19974 2215 16324 10999 2208 9821 18200 8931 8765 4368 5411 19059 18598 12166 941 6589 11189 11145 19648 7881 5428 18009 13702
17552 13447 19454 12512 48 9711 5779 4710 14265 18509 7553 13349 11470 11441 6688 5556 1573 4046 18219 12576 18831 6677 1143 6783 18437 17506
6320 14869 8908 14555 14862 8053 14422 17164 6227 3018 8407 18534 167 17601 4310 12617 12226 4145 13186 10249 3655 14805 14687 13130 19346 17020
5698 4886 5783 15651 3143 9576 17119 9818 5265 3218 9393 2210 12975 13547 15237 15875 7377 11665 5554 6641 16019 9481 1498 14177 843 19937
878 2272 18103 6817 3969 5860 13591 17804 13560 11865 147 19522 1114 17045 5033 19459 17457 5254 16145 15400 593 12386 5785 11169 17865 18186
8845 16384 18024 3145 8159 13695 6650 18803 3844 11307 18027 3740 5579 14571 15614 2856 1283 16794 13860 14042 8336 16211 12713 19669 3560 2671
14739 6409 15721 18146 2072 4006 17336 11527 5007 6614 2203 5268 2677 8011 337 2364 5305 1573 5152 17791 5088 140 13438 7568 4969 959
19311 7176 14259 16700 337 4942 10427 7902 10003 14089 15319 10781 15546 12507 996 7734 1450 2300 2505 13015 14072 16883 7247 12339 9926 2574
6799 16219 5621 11717 7979 10260 930 3611 3635 17131 16401 7860 4184 9933 15342 3255 15083 6619 10983 14042 12277 2457 5378 14723 7244 258
4063 1742 11387 19166 15551 8615 12342 11101 18651 5762 13418 18301 8249 10870 19032 6923 13886 3383 18745 7481 16318 7844 3771 1563 13321 17390
7412 19625 284 2879 4878 9580 13384 7847 2077 12362 923 18506 18485 610 13680 13497 12984 11579 13277 15636 1387 14550 494 14519 11036 8947
13280 8916 10342 12705 11340 14386 18661 3893 11869 11243 13006 1613 12541 16940 5163 12677 9013 1684 3127 2502 1905 14026 6601 8068 11578 10524
9315 11336 4164 15609 8200 19520 8389 13827 17978 4323 18117 5216 103 372 5248 737 17613 3780 17429 12089 6006 4224 1097 11575 1980 11986
10466 9765 14812 4546 15048 1071 18941 9259 19933 15056 2756 6825 4645 1519 2545 15047 10326 3612 5363 19139 5907 8505 18058 1653 2333 1373
12861 6396 14856 1360 703 18509 12979 17522 780 6773 16532 16360 16615 2092 12948 15450 4595 3235 19171 19715 7078 10395 5391 10391 17241 13225
3197 19482 5256 16641 4617 19132 11450 13622 17578 4530 10256 12980 9798 12493 1303 19804 13526 17710 6775 8290 2792 15410 16905 7033 3035 8804
11139 11565 5664 19644 4101 11630 13537 12642 19042 16852 800 16468 2511 7978 18101 17567 3014 8202 12230 3122 12291 11908 162 15522 3875 6286
2038 19671 7117 50 3289 14829 11231 5177 18016 7705 3241 11164 17352 8604 7982 17753 5216 6190 9516 5431 860 12604 5438 12233 5669 15585
10144 19857 13585 15936 17735 14292 15981 9925 14695 16286 12598 17792 5808 9812 8303 13067 12610 11841 4856 10317 12795 4294 9617 10699 18400 6200
12257 18270 4967 1862 17528 8441 9039 16815 12179 11664 19154 18921 19509 8988 8161 16745 928 7619 5625 13324 11382 11221 10982 8558 18647 4245
19057 19582 5889 19166 6698 17296 9522 16354 5384 17883 19262 1811 5977 18419 19548 8351 18568 16079 1993 6743 8561 8037 6297 9103 19067 16277
3656 5965 19153 10695 12489 18629 9743 11012 10123 12697 17491 18496 11631 18716 4160 4681 17643 15774 16650 4899 12429 17177 16701 15221 18646 14926
15508 1957 1841 4306 3539 9851 2568 8596 6179 16436 11917 12849 17421 3428 4389 11884 8066 13184 13798 9854 15995 757 7983 6828 8650 3312
16498 3204 14096 1568 16888 4197 4933 7309 18832 1275 6182 13243 211 6700 5959 4864 6096 11361 16840 19245 12573 11089 9267 19756 742 11380
2990 18612 10094 15785 15027 3658 5418 16572 7105 17478 1763 4179 3282 9635 17040 13798 7508 17131 8328 11480 4051 5066 9607 7485 19433 17000
5580 15121 7320 8101 15009 17937 9013 8587 17112 10110 18044 10124 11760 10694 10648 2749 7593 10063 3989 8246 12899 5599 17752 10105 11401 13518
18351 3258 2591 15678 1323 14224 12270 18025 13845 4543 6161 4487 3963 876 3536 10215 4082 18182 15510 4615 3848 2502 7653 349 7795 15313
7365 8912 882 14121 3763 17178 14189 13741 15903 16806 8343 12958 619 10026 10617 13889 5664 14990 17452 15119 5284 8924 7544 2772 6190 18694
8441 2734 16535 17900 9005 7175 14643 4780 15740 17908 5761 16043 11632 6537 16317 8446 11616 11585 7351 7754 10158 3000 18337 14404 12818 19620
14153 365 4110 5038 8487 8566 7550 15810 4211 528 16408 14933 15490 18326 5666 17983 13526 15127 4393 2347 13046 8545 19252 4515 3886 1392
10682 1805 8344 18126 7029 2152 11164 8778 7965 5392 10950 15691 866 9816 12027 17498 8704 8642 4892 17676 3746 7635 11283 8740 14974 17465
14317 18011 11073 408 19436 8436 6887 17794 13224 5082 17558 18291 14847 2872 1888 19215 11129 775 14580 3817 9676 5493 1285 18976 4029 8886
5987 18086 5244 3280 12380 15470 19999 14537 13055 1217 8283 2484 5112 17518 6087 11930 15772 5249 2817 9373 7205 18719 8943 13747 19664 7708
14065 10472 7171 2430 10969 12026 8189 5956 8256 275 11634 18084 11165 11093 8058 19368 6801 4929 6681 8288 12068 15097 13311 358 15167 16529
18229 4677 14635 13840 9971 12028 1690 398 13235 5226 16012 5347 19107 5675 3768 769 12072 13186 976 17142 9583 17826 15324 7803 4013 10021
1143 11086 809 16360 14849 13981 12272 16303 16357 16482 10285 10997 4351 16691 6342 1011 7968 8915 19083 5320 7722 5405 10493 13559 10197 944
12647 18361 5401 6451 8615 15392 7943 3843 13505 9885 11491 2708 2311 11844 17169 3161 15340 714 14689 561 17844 14578 3953 4362 19185 9360
1456 18154 6816 7005 4243 8985 11310 3504 15382 7755 8111 12724 5657 216 8126 8260 6563 1712 14871 7268 12748 18859 5080 4794 4227 16990
19019 12167 9913 17817 8067 19373 13868 1348 3220 3164 11628 15553 11296 6682 6092 10289 12147 3709 19853 11948 7974 13464 2533 5054 19696 17667
4476 18730 5677 12164 7159 6639 3393 13585 189 18727 14831 8824 10288 7698 15962 12956 17476 439 2804 8710 210 7414 943 9674 1895 7886
16925 7060 17684 5777 17997 581 15840 17042 12 12799 94 15835 1731 16818 5015 15148 9639 11096 18184 10568 8093 10043 13534 18197 4979 9956
12130 18326 19830 13560 9693 12438 10601 5238 230 6206 3930 1068 15923 7734 10397 7446 4398 19741 11561 742 44 11711 15367 10569 6104 6815
8922 17550 9144 8538 2982 16983 1478 9739 6873 8725 1398 18780 8127 7421 13411 18980 18290 8627 19730 19754 16551 19130 17490 7228 12257 9662
7008 8564 10368 834 12524 3139 12964 19763 16680 14918 4993 3887 18607 7817 5809 14630 14318 10468 17985 2110 10863 3288 1025 16763 8614 12850
15853 18393 9960 14372 16369 9180 3346 15353 16675 13755 12450 18020 18641 2823 17119 14891 9969 9347 7240 5580 3991 9340 8634 9192 18368 17324
18346 2084 7591 6427 456 1905 18290 6606 3498 9863 5660 2532 14066 4179 441 2608 19433 2668 4075 19055 7181 18241 15482 16763 16505 11109
3349 9436 10381 18610 5105 17156 2978 16173 5594 16944 18464 19612 3846 13589 5183 17047 6494 544 13957 7845 8497 18343 4139 19920 4705 221
13072 8618 4743 4670 14201 11595 12623 1495 5230 5692 1888 5010 7117 15150 14335 11718 1474 17318 8804 8743 4317 18069 19978 3798 12197 8875
19037 16846 2378 2931 10749 11594 13335 6831 8562 1881 14068 14983 8706 2239 17144 16676 13896 3050 19830 7491 8937 431 15828 2583 7427 11162
10293 11476 7961 8910 1635 17457 6072 10838 19988 14548 18973 502 6532 10217 10469 18340 12443 1355 8574 11379 3907 12881 2277 7132 3388 9307
534 4554 15542 18168 9117 13035 10447 7501 185 4752 11364 12597 16900 9820 9136 608 15334 1338 10230 1259 14151 3938 7404 7022 258 17404
5852 18877 4686 15967 13518 14853 6698 8447 836 9184 15881 11331 1735 13720 1438 9321 17920 3935 7467 10151 12049 19933 4595 10111 660 16197
1631 12229 654 6185 9020 1843 14697 9418 8755 6276 15587 16165 16646 498 3097 7481 10349 12800 2437 1742 12752 12214 14818 12081 18230 2693
3073 12061 6425 14169 1526 7807 8952 3629 3699 2756 3991 16804 19449 6972 16066 10762 16373 4448 3531 6624 16863 795 18708 1810 5367 16090
17171 6781 16304 19253 9757 17673 12066 19122 14893 845 6762 17794 456 210 14447 10318 11063 16630 10482 3658 9133 10636 14188 17225 7811 4160
2546 11687 18842 712 890 4637 10972 580 7609 5840 9479 15981 11514 8764 6330 1783 17634 18981 19317 12849 6973 10777 10978 2240 2580 12192
6020 19937 9137 293 13251 10477 17458 16083 10586 15122 11794 6755 211 17645 8864 16248 19140 17233 5181 13917 13615 8339 15719 18080 6875 2698
8247 4186 5451 8342 7281 18221 13277 14386 12213 17506 3271 8283 19448 17892 4000 11398 19019 17168 12827 13578 19880 9341 17182 9736 11353 9149
15205 19371 12871 19785 17913 13343 1000 13260 5467 2642 14601 3328 15949 14107 15142 11012 943 18328 14062 9015 6502 4387 9944 14909 10887 15875
17075 17684 10620 7396 5739 2940 8819 10313 2770 3050 18644 8254 15894 2987 5929 10157 17849 18002 12333 7666 1772 1970 1561 777 13973 2878
3841 9056 2090 5337 19047 3345 12481 6375 16468 10174 11942 1784 6172 8427 4465 15778 10437 7292 11623 18720 13715 7601 19920 1545 758 4003
10465 7213 2536 4666 9154 7113 11057 14877 3961 497 4054 1414 9077 16686 11846 16086 19929 19770 823 12160 5142 9113 8103 13436 1454 10749
7368 124 17939 4043 14194 12756 2967 729 12773 10711 14809 10799 17935 10820 3399 15364 3159 19862 14531 10256 6921 9290 197 1548 15260 8241
615 231 12946 8838 11877 7405 18911 6352 1814 7603 2522 17813 4447 16271 16091 10370 5843 12875 9580 16114 9988 18352 42 11718 4601 15791
8640 19905 14110 3735 12338 18015 16490 5147 19499 237 16140 9508 3515 19082 2842 18920 18849 18736 196 938 17896 19629 3901 17050 17113 59
18073 11812 15833 10655 14068 8195 13271 14300 517 15097 13682 8867 18587 7653 18781 885 18670 1824 4938 2751 7539 17114 8656 9493 11841 9688
16038 16284 2456 12162 15497 13521 9754 17635 18242 9953 15118 3481 4288 5716 7486 16236 2057 15537 13804 12121 10551 13613 13294 9836 1510 14274
16018 13114 14230 10798 19944 10481 4294 2469 7627 30 5012 18597 17239 4658 19668 3683 3503 3516 11085 12254 16233 4459 18012 8515 12942 8964
18307 10027 7356 12348 7546 9138 507 16393 15260 9558 6901 753 11833 11603 9696 2789 2288 3353 12992 16242 10381 18441 9737 2683 17493 5034
17355 6582 2946 13345 7891 13936 8494 1077 14427 18190 11271 2155 19111 18268 8481 1236 15063 15019 13476 8459 13234 19015 11034 4408 15302 12121
10543 17453 14917 923 10708 9744 431 49 8361 11333 7884 12700 15045 19060 6070 9853 11211 9522 5342 17815 19380 19264 2975 8779 15744 5628
17702 13267 2066 13289 19693 6118 10026 11925 5865 18965 11060 2859 7017 7100 11611 16059 13517 1105 12243 3796 10531 12119 2114 9961 17111 19622
14231 13084 16750 19774 11925 12225 16162 4052 18053 17245 7485 6242 16011 4590 6357 3780 9296 7951 7181 1156 3411 18859 12904 3630 3427 5989
9227 10282 5758 10521 4830 8154 5600 2893 15023 13151 495 7381 10084 13919 13846 14658 1568 7920 8895 18193 4020 3901 19822 3608 15829 9961
2729 2290 15330 13526 17245 177 14748 18685 10927 8488 7622 857 19140 16312 3960 8636 8542 6705 4367 10817 19053 3894 8453 10301 4449 12931
12928 2708 17082 1204 4791 19568 18095 2471 387 3318 12938 13930 15551 11824 16594 6042 13053 16556 3870 6112 250 7314 14552 17998 1852 787
11163 15711 11644 13141 11595 3230 16337 3463 4848 12587 13495 3230 17820 15183 7070 27 18205 7037 9785 19738 8586 1836 10343 4324 1275 10329
19589 4794 6695 7399 10507 6213 529 103 19020 12498 11895 11479 4069 17269 5473 5471 13261 13451 11019 15259 16096 552 16395 18618 69 15865
16599 7214 13483 12588 10670 1690 2650 12124 7493 5207 2120 3200 17104 7806 13046 4412 3129 12807 11208 16325 1658 4176 2513 10937 5036 8119
6472 8382 6303 13537 11616 5870 17179 492 7326 4427 9298 15852 18180 9311 4079 6810 18427 12036 14785 15968 12323 4526 1192 6678 16408 9450
17579 19946 11783 1653 2241 13499 353 13614 151 232 17916 19872 10045 18204 12958 13797 12135 17134 5097 2063 17050 9981 13815 13364 10903 1273
3356 5884 15196 17491 19853 2948 12063 10448 16968 9158 17541 13170 19695 12434 8354 13900 3462 11268 14684 14648 13430 5520 5494 8581 9954 11529
18301 5274 15972 13412 1506 6076 4076 17001 15023 18427 6848 7629 611 17966 7482 2230 5123 4154 18305 15751 7572 7188 9058 3839 7241 17157
15806 7717 2213 19841 12677 13082 5569 548 1343 7747 9239 6597 15538 15904 8323 15067 19181 1810 5793 13958 16090 9673 7740 2895 12491 15240
10481 4009 1848 18508 19709 5695 19705 5566 17062 16208 3432 15137 1479 5299 1408 17186 6554 11924 9915 7959 9799 1882 1223 15182 6324 18367
3058 13070 15598 15163 7809 19353 19762 11517 15518 16264 3054 15428 4459 10109 8720 4223 2655 2141 17439 1976 14558 16967 338 13513 8176 3504
8086 5156 11690 7874 6086 18674 739 11852 1801 18128 3854 6819 13348 9558 12574 7181 17512 13916 18918 3694 257 2971 13678 1610 8887 19277
12710 9899 12919 14713 18730 15568 14715 5124 6346 5966 19804 13117 10300 17761 3795 2502 2052 1472 12869 5971 12579 1509 18074 17832 5855 12187
6510 4040 19819 6341 10780 1941 12117 9495 9012 15794 19641 12168 7833 8053 2361 11516 5908 1942 19231 7563 7076 2278 10484 9187 9220 15864
3187 12663 12724 19284 5506 16836 6702 11963 13354 2682 17854 11031 13007 14195 6734 698 15451 18934 11782 5340 16303 17737 11048 4763 17800 15840
2760 1369 19185 19696 18250 16371 9394 18471 2322 10275 14498 4438 19238 1558 18270 12463 19970 3256 1491 9568 13850 8344 17307 1912 17956 11008
1031 12850 1753 1 9565 7536 17503 7209 12920 14929 15447 16895 4271 17389 14070 19717 17886 15873 16858 10156 8083 5419 12925 18977 10160 14779
5497 8071 19444 8014 10296 7206 4853 17928 1625 712 16722 12518 7323 1869 16904 5038 18875 19468 2164 12112 15781 7776 2552 7510 1844 7503
8168 514 3052 14996 1121 4853 19260 4131 10514 13024 9901 994 8925 10060 16939 19667 5624 8396 4449 5825 10257 9485 7226 2518 16277 5729
4283 9934 9275 6304 9658 17980 561 15570 18554 1824 19113 9374 5773 1158 7370 16737 10264 6212 13942 17563 16974 15795 9071 19488 10840 17297
3493 4462 163 305 7229 5603 16040 4119 1512 16374 11732 166 16482 8169 15149 454 9573 19296 13385 6560 15901 5830 18042 1843 19760 10186
6531 11565 8091 9718 77 18840 11369 13565 18376 3179 12305 15007 1201 2907 11641 10631 5959 2947 6346 5231 7884 16199 4883 10243 14095 444
1586 19659 15750 17790 3495 15819 14914 4939 14999 8361 916 9407 16942 14296 10554 2198 7038 8895 19484 10348 16809 8904 8501 4824 5564 11591
511 12980 9001 10645 11273 11414 12951 13173 13833 1319 8489 2745 1329 16527 15648 3264 6875 2696 4444 6833 7203 17683 8599 8246 8276 15318
1742 6750 2901 11196 16984 15502 3569 10507 11274 16828 9175 5183 6248 4260 6363 5715 16344 1134 15647 15635 13117 10521 2383 18977 7984 16949
6565 15894 6807 12297 17320 16637 7594 4576 17546 16550 16335 10789 16661 18122 11064 16992 13499 11792 16716 15581 4035 1364 11857 4680 4143 19112
16047 8797 11632 9736 18151 3022 19208 4369 11776 5976 11999 4292 11630 7674 14633 11154 2457 12604 4685 8936 3541 9020 6830 6871 15897 8489
13738 15872 3222 10065 18985 14805 542 17370 18673 14487 13411 4222 18228 16678 19477 3899 12395 15900 18464 11301 10008 1468 19290 10811 8261 5846
17487 832 11988 14182 17938 6377 4485 14307 3975 3340 9270 12184 7346 8983 1967 5812 6832 19295 8770 13274 1461 18163 6574 16183 17673 18082
7644 8300 8958 13761 17371 14001 11688 7499 3017 8745 16094 10129 8309 4699 795 17086 15538 7378 3127 11128 16803 12455 8514 1535 16442 14892
13183 7261 17521 19391 19129 4110 7425 5075 11981 17009 16241 3132 7247 19831 10264 5639 1352 14115 18961 12143 18787 7322 739 18178 3621 15225
14332 10015 11693 15435 202 2400 19494 16898 18651 7189 1480 13252 16902 8770 11789 7544 13931 2818 654 17635 10336 15127 14008 6909 11396 11560
13632 4193 5220 19305 7998 10991 5622 16679 19584 9618 277 19534 3502 4815 2323 16825 10520 15305 2399 597 14849 17648 344 9998 18682 18928
8183 206 19740 10412 3229 7009 11932 13468 19261 15702 268 5404 223 4497 2012 7976 7364 18858 8381 16166 545 11004 19092 18771 4329 19466
11618 14915 16635 16298 8664 17295 7664 17046 490 9339 9810 12277 9116 4238 8146 580 4559 8504 1912 17140 694 10580 3194 9102 2142 11615
6687 9717 19812 4095 18502 11746 13303 11325 5831 19029 2235 7886 6234 7814 7053 14375 19465 16660 1062 11084 19605 5633 13373 19409 2431 1168
11775 15121 1882 493 12536 19119 13116 5834 11394 9805 15130 8488 8966 6863 2404 10446 3297 14708 4028 14922 4128 8 16576 17052 3106 5163
14187 15072 7292 19354 12079 10931 12897 229 17663 17967 3891 11301 1332 2587 16147 15681 13992 17284 14758 19618 11875 15646 1095 14384 7930 14645
10159 3679 1217 18414 13982 615 12368 2017 1064 659 7599 17806 12161 17642 12582 13611 12350 8797 12102 2612 14996 1438 12225 16806 5618 7500
3174 12567 2162 17906 5245 10815 2996 10842 19351 886 15292 7505 6960 14560 7849 6578 7504 6361 15142 1132 9248 1897 19765 1007 3602 8440
14620 9924 10049 8631 16769 19675 14295 3495 6542 18971 8180 4063 18557 14786 2658 6665 13930 262 11499 9918 8013 3121 11459 17630 2646 5623
15327 3466 19729 10105 1011 13947 3909 3897 15375 13154 11714 13768 4755 11614 7546 10902 18657 12706 16176 15532 16381 5228 13532 16640 9431 7031
1370 10827 1633 12412 15064 468 11571 10409 13666 9842 5549 2177 12163 14639 1874 11084 5038 13970 17677 9557 1158 12509 18251 2505 1767 5588
10122 8868 16890 13656 5730 16912 7412 7984 16557 11701 17165 5099 17974 7431 1079 17058 16087 12332 17724 9703 5953 10033 16021 16231 12496 6142
10296 16006 5897 12163 10032 15392 3531 14259 7470 1088 5427 13605 15608 19755 4668 13444 4153 13361 5085 9311 15038 15499 8087 18354 14987 7870
18113 15608 16797 1035 8153 3107 8857 16676 7635 17430 16727 11513 14033 447 6849 13694 6248 16505 3407 19799 3298 11558 12973 340 9031 19827
9073 6450 6709 14822 483 13506 13977 565 14620 13344 13486 16502 11486 7465 11032 905 3566 5883 4000 14907 6908 8364 7926 8414 13439 1050
18076 16352 12447 17269 14894 11940 17295 13417 16875 9643 3320 2996 7436 9852 16596 6016 19461 7831 5161 4766 5376 12874 343 5346 241 4583
16886 10195 1338 19467 11678 4772 17493 9374 11094 12719 8540 4865 8837 17048 7268 17626 10508 4552 6319 10698 5345 1330 18130 19454 10851 16367
19321 2012 9513 19280 12764 1201 3565 8038 10951 7090 16338 16451 14222 17437 1626 6462 15362 6909 11061 14458 10592 5073 11709 11358 19194 8352
12750 10072 19629 17685 1727 2142 978 393 12265 18456 3847 13917 6157 14396 5076 7510 13781 5964 5913 13420 12964 16142 10413 2477 15402 6473
9173 9153 9927 11014 13214 815 18503 6502 13619 12835 8430 1441 3118 9901 1528 12782 4740 19433 880 18238 10530 5375 8507 783 4075 12884
11047 13513 8313 4304 16490 3929 19562 2987 13492 15150 15561 6945 19540 15838 13157 14595 675 6863 5293 5536 13978 17702 16529 15837 11801 16880
12643 7586 10495 8325 9520 19200 19153 16200 1231 18949 15450 588 9124 18019 9155 14992 5918 7881 14863 17418 5559 4698 759 11964 3128 15457
12743 4610 12177 10761 4464 18416 4823 14470 16690 18556 7887 2959 15297 16873 630 5149 10349 15636 2998 6915 14732 6416 2313 19932 11902 11295
13536 653 7062 1080 2233 14205 13573 14737 9280 19559 17226 7899 6102 5750 3240 907 12071 6082 15268 13307 12744 7418 7603 8576 13029 9318
10453 2836 12114 8658 5987 3226 6093 19540 4118 10604 18358 15730 13498 1461 13847 12524 3994 390 18485 2305 4340 8588 11151 779 13806 2503
11449 18274 6647 6817 5200 1093 12959 18305 16974 4673 10900 1466 15568 5353 14771 3569 8275 17268 3376 13622 14536 6425 18570 4184 3034 11345
17181 303 10258 8438 446 7040 11191 5696 6088 18622 1008 18360 16416 11814 9013 793 10755 3759 14637 2184 12121 1872 14160 19322 6885 15053
8631 17061 17052 6535 15140 7336 12502 7408 3915 5536 19005 9374 794 17492 17150 19447 8570 17147 4183 13521 11349 1018 16521 14612 7095 15743
2458 3484 7428 11926 2381 19326 8156 3834 9823 8449 17134 1967 6628 16524 10775 13370 7748 16451 9078 15996 16468 15221 12232 3870 10654 17123
9518 1174 7521 18270 17886 17404 14861 2007 17880 6062 14176 11775 12950 9251 16325 8989 187 2644 3673 16217 4964 19839 13757 525 17554 18106
14289 7201 9740 10815 19097 8095 8077 7308 12098 17902 8532 11276 19877 3921 19998 4701 6590 11038 2423 8900 10682 8991 7950 9705 17966 6694
11150 3496 6235 18510 12814 19264 14707 1736 15817 4674 7223 7492 11576 17104 19318 15038 15179 10438 11159 3267 18102 16428 13672 12852 16699 12002
1551 3241 16879 14323 10750 11656 8754 9402 2855 2709 125 12805 9541 8921 13809 19836 15242 4 19188 11476 11286 8281 9490 6959 19048 4210
14837 17761 1050 19490 12928 8809 1243 6558 3618 240 6039 9128 15078 17547 6670 11884 863 14255 11181 6639 11505 17227 9656 4815 5588 19623
6685 19059 10209 8065 13333 5026 19385 1452 15509 11870 7822 16837 16237 7544 1881 10785 16716 18887 11602 9426 2903 7420 1633 1853 16470 14149
6664 10706 18884 11283 2939 15316 17093 5949 5863 13824 13155 1535 13823 1687 6697 4626 19839 16918 12513 52 13096 4751 5852 15194 8192 16520
16550 10747 6079 6193 3569 787 17156 13586 9851 13728 17747 6827 18612 9691 19719 1284 19362 10894 2400 3733 19667 1374 6799 14432 10698 18243
2392 2576 6477 10868 19490 193 12599 9716 12516 4347 12986 9980 19041 3049 13579 2312 15516 3128 14588 4551 7494 2192 9371 12484 3043 15922
10083 10873 19322 14232 10707 16447 5688 6857 1759 18153 379 15044 2549 7868 5157 12975 1842 19274 1092 5828 14399 13208 19971 19318 12895 4288
6233 3921 8613 10936 3019 7584 15557 10862 2889 9802 9201 13985 12922 19164 19929 3684 14218 8586 13972 13008 18044 12408 7241 59 12565 4086
18999 9448 14485 10318 18247 15846 15803 9760 5904 12570 15113 2288 15437 3258 9812 306 14147 9115 17423 14320 8224 6899 12224 6089 9053 8238
17070 16306 9151 10659 13329 2075 3958 16734 11186 17490 9793 16919 14826 19502 10843 398 3323 8772 4908 5936 6767 4542 8188 17753 4592 5417
13216 2925 7770 14659 15664 10954 1689 5556 3577 15615 7651 142 17270 16828 18983 3041 4297 11958 6009 1361 5241 9624 6066 9514 9742 16284
9839 19816 11743 12956 14942 4078 13876 1927 1253 15940 3319 14828 10794 6361 5270 15038 7489 5513 13726 14335 16093 2122 1616 16592 3000 10729
1531 11730 6787 6909 7971 10712 16144 10033 17070 18468 10493 13463 15123 18631 16005 6818 4267 12563 10423 6421 18079 15667 17484 2700 18411 1345
16270 9693 7521 2993 16561 2302 10242 10160 717 1665 17844 3322 6454 4883 12651 10355 123 2589 16330 8868 16885 6967 19267 7068 19721 16820
1776 8878 5674 12076 17722 10513 6644 8637 8637 16765 5629 4680 17618 8135 11204 1220 5559 1850 1776 14128 6189 8381 14666 14083 19703 16384
17393 12195 941 17944 12651 18267 6878 4572 16983 1028 14256 13638 6241 1233 17338 10414 2770 18690 10469 1870 17482 6790 19845 14162 5736 18802
11370 18425 2142 6705 724 16156 16433 2010 3238 7005 13358 9104 6542 18375 5934 2107 16693 5895 16937 14208 13247 13255 16592 18260 3591 10772
13412 6203 8491 11443 6767 560 205 135 6246 16869 1729 9414 2740 4230 17054 797 15399 13967 1450 11423 221 18109 482 675 3497 17193
14668 16328 2615 19374 11765 4497 5110 6546 2251 11231 18022 11289 3168 16111 2837 16551 3016 16070 19484 6544 16415 4073 3474 3064 4574 18780
16328 5183 8215 7140 5792 2847 19544 4700 6484 8021 3441 11406 16981 18412 18473 13348 674 5590 6386 6056 7603 4957 1728 15770 10390 14129
12113 9888 6735 8796 2352 3836 8929 730 11021 4377 12438 4861 3688 19754 18089 2430 17996 17072 322 4555 7591 10944 9417 4874 11635 5663
15079 15466 16009 19432 12011 4533 7588 16980 11110 13777 11037 7374 12 548 158 13150 7073 7166 18976 9325 6851 14561 14564 1240 7056 1039
13823 3435 5840 17619 6235 15603 15231 3810 14016 3563 10398 16208 5646 15601 1815 9391 1055 6152 18092 8624 19430 8787 6747 11665 16598 13106
6088 15397 18994 5306 1134 12515 3216 7807 8473 10568 6766 10803 7011 17583 3320 5214 9967 13425 16469 3321 84 16078 1957 4447 2478 393
15571 13878 18466 6548 16420 6789 4221 3744 8162 16545 3280 8375 3387 9488 10423 11355 16655 11749 4984 1092 11349 17837 13511 4544 1564 19327
6841 19236 661 13542 6102 17537 17418 3779 9898 3398 9508 3963 12904 3778 14509 8286 8572 3550 13627 12731 4477 5193 4848 9839 13077 1856
9057 17688 16323 12703 6452 3518 4711 9578 13146 16241 12778 18440 8265 10074 8277 12891 8965 7413 13190 9374 15722 10615 4534 3639 16109 10404
11489 17978 3810 3536 2466 8642 4560 18465 13088 19472 13604 18614 15311 3220 16108 7409 15047 689 5742 9525 4277 3990 17606 19440 16138 2397
14588 19059 12047 3485 5357 2905 7129 3754 10357 1885 7897 11886 13195 16939 11931 5290 1050 13579 1000 18989 14718 19502 11556 10420 16032 9111
2003 11577 17297 13017 8156 5088 16364 11311 8662 5988 11458 13317 18874 681 13821 15840 8830 18025 4772 8551 16439 4066 17620 3178 8238 15311
18543 1581 18638 1132 17158 504 18791 9307 13161 7642 19223 18720 12640 3693 4117 13976 11359 15433 16446 8531 3273 16396 1 17549 19154 11476
1086 11797 8255 8352 11700 2935 19143 166 17837 13618 12102 12643 18269 5256 19073 6289 17013 14975 4914 18552 14116 510 11351 3379 3665 4629
17792 4054 5623 9649 16275 5470 19290 4270 3578 1021 18344 19035 7111 15915 5038 884 9545 8999 16013 6636 18967 19430 4236 2251 1547 9687
6423 6131 5749 10926 94 1742 18761 1825 18181 13383 5075 1472 14707 9643 4815 11488 9013 16314 17092 7737 4094 3824 13695 16720 14950 610
16438 16729 18546 13760 817 8357 1711 18238 7232 10131 17608 2397 2821 19393 19508 9486 1738 674 14747 698 15237 18781 5006 15952 10111 13394
6436 13796 8520 7985 974 13246 4356 18421 3705 19868 12934 18549 6567 6856 11487 4646 4555 7003 5178 17692 5243 10693 8129 7419 274 9089
17467 9381 75 5735 6340 17624 18230 5731 12930 3833 2787 2908 4401 19471 473 11599 9289 17787 13952 5573 14738 5593 17354 9702 3067 11339
19028 9071 17950 6419 6611 16790 13126 17595 16989 8866 16288 10908 15932 16915 9086 17706 6890 9257 4465 12233 14003 1857 1463 740 13487 17582
18418 16065 10797 9965 2536 12243 8998 9817 5113 18957 18607 705 16363 5760 14391 2299 6927 11579 1687 3753 11637 6475 7621 3419 19381 12507
7018 7833 1010 12239 4471 13653 2801 10689 17515 16718 13525 3824 17030 9582 19550 1959 9813 16024 8513 12896 5637 11690 934 17105 19651 18939
1708 19591 8811 6522 11119 5910 5659 1020 2235 8460 2458 18092 15890 9467 9564 13142 3916 10691 18736 2173 16403 8807 11211 6973 4209 3715
13786 11151 2375 5126 5006 9406 5000 17274 18176 18371 18135 8416 1402 4354 15542 19024 7937 13989 7360 18592 6977 6925 3671 10898 12378 10476
4547 19286 7922 11798 15589 15291 14185 11573 5509 14146 8134 6484 16892 255 7028 14898 9756 18087 6496 1875 14180 10797 18244 6311 9129 19637
16444 13787 9907 15980 4602 13968 12703 15919 11270 17775 4200 17178 5912 10977 7446 5538 13993 9180 11976 7104 664 3121 7538 6647 12141 8464
15261 15915 15775 9896 7365 13206 2675 13744 14454 15814 1079 9929 8870 13020 17132 6726 13211 6743 15986 11028 15683 3902 6680 18650 8494 7124
803 410 2275 19786 17533 3112 17661 3648 13125 353 9553 62 12183 17095 18118 10424 13463 1277 9546 2509 17911 15304 3819 5950 15803 1266
14521 7938 6353 18309 19290 6910 16490 13542 16452 206 10332 17185 16942 5853 13822 16361 11439 599 11148 19710 19678 9429 1782 5696 11502 14812
16522 15633 15306 19319 1137 11814 8611 2052 9626 5911 1993 8582 2066 16286 19244 3080 7497 11601 2223 8018 3435 15964 1867 13524 17659 9997
277 7855 7182 13219 3687 4848 3020 2941 8311 14319 19616 1932 18605 15245 6531 1442 5517 4160 7652 16086 14870 1661 13222 16077 4169 15103
10591 4219 10765 12 2194 11498 4477 7398 9025 19970 2060 2604 10718 18009 6535 5060 2695 5976 5719 10446 5282 13614 9825 18970 3727 12916
1082 16808 5335 3089 15458 546 12913 2441 19859 5524 5523 9053 4646 5227 13741 19128 17874 13584 357 13278 3753 6347 1638 15255 18091 13712
10458 19030 19446 8336 10177 16819 2783 9212 11420 13753 1191 3650 18662 839 4001 10194 4320 15228 1603 19799 9210 5222 51 2790 18338 9172
8151 7581 213 2145 6045 7106 9139 4479 1845 4812 7827 669 7364 5928 2051 8139 197 2644 4987 9975 6057 14589 15925 8545 11767 1218
15885 9490 2639 6415 9257 15828 272 17635 12331 2364 16597 2194 820 7411 8708 4307 200 19070 12454 16461 5715 10406 10658 2960 10616 8445
8340 7415 3578 16855 18781 19889 17025 15976 13181 9765 3477 5551 6680 1597 8839 461 12764 1126 13087 16342 3401 4457 15783 5624 6284 8454
9604 16420 19975 7035 18987 18405 14416 18700 13452 13777 13057 5132 2764 13744 10041 3894 3796 17307 14756 7856 3977 5489 5759 7708 2810 16239
11617 4482 19757 11055 13036 17552 3256 19070 18885 4855 5912 6633 10998 16597 19955 17068 16372 3985 11929 17959 11100 19698 4313 15476 4147 718
18012 6231 4975 2331 8255 15259 5053 4122 14207 12989 7065 19577 17429 8742 9184 18086 5315 15019 108 7470 5328 17080 14973 2594 12194 12570
4500 2017 16570 2975 9143 7993 18489 10305 2449 9503 15886 17476 5208 6448 10391 19250 2977 5309 19557 16272 14678 11726 2956 13614 14980 433
8828 2405 17856 2189 7220 8963 14381 8233 16525 971 5475 7074 8274 17516 17916 17716 11971 16845 4871 16764 13038 242 18519 14227 10221 1391
1135 9301 2074 11132 13770 19543 14994 3511 10252 3673 2600 11992 2210 9503 3591 7901 2718 19025 7963 14001 3800 2853 17472 1627 16324 12047
16535 16707 11240 8496 6066 5781 19511 10753 1856 12337 6611 19528 15871 227 10286 382 3697 7310 2861 6040 5803 6748 2379 2371 3158 5332
2953 5538 8345 14893 7880 16792 17970 19549 10243 12759 12631 1957 17712 388 11005 13407 5284 14491 13435 7289 7471 18601 951 2577 12413 18201
15671 16166 13319 9931 17726 15610 11266 2987 9394 4834 6006 1644 13680 18986 15556 12623 2146 6504 15241 6477 14550 19855 6657 11261 4382 5754
13183 16417 14367 15999 3909 19485 7285 6672 13539 1236 9511 7559 9023 15962 8276 10391 8894 11939 3702 16501 17828 1988 17494 12115 16084 15567
9851 2765 12065 760 6342 11281 12041 10488 3752 14813 13582 11082 16049 4038 15859 9367 17791 7978 4867 4819 10215 8534 14492 6663 4670 7766
8062 2841 10279 1047 7014 14496 4013 14172 13320 9012 11493 18249 15916 19790 15958 18247 16956 12244 18119 3043 5291 12377 18609 18858 9008 11912
13818 16532 13232 5796 13598 10562 2814 19943 1356 44 13995 6329 11466 1623 2511 5412 2211 4168 2517 19579 13428 7946 19579 5969 16678 3015
11888 17240 12978 4976 12546 5306 1846 5632 18188 12245 14973 3146 1979 169 14606 6468 8445 4690 12122 1997 8233 13461 4587 14621 16216 3395
16371 15014 118 11961 12234 17692 5124 15963 16052 16952 15367 6580 2387 5741 1595 317 19973 10802 19213 7313 2940 13454 3312 2842 8169 4192
12304 16645 15766 15869 10163 1293 19382 14494 1745 2006 2743 11853 10929 19064 16840 514 15147 4377 1504 809 11118 2879 6573 19134 12917 1049
3713 16000 5416 18855 12951 18703 3916 2090 18395 15489 6704 3599 13936 9945 17622 19513 555 16070 18602 16452 256 9632 16484 1045 12942 1605
9141 10054 9312 4274 18487 19911 11216 679 10654 402 16836 12065 1602 9752 9312 12717 2954 12449 6235 7399 15654 204 13218 1615 16776 5348
2524 17058 10960 18404 7269 416 6264 1640 428 18652 1475 19502 10065 17432 17390 15081 9709 4114 5488 13685 5378 6012 10416 19295 3212 17112
3580 14943 2343 13470 12498 16687 13615 14686 17614 18003 10090 7609 13874 1166 10182 209 14238 673 3353 3684 13612 91 18930 5967 7748 6600
17042 18208 14259 409 17306 5410 7738 12380 13860 18031 1134 12792 8614 11086 8332 5549 9507 16544 2430 17944 2535 19713 4281 13181 5551 275
18256 12611 3899 14606 15536 4619 14860 9932 19444 6672 19512 11309 12596 6005 15769 5645 15795 2218 14601 1794 7336 9817 14215 4522 9426 3325
16672 7188 8048 15076 7473 12365 14078 13282 17773 10944 10373 18897 8511 18391 18479 11368 7668 1247 7058 16481 6013 6954 13275 19813 17034 16587
10555 1151 4586 1865 175 396 11689 2672 3759 6197 726 3056 8291 9080 11649 14903 10425 16095 16523 9541 15711 17775 5787 4518 7495 18669
4974 17348 11596 1086 1678 17373 7731 13706 18650 5948 7449 9326 15574 8328 8623 15490 1967 9410 9681 5763 16497 5581 10906 18791 17074 4747
10179 19134 8114 5907 4938 6465 4688 19114 9422 3980 3317 13010 926 11735 18882 19701 542 13603 16385 8649 2425 2606 6413 12082 5605 14831
8321 15629 1157 5238 9426 17113 4969 2586 1039 12164 7928 14523 12617 3842 6103 12528 12695 10026 16351 9757 7992 15995 9566 17819 11450 4198
5657 18716 10929 9374 1203 14036 669 9788 3958 11239 1033 7145 19195 14710 586 8794 55 13315 4846 17198 17038 14124 17729 9266 4784 16086
10168 2772 2485 13093 17229 8507 1668 15906 16137 16968 6527 15882 16972 19299 15378 10264 15110 3942 19448 8149 13741 17614 18252 2622 13636 7565
13719 10123 13697 10251 4101 7601 4782 9119 4951 16092 15574 1008 15181 9167 11172 9910 1425 14011 7669 11825 5188 2939 8992 9545 5167 5130
18551 6546 9458 5056 16385 13051 4176 13398 4045 19314 4957 18227 16953 4480 15032 5433 6892 5209 2619 12608 17555 18417 8455 3873 10900 15837
6652 7404 686 729 4352 13786 316 8220 14783 10647 11494 7123 10061 9475 19716 2961 16248 5050 17566 12933 1893 5595 14188 220 18073 7699
11509 16243 3582 14534 16988 17357 18445 16346 13249 4453 9791 3536 17847 11366 13305 3699 5032 19244 3585 332 11387 316 16359 7374 12063 9178
18661 16152 6392 3425 18278 18934 9645 9348 2237 4709 1185 14476 18481 19832 13406 1419 7265 16512 12816 7827 2027 13039 14151 9284 16931 18118
1126 14149 14588 13940 14079 781 249 14598 12841 9653 7613 12187 11691 3827 11608 12285 7860 4021 16043 10956 6020 1866 19907 3343 18555 19955
1704 9377 4360 3652 11446 5495 3158 6415 2397 1994 6597 10979 3844 4058 13775 4338 5481 17712 6736 1705 14084 7045 207 13396 3606 17378
6868 9729 19021 9269 3997 2035 12374 217 17704 1744 9282 8979 15229 14914 12808 4399 9065 18152 8540 291 2893 5655 15563 5574 17371 11138
19067 526 19207 1201 10360 1001 11631 12897 16884 1401 5997 8493 15472 15411 13795 9474 10881 9429 17394 8011 9843 5330 13540 4598 6358 180
5782 19623 10245 1175 17345 10393 8528 13640 3860 15346 6853 18160 12071 16807 7164 2571 12658 5065 15900 18307 1947 4470 9172 12852 5601 10463
10710 2390 12013 11118 2706 19525 1493 7499 15620 4612 6125 3353 12539 17570 18765 17778 6542 13720 18615 4787 19510 11139 17919 36 12776 16972
1738 12660 8929 11349 19887 13024 18959 18970 14616 12594 3548 19351 8066 14019 16356 15414 13293 18605 2809 6772 1364 12557 634 16155 12702 13750
2489 19084 19669 169 12631 2742 17529 12149 8604 13291 19326 5013 506 13164 5641 946 12266 11400 16758 16657 11526 9859 232 13964 12945 7912
863 3670 13298 6264 7684 7942 19954 12411 4332 11174 10036 7423 10229 3309 10749 5698 1339 5009 9546 978 6112 16394 4383 5912 4099 11194
17235 2536 3962 14496 7669 9638 5764 6456 3179 18815 823 11231 14224 17925 12166 6330 2783 2964 11196 5214 13870 9063 16831 5662 15603 13555
18660 2471 11289 11552 15338 7489 14512 4905 19367 18866 924 6859 15826 16690 13640 13897 2375 14422 8801 6228 12865 7930 1861 1334 12394 9600
6918 4342 15623 1147 6172 16569 1311 1300 15473 2278 8890 6592 6941 9201 6103 15771 10552 13855 5332 3456 5332 9300 1023 11631 9599 1420
12571 3819 4010 4250 11123 12509 4127 4415 1509 11640 4521 8149 16283 8704 19602 10928 17525 17706 14129 14871 3786 18595 13101 2894 13113 13393
14611 2442 16359 12096 13320 9048 5329 2849 11043 16844 4781 3606 4653 15340 8406 6944 9594 2703 7279 12873 18725 14824 5300 5404 11527 16048
3824 16317 10785 13862 1778 6521 7913 12598 6632 17020 16925 2864 5424 18867 15654 12293 13277 17571 8111 9788 19106 11906 10288 3733 19867 6559
13277 5537 19829 18971 2819 15878 9960 1322 5550 17166 13026 17997 17851 2065 6827 18121 8202 11964 8080 8850 18324 11927 16809 81 16421 7601
1424 7448 18198 977 10025 17073 7951 19873 682 5540 10453 1842 15845 1770 2133 15100 5412 11749 49 5798 8367 15566 7438 17651 1226 4099
11250 7520 14793 3742 16933 6080 11089 8255 9478 1671 3583 13682 7718 18490 17607 12593 6057 13806 5902 10907 13635 5954 1261 12991 19825 10065
10832 784 13733 14694 8577 12567 17818 13620 11260 6568 17570 17676 14940 7841 9068 6212 16004 4330 1085 15623 2313 19881 6081 7156 11678 1961
3440 8511 14862 7350 10303 10703 14097 15606 18030 17855 16498 3424 4345 15276 1645 4979 42 2218 18507 1910 7795 18316 13951 4839 1393 704
5387 17779 9037 6371 40 16981 11953 11744 14461 9988 1263 17574 19652 17220 19219 5572 4546 18279 6099 3239 14637 6787 17053 5505 13826 14420
16801 14518 5070 10474 12441 11912 5289 14920 19005 12995 5882 4166 18320 3393 17140 15749 9017 11934 4650 12915 13981 5049 19556 2739 16002 6054
12974 2191 4004 13786 6027 226 1687 4390 7127 15366 6143 10047 10348 8235 16003 17549 14197 1435 8926 7216 18402 11134 17858 6779 17285 325
6633 7900 11616 18450 18008 4166 10875 19560 8580 4656 19180 11865 4157 5488 2920 15543 14207 2176 15861 16489 19840 3062 14371 1945 4127 9298
1226 3770 4125 1364 8654 6320 4043 5129 18766 7371 295 5445 7581 17240 14762 10307 16400 6675 7734 1162 5940 16816 13388 5243 17108 13471
423 13266 18867 15915 7888 414 4211 16109 141 10885 19545 19083 7067 19675 12665 2027 14851 13523 10208 8534 7622 18040 5437 12572 15410 5345
785 3348 9050 10035 8748 4374 9433 16404 3702 4209 18291 13499 8622 19199 18464 6335 12415 11573 4011 7753 13709 16952 17477 17667 459 18403
19940 7430 5541 9311 6863 19398 4798 366 6416 18864 18397 4280 5571 4638 353 14507 11591 7848 5391 17528 13916 8621 16669 11676 10375 15123
