365
34 6 92 65 61 47 52 4 17 20 52 23 44 56 80 0 4 69 49 56 1 30 8 20 21 61
7557 8990 16009 16354 13631 4024 1103 12393 2984 18869 12943 11992 17816 4312 4662 13009 17053 17370 5886 9175 3037 10556 6046 13872 18434 13980
19622 932 6614 140 6696 17354 15790 14964 4382 5621 4040 5898 2856 4212 19641 7145 10062 6556 18181 18667 14065 2376 17953 5540 6991 4906
16491 7574 18463 14844 19575 5031 7831 17256 12794 17336 6597 2492 4792 1383 132 12175 8581 2296 13297 1419 4221 16931 5109 3475 19978 12308
16390 173 4942 9855 15017 1513 6097 17938 5012 4934 5050 2918 8085 10603 6825 11977 8270 6361 4500 2640 8570 2028 2977 6295 7496 17957
10682 10380 11876 12025 9666 304 5531 13303 8467 2828 15846 7300 1573 10708 6051 9800 8552 11956 14135 18226 15596 176 19034 19650 15766 8783
3722 16622 1986 3809 15871 14810 6877 2215 8496 19956 1871 9451 8629 16985 5617 519 10267 16683 7998 6848 3824 11232 15023 3344 7543 11714
4568 1823 2520 17288 4389 16566 6243 8684 17369 9544 17051 8839 14044 2648 14924 4101 18427 812 11435 19324 18966 6147 8703 11030 7974 6908
441 5406 4024 15478 13847 5046 5229 13904 10799 7024 2537 13489 17514 13300 15358 14411 2680 15454 15935 12686 7216 13955 3612 13655 2623 9870
18604 10032 16515 17532 3851 17680 10765 12613 13893 9002 5130 17555 16413 8994 84 14682 5857 15896 14457 5659 11058 6482 12678 15384 18138 17432
8927 15361 3087 4009 10877 13767 14010 873 18790 7645 12991 9818 4176 14470 5833 5145 3689 10004 13821 334 15333 2921 4047 6889 8276 12803
6792 17646 1199 10762 6782 19278 18608 6178 3602 19216 3495 18584 1599 4597 13409 13397 16499 12936 5580 4877 12540 8792 16807 9991 4019 11088
19200 10621 14174 1603 18784 7190 10104 17548 17739 331 2016 18703 11243 18194 17939 2402 17129 17343 9569 8322 12842 11314 18759 12416 408 18227
2829 7858 10317 4619 11173 12500 16893 1197 2130 5355 1192 12431 14332 12783 17122 3876 15640 5770 5200 5403 5403 10143 1417 12883 15263 8613
6396 19029 15341 10496 12272 11038 15139 14947 1655 14299 10 1728 17161 3741 1061 491 9900 507 3858 7037 3735 13381 15115 7072 33 14373
7758 3786 8048 14586 10991 18346 3729 13706 17926 10652 5531 10746 19217 16942 8297 1992 18836 2676 5286 15621 11851 15340 8277 19401 10678 6692
19051 5455 7968 13967 7001 4655 691 9453 7283 3590 15344 13314 11474 5232 17198 9359 7698 10769 2048 7429 8017 14878 8710 14354 4528 18132
16099 16687 5557 14971 2586 17150 7374 8617 17111 8605 16356 14149 6379 16016 12319 15894 8810 9748 13361 18323 14938 8068 15537 17845 8059 8441
5305 12880 13494 16943 6451 2651 14385 10201 5163 12318 1579 2421 6825 4172 17764 18428 12937 2856 1310 6732 18106 13678 7437 4792 4208 10690
11887 11041 1599 18432 15566 11417 3206 4878 7578 911 7943 15476 12680 6104 7240 9426 6806 19048 12190 6630 5109 3586 12380 9539 2494 16811
9768 2983 299 15905 3687 3235 10746 14074 3057 528 8290 8955 7477 14026 10968 11127 17079 14888 5369 18999 4330 1568 4213 6993 19128 15094
12527 2584 16231 15140 13914 12862 14158 6419 17066 575 1914 1632 16388 338 2837 12525 1485 17141 4146 2174 4790 10272 2611 9596 14329 13879
1902 11400 5554 12379 17759 19434 17517 149 6455 3202 3071 10540 13463 259 11517 6316 11960 17065 14720 7700 1333 13092 3252 2162 19557 13072
10181 9081 19891 11248 16775 2962 4034 14710 16914 16512 6751 10250 15461 19528 831 5170 17131 19522 11508 16358 4688 18779 8793 13610 4664 7114
13366 4031 12004 16998 4948 16888 1075 8286 2779 6662 4665 11196 12266 14929 18292 7011 9597 16357 16530 1047 1018 6019 18843 19809 14796 11984
10142 12126 11432 8906 6944 5095 17712 6228 18969 19614 15218 14397 1035 9866 9845 14118 11552 9811 7730 3799 9558 1166 3715 3263 3770 14252
90 1959 318 12417 8953 5245 13200 12131 7339 19690 16675 9764 18413 9837 2958 4732 1235 15364 195 7790 18566 9320 7905 11788 14721 10806
8512 8105 3624 412 3307 1326 9151 4782 13026 6485 8449 12385 12403 16395 2282 7132 9659 16857 15565 15554 5433 3070 14024 17462 9482 12414
8360 1425 9278 4130 7729 4151 4611 13190 15605 10712 3716 1344 13464 17453 9367 4002 11974 13400 9962 15247 14339 5660 13191 4535 2821 932
8908 3008 16061 19956 1693 19451 18747 17709 8111 4100 15953 18227 4994 18124 13149 4559 1230 151 2964 8761 11271 18546 18493 9827 14476 6394
16724 8052 12636 18555 15091 4909 4671 14834 5491 3430 13516 558 3334 9370 14960 4183 8363 13479 13962 17077 18274 3181 1244 19413 6533 16103
8245 13481 11724 19923 12038 13957 19362 15591 12786 18157 4273 19408 5720 3401 550 1073 12330 18915 18280 16313 13207 17610 12195 4280 1833 532
3763 13325 8580 8919 1193 10499 5406 3920 8753 2009 706 3321 19226 2252 13227 8620 19212 17192 4015 14302 8289 6483 2427 18994 3021 18072
17202 11586 8540 7619 13166 539 2509 7650 10211 10867 9330 15885 901 7004 12634 18650 14638 3442 14104 685 9629 7870 3646 16312 1074 12002
6053 9708 1660 13432 8731 11851 5159 5612 6126 7090 5971 7377 1075 9187 1440 11878 8342 424 239 12959 12655 13324 2432 11077 1011 421
11788 11431 19814 15286 5402 3964 8651 17864 15377 19402 1468 1325 19274 11273 18107 9884 10697 7556 13840 1495 18272 16048 5531 6085 228 1418
5080 8657 799 5887 5553 5561 1221 16226 15578 10888 17630 8718 7763 19731 5150 12130 15420 4427 11685 18745 8733 4879 7495 4365 11664 6235
3550 207 18855 6129 1273 12175 2675 13661 4829 17812 6038 1638 15703 12456 8925 13064 7100 14440 18331 6623 2079 11518 3354 3395 11341 3882
9763 6682 12342 16814 9777 11976 3823 9736 17536 15526 1541 9736 16150 5864 12780 13735 18095 13835 18504 1354 1701 7147 16380 9962 8774 9466
17984 17820 19901 18958 12605 512 4985 13221 15507 1588 1700 2738 16557 2476 12056 15929 17662 18326 7105 5940 4626 9560 19424 5046 9366 19965
12043 11501 1259 7649 15070 8836 16566 15645 5565 12521 3499 13784 13894 4299 11962 11654 10659 17581 10851 4632 826 1330 6611 4706 4479 7526
19906 12495 18838 14705 4317 16748 13200 15796 17812 565 18288 13284 15233 18818 12777 6558 8211 16570 10734 7479 10895 5804 7569 6764 7829 4272
9765 13369 4518 4188 3761 548 1471 11487 14992 1288 16320 15992 19786 18332 2042 9755 7360 19044 12269 2847 13050 17343 8381 5054 763 16396
9620 16948 6636 7460 4080 9379 12538 18361 16141 14745 7057 17011 13905 4974 13816 4375 582 19828 18666 9112 14206 4210 6773 7482 8758 19942
3408 18116 14885 7940 13419 14159 11630 11114 16318 15474 7380 4617 13001 7806 7472 8091 11774 15597 5359 1248 7737 3688 11210 631 6001 14617
2089 12127 1732 16551 16999 16941 16886 18361 211 3833 18028 3507 551 10917 15304 16944 14309 15793 10476 9514 1259 7783 17303 2246 19011 11346
14202 12386 14493 13921 2798 12676 6539 17624 13932 11809 8612 15709 254 9272 1761 11773 17730 512 17968 4908 999 18665 16390 2100 10012 5068
12829 19745 19469 4410 1599 9251 19572 11145 2364 15966 3494 966 418 18866 7717 12648 17979 4024 4236 13579 15246 5152 9737 4957 6857 3958
3458 12841 6596 1757 13973 8919 12016 6939 3786 1696 805 17359 4511 6164 17516 13507 9878 6368 1319 12776 2930 3428 7422 18783 12477 18828
14777 9724 747 17678 19128 7902 9128 10834 2142 13969 17844 3181 10764 6599 2624 2895 10284 10690 16643 16623 2088 3981 7785 14672 1323 7226
9177 10800 3032 5544 8815 4634 15934 11147 13635 17029 9171 17604 18368 6947 18039 16484 7071 2337 9181 18891 19308 15663 3902 9042 3721 3498
9611 18675 10271 14130 968 13405 3167 802 16099 3079 16043 7194 16784 4974 2942 4327 5692 5531 11577 16478 8074 2559 1548 6787 4565 15183
10707 10912 5745 15285 17649 6945 13405 2027 13588 19851 5315 10091 19580 8528 16925 15243 2049 12271 17382 2540 6853 10421 18097 18459 2621 14245
10558 8418 158 748 15223 17829 16876 1443 18419 2097 14050 15401 4012 2593 4627 5877 12506 8361 12998 7003 6463 8863 3520 16818 2558 5807
6679 5318 1042 12518 6526 13253 2404 17396 7978 15434 16366 9885 11335 5439 19958 7368 13599 15435 17276 12806 18588 8962 3348 13615 4380 5633
13740 14723 12202 14557 12773 3308 2430 15327 1359 15390 11792 9570 10906 14861 14803 15352 13083 18393 13493 1860 11102 14264 12553 11077 4483 10089
7090 19459 5385 5937 9999 11247 10658 16654 4149 17724 16649 16113 5417 6292 18315 11737 10914 11096 10425 1648 1033 10683 4517 1020 4142 1528
767 5275 4002 18560 656 2325 16475 5841 16069 14203 10848 506 17212 4712 15650 803 13773 16827 5593 18775 4147 12960 5148 7366 2376 13713
6128 18434 14287 7187 8730 329 10407 1716 5059 3307 18093 5413 14675 11264 5754 18380 16770 13493 422 3829 4405 13370 15223 11668 8189 15481
11849 5252 6859 7623 6385 197 5239 986 19236 438 12608 10393 8598 9852 13602 17598 17166 7710 10959 8759 12969 16127 11219 13843 67 10696
9403 15576 358 8087 17639 17847 17015 16618 3242 18548 9300 7990 17310 6867 18972 11413 6971 3605 2001 3461 13375 13741 7382 11898 16950 18507
9371 19540 4642 5835 6289 17253 3469 13810 9563 8703 19871 7463 12285 8325 832 10498 18325 19013 9012 15650 16880 9629 1865 16643 11385 3635
11047 10888 10821 3560 3773 6024 17958 9867 60 15821 15290 11385 8792 2317 8947 17355 2522 9457 19922 10564 2656 8867 18252 11669 8708 13325
19958 9136 14128 13224 9739 1325 19608 7590 15072 2720 18474 17353 14364 11928 8640 11181 11647 15541 10219 10128 6465 9935 13655 14012 3880 17008
18489 18356 3880 16981 13219 13012 9554 8637 4067 7927 8923 13681 10472 8394 16442 16509 2529 12283 2692 6127 19809 7633 278 17295 5517 7453
3909 5924 9978 4831 7123 5853 18883 9027 15272 18562 17241 3714 8005 2101 8192 18358 16547 2436 3622 2080 16983 10461 14231 562 14405 9363
7133 7323 5064 11571 144 1169 19873 18233 1520 17058 772 1849 2271 8005 13214 6257 11010 16541 4864 16864 10879 18451 5409 8359 10243 9730
15472 18501 9962 11940 11817 5053 14440 4504 13745 5751 2857 11752 11093 13740 16306 843 18274 5953 2394 13213 5546 4324 5578 14625 10680 19498
5909 6349 6818 9171 1841 1601 14230 3741 16624 18546 17239 13276 10655 10636 18286 18098 10546 15794 531 13458 10588 10473 18910 2622 16954 14671
18348 18455 19693 9282 7391 16568 5828 13060 18538 11605 19968 13311 12978 7853 17456 533 10858 5195 16807 16124 17065 11946 19865 4645 17363 19598
19600 9208 13977 19762 4961 12499 1307 13475 15269 10342 6734 9541 11046 7850 10122 5782 7197 3240 8090 19797 13001 1052 813 6335 13484 12095
17480 16034 3199 6135 15100 16367 12791 12077 18607 5024 8675 4183 3453 8120 8480 18326 129 13 688 8743 17093 3314 1757 10710 7176 6513
12314 1097 10736 17843 18840 18994 10301 17574 13160 9218 6868 8205 9301 3003 1731 2242 13616 1740 19512 4979 12662 8914 7738 13364 1621 19012
15578 16778 13195 15517 17482 14742 17903 15177 13937 7926 17283 13199 17989 16796 2184 9465 4711 14951 7345 17114 10969 1671 1262 2411 8475 19967
10737 16333 8064 15148 18241 16463 15091 4795 6670 14036 4283 3480 2298 2775 10283 18829 11165 18386 16169 6218 7346 11663 16593 5998 19418 5563
8153 13133 18195 3254 13051 13720 235 513 13506 2607 7876 15660 6382 17433 19171 1770 14837 18758 18236 5560 19105 15360 937 7195 2449 6402
17460 19605 8136 11300 1545 4690 5253 13105 6291 19976 16320 16935 16313 7947 9329 13536 4542 11909 9344 18511 3004 2803 14111 16742 15558 13802
15285 4955 6535 14337 12720 18906 18519 18630 8471 4587 13205 8961 211 13112 12175 4826 8504 4081 4130 16277 5853 16116 5414 19316 9183 17628
10885 443 16566 19504 12883 9685 15615 10355 9351 2426 13368 164 17000 19575 9962 506 2146 11176 15498 9683 5333 19679 2127 8489 17009 16732
3922 15700 7875 15929 6723 1234 14060 12247 13555 5668 1647 18653 13825 19344 13614 17918 9825 14452 18610 10135 5744 18727 18654 16827 18276 6588
8641 13119 335 18270 3461 7507 6179 7726 11393 19668 5111 4564 12651 5949 684 10962 3557 9886 19179 2259 15315 5530 9369 15712 17093 4538
406 14645 7080 10837 4112 5107 16889 10291 8832 16612 13974 12841 5888 18476 13852 7821 4334 11655 9330 1610 7779 19731 15916 7656 13749 366
2380 11542 10938 17465 4849 11459 15995 19784 1980 8209 11717 5505 1391 7804 13386 15490 7007 15678 6113 4778 18775 14238 15928 4663 4875 13234
13413 7383 1122 244 5084 6256 12545 10434 15257 9044 5324 6717 11897 7819 16382 3802 6734 1654 18556 3439 15307 9617 2505 11673 17587 9304
11602 5374 9190 19887 13092 6411 3704 7394 11268 9277 15004 10087 4239 15256 10834 14462 479 4291 14212 855 11491 1485 10731 1609 8969 5410
14566 8577 9386 16731 7788 3567 7774 6834 782 2836 8942 16013 18159 18861 1568 9117 3331 17309 18914 12522 15286 15594 6045 17034 9529 5757
2421 7854 2151 19713 15593 19447 5430 5504 7194 16221 12296 12752 11906 2760 17946 8454 14982 7981 15290 19898 8443 14340 12334 13442 18677 454
10352 16674 7545 12004 1534 14291 13449 6153 16810 3262 5215 16281 12575 90 7172 19776 19839 11335 4058 16366 1960 16381 12548 3529 11602 10669
8014 8810 4891 11376 16882 16060 2826 8646 19600 1886 8795 5257 18218 16153 14265 15908 864 12298 8461 10659 16547 14648 12315 8342 6037 5338
8388 9001 6488 548 379 4031 771 6902 7146 3965 13065 12508 6965 16530 608 6878 6798 10854 2974 17064 12131 11437 3008 12953 5711 17112
15686 13704 10502 5580 11584 2718 13463 6750 4837 10032 17161 9463 4589 11016 15775 12911 820 14457 1793 5183 14154 1615 16083 1872 16310 10470
2899 10018 2557 737 13260 10887 7522 7606 18985 3783 13959 6578 19958 13972 11782 6673 18343 12037 17875 15460 11093 16747 18005 11594 6177 15626
4990 19774 4487 6900 11775 15965 15808 3814 16842 11924 13527 12763 17304 18572 10305 19373 17018 4947 8655 2455 4097 4833 19968 4675 12898 9752
12111 7391 10687 7162 4137 37 16651 17952 17530 12619 10666 8924 10031 5628 15245 15731 8187 5423 3798 3847 3494 16148 17858 10730 7744 4566
8180 2671 7814 1375 12729 13766 18088 749 2474 13759 8283 16584 12684 2550 7974 4040 16373 14765 11613 19801 6339 16985 6010 11325 12984 7591
14337 8767 14561 16138 4100 12729 26 739 1219 309 13228 3351 5697 18847 18631 11726 3882 13666 824 9382 9990 7395 2503 8821 10096 3516
11001 19623 18714 12527 16957 15354 6215 13944 1931 12126 5511 9487 2176 13508 4457 1651 16923 8355 11713 18716 17905 10881 13028 13142 17984 9743
4572 5227 9128 3028 6192 10971 4514 2391 4061 2857 3350 7312 18120 19073 14754 645 3177 9237 6123 5605 3500 17649 4535 2212 10370 14453
11245 2247 19308 6716 14009 11857 10385 5421 19128 16864 7033 10743 5087 9728 17244 8689 4950 12244 3810 19174 16906 14546 15920 1461 7894 4062
11573 9634 6874 10672 1977 5490 18317 2396 5533 3997 8374 15776 6099 6013 9258 14733 5390 7820 1733 12709 13702 15681 7279 11517 16929 13677
18795 6631 695 1993 4710 722 2519 12822 6324 17873 7711 13685 10625 2368 12992 8937 15299 19370 10192 2805 6718 14494 18300 13700 5111 3137
4604 14228 4344 17655 3915 15179 6075 15214 11891 19585 3961 10852 13493 1724 16786 19774 11134 9613 9872 12720 6168 11916 16251 17816 2240 6299
7519 15468 4972 8059 18002 2654 18902 11709 7851 3335 10411 13983 10294 5421 17246 13857 455 7479 1496 11215 1602 1353 13716 2257 16784 4311
18322 1611 4831 3781 4343 11771 16854 15809 15408 2636 6816 7970 599 9358 3289 445 14991 17142 7617 2010 13233 7986 2169 18258 19002 15929
10389 6997 7697 6110 2021 1688 7235 9790 2519 13273 14208 14675 15098 1103 317 19336 2327 9944 15657 4548 10590 19675 3944 8389 11166 8458
11905 18395 11094 17361 8597 2936 1604 5730 12927 6611 1837 10919 13509 1799 13853 9613 2325 12521 11276 3189 11030 6007 15865 2750 13192 3033
510 5997 17428 9807 19518 7777 8548 183 2362 3113 7592 19241 2395 13240 16936 5024 875 8005 4046 7707 1063 15345 19964 2266 6001 13453
18734 10651 4228 2768 17895 3294 182 11877 17614 19574 6152 18276 16282 4489 3409 16534 11007 3623 553 9355 10858 7316 17656 8441 11057 17065
2575 5690 6019 12251 13146 10070 3145 9844 13001 5695 7846 18069 5876 15252 13920 19644 19920 16812 2964 17618 19191 8767 7812 18918 8086 16374
2741 8922 16583 10104 7152 352 7798 12853 10525 5463 10215 5266 3353 15690 8546 16517 7429 45 4646 8489 18996 17521 6358 10938 3589 9484
16307 10382 9809 15451 19428 6103 18756 1799 12063 13702 8577 18306 10356 4148 13483 18223 12027 13769 2458 4329 5697 12692 5246 12005 962 2751
5096 18094 4053 9177 7772 10304 10777 1871 15204 14460 16499 15099 5284 7049 13236 17728 1326 16475 3486 9023 15669 13667 17242 3060 17939 9465
4879 15985 906 18601 8808 1746 9328 16778 17901 4530 12980 14833 12021 16666 15003 6974 4606 8048 8132 19632 13318 19830 14734 18705 91 19610
16847 6158 4780 19273 15886 3377 16889 3431 14132 8188 10451 15235 8378 19745 13426 13731 10678 1292 18969 10126 13813 9769 16066 14220 12158 1010
1429 12064 18986 16259 16322 2241 17878 4356 13861 8561 2685 3068 13674 4016 11696 4563 13470 7738 11332 5215 9106 6200 19482 1531 4604 6515
9429 3548 7163 4059 14457 11633 18809 13061 2253 6886 1530 15952 6382 10139 3756 11635 7319 3979 1477 3567 3362 5268 14186 5898 18647 19114
10444 4616 5962 8171 18205 4598 10237 3472 8226 18246 10580 7347 14742 19817 11574 4167 16432 8421 11207 7715 13408 10118 19710 11540 8067 2022
2388 1199 19818 3727 18534 19031 10754 19428 6130 17386 18084 11392 10 5482 15309 6201 14200 7062 10008 6189 19098 12815 9886 3945 8251 459
10552 7943 2899 19554 12158 5842 17571 3259 986 4157 7534 15960 12565 8874 17407 279 15360 6671 6322 1674 8236 17128 17773 95 11248 12920
8434 11002 10780 6547 14473 4832 19179 2432 17152 8859 18454 14032 566 4234 10696 13874 18853 15626 13336 14445 5227 15379 6046 470 18713 451
2826 7087 11204 3799 3121 15515 6778 419 6275 8389 5896 19536 204 5442 15929 6877 7399 19407 2011 10821 3972 9491 641 11388 353 12867
18709 13408 2244 15646 1151 14373 1104 9457 1312 13404 6861 6433 4637 16199 13843 13902 6918 15245 7681 9227 11787 19307 2669 17125 11987 19346
18968 13417 5573 18412 9187 3533 10846 11108 13258 6608 2632 18627 11615 14316 15471 9592 13269 1907 7941 5939 5533 4797 12911 9736 2545 374
19243 16725 10479 18690 8775 10424 5229 2564 11346 1736 3534 5012 4808 4074 2015 19633 13802 7923 15507 14638 14881 11724 7487 18010 6122 19649
3692 12530 13504 4343 14327 4176 13409 18925 18471 13835 11338 3321 1527 6521 7940 17549 6129 6140 13473 5440 4295 5253 16586 3827 18811 8045
9139 4627 11321 5216 18514 17612 18765 19975 7776 13592 10360 16924 7135 3691 9692 6051 1170 11920 3659 7036 4723 1393 16755 19755 4923 3430
6644 11589 18722 8035 3551 3676 10500 3288 8953 6783 13451 10559 3611 4131 16048 706 3836 18520 1238 10607 834 4717 5105 12234 19298 5330
18303 12766 12986 19531 10622 13900 10231 6505 3230 11071 17811 19014 17518 1294 18568 15530 19687 5968 16151 13223 14910 13236 9377 12973 19077 7209
7579 13534 3994 11461 10945 7677 15423 1481 16363 5792 19595 15097 12248 3510 17753 2548 4349 6971 11036 18171 910 9842 14012 15913 8569 5982
12868 7570 8386 18001 9440 1056 12210 5706 6371 7512 17415 10800 9344 10012 16047 6536 2599 9927 1920 11445 16755 4542 5807 11673 3471 18987
12011 7632 6988 14837 16359 5465 10726 8121 19959 12376 8646 16670 11165 11625 10435 10860 18140 4431 16954 183 13422 17888 2374 15227 2519 13169
18813 3781 16076 11837 4378 11552 6876 14740 3098 17004 15978 13844 13087 17069 7479 16610 5049 6174 4311 4255 19452 6698 11501 12097 6061 15256
192 4935 12861 553 18198 8937 4285 19986 16361 17238 7031 749 9233 12818 9057 4389 7481 15272 15234 7908 15280 12326 3438 19931 18281 7495
15136 3117 8831 577 4788 14970 755 2743 19651 11138 11866 18566 18401 13326 19421 7651 17877 16941 9500 14033 9736 18826 13223 7732 16625 9558
17288 13876 6949 17647 15826 14523 8779 2689 530 30 8137 3046 654 12428 12823 2213 14000 19477 4418 17761 10545 3523 15001 1007 9175 7015
14429 15617 11326 19727 13415 7241 19762 8031 13629 5983 3637 6730 16903 10540 10638 15436 6767 16107 10138 14762 14467 18772 6420 532 10574 6375
158 9055 3734 1935 1601 9315 13327 1417 640 1614 12895 11818 11268 9405 5812 18135 19849 10251 11882 7062 17607 19014 18049 14443 13857 3289
14892 4352 16557 8357 2801 1755 17260 4160 19281 5864 4593 4255 8142 2166 5107 1403 9167 16367 11302 9429 18259 4873 12604 7498 19979 18596
500 14477 10557 5158 1351 1431 15502 10258 12441 13872 4440 12106 8054 9402 11796 7473 15553 2359 4694 6226 10037 18541 13856 11415 4067 14233
14622 8341 5049 13789 3458 16063 7124 10617 5783 11120 12476 18028 14306 7330 10938 15064 11897 8812 12155 18765 3461 14332 8970 15640 12898 15713
901 5673 15840 1959 7012 14796 2230 10500 11711 7602 18361 15929 2364 1820 6935 6300 2123 3639 3762 4189 13008 7361 5535 4234 4332 363
708 17821 10305 2937 3868 1038 7825 5294 5829 7394 19865 13676 11888 14344 3747 14869 5942 11508 4944 14996 11546 526 462 14142 18115 17805
12971 12286 3297 8142 15686 8415 2002 10033 13980 3045 13230 11119 12278 19932 8381 5662 16273 19306 17810 14265 16412 10596 14904 4195 1042 19316
7705 7458 6983 9955 18819 1122 2986 11999 7150 3445 480 12289 11860 9744 1528 19596 6538 19091 15871 11390 7479 16897 13999 19442 6267 11423
9171 16073 4184 18388 15788 2613 14072 10112 7100 18439 6771 3232 3756 12700 18427 8505 9054 17897 16104 3247 4559 16123 19120 9385 10508 18464
10951 13505 9601 19153 8902 11138 14495 244 14015 3110 13765 12868 14974 4059 7200 11710 19610 6401 19915 18928 5949 15798 577 17435 11838 1590
18964 16992 5688 5714 4437 349 9769 2554 156 19138 14645 11169 13356 5430 17325 19253 5405 9689 11781 9922 14936 977 4497 12336 5770 8478
8865 6855 855 7095 10679 12686 4997 8901 19473 18672 5307 10302 16903 7820 14207 485 16687 17335 13821 17616 16863 8250 10159 1435 16430 15094
759 2792 14631 2392 13052 367 6978 16526 8134 3932 8390 1444 1913 68 4649 5638 12224 7950 11124 12237 16290 7837 9805 18029 8964 9889
7243 17636 2250 19443 7455 11145 12643 900 15583 17273 8838 13769 16453 1690 912 2956 19732 13884 7586 8869 11940 12903 4329 15694 6677 5601
9733 16869 14770 1771 13944 8320 3504 19933 9991 2825 8283 485 10482 10879 15513 19534 7624 9697 4178 6092 12340 1587 7358 11099 3373 9587
5905 19353 18179 8624 2870 13378 6797 4762 9611 11645 8130 17549 4232 13209 5289 10560 13417 11784 18656 372 116 9485 14596 599 18637 4713
18439 15409 277 14164 15230 11972 18723 17825 13631 19092 17326 5980 15438 6933 11670 13603 15874 14382 1523 17736 18181 14350 13174 1188 82 13431
9923 10109 18651 8952 8092 4957 13732 11301 6753 2127 5594 9996 10761 6360 6154 16466 7406 10827 7913 1417 10622 18912 14058 19923 4145 11656
18781 17750 16976 11555 8376 8666 14512 13684 18394 5627 3390 19558 11900 17439 7403 18368 9854 3984 15291 2013 8017 14405 13514 18768 5330 5398
13725 17473 9541 8564 10429 14514 7475 7854 7218 1501 436 15961 3301 16787 14960 1127 19126 7851 16254 11410 19319 15167 8913 10338 17858 8006
14345 9569 5639 1472 17945 9127 7196 705 19113 15246 9188 16806 16021 4848 5495 17586 8274 4234 3618 15380 10803 16907 9950 19461 12966 2369
13784 15745 13627 6721 8300 2704 8680 15247 14874 9760 812 887 14025 16143 8982 8206 16004 10189 10245 778 7550 11748 16795 13873 11103 13662
8402 4547 790 14026 8008 10119 3875 7414 17309 8557 12136 2336 7365 14967 7331 11093 10961 6874 15083 1474 14545 19203 794 14928 19382 9035
19172 6847 17213 12247 12988 1894 3777 2778 10424 19278 12259 828 12998 13980 16692 8549 7081 1005 2726 19929 16054 12270 19565 14335 13821 3921
14951 3899 15602 12773 16894 18239 11137 13892 15952 3540 15055 5242 5408 6964 10189 1147 8095 6942 10547 13423 6878 2926 18624 5104 17600 11588
2179 19016 3379 2379 7599 14822 17587 5087 13735 15701 3925 16601 1192 6767 769 18618 6726 14881 16779 1906 18079 11303 6132 4603 15110 19855
2584 18304 17298 14322 18280 14999 2152 15831 13801 13042 16020 11316 18378 14935 7196 8371 18796 2701 19013 15353 6631 8802 16643 30 796 19684
8268 12341 19076 10016 18230 16982 11459 3665 14097 18439 5196 9684 12121 5626 7434 7346 598 7662 1781 9439 17102 7768 9276 11481 19020 17864
13016 13257 18630 9819 10218 3509 11099 6621 8574 12054 18408 11938 6710 8100 12052 84 12034 921 15456 13355 5613 8050 10198 2400 9358 10098
9699 3391 15509 7702 5875 1223 15361 5958 8669 6187 1675 17049 72 6330 15335 7465 3209 11192 8857 4278 15520 6158 2999 5597 16206 10948
464 7694 7602 11670 958 846 18380 19467 12236 6697 4907 18756 16622 3377 5616 16470 1933 339 10845 9337 2329 9062 18280 15652 18034 5169
16281 52 19348 6673 5458 18240 9032 4604 13852 18345 17032 16912 18603 13783 3227 626 10949 7583 7891 9375 19594 6400 1445 2777 17258 8152
5747 17149 14232 18955 2118 6744 10316 15892 17536 1537 13927 5504 5898 11360 17290 19976 5079 6553 14729 15679 11508 10217 15731 687 11590 10730
12476 14917 6676 5397 1826 7124 8369 5957 3045 6099 15223 6898 11218 13869 13772 8574 12380 18852 15912 14113 4718 1670 11304 2132 10845 8553
6422 11065 10962 2103 10872 666 13176 882 3715 16569 15076 6149 18640 10542 6491 15199 5049 1306 13640 667 11393 8785 1487 1830 15755 2218
17452 7528 17557 8383 17271 16458 13058 13454 14040 3451 3586 15910 4160 14701 9231 11446 14953 8620 3951 10057 11463 3856 16701 11221 14166 19079
12269 10221 6239 7956 2419 438 8308 19049 14926 7781 17293 9462 9232 5704 437 3577 12461 7648 15940 14211 3076 6639 11659 12694 2098 9073
13745 12148 1244 16842 2554 8060 11246 7759 8719 5172 11688 18961 5865 4440 16970 3923 8318 5724 947 10218 10198 4462 11850 9434 18620 3715
5803 18689 4690 476 7409 13257 2380 14975 56 4807 2021 1721 9762 14658 13895 18504 3354 19268 15626 1084 3383 13172 13702 2195 18433 2372
9126 17273 11836 13723 11391 15576 11085 9672 4116 3874 14468 2783 7234 4337 10474 5686 12333 2368 14537 14550 6314 3726 16001 10625 6090 6431
1519 183 10063 17909 12065 18082 8767 10565 15945 13522 18596 17777 14855 7520 5048 4750 14115 5531 3927 9382 160 8 15458 10204 19098 9770
11082 1123 10008 8284 2899 68 147 1221 3478 16394 1182 8567 4580 3398 8768 5120 13896 18866 19523 1892 12972 6830 7832 7817 3062 8320
15138 2787 8519 10253 17891 14508 2829 19208 8575 5455 7466 18143 18889 10509 19752 6915 4279 11888 140 3440 8263 3340 1913 1630 14636 3257
11846 17656 12364 10638 13333 19027 15622 12964 6016 14858 19378 9374 2193 12481 16940 19782 2825 17943 1473 9491 8615 8995 2373 5396 18303 18394
10798 7684 14751 5740 11584 18560 15892 11311 19809 10031 18691 11930 5527 17192 19127 5535 1964 8062 19092 15262 5588 6215 17446 15236 8093 18569
7163 14803 7993 14339 16589 7016 11641 13541 6913 1100 1840 3221 3346 12184 9837 9163 13881 19773 10883 13965 850 7127 15888 12837 9690 17145
16925 226 19706 6884 14940 15025 11884 9469 4856 8885 9472 13603 812 14038 877 16927 13525 16457 8256 9249 910 4287 12933 12442 18443 15229
5752 18321 3779 10301 9090 14723 1310 11020 19856 16683 13531 14419 14570 19956 6915 6862 2782 6426 19062 2088 18295 2699 15832 14144 6010 13682
16809 5319 1566 16251 15878 5272 13942 6866 16665 15593 18617 2471 14701 2396 442 15494 6451 13515 1622 17325 13416 19323 19540 1827 9152 16440
3334 1183 4662 12020 11448 4259 7115 6118 11255 3891 5832 9409 175 14144 15153 8553 14270 17974 8459 18222 4853 5291 17717 3664 9853 8286
3021 13575 9908 14133 2036 13980 17184 8625 19135 19866 5478 7283 6340 14610 16635 9550 405 11637 219 17766 16991 17793 4753 16252 3031 11889
7493 1755 7537 2044 12546 9729 8504 9612 11777 6350 10435 10049 16399 17948 6805 5459 19949 17008 13951 5872 19616 19493 18493 8536 1997 5964
11521 941 12251 9544 13047 2017 1332 12178 16110 18061 2822 11603 13555 9961 15337 8157 18664 9730 12689 3629 1271 615 8194 866 13976 1325
10603 11374 9141 3441 15112 5903 9891 7784 155 4398 13068 1096 6054 14199 6535 4754 19631 1397 13387 50 19249 18113 3930 5806 8665 1708
4127 13948 1166 16300 5803 2286 6998 2363 10060 9401 17216 2340 18135 14940 7736 16816 747 15329 10073 3164 17805 6991 4697 9062 767 15442
3604 14779 11147 5685 14310 13857 16324 5582 16223 19747 14952 11105 3505 2311 17253 10657 4232 3145 17410 14321 18841 8552 1107 15788 6981 12505
2552 11610 10330 2305 17352 13179 2567 16838 13538 17186 13131 7846 13393 6228 3594 4467 14892 10067 13996 19051 16340 3127 17753 17500 12706 4289
17366 18005 2812 17008 13413 13943 7372 13050 15486 9333 8166 12436 12107 1831 3266 19770 5306 10159 2837 3292 3512 5234 4201 13327 3085 9908
4521 1823 918 12043 1462 15901 6254 5422 16027 5130 19019 12826 13715 1884 2221 15737 7474 18536 17429 7454 18288 4485 11699 4819 1057 4648
673 13184 12548 657 2638 5669 15406 6048 4087 6256 17151 9300 11340 12337 11266 5137 17470 3723 3282 839 10718 17892 2798 16626 1542 17430
10711 3665 6838 6003 18996 15700 18356 19735 18766 19358 5893 16763 10570 4053 1548 10022 10149 5856 14488 6366 8574 12921 3398 12534 7393 3757
442 9146 12428 19907 14015 3554 18832 15430 1707 624 17834 7787 19746 11735 7549 19928 16407 9175 5825 15223 11759 10556 18431 1859 131 3633
15966 6183 6451 6800 18609 9334 16550 7104 13545 6663 19915 7901 704 16936 15933 10492 16369 1455 15330 1044 12820 4816 19161 9970 13366 19611
13702 6232 554 5582 10911 16221 6666 8472 12370 11503 19233 3383 13572 18540 2977 10742 18356 8326 18764 18533 7341 10913 6621 12054 10231 13449
13875 9740 19440 15857 7903 5992 19874 19330 7382 3088 4462 7688 14345 4915 14235 5975 1429 11165 12611 6931 19724 13072 980 6396 6942 6436
8528 11524 8116 12490 10418 13189 6749 2235 6331 7006 3930 1518 724 16903 8984 14157 896 6599 9832 5345 2926 231 1179 9399 12627 5304
13645 8235 9362 10234 2610 10269 12850 5573 18680 17690 10518 12346 814 17836 2514 19794 18969 4727 18260 19504 9394 5996 6821 7165 3995 1263
10515 7254 16801 14714 14170 15603 7820 15949 4474 15563 10661 16373 6898 15291 7307 10870 4514 7042 19714 16477 4656 14653 2693 19080 9753 17833
17070 10803 4543 19699 1179 10433 4689 5372 8081 12404 16765 6157 740 19181 9284 5353 8432 14781 18179 2487 12290 11426 16235 5263 484 4867
4389 5278 1082 17215 6980 15565 17865 15471 16460 19501 18715 19546 9740 19178 18200 7405 4533 6270 17516 4247 5573 6875 12641 5695 10509 16097
15433 11265 18823 9719 16986 17666 16093 8149 8729 9558 19071 3240 10304 17814 8708 14410 17968 7121 760 6669 15663 11411 7934 1333 14977 19397
6076 5483 3770 18226 8212 10806 17471 19177 1217 16711 13430 9861 2541 12098 13322 8079 19392 17252 14637 15231 16690 13910 16164 9928 3292 16200
17465 13418 7694 8881 15150 3189 6072 4874 12440 10146 19606 7023 3165 310 16140 19160 4165 1638 6508 1803 11522 3451 9363 14135 12628 17295
3833 17142 8729 6291 14447 6264 18376 8672 16253 5606 6864 10309 14314 1963 13291 237 17786 8308 17007 15724 16645 3338 5201 13407 17284 10321
17613 12975 106 6157 5977 10732 19865 16416 3791 18887 14700 2214 16022 8381 927 19919 12131 18286 8213 4966 18890 12390 15282 17891 5686 5092
2248 9432 1227 12053 5271 10862 9062 18466 5311 1060 3716 12391 1160 1725 975 4009 1869 19384 12726 15240 431 19745 18290 18584 15 12786
10040 8737 9097 7428 10147 8439 11755 5371 2329 15823 19070 16386 3886 11516 18610 5358 8175 15466 14470 4086 7534 17496 7814 1933 2030 17932
3311 2382 18066 9381 8359 5760 7004 18043 7460 19517 11996 16069 4962 6890 9661 8210 6483 4944 18212 3525 8589 14311 13844 14062 197 5222
5582 13480 8524 4212 7519 7846 11926 11582 17619 14306 5507 4515 17804 9924 1197 10143 2567 9695 18386 18605 4369 203 13724 11002 11709 9588
5086 13730 10546 14634 8154 19677 8115 4444 11824 13110 16389 12015 10821 3205 18223 2563 5832 18286 14596 17360 1521 7690 15878 18505 14790 11478
861 9982 16187 3714 12008 2763 13410 1617 545 17172 10297 17470 3381 1795 11483 17187 17211 18991 7705 4567 18268 17816 3163 1212 8050 10591
4192 2082 17228 14283 19111 1647 1536 959 327 9959 1889 19147 13655 15745 17182 9083 13670 19367 4773 17666 753 17070 19653 8895 1629 19981
16072 14527 19478 17102 15641 16286 6960 8480 7824 12918 9529 8996 8039 4760 6134 971 10967 17688 4795 17608 18870 175 3683 2568 10818 655
1578 11422 19577 18203 15294 3112 9129 3287 3036 1297 4771 3966 457 9392 12418 813 17854 16148 12006 2849 2853 18974 18354 9421 15046 2556
17290 19583 1075 3004 13825 9017 1071 7056 13928 4241 7543 6649 6908 19170 15604 14710 15653 2677 6343 4048 19689 17896 12804 6137 7003 3477
17470 18112 17658 2225 3104 17490 4882 2238 19504 3285 10081 9745 9026 12495 16796 8815 14970 11232 7350 9639 3606 4079 14246 18833 13718 6350
3299 6757 17550 2284 828 5728 3025 687 3047 14357 6371 15566 13281 15220 2707 17442 2893 7207 14248 16869 5705 9079 10904 4160 16015 16969
5386 9645 5821 19623 1685 894 16571 14074 5860 10500 6006 4017 7446 5644 3546 1395 5178 2171 8836 14457 6468 17477 9938 17507 10722 5730
2310 6172 8131 15896 10013 12679 18659 6008 6453 1121 13852 9000 5940 9577 9602 16957 17597 7144 3167 15698 17912 17107 19519 3830 10038 18461
19739 9495 9954 11301 8829 14065 2065 11896 18694 7223 5658 6121 6775 13677 13851 1304 10361 4667 18704 10750 2989 5168 18216 18021 1390 7238
8278 1100 6081 16598 16412 15362 2945 10394 15870 4204 15649 17689 10230 5399 5748 14310 2438 1304 7997 14660 2936 12250 1170 9763 16337 6129
18595 15407 5911 13918 3367 4508 7440 1540 5679 12247 8857 2003 16953 5391 7791 3845 4115 3082 8323 4012 7053 8510 5344 397 337 17101
9020 11018 4491 9239 5644 12711 416 243 1830 11323 2302 6249 3941 11732 14669 11251 2167 17446 6521 6478 6059 8669 13282 6132 7803 4123
7034 11563 10231 15528 1206 3649 7376 9218 19214 1975 12899 16900 15161 8001 8038 2232 14679 3474 3261 17404 5749 4641 6750 3416 549 13045
17372 11764 4929 17759 17566 3217 14458 877 15459 2258 9342 8014 15313 1294 2749 19027 331 10445 18770 10699 14861 12283 10530 4821 1835 19048
315 9398 5557 3125 7743 19731 10438 8933 14396 4269 10975 11894 10077 1351 10798 6318 628 6002 16278 2125 13598 16613 10535 3277 16255 19809
5185 17071 3433 1686 11028 18137 12279 6791 19011 7807 10417 1042 19116 18894 8827 5798 7045 6878 2597 6209 14682 11109 13170 6575 7270 18552
10712 19874 8985 7446 12969 10404 3533 14253 4113 18052 8882 13472 7873 412 15495 3485 16144 1583 1989 1946 13507 2252 13288 17299 18299 11980
6962 11938 15344 19097 587 17480 11357 7452 5738 18497 6576 9827 9870 18235 7034 18842 10869 11846 14897 563 15201 15546 13777 8017 12894 5321
19894 5429 19221 15013 17720 10934 1904 1674 17341 12885 11947 3447 1015 10241 12750 11564 14843 113 12237 15875 2814 2447 3046 8223 1697 14224
13591 10451 11013 16580 8916 6706 2690 10751 4325 9104 9183 2069 4842 13832 19163 11615 16927 14488 13651 6249 5417 13560 12899 3722 11129 8010
13342 1824 8489 12690 2109 10253 8776 9545 808 562 19451 6547 5421 4627 11551 5187 5863 17692 13304 1790 10489 11164 5531 7103 2713 13702
11488 9418 17051 10228 12974 198 19350 3522 16744 15496 17992 3933 1422 1286 1275 16787 1560 8236 15955 834 14513 17892 10979 8371 6109 16527
7664 3049 7900 1286 4781 19130 6415 6886 14705 4801 16008 1507 6638 19311 19739 6259 5499 6079 7819 5218 5288 947 14578 12854 17094 5726
12336 1347 2233 10987 5102 16617 133 8262 5444 18650 1963 9167 6212 11182 2734 2199 6080 13056 14847 13334 18007 14487 7839 2296 16809 17268
6844 14044 10193 7594 19372 12454 8785 13601 19819 4596 65 4673 938 9729 656 16159 10000 18150 7077 13986 3965 19280 2364 18265 2190 3366
1530 13920 3353 15249 15631 8460 13685 3425 14534 11882 17228 11910 9875 7927 19505 5543 6167 7688 9899 16479 4730 7310 17182 15754 2831 16819
11348 12255 6875 5647 12738 19253 15913 2418 18348 4101 15919 17189 7208 5943 10576 6946 12311 14257 17522 7838 18301 8710 18820 2923 7402 10149
3243 748 13750 5661 19982 6052 6286 18168 19113 19695 14150 10753 1077 19044 9655 7257 10217 14777 16799 12014 11093 9550 9630 17840 15200 11305
15266 16534 11929 10702 8746 8921 3609 3459 15919 15214 19658 15807 12619 342 14210 6539 19536 16281 14903 7919 17400 13664 17873 10242 4631 6822
3257 4558 984 3966 6427 15045 3253 2563 13726 10063 13762 183 13231 1653 9575 3117 8728 14058 13720 13711 794 18583 13277 18056 16128 2040
17576 10047 1647 7519 17521 14977 2876 13250 11643 9749 456 12380 4285 10333 181 3026 19795 10511 14816 13680 15100 15914 13684 9334 13141 16834
9963 16716 16177 4266 624 123 8371 14677 19675 2434 369 5953 17607 6368 4563 7126 16881 4628 19247 15855 11543 7367 14211 8746 3218 717
583 5181 11629 8990 12576 8784 613 2156 15454 4843 5601 4781 17786 1329 17224 19610 14610 6938 9631 5120 17130 4858 9187 17994 17327 563
7026 173 19231 15758 3314 6475 15647 6537 17231 16954 14866 10090 15542 2098 4875 2847 18754 402 10002 7457 14003 13426 3760 7870 9435 17678
7515 11046 2202 4063 16116 14083 3271 16242 1801 13241 11153 13218 8666 16924 559 7082 3203 15771 6170 1095 16360 115 7079 4404 11324 6229
7989 1594 16467 8042 9846 8303 3915 15015 8148 11545 12978 5788 19071 16751 14726 6105 17906 4399 4695 18068 16076 9206 7224 897 9199 860
6963 17116 9312 2154 2153 14818 11530 18776 15476 16574 1856 16724 16528 7249 15140 19688 8177 8561 9254 10966 17561 13340 11597 2112 17826 9603
14033 17618 6940 5893 913 17894 16512 1028 9692 11178 10045 15451 13683 8574 5416 13417 505 479 8162 16245 15031 18771 8779 615 1351 19032
7591 10688 14725 7933 7930 3438 2195 5433 635 10291 5857 7325 6095 4774 15657 2314 12522 16946 7061 6258 8220 13330 17797 13713 19277 16553
8968 13096 941 3497 8099 12271 6392 18417 16922 16797 7985 8946 16018 14002 17916 12844 11006 19039 2342 13 2198 15508 12165 4465 2019 10843
17058 14821 1670 4285 9539 8696 18013 1875 5812 8001 14892 143 15367 7055 1574 18967 15068 7830 5182 9905 7053 17909 3851 3644 10973 13356
5615 3817 19781 13002 19688 4403 237 10554 19759 18400 19462 6442 6240 15179 3073 1671 6073 19073 2869 8314 15577 8767 12616 16281 6773 11028
2212 12425 3529 18851 4409 16225 4374 6863 5256 187 18398 17602 13859 11732 13971 5119 5812 1228 10937 14381 3571 10586 16189 17139 1919 18878
10969 16878 4543 8953 13742 12170 2293 4685 17954 19510 13971 13481 1702 586 11538 2962 15260 13861 5121 10834 18286 18954 425 6182 10276 18455
5757 19455 10706 14758 16030 7646 13544 7930 32 7800 6154 17884 14958 6366 11363 12601 12362 3042 754 18531 9979 19375 4286 5829 13365 1514
2372 8999 7876 17743 15002 999 14771 7209 125 4650 7420 17625 18147 6360 7209 7167 7308 5468 6972 12199 19402 70 12982 7107 4162 14279
11017 6677 17566 4057 8480 5509 17899 313 3552 6542 18452 3 8360 10682 14890 1318 17902 5146 14047 3603 1981 6554 3474 13806 6345 353
2767 9492 6600 480 7456 268 14370 16089 16846 18389 3791 16111 13294 3054 19884 17807 11956 15246 14757 13501 14754 19366 3684 3235 14091 11245
13395 1585 4138 4206 6313 6041 7823 11931 16071 16769 6508 11656 4659 15628 15021 5271 6789 10708 12422 14055 8987 1754 2915 14991 6155 4553
12802 19361 6590 2684 7689 17804 16897 6586 13463 444 16440 4639 6407 16874 8236 18354 16768 9606 9599 11417 7709 5797 4520 6970 10459 14972
15722 6587 2148 15564 17016 11404 10799 5386 17845 8142 8980 5919 1629 15879 2512 11098 11418 15923 3030 17785 3068 836 313 17786 11095 12445
12027 14353 617 4842 15722 7393 8287 8563 19858 14272 1026 10759 5075 15674 11152 2942 6326 6707 400 5958 9397 9830 13291 3564 8161 1298
15616 8266 758 18903 2916 17224 7118 10348 10810 12488 3605 12212 15657 8202 3473 16558 15640 16930 6410 15110 16713 9810 5405 11957 11312 3659
2335 7228 19389 3440 6765 5731 15554 10759 12583 6525 19379 6254 138 3815 6881 12638 462 4233 5832 13098 1825 15729 15245 12181 18332 16773
17838 10838 13529 19505 13374 2047 3188 17932 11135 9999 11047 6785 19798 7947 16846 15725 16206 16077 18167 9855 15150 15626 517 12986 757 11727
4609 13208 2262 3818 7405 18936 3006 16288 5243 11822 19784 2642 8677 360 4853 14893 17366 12171 1724 15950 1358 10774 7255 17854 3456 5293
11870 1452 17839 12807 13994 19077 10010 6164 18425 9076 4149 6925 3201 6407 6852 18474 8033 8929 15542 18827 4883 18505 11642 12409 1329 19459
19840 6057 19178 7680 11353 12063 11983 3617 9152 12388 1122 14069 7700 6437 12465 10797 18552 15705 16726 4476 6949 10721 8716 6523 4248 4316
19228 2151 1696 12658 18479 11338 205 14920 6976 16874 4477 6446 18012 12376 4408 6260 14868 11011 6743 6297 11726 15974 18190 18837 15726 18319
1459 6851 313 5282 1933 8097 5835 19507 8317 15869 19146 656 11277 14626 18264 17586 9627 7849 10424 19250 15211 9869 6840 5164 8841 11175
1565 8112 1077 1949 2711 11514 8846 8067 9263 3804 15215 1915 11181 12276 19715 12583 10242 2793 16241 3073 16056 18176 5564 1275 14544 16563
545 18056 16581 7535 5780 18 13409 4905 13122 1500 8336 4926 11010 16360 12307 6487 6906 8881 16065 2148 7274 10851 8490 17978 11985 5373
10552 1709 6015 18141 721 7008 6379 5186 59 10619 13712 8470 19788 6516 11017 10443 9418 12771 9410 19523 11158 5458 18431 17139 1659 16412
15447 9514 18101 18175 7453 19550 19532 19987 16698 10618 7459 3017 4497 9873 7162 1941 6643 12110 14275 15453 5225 11902 5964 2596 6332 11659
7331 2084 2529 9779 19832 9942 14874 10649 12655 5839 948 10450 14217 13240 8765 1926 4301 13446 447 553 14609 9017 19596 14844 16453 468
5018 10375 13479 9688 2061 12800 19538 5068 17978 10573 3732 19399 19339 7208 13212 10459 4737 17537 13457 14436 10493 6549 6656 1487 19815 13303
13256 16620 11778 11973 3622 604 15243 15717 19198 19832 13608 836 7247 1680 17639 7537 18756 14503 5356 12139 13760 1643 3672 16048 19069 11940
4946 17772 12612 2366 13934 3758 3402 14933 2870 5125 9823 9283 11837 13539 13530 517 7805 8421 806 6121 4242 1662 2961 19588 8372 7940
632 4068 8427 3476 10845 1608 8790 2249 19042 10099 8649 17644 6389 10027 13367 11800 18040 14277 3889 19342 14767 17449 17588 16138 12523 12833
11569 5417 8596 18774 14932 19699 4264 14760 8992 11724 4312 2491 8239 4464 14599 12425 3101 3663 17261 3029 8666 381 12690 11648 15061 2675
5841 19534 9174 19828 369 14541 11657 13209 1047 1492 18198 18518 16877 18212 15647 7189 18867 13353 10603 10228 12029 8056 12658 7281 14189 11534
301 19900 2874 13455 7534 10941 1443 10925 12189 14821 176 15425 8885 17009 4607 13525 7985 12333 1796 3967 181 17252 19548 6200 18144 12637
11742 8366 18565 2091 19099 4462 7064 19931 18283 7125 3933 17005 4385 11895 3084 15782 4737 18215 16725 15598 15028 18119 17782 10128 2455 2717
6199 10774 1676 18405 15598 3261 12317 11819 3113 5915 11987 8863 2260 8450 12469 14091 7255 16720 7319 4876 17950 1509 3618 4982 10578 5965
19236 10419 19465 9704 8055 8518 18120 5092 14451 13491 13005 11383 7536 9471 216 11708 14632 18922 17502 4013 9577 13740 19019 1834 9032 4627
18162 10952 16393 5354 18831 7063 18431 14148 18941 14072 16546 9626 10610 18001 11687 12939 8003 552 9922 14083 10187 8064 16093 1900 16995 16221
5002 11260 8462 1547 6331 19884 17958 9854 9247 13118 7547 7884 476 10601 16604 10564 3124 11083 15660 3786 7051 1237 13367 14914 17073 8113
5749 4130 18646 8047 6920 9299 13695 19622 6230 9990 12269 19933 9397 8815 6366 16070 19251 12728 4158 5380 4824 2881 8593 8060 14330 8315
15047 14195 4980 14964 1653 1550 7408 4519 2437 5244 12167 18351 7970 863 19911 4029 4085 9993 4374 9344 7381 16276 9294 7560 10289 382
1757 10720 4914 17288 17461 7043 5548 8347 7362 16971 6050 3112 9015 6726 11253 18151 9911 17389 8021 16858 8039 8603 3901 3088 11325 797
7235 17361 17318 10931 2030 18249 14941 18020 10184 15104 8967 11391 14070 15397 333 181 10750 4747 8287 6411 10307 1619 17651 13136 3641 15590
14861 10512 3628 89 10413 3659 3614 4791 7051 6893 3019 11901 17575 455 6932 176 8807 18698 10652 3737 66 17726 3635 2537 2133 13917
17571 1601 7644 12481 6758 1022 10137 5885 11699 6192 14393 5103 8721 13602 17583 14884 9320 3834 1993 15303 15943 15385 12463 10144 2782 16993
6475 9481 1056 1525 9028 6600 1105 19508 17542 11829 19569 19248 4948 10425 1859 17158 1011 12584 14610 993 19379 2508 5247 12051 9114 8310
6428 18442 11005 1077 1580 4241 4676 2733 7870 3658 13630 14559 6204 6389 11208 19074 9145 18826 13249 12870 15158 4228 13859 5388 18724 17733
1123 11320 12609 392 3592 13989 18266 4516 12123 11631 14657 15048 12459 2776 13546 2149 690 14913 16369 6730 19162 5358 7205 12966 13267 18092
7593 10530 3436 19501 169 5010 10045 10149 13750 18124 1260 7397 11242 3452 3335 1090 3824 15020 4348 5263 19431 2505 260 19574 367 8120
1190 19716 5360 5432 9009 5276 15455 15742 5939 11060 14574 15561 4173 15703 5729 6936 6346 6484 18407 9953 15984 2698 6859 10304 11209 3392
14186 6313 11626 12591 14411 10249 18861 18105 12283 17147 3051 5956 14862 1343 10510 11426 18948 18982 8131 19518 5573 13797 7479 13040 6015 8765
18854 2365 9686 4358 12423 738 14751 19137 15854 3538 14549 7905 10585 2848 3764 14559 12507 18201 9526 15449 16673 17907 9139 18734 3896 19914
6346 11871 2750 7913 14172 10310 14216 12125 13322 17102 15849 9013 15137 8997 8101 6235 19732 12211 1714 17853 12107 4003 1003 1336 2482 216
4843 9053 1627 16928 9990 4785 12316 8600 940 9663 10688 8912 7608 10718 6578 14910 12213 1968 1869 1879 11991 7538 18103 719 4702 10217
14731 8718 3908 12586 15065 9141 5982 18865 896 11968 7051 6309 294 2557 17075 1461 9797 6791 4579 780 7176 420 9941 1481 14173 12190
2938 1908 14924 1773 19536 3754 1846 9757 16957 15766 18177 2182 9125 1997 14525 15357 4064 15136 15393 10538 167 18824 14052 14731 13476 12537
13320 10686 16862 17319 4309 12819 13427 16418 6802 1010 15068 12886 6562 16876 6371 6948 13783 511 17133 9277 18965 2980 17611 2486 15834 18604
583 2254 1272 12318 11838 9849 2054 3412 10290 19311 11308 92 17740 2131 7384 4290 15365 7866 15263 10165 10922 4081 10735 3436 8143 14742
13111 2892 3091 12794 7851 4494 12098 9940 3237 4690 7984 6906 4883 12574 2551 12334 5629 15140 16147 16341 7663 561 13745 7617 17657 6118
12929 8181 13751 9918 12472 1048 2286 734 15377 17150 14495 7618 5648 1920 5221 9982 12142 3905 14578 8356 7473 11080 16176 5913 18034 16378
16674 19136 15828 10129 11025 15344 2197 18173 17981 17499 16838 9690 226 11092 2852 19452 1852 7787 2446 4293 16578 16236 6217 2958 19183 13015
9780 9737 12255 17255 3215 11878 1463 13714 11530 15328 1771 18224 10741 2818 7493 6682 18360 1425 5754 19848 5425 8959 12589 14310 18934 17966
14759 15235 1137 2859 17309 14755 3053 15786 13881 4535 9911 17918 9879 7968 2764 15504 10376 18645 18792 19879 554 9433 13635 2741 14350 9534
12142 9992 673 4924 16111 8924 19878 19674 15423 10267 18104 12932 16826 12898 11004 17716 19679 16582 4201 19879 6904 19449 6802 3646 9288 7730
841 7135 2201 8222 10125 5073 17971 4046 14805 14678 9861 14513 4717 17618 17403 2708 17306 3551 7543 6496 16227 6615 17421 8064 3510 2257
7781 2510 18524 11213 1815 8990 17849 11788 8218 16901 15829 2738 13967 822 18016 15853 2044 5065 12447 8248 2843 6759 1796 10952 2755 12650
19218 11390 3122 8922 11421 1546 18354 15491 4772 9610 18059 14590 16357 6244 7431 9497 2031 12707 11027 4638 10103 10997 4297 1930 12585 2390
13699 12622 1382 12369 9825 19151 15926 5211 2018 11862 1817 13826 4692 3155 5794 156 17126 8415 16230 7859 12430 11776 168 5467 10071 13726
5410 7160 3651 7620 4451 9797 17264 7650 9313 10121 19102 10977 16437 1475 9317 18216 2082 12925 7430 4100 7025 110 18404 16503 19850 344
17954 4377 3640 1609 3953 6031 6304 1777 14594 17500 16025 15957 6442 5739 5661 12143 19913 4392 8110 2582 10489 17070 6678 282 19916 13121
7773 14181 5401 18225 6598 10330 8365 9980 19264 92 13621 13283 15376 12877 19814 4090 3721 18115 16232 18086 3961 17057 19226 9651 11047 16436
16183 4679 3089 7100 10144 10641 13427 8834 16542 4702 9663 6800 2963 8727 10951 11940 7146 5866 18987 13619 8084 18258 12581 11644 13649 2634
10832 3681 4232 5379 14027 12694 15655 7831 4292 11756 18602 2248 12750 2061 12821 13168 9777 13017 7756 16392 1676 13173 14165 9832 15782 4408
3032 12920 17992 12298 15746 16628 6114 10785 17124 592 17509 1292 18393 17861 14775 7537 11094 10526 18071 14667 3901 5712 802 4383 15333 18162
10262 19812 9630 12816 13015 16931 6941 17456 824 472 17362 6119 10403 1781 8324 18823 16621 18720 12942 13489 251 9154 13553 16579 819 8241
9682 19822 19091 15205 7164 2004 12331 13594 3137 13356 5474 7937 18016 9335 16448 18977 8871 9769 13345 9338 10858 4706 1234 15867 9247 15691
14956 19153 4998 4018 4671 1892 17202 10274 6623 11800 10210 17775 12443 17889 14906 3479 11008 10068 18833 10688 19670 10579 9313 12672 1920 17152
11903 16650 2250 3068 13365 19177 16657 17060 6592 13445 19469 19581 5238 7999 10877 5935 6234 2360 4490 2304 15683 6708 19587 4157 1704 1794
1411 3041 8698 3329 13333 4995 3967 14929 16594 16627 10698 10238 15333 13148 17440 15502 3113 13369 3191 741 18281 18496 468 17965 16545 15083
4425 16868 1537 14134 13171 16109 6079 12206 16400 1330 4523 12689 7151 10957 6481 13169 10363 17804 14325 3682 4469 9462 19421 3718 14568 11456
12380 14096 18815 14855 6818 16042 3696 3553 393 13655 11491 15110 18454 18722 6354 994 9006 10004 15533 15938 2473 17079 8743 13768 6553 6216
5020 15205 2265 19944 2920 19017 10214 11271 2795 14310 4973 5392 9741 15242 17631 14666 4408 15365 913 5470 19990 17304 7621 6975 6891 11646
17510 6951 16541 15908 4447 15566 19540 153 16078 8542 4062 16228 18907 14629 1661 18841 12909 983 6035 8233 7583 18875 7353 12762 7292 19900
12470 3616 17854 7500 14299 4106 4752 10674 1553 7373 16574 2222 15738 8012 18108 12413 1481 5846 1478 19656 114 4957 1084 7143 3232 11812
9111 17645 11910 2021 14568 12347 9525 7996 3293 17416 4787 18278 13607 14269 10902 18320 10503 12190 130 2737 780 12666 1669 917 13821 13018
14224 490 14620 7541 27 12733 14131 11473 18664 18729 6945 17503 16054 7014 14022 19989 6330 15039 11417 5872 2252 12456 3338 1717 14526 16886
12917 18654 16820 3724 8430 6466 18631 18199 9418 11261 19207 931 16197 9915 3493 17180 13601 8827 19859 13661 300 351 18344 11154 18345 12425
5232 16582 11907 18381 2600 4393 18679 13542 15392 15844 9883 14179 4265 3717 3449 6271 13621 134 7563 9733 16182 18005 452 5888 6213 6983
8415 12205 18297 88 5686 11658 7465 12329 9183 18925 2899 11847 15049 19888 15839 17934 76 2371 922 17692 19101 11328 12031 2054 19329 937
5503 5990 16972 210 12921 675 11996 17391 7261 3200 15218 9907 7176 9425 2302 12967 6637 2706 19149 8520 18178 13902 6444 5730 19264 16926
6097 10418 10078 16367 7843 9480 19817 16649 17446 10510 3244 13965 3148 18996 652 3010 12968 18586 2889 3726 6510 15818 16397 17403 4434 17034
17142 13268 17171 19700 10214 15818 4105 3186 17666 15752 2343 9065 13284 6570 1058 10591 10021 9983 4315 4427 8344 1617 18492 14713 13315 6111
13527 5606 9753 4087 12355 2031 13909 8528 17486 5057 6100 11555 11001 8385 3437 12682 7812 8857 3406 9749 8716 15694 1768 17487 5822 14832
9817 12381 9848 8724 14375 5891 18670 5822 4680 19627 18474 8441 2535 17859 10201 230 17519 2180 19199 8792 14401 19405 6085 8073 11531 3522
3782 12031 10380 474 8705 6972 11547 12316 871 11527 7870 17147 7242 3100 15726 7411 14531 14293 4530 2686 11586 18767 19988 9612 19322 16987
18901 137 8787 10920 13138 1204 4801 10326 15249 6270 3486 7551 8899 10399 11639 6209 17580 13118 323 1194 14299 13684 5929 2714 7214 5361
8350 15916 19720 6886 4828 14820 16430 3141 12687 16257 13838 16358 13935 9677 16193 10508 13479 10200 19861 5048 13580 4289 2729 15895 14462 8937
15822 12105 1219 693 7035 4455 1578 932 18095 13613 5827 7491 12365 17725 16528 10153 2339 13046 16663 11980 5539 11002 4099 19093 16869 16105
758 3597 9610 19065 3981 8042 14380 14719 5361 508 9409 15118 9093 738 8016 15142 9784 6095 6638 6816 12008 842 3035 5936 11876 19017
8069 13869 6019 13723 19848 6884 2238 16886 5338 17412 5319 13915 1620 10775 15412 1603 2571 2746 11963 8833 19902 5580 14890 3428 15970 8130
9219 2051 8320 13944 1645 3121 19833 19897 12403 7122 16037 6532 12572 1147 1594 17514 11879 593 17985 14591 17856 2993 5997 19225 14377 19162
5023 11243 7973 3689 8154 12486 1798 2061 5453 650 10317 16467 2083 15773 15094 6961 1947 12836 9388 14682 15812 13006 3937 17194 2962 858
17475 19485 1565 11806 871 15745 3571 10698 1885 15521 6740 2349 10319 5998 18594 4325 15885 18026 7426 1481 11110 11428 6356 12385 1897 14930
9729 13606 3341 3348 11080 6631 10389 14064 18576 5507 10077 6660 5848 13737 9177 13992 9366 789 3362 19649 4353 6271 2824 7325 18336 15165
3457 11885 12010 5438 16890 13639 5511 14531 15257 4297 17679 8022 12493 9954 12991 7935 7316 5745 9678 11670 14947 2704 15245 5614 5918 6772
16476 16943 7092 16360 13500 16274 15574 3987 15989 11741 5151 12726 18777 9422 11744 7978 9103 11269 302 18536 4298 3396 11339 10059 16136 648
17231 593 17894 2059 17092 993 8894 13408 18262 587 609 13756 12637 18737 18449 12286 12517 5025 8011 13025 511 11554 16956 16990 15046 17889
5559 5389 17560 5161 10084 6625 9141 3391 7933 4773 19960 17595 363 11097 6650 16382 18902 500 18146 10422 5957 12590 12423 3373 6148 686
14598 11408 572 13663 5349 18459 12606 19378 15794 13361 1366 4890 10830 10639 314 15568 7995 19026 18949 3674 11916 8539 18208 14537 19600 12730
11356 17532 6667 1351 10114 2943 228 10849 5109 9474 12761 11783 10592 3285 10077 6416 12860 5433 8879 18493 17028 844 9387 16686 13184 16174
6241 7859 11478 9372 15155 9222 18393 7309 6692 2518 11908 3556 5186 18241 12899 2743 7130 17130 18447 7738 7054 4921 2542 13780 7063 10942
