365
17 56 71 38 61 62 48 28 57 42 73 93 48 26 92 25 7 63 70 57 76 11 69 43 66 37
13592 8950 17824 4666 3170 8557 9110 14344 19223 1214 12320 414 11867 8709 13 7512 674 5573 4470 12417 7954 848 6816 14643 12467 18976
5795 14391 7834 8012 19560 525 15892 18251 7708 11141 12888 13738 13994 12723 11944 18062 621 15532 15106 9665 7075 11625 15859 9415 2661 1918
16570 14669 7533 16525 15173 5244 16264 19375 11346 16454 9987 10453 8979 1444 3186 19812 10466 12590 13135 13799 13105 4355 14087 11989 10389 15890
14297 18933 3205 4614 17579 18277 11125 15126 8229 19507 4326 13758 11242 9138 4127 16575 18247 9621 9423 3465 15273 3096 6597 19412 4029 4993
5829 8038 18297 8983 4206 6235 6600 10904 10401 10477 7083 5850 14005 8515 19152 2822 17035 1240 138 665 6047 9836 15129 15381 11164 14584
11005 2520 7454 1175 16498 12592 16207 5189 7016 3773 13422 14632 19420 1831 12771 19011 7775 9826 12153 1339 18052 7643 12712 949 13330 4874
13836 17185 14017 560 2695 5599 18136 7433 12727 11925 411 3761 5476 9084 3712 16025 8944 18051 1207 10728 7471 2432 18638 6825 14921 384
19805 8351 10974 15935 1979 12862 18304 16761 5924 11074 14824 12166 5783 19266 17749 14231 14251 6714 19198 8824 3439 12870 1077 15735 13876 10162
4767 6147 11284 16819 12756 1492 14106 9595 11608 3540 10072 12011 19667 8776 11887 10509 12445 9819 10373 8439 12279 17321 5328 12827 5308 8982
11026 18585 4454 3454 13176 3463 9771 19624 3017 15972 3511 18055 18564 5122 2526 220 1211 11619 16811 1173 1771 6261 18869 5674 14290 18290
11143 2233 10084 19231 6821 7832 10004 2908 14379 2386 18382 1249 7143 6158 15421 3966 15988 12791 5035 13880 15917 18816 1225 9449 5136 7178
15024 6317 7835 2457 7909 11308 19682 11121 18494 16964 13866 2915 8800 13458 5890 17081 5224 15695 11316 12878 4577 7977 5513 16379 15312 13880
18418 9843 9725 18198 9701 4219 10180 3978 129 5985 18545 13931 3778 5200 19943 15654 9586 11129 9153 6184 10360 7864 13264 3251 454 14452
14447 1383 7771 2695 7261 18952 15677 16126 7653 6241 12178 1669 18792 13501 11563 1219 1275 8121 436 15271 2097 3523 12029 6050 19286 1285
18798 1789 817 9582 8573 19817 7867 18759 6500 1274 19743 11852 14205 10618 17191 36 19168 8482 3014 11087 7898 5919 18158 18564 5249 6362
10474 1497 7941 19310 6209 4516 14395 9507 9939 9787 1634 14958 212 12351 4875 17120 18704 10278 5453 4680 14316 3108 3406 887 18285 12255
409 15032 16971 19968 9187 9266 18778 17730 17411 1440 11510 15381 19936 3258 9842 19332 19700 10866 18279 11067 11535 13009 2191 3465 17861 2799
6756 13060 14519 11856 10701 3246 3111 11061 9589 1756 5444 11563 15503 6320 12004 9733 16874 13543 4367 19112 16915 5705 13332 5250 9010 11037
2552 5738 18452 15901 18360 6627 12560 10596 12426 9742 17930 19173 15455 10842 10970 13888 16477 8558 975 15908 2916 904 2354 16719 19172 19470
10023 6567 8945 8393 11972 9557 12726 11580 5401 9785 15363 10577 6283 14671 7036 8075 9756 13412 11798 14450 4983 2445 6307 19953 9038 18943
16055 15988 8951 4597 8130 10916 7829 6597 12852 18983 274 10486 19982 5444 17524 13492 19373 7295 9361 2791 16840 5794 505 19015 10657 9496
11400 19621 218 2870 12905 4935 9608 16300 4688 9706 15365 2765 18243 8866 5068 13319 18574 9560 17347 448 15463 3896 1480 11470 9308 11117
12225 9054 1078 6464 16463 14441 16960 9831 15577 6432 15098 14627 19361 13014 5169 13465 11006 441 3354 7941 13332 7779 14440 19832 17309 13065
17700 16769 16358 11094 11589 13151 9057 13096 16828 3654 632 12809 1960 3073 18427 3641 10698 4233 11758 2628 8137 4611 9573 146 6004 8909
11122 12556 3211 17744 19334 12150 17518 17841 10572 5698 16415 19523 1504 11447 4954 10900 3364 5609 8664 7434 1204 728 13311 14796 8065 11757
6292 14481 16759 2518 10164 15624 2594 405 7075 13676 19887 15369 476 15438 394 3554 6276 9762 19620 6285 15688 1720 9775 10682 9400 5636
12640 6434 13868 12851 13163 8177 9168 6868 14393 8670 934 10138 6181 12117 9493 4352 2540 12342 6276 16182 9493 3172 15433 18495 10985 552
19485 2999 3194 7222 771 17923 14459 1721 18300 8438 851 18703 8975 7769 11198 15377 8203 3655 5889 7479 17993 4827 10082 4328 7228 6325
6558 3019 2262 3611 9256 10381 19553 11711 10359 15398 16887 7766 4577 19626 16536 11522 14515 7342 7870 10313 11346 16412 3242 19527 8624 3651
10080 13532 11530 8647 7291 907 13540 14817 11984 6439 18823 12931 750 14868 11965 9068 9222 1946 18555 10365 11565 14406 14645 7574 19057 15085
19360 13556 17424 14138 16942 293 2173 1001 3292 16648 19507 5712 6000 19394 17639 13150 13176 2512 4690 5315 3128 3235 1393 2635 5334 13586
16024 11004 15468 7405 11855 19159 15340 15654 6804 7386 18997 78 17189 11888 2393 18238 18607 8331 2855 9461 19378 15124 11853 11629 4525 2610
16078 4064 11347 801 1892 5634 2952 12143 14768 5205 13342 7838 6201 18570 13188 9817 18706 11830 18371 13431 5134 1517 9145 10436 9901 1616
623 12384 12593 15610 1021 1820 5205 802 14875 16347 14949 8718 15818 1082 294 1547 2304 11146 5459 8444 6881 898 679 6102 6535 1824
2072 12007 532 8909 16583 10931 1139 14669 3587 4057 6737 1679 14847 1997 9592 13678 5632 7019 4638 3693 5333 16072 12793 77 6613 4267
6724 18520 929 13922 14682 12133 7618 6713 19852 17075 2258 17229 6496 6513 2433 8433 15018 11042 3631 10912 18727 16327 15634 17778 8621 10085
3312 133 17451 1235 7227 4115 7143 9412 7854 10356 136 17786 17861 7711 9436 16829 5885 2431 6113 2394 4677 18869 10825 7042 12489 2229
15130 6102 13350 13220 18419 5286 8652 10441 11870 4866 18287 7763 14881 11583 1009 12101 13298 17607 10553 6248 1804 18771 4918 8261 3600 2156
19163 17170 7291 11455 1501 12961 4811 12035 12740 13287 5708 11824 6339 3472 19857 1473 9648 15360 19338 11877 6440 19994 12728 13874 12302 14007
4852 4432 6904 2635 6057 2165 13704 17267 8155 3630 19621 474 12613 9792 19874 11793 12146 13382 6173 5584 5210 6965 18108 3440 18176 15175
14137 17081 15669 1528 16333 18773 3306 13855 4618 17087 1921 16630 4374 1375 8110 9081 10671 6892 9707 1633 203 7855 14157 10738 4921 19514
5857 11052 7387 9591 5335 4323 1715 9570 11726 645 17678 7124 15622 18972 13341 12357 9711 2898 6737 15744 16774 18202 2593 9070 7412 1376
16227 9675 8516 7406 11317 14865 13072 2272 15080 1348 9462 14647 17129 6427 9326 5621 8775 12478 2077 1371 19666 7070 8892 1541 15100 337
17654 2061 18294 12097 17977 9500 11368 5627 9233 14315 1046 13983 14778 12453 15740 949 6618 13946 2415 11684 1331 7922 15140 2889 18844 997
6527 19488 17270 17162 14515 15441 16783 16272 9639 171 18147 19154 8676 19943 12105 12101 575 3156 17265 19039 19444 7755 17256 14871 12625 9303
16501 14086 1784 795 9647 7129 17883 12328 13161 3126 19428 19124 8787 15019 13815 4274 4950 13407 10264 16494 1953 6822 5632 19458 11690 11464
1212 19036 13499 10849 18802 17116 5574 17622 12277 12882 10726 19044 15922 5783 10515 9032 11856 17023 17800 6376 739 14120 6338 17451 3557 11300
3599 5434 1779 15819 567 16868 9499 18811 10610 15083 2707 13823 15153 15483 4567 19357 6315 9874 14033 5916 14734 9480 13888 4408 10613 16012
17905 18972 10532 16925 18337 8624 18134 3069 12102 13148 17411 12752 4493 10333 7169 16777 18840 1205 19850 9879 18484 14967 9354 18610 16572 3094
3130 11412 17177 3862 17353 11643 2806 7176 10724 15417 18377 7063 4131 19955 8933 6280 16816 17436 13892 865 3628 506 17775 2900 14718 4988
4995 17930 8935 9664 17982 2108 1161 13171 1210 17754 8653 5103 5167 12652 1191 14519 18301 3478 868 11880 17008 6263 9476 16128 17268 12338
7840 975 16576 3054 2347 8703 7240 3759 16030 3656 19694 12677 1618 14207 381 5041 7383 14419 1315 9042 10486 13331 18864 13333 10102 17755
4480 19223 7911 15159 15646 4 7267 13664 15688 15834 4478 14308 10337 5853 14639 4205 4319 7144 15552 2605 15804 3800 4723 131 11398 10802
272 10249 5434 5224 7701 11251 1288 12245 19401 18552 3637 2799 766 12730 8533 16949 15423 13462 13274 5156 5527 10809 11820 11957 11399 18783
6515 3236 8248 3342 7874 4172 13551 4339 5936 3397 17996 10210 6218 6180 1468 11310 343 2055 19433 1704 3985 13542 11486 10902 2126 36
9803 9942 7190 16304 18321 19586 8677 11688 19962 1540 7220 6946 5903 7163 10772 10661 11846 5823 10368 10541 12280 1085 7519 6220 14846 6542
2151 5980 139 13253 19068 17770 6994 12081 18135 1063 9185 19086 18260 15013 8156 16120 8237 10782 98 4651 12639 14147 16151 11565 13057 19134
9007 8414 16613 11185 8581 2458 7849 8250 15435 5829 5247 9475 10984 3809 5373 8245 7970 13408 4293 12359 1176 19613 4480 13778 14678 6532
18591 11410 13260 18528 11837 18910 18430 18796 8539 19290 17639 13233 1658 3329 8329 14508 8757 7315 10116 4735 6974 17747 4472 7551 17633 17362
16572 19863 2337 8732 9944 19347 13075 5479 10880 10952 12621 9002 7725 17796 6045 19103 7547 17878 12655 5925 12990 19799 11979 4506 17378 3992
3378 10493 6423 12679 14146 12234 9501 13256 9961 5584 6782 15837 7788 2770 12958 18713 9581 11185 426 322 14715 3749 5093 18376 6383 10169
16463 3460 289 18971 13437 8044 117 12876 4528 5002 14081 14856 10007 3404 11984 19434 13354 13461 13069 19521 5202 15504 13832 10779 12020 7479
7919 2751 4112 1432 3294 6018 5891 18415 3614 14238 5872 11329 10201 4398 13398 10412 15433 12980 17000 12283 816 2901 18956 14312 2279 15690
2615 2480 11563 9836 19610 935 15928 3247 14304 742 1527 19228 5222 16863 14631 11743 14240 8874 14204 11970 16226 17848 17443 10345 1878 8268
8615 9347 19071 4094 1797 6761 17240 15160 10824 13114 12216 6871 1596 11806 12002 12725 8492 3400 9094 17942 237 2610 3055 10391 13987 15853
18045 18277 219 7405 4187 14495 15772 12986 15616 5600 11922 10500 9003 19391 14968 13549 14703 8013 5309 4445 6974 7634 10778 18780 355 5014
11156 17933 7131 2505 19722 14891 3092 6410 12974 4755 13915 18400 8917 16402 3284 11948 3742 17532 10784 5188 11540 1788 17338 7898 6749 4698
16571 4642 3640 5155 18007 4697 7149 19511 1529 8807 11434 12562 2334 1446 8997 12675 19682 18872 18462 12819 17781 5253 18295 16979 14780 8346
1553 6188 461 12649 10237 19081 11659 2039 6767 17941 15244 12490 9738 1833 15954 14229 17849 8319 13463 8266 6731 11925 620 15127 9451 3716
11571 5135 14514 5127 17594 13252 7187 14393 6415 13139 17601 19258 1372 8194 8163 9133 2747 1668 13247 11809 12460 17925 6874 1922 3398 7093
10983 7831 14624 4437 15433 7415 7773 13138 19848 10071 10845 6078 8018 8220 9171 3413 16110 8598 17000 1214 17310 12187 9638 16842 18551 10397
8625 15053 18384 17863 16602 6320 6398 11848 245 9064 18372 3519 10663 19401 15491 8651 6008 10037 12570 9809 1942 6589 11715 18492 2682 2308
8624 1868 16168 16152 16627 405 18521 12673 16528 15683 18444 4491 8648 785 18442 3572 7179 15130 14732 14425 2369 3981 2859 6059 8365 15623
14023 2507 15192 1861 13148 7280 16487 11283 3865 14732 7731 15173 15978 19975 14386 17726 11202 240 19055 3969 67 2622 18202 7579 19095 17826
387 4984 6777 18610 2652 12642 12827 9925 2635 16933 5703 8066 10713 11059 5074 1628 7531 19510 18203 18683 7268 628 19767 16044 10082 19495
4540 11371 463 6728 10917 8855 15304 17242 17328 6759 8579 5456 4319 19256 13515 19870 15970 10808 17456 4351 16707 19949 5174 4050 89 3721
14266 17104 6819 14081 4547 871 15486 12071 18358 13684 4282 756 7732 10688 3765 374 7294 2445 6408 2700 9612 18225 6161 8504 19514 18658
14419 137 7323 9055 2771 1976 12522 4726 18909 17481 17178 11225 5113 4894 6954 18381 11965 5514 14540 15076 8651 8571 6582 2370 8021 19893
3297 8214 19987 15847 9449 19705 9484 9053 13180 14723 6059 4107 16781 14463 5949 3596 5974 16907 2619 7502 5806 4060 222 19522 18328 17874
15911 11539 8519 8700 3079 1004 10027 19646 2761 3922 1469 19054 15434 5743 9043 5740 13422 16198 11869 12708 19110 17281 13761 18738 13962 13812
4706 7902 2330 3898 11906 771 4413 19112 11216 4191 10547 548 11423 10918 12650 8374 14519 12440 8409 9616 9704 16365 14677 17234 18373 15100
8086 3653 4793 6154 14355 5838 17845 9793 8052 13639 13498 7175 5026 6673 11541 1908 1618 19413 5466 11628 17897 623 13538 17539 12953 16159
3798 847 11245 2503 10531 16824 16247 16732 3853 18587 18063 9843 17020 14844 7121 11121 450 4651 3446 11609 3211 8652 888 9801 1077 3521
8224 5464 10850 11102 2392 8250 13373 12755 18851 3287 9957 1450 4637 18989 16665 6544 18778 7395 6532 12610 13915 3920 2180 13639 13047 1451
5262 19297 14517 2941 12359 17308 3207 5984 2398 16360 13017 12037 18695 3310 4658 18377 8313 13666 6117 8299 3589 8652 3368 14953 18232 10570
11498 7016 6885 6662 5844 3687 17014 13017 18760 17331 14622 12374 11715 7488 15542 1872 6458 14214 5691 9413 18805 17039 12330 7154 6568 9220
19803 7866 15473 8789 16577 11286 11044 14029 5813 10466 12319 6337 5812 9690 18660 17249 15723 12168 12846 18962 13558 19129 16875 8059 19073 10222
1949 16438 15234 11813 3881 2103 19404 1962 6394 10393 17813 3381 11403 709 15856 595 2751 8554 10831 10038 11431 16942 4957 9100 10054 9507
15718 14602 11077 1229 12081 3129 11433 14104 7481 13385 13612 4854 14329 3362 17955 6666 352 1960 17546 7400 13162 997 4869 11908 11811 2204
8208 14239 19758 8074 11896 6777 4806 12679 17640 7294 17822 10034 4087 13430 422 12172 19389 9581 8100 14845 19764 5791 7653 4358 8705 286
18120 1112 14068 242 4128 7149 2064 10933 11710 18096 8991 17871 19630 6944 19786 16996 9804 17823 3220 373 7473 14072 8754 9275 7636 9634
15268 9020 1043 14112 19181 1448 5242 15323 17454 273 8604 11979 77 8608 4445 10670 12287 1127 7634 11726 7396 4546 13957 10862 8441 193
17536 1497 13413 19366 3276 4574 4690 3439 3997 9477 17504 12685 4191 9276 8651 3526 5553 3411 12443 3295 12517 16488 7110 4538 19487 15066
1786 7444 3390 3745 3244 18466 9256 17115 7523 16289 1819 2383 958 11187 3533 15587 15654 8266 13322 544 6163 5903 14235 16944 14536 12535
16718 16345 19665 4618 8810 15386 8399 13904 8941 14947 13248 8254 14700 16834 5156 5323 5901 3313 19518 3235 1736 10025 18988 7676 4555 8787
11511 12546 12869 748 18009 18546 18002 4236 15909 14907 12840 6716 1493 364 3102 18575 16858 17183 19806 15071 10610 8517 9309 10788 8002 15575
459 19967 2715 18965 10944 6681 8082 15941 19220 15797 1782 10473 9522 3710 10090 19485 11372 16626 10408 19939 16318 18288 15164 11083 15322 17161
13616 8974 6161 1884 18264 14713 5350 6506 12828 14573 4344 15007 6348 2227 1483 11539 14333 6773 14449 19756 15931 2696 4645 12016 3738 8709
2486 18020 17169 15620 602 15851 6924 14655 14454 227 16751 2636 5220 19499 7383 14285 10086 18984 17018 7671 14331 2567 19985 1873 10659 14531
19584 2764 11859 17970 2182 6591 14321 5611 2376 11518 18822 2462 13150 8070 18655 8664 16216 3596 12801 372 15924 19193 9016 18410 19175 2356
7950 13996 18453 2274 9051 11912 870 12653 2537 7971 18905 6561 2262 16490 15536 7815 3880 15420 10895 4634 17108 19425 3850 14187 17534 1089
17583 18107 16329 11123 13027 15966 6772 7162 10315 4483 18504 705 685 3866 13933 15910 9723 14854 10457 1215 11810 9141 9505 7959 5489 18818
18792 16942 1311 5213 6676 19563 8868 1113 4113 9745 6390 18577 7011 4922 10900 14354 1079 11093 12980 19723 7990 16339 5559 7738 15133 10396
16145 5950 7097 13987 15521 14062 17475 15561 14212 13596 18414 17273 2672 11679 4541 19038 6071 18147 9408 5688 14294 5222 11911 16204 10852 10726
13305 7704 4326 6522 3863 3710 1241 19835 978 7624 16501 6889 6207 6437 1621 11399 18314 16187 10563 723 3700 2685 8143 9239 15650 7724
17633 18522 10900 1441 11297 11748 8101 14284 8383 12459 3066 6121 12705 2908 13740 8683 2640 9881 13551 1091 16581 17831 11873 4549 8395 73
14088 15444 11244 5606 3702 346 15990 10843 579 10263 16166 19163 11609 11698 9643 17371 19859 6163 321 11853 8844 3208 567 10320 2634 14680
9066 16432 10892 11649 11890 14023 5608 18309 12246 8264 12628 3206 16284 10418 5245 19182 13996 12147 17965 13341 1733 5574 14213 18502 14371 14391
4941 8719 16919 18334 17345 13490 10942 2067 17756 12537 10614 892 14206 3123 10772 3359 2859 5890 13148 6192 5419 17738 649 6796 6870 9172
17297 51 8114 6385 11547 11168 13254 2362 4835 16438 19069 6749 12697 11200 13033 6482 1414 460 147 9406 10871 11918 3956 1798 4384 1128
6277 8526 6582 17350 8014 18640 3883 13428 7157 10347 12007 176 7433 17574 1547 18162 11372 9152 3087 12237 12728 8926 19044 18963 3367 16645
4595 11433 897 13179 19147 6649 11799 10892 553 12662 10021 9699 18869 13801 17218 9587 14564 14620 12621 9794 16226 17302 1236 12144 4893 3103
16016 15241 19115 2964 15470 6023 8961 2645 3745 193 12971 17131 1394 3349 19696 10795 2879 11278 1837 426 17899 242 14710 8687 13942 11579
9662 17409 3957 5817 4694 11433 4264 2531 4017 2882 11743 11563 12411 16265 7546 3981 15471 16063 3883 13127 16190 1758 14508 16956 14534 3115
6957 13255 4671 3189 15231 18828 17092 12867 11710 11734 11771 16930 2848 7440 714 10401 3637 10228 18923 13623 6035 16566 3396 17049 2535 15868
143 7429 14708 1080 11431 10758 10003 4675 2051 1990 5925 7219 12519 13703 7016 11862 15348 5754 249 12180 3113 17825 1109 2650 4693 12760
9615 14540 15678 15002 9179 10914 17681 8554 17926 3245 12310 15150 8334 19345 1170 3693 15876 14067 5184 12921 6680 12094 6996 2212 5584 5636
7830 12898 17988 17979 12082 2590 2969 4436 16558 6229 11962 5772 2731 19645 838 10690 16206 8152 3774 16235 6930 10976 13259 7577 605 15427
11966 16545 16377 4965 17261 3502 13169 8148 11996 16528 17908 3166 3485 5464 1892 7735 5831 4681 16431 17479 8864 13852 17101 9158 14195 10279
13919 15622 1950 8519 5843 11429 1303 7611 7504 1100 15325 5914 15301 14589 1355 2336 4835 19861 15296 6869 9752 15369 3435 3195 9123 7693
10690 14324 13067 7968 18398 8026 12232 19861 19652 19747 17376 19960 7602 13779 10874 12270 19352 18674 6356 12060 8986 11485 9479 18405 16480 12586
14162 14151 5024 8880 19859 8274 1910 13381 18516 9923 15094 18945 15700 16384 14015 3359 15459 17744 11720 17865 970 1086 8377 2007 12757 13236
5983 14375 15961 1935 15678 10464 946 7865 5512 10678 9854 1239 16304 16554 18229 2684 17755 352 10845 8730 4487 19755 11791 10255 18855 15537
391 10149 6594 17032 14661 11109 1751 12430 12564 5413 2337 17512 5710 15745 14764 1629 17327 12117 1891 12680 6918 11174 17844 9843 11371 18467
17419 1724 2746 7713 3510 19098 185 14911 19049 3790 10605 15774 13205 11940 14999 1932 12199 4716 2803 4586 15789 19772 11195 688 14752 8988
13645 17990 17970 17170 7423 11095 13026 16553 12064 7157 12126 8590 18275 16384 5464 10307 13137 12198 7079 3262 4924 9313 15602 11328 8978 19969
4277 4090 14268 6771 14278 17186 1125 19383 14909 17178 5628 11960 11044 17125 215 10333 6170 11016 15880 5246 4900 19343 7785 15040 7926 19750
18713 12398 13040 2907 8166 14228 10551 13041 4474 11935 8641 9763 15713 3268 9580 14513 19738 6697 9684 7628 2140 1508 16218 13691 10321 6190
4400 7478 5867 3208 8008 18156 51 18958 3878 6240 19707 18453 7502 8232 2507 16914 9667 16145 9633 2325 2091 8272 5615 16063 2527 13842
16378 8567 18099 13488 11718 9531 7857 17074 9720 14315 13139 9865 7558 8502 1913 19207 9220 407 269 10520 2686 2213 9901 12068 3263 2338
5947 9421 4252 3161 4715 9255 11617 1109 2503 1485 10654 5115 13003 10533 8141 5234 19216 10245 15026 1103 4726 7195 186 9457 13112 15442
16301 5396 6387 844 3437 5398 17759 7533 4021 8320 265 19358 17501 4819 2201 18982 10426 10242 10895 3363 6886 2276 19964 2718 15517 9231
12088 15204 16454 1465 9679 16045 5280 17575 14423 14978 9370 5841 3375 11099 10860 7403 1594 3394 11143 2942 12612 13579 15599 17750 19356 1849
9117 13522 11626 15746 6 1672 2779 14387 6239 6689 1500 1638 9828 2788 10723 5629 484 253 600 8270 5580 11165 6259 11252 13244 19543
17740 12996 16675 15334 8957 18169 9722 14121 3298 7569 6369 5456 17375 1945 1878 5436 10918 17289 9234 11606 15849 6534 12775 11270 15029 8638
14425 10525 1972 15347 19883 15414 2391 18540 3815 8504 11825 9570 14469 17242 2294 7084 11980 7787 18776 1823 1 12479 3305 131 14041 19025
16038 14387 10275 17996 17038 17431 8649 12992 16417 11699 2390 3648 11915 5585 15477 5381 16712 7326 13699 19996 18630 12035 15193 923 14851 10722
14993 10586 19250 12438 10560 4821 7889 10638 16234 9675 1949 11613 19640 19888 13635 1214 7659 11320 1869 11931 12184 2315 16125 19042 11040 3659
5071 5030 10005 1807 19264 5177 16260 6786 14176 877 2596 13285 9254 3227 3961 11638 16360 4629 17241 8339 15807 11878 6289 5288 12043 13627
13657 5415 13349 9827 2846 1686 18271 7930 10955 6963 18336 6055 8172 19458 7807 13219 11513 4072 18254 1097 16547 16330 7068 10944 9454 9681
2691 10314 11481 14629 19961 12124 16635 9451 12632 19797 11760 5593 3131 12242 11764 8823 13213 6996 17180 10469 232 6542 2953 8097 8790 17012
4735 357 18718 8919 11530 17282 3727 3782 11896 18226 13498 10257 5430 49 14713 12485 10437 11523 19005 7810 678 5533 8161 11725 4771 15128
18611 18143 15448 14090 10016 3750 18076 9124 19535 3066 17023 3809 2699 14207 18065 5651 10478 6422 1753 17865 15896 17476 17923 6036 19345 15561
8497 16284 19403 7448 13782 18150 2631 19924 6532 4310 12043 10103 12453 1485 12621 7672 19663 18378 13623 1907 9784 15948 831 15201 14229 8688
17085 14758 15201 6050 9090 6146 16441 8875 18357 14503 9391 297 12511 15002 8723 13746 10563 4019 14599 2872 1117 1538 17167 13332 7558 6587
785 8321 18393 7836 9854 11283 7387 16346 10464 17671 2345 17568 15531 17202 3120 14205 15789 3117 11402 6530 7319 19453 15420 19802 16581 10357
1175 3407 7031 11791 17461 3291 19617 12210 11159 7516 4745 14745 19209 3197 4741 18330 14576 19476 1593 17497 9752 17720 8086 17869 14673 15461
19821 15952 7040 8537 15121 6380 6493 16919 4716 7065 2402 18069 151 18577 19455 15355 10087 11974 7407 15194 15891 3855 7091 4164 3748 18072
1526 12740 3543 15954 16778 1519 2892 19951 5507 1884 15061 6843 6265 7308 738 11835 11231 14588 1590 10053 12943 9091 1627 3488 18702 14083
13825 11996 10753 4584 10343 8497 7570 4224 19772 19142 1615 588 15145 533 15514 12320 11691 9142 9182 4284 16397 271 10674 6068 7757 16086
9246 9214 6260 7862 19102 14308 16327 5004 4301 2667 4486 8861 331 6542 18278 5769 17485 15954 3032 11533 11827 846 7242 9043 6844 10717
15276 16187 17077 11163 16397 9747 15629 15356 8808 19505 5270 18495 18781 11233 16824 13355 10817 15432 5410 8547 7902 14864 8963 9271 3826 19415
5301 6659 6980 7152 9794 16689 15433 325 15543 13487 1095 6588 2844 1519 14951 17048 4971 5981 12470 8000 7569 1078 695 6533 6033 10744
16430 10704 999 12544 19711 7371 4800 6471 18768 18216 7149 2030 19268 17266 15371 12132 7045 14965 16716 17450 4199 7831 9727 17450 5271 3774
19314 15141 9727 9189 11495 2090 10896 16498 1099 14966 15007 14987 15542 11458 13686 18618 10793 2843 9892 12115 16708 9941 19685 18289 15389 13790
4767 10904 1846 9443 5386 8602 11857 16708 10174 2300 12143 5731 11267 18968 18516 19783 15266 15747 1437 19707 478 2613 1941 8475 18925 10091
4799 15182 14634 8182 11864 19171 19840 9392 14785 1614 5233 1491 13258 14041 1910 7761 11057 11878 871 1501 16889 11261 18313 13125 7930 15480
10967 12315 13200 7286 11771 18921 17619 8944 3812 1440 8098 19795 17635 6220 16675 92 2179 16213 6485 11714 6147 18307 3935 7195 18468 6751
18115 15696 8884 2884 3863 6894 16311 12719 17592 2724 3412 15130 13626 6325 18396 9584 3242 6315 6549 910 5392 16182 18507 12618 5374 5330
18822 6519 561 969 19889 15974 3452 12619 8091 5400 977 3114 17680 1556 19734 15456 17386 5314 17089 1016 18216 1891 240 18553 8114 13067
17871 10613 10407 16494 6102 3935 14584 10661 15756 12060 901 8208 9083 11927 2231 2021 15952 1006 18793 19299 12942 14515 17131 2832 19395 8820
19453 12190 3426 7007 9968 16768 8489 14946 19697 14086 3957 5180 19074 7218 1201 19211 19334 7603 10928 13381 1067 18327 14825 8553 9474 10568
16409 10969 11728 12408 2677 12231 19693 4979 15246 8225 8138 6289 4844 2716 11002 5275 534 1936 1700 1508 14055 4686 11763 5119 563 17357
2563 18895 2854 8904 5950 12753 12892 1687 14109 17407 18281 13756 19573 12874 14142 3540 13433 2532 12923 17617 3620 4298 8994 8461 6742 15523
14563 6643 19050 12831 18960 13753 11811 4709 4672 13786 618 4760 11802 5753 18630 18842 479 14337 13263 19839 7139 5897 5705 11218 13723 6416
8547 18020 3929 2422 12473 5622 6818 8400 14948 2589 3883 6033 19023 11349 8644 6140 7997 15096 3667 16290 13235 12361 6784 1455 6481 811
17701 16454 18759 11193 5935 7185 14627 5513 646 18870 10486 2892 16639 6312 17448 9497 8302 14193 4574 8525 12078 14252 3657 17471 4690 3478
2708 4154 19532 8930 19897 14021 15535 2778 16880 13437 3418 7440 4316 11018 1267 4799 1354 17060 2916 18608 12625 11854 9505 2485 2547 11979
14947 18279 3229 11270 4699 3761 4146 16684 16208 3402 10652 16193 400 6363 16760 10764 3563 15204 17771 15775 19622 12365 15224 18122 5118 14494
4259 3580 15427 15072 1843 17870 8811 6184 5591 7590 18366 1040 18597 13670 11085 3694 4076 6511 8896 15370 14126 17575 3592 8153 403 292
6980 14688 8914 14697 12316 11056 11949 7594 19447 1534 9506 18165 655 19603 17456 4953 14084 9846 10062 16595 2815 11671 14364 4188 11153 6489
3766 16889 7178 16637 4283 13020 12775 2587 7971 19531 12148 1997 278 10446 12043 18308 381 10243 2849 16412 13760 14522 5603 3333 19038 17290
2219 12262 19046 5272 4658 9439 4810 7437 14553 17827 14125 285 16770 13352 346 12029 8740 14745 8260 1697 4266 3923 16535 704 19275 9388
8993 1823 14327 341 11099 14553 9676 11546 10744 2428 16258 2605 3807 15057 17654 790 3316 172 13811 7201 6873 11181 16069 4805 15693 11013
12208 7404 19650 18687 12327 7932 3827 602 4446 7155 12033 11716 14411 10962 7486 6197 9059 6036 2144 6724 3819 18674 16314 18175 19004 19620
4162 10848 4693 2010 12685 14923 14545 16889 79 7086 14740 17668 7925 10621 1636 1812 12121 10505 10994 1432 4324 11130 2478 18062 16922 8402
4726 10060 18239 9949 19911 8119 6637 1107 2818 13382 18168 5853 4725 11422 9835 9269 7618 16009 10465 11721 1641 6852 1990 14554 3495 16430
3513 18177 16699 7672 2154 3316 6085 17438 6617 10292 14955 2821 4179 6239 9202 13222 19781 6262 19001 3318 15988 2347 8874 16347 15005 10852
11740 1221 2031 3591 11262 4338 8857 4845 13953 14407 19062 15830 3281 5088 14574 2642 17441 8492 4822 6207 18414 16782 13777 6212 4780 15968
17001 13449 6805 15153 4719 8312 11659 10835 10602 17620 14137 16184 3175 11034 14005 8961 9569 18628 9294 2322 10349 8030 1021 12495 9366 18352
10769 15879 18384 9835 5963 17646 13608 4027 17942 11583 12325 4841 18991 1780 13737 7920 4989 4524 6049 2271 17881 8214 3142 6747 8118 8622
18204 13103 1874 1466 17989 6656 10824 7439 14642 4864 12214 8208 7597 18691 3009 19438 2108 11707 7786 9704 8564 738 7105 17902 11277 14081
1715 15850 15521 2316 14535 14711 19870 601 13227 16625 12469 18039 14661 17562 15897 245 14930 14113 14393 3810 13989 2847 103 14975 13571 513
1175 6340 7087 17741 10838 5675 16184 10879 19350 675 6446 16863 15725 4122 15011 3110 4525 5789 113 7970 11216 13975 2458 19646 6412 17678
2519 12654 5647 3012 14136 394 6136 14916 9541 1198 12381 8296 6889 17350 18016 8531 9980 18522 1837 1512 14134 19541 10529 18655 13568 3119
11335 9433 4457 6061 3623 14800 14796 7388 14930 9014 8692 3723 18779 13088 11671 7816 12632 2192 14438 18599 8908 10752 4575 9635 5747 11782
14119 7113 18324 7194 16528 14850 2656 11845 15247 18261 14824 19680 15634 1932 18818 8649 6559 3364 16630 9449 11566 8889 9284 13693 1136 14207
422 16045 18795 3558 3733 8432 18658 13097 5672 16332 10666 4613 13979 4187 11080 6162 19805 17106 6014 8222 3485 2719 10274 19770 5208 848
1443 14198 13848 2449 6943 18666 18757 18837 13115 5708 12260 6274 19351 143 1869 18271 15269 17224 17145 19137 672 9631 16797 15031 2756 7752
13760 7312 12777 9567 112 542 682 6067 16897 11896 717 11333 3638 1334 19378 3696 2811 7415 17538 4015 5334 12438 6147 15231 10453 14734
19536 702 17760 5392 7136 10193 18561 11391 3120 1052 17781 6058 2421 11706 16836 2392 4059 11226 19772 15568 14386 12441 17503 9295 7956 5568
11684 13197 11285 3380 10503 12830 19303 7702 13310 1040 7767 10265 18306 5408 9927 12073 2488 15281 2135 16459 957 19463 4069 16949 19710 1516
3052 13350 5315 1362 19411 5030 12780 19354 709 10994 16703 2477 3227 12019 6885 1008 7958 12322 7250 12209 7030 9422 1837 324 11580 18210
8142 19053 4583 1900 817 2466 10816 19519 3218 14897 13046 5782 7507 4399 14154 4367 6080 15803 8006 13912 5001 5991 12529 17455 13754 18156
15646 5064 8889 16055 15767 18981 10889 16038 8429 9156 2116 5865 9935 10465 16978 14193 16131 15048 18416 19824 10505 3519 16855 6953 2165 1094
3819 13434 10423 4125 14762 4230 11903 8491 8565 2431 12940 4854 2208 17596 6706 7860 1957 17226 19180 1259 10620 19420 3064 19675 1401 4049
9462 3503 5231 7956 12566 4079 6408 18284 19543 14992 19479 19409 2540 5358 19353 19382 11403 3156 16604 17171 2408 12332 8271 14299 10807 5278
17729 14616 18120 10281 5881 17470 13732 2526 10371 6177 6425 13813 8485 11854 9564 6392 1676 4542 5116 5547 6122 7735 6726 19490 17073 6232
7573 8803 1210 3120 9594 5945 11620 2593 7950 14767 7387 14503 15902 5355 168 15400 9487 14531 5694 7018 12037 19152 10806 5694 6086 8924
13472 3675 7606 6310 11761 14624 19414 13417 12531 17102 8292 10447 16487 18527 16397 9042 2481 2691 8389 7532 4508 4703 14164 11953 2428 4769
5336 8136 15739 12894 17115 3433 1205 11022 576 2863 13626 17951 12627 9008 18503 13905 19482 19891 19259 9483 3534 19099 4429 5019 13619 9213
4988 3966 16145 4841 9884 12243 16763 3862 16854 6740 9876 18069 18450 6869 2669 9015 17504 2795 11066 18881 16984 9031 2220 15097 5638 11729
2582 3400 13406 1479 6140 3143 18717 18507 8815 1860 19675 9834 14129 9922 10490 15980 10659 19779 6010 11033 4511 3869 3783 9354 19519 1469
16529 4691 7687 6270 11430 18310 18566 5077 14814 10670 18851 18227 15792 7428 9914 721 15060 11802 11642 17703 12523 5841 10920 3551 2341 17634
16499 7390 16917 2736 9835 15947 13998 12129 6095 8871 16747 2593 8063 3384 13168 18483 15844 13028 17875 2595 3810 7411 9917 14449 1650 19882
13429 14903 15026 11817 6336 13879 12815 19747 12958 10815 6001 12958 14611 7550 13267 19796 18354 15387 9810 8119 17246 13725 15038 2599 2247 17182
12549 19818 6014 8839 15468 15690 5564 7980 16017 10544 17811 1491 18551 5770 15591 16813 18697 10372 12794 7606 7634 12593 757 14627 10492 13297
14553 7735 12713 4161 15502 104 2210 8939 1256 19165 13905 13188 17747 2492 4006 3188 12512 17318 12724 16848 1023 8187 6903 17423 2188 3131
2477 18858 18780 3549 1034 9620 3069 14457 15386 13945 16802 5969 13127 4572 12413 9319 9707 18237 13016 12691 5331 12142 18454 18218 12944 4333
463 11329 17429 3533 17731 16619 3137 8420 16190 14479 1617 1 16961 2858 15884 15372 3905 13219 4367 8894 6873 949 7351 19105 19205 11346
4486 13221 13433 4599 16739 19461 16056 6450 14777 6818 926 8265 1849 10281 19359 5777 1629 9035 405 8280 14656 19552 19801 248 19397 7454
15563 18779 8425 14062 15934 14941 18725 15324 10753 12937 1992 2079 16929 419 16074 7500 11259 5655 14859 15284 14927 18930 9929 13974 5469 7352
10884 16342 7233 9164 12778 10641 7933 10849 7967 12316 1705 4115 9742 10810 432 11848 5331 10805 15561 17301 12088 6996 6590 7569 12078 16625
4072 9393 791 13681 12260 198 18659 1322 13876 16570 9148 9679 18708 17677 6327 11958 8391 5639 1900 19571 16338 11179 14046 11283 11000 3934
4438 16616 12797 14013 16672 3089 14988 9269 7317 2775 10726 10640 14903 12703 18505 18908 18016 8167 11905 7442 10496 14527 15500 12 14351 14005
12392 410 4849 15370 7039 7944 3280 2601 18854 18734 15082 5729 7635 17095 3729 12132 17577 3762 12749 7234 1851 8776 18511 19937 3310 13759
81 10151 4772 18923 1508 14128 4859 11569 19655 7591 17750 7621 3371 17103 14555 14906 17750 14710 5038 17912 9741 6942 18072 18298 351 6792
264 1225 17872 3720 471 10469 2791 6705 6660 1965 12316 1298 9013 4980 17032 9918 18449 9605 4816 4412 15495 18938 9840 15348 15015 16567
10340 9559 11462 13894 13321 19774 6447 17092 16839 11900 7155 3004 9026 6431 16965 7674 1002 12504 8170 12855 13260 1466 11164 331 4292 1335
14594 2893 12150 5423 4281 3765 9690 19411 1442 14677 16579 5736 391 16129 9926 2954 18094 18010 2235 18106 18751 7722 7894 4091 1010 6021
11113 7129 12595 5867 17910 13197 6023 4753 17938 10433 134 14004 13467 4203 18142 16453 1076 6986 10931 10761 12058 5908 16971 13054 8968 990
14421 17751 4974 3772 4899 12511 16558 2631 18191 10379 653 287 4597 18590 5342 9411 13168 8861 15221 9463 14595 12178 1415 10521 6533 11472
3339 2926 14603 3053 6626 5261 2297 10795 19402 11620 17781 5124 13119 18112 552 19289 16049 2330 7871 19613 14028 8745 11897 16788 6868 16558
16908 12784 6965 15585 1068 19811 12395 1927 9709 742 17354 18924 18936 13073 4318 5954 13646 4229 9246 18862 13819 19380 3977 247 7056 7244
7135 5873 16071 10497 7496 10746 13935 12221 121 3491 1499 17607 17176 18091 1730 19996 6305 5785 7426 5784 17609 3015 5953 13100 17048 14937
6792 10638 18047 15351 11236 2601 13582 8388 315 4689 2210 19606 8232 15248 13811 549 53 2801 501 5820 10380 11144 7240 959 17878 5245
4132 12381 15315 12130 2535 18000 1097 1296 9246 4329 13085 9301 13224 12258 572 14457 12693 10481 10861 5454 18813 9516 908 16712 4620 14544
11122 6426 17235 12263 3976 12154 11992 9446 15415 15323 4280 18190 11392 15570 11058 6017 14498 9321 5073 4653 18142 2631 11221 18321 2621 6192
8392 8431 17330 18418 11241 8646 7598 2023 18651 4024 13018 489 3425 19978 7646 6056 2684 17733 9827 2513 14855 12959 9159 12687 7949 1298
19913 1864 3869 14177 14592 17334 941 7531 6934 2810 584 1486 11647 1934 144 13808 9332 10202 16910 9706 8085 8471 7953 14689 7377 11066
18183 15376 15418 7887 3439 15373 11604 13718 1257 16828 17495 197 4700 15747 18284 5287 4917 6236 13888 18945 15312 7794 18381 18557 10545 18291
5786 11357 3003 7561 16604 7264 10392 9229 609 13533 1546 11544 4126 5173 6548 14332 3028 13865 12280 247 6822 15357 13463 4603 3131 17127
10889 17547 4208 17598 6400 12236 3877 17264 7167 4012 15995 17848 1001 17083 9310 8429 12570 3031 13294 2814 17951 10566 4851 11833 12404 10505
12000 15285 40 14206 580 6350 9380 19240 5177 2629 3465 14494 3690 11525 6415 6357 2513 13814 15866 17156 7911 2682 11368 6986 5883 1233
13793 14394 12106 7752 5242 16879 11727 5599 6884 3212 3813 16243 12075 7259 15618 5475 3419 12144 15555 3004 5627 18877 7341 3308 5486 1092
12532 10609 13976 15799 15489 6409 6419 17189 13438 16300 16995 18517 10051 13323 5596 16441 19471 11397 18041 13539 2636 7186 3908 2351 351 13602
13226 15995 2128 13293 19168 8526 2006 1041 1020 869 5503 7897 19343 15560 14413 7658 9308 16350 6526 3739 19426 2307 548 12161 3741 14998
7977 738 14777 3817 8206 13203 11797 12682 12446 19319 14704 4123 2557 13227 17803 736 3076 12802 3593 19704 3077 8845 12333 10 18887 18885
18270 12705 14208 1516 7813 601 15387 13646 8784 4085 2253 15296 7055 6492 4705 16061 10215 9152 6855 14240 9047 18705 17859 905 9178 13592
9401 10921 9558 9450 1162 15825 6151 5500 11510 11912 9676 5650 18541 3667 149 15536 13188 16351 11696 380 19382 5176 2029 11312 778 1276
11952 15373 5401 13456 5512 318 17578 1326 18162 4421 8345 12599 402 11982 2878 19089 19525 862 10626 16697 8138 15990 16251 13498 11135 15466
10655 2811 8833 11099 10734 10341 14515 15025 8559 5086 5804 19281 13550 9282 14439 10128 10431 102 6400 9364 8342 7660 1750 12802 7263 9135
9691 16993 11644 9878 5740 14755 13173 3247 6049 1101 9993 9077 17967 7148 15869 12120 10555 4018 13325 7579 5408 14336 12702 15187 7262 3255
19568 19295 11963 18162 13069 10382 2847 17756 14298 10545 18502 9168 1531 7975 2326 985 19562 7220 8413 14940 7655 2106 5699 15528 15935 14115
3945 19530 12853 18778 14015 1454 18777 4599 16870 2534 150 1352 19210 16680 16739 9051 12883 9282 9729 19983 15780 15892 19093 19856 16910 15580
2420 5121 2218 11522 5771 9628 19073 19712 14539 4287 5480 19106 19273 11010 12635 7164 3926 8391 19278 642 8792 16225 11187 16185 2868 6987
14897 652 2388 16295 7339 11711 6142 10463 7388 18663 12608 13095 8253 19182 16580 17523 13274 11020 140 19945 3480 8275 2348 18068 14558 6020
1496 14345 14985 17160 16042 15568 3091 15672 4721 8523 7798 2832 9451 2365 9602 5158 19669 14736 9725 631 4291 13614 15260 13579 7657 6241
11441 15255 3473 4414 18139 16746 9503 4713 5180 13040 7092 13423 2070 10513 6791 5449 9067 10624 13395 11588 17668 6778 1642 4182 3574 19021
11012 19765 7030 18783 17913 18513 10008 5974 16896 15071 17613 2581 2036 17860 13551 12269 10745 19167 5052 7634 4773 7365 16178 2100 5123 11910
11186 16678 16124 10157 1104 18008 17965 19552 10772 5476 8775 5000 16693 5698 11740 11920 6472 215 18117 11698 751 9842 18665 15111 19883 10022
8775 12746 1640 8701 18052 17023 14912 17214 13110 19957 3924 6434 3374 4773 2998 19129 6128 10656 6043 9900 170 17862 11866 17689 140 12403
12599 5719 4595 2951 1635 13114 11988 727 7321 7210 12670 4085 165 4972 7878 16935 2388 15314 17247 6221 15567 4051 10264 16547 7475 1921
10256 414 3205 7642 9851 11042 7389 5767 17259 432 14513 16728 1282 4372 10398 9664 10144 7576 3725 8132 4544 4379 17984 13602 2230 1794
12960 16178 12256 12559 10329 415 2533 10302 4497 1193 11564 9265 2701 9587 7764 6101 5044 840 17801 6652 8256 7898 15422 11208 19257 16346
2230 1592 15600 9196 5694 15778 7474 19339 7034 7903 9649 7821 5357 15805 19276 11121 16695 18600 6073 8346 2188 12440 11373 1149 9123 13892
9013 5545 13798 15867 2723 17605 3869 7363 13079 12006 7931 833 16214 1355 3056 15908 6986 16350 13024 3387 7334 11489 12894 6540 11057 13211
9807 1701 17003 987 7521 10873 8292 19457 17625 11021 13396 5248 19052 2721 16406 18083 18642 13681 17792 8676 17296 7142 18046 3080 8593 9323
14115 16149 15884 4200 5956 1746 9461 19401 17236 11336 2177 6194 17997 887 19179 9822 1843 6546 11924 16060 5095 56 14062 7856 10430 1999
3138 2995 16698 15701 11115 1164 3050 13604 7953 7134 12123 16096 10819 17470 11790 17553 16607 18750 3961 8649 10801 16137 12796 18769 16486 3336
4555 4850 2985 3121 3209 13285 4602 16269 19807 10735 5637 12457 5802 748 12643 11794 17379 16882 17977 5699 3758 13114 15565 17732 665 12364
18853 13361 11887 9683 14502 15136 10968 3928 8392 10054 11414 14913 2761 16870 17526 14922 1564 4959 15859 5950 16581 1009 9146 16047 18167 2517
674 10916 14661 9647 1 5662 4158 9265 3059 1408 19267 8659 14339 2664 2133 9332 16341 12124 13478 14000 5390 19844 5842 16496 16758 11213
4968 4407 2128 8411 15703 1217 9860 15362 2699 18654 14246 5952 16082 1060 16328 17377 15947 4362 12442 6991 6052 7204 10311 4426 3725 18723
19659 19436 9187 18663 16744 7034 8551 6597 16440 18726 15532 17504 15371 942 7174 18255 4461 17830 3852 12792 6199 3438 12428 16771 10843 6442
17413 5095 8422 16630 19103 16875 769 12077 457 5884 15135 1964 17429 9542 16719 8214 16281 15371 7687 5614 9327 11703 5740 2712 10149 11966
14916 1637 16448 16665 9989 14606 5183 17613 2373 12313 2320 9453 5065 9396 5769 16132 12218 18761 17623 13125 15972 19698 15285 17359 13995 5665
3907 17093 14216 1554 1087 9881 13568 13109 9316 17554 9222 15479 7719 13913 11710 8555 12351 19696 18841 16525 5355 8183 16207 15565 6375 3459
14522 60 7554 15256 17032 18058 3271 14673 6886 9322 8709 5817 13348 16678 9940 14567 16928 4838 13975 18093 3644 7093 18404 15769 5442 8922
10854 17588 4408 5916 15331 16446 12592 8941 8304 7453 5052 17394 6649 4786 10331 14048 18626 11478 19176 9356 2782 17682 7149 11057 7817 19059
2988 16035 12213 18242 483 18885 7472 294 5054 18708 10575 13608 7228 13533 5700 16614 19531 2169 11716 679 10806 9001 16623 11581 3795 18560
9383 7863 4128 19404 8151 1805 16447 19723 14807 6142 18551 15181 13731 18924 17673 2110 12907 1116 16240 19079 4587 5962 18462 9868 13789 14302
9003 1245 12130 151 18742 199 7176 1904 9342 17392 6642 18919 14999 13110 369 14545 7036 8325 10478 17420 11383 11513 17075 10252 2853 14972
13492 14189 18215 12905 16566 14014 17598 12128 14951 11041 86 13088 12014 1518 3534 5500 2766 13876 14843 18032 15899 6596 10526 14745 4847 12956
8670 6744 4396 10732 7728 13649 6162 19359 6521 14961 10570 11704 7761 15439 699 8810 13354 11063 12619 12568 2394 14414 19231 4346 11764 15107
16473 1370 4184 8809 11059 8452 6783 19338 8299 12294 2177 7790 1923 18489 9693 2224 3862 2485 19787 2651 5794 18418 9600 12595 14673 16547
17355 5813 8337 12380 8782 563 19795 8492 17474 12227 6038 15089 1172 14755 4726 10694 7494 11773 13192 1073 12058 4265 15199 12456 8555 6320
11565 1496 5379 18157 18540 4760 14132 10175 3843 3365 19182 7481 10848 17005 9557 6988 18893 17944 11990 1619 1781 15867 14176 12117 12021 6926
19733 3767 14621 3884 14594 12103 9524 5397 384 1951 6983 16952 7856 17955 14904 17759 8528 10609 12796 17667 86 16555 16567 476 17965 8881
3567 15462 2397 18189 9396 15601 4015 17824 16359 15598 13104 312 4350 11998 4498 1575 2051 5702 19790 37 18430 17823 12911 1303 2695 12174
15532 8739 3343 5621 11469 97 9236 857 9750 6333 6516 6760 3014 11974 6108 178 10304 1170 12744 17664 5138 5689 6875 19901 14627 836
16655 12608 5444 9924 18395 4685 8519 5743 4133 18585 6490 14293 19819 17710 4956 11021 11975 6891 5042 2957 13024 7524 19704 16232 13657 6192
10754 19251 6135 11020 18221 3388 1054 689 8122 14107 6678 4309 5635 11832 19181 5916 3364 10406 19113 14452 347 10343 10646 8569 6723 13918
4988 16936 6793 550 10498 16284 5016 14834 1337 996 17076 14239 3458 100 11665 17550 17926 8436 4228 14855 18392 1986 15225 7750 17883 12585
18004 14755 552 12981 12222 19731 4713 10152 692 14114 5375 12917 9875 8438 3642 17480 109 6284 12947 10077 3107 15945 3881 9732 12401 10916
12969 15870 2959 9693 18366 11661 1839 1817 19293 470 2803 10658 1264 10983 16037 17788 1543 13292 2701 5606 8772 9508 13111 15461 2051 1912
4926 8122 2412 4205 6079 10280 13517 11146 18374 14354 17156 4544 4121 16118 17253 10704 5813 4519 18111 16555 13256 17938 17568 11088 9712 11859
11257 17557 19952 9559 12966 16582 18434 3688 10947 14183 733 8012 7776 12797 10224 12525 12225 515 12585 18219 14381 8076 10607 945 14030 18662
9772 12875 3195 8513 6564 1366 15704 19781 15716 6768 5695 8226 7404 1040 14428 12982 10901 7638 9430 18117 11840 9047 16804 1754 15503 13552
16568 15863 521 2495 19629 18107 2610 11485 651 11832 10455 19868 7939 9876 8706 16704 10974 9852 13760 4392 9877 3410 13712 3502 3905 11311
3929 6576 4732 12000 19013 9466 4696 9487 13382 19629 1480 14895 8426 17549 16297 5473 18675 15230 12174 17220 12325 6956 14402 10791 7511 17023
16750 5800 4612 18271 4076 12668 534 6208 18987 12692 9802 5059 16482 11475 11741 13710 5569 9346 11324 6871 9757 13409 15126 4557 3118 3371
69 5524 15173 9273 18274 1069 19359 13423 12693 12072 2297 5524 19633 6426 3183 4981 9521 642 16682 9966 3790 12139 12707 12113 10275 353
18427 16390 17900 2192 1651 5028 11848 19757 19044 17325 16214 8200 12398 14356 19509 3744 3631 18845 16399 12582 12230 8092 12747 3971 4501 12711
340 19338 14369 3610 12789 1695 3026 17796 7726 7347 16181 15484 16710 2601 2521 19337 19188 10394 1490 11902 13403 6014 5669 4599 1694 9292
18151 846 8597 17806 16257 13680 13546 10155 5534 9380 4074 8779 11640 7769 13727 14367 5045 5209 1763 16467 752 18899 18717 8720 17200 6976
15571 13213 19252 11971 12034 15935 5569 5180 5958 9342 6240 19427 11598 14779 11640 15441 19883 11724 7074 10249 3531 18978 11469 4258 16087 13325
5528 9539 11377 17965 11163 2491 19360 11255 6450 1315 10912 7450 8054 14959 27 13892 1320 7351 1089 11097 10544 6967 14957 883 8324 3822
1932 2210 2668 8645 10783 9813 12745 18299 19238 6090 7262 10351 1039 2822 14737 1550 8657 4368 14656 9831 6982 16094 13653 19950 13676 16269
13538 16982 3499 1862 10487 18761 15366 12712 8092 9450 16884 4686 5930 7608 6237 4073 997 13391 8224 19346 11496 347 7712 6328 15342 19207
2560 12444 16708 5542 15405 5545 13063 1269 13602 10883 11725 662 11248 19504 17869 13137 17091 6655 2190 5696 6276 12160 646 2052 13903 8688
9701 4162 5001 9994 2356 11300 6517 5102 16697 17235 15954 6491 671 18419 1787 4581 18342 13651 10566 567 13050 1064 8377 4894 18485 3443
9428 16808 10974 17544 19658 11717 2046 15816 9996 8671 4445 10663 4112 8988 19778 8093 4588 17894 2932 618 19862 7971 5237 140 7605 16585
18223 11985 18081 18909 3903 1325 15977 9758 4753 2900 3727 2200 7675 1807 12516 18901 7549 1524 3406 6978 2543 11020 15585 10945 5568 19063
2227 18490 18387 17322 17710 13523 18507 12197 7523 9736 14452 5558 2113 15303 10974 666 14548 15785 11531 19044 1227 3214 1315 9961 14326 13494
12057 7878 1161 12352 12502 3435 12032 889 2986 6249 8202 3367 19332 2925 18808 18498 14492 15199 1257 13566 19248 12331 16471 458 2841 16462
9453 7228 9974 9649 5775 7397 19463 10594 10401 8217 17562 13569 17021 18408 7413 2099 12894 3160 16572 11118 18270 11915 18193 5296 15114 169
11522 19973 2114 10279 7209 11154 5216 5425 18584 19741 15372 9783 16265 19236 6858 13869 13924 354 16601 18910 8965 141 11375 10103 12470 19957
17443 13574 7353 13217 13430 540 11485 3100 19291 14897 15971 17795 16751 9794 4289 4035 9134 738 4896 6004 5637 11333 17789 13402 6141 10289
12213 13401 12498 3150 8169 10468 17938 15633 13901 18412 1363 7351 13279 3004 2312 8276 16062 1629 11111 6482 12074 8301 13865 8777 5065 19367
6932 14066 19404 18793 2344 13270 19698 16013 16328 8190 10319 19001 3235 8624 8238 3480 3989 2671 17116 3081 2640 12813 17636 7747 8006 365
13820 14365 2881 8919 17256 15590 11124 2169 17798 14469 12120 15486 10423 2098 5464 14907 13577 19229 15931 10837 12125 19885 3327 3189 3966 1682
3471 8562 12380 13458 18876 7484 13528 8559 16801 1940 5455 283 3696 5873 9028 15250 12281 17502 82 10025 15720 12231 19373 5335 6880 1774
18957 15346 2422 9094 1094 7008 6370 3095 15875 1361 12103 12690 13700 15970 10567 4537 10354 14462 17975 15406 17981 15984 18325 12428 9970 3006
12433 3858 2064 17791 10782 1396 11211 8080 17040 13763 13230 18506 12993 9877 14806 14719 5910 10887 11530 15368 14854 2217 14015 4718 18744 9828
2133 17032 9073 18977 11810 16475 12436 8389 17797 476 94 3053 19257 744 10051 10271 18039 15820 10388 17033 13611 6321 18477 4706 18700 6267
15168 12747 6210 5549 3105 15484 19165 19775 17037 10716 9001 12632 13679 14195 2393 19738 10013 9341 9534 7463 2881 525 1100 3451 18915 12546
5023 1501 6632 19361 13666 16222 13201 15306 19353 9904 3491 10253 10007 13086 13625 12469 4770 18494 13500 18499 8035 9749 11861 2819 1884 6752
13335 4082 10275 15952 6775 16395 8757 17438 16783 16220 8322 5699 3640 6839 15508 10970 19410 19136 13066 1716 3375 4104 9924 4824 16215 2245
13546 19617 11532 12261 2011 18391 2801 10939 1390 18948 12502 12855 10530 19163 1481 7971 19730 1670 3995 13854 4218 14737 8713 1438 8429 14007
15295 13918 9978 407 11865 7910 814 9378 19721 19386 12351 11769 13371 8394 16373 271 12704 1009 4823 4016 17444 19724 9618 10597 9024 17672
19449 15019 1412 17649 17466 9965 18608 13554 13374 8499 11444 10376 16127 7996 4164 15715 15172 13357 16655 10818 2713 14693 1914 4346 369 12469
1594 14970 17670 19456 17553 1622 4108 7482 13365 19633 12509 16394 19016 11040 8170 14250 17145 11104 6587 3158 9705 5179 9242 845 14773 14248
9581 10750 6711 7690 14868 16630 19318 9613 19237 1134 14387 18329 19052 242 17546 11054 5219 13181 7885 5164 4748 4580 18715 9111 432 15562
4107 7573 13227 13742 18666 10261 18082 14119 1164 14326 17785 9892 6863 17913 3946 45 15769 17010 14344 1806 4389 14872 12413 17711 13776 10491
5243 15802 12903 16439 3776 5237 4288 8402 1522 2744 19120 15843 8592 14798 4343 7203 14171 14302 9816 16343 6866 7384 7752 15698 12367 11981
18929 11975 13630 10788 13601 8273 1036 8239 7099 3522 2692 603 8604 16998 11275 10947 19165 4498 11247 8066 11913 3138 6770 10006 14410 7377
11841 1006 2651 1933 10274 6758 10878 19686 5574 19649 15607 14926 11308 11195 10299 8503 17653 7676 3263 310 17946 5274 9806 19723 757 5794
16885 8863 16761 15050 8957 9688 14614 12109 17631 6977 53 11919 15748 16420 9691 6390 3506 19366 19633 811 2304 10676 223 14080 18831 4617
18973 8399 17434 9451 18899 10740 4519 2133 12971 280 13899 10515 338 15666 9930 12259 1713 6371 14156 19592 16559 13836 6446 3506 4436 14729
5136 8136 10094 621 13559 4432 11422 4367 19503 8754 11078 6571 156 4137 7882 8071 3474 561 5735 18419 15650 18164 9111 4337 3792 14664
3800 8426 16942 9993 416 5965 13545 10210 7989 8070 12026 12158 19467 9546 14983 10897 17588 17134 18282 5077 13511 14971 4047 6858 14158 15321
5152 4604 1659 1287 18245 19399 8103 11281 13488 10370 1805 7855 16099 14647 2662 4178 18559 15093 3752 15512 5039 6089 130 4408 16592 8784
50 331 6236 13669 6922 4980 2840 16171 15900 13752 18973 2009 11764 13531 11376 5118 12347 10709 5447 7302 5017 446 18355 4432 14069 1067
9174 4619 13357 16147 11001 12207 11616 17853 10912 4019 12723 8995 150 3521 5984 12814 5827 12663 16322 1467 14728 9417 10247 1620 5404 15075
6958 579 8800 17171 19838 8207 19713 9173 15371 7999 17864 5951 13346 19415 14253 18247 6780 8208 15623 887 7023 18507 7035 6415 12861 670
8056 7639 5592 258 7662 8679 3264 14060 6721 14566 13674 3020 18778 2066 12803 12628 2550 14192 9624 1464 3752 18135 746 10063 7192 8548
12922 18744 3828 9781 19589 17303 4728 7231 6034 6807 18024 1106 6451 12426 13249 3264 3527 14745 13116 9469 17431 5784 921 14557 16973 11779
6268 16268 17583 17766 18704 7871 11379 12347 11888 12800 9416 16155 2946 15025 19273 13313 6183 4681 2136 17297 7470 10801 13114 7811 14182 6813
2080 6958 11841 9608 2853 7154 14101 13421 17379 7981 16317 4820 16173 251 2472 1808 4048 3757 12507 6536 18018 11789 3745 16319 1427 10828
18808 13099 3720 6439 12014 9594 9123 10338 16160 13990 620 7632 6413 13026 338 17196 8944 6774 585 2883 15267 6523 16847 7504 2604 14010
13760 716 9192 16892 13924 17005 438 2034 17512 1857 1403 4210 16978 8926 17599 4207 11925 7797 19917 18562 15967 199 14786 4759 7734 19435
2849 2805 1648 5965 3679 12770 6740 1640 7929 17712 18185 6964 1635 5801 1269 1697 714 4278 4597 3316 19822 12097 18373 6398 8153 2130
7766 5111 2805 10300 14144 16808 4713 18747 13012 14231 10733 13507 18641 11672 339 138 1928 1556 14282 5378 18061 15670 10444 1482 2516 1747
1213 15554 11170 15345 19849 18771 9570 17714 6744 9992 9200 4991 6460 2367 3800 8097 13779 16115 13574 8321 19918 335 4672 15811 3620 7718
14293 9417 3152 10453 6968 14610 16543 4067 11985 11117 11934 13916 14815 9530 3946 6231 11290 4930 14489 4360 7990 10621 18472 13164 13814 12389
8557 6887 13504 6879 12560 18360 16275 14384 15010 6039 2849 15651 17853 8701 18787 32 3425 3355 7519 15261 3715 3196 3489 4486 16438 9089
10513 11311 1007 4788 14612 5478 8377 15312 5729 17813 1617 19017 16122 3056 18806 5588 2541 4152 12760 6436 2201 13201 7197 1361 14035 19784
10077 10872 16300 7506 11960 10814 11934 11101 11044 3464 11929 3798 9476 18918 12426 4750 15246 12626 1640 4700 5124 622 17654 1622 13414 3431
8892 7102 3459 11689 4970 1825 9332 8615 13510 6110 5714 7254 3190 3886 11446 12894 11408 2893 12373 883 14408 4208 2464 4375 10693 3990
18235 19526 2126 10182 10457 1854 2491 7907 8462 12650 8013 5927 6075 16476 14966 10563 17486 13340 17251 13379 4054 4996 5991 19136 5217 7451
1644 12596 8728 14291 14638 17205 5810 5839 11861 11952 4608 6860 8229 303 9423 1601 1401 4734 13725 4434 426 8825 3678 8513 12866 16779
16538 600 15974 17370 13177 14566 11058 17407 3931 62 19484 4235 5393 19452 8465 2007 13364 17074 12111 15302 11429 4493 14131 4217 11703 6623
7675 19303 3978 4310 17011 10572 5986 15864 5732 10386 16795 14513 18339 14544 10620 17297 59 14432 15687 14360 10686 19963 11121 16518 12044 5314
6632 2077 16934 15309 13519 8948 18821 502 9691 1574 11764 10050 11731 1145 4121 7860 18485 11209 19417 7703 18322 6232 9678 7111 8222 14545
12049 8254 3289 15328 18505 13829 4312 12899 2932 10603 16664 9137 3683 13321 19272 16563 16274 17575 11580 12255 15792 1261 11146 18759 10282 6640
15222 15438 16954 15951 2146 3728 16419 1589 6763 1685 19110 17923 17401 15535 7717 9930 11473 15743 18003 16435 13636 6024 9673 12911 19000 14622
6156 1506 13435 18681 2653 19336 17812 10182 10344 16154 14516 17548 7699 6639 10416 19124 8118 13524 4598 4579 12013 10963 13454 16731 11410 7069
7036 5109 4672 10263 4508 10002 18347 9264 10289 285 1754 12897 2900 18131 2199 7579 6751 14590 17949 10885 14242 14726 18779 11837 19255 597
6227 19586 10886 8279 1990 5188 4069 10788 12550 7884 7505 16945 6742 237 14992 13694 1377 15015 4807 9966 12726 4135 16749 6303 13461 19951
9994 8499 13791 18835 13816 11239 7406 4415 19820 17834 618 19751 18959 9487 395 19108 19195 8854 7348 5773 6830 813 6935 9798 14355 6322
633 6459 6295 11509 2385 11864 19971 11455 5761 1097 15701 4442 17959 19713 9827 14449 7342 14668 9440 7626 6571 14245 9668 17836 10112 12796
4336 3922 11285 7158 13977 1922 4441 13803 13217 1156 5201 4894 13710 18897 1382 19495 2939 19192 8822 12573 11871 14416 11378 7711 17939 14573
18434 2762 18019 11639 7503 19941 15673 6895 6512 7679 15150 12442 15635 18856 2481 19056 5111 11409 18375 1104 14293 17393 11737 2196 7057 10276
14404 15534 13236 11033 1373 1372 10090 2627 16490 9419 6105 14485 1473 11911 15196 16196 18076 1322 12115 14702 4683 1504 15012 5473 12464 19313
