365
11 25 19 94 38 10 95 23 38 11 45 92 84 60 69 49 49 64 51 40 92 54 68 98 80 5
8429 1344 7556 16808 476 18689 15221 7331 1719 12407 7593 2902 16448 14031 6392 7426 6725 13447 5573 10015 10823 272 3510 13440 10175 10642
11871 6654 7879 15334 5740 5377 7243 10127 18154 5310 14425 6860 9887 4265 13602 15390 19197 19748 3505 13087 2584 8333 1837 8541 9773 10293
8842 4112 2749 19652 13570 14784 16278 15952 2247 15778 8590 17978 11642 4089 9214 7358 12854 18322 13863 15479 19339 5714 9069 1871 7804 11642
13716 10582 11576 18408 127 1164 11633 6555 16020 10730 15361 17393 9550 17343 13289 8772 16059 6835 8117 6028 17722 6839 11340 14596 19034 16012
335 1577 18296 3226 19500 16540 8335 5959 15731 6922 13515 3981 13850 6435 9236 6739 16850 920 7250 15398 18549 15593 6711 13937 855 11880
14367 8948 3056 13966 11619 13994 17993 12920 10662 2500 1842 4468 14239 4826 821 2968 17558 1817 8833 11920 1599 18160 2277 13821 17705 7931
710 16559 14618 2665 1217 11655 14046 455 13400 16466 7355 8533 4897 4450 18725 9382 17673 16902 16410 8761 17773 2049 13020 15543 18058 736
10431 3982 16942 19692 3465 19549 1320 9891 2357 7664 5652 3033 15768 14631 8330 906 2605 12504 2053 17945 4674 15970 12990 1115 10900 13667
3737 2364 2042 2151 18493 19880 19163 18767 3411 15488 9930 9561 6997 12958 900 6123 4618 11031 15830 11403 15662 992 4346 8664 15467 19331
17346 10916 3225 1554 18550 10655 14953 9854 8754 19240 8654 15671 3275 11494 7555 3742 3152 4395 10715 253 14695 12527 17148 18200 5628 13330
3523 8399 2992 16962 7524 576 1803 12267 91 13374 19320 15482 2019 10760 6735 7861 7883 18051 6571 12019 15490 17977 16817 10761 16604 2223
18119 572 11692 12909 16716 8157 240 10236 9814 9747 8 13116 9035 2926 19192 4686 9395 11290 9646 10402 4653 2457 9489 696 3176 14707
17040 4365 12799 10099 4370 11596 14594 9708 7356 13755 12611 17394 8606 8876 15425 13867 1257 8321 13307 3813 16775 9781 8377 3148 19245 10780
17291 7061 11477 5457 9495 9728 11234 7688 6410 10201 11510 17152 2193 17959 2446 6927 13449 4379 8217 15947 19117 8915 10595 19393 13800 15104
11648 13924 13049 19667 9488 12329 19872 10325 2477 17141 7102 13684 14373 1329 14963 9528 14842 15706 19419 18937 1642 7615 4032 12072 6516 3211
2549 5562 8413 7156 10858 16984 17645 4335 18941 19794 17027 8487 6790 13167 11344 10130 3254 9342 19200 5837 8124 10996 10715 18460 10413 7917
19087 10779 5592 8109 13922 18015 440 6572 11317 5955 13464 9087 12537 10964 9073 6153 12849 10083 5196 16571 3557 12148 10813 19931 11410 16139
1060 5802 9502 14636 17789 12778 17429 8161 2674 17976 12364 6488 10619 9983 4405 8437 19 5756 19789 18564 6855 5069 7533 9066 6079 3770
12890 16877 6986 3498 1262 14622 19639 7938 19974 1397 5795 9155 7128 19059 19758 12161 15588 15264 2943 16023 3598 7651 5753 14382 3048 3245
16274 11505 5491 8007 2702 6775 5628 813 19280 1725 18495 8984 7202 6584 1408 10135 2932 16412 19720 5977 10278 14954 11436 466 15774 6381
10027 14080 4401 15551 5140 13461 1393 14846 2766 1087 17732 18332 9523 7515 17842 15932 6980 7466 8567 14209 3363 12401 11768 2159 2749 16177
823 15519 14350 11291 3384 7274 14301 3522 12420 9611 3182 12824 4576 12442 7535 8558 11587 18070 17468 6534 10709 5328 6907 13999 10649 10059
10748 3422 18638 4846 16673 6617 1974 114 15194 13979 1786 18933 5614 11351 15425 166 11693 16574 18023 8430 6377 7993 10458 202 12270 19087
651 15079 3928 13516 18171 11845 6709 12973 7682 17535 15065 918 16918 3475 7857 10898 2017 15416 16737 6576 19315 11084 18006 14109 17203 17136
3500 10646 10618 10473 1735 18746 18812 17763 337 6649 5043 8326 6240 15556 13448 13733 8511 6915 18705 14900 9055 16767 16445 6341 5146 9780
11021 19713 19448 6344 8545 15050 361 9053 19549 5660 6980 4364 12518 9596 3493 3987 17503 1379 8922 6340 18110 5584 14071 3105 7252 855
11691 6996 7391 12260 5566 2494 8221 14423 5146 19715 2773 12987 2299 7122 16673 10015 6741 16703 10666 18356 15969 16676 7183 18701 18849 7192
6760 8597 16547 13371 1505 17153 12009 8338 13588 2421 2737 19131 19170 18588 12575 19811 4561 1901 3172 11046 10687 11462 15411 18916 2794 16125
6846 8679 6412 13628 1934 6968 17197 7320 7729 6088 7903 12633 8888 5829 12152 13472 2233 624 14265 11863 6392 17931 7930 6603 14633 19815
7349 8758 13352 4083 9110 18463 16875 1753 7438 18073 13450 13945 6345 19374 17654 16185 7286 8432 14173 1584 19896 4326 3753 5888 13450 16317
14031 4076 11062 7599 17759 14024 16888 7251 14950 15691 3100 6977 11094 19919 4582 1671 1917 16276 7695 14316 17189 1887 12711 5963 4045 6929
12791 2366 16415 7769 15681 10201 16142 4984 4738 5229 7586 13142 18841 15672 8839 16591 19909 11936 2368 18897 19493 12037 5944 15438 3199 13276
18763 13774 9442 4708 3855 16983 1736 9748 17658 15762 17112 10957 313 17896 7771 9815 2704 13720 209 11954 3081 16233 6348 1197 6370 15847
1385 5756 6092 16631 15025 15861 17572 2511 1564 10402 11935 12364 15292 5766 16414 3111 9905 17181 16483 1068 7934 8285 3719 14960 1372 15880
7099 14922 3236 5483 461 1786 7360 15704 13586 6734 12246 1755 18073 14703 3231 7011 13464 15744 19259 14711 19543 13920 2292 11400 7139 8264
9401 5537 11640 5044 10439 13240 8319 3518 16396 16369 10868 4790 18739 7380 9640 15054 69 14720 15195 18434 3429 4439 1058 6390 3309 1727
11533 6096 50 12643 7980 12604 3674 15947 16835 18602 1845 18413 9306 15310 19185 118 1034 3906 19017 3765 14019 7039 7045 13180 7270 153
3649 11301 4578 9907 9708 9413 5453 15769 18196 15971 15756 12392 11451 10904 6763 15817 14474 3137 10100 14104 1481 6383 12393 8158 18460 18518
16975 1641 10922 216 15639 10226 10181 13163 13269 19121 12426 1340 7895 1963 3428 7102 13989 8973 11280 6926 13032 190 10285 17130 1886 4121
4497 5760 6750 8837 7008 8455 7661 11981 16518 1112 199 12366 8153 9365 12586 16051 3036 16342 17705 16332 16291 7770 5972 1161 16210 2487
6244 16513 15958 8002 9114 14079 12597 14867 19642 14586 6556 15008 18859 17397 19240 6962 3193 5225 313 14911 8686 9594 16138 16314 11862 8913
265 6864 10950 18731 9351 11693 3890 18350 3656 14573 10088 7632 2151 10296 8727 12899 2468 15685 9131 1305 12056 572 9445 6218 4845 12035
9984 16975 11561 15802 9056 1839 7860 17583 9087 5202 13535 9027 8801 13239 5370 9488 18619 2104 8637 12658 10641 5 895 19517 2700 2117
14896 6694 17086 19173 13372 6106 10262 18870 18532 14553 12673 12322 2260 4951 3487 18400 7930 5792 19474 9797 6067 11196 7102 5159 11292 2147
12847 2883 11660 16478 12828 11243 1927 868 353 2713 13171 6133 1763 2033 3294 5200 5403 18482 12102 11710 4400 10362 8582 2711 16865 8351
4115 6760 1003 19234 2634 11612 16731 14336 6313 8851 15257 13226 12146 12582 2538 6096 8482 4729 15016 7368 19312 9709 8816 1959 4954 16810
6945 8649 18310 19687 17394 9327 19369 9695 5024 8712 9368 14922 10014 6840 16391 8636 10826 4102 11997 17061 6751 18287 14642 6030 14057 9230
3286 17303 17630 19209 13106 1478 4892 1687 7536 19043 1817 83 11949 5142 8347 3930 19081 11823 17012 1904 10863 4049 11827 18662 4413 17130
11310 14223 12264 11914 11666 8142 7202 14269 1772 16654 2615 955 16357 13540 19026 7485 14488 14892 9612 14113 13977 17802 14164 6750 631 16624
16602 10693 12203 247 4423 5263 1839 7186 12350 15307 19917 236 12287 534 11180 19993 1140 7538 396 3243 11534 4264 900 5700 19381 2282
9128 3560 11001 19447 5275 4143 15843 6035 6518 14692 8955 6408 13864 15564 6792 6519 9961 19845 6810 8818 11164 6053 5184 2878 10592 11403
7502 16760 6491 10307 13547 18709 7832 3574 5308 1918 14519 11024 19692 4202 17096 6097 13338 9609 17940 10378 10845 7727 15293 13279 5071 1
19743 16291 3612 11004 2467 1564 5500 19535 17177 17252 2095 15894 11905 16873 7728 7295 6817 8724 15605 16712 675 15274 14743 9960 1690 13268
19176 16979 5527 13855 19150 12065 2935 13402 18701 14835 8078 17939 13392 9062 16395 2969 14575 14499 9254 16191 10008 6475 10803 15938 10472 3175
17290 16451 2173 18686 12996 2694 16545 1231 13082 18679 10237 17405 5602 17163 677 19228 16555 11050 857 1653 19339 2490 16644 16878 13453 16079
17149 13632 11656 7775 11411 14697 13981 6447 14737 5533 18304 11558 19599 10778 4874 15132 8677 3859 17174 5027 11454 16727 6282 8026 8889 11706
10821 3861 13416 6927 14994 7080 17178 15799 18976 18454 1988 19855 6780 12322 19121 7091 7229 18696 3209 4326 13125 3271 10931 15439 19178 16247
1754 9175 15774 9785 15340 7536 16204 13632 16439 8559 13134 399 19435 7214 1520 5657 528 3974 18578 7128 3391 17486 18538 16716 7059 2268
17919 18425 5983 4139 4105 12677 5375 13724 11890 9061 19611 2764 797 3939 16358 19295 10651 12955 16700 17464 14165 16066 11856 14353 18918 10467
5720 17245 12529 11307 7118 566 18281 3402 13110 15834 19005 5844 8291 14920 9680 12671 18202 5665 7597 18487 14851 14984 10516 6418 17964 8731
9245 9865 2739 14964 8548 12809 4101 4614 17432 9360 15031 3808 14831 5860 15150 949 181 7752 9364 15608 4745 2870 5219 12345 17491 17610
7249 13702 17867 17792 8491 6943 7782 12508 13881 384 382 8313 14367 12629 19595 19881 11048 10390 4464 735 14186 7384 19075 1588 2615 12668
1977 10314 13708 1944 9603 16641 13387 2010 5774 3799 9488 12865 8930 6503 17191 13053 13788 13230 5761 9533 21 7553 7237 7137 7373 7109
6575 18599 630 758 18079 4905 9724 8379 15878 11019 17291 6103 13341 14623 11898 15070 3471 5327 960 3949 19580 12390 5880 470 1783 6464
3701 10841 8381 6999 13372 19771 10652 3257 17975 14847 1410 16225 11995 19056 3017 19323 8463 2711 15248 18531 8379 16350 359 15548 2433 16170
7548 3497 9044 19662 3902 12380 16258 12938 12987 4263 3226 18955 12690 7864 18948 2151 8028 4666 5315 16657 8116 9211 9697 2320 4372 15394
13014 11779 12739 16440 8034 6010 16309 4251 11069 15093 3434 10625 10233 6109 12513 13815 12484 12857 19704 6669 3283 14475 14149 15675 1623 1703
18600 3297 17839 19919 18128 11099 10797 8056 19162 4168 17332 13540 9014 8398 12457 1303 12620 2192 1379 5833 19065 7307 17286 8986 13136 9730
14616 11033 17912 12767 3514 15178 18244 2192 16752 11657 5976 3518 4973 10735 19068 8761 6115 19785 2913 17514 14576 4555 3159 1274 13851 18086
3768 16234 19385 11023 17957 10043 14136 2678 16292 6592 11381 1451 7749 17021 4146 8162 17601 13572 18610 6126 11275 2704 19678 10161 18303 19962
2412 13860 14258 11382 16175 15749 263 1301 3884 11323 10387 5204 1337 16074 14608 3850 18514 12737 1083 9912 17075 12672 13767 6045 17640 6240
796 7205 6652 6261 7697 280 12083 1656 18237 9118 6792 4368 14990 15360 6242 3807 7333 5838 19665 11877 8233 7052 9924 12231 5806 8205
9766 3337 14147 16691 9076 11816 1590 526 4089 11583 10937 15259 1508 16915 10183 11814 10944 15326 16337 8766 9803 15220 11472 13056 6321 4591
2006 16869 14315 2947 9982 3985 19312 6012 8707 4641 4832 10135 14482 6402 15717 11831 2449 17509 16637 10950 8912 16843 368 11238 6102 2081
17331 5998 15263 18690 7374 16950 11805 17061 15726 5273 15420 2632 16223 8485 8634 18233 4647 3013 19630 3369 4786 6909 1512 19185 14836 14974
17818 12898 14580 13719 11770 52 3449 17137 7819 15381 6450 5381 17289 5623 16879 5515 13537 18278 17682 901 9709 6945 9353 7792 3440 9574
16310 19012 11081 5504 10628 17067 5252 18285 16086 6752 1467 17843 19568 7050 4689 18902 2656 16162 7516 18735 12051 8426 18911 12248 6478 15340
10515 19381 12323 9178 12529 6508 3336 8990 8046 1011 14851 5497 13636 472 4926 17301 18102 2901 2414 12211 4677 14836 6572 1870 9742 7911
5451 488 9034 13828 1610 11654 3024 18702 19089 2934 8473 3998 8102 11790 808 9164 12398 8591 8954 18810 10671 6729 15753 17278 247 15722
16668 3532 19407 611 7564 16112 11581 7009 3652 19862 19777 2754 305 18670 14234 12671 11285 15011 7157 9946 8171 19502 4320 9328 911 2704
2875 7439 1608 9166 17760 13186 8010 11235 2168 12720 15814 8170 18242 17300 858 19006 11690 1378 6199 18915 2339 17763 19934 18151 11293 3783
4290 5269 14215 15311 13873 3518 4407 15724 10659 6907 15244 19322 16282 7804 5719 18877 5184 12691 16027 6050 16886 19809 3839 16024 10176 18778
3997 18135 3843 8409 3508 1189 1152 12471 18329 18266 18395 7163 18889 10618 6019 4676 13505 8837 5192 15121 10344 16245 12935 3444 1084 9330
13476 1213 11043 17663 5297 16848 7466 11397 19308 15633 2720 19064 1243 14939 15312 11158 10314 5957 2536 1100 3721 5190 6478 934 7730 1064
6068 8679 130 17865 11892 14364 12014 18765 1175 16760 2526 4999 8571 2116 9906 8006 8860 13589 9883 14925 74 7387 17592 13957 15767 3838
17881 14363 11095 17058 10966 19207 9603 15361 15882 17952 15943 11954 13937 3990 17825 569 7968 17598 9445 8049 18750 15586 2211 12278 4960 1129
18258 18308 3659 11208 1368 3612 14549 3556 15785 18262 8215 15307 17439 11402 10934 14869 15128 18686 16589 3412 1181 16168 14938 9752 1582 19642
8941 15901 9870 7449 6191 8613 14228 7570 19676 5490 8589 13910 12346 1046 1028 2369 9359 167 18059 6526 11113 343 15598 2151 5192 11100
11884 3156 7516 17172 7591 6764 3827 19124 19074 12706 12130 18979 15957 17098 6191 13939 8190 404 9025 6623 4806 12662 19962 14726 5086 12938
18986 17180 11662 18299 7300 16760 18296 17876 6362 8909 1474 12513 12943 4024 6607 3144 15859 15827 7688 7188 2739 7630 18349 2493 638 13089
15743 16922 17304 6566 6068 1797 12601 5288 16617 17623 9855 9640 4622 7433 6089 3770 4406 5576 17754 19198 12840 12873 11883 11752 13291 19042
10943 10038 11886 3030 8902 4014 8684 14521 10594 15437 12025 17978 17732 9545 9448 13725 8035 11687 3925 12480 17537 17252 4336 7969 6193 19334
10021 9741 4405 3652 6737 6323 1344 18657 8998 12303 6332 13800 8052 15621 10971 8184 7915 1401 12653 12661 16108 17559 9005 9225 10612 6782
16442 19520 15732 12723 4186 4403 15568 4985 7354 5804 8525 12749 19884 11515 3612 8485 6698 19249 12630 428 9327 13748 13144 19556 6864 16739
3482 12686 7159 4625 14110 5250 5803 14143 7037 3002 16233 1022 18869 10012 445 1913 16707 1685 4176 16558 6104 16500 18442 19928 15819 10230
2552 4861 12717 18096 16477 19529 13839 8494 11105 18502 908 1731 2261 5236 6848 8156 16696 17936 4185 19661 14905 4343 14572 15909 9460 6380
11579 15033 4059 5323 4833 7370 2612 1758 14462 2982 4786 6831 19941 792 18970 4472 5513 11141 14990 8277 3675 15778 11490 494 2534 8271
16736 764 7005 17007 4222 5177 14594 7194 6869 13631 3297 6300 17109 7398 9459 16151 14151 19060 3085 6723 10475 17308 6826 15297 66 15682
14424 16822 15746 289 7979 2819 6160 5560 3695 9871 10943 16598 19729 8602 5474 9075 12622 8351 14912 16914 13975 250 1239 5184 17430 8479
7964 19849 10043 369 19837 12673 4723 14770 15345 17263 14696 11895 15797 6465 8684 251 6777 2295 4404 5887 9321 10593 15151 15726 15138 7651
13347 5111 2117 19805 12788 12961 7708 1010 9883 15997 903 8306 11270 12826 1077 13258 10846 19252 10305 6660 15118 18575 17641 2533 11052 8879
16725 460 1718 10102 4111 11297 10594 8604 16510 9231 3142 14012 19348 9881 7238 8042 7471 14323 4302 18018 17738 4880 1702 14896 18797 12461
4116 2914 11644 12852 18560 13425 12347 6147 5209 4996 5806 11400 11435 5424 3368 17142 10287 19395 14775 11388 19661 973 13277 8325 16645 2061
18238 5320 1269 17559 2151 15628 2548 18339 15838 16775 13290 12482 3041 18795 18653 16153 9504 479 14935 15863 19385 7858 19120 12729 16328 9303
14051 6875 18747 1217 10210 16977 6848 259 1741 7282 19516 1678 13161 9527 18982 8298 19087 14326 13012 7082 12874 18369 6727 16674 2979 5986
8270 16937 8932 17775 10117 14546 14048 2812 18706 16698 17406 3704 11683 11831 13126 18830 10720 15578 8477 11799 10438 2545 13247 11293 8450 19992
17570 15436 8690 5261 5192 7238 16439 11608 19404 19590 18731 17672 8490 12345 19435 6752 9023 4871 9430 11333 11498 14753 5159 13914 4407 13651
16 9461 462 14114 9878 3009 8814 7953 19289 10549 7855 15525 8929 18717 1693 9313 8663 16499 7994 18403 19307 14057 7234 7020 13372 14141
15330 11462 4446 941 18579 18397 2569 15784 10675 843 14919 9389 7251 10735 757 11074 3424 5299 2937 10924 2360 1341 19699 7242 16339 19179
2678 18602 5813 10584 3668 17100 13616 4891 15177 6849 9780 16445 9432 2535 11536 19985 2608 10647 3478 11549 12481 10910 6884 7399 13040 10727
15551 5704 16137 18565 5868 1943 3045 9949 8484 9307 12050 14865 11476 12783 9035 14218 10905 7951 11064 15159 5891 19155 7796 4907 10115 2563
18787 15930 13809 8337 87 13211 1309 6331 19530 4257 10672 18765 11909 16064 14999 4227 18393 9054 16801 8675 10016 5789 12624 1595 9950 7052
8310 800 2150 14984 8911 16121 3120 4595 14553 16713 16634 8409 117 2886 4321 11447 13909 17357 15336 2911 9311 517 15145 17139 11514 3562
5488 3426 6288 795 1687 11517 17032 5100 11649 1839 5100 13984 6865 18958 4593 18261 3826 14987 1846 4318 1330 3467 18616 2756 5074 2895
3065 214 2412 11821 2089 6997 9522 5613 10014 7805 15740 4189 9791 12800 8193 15547 2726 2961 6837 15193 7986 3198 11058 7833 19959 1095
16530 18718 1690 8831 9485 17259 14759 13486 4592 19538 11229 6700 19719 8280 3979 13553 16325 8212 5017 4588 2541 19410 6274 695 9123 17117
13397 7365 4512 7891 6209 4717 7542 19250 4224 15927 337 12165 13445 15002 10398 4769 11669 17990 17423 17863 18332 4493 12394 14181 17417 11742
9340 9850 16297 6896 13753 18286 1574 4272 9766 1462 14581 8711 6412 16726 15085 11026 12239 4703 17212 12828 17082 14644 15873 14006 5531 1607
10164 17860 12514 7726 4455 7391 8601 3833 4066 1707 3767 3252 8646 33 10901 12993 19075 13587 4627 7961 17510 6031 573 8338 13864 19636
8886 6774 12460 9086 681 8598 2531 17279 6540 7836 5622 5293 3828 7466 2817 3758 17924 2930 12139 15185 11022 17538 13940 90 4610 16688
12976 2139 9296 5862 17740 8323 3478 10091 16745 2449 4931 9037 4732 11566 920 9147 14816 13250 5147 14339 8361 7903 5596 5912 4610 4420
3933 17422 19222 18880 15661 6409 5540 896 13703 14570 12651 15681 17963 6570 8569 14682 3114 15892 11295 1613 538 10682 10326 19208 13924 2694
19766 2907 1238 9747 6671 1986 10212 8668 3629 2893 10655 7679 10674 7706 7059 15441 16164 10917 13585 14360 10282 1685 18296 13961 625 6855
5078 14746 11814 19705 11461 6278 9949 15770 11274 10858 2891 4221 3751 1463 8466 1580 6696 9189 6307 16833 9992 14957 17928 13303 13471 11550
16161 13008 3349 6857 18749 12197 831 19100 10898 15397 15315 15605 503 10791 14568 93 4848 13300 66 18784 12495 4066 1374 9370 7613 12273
12003 13496 540 14063 1274 8683 384 14109 5065 1199 2300 4642 10249 12488 11838 2056 2756 11769 12962 14519 10870 13 14973 5777 6022 9924
11107 5407 9912 1992 17790 16313 18004 15832 1491 1326 12231 6802 706 3240 16276 10483 19065 4366 9319 18741 7632 6504 3826 12576 13487 11428
2961 3902 10125 2216 5210 17642 18695 12116 4363 17636 15908 3112 18228 12174 14745 2133 6721 3237 614 7511 19509 12749 16174 8005 5658 2051
17588 15617 8564 16395 4155 12728 3919 753 18679 3294 18894 10872 16075 17359 17837 1766 5700 1646 13233 1258 12760 3978 11961 15621 2033 2356
15901 14230 1107 1021 18396 2573 8382 14033 15308 186 10351 14656 10120 933 10395 3572 7151 11534 14451 10397 15961 17078 3917 11088 10285 1240
6377 2940 5221 18994 7621 7771 1865 2823 2725 123 1046 10861 13990 12948 10184 16317 2543 7605 12295 3741 14481 621 7569 18952 11146 8318
6151 16037 12387 3479 13735 7187 14573 547 11759 2757 487 17920 10252 1470 11927 15846 947 10555 12159 9898 10390 11827 11482 6218 15913 11183
1315 1432 740 16426 16867 1360 12949 10203 160 16495 11222 17492 3329 19757 19546 7709 2033 8989 16724 16784 5136 4235 4754 19616 7809 17990
11601 16033 5610 12515 6476 18898 16372 15767 13149 10194 19569 4929 17990 18601 1425 481 19877 2740 16545 10463 3405 16857 18383 528 16851 1837
10815 15244 16442 15769 921 18683 6736 10786 7041 18290 17272 19875 16363 6930 881 10269 16534 14011 5030 5901 2204 9431 18809 2704 12856 8341
8188 14904 7753 905 12508 8935 15712 2859 19433 7505 835 15868 18162 11322 3057 11119 13826 14805 16213 594 2890 9828 18849 9807 1127 9428
88 490 2155 7556 8823 17207 2694 19172 18999 11511 8149 11458 10202 19143 17934 18066 17226 16195 15352 2374 13050 10493 9199 5877 5874 3127
5989 19848 7788 6354 4103 3777 3910 5068 19513 6265 2523 17604 18355 9086 11925 13906 13112 4365 5084 1857 19880 16573 6702 18417 13114 3357
294 9352 8794 16152 8303 14565 5055 13330 17544 14270 13066 19324 7760 14931 10994 4508 10078 13457 11842 10242 8766 1767 18905 11540 5523 19387
11167 2637 9200 16283 17516 8929 4792 14322 10771 1411 16499 4546 2826 3352 4805 18092 16481 18274 16479 6546 16816 13606 12188 7290 16223 1810
19667 4553 3706 19782 12607 19380 1513 9024 532 12455 14818 9654 14211 2045 19458 11616 120 2392 5806 5843 13188 18587 16445 11495 9931 9396
16060 3498 9492 4258 6773 12241 10007 12968 3853 3388 6692 5470 5711 4461 8556 19780 9390 19550 15529 7891 17757 8864 9038 7725 1246 16929
3778 2592 4770 9215 8276 8128 6354 18399 18925 11523 19745 8007 7240 7456 9460 12886 8123 5872 7779 6897 11032 10414 11126 1087 7280 7969
16762 13447 5946 14607 1203 3746 4597 19506 13143 11189 16204 16823 4052 6731 4732 18062 10992 5965 19972 15111 12042 4404 4883 5570 4999 18918
11122 15231 7741 5977 602 14929 18067 8614 12331 12374 8100 2447 15235 15947 4621 10567 8072 7765 6945 10443 6979 3432 9283 5519 3662 2427
9176 8626 6429 17465 6762 19377 9705 10160 4492 15928 10721 6887 19943 18363 9446 657 10958 14170 3931 8226 5521 19180 17919 3904 2329 17737
19712 4052 1531 14892 7054 12777 9272 4397 6456 7749 1474 10634 19342 5002 9599 6086 5898 18671 10688 5648 9988 12666 4592 18175 18005 9622
4244 10749 13276 11828 8822 1097 366 7076 12153 5895 3942 4137 11947 8192 821 19914 9392 6215 1518 3565 10480 16735 14831 15031 8044 19975
2874 10468 17996 17695 1303 9893 12833 17019 7114 7313 15808 1510 17312 11245 4303 8594 17894 2832 11546 1209 17280 2380 11382 7854 1122 3628
9986 17221 11667 2705 6039 7779 18649 6101 5270 19494 5690 251 12048 6276 3224 12277 3038 19855 11934 7699 17639 14490 2172 9108 15167 2117
190 11344 3900 8780 14655 7427 16241 11990 6006 18756 379 3341 15458 9806 11014 19293 5707 12436 5287 14130 15948 8623 12250 16513 17076 365
6384 3546 671 14489 18569 6144 19721 10525 15255 2886 18218 562 3380 17356 5254 7169 5337 13844 11590 11710 17473 6194 11735 1047 19734 10115
13028 8624 3367 16793 11573 10786 12924 8482 19600 15272 1411 9468 17490 5720 14327 4464 12984 6426 3010 27 13500 12374 16518 16438 16623 2507
16200 18428 16886 3954 13998 7108 7985 9513 8564 9223 16612 10911 5923 15342 7918 6179 4271 9043 19886 6499 16348 844 4917 17166 19075 14648
19538 9075 1865 18343 16792 17347 9847 9793 19435 14892 7797 14297 15860 18450 13584 19862 5381 4047 6577 19975 4137 2376 8175 15738 3886 428
7620 7154 1473 15738 9674 14499 7768 9498 12577 8865 7291 5098 11672 18070 4560 3653 14875 2842 607 1734 17372 7968 4023 10645 2513 2179
15264 3160 606 3107 1404 10015 7480 11385 11342 17486 16159 409 16129 3426 4925 16238 2569 6426 13962 5110 17952 3067 17121 6695 9029 11163
2682 12504 845 16231 878 7317 13516 12722 14948 8011 13920 16886 10568 3192 10889 4827 10382 7055 16547 2063 12174 16731 16205 9374 11981 6572
5616 10906 16999 2707 4202 16028 9716 16307 15506 9219 15870 8576 13502 4719 13092 15295 375 8395 4449 2572 10844 3292 17365 14640 6576 3628
16507 15818 6757 17262 14343 15277 7092 13420 19151 12608 13720 724 1887 2785 611 3459 9842 19317 19454 2425 17370 17049 9611 2911 8026 12136
3591 12331 11069 16516 8563 10211 4464 14793 706 4880 3426 729 764 7777 8295 3164 1315 17763 17451 3196 8109 4111 12308 10039 12434 10967
12734 8491 14002 281 7891 1097 6773 5874 5200 1464 1282 7503 10636 228 1112 2143 8680 2768 19986 1414 8953 19433 15183 12227 8106 5792
9007 12106 12142 18938 16927 474 18208 548 13568 11435 11795 10395 8953 1712 14209 13903 14023 10903 19610 234 11959 13021 6672 14797 2475 5816
6254 13533 5755 2752 6136 16300 19190 9152 15046 18178 14645 306 9649 6580 10759 16289 9005 19671 8896 6816 15946 19731 18965 18640 11722 1422
18440 3268 17483 14 15724 5419 8551 17544 15990 18941 13116 17150 2737 5452 3780 1836 1057 149 18190 6205 12852 6865 12458 7626 11905 14817
3831 2231 16933 16070 3938 14152 1213 2897 2619 13489 7922 10965 16994 14263 18697 3465 17971 17636 10520 1462 19021 14598 4466 2224 8471 10693
17422 11787 971 4240 3667 2 16349 6524 16244 16957 10648 14453 6538 8976 11960 15267 4507 864 3665 4530 8181 5233 16696 13453 9772 5472
2989 15203 17896 11735 11430 10491 13182 13275 6703 463 15966 17309 12428 6388 14326 4912 15887 16659 5760 15849 13881 18982 13510 6468 1119 19032
11249 4528 1864 12553 18401 5471 12458 17359 4745 18468 7661 4032 11507 3541 17395 17239 7692 171 2287 7298 9304 18145 10149 9177 15719 3420
19332 12346 3770 18163 12643 17971 11874 16059 4740 1879 15668 17459 5029 18370 13716 1382 3751 16299 10454 17980 9395 7544 10272 6944 2323 11286
6893 19466 1297 3089 9264 5827 4132 8958 641 11636 16304 198 9377 1257 11046 16219 7702 13285 18511 8215 18804 2371 15705 14299 19138 6891
19460 4273 10134 15414 15863 14431 12729 3501 1579 12104 1091 7765 11139 16578 13315 15410 15091 4391 8693 845 16483 2810 941 5114 11493 9453
11111 10547 3662 19556 4290 3447 1350 10802 2096 13 11510 3115 15660 7075 777 303 10125 17442 833 3827 13474 13099 184 12519 9070 10968
7512 740 8394 12857 8541 1049 5058 14262 9636 14416 11747 19617 1955 6729 15995 19242 6074 5713 5145 11379 3872 15692 1504 16421 17705 13625
6067 784 7921 8576 15289 16257 8670 19084 9879 12847 13390 4069 14077 8150 17389 5930 5467 1791 14458 9143 13183 4902 16994 14923 18305 7085
10010 8092 1098 10036 6412 10318 9126 2790 9290 18910 16263 15919 4448 16787 17132 9297 779 15672 3134 3876 16076 1033 14312 4303 7065 7689
10787 6727 9591 19635 5748 6223 16691 12883 847 19583 9246 13023 7842 301 2900 9813 9329 12357 13562 16332 16407 2298 3299 11756 16624 18327
16219 18499 2299 8994 13127 6577 654 9745 12327 3172 7590 8119 1390 9503 17338 13907 1366 1577 11765 4190 19765 8284 1829 16248 1834 17300
15842 11997 4474 9103 12539 13866 19672 13459 8992 9174 1268 15415 2456 9329 15074 1393 9571 13322 10788 13543 10243 13948 9479 414 649 5732
5494 15707 12869 11754 16679 9220 14535 1127 12885 6125 7347 12781 10466 17299 17171 696 14582 10658 4710 11159 8567 19107 6690 174 13023 10906
15576 14109 11956 6480 19046 1475 1361 13158 2759 8872 13051 5783 7186 2807 6963 5444 6596 17251 8936 8763 12373 4764 4554 3733 3547 3743
15390 7350 19069 2600 12157 1704 14978 3215 5273 12237 3251 6977 15994 19540 18847 10856 3491 3988 8206 10085 6557 4188 18755 11132 1303 8802
6939 12217 17252 3166 3235 11684 3835 325 14706 18323 594 15113 5336 15480 3057 19053 6641 6373 7522 16690 17504 14676 10669 19136 8299 19459
1321 6416 4979 16589 6788 2219 551 18829 4071 17072 3972 15930 15424 2248 18047 12545 15357 8325 13334 8888 5097 8908 13728 12961 14293 17395
7079 6231 16147 5339 4141 10402 13197 17270 4087 1482 12709 16066 3262 11919 12345 8129 14123 4383 15259 911 14393 8253 5760 17750 4522 17882
10183 9808 14327 8780 19959 13835 19143 6446 6887 9909 5006 18187 1351 10214 9476 19008 8949 9197 16397 16194 19579 4467 1476 12605 498 16933
15609 9996 11060 11353 1209 18336 9906 6239 12455 6173 14727 16923 9476 10662 18729 19441 2737 7805 10723 8377 6523 6972 9422 14575 11583 18256
19951 16083 17451 6862 15071 2874 3534 10080 5401 1229 9059 1073 1893 14005 13269 19062 7674 16284 5700 1211 19206 12210 1789 12933 5380 1762
7425 12313 19765 2484 5232 14966 11111 12744 626 16389 15308 338 71 2961 14154 18472 8604 11212 7470 17428 10043 8085 3122 6143 10282 10085
8192 8471 5918 12243 4280 12801 11071 2322 6221 16756 14954 11762 14723 89 8044 172 19247 12950 12062 5176 16385 5849 12821 3115 9011 15406
18354 15463 5998 773 13442 10818 6355 14539 10041 1940 8022 10401 12351 19066 14136 3641 16546 6674 3344 5731 3393 16717 3162 5026 9566 5069
19526 17333 14667 3279 6973 16835 15350 4752 6295 7374 16736 17718 18418 9621 14492 1207 7461 1285 12575 18738 10168 16581 11983 16406 1835 11306
9179 5139 18908 11171 4529 147 11231 7531 768 2853 17832 2198 15254 7712 2490 6667 14384 18372 18501 15405 4114 17946 13638 7711 10473 11199
5529 15111 5474 2996 8615 10893 6086 17320 883 1562 11304 12095 1412 12211 12138 18778 14321 1449 6675 185 7488 875 8594 6885 825 19966
15290 9112 3890 3927 451 11079 11635 3419 12262 7266 18748 13340 13241 8447 6149 15719 7161 3820 9516 2727 13809 3443 11911 3770 16562 7068
1155 19352 16947 8408 485 16625 13463 9821 18273 4705 8690 18246 19888 8026 2075 1191 17204 1272 15709 11369 16979 8061 13716 860 7733 11618
2729 14087 8894 7699 17588 13329 2242 19116 18418 18958 11800 17613 7724 1037 14199 12784 15010 16146 1531 18402 522 6323 3679 4192 8125 6655
9080 6641 13248 11120 1508 13584 19591 7783 242 10213 434 8704 16619 10707 13998 3915 9130 6593 15661 10286 17988 11101 6144 17990 15739 14348
19780 5379 1553 2365 6333 8664 11039 9973 17372 11474 10833 2978 14666 17479 9415 9214 9317 13967 16811 13563 13920 14361 17990 10434 18242 11725
16475 2031 8723 8670 13308 14911 18431 17918 8393 9038 8 18038 15663 2744 19063 10729 9396 14887 14020 18507 3730 16900 19364 12923 1406 17786
11303 14331 7105 9448 10962 15569 6459 9895 1460 5255 8127 19516 10076 17277 16547 5344 1047 3386 7332 7408 2219 11018 17768 9291 18606 2680
8811 13964 14988 12786 12278 15645 6565 2714 16267 16807 12839 19468 6472 689 13898 14965 17713 3021 5981 7932 3416 154 12603 10989 2261 14344
11368 19498 11133 15714 5067 5273 14568 14304 9012 29 15344 3336 11675 18644 17706 11541 12394 6265 3587 13041 16323 14513 1089 6444 14866 9242
1180 9660 11285 1740 15737 1092 1318 18114 15319 13975 17196 8306 9028 4552 2520 4942 17968 10896 1741 1231 13572 13154 953 13217 2427 5623
10737 12086 12716 1058 9230 8592 17010 15133 18935 14372 3808 3501 6562 1517 14586 8841 9989 13950 12261 11110 16954 896 4451 7248 6575 7126
15290 15541 15428 6311 3773 9340 6302 19200 19100 5526 15308 4750 2860 1351 12558 5000 11967 19627 19286 12944 6876 1407 1195 16208 7595 14880
6851 7138 1830 2356 17975 1385 11131 12839 16376 15205 4750 18182 11006 16639 9770 15896 4020 17508 10744 11443 19697 5066 9896 11850 13991 15333
13671 12191 5533 4491 8727 13755 8789 7571 15723 2181 4213 17518 11104 5384 7 3837 1635 2035 13070 4517 4250 2451 11111 16828 10439 16946
18887 1324 3917 8851 14234 5976 11667 8643 4883 14093 3162 10239 7961 15086 16966 18077 6149 9316 15799 13206 10588 8330 19510 12386 5415 1240
17349 7121 17387 11895 19699 18526 4649 6497 17930 4848 4402 11608 6096 4077 19463 14959 13229 17058 15839 8156 3873 11965 360 19892 1708 11549
10208 10028 10086 4883 17889 4864 765 6618 8243 6328 2729 12620 3815 14677 15823 12050 10560 19691 2759 13686 2794 6774 18054 15682 19575 10629
17325 2076 13163 2277 17505 17088 2624 15173 3857 17469 10722 18235 10200 8112 8582 14374 14848 1432 15046 4888 18607 3256 11420 14275 15561 5354
5677 12654 19589 9947 8791 4328 882 11600 16865 1050 13805 19241 10772 5086 478 449 19753 3752 18055 5908 19644 9097 5709 3549 15294 15869
15311 17795 17796 85 13972 3241 10657 2618 15375 8177 17696 7364 11892 12926 13049 14142 14264 5590 2444 18221 15656 12232 15999 5451 7452 4611
12762 2424 5243 5248 16505 2151 22 11894 5060 18932 1085 12445 3857 12411 5398 4663 14855 5546 11317 12773 17756 9197 4500 4597 8452 3181
15639 17369 3779 14337 14161 15897 11073 102 3607 246 7149 3537 12163 6888 13228 15142 13743 3796 7436 6957 19461 11671 8320 1458 16471 8102
1733 5522 11812 16466 8138 17842 13783 5620 1056 12595 16286 16622 6807 17094 18621 3019 8172 14794 17753 5788 2978 10899 8320 10559 8083 713
9482 5782 2064 2771 11379 11174 7161 19547 7612 19387 3418 18065 14580 1750 13505 12058 3823 3059 3908 12344 4329 17070 587 2494 1679 11658
19430 5244 16925 9161 16389 7457 1317 6315 6051 8514 2026 7209 9610 17964 1674 16095 11681 10337 14156 4935 18913 12254 13621 14316 17249 8507
465 4594 19550 3570 10560 7354 4594 9473 17301 12699 9358 5761 3654 7410 8921 11513 1727 14545 4983 2578 18317 17803 2071 9044 7957 12764
2277 1584 210 18234 7653 15115 12522 5443 5667 8336 14632 7534 19173 11511 5477 17523 19161 17218 7460 10930 6595 2566 1986 17975 17456 849
10909 10739 4146 12534 18977 2857 6603 16548 15072 13232 4828 14170 9160 12207 1835 2593 9589 5148 6646 12045 16237 1716 13983 1168 3431 12655
11043 8932 13871 3577 16031 11038 1307 5412 13679 11774 12688 18670 17154 17847 18763 3459 1082 2497 1765 80 17615 9912 1136 2765 2852 2252
18126 11399 16514 9845 18432 2232 15048 14852 2776 13407 16264 10889 17119 1553 16613 5462 1002 10976 691 1009 1227 17070 12030 19268 8499 13989
6011 3565 10528 11052 19368 5560 5876 10172 2430 9674 13979 8730 10480 9416 4675 11644 16234 1667 12199 16087 19106 13651 17038 200 7367 1494
212 19235 16524 14525 11016 8380 5169 12878 1967 1968 11701 5321 1170 656 13668 15480 15556 2499 16609 17775 13979 1835 127 9756 18094 1891
2206 12329 1479 15552 19584 16747 10387 1592 10764 19472 1514 10861 7879 11876 2650 7530 1644 1940 8150 5485 5473 15659 15487 4826 5214 16099
11749 14970 15962 6148 8841 9033 6676 1573 6600 18562 9628 18031 9575 4932 4957 1168 7727 1975 12257 3365 8182 1642 3900 17626 7642 14928
14475 13923 8596 3166 3278 14886 2282 15126 8809 10182 12964 2307 7437 16390 10197 15396 11371 9912 16426 6897 18027 11011 1397 7201 4173 10008
5552 4803 2989 9025 9644 18275 511 630 1371 9018 5583 5036 12490 9949 15316 2346 1105 3453 15076 9767 14442 929 1566 10113 5227 5190
18431 5168 9395 18342 6377 3234 7353 634 5640 9149 6059 12378 360 634 6747 12232 17358 7877 14427 3246 19537 1661 7190 8444 9691 17494
9547 12321 5909 1880 16263 7319 5956 17992 17491 9809 14952 10711 9740 15956 15016 10255 4068 1014 14420 13102 3436 14133 15810 6623 19169 19540
10 5263 7552 7917 5741 1568 9243 8734 4044 1643 12858 18840 16075 5641 39 8909 15991 810 3815 4529 1170 1170 14709 2060 13278 16071
13197 5412 5755 7061 6777 2755 14147 9479 17533 3952 17940 11477 6439 7969 12444 3086 7224 11273 10759 479 12313 409 16353 3210 18765 7728
13290 2903 13109 4616 7378 19437 14653 3893 18743 13208 3405 6083 3566 16986 17402 18575 16500 17911 9267 10821 13218 3200 1659 15587 17909 3181
5526 15144 801 12266 13190 14530 10975 6713 12284 9720 3735 1623 2480 7 6131 18093 10135 8629 11506 12812 7139 15037 7008 3395 289 510
14287 16367 14041 8084 10856 16871 2138 14393 12727 2438 11187 18192 6595 10402 6231 13245 17790 9322 5170 17560 8520 4548 7155 9783 15707 17955
11980 4689 7525 15449 16759 13206 13755 9130 16806 16251 4161 13103 14829 14440 16511 2710 7474 11220 8100 9921 13658 11605 12949 16727 9317 11536
19492 4711 9465 8526 17781 17521 7822 9850 18156 16729 2258 14902 18914 7744 9342 14097 7757 16883 18046 10942 4884 13904 16366 4523 9742 9150
4608 14379 10273 9934 9885 11242 11530 18846 14675 8332 7490 12193 16281 6394 3654 216 17239 17369 15953 992 17233 10145 15331 12313 761 11113
17780 11197 13320 10571 8384 7441 5458 18029 9909 3613 15014 6000 8872 8381 7658 1294 580 15093 1820 14206 15668 17367 18009 2587 1475 9713
18492 3609 11978 3552 1552 4664 12894 16191 7567 1571 7038 3874 7756 12475 17258 18213 14790 4595 18668 16583 10320 11614 15846 2579 19907 13709
10848 17940 15637 11003 12034 1562 2958 8426 13511 9110 19373 18447 9674 13386 15334 4498 18531 2484 14384 14074 12223 5224 15056 800 15159 5506
17912 4274 4477 715 4190 7891 7529 12020 15508 13928 13659 17296 17334 17923 3541 9957 2803 11390 16371 16527 9951 5057 3798 11471 4453 15991
13449 4512 14633 9107 2426 16002 11123 755 7669 12439 9492 10143 2583 6857 11470 7611 9250 2575 2229 279 5603 17957 19290 13937 8471 1267
7635 16479 9276 16761 11191 4820 7089 6865 1231 1221 18727 15153 18867 19852 15158 11854 10599 18064 17378 18286 17309 11476 14857 8933 1659 1776
3374 18842 19454 9667 15569 8730 15316 10466 15410 4800 12329 14736 12340 9850 10704 16343 16975 9974 16243 7570 4763 7215 7745 5367 7371 11100
7177 519 19577 13019 10864 15117 15327 2615 18196 629 7101 346 11594 6051 19911 1213 9316 15384 9120 8995 19779 13442 11915 9754 10776 1692
8210 16709 10781 16659 7444 13234 18407 13785 10258 14890 3263 14100 14005 10556 6927 16644 16757 8287 3949 8756 4125 5924 19083 13778 16283 19707
14830 19100 1448 7880 4161 6000 18624 13368 13015 17182 11805 10626 12162 17978 8187 13540 8616 9115 19096 8600 12732 5103 3747 11814 13562 14611
7050 16272 9082 6071 11621 15934 10593 10207 7861 10842 14588 2365 9080 6485 5719 9184 13770 8843 2501 10728 14815 14466 18540 16551 14912 7806
18540 11180 11555 2905 655 7026 8262 749 14200 1865 2995 596 19259 13058 17729 1048 19578 3544 13973 4560 390 16320 12776 4429 11770 9883
7234 17525 6467 12451 1757 3885 4871 14465 3403 2265 6513 12650 11998 8487 14317 16020 14395 7986 10340 6675 6037 9013 5439 10068 15849 15623
10092 7782 6747 7503 9793 5683 2179 16041 1834 1295 5978 14780 17199 4589 7498 9799 5564 7168 19062 15248 9499 4374 15458 17114 2621 12588
6399 6417 17363 8114 14706 16779 19523 5678 5663 18605 13142 15879 2534 16035 18140 3393 6382 17840 4794 12713 2157 6623 8615 612 4889 18394
3451 3968 7467 1745 10165 19925 11568 13393 12271 11916 9644 9858 15445 7224 17089 17825 8437 9413 1210 18908 3588 974 6266 178 11981 10973
12294 16940 6678 16072 19238 15353 7003 16935 3824 396 14645 10470 9614 2834 12380 13630 18047 1347 16754 666 15454 11538 19408 10633 15608 11527
5430 2455 14916 11779 4832 12329 19523 19105 15583 6037 13809 14752 7700 8779 9558 16644 16897 8864 16533 14895 3100 4741 5928 1570 7847 3306
8394 10745 17830 9158 11833 10154 4254 18058 16470 375 12217 18705 5085 5280 18879 1409 11108 12475 9052 18096 3012 8127 6106 2982 8633 19675
11011 2174 17823 4916 176 11791 12311 12000 7825 14776 16704 6205 2881 15558 15003 7981 12963 1354 11336 3987 11207 11960 15110 2558 3849 677
5947 17525 9794 13648 388 15531 17004 8611 522 14320 4698 6642 3473 15483 6400 17866 13548 5525 13821 2467 7710 3154 13936 10951 1838 4344
18611 18718 6388 16423 17523 67 1780 1084 16613 5706 4397 9232 15723 9573 17586 9809 559 7445 2283 2156 12853 16923 6287 19483 4074 367
15270 12864 17371 12216 8204 16869 7401 15534 19031 6798 10380 4593 3607 9151 9488 1293 411 8129 12210 14651 2957 13675 5240 8325 16776 2708
982 5079 1788 4879 17870 1370 734 9086 19910 1175 11955 17559 5803 10208 13640 13023 2755 144 6727 7984 10687 1599 13258 17245 326 7151
4230 18386 301 12953 12631 14302 9078 3610 15766 13226 171 11535 2126 4728 18103 18946 16415 10231 16121 18892 10076 15878 2023 4564 18568 15043
13561 13911 7655 8416 3374 1740 6009 15455 1825 14772 6639 2718 12602 15977 17297 1338 10923 6579 2226 7139 889 8064 11304 7569 9382 7603
8317 12659 9720 10343 18557 6044 19999 10321 17883 3955 5570 3531 7798 12366 9555 12485 15202 18005 11991 11729 12501 14642 18779 3862 7407 11101
8263 5395 3770 1762 17295 8063 17188 6637 6809 10770 6796 17075 9619 6250 19627 13598 4407 16445 5702 5927 10933 1209 19388 110 14325 9677
19552 13436 14055 12737 12308 10320 6000 6595 3030 17625 12774 17067 18771 9740 2577 2877 13752 4417 8762 4849 7141 19964 3810 2303 8019 468
18314 10986 8787 13268 19093 13261 1826 4185 14295 2678 6507 2763 10880 8121 11302 12486 16660 9629 15541 11634 9095 3003 8485 318 18493 3073
15475 7913 11381 2079 14778 2051 7277 16696 10529 8047 12117 14091 13574 9897 6309 19225 15544 3645 3874 5863 17496 9723 16284 14698 2640 18919
16368 18514 10068 5601 15557 5874 1176 14136 14182 11288 461 7097 14502 6409 4013 19970 16131 9702 9910 9404 9405 4491 7031 1734 2532 18789
9436 10961 12675 8331 11671 15811 10364 10423 7385 12947 8525 9193 501 19537 7346 15238 7190 12693 1905 12954 3814 3747 6270 15012 17895 10872
8686 5861 10289 10314 9626 341 10134 2868 13911 3454 18665 19904 17693 4026 5269 17369 15763 9722 6658 18230 19444 8786 4263 6315 11690 14518
12045 18976 8168 13222 3568 19921 13648 6887 13825 14168 3556 11195 2538 13705 8538 665 16608 14483 15214 12117 7074 13486 15989 17746 19529 15939
8942 6362 19928 6716 7910 12876 9357 2988 3586 1652 11 18210 16732 8602 2914 13793 9460 2614 17413 14958 10698 18341 11018 12430 4506 2055
1890 8574 14366 14932 18570 1304 12426 4786 5269 18796 7920 19556 5 1166 13252 18074 14547 10777 9628 6709 1566 17842 12375 2016 17389 17474
4160 2339 7893 12452 4915 11900 7349 11035 5880 14592 9154 9015 5415 76 2446 14137 359 12872 15828 3992 2474 1687 9667 12002 1427 5267
3389 7149 170 4122 7962 19370 12999 14315 14901 12800 1063 16651 5700 4616 12282 9106 19167 16801 18469 6246 1211 12893 12062 8023 18490 7801
9838 4131 17383 5919 19768 14157 17246 5498 6280 10795 9856 16292 17858 5511 13261 18204 2818 14900 753 3116 11927 7163 10701 17809 881 19558
10160 12743 7912 5389 6563 12729 12965 10813 11660 13492 8046 1019 14772 11596 5899 13191 3149 8690 18734 7943 6927 15037 17501 7064 2572 9476
13475 5100 3204 16287 6524 12113 9029 9312 13635 17221 5086 16120 19467 5505 8672 9774 18055 12520 19681 852 8965 2967 3383 17326 14731 4863
4674 6485 2012 13633 3451 8586 9548 2150 9862 1267 17018 2200 14908 13009 15747 19074 8477 18165 15142 9270 8744 6382 13459 11193 9148 10869
16846 1402 1433 16238 2440 7499 17523 6425 11726 3942 18767 18469 18418 15248 11952 13983 13585 5803 1782 5397 7021 26 6556 5085 5936 1993
16348 6468 13206 3875 423 19580 13882 17850 12177 5845 7167 11636 2375 14757 12345 19335 15228 17025 7842 5013 12758 12618 985 17393 9174 4783
6925 7323 7569 12389 18395 4728 16149 3324 8139 17367 16573 9474 16003 995 6016 15657 2863 19330 10796 6184 18224 18352 11122 18247 2795 12713
9919 12446 164 6648 16857 10101 10566 14191 18470 17377 12193 11790 12611 9160 16010 18749 11038 10949 17577 3898 8152 17152 18104 14742 630 14158
8648 1872 5451 10861 5974 6953 7209 12632 1244 2726 15022 16483 190 5938 5824 3108 18594 19488 8106 1822 14483 15217 7674 2394 17689 9997
19185 1418 17413 15683 12593 17517 4895 10764 4070 1772 1773 5037 5967 4302 12712 19777 17149 11372 7925 17802 1011 14090 2329 15038 7831 16352
4880 5066 9635 11221 15488 18422 596 14366 195 4155 3848 16665 6654 6971 8854 13489 12487 19054 323 6140 18149 9418 18723 6600 16252 13629
5670 9240 3454 14697 423 11138 19770 12059 19374 18539 9287 1698 6148 349 10446 4249 12887 19095 3159 15230 19123 18827 3417 2916 11041 18941
2566 2609 6252 1997 17113 4784 199 14005 18229 311 7582 9106 17161 6209 13742 19887 5753 7509 6860 17630 16774 6037 19564 18043 7119 1248
11546 15433 8597 17826 13124 8751 7206 1259 7082 18475 10928 8585 9322 14219 10185 1579 3035 15164 8080 17353 665 3540 19389 9759 11262 1242
15616 10073 12152 6169 18948 16347 13816 6511 4928 10948 12473 11767 11621 11227 17369 3259 11731 737 1404 5316 15434 2138 16641 16259 8233 7967
16996 18954 10061 8135 3269 7523 1051 18903 13203 17870 3953 8388 11340 8664 14328 1732 1295 16651 16715 13656 11236 12170 9622 13533 19221 5363
19821 6672 10604 63 8172 16497 11193 3797 7433 16571 17621 14473 12120 11804 14926 12870 4170 5378 5425 17934 933 19611 3939 15033 13030 12212
1252 18237 7579 8123 11116 775 16677 15451 246 2799 3860 2730 4099 1223 5765 17812 3272 13512 15534 7903 676 8354 9806 2010 7260 5296
16884 15879 8097 6586 15354 1269 16341 9849 6371 9850 11640 18289 3898 12954 311 15616 3324 6513 2365 508 14664 8334 17623 6789 12805 5525
5957 7049 5397 10052 18416 19134 11368 2424 12482 16123 12297 15873 8428 2783 18483 6943 2525 8808 6541 11889 10033 15553 7774 4490 12267 3955
5131 5477 12973 10182 9796 16764 5680 20 14019 10284 3655 3130 14582 6849 7911 14123 6076 17713 8653 9364 14663 10157 8843 15228 16494 13625
2476 15534 9982 13009 18838 17650 11527 810 7208 11907 1939 11788 4867 10286 17140 4175 12549 15732 14107 14909 18831 1844 5528 13336 13808 11465
8526 19765 15367 6355 3294 16298 536 14427 15007 12219 2475 18500 1631 10025 9821 11663 17517 4917 19844 8542 19274 605 11463 6196 5032 11195
4694 18428 4056 13204 12980 10868 1501 9561 8085 17684 5737 747 19697 17581 6344 19055 18819 6548 19295 3585 7371 9219 14149 674 1624 5097
14075 17169 9184 8329 12016 9333 13964 17320 2829 7295 4840 5702 4919 6030 14967 1034 10635 9730 15131 2758 18729 12360 7747 964 19437 15915
16564 12891 3463 16348 12932 6534 403 3656 5249 16780 5348 4982 10330 13775 3760 6903 9414 3697 2463 10419 4497 11091 10125 1499 10018 1330
1786 9963 8234 18619 10648 13657 10575 5102 10255 14495 9098 2362 17577 18259 16542 6041 17136 10574 11102 13003 10537 11601 16419 9814 5347 8928
6682 9988 17886 19640 15124 1645 17486 5620 10149 4259 1766 3305 7659 18371 13797 9265 674 1310 1882 423 19226 227 15721 2447 427 5897
16544 4076 16564 3467 8439 9425 12361 8980 6436 19438 15200 2256 2529 16802 18278 3228 12843 12423 13911 8488 15859 3425 1406 2431 1903 144
18346 10694 16318 19108 4845 16305 11265 19862 17926 4651 2276 12051 8858 17696 6808 2603 18046 16791 16871 50 322 4909 17948 13436 7374 9995
19813 14844 11565 14575 7438 11835 19948 15341 7534 12241 17197 19321 15288 9034 7137 13000 15989 1547 7394 10089 18706 16149 16032 15406 8607 3602
6342 4771 14251 6110 7327 14537 4438 14286 7788 4196 8731 19027 6299 17252 13129 16490 10811 14091 1834 15063 2264 5312 12216 8231 17327 3939
7809 15228 6716 4417 9370 3249 1006 11596 6439 2500 2964 7220 18897 2995 14440 10159 8118 18594 8457 3410 13308 15942 5190 24 18994 6522
4325 3619 16610 3904 8996 4526 3813 18416 4390 1403 6349 3192 4060 17468 19927 12104 18491 17974 9713 18898 15285 6694 5732 6776 7967 19671
10194 15245 9908 10091 18670 2957 3049 9156 1252 5608 15847 1911 3555 14557 14849 15865 8804 11163 10529 9453 6821 11131 12380 18608 18879 19216
10995 19401 3474 12354 992 891 823 5151 12724 5612 8624 19188 2755 8830 14367 16772 8336 13819 11126 18575 1342 11465 16048 3583 5520 19777
13402 15441 2689 13920 2193 712 17806 10340 16551 16998 9809 18407 3889 12829 7062 5233 4983 3958 10473 17068 5007 2451 19091 6953 3506 15407
10998 9878 3052 15336 3231 12581 470 654 15461 4057 4267 6488 12533 805 17509 11098 3746 7999 17743 5669 13997 14096 16652 4250 19071 5915
14522 1081 13995 13099 14997 10769 6176 19012 7788 13934 3154 13666 9337 10161 8160 4232 19905 5779 17164 4621 17858 9945 11372 10388 8413 16421
14680 4448 10931 3077 5000 12110 5937 12039 233 8901 4236 7436 14850 11819 4483 6463 14875 18224 14041 9887 6062 12997 1262 14590 13404 18559
11363 10241 15237 17067 19623 16058 14504 1930 4493 7768 14728 3166 19322 6613 17687 19930 19610 9359 16978 12881 16792 4365 14653 5437 4955 2860
1234 18744 5996 11927 14974 2502 13024 7777 9607 10135 1165 19456 18437 17084 6371 13445 6840 9317 18424 12167 16722 19197 17811 6120 4027 13883
9829 1366 9786 14918 5357 5892 3751 4419 12755 1207 7744 19623 11454 8728 10401 10157 6864 10945 18350 257 8387 6793 8257 12050 8913 2452
12215 10972 17334 10265 19769 943 13970 13225 17535 8166 18588 6257 78 10135 1978 15168 10074 1421 3093 13380 10480 14394 14068 19778 7332 18119
10965 229 7379 8815 1534 12309 13037 16505 11080 1595 14338 10391 795 3610 990 11351 165 19851 8688 10200 3294 10373 5249 8329 19823 4620
11459 15058 2009 11683 15247 11728 17650 10137 7662 4278 14923 7119 13432 9683 8415 15263 15877 19834 2166 1528 12026 9951 12811 3953 7447 13922
5616 11539 4501 8947 612 10368 7983 19450 10829 14661 393 4343 14450 71 1450 6799 12683 829 3176 9479 11493 2220 6486 17576 7217 17285
7975 4499 19646 14556 13990 10262 12438 18446 4700 13842 16340 1399 4562 15535 18174 5706 10270 10070 16425 17399 10841 12539 2630 930 380 6546
16251 10574 6103 12542 10614 5341 11309 2626 10770 13136 17959 17972 10511 7039 5702 7147 955 16006 17737 14839 13354 14307 15720 13747 9510 19574
15496 8610 8302 19080 2507 12189 19387 13424 12738 4292 7540 4886 9810 16881 10446 14769 15629 4515 15362 6916 14646 8720 3041 3116 18009 891
16425 5251 13457 16483 16064 5019 5250 14174 10671 2261 2410 17277 299 6118 6878 4136 16073 2386 1554 6918 10002 19003 2332 18715 11449 15016
680 519 5088 6131 5416 14713 16502 17994 14945 13892 14428 11264 18898 16131 2310 12867 1769 16777 1050 14660 18069 13356 17489 18821 271 11453
16184 7760 18457 3378 11890 12564 10943 14336 14365 12527 16370 5002 12198 13223 13106 5264 3916 11484 13840 10824 15640 426 19120 8709 17217 3319
16242 17833 16632 17090 19810 1518 13284 10901 10221 11332 12219 17595 1484 14139 16695 3977 17731 4620 18344 8034 4871 15422 5972 17467 4367 10339
15633 14707 4421 423 11563 2189 16847 3462 7627 12019 19004 15828 11983 9248 5993 569 11252 5711 19364 15889 9566 41 8272 19676 17770 2931
10066 14243 6884 14524 16300 891 7658 10314 15944 19267 2764 13597 11548 14286 17271 4586 9108 12266 621 1751 16693 2942 1477 9912 2857 6800
2776 12221 2477 494 7487 19044 134 16820 5866 7942 12489 15907 10778 1025 15895 18936 14733 4909 5357 18072 3203 1232 15382 5490 3876 10753
12498 9340 11298 1118 4154 10105 16973 19715 3581 8494 13994 5829 2768 9238 17570 823 6161 17359 17851 11134 19647 6975 15364 10252 11006 16520
15730 8680 18832 13951 1632 7209 9894 18506 18870 4261 7604 2719 6583 4754 10833 1111 7820 8701 2242 1401 10777 8282 19534 16014 8371 14866
4790 17875 4541 2461 15707 6963 2803 2181 7426 8345 10027 15037 1822 16737 3438 4263 2030 10643 9526 929 19445 6091 5264 19019 2648 17326
15084 18337 3077 2109 14405 15620 12777 9247 14224 3070 7369 8303 1475 16992 10201 18437 17880 1755 14150 14501 13501 3933 3331 14090 11566 16046
14472 10877 10564 12659 5648 10100 19277 12660 3839 13710 6063 725 10465 8848 16988 997 10306 19863 18242 19761 17723 10128 2369 17864 7198 2963
9479 8415 17370 18695 19255 18275 11749 2425 6636 865 8156 19838 6377 19197 17228 7139 10213 14298 8228 9431 5904 19538 11979 14766 15943 6186
13858 18743 7673 2540 3396 11702 1977 13474 11016 9150 1833 5469 4525 13286 2644 182 12447 16181 1398 9635 7323 168 19312 1551 9003 16909
7519 3616 19610 10510 11754 8179 1834 17607 9423 18436 8588 3168 4239 13748 1976 8224 825 16476 12635 8180 14733 15723 15066 15037 17732 11480
6141 13459 17217 4695 13835 18380 18720 11042 12559 15004 1370 1236 13045 15763 6990 11382 14463 1413 8726 6727 2608 14480 947 158 7296 17559
19050 12070 10990 16723 119 12886 8515 18169 4830 9516 7938 13806 2463 3446 14214 17132 15685 585 13406 16590 354 9753 15862 944 7733 9353
10487 16379 3273 9963 17183 15885 9117 5431 12968 586 7648 1256 16059 8795 3315 12730 2050 18857 18257 4031 19158 14782 7305 19390 11122 17972
19347 403 19781 2712 7742 6833 1297 18397 1373 17601 17195 4611 11141 14876 11000 14446 555 1547 14615 7843 9987 10240 11031 16150 15490 16162
2959 15132 14410 13618 5512 11083 15745 2084 5599 7656 10189 15696 2666 18488 19209 1432 12562 18498 14543 17370 6301 9774 8595 3614 9431 13631
12089 9823 1916 2660 16028 7282 3059 4686 10635 18779 3624 4247 161 5289 1958 7913 14137 19111 13029 7884 1550 4343 9251 5241 11879 8818
15822 3395 3769 789 256 13643 14588 6179 13065 6572 1545 752 10694 4459 467 8261 439 17432 5134 3638 11816 8159 9064 9900 5919 5173
17282 8515 19734 14225 2520 17159 9134 4833 15958 18255 17076 18746 9505 10092 11226 710 287 13095 19107 19851 16132 1973 11985 15283 8719 19247
11884 19608 10927 9370 13457 5986 18318 18065 18098 1852 12453 2596 16480 4537 9681 1242 10057 13722 11322 14820 15634 15 4838 1633 13221 12198
50 4574 19510 19979 3364 8162 14575 2084 13984 18054 4004 10516 17125 10584 10846 19982 2006 12694 17575 19737 7449 5789 6829 6500 3430 11762
13449 13936 7659 2570 3668 4910 3857 19459 16437 10588 9307 16456 16860 2961 11877 6812 9657 1758 12042 18189 3442 16446 7980 11606 16780 2619
14693 10681 1785 14763 17478 6693 18604 8661 1556 12150 11452 6487 12303 14416 9935 11966 8801 5187 11028 18915 2495 11059 19953 3284 16632 3020
7072 1081 18883 9435 1224 15388 15538 13863 16012 16467 7480 16335 16042 16243 16176 7573 15743 13729 12062 17419 8963 14472 5472 14060 8316 14382
9184 17830 12969 7080 235 11071 8688 11208 7274 2166 10070 18364 15213 16377 2492 6433 15508 9104 7462 14754 12625 4797 3102 12405 13036 12175
12108 14655 1272 6588 19497 12850 8974 1539 15870 3866 2281 15176 15118 18076 1636 280 16161 10131 19852 5156 18826 11517 17239 14900 12516 4300
260 4678 9167 8103 9554 3103 5074 17973 11788 11260 16409 3692 7827 6320 6891 16937 17098 16897 19801 14207 14154 9699 18672 8994 7530 2378
11302 14639 4084 8015 16661 17352 11719 18960 16164 6817 15920 6878 17947 7755 2456 3388 8848 13551 19381 15836 15103 18378 3877 12995 6303 11919
6122 7032 2645 2547 10151 9203 16543 12452 3014 16913 1138 5312 18238 13838 12907 10323 4568 3817 11876 12563 2998 14040 19717 3848 16661 114
7927 3340 3797 3613 7463 10725 443 8045 15200 15993 4515 7341 13558 8939 19775 9452 1334 2360 19437 7839 11777 18586 8658 14847 16805 9532
10590 9215 10872 12663 13817 3351 1022 2543 14943 9457 2722 8156 16200 4444 2400 15644 6985 4546 1021 2344 16749 16257 10715 15629 9571 9667
12573 7008 1583 13916 17393 17449 15456 10997 4610 7732 2696 19364 16281 15545 15641 2997 16451 14009 15845 16419 8180 12495 14785 18044 12193 7516
