365
71 1 60 83 66 38 98 69 53 90 29 12 47 79 8 43 82 32 73 26 2 97 73 26 6 74
18251 4483 12604 994 5099 12629 8082 6113 3079 6421 18306 7167 14553 6052 12615 4118 2076 7029 17214 5913 6228 5756 4425 18009 16280 11834
171 1141 19115 12094 25 18609 31 17243 18168 3231 19991 16325 12619 11782 15610 12180 6350 16833 15225 18018 16358 1443 6943 5920 11258 15320
4676 315 6260 9915 4624 19096 8243 15109 318 4265 977 19814 9599 16650 5335 16673 2948 1616 18979 9471 19787 13020 7978 1867 16800 15825
17641 9866 7104 1857 13477 4353 5390 17821 18689 4702 17132 688 1351 1266 15932 8565 3500 16701 4409 1488 8401 4889 19057 18565 3774 13265
7615 6792 19360 3600 10296 4384 17627 4312 18352 3664 7603 13772 13066 3549 6342 7790 9430 3422 19789 2633 6281 3903 1480 14048 17578 9317
19836 4681 18462 17733 12346 13206 7983 2026 16766 14721 10779 12409 3980 11413 12385 18863 10077 3286 14834 4129 14096 11815 15055 10092 6263 17424
692 14172 2712 14252 937 9432 8552 7656 1434 13368 4445 6979 12936 10450 17449 3603 8358 1707 14762 18887 7265 11708 237 850 15240 5557
13951 7978 3090 5179 11577 14309 6140 15646 10967 4376 18391 18998 14908 19926 220 13359 7147 4571 15445 16279 3698 6961 15436 4081 12281 849
7700 12733 10512 15828 2104 13292 18790 10579 7336 9753 15457 18569 2860 1639 3384 16037 1534 17641 11819 3930 10415 17445 8902 11772 8968 6832
6123 10980 9296 4972 18075 7803 9534 6855 9976 12866 15666 12463 17461 15906 9868 18286 1023 5505 4763 10245 11916 4135 4321 2471 7899 9197
13432 6188 1091 3710 2450 8444 8056 10852 717 17009 17904 3202 11822 5772 13676 13624 7480 17710 3906 9112 689 19801 18033 5258 17183 8206
2398 5618 19050 11051 13651 634 7634 17562 5308 5012 588 1101 2992 1536 9753 4176 4497 5177 19735 19062 14074 7302 13860 12489 16149 19669
17222 38 8237 9541 14146 2521 1338 6956 5843 14946 4647 1677 10188 3617 608 6141 6619 3777 14114 17956 5996 16764 4769 7808 13996 15745
4962 16694 9012 8932 14580 16336 1104 6762 10666 14022 1491 4898 5328 4350 32 18151 16473 13577 5141 3280 19594 139 19899 4056 5078 8928
3712 10781 313 138 8805 16457 8332 17147 1527 11681 19948 8169 787 3844 6339 1301 12116 14100 19452 956 2469 2562 7826 9299 373 10244
13151 16424 6531 14663 17434 4758 8518 80 4394 1020 2058 9900 13490 9754 8032 14699 16068 11391 15600 9773 6579 8244 16544 7703 6090 7752
19487 15828 9392 17135 4704 14014 4212 14773 15620 19894 10921 8571 13667 9976 16981 14172 3186 19053 8067 11889 925 8272 5701 16153 19318 18609
15534 3515 11125 17664 597 16196 9268 17340 7519 16499 11020 16418 19179 1125 19564 4911 15766 17073 4478 572 2485 5848 13607 17423 2443 14250
10428 5397 8488 4509 9499 15766 6989 8518 14517 5320 9207 5822 8913 17943 597 2512 18273 7966 15505 15371 9203 3478 8816 2733 12936 11754
1314 8915 17577 7585 10744 12495 12291 2555 11846 12942 12876 1603 18875 10113 9099 9736 10275 9117 5554 2841 9848 17376 13167 14960 7631 4252
4423 16072 13360 5945 14909 15516 13239 13597 16682 15379 17163 11594 8345 10526 1265 10671 14619 13281 7814 6334 14835 10817 16161 11597 3695 13982
2478 19277 19577 6351 8859 16907 15273 4833 16986 12646 17936 19417 17767 14601 9693 18299 18160 6211 1304 4072 14388 10066 9652 3470 19876 17366
10979 10706 16222 9502 16307 6288 7332 15897 9885 7519 9425 9975 15562 15677 11929 57 17229 19335 5900 4647 19067 13152 4540 4673 17119 7695
4889 13268 18170 9224 4238 11739 9169 10596 11296 1629 5182 10435 11700 4943 11176 1819 7889 9268 15121 13611 16386 10809 6945 5824 2445 18343
9404 11348 18328 2685 16 5376 15993 14980 16213 3053 19684 332 18317 13643 6467 455 10173 19919 19536 10928 11211 3830 3679 10800 9195 11102
4887 613 10070 5727 11487 1225 7475 5850 1134 1285 3960 10501 15249 13919 10399 8264 6111 2920 14728 9831 7883 17043 17517 4785 1613 11519
12742 11009 2648 4570 6198 17228 7330 5200 14570 11725 1792 13851 3802 5062 2897 19908 9663 419 14464 12021 18746 6280 1256 14956 8882 8965
8427 18780 4748 6300 8117 3273 12755 19200 4560 2370 3992 19252 14455 5215 10734 15985 6234 17800 980 33 2616 18887 17905 1456 7427 9105
12142 17651 8096 11418 15140 3915 5416 6694 19166 3698 7030 16380 2549 13962 8018 4919 10498 8937 15017 15875 14443 15137 5554 14566 13804 1498
14449 13488 18180 3449 7664 15977 16145 8628 16612 894 11540 2815 4932 15732 12119 11383 3017 15952 12178 8676 2336 2665 13651 19899 18238 18358
8612 9007 17597 3089 14539 3306 12616 19422 2404 5036 3617 9734 16964 13890 10493 2115 4644 9091 3303 4255 19547 8394 13347 3525 855 17710
12807 16592 8458 7676 11324 5993 1863 19543 16637 16958 16927 8583 18818 9047 3101 18854 2716 8722 2615 17663 14821 15601 152 11835 10154 2119
8957 14548 19138 9495 16288 15798 18172 8258 218 3872 19942 15671 6029 3931 7951 3203 19183 4424 18692 2092 19586 15260 204 1816 17607 10396
19865 2766 4767 10164 10600 1228 12494 6693 18973 16757 6229 10869 9416 16352 10 5926 281 9203 8618 995 12091 318 3617 4625 11739 11247
5633 17472 14522 5694 12429 816 7907 10137 14450 3647 2146 1804 17260 1250 1547 4296 16360 13796 8255 965 3125 11783 19997 8693 8172 18398
5387 11900 19695 18807 127 5529 11062 4609 12388 5199 8227 3450 11208 6847 11380 7946 11856 9412 16253 8733 10776 11450 6920 6499 18062 845
11151 18781 15880 2170 10567 3184 7209 3967 19544 1834 19661 12808 17757 10622 17416 9297 15229 5948 16107 3126 15011 13028 15746 5555 9886 12662
2200 11214 7091 16026 9934 8951 10794 4445 2725 11265 15387 5014 16771 17319 3334 3730 2768 5157 19844 1013 2283 8685 4912 14315 12090 14850
17092 3039 945 8599 4526 7889 8889 9240 9632 17249 6945 4263 262 14323 13057 12649 7162 13752 2296 18400 13791 17862 1216 17873 8041 14892
7631 13326 19087 16855 6897 11252 7435 516 17590 597 5000 17492 186 17 11389 19412 12919 7204 7743 19774 6769 12093 438 5410 7183 7518
4692 6022 11955 15218 5158 11913 14422 350 5343 2164 10404 3037 13403 244 14154 4021 10726 8869 12156 6567 9735 7262 14150 7434 10799 9646
17867 17266 15202 13529 10053 955 4881 5573 14370 6842 8683 2041 2894 13 8106 14098 1695 2656 2642 11304 747 6982 18552 13936 16131 12685
12555 8882 18111 11191 6491 6422 1302 953 9127 7877 14395 6520 8500 9136 12043 8150 5145 6084 1745 2428 14526 11999 368 19030 17365 17128
6441 16476 2802 5564 8986 1305 4415 5219 13783 6351 17191 6495 1201 7518 13338 3862 10443 6677 19812 8203 17025 5383 13847 17460 349 6899
13980 9794 7261 1604 19949 12537 5317 17025 3446 19142 10819 19083 15568 521 19939 6501 4144 4412 17543 11128 10520 11068 7180 19797 12685 11141
13592 15487 2098 5738 15836 3343 17285 12684 2274 724 10378 8740 8105 3404 18471 4487 4859 11846 7504 17334 17054 4663 5457 13408 588 432
6755 9455 17292 345 1907 6647 7489 14414 12125 10470 7624 14988 6769 9934 8087 6213 12626 6836 7465 4302 19055 16043 7684 603 13083 15922
7686 8971 12049 6900 16254 3870 2716 18389 18008 13018 3373 3822 4245 7954 6736 7123 1098 10818 11912 16394 19541 7331 18026 17680 7128 4216
10284 632 7101 14989 12221 971 556 10476 13726 13173 19084 5494 13955 18637 11842 15917 4091 940 5566 13008 11295 17817 11949 8425 8407 7849
5162 5998 9205 16293 18337 15145 13021 13651 18745 17223 19130 16415 6800 19005 6645 18141 16302 16160 16132 16019 19910 16626 2686 15465 15435 12976
7786 1539 15949 17390 8109 17338 802 17906 5808 11176 14253 12471 2257 2395 1316 16830 18742 17444 2060 10389 2798 15900 11332 1391 4433 11595
14534 8563 15967 15412 1937 3063 15387 1991 373 7413 15670 4735 3304 3063 1090 1735 3192 9192 259 19791 3072 851 17114 11665 6833 6065
2630 971 9887 14046 6082 19606 6684 13079 14759 10574 2522 14803 9133 18573 19946 19321 7009 13289 15494 10268 19287 12921 702 5469 14746 16254
5620 6221 14798 16949 2442 11364 8808 15312 1010 16175 9905 19501 3831 329 17674 7894 3559 17156 12797 10205 11347 1956 7767 8391 5821 19300
12361 14060 5440 7087 1619 9906 19594 9342 13034 4431 16945 1649 19278 3160 10551 8177 17711 14804 10993 1351 16495 8070 8113 7210 17285 7586
11085 3937 15203 6667 13044 19024 6912 980 18182 17392 18372 14558 17129 1546 166 12972 2696 5479 219 18468 15020 16099 11920 124 15372 2130
3208 9268 7146 18688 16119 18709 12631 662 18805 4035 883 7350 19990 17078 10042 8657 2188 8597 15300 13627 2825 14926 18350 2903 19087 12651
12533 5505 2853 19865 16197 10929 9097 589 2566 19440 8214 10424 18146 19980 2751 6835 14210 4958 2047 10579 19972 9154 16209 18531 15195 1913
10912 2735 13439 7304 9910 17946 8434 11821 16010 15266 6058 6069 16372 15777 7776 8098 2976 19220 19967 3935 3598 5952 4945 1564 5500 14317
4719 18336 13471 19382 10508 15753 10202 4017 6296 13632 17688 17221 18378 9724 7428 16030 13432 1089 15797 6876 5542 11693 19775 16835 16037 13710
4253 6954 11424 14661 19212 19756 19904 2627 12257 1333 18148 1734 14334 8253 2829 17113 10441 11647 17081 1257 12716 5961 12800 13300 15687 19660
2613 5343 15014 14582 12203 6946 19876 14016 11391 15439 7490 8300 11170 7897 13683 10244 13720 358 13069 13001 17608 12127 13016 1648 19215 14383
698 5202 1136 13509 19754 2320 14538 13699 15971 1118 19204 18751 7804 3744 15628 435 5843 18743 16962 7027 17637 1088 615 5362 1698 1565
14964 12345 17008 9020 4542 7193 17832 7215 15930 2507 13167 13964 18494 11507 13767 2481 539 18427 5316 5796 17166 18477 10472 2267 13654 15197
7276 5216 3971 17853 3005 402 19899 13309 8646 1771 6132 18806 6230 16125 15230 489 2112 3382 11557 7400 3784 14553 5953 13030 6974 19363
1215 4816 6368 11988 15133 15054 11012 3031 12367 1458 3164 11754 6719 19256 1839 9399 5203 15443 12637 19458 16780 7689 11123 11213 9649 16902
11993 14593 12090 14252 975 3395 5263 14929 17819 8398 8440 9984 8120 10543 10486 12221 14506 4302 13557 13463 4460 13246 14884 16341 13173 16524
19062 3602 6630 13043 12109 9526 1559 12321 15595 8854 14155 5144 15876 3465 7214 7003 12953 19407 7226 6581 2434 19649 12484 9751 19744 11405
19411 18946 12142 8262 3430 12141 18459 7118 9699 16569 13979 19683 15052 15465 15234 6718 4480 13011 3032 6171 13324 5970 2693 11749 244 13731
4141 17918 2752 5475 9534 15517 17899 2920 18995 18518 17886 13807 1911 5229 19993 1230 783 16491 10704 18554 1529 3799 8247 1668 5212 2478
12579 12751 2436 17503 2210 5415 7379 15030 9878 4369 10397 15523 17512 8927 2042 5692 9453 424 5177 542 3136 5928 14109 3428 19989 13298
17288 9252 19521 13167 19909 17527 12829 14649 5181 6405 4342 3141 3962 3208 95 9821 18344 6048 18662 15476 18576 19546 15135 11591 16151 13355
1260 11918 4106 1584 15627 3472 13720 2214 9267 11027 3372 9616 7420 1142 12908 18092 4094 2631 2357 3657 7759 4274 15564 4955 19125 8329
5576 1169 7255 7081 7334 5175 767 6866 18537 9214 10741 3009 2552 10789 2311 7475 17157 10405 17099 14087 2959 3598 1560 10742 14987 2830
16512 17378 5726 13170 3974 2256 7997 12851 19740 4018 10366 19467 8707 12996 14938 1437 11397 14490 16780 17067 11434 8466 4194 19135 2198 5723
11642 13659 7927 14676 18539 9460 18521 19709 17643 12493 1238 11594 6663 7544 4990 4904 8653 8576 11767 5340 3129 10493 7848 18174 3174 16748
13160 11151 5539 7485 8542 608 17833 4980 17836 11481 15104 4730 3654 872 888 3161 12884 18795 6827 2765 15541 5054 9000 5217 14770 7849
8777 15056 18557 14410 336 11973 18438 12684 3785 11124 19396 7034 6847 345 4172 3403 18379 3332 9286 6505 9552 12955 15062 12052 16358 1551
7010 19769 3989 6246 11948 1626 2084 2886 3236 3091 9065 6315 19404 11569 11069 313 3819 2428 15005 9903 11696 7522 931 495 18634 4117
6373 13395 8800 18544 11688 13511 15325 19031 2185 6457 7117 9059 18268 8990 8220 3153 9593 15980 6549 10652 11938 13402 8231 15581 6173 12625
19117 13572 2680 6659 9944 577 13133 1424 3553 3530 2475 2150 3214 19356 5948 13829 2917 7699 12441 11491 10921 9666 19153 1267 17511 1847
19791 9709 15070 7479 18868 4651 3620 663 14157 4656 11050 6401 13151 1397 12611 13757 1460 17640 15596 18794 2691 10742 11641 6179 13855 3636
13075 18011 16745 15650 5881 17115 6825 9957 17393 11014 3098 712 10541 17859 15421 4958 10220 10312 19821 14759 11595 1919 13313 3909 9076 13897
12444 11668 13898 6752 5533 16161 4364 7040 14214 4326 13364 10636 5997 2862 8655 8549 19429 3629 13246 19093 2849 3441 18515 4321 6294 17027
2522 9098 6378 11568 16667 8507 17308 10103 11813 5583 10647 17931 18981 2063 17346 17611 5889 5598 14367 12790 14496 12362 8570 8064 11497 4032
13379 12779 13722 8655 8298 17072 14974 19533 4075 9717 1122 3883 7279 15934 14483 2648 11355 10605 11734 2491 6912 19473 18505 18279 1520 5455
17434 9361 6956 13647 19210 13767 1404 156 10956 7529 17941 16224 3058 8044 9625 19211 3183 9562 10273 1039 16539 7870 2652 7835 5146 19659
15260 2911 207 9586 17051 2457 5300 9369 4927 14643 14547 19930 2253 12420 7356 19424 7887 7551 14369 14448 8255 17394 11725 4626 16264 1266
6955 1014 2388 4644 12124 9820 18436 13394 6721 5236 6207 8174 11523 15151 11647 15029 6276 18524 12180 9313 10318 10102 6384 13410 16187 14295
5013 5065 4915 15944 6628 6491 2501 15384 19267 9412 17561 14173 11779 7958 1497 14292 10453 19650 10291 3597 18307 5635 9982 2236 12741 12459
4456 17060 4504 14732 7508 14031 3201 10364 17941 1855 6880 1518 18546 16889 7912 18500 9446 5647 18643 411 10258 13563 3887 5987 3073 13638
597 19247 4221 5663 2691 9726 14432 16964 13332 12962 2018 844 12554 19063 10312 8957 18025 8895 3416 14276 7907 19903 5220 7903 12093 18916
8957 7965 5663 8458 636 4581 1873 5047 7773 18263 5711 16137 6582 18859 14225 16027 6906 4536 5139 9354 16514 2596 14593 1568 12410 14271
17290 19907 7926 8429 17049 19712 4555 1146 18490 11465 943 13378 16644 12554 18147 13400 9470 18252 2000 15724 13785 2725 147 6281 10561 1279
10117 3813 11303 520 1077 17815 12681 7720 17190 13491 13143 3744 11035 17201 454 12090 14763 19953 12732 6688 7641 4776 3460 15715 4076 5934
2689 4491 446 15207 2760 18566 12111 14562 5295 16500 18214 7258 1563 9624 5000 14048 3524 2446 1239 14937 358 18660 14792 11224 11269 17964
10492 17194 11892 17005 1446 15206 2723 2118 16889 16692 12898 16830 7960 18764 4977 14496 14009 10772 5135 13916 14130 1785 13022 16575 16810 19005
19070 19939 36 10880 8513 6769 7566 19503 10839 9962 5153 4646 10002 11697 18260 10419 16932 17274 12885 18307 5969 1776 16061 19516 9230 4971
17527 13910 4597 13975 1971 2823 7170 17008 5997 14142 5214 8704 10574 2693 18006 18043 5903 19305 18837 3326 12103 6899 16961 4022 11560 14326
7718 18836 3957 19667 17943 18131 12163 17811 4562 1342 12284 7177 10746 13849 12815 3963 3222 3910 8515 11870 16794 3422 18589 10050 14177 794
332 3220 9218 2913 8183 8030 7464 6610 3438 16878 13243 2411 8951 3113 10896 14624 6713 8726 1147 16060 12306 9529 579 1400 13548 15463
5265 9116 15134 14747 4729 11473 12961 17506 10565 6271 2899 11677 17751 9451 16671 15770 11650 16528 643 18809 17455 7982 17125 5661 4926 15408
752 6058 2835 6511 17101 6151 11768 15820 9429 19147 3210 14708 6982 7060 8781 19335 7083 17169 17652 4303 2118 9102 8195 8383 18041 7902
16604 17463 4794 7190 19107 3592 17477 18751 2071 11605 19399 5313 12578 4576 9317 12698 9395 12425 10192 9384 19207 17762 4839 8128 18725 14695
6325 16400 3898 11173 5228 9268 4193 7776 5651 7052 10149 18302 8337 17457 13514 8241 6863 6394 10206 12409 14435 6668 8527 11191 17000 10148
9267 536 15689 19491 16320 11943 12311 4375 15921 10012 9444 13847 8351 19970 1173 15668 11201 10182 15607 577 10704 13581 4551 5463 14392 11067
17709 6631 17834 3885 12178 11051 17765 14629 3702 13833 14896 16493 18348 17453 1784 1848 6175 11686 8015 16567 7317 10351 18579 7875 1200 15221
18240 9037 1511 766 4399 19239 16616 5768 4466 1198 3149 1393 15178 19968 11993 2799 12357 11359 18354 285 15620 3366 19280 11305 11704 6520
276 7317 4910 9680 502 2596 7642 12393 10628 2831 14572 9665 12805 774 4784 1168 15075 4221 9585 20 18526 11261 11574 19988 28 17859
4470 6031 17724 4255 7997 13376 12329 18040 7229 5585 4456 17189 13655 18648 5 4017 17780 2040 2496 17198 13822 8354 11637 11861 14292 18431
2075 14119 8961 7889 6771 857 18149 16360 8632 17352 386 6029 6406 17508 6427 4000 19001 1653 13110 16977 16905 14523 14459 12498 13888 8013
19722 14806 18347 11304 1081 7815 18042 10329 9661 5215 6735 5485 1835 1997 15704 10422 11324 6166 8277 12462 8377 1965 9 19918 7054 14124
11107 15956 3993 1345 6402 6244 16765 11324 9030 14483 6535 14070 19619 3410 5549 6821 16028 13811 12731 645 12391 7420 14881 19295 10906 651
8492 1856 10630 11001 13455 944 19773 281 18187 4068 7975 2266 14925 4160 11449 2043 19952 13874 4398 10523 4218 7176 17526 14607 11386 10840
1339 14708 18461 7776 9940 3723 12618 7982 6136 11317 8981 17796 5815 2823 8046 4454 14505 3732 129 12646 3306 8486 9682 9686 7308 7168
16654 17895 7563 16705 14762 2410 9910 14991 11988 18542 14500 2670 11440 6042 13881 7767 8591 8618 15651 9182 3986 2442 3905 11364 15932 18837
6948 7638 11407 7383 4712 2133 13996 19340 5279 784 6104 15930 5068 14054 15084 10713 10908 952 5256 5877 17090 3574 6512 13670 15678 18609
9286 7729 4011 7916 4951 12519 14212 4101 10205 8015 14383 19480 6876 2084 19111 14930 11303 11332 2653 13417 11103 14538 14789 2348 4379 16888
9940 5566 8139 8474 13377 13597 3659 7276 12434 18952 3382 2274 6247 6654 14013 14067 15610 2142 5468 6866 13977 10027 18033 12549 17722 8729
7240 4113 14391 16296 11963 17799 16977 18708 11021 11272 12530 2861 9412 2696 19186 17831 3888 16675 10682 14525 13564 13011 7471 16463 4667 19548
18003 9786 9440 1971 6580 14907 6763 13922 7776 8882 13154 2644 5590 11996 1254 15119 1498 10858 11636 19879 9190 1191 5760 4504 13330 8310
7138 3800 17375 1222 14507 18789 1854 1052 14208 19018 15979 19782 14589 13622 10877 6159 358 8578 13830 10737 11549 782 17723 19020 19364 18378
5667 12579 15941 7779 11246 2424 10342 11375 2915 6436 18940 15741 16948 7527 14885 10279 8172 1150 13466 13932 9599 10214 7121 2962 18613 4087
18979 17586 3142 9886 17566 14855 14033 12542 17526 19669 6250 4597 16353 12537 13896 2806 8237 14165 1199 10531 1460 1002 1409 17001 202 16523
7776 7892 14603 12031 5089 15687 16894 2868 3858 2474 1141 16331 12772 1800 10671 10865 19613 18516 13980 13352 9595 15460 3179 521 11066 12669
17518 7629 9490 15177 16355 6778 7792 9348 6149 7070 17783 188 1754 16502 9440 6324 7061 36 18946 2538 8122 4639 584 4644 9598 7292
15537 15168 16304 3126 4141 7611 1319 18351 1218 1998 11210 12379 14390 12396 3542 2549 3876 19002 12088 15611 2259 4044 4551 15849 18092 7030
17067 17782 12990 3909 13040 15275 19278 9884 7838 16262 1754 12510 13862 14356 7068 18668 12258 182 13557 2128 3271 16823 10596 869 7412 11581
2128 17217 4496 14542 12294 17637 16097 6128 16573 19993 212 10596 12095 18544 18268 10704 9937 17488 14931 12738 2468 18895 14212 10171 1132 2361
10711 13710 19889 19087 1796 8278 9695 8591 9165 830 13386 6428 8754 12855 739 14543 10495 18004 2288 535 1455 18362 5892 15980 11618 571
17448 6111 2048 4899 1481 11493 4599 8840 8753 9194 4196 82 16569 7134 1754 14547 2500 4778 4248 3566 17916 2254 6931 10841 16207 5422
2101 1650 4549 10900 15123 19008 17875 1346 2632 8296 8069 13564 1112 8226 11329 4706 10657 11828 10993 14761 13009 14877 7292 19202 13852 190
17640 4052 6534 11257 16001 12552 11127 5000 8812 16377 11474 12120 1 18213 17310 1934 19716 5715 15719 9934 8080 10348 12552 8367 19403 13865
1578 15242 2771 18652 13267 7651 3729 9295 3705 16805 10732 14469 5219 6420 18992 15601 725 19548 13762 13841 19621 17579 12680 11860 2335 17463
14558 5296 742 18212 10052 9436 5143 13905 14794 2250 1485 17454 8454 900 4319 14070 17144 13180 6004 6043 18152 8349 19007 10891 3208 18467
4535 8141 17597 6379 16870 12521 338 9434 17106 15961 4251 15817 4301 1640 19982 1521 5258 18397 14609 638 19304 8786 15788 1685 11039 11143
7091 13740 15529 1157 349 2061 6211 13493 6617 213 16394 7685 3557 19048 7865 18685 9804 19575 1953 10551 14254 19848 4910 6932 4792 15095
2680 2881 917 3065 14749 12208 18589 10081 6243 14011 4692 17856 13481 12176 7772 7922 14305 14819 18560 13506 8530 16689 6340 10296 15723 16950
17496 16907 1375 12548 178 14587 19079 8873 10741 16538 2555 16601 16873 1680 19317 5414 10338 13221 19202 19929 11025 13978 6278 18057 11327 12012
11214 3449 19188 16868 14856 8019 8748 10851 118 9056 18966 14083 11007 6839 10378 3895 7331 9218 2753 2415 7443 15486 15806 8190 18716 19284
980 2594 13997 501 9902 4818 1794 4627 13658 9314 12935 7558 17039 15642 14650 16007 2656 2754 19286 16693 15594 6117 8608 4212 15294 4859
1504 17070 1488 11955 3621 3811 7179 12861 16793 11021 7018 8991 18357 18606 11252 4548 14422 14394 9060 6529 11974 6693 18119 11201 8900 5873
2403 13991 14070 10560 11948 19947 14157 7626 934 9356 13218 9914 13401 9631 17242 16847 15678 16534 10883 10321 9750 9285 5693 5341 19671 5339
4920 7736 9914 17055 5561 283 9564 6548 8163 4703 4471 17185 8192 9161 11106 9706 17935 6535 11410 14312 17351 8265 13636 17731 5888 19316
3227 19428 7504 3053 11072 11921 9551 12640 11707 8734 2626 17128 19814 3521 697 17560 19516 4938 12975 10250 2936 6782 13575 17897 13941 9316
14280 19249 17800 9817 14581 12721 7464 4724 4197 444 11463 1765 11967 13030 10273 11734 9356 5276 15231 14021 12254 11776 2742 14088 6238 3793
8573 3347 202 3433 16314 19840 17308 4631 10404 12433 4410 5554 2796 6652 13302 19474 8972 5766 13406 808 524 15082 14188 12318 4329 15390
18757 2529 10760 12901 6167 12068 3162 4619 6016 11807 7391 11846 3950 9847 3882 9150 16410 13817 5398 4054 14018 10701 4644 4938 15051 12956
10887 14458 10162 14362 11077 9823 18981 14570 5584 3645 17604 13524 11687 15989 10461 15154 15568 19880 7072 14281 19307 7209 19937 4909 508 17041
7205 1887 10294 1560 2866 14747 17661 5727 8465 12974 4388 8549 6179 7375 8192 9945 3291 15162 215 14691 11846 16793 14596 13389 14288 2683
4441 14231 2401 859 2646 14941 7740 18507 10111 94 2353 5024 10331 10385 10897 6209 16789 14921 12537 15106 18507 5200 13886 1019 636 7971
8080 11903 12069 14300 1608 15038 8512 2703 18753 18595 5300 8603 19602 2681 13942 5947 11026 5830 10602 16374 14353 9750 1227 10478 15310 18185
15554 11771 2157 16281 8621 2927 5603 3833 7009 271 18092 1857 12731 10249 16424 11309 4460 10523 6735 13843 19399 5819 18807 11125 6983 19814
1098 2395 15181 6810 4198 11047 7967 16057 14575 10439 7147 12114 2146 16637 9543 7279 10542 12963 8453 4698 1948 2149 7676 5318 1464 10891
19227 1494 10660 4398 12924 11604 14616 15860 12433 13599 3787 8025 9768 6223 2159 7354 16941 2643 5291 9665 6315 18676 12752 14642 19983 8124
7166 16692 1998 9159 6555 11534 6047 16203 16687 1230 4709 12257 9207 8861 14055 13222 5646 19404 8323 9653 1943 18611 15366 13067 341 19613
10678 13606 2225 10276 2702 18974 1359 17170 19701 5921 17982 9901 8959 16552 8719 13891 9286 2663 6111 1745 15062 7939 3358 6990 12170 10106
2258 17607 19385 2829 4744 13129 10422 8930 7965 1806 11230 12902 793 11690 14977 9264 16150 3225 1797 18317 5979 11953 11431 17906 8111 13791
3585 1580 13765 448 7044 3649 1927 8453 5399 1224 2531 19571 1992 13068 7236 5016 4097 17393 9891 16772 18543 12454 17373 11680 9464 12252
3964 2222 506 16159 246 11535 14494 5004 13377 13427 9020 14123 10131 13790 11409 12180 11439 3437 18105 7937 8115 4066 3776 1739 16827 4008
4719 8439 17292 3152 17365 3982 2013 3509 7123 13574 5630 12907 6839 19933 18031 10344 1312 10965 101 18137 13363 626 12098 706 11452 13809
11235 9532 5321 16188 11551 1615 4680 17389 18039 4903 2477 6274 542 11996 11348 7597 17437 8766 6912 251 395 6723 9014 5714 4537 11087
5139 13354 18907 4884 15961 8734 12763 18875 11719 13265 19394 4753 18113 1025 4977 16906 17723 12081 8311 1832 13982 12021 19006 2467 13617 3056
6476 16771 15504 5662 12215 8961 11705 15280 13790 5485 11458 17843 17110 14765 3366 8232 15127 6215 4731 2552 972 9694 8804 2811 14751 12119
12276 15369 18025 3245 11892 11581 4494 16458 2373 17671 17148 6531 7926 10911 1956 8375 10979 17583 14489 8506 6468 12596 7774 5529 4527 2871
5596 15460 6436 11916 18733 9529 5578 1539 10078 12663 6038 16801 2346 5427 450 1709 3485 9463 3007 11439 4432 16929 1060 6302 11765 19020
6 3299 1444 3642 18333 15162 17244 2503 12850 18200 12444 810 12445 4936 16914 1877 3280 12866 4482 14300 7229 16881 4516 19684 8100 9387
10720 14842 12048 17558 5117 1062 5261 16255 935 19342 17831 16553 9583 2085 7733 7625 13636 5332 10693 16895 4819 2155 5878 11525 11851 10214
1852 11261 10046 3413 4909 11279 1028 18351 6955 5877 14910 8044 6539 14800 1929 5874 9528 10369 15927 5304 13975 18547 5467 8172 9845 18528
1437 6392 4928 2751 7807 7578 9358 12860 5148 6058 3170 15848 19054 3993 710 2478 13848 16018 14097 6060 1689 14649 341 16276 2534 13246
3375 6565 5063 14108 8338 10890 9112 7744 15155 10987 16207 78 19523 15463 6217 1996 8049 17441 19283 14901 12180 6903 10529 7524 10956 3787
7289 6589 12137 6596 1282 18795 2405 4908 5286 15591 686 2161 16518 9172 10870 12532 1110 3590 9378 13182 19065 7776 2698 1319 17676 10104
10770 13433 14070 5152 12191 6092 2084 5193 11740 5956 10408 9426 13270 15234 18420 16829 4712 8543 15077 10773 8751 12272 11500 396 5697 895
16081 18117 16342 2203 9598 559 11395 14779 8197 8577 18628 2218 12347 1908 11295 13473 11755 3548 7732 12017 12321 1231 6134 2086 758 10362
5926 11575 16366 3362 3982 31 2112 9356 10172 1158 10 16370 18230 11263 12900 10051 8217 12968 13629 14464 8068 7012 7342 2302 5932 6
14416 565 16057 17637 8509 13155 622 15214 9338 19975 4314 17876 6015 19866 17449 2419 13441 4709 5298 9359 20 15017 16834 7896 5816 2035
2784 12228 11510 17983 5729 999 17543 18049 1838 15639 17690 8872 4515 16894 5830 12292 4621 7533 14692 12831 9439 7982 14104 11926 9273 5389
13825 19249 19947 9659 4084 3292 5626 8020 9689 3772 6789 2592 13160 3958 2013 6513 236 8962 1473 19612 10645 8723 11359 10136 13470 469
7346 12046 16827 6276 6997 11085 5897 17846 296 11070 5569 14875 12660 17247 10635 12770 14705 15553 2652 2536 13514 16089 15900 16191 3426 9068
12915 11366 7131 10447 13844 7311 13004 16972 15495 18994 16602 4331 18195 11634 6471 4576 12055 16115 10786 16386 13384 5659 10408 3266 5936 2382
9684 13713 17102 16580 1460 17402 8378 3065 10572 1086 9239 1921 7530 19379 11846 14331 3253 11017 3491 4223 2598 6698 1694 3606 8721 1884
19810 5948 11341 15440 8198 438 19691 1621 3441 12451 4413 7670 13023 15456 17152 6793 5140 3866 5705 15120 17720 6592 10421 18768 5764 11765
19344 11716 9067 11327 2851 14056 13990 14888 17957 5740 7187 18108 711 12559 12278 15454 17520 4883 3146 8158 11477 13964 19478 11784 1738 9451
3147 3806 18492 7342 6276 15515 6851 4418 19969 4789 16246 6849 11027 13879 8715 12103 8392 5259 8311 10882 11658 3980 19068 15878 13963 12745
14607 4724 5858 14760 14077 18655 5525 491 10397 5895 5858 19471 10629 3554 18582 6375 16266 13304 5376 3614 16933 1745 9039 10390 8527 7685
4816 3973 7550 14146 422 7825 10903 2875 18935 380 9247 2713 13098 10707 18197 3925 18173 14025 5599 249 2955 89 7793 3813 1384 9018
4788 10860 15500 3734 2743 134 12205 19637 6427 19358 13460 16148 4300 8421 19196 15546 7410 2085 17882 7203 18381 17378 7969 9296 10228 9450
3795 15948 5212 14850 4931 2726 1623 6519 2935 5204 12323 5266 17016 10440 1532 11789 1133 9517 15916 1704 5542 11975 11387 17609 6073 147
2431 12228 4213 1026 11038 9661 11796 12334 2107 12326 8174 6351 3821 14473 7052 4046 2731 17053 8652 1587 5014 12498 5134 13237 518 4113
18234 5502 9702 16422 10613 5077 5524 4087 18924 12400 12301 14650 12953 4267 12299 4586 5753 15896 15463 6373 3137 14772 10579 16762 1339 911
5629 6541 8979 11053 875 13655 17840 10206 12254 14811 10428 13088 3510 16636 15103 1289 18188 6043 17436 17242 16273 15008 4 9660 17724 15934
7944 10311 11352 15350 5813 7785 1301 13156 13852 6226 2339 2400 14981 931 11098 6347 17789 3635 7048 4048 19078 7237 15620 12693 16978 6574
2119 10947 5854 5069 16053 11968 14427 13699 5681 1659 14310 8732 2996 13234 17015 12973 5283 309 12528 15281 6980 14785 7003 602 13790 12068
18130 17811 16032 6000 9390 7056 7679 3858 5862 14695 1437 5467 5323 5618 6507 11476 233 2241 4949 6549 2745 13572 7627 9373 368 11895
8274 14329 4225 4394 19929 17729 1382 16773 16980 15829 4395 2418 12836 13325 1081 5180 15578 14213 19755 6066 6772 4787 9897 10888 4464 16199
8536 15400 13352 17107 9663 15961 10226 6996 10506 2410 8602 19659 4398 194 6649 11990 12051 17867 4528 16997 12967 2458 8874 15339 8472 7124
18103 17652 14535 13627 1098 1951 5445 16148 8215 13491 5876 10492 2942 3115 1578 10010 15092 1562 15923 19396 15971 1286 17219 14665 11591 9429
9003 11651 8161 14516 6625 3476 6837 18584 19871 11461 11135 6208 15189 6774 18961 3001 15244 19581 898 14349 12701 12665 10391 12747 12589 12326
12526 15040 1387 15669 13619 10997 15885 13731 996 8968 5161 3681 12803 1227 15312 4073 17902 1587 12038 16563 1249 1845 18472 12623 6202 15013
1892 6795 14044 2979 4407 11146 6211 16991 3993 18710 18557 4012 12944 11687 13331 7020 18270 3031 2002 2829 14925 4386 18689 8826 2566 4959
13487 4869 16178 8359 8683 14543 17456 19486 623 18735 6059 9564 6941 2742 18151 6634 11458 8602 12682 5126 14925 4894 4837 1747 8500 17254
5075 3730 16914 1191 8444 8618 19517 10675 16083 19202 11009 8102 5365 1065 18313 6512 3815 3748 16707 13811 10746 14322 18891 9944 12887 12443
11503 19342 10937 5752 15778 3095 15734 13213 16951 15480 19542 5180 2830 2169 18603 3139 16639 15648 7699 910 331 12865 5007 17181 16767 18608
7216 9960 15143 11545 13207 1109 12142 15898 19362 15192 2851 11415 804 5493 8082 9262 9745 17771 5890 18479 6724 7718 16884 11554 17106 6726
5298 9587 6046 10340 1937 18658 9972 7828 6683 1782 7286 8059 16007 14643 12003 19964 17520 4118 3147 8044 17179 5867 17561 12194 11292 1885
18091 5872 14847 16284 347 15798 1654 12882 16815 16937 8999 14917 9505 2163 4853 492 7695 13425 18755 2872 19833 12688 5849 5976 8523 17168
13346 9207 16665 4464 17366 14754 12426 8541 8865 8873 1703 2648 16580 7768 11460 14002 11618 18791 1576 12997 6796 18565 14732 12291 1755 446
3420 17231 16792 3743 14901 6721 4370 1202 1502 10632 4674 18901 5575 17308 10014 10463 18527 10125 575 8269 5458 18446 14786 18178 6536 16863
17005 5342 12248 6592 2596 8845 17587 3125 6889 17166 2007 6822 18730 9409 11254 180 18410 11736 12848 4869 2691 13450 14457 9540 18295 11008
12014 4299 14064 6717 1803 10292 10855 16782 8931 1708 4460 9603 11870 19929 19357 410 19745 17821 12167 12963 12943 17964 6067 7021 8335 19494
10325 1384 8619 2573 16225 19061 6582 8787 1064 7923 9726 9202 9343 9675 16502 15506 1047 12854 9172 8251 15739 17509 16032 13178 4194 9156
12224 2090 14254 4355 6003 332 3419 9742 7290 9927 11238 2128 6761 3097 12039 8276 2569 12805 5982 16951 7610 19073 8804 17703 173 19504
1611 18739 16903 16848 13977 16459 7488 13106 7489 16437 18769 12675 8072 14474 8615 6423 18950 12747 9742 2259 16495 17480 5794 15010 7 1200
9041 18469 19464 13253 3041 19031 5874 11344 12945 19947 17746 1133 14581 5444 7030 12551 1612 18787 10641 770 10132 18070 10311 10809 14414 6933
1446 8777 17045 16738 2918 1369 5074 13386 6145 3727 10067 10008 3230 13592 14236 1553 1462 17200 18455 15408 7134 19202 12360 10670 5549 1420
2616 9680 6451 16654 17304 5291 4850 12348 15969 8258 7350 9089 8064 5419 5499 13928 3693 10535 3019 15734 19433 16296 12890 4733 1200 15556
5174 9332 18355 12325 11350 2197 18290 9455 11542 8801 14938 8893 6962 9803 8639 8612 14498 18560 12025 15985 15918 10177 722 13196 18546 11245
16828 8494 7320 2599 7519 5960 3087 5653 7371 13355 8366 7089 13184 19055 11306 13675 11232 17755 12337 19506 4809 12845 7789 10647 3078 7002
13036 17995 19182 180 19093 7608 6665 877 11115 978 19961 8480 14056 12922 17192 7602 17402 18515 4450 1848 3790 14138 9163 109 9147 876
3076 11344 14953 17799 10856 6438 14811 6065 11994 11312 5287 6308 16466 17732 16513 18463 7020 12241 1018 10554 9186 11502 5304 11961 7308 17115
2754 15791 2985 13834 10411 1123 9348 18050 9343 493 1673 18647 7922 14706 4108 5669 17131 8909 15166 8438 7548 6085 11793 2958 1512 16190
2196 14239 15148 4492 4814 5020 15929 18167 17338 11537 7705 10078 7864 11524 18042 4040 18401 4762 1017 3846 18148 11772 19344 16695 18452 3957
9440 13391 7097 16675 12052 8882 1776 9478 15025 16719 1988 2298 19932 3093 19256 1824 13631 3063 6141 7156 16520 12778 16002 16625 19745 17257
5260 18171 7113 613 93 14325 18336 1487 1870 18607 11850 1873 19379 9660 17178 13689 16683 19512 3250 17998 19710 11969 671 3252 5249 15072
6275 7830 3312 11265 3843 14193 13364 18767 14504 8953 14087 16493 3508 18920 800 342 4929 609 13437 6318 16465 6977 11500 971 18218 8723
12390 682 14447 4510 98 12621 14573 13834 16586 2860 16687 5128 8861 7203 2424 17780 10843 6317 12481 10407 7335 10405 9336 7120 7358 1678
4812 1075 1455 1676 7297 15359 1935 14859 5614 13483 19685 8082 465 5494 14785 1635 14888 6736 609 5988 13346 7179 19962 2914 11800 14009
5356 12142 6688 2857 8919 10451 1694 2564 931 18925 8101 7328 17061 4353 16031 16779 16617 17314 10808 12830 11107 2815 7214 16050 6539 19490
13502 17803 6003 2468 7631 2569 14125 5270 6986 1829 5807 15317 12912 15598 2359 12104 11199 2935 7594 1373 9183 19008 4910 5705 11441 362
15238 4218 17818 2605 5221 6389 13316 11951 7446 11298 15437 9042 4992 19265 10228 3234 12098 4765 13668 12554 5092 4059 11496 13345 18862 6109
11556 3386 7497 108 9101 6458 14837 5086 8397 403 13609 22 15661 13986 2985 16308 7051 4952 15276 19412 599 13799 18444 7571 10432 18688
11196 12333 18574 10393 8909 17834 8131 11268 9191 3144 4710 2930 13782 5723 1962 6368 11641 17596 12410 10331 15061 5744 4034 10692 4390 1547
1594 274 9680 16426 4022 11158 16937 2273 12388 9754 4669 10223 12710 3466 8488 11223 9813 15538 10 11438 12470 13957 714 5793 12318 5342
5139 10190 12707 2854 7679 14897 5796 9805 10258 19315 11616 1920 5709 12300 9466 4767 18071 15867 10180 14337 18134 9112 7277 6646 11045 14416
3614 11048 19837 7287 5510 14734 8277 3245 19028 11289 1505 18495 10431 18428 2759 6166 704 5424 15640 203 3296 11993 7938 14926 10159 12398
3547 1508 19929 8285 17905 17198 5354 11525 10903 4087 9696 1459 411 75 7681 6031 7726 10782 2437 17272 19077 8905 477 14624 16281 12663
14503 19119 1600 13208 11977 1456 10280 9575 18655 5346 1269 8617 12420 1153 18585 15500 10894 16043 19174 1556 10674 946 3244 2921 13163 13914
10224 19184 17617 12123 4070 9795 13890 3218 287 8347 5850 5003 3124 2564 4811 5790 3134 11071 16641 13189 5923 17718 9694 17852 5608 19923
5282 18204 13341 9700 4121 3351 18991 10403 5027 12488 17455 18057 10720 14728 12199 1022 19864 234 16039 2540 7952 6417 8383 7827 3589 15761
1390 12965 14231 7994 12506 17450 5196 4501 2851 18885 17265 5355 12640 3489 16391 1470 18754 6991 15089 16552 9865 10942 9210 13823 2893 14750
12865 10676 13891 17093 13520 1901 3575 5292 14797 14525 14150 6109 19092 5133 18843 3944 981 1986 15387 19208 13260 17838 12176 18974 18144 11032
18348 16931 12916 16922 11629 18203 10206 7776 5608 2518 5694 1260 18442 9344 19718 10846 8863 19366 2728 9136 2905 6237 3696 1935 19486 9691
1491 5859 13181 4675 12386 17786 5382 16830 19854 14663 386 6472 11767 12482 239 17870 7792 15048 9990 19758 10150 6182 10067 6144 8068 18589
9667 11113 14929 18862 8714 8444 15152 9952 3340 10540 11233 19056 7913 4553 1687 15636 18611 5676 14454 9235 9267 304 19039 11341 17027 3012
6675 15726 16193 105 3320 4196 6286 13920 9925 17185 4496 12858 1802 5285 11034 9130 13754 248 15496 5284 8114 8095 12185 13487 2997 12493
12149 1030 15418 15779 7817 19718 15538 13721 4362 7313 5532 17537 4424 12208 12256 5081 11729 13390 14924 13024 2207 4189 1279 14917 10229 18137
12277 18336 2120 14705 4981 19748 9176 1376 15621 17387 12589 15695 6521 16552 17993 2917 9311 8609 8671 4948 12704 15103 7412 1154 13882 8260
1937 19289 1495 12784 2025 12670 15545 1997 5264 19111 12344 9857 19008 289 368 17563 12448 14603 16100 2559 5277 12548 7978 7224 152 19564
7287 445 19405 12801 5675 669 12261 1426 15444 1289 4258 838 9163 5670 10729 11100 12978 7832 13525 12281 3819 6928 14931 16445 16158 19188
1353 6057 6513 14124 16618 6361 6915 9227 19680 2896 13992 3763 13004 19808 1834 1745 1958 14966 5705 12631 6030 1994 14284 6292 12623 6189
6833 156 12191 3507 915 9773 3995 13125 17519 3744 12236 7647 9246 7333 6254 2189 1565 4701 2739 12911 1485 2757 11244 8169 9195 15859
4114 6342 13365 19240 6542 6912 16522 738 8048 19616 5498 6939 12441 7278 15093 10056 689 2772 965 8449 9164 11042 6123 16020 16365 12641
5917 8545 19940 15348 3696 13149 15540 16185 15602 8759 1644 6219 11982 8198 14433 3959 1610 14068 9540 19552 14058 6671 9467 18048 3101 5570
18175 1105 13324 7785 4540 4937 5614 1182 16250 18870 3721 13378 13746 18119 19233 16953 826 17448 8860 649 18122 4131 1309 20000 6197 8245
11747 5368 702 188 16637 7680 17941 9498 15223 4963 3940 18870 3140 19799 16039 14130 2189 15028 2307 7502 3585 7662 16965 13015 17138 3122
12432 15194 14506 8315 14710 5277 4298 19254 3345 2686 19753 7654 8842 8184 18561 15403 6535 254 12098 17602 10401 7996 12876 16773 17108 8193
18062 8841 7329 7616 19318 18721 5922 2992 4057 652 17340 5606 11492 5646 8307 16332 9532 8743 14405 2912 9954 16410 9053 14105 7503 1909
1675 4132 1209 4176 14246 17987 3747 5755 16185 6480 3894 19322 10665 14188 13114 7285 6732 12026 4938 2473 12250 19372 17593 18480 15475 10300
11078 3000 16812 18407 5143 14659 7251 5046 17196 9562 7650 18458 13996 3187 18380 8828 18861 16497 9343 18989 15680 3866 16678 13924 9261 8179
14534 19976 12825 13148 16848 476 3406 11237 8305 15172 3771 6615 18177 3163 19685 11144 11244 4323 3756 9867 8811 10212 15611 6641 19478 19078
6885 393 12673 10184 703 8957 19926 9291 7219 15320 1894 14601 18426 2040 10069 13587 928 8451 16130 898 15476 626 2208 1703 11656 4473
8575 14245 15993 16684 11557 13274 1883 2575 7817 11343 2029 11727 656 10023 6079 11154 10629 5321 3663 7255 15275 16035 12325 13906 16280 11837
13399 2056 6014 17887 780 3728 2979 14642 1318 17441 10903 11796 12993 178 8322 11372 16584 18055 16237 10041 17390 16264 2111 13764 2216 12805
18309 7476 17462 17426 6533 8809 16392 3314 13821 16352 3954 18966 6278 7566 16119 18355 1469 14016 11535 7102 5292 8312 9721 12525 683 5407
19311 10108 18651 5403 11339 2282 15997 18928 10651 919 1983 13367 18066 1338 15527 9685 11807 16974 7467 2817 12349 12004 5367 2704 15649 10025
5274 4808 19385 5888 9661 8130 10436 15060 15807 18221 14162 9245 14321 16387 6478 14644 3497 11383 7174 3569 11554 1264 12064 13979 6854 11083
19494 12271 669 9708 5547 2586 2790 3102 17165 450 2452 312 19232 11650 15824 18005 17357 176 2746 9625 14007 4592 5776 1384 4513 2992
13038 4453 10481 2896 6794 15897 15163 18626 17928 16612 18825 6252 14125 17486 18454 6746 16732 12753 6853 10992 11622 12511 13126 14516 5331 16340
5872 17201 19421 2546 11525 16887 15002 5076 11548 12498 12059 8771 4187 16303 18748 18464 1140 9757 19807 16209 13205 15124 10082 5594 1357 4708
2841 11461 14242 14164 17592 1462 7870 732 11947 4359 1879 1872 12133 14728 1634 1203 10235 10918 8240 16972 16633 17488 6330 19894 3110 15735
1311 7882 6465 3757 755 18162 12325 6164 3585 7536 7450 13972 18393 16840 13995 6627 16180 13190 11899 934 6848 270 5768 8117 229 16827
17999 6946 17341 5347 16472 8808 5093 10361 19679 11918 9774 3095 2906 15032 15014 5539 14262 12837 12869 4772 6199 4919 2665 15671 9241 17241
8068 16522 5933 10030 5100 617 15591 2134 5826 16281 13976 12736 17323 14537 3260 18103 2161 6953 627 13234 4267 10426 2148 11672 15291 8080
540 2271 4799 17877 3653 19233 477 9307 16345 9946 8920 1314 4575 16252 10569 14597 4826 14080 16942 12014 11661 9049 16926 2208 2089 1235
19399 11091 1338 2909 346 1371 974 12281 3288 7844 10096 1791 1949 5285 17031 1174 622 8096 15317 17460 4803 3057 19147 13156 5735 18871
13992 15085 18013 3336 5982 1384 10284 7255 17679 3333 13706 4926 8657 11142 7097 14958 13002 3946 2414 15622 4979 5122 4888 638 16200 7369
964 14032 3910 2017 8324 16053 4473 9342 17839 13431 2577 8327 18386 7549 5725 5279 15162 19551 8589 19716 19898 7755 3820 12808 7595 16352
3860 7415 2199 306 9774 11676 13594 2791 11831 19158 15360 4864 3100 10224 7481 9446 4528 7825 1068 14562 14763 4781 1156 14537 10240 13228
18717 9965 13106 9121 6065 1557 2920 3246 10542 14788 18392 1057 15786 19501 7945 1540 19158 7735 3894 13927 2342 3716 17379 17541 11821 14265
15136 16969 9366 15005 11759 11235 15546 15725 9217 3981 18602 4133 17581 19913 5328 17561 13201 3999 10027 14060 15637 18690 10602 14597 18589 19355
18809 18841 9578 18214 7584 6313 4197 19533 1316 16356 14106 6703 18155 3584 10233 10023 5973 131 9114 17136 1469 4786 19041 19463 6887 15434
18286 13858 12043 13926 13109 5726 10158 15553 12638 19795 6497 11880 3700 13433 7822 13189 4171 14699 15888 18673 16003 11438 6820 5975 4729 5485
17224 8311 4914 6528 7545 7946 11472 12571 13946 14789 7870 9326 2488 13994 2675 19718 19895 12863 18005 15349 2494 13273 463 15758 3171 19283
7417 4028 7566 10324 3547 1595 10212 14939 13686 17341 13328 12808 15390 4920 11541 3958 17711 8591 4675 3672 12872 13413 10783 18528 10037 14284
8050 10925 9254 9314 11753 10852 17717 4287 7369 19728 17356 14173 4243 1581 8458 14465 3327 7813 17047 6653 17008 16161 14754 14758 9599 2677
1001 19211 18271 7196 4153 4811 15640 15959 10261 6653 8296 4572 17741 13472 19669 17382 17660 11916 3466 13200 9968 13812 19749 18978 13929 10968
4873 3840 10624 5630 4634 8082 5184 7325 13986 3499 1730 4119 11254 2789 1135 18286 3431 18098 13645 14489 11566 11206 5573 16251 13563 19420
19099 12556 5886 13578 17982 4683 3456 13301 15324 18897 11214 15861 9286 7150 16695 5053 10941 18443 16885 6678 6763 8983 1915 18492 2430 18698
17614 7333 2361 355 2541 11647 4696 4325 1016 2177 16547 321 6501 1464 11822 18326 12329 13057 4991 8911 13805 7465 15695 17377 10225 14449
3672 13028 7110 14333 4308 11752 13868 12300 86 13304 802 15288 3534 8192 15606 2394 2115 15685 12291 10359 2509 8648 11739 6656 701 18943
11583 4845 17350 16076 5443 17341 10574 19469 4839 17282 9548 1372 6655 16650 19025 12509 2242 9530 17222 17420 4377 8664 6944 16056 3583 10658
15726 12359 3117 10147 234 4551 11658 5164 10610 9532 15054 3167 12274 8011 11530 8162 10170 17759 8933 16523 12431 16357 16208 18126 19871 387
19964 10871 15366 15141 6216 14900 16084 16243 2127 16405 2303 12528 12844 10550 2969 7576 10206 11469 72 10138 7401 11802 15707 12058 17041 5226
54 11402 18701 19446 2313 2021 18985 3962 11744 11315 16787 17166 16139 14785 8886 18855 5355 15638 15442 17775 7668 2791 6986 16071 12617 9049
5510 3935 1121 12786 18109 17942 17423 15753 19451 5291 11 17925 11289 16070 14634 9056 2965 6186 12991 8009 11871 11165 1403 3162 12170 9444
19075 15273 10026 10121 4334 585 1879 15818 16138 9883 9176 7715 648 10048 11655 17330 15315 13547 18734 9213 8890 6335 12805 17116 4344 9003
3837 3745 8478 18660 11697 16953 14884 4452 4888 6063 1765 5692 9883 7907 17035 285 263 19827 18216 7154 5138 19895 1536 16211 7745 9446
10527 6941 11798 15027 17187 10336 1832 6970 2063 18562 15707 3176 13175 6203 14780 8977 4355 2552 11613 10023 14636 12657 19165 8236 4102 18970
828 19800 6552 7839 9558 4695 7527 11328 5920 156 13375 15086 1655 13298 9629 19886 14259 16596 9987 6158 6937 5045 14755 2820 2547 8834
8975 1389 15850 16101 10237 9536 366 10492 14160 13907 6583 18678 14919 8331 430 6702 2570 5928 17028 14997 14486 1940 17635 18305 14589 8674
7217 2627 16624 16498 15992 17247 16432 15951 1321 1911 18763 8275 18479 11808 11576 4986 7324 3626 17389 2430 7013 4266 3088 784 6180 7434
1169 10239 1399 11318 8758 15334 9494 6509 8264 1913 3134 19162 9620 13636 5618 2135 8524 9632 4056 10145 12918 12087 14140 14278 18543 15581
13195 4675 16809 11811 7828 4107 13941 2003 6277 899 16630 14747 1974 13775 19349 11841 3854 846 17596 15446 6283 398 10978 11636 8197 9192
16971 1410 2006 19235 4695 15651 16635 10939 5094 3660 17128 15588 6429 2282 1209 4100 12738 130 1396 16012 2932 1338 9040 11015 9571 4744
13856 9407 13615 1367 5113 14547 17656 2918 15677 11278 13559 16448 10061 12765 15979 8579 7941 18980 13310 16633 14512 2285 2270 16220 4994 13749
18039 4124 8879 14720 7994 12097 3546 1007 9704 625 8054 13994 5057 19651 16683 7430 11407 9551 18806 16998 9542 4040 12755 13957 7082 14124
9159 8442 12617 6293 10430 16183 11372 15144 14701 10688 11602 17582 5565 19597 8661 15379 6051 13981 16442 4209 594 9553 3533 17708 1807 10190
14604 19451 17901 11781 1218 11111 10141 16068 4628 10995 15598 5584 14707 2945 8694 4717 14588 5014 7433 2076 6493 12438 9201 17875 12431 11296
16443 11044 6644 6620 7757 7695 16052 14972 17796 2467 6799 14159 1160 9188 1550 17227 13677 5321 10275 5718 5415 13517 19345 3430 11670 5694
931 7074 2633 413 4342 13255 13097 14570 12745 11457 10359 15737 19732 12517 15869 18414 8975 13358 9243 4916 4896 16587 3824 8649 7612 5716
2279 12912 10611 7826 5704 202 245 17450 18564 4748 12231 17425 6181 5571 11991 2859 8956 6009 19195 1781 18658 14405 12484 6006 2961 1916
17059 1018 12409 11668 15509 18434 18790 12962 8829 19941 4395 2320 11458 6728 10061 14096 1096 1790 19649 3641 18266 2777 3489 12821 10243 1082
9309 18251 2757 19089 14203 12827 13886 1099 4583 8403 14029 6254 19500 8122 12675 8499 13457 5995 13935 4321 13219 13224 7075 9934 19302 18852
19378 16368 14213 13390 2082 18399 10547 17237 7107 8131 18916 4792 7826 2520 19750 17006 1727 5413 13277 14369 4742 9686 10250 15425 17757 4754
16662 14485 9670 6534 9992 16779 3583 18046 4316 3354 18044 7680 3980 14345 5099 8410 1107 4173 13844 14098 2522 7266 2097 8281 6350 14589
13788 14245 3738 13545 15455 11989 4039 5911 8680 3858 19449 3080 9945 11225 6330 14262 12840 12425 19673 3622 10364 12499 3994 16324 8198 12333
3189 7878 12781 10657 5422 4309 1948 10827 13100 18843 14971 1259 5066 12858 19936 19810 2419 4841 6601 16302 9187 14519 8818 12091 10334 1007
18849 19584 1256 2257 1698 7783 883 4966 18479 799 3195 2122 14841 16901 5056 19087 4025 2887 8373 11374 6682 14506 217 18511 10626 6752
13959 1190 19574 18051 13020 7383 17334 4499 4272 16702 6643 15016 10923 14954 11823 11411 10093 7099 2126 11820 6944 998 17030 18484 5176 14242
10370 5226 19301 5693 3097 2511 5611 5420 13872 3122 15150 3144 5276 7419 6829 13980 5803 17780 11102 9627 7118 17299 17566 12817 5830 10091
13145 7554 13384 4826 6942 19700 13386 15068 14201 8865 7340 6962 4524 16286 2670 12746 18991 10138 19272 12699 6596 445 11710 11426 3769 9020
10382 11947 9016 11557 3155 16001 4877 8817 4192 1168 14591 12201 18513 16139 16133 10550 3353 17514 7633 17979 12332 9264 2525 265 3337 19626
19363 9268 9707 5616 2678 90 5532 11268 19884 11722 12125 484 17211 9721 18465 14193 9506 19910 11815 19976 7490 13979 2652 18221 12199 13772
13258 2197 19427 18199 10377 9714 1368 12208 13177 1005 11381 8936 13389 9332 17574 2260 17864 1425 17086 2123 7240 1691 1256 13082 12276 8588
1980 9723 4659 12521 18894 15528 5905 1125 2999 19491 10794 694 1089 9887 13054 2315 4584 6511 11872 10480 3579 11437 14774 13788 17028 9944
5989 17773 4123 2942 15629 1307 19337 18720 8317 17673 6137 5670 14575 17203 15582 4706 17710 12450 15615 13711 18302 9164 8816 19920 19028 379
16893 6496 14603 3384 13829 17337 11863 11428 10795 17857 8578 11399 7992 19480 7631 527 16532 18460 18928 9676 19538 14747 148 3140 669 12616
3982 4238 16668 3882 6711 7559 3655 8566 17790 11417 11165 5461 18232 2905 17074 10633 18489 13928 320 19838 9976 7828 14870 10314 10827 291
15860 1361 12765 17508 6608 2988 18780 18847 14558 18960 12092 15552 12715 14610 10647 4689 11322 640 14323 9814 13284 15100 19570 14772 18751 1571
8073 1279 4816 18436 6166 7249 11693 1383 7222 6012 3215 19462 11034 6120 14874 14738 102 7372 15906 3144 9166 17070 15972 2501 8702 17405
15908 6062 8151 17313 13711 12405 16272 8693 17627 12603 13086 5000 11194 6045 3881 10756 11645 15810 19287 4977 5732 9158 8642 17151 18170 3637
9642 8097 8029 11420 8646 10399 10970 4668 4031 13245 15133 7888 10210 14693 3509 10206 950 10106 2757 17559 15818 12630 14173 2396 12496 3173
16023 8762 5257 6192 8962 6230 16956 18673 4520 12325 16598 2828 17226 9400 7390 230 14847 5384 15997 13930 734 8657 8037 17316 1210 17374
5789 16377 14307 10007 6089 4825 16926 12017 16712 13355 5469 1676 4503 17298 11664 2446 7209 12462 19897 13456 7537 3683 560 14387 12537 8598
13597 11147 8043 18424 16959 10869 17619 10354 14395 17202 2915 5566 18697 18869 13261 14418 4785 14152 19207 16071 10152 17341 620 6749 17796 767
13913 2215 1309 9524 1150 1432 14853 2786 14886 4462 19780 18272 5070 18207 19619 17866 9771 18528 5709 18144 14435 10052 18483 5956 8557 12112
11671 3394 13092 1276 1383 15885 18984 705 14453 8421 11891 9107 15941 17863 11892 9979 1160 11892 4393 1801 1652 17448 13034 3346 3147 5012
2869 8054 7186 2112 1670 7255 15384 17069 16769 6928 9351 8688 8116 19257 17809 1978 398 18389 4760 9992 19674 3667 14712 14740 3210 8221
3984 13356 12487 7024 16455 16172 8811 17956 19289 19176 8402 5100 12395 10066 15817 5974 15906 5123 17859 7914 16373 18438 1076 9255 10653 4221
7742 15141 4078 18307 15986 1142 17619 15599 17726 8053 7304 17294 12823 5624 15379 18460 7382 18012 5781 10871 2330 7902 2735 11333 8529 5516
10526 17975 16272 17 8629 3414 16721 3719 18259 3420 6429 11886 19091 2705 18877 4987 18470 11554 5116 14196 7151 7411 2561 2104 3075 16747
1354 7697 15627 19940 17238 428 8913 7196 2657 7747 18800 2120 12055 16993 16681 19422 5329 19526 3487 15689 16357 12008 17050 18470 16634 15275
92 14376 15939 8386 1303 7878 15957 1158 18847 11707 10779 14525 14697 6753 19741 15797 16880 8827 5983 1090 10366 19198 5656 1714 13839 19308
17439 18642 10876 19703 19405 16700 18284 14750 16573 16015 3692 7029 15678 10797 9942 9989 16301 5145 14194 6542 11379 7338 16112 1079 3828 10731
5305 16110 3896 3397 3440 6279 15491 10690 18678 3571 11783 4036 9546 19963 1787 5349 19195 8331 4818 14557 16764 18965 7822 18568 5030 1082
8174 10001 9800 2022 11958 16872 9685 9088 2069 13812 5091 8270 11950 9512 9105 11401 4838 14796 6861 4402 5400 1930 3458 12799 3232 10964
15823 1384 15518 9777 16570 9959 13119 11793 16117 7901 20 2697 16729 12738 10830 18049 13475 15907 10008 122 7164 11927 2951 12429 8192 9653
19229 2263 12154 13053 14412 17725 15762 8085 8608 15481 12650 12533 12088 13901 2150 16580 16836 4248 12642 18325 13872 7205 6862 19101 11253 12876
13148 19407 4633 3399 19425 16862 13004 3445 19483 2349 11967 11704 2412 8497 2073 7450 14576 12311 11690 988 19308 9745 13596 14035 15131 17098
9205 1822 2526 12203 13173 18371 4905 14503 1346 968 9811 3549 15929 5083 7955 276 15993 15499 10945 2752 11475 13679 17328 16090 3776 7925
15194 7043 18719 17356 7990 12805 17657 16695 6673 18257 14850 16851 17626 3378 14694 17586 5584 2998 18309 19928 1051 9521 18290 13718 8155 6377
13838 16952 19517 18638 2669 11393 3078 803 9358 1781 3465 3911 18424 17138 3410 17186 2434 11919 13637 18147 15287 1602 4336 5046 16394 1844
5731 3051 7566 10566 8901 19597 17119 8700 4356 5725 7668 17685 18419 2875 6016 15259 11646 16398 9420 1843 10911 18328 8517 10484 898 10020
9795 19673 7540 1975 4951 2547 3123 19884 4683 17969 11036 18011 3475 602 19723 7367 2197 2589 13806 16911 18222 14450 1648 7132 14003 13432
10402 18023 9256 3740 15778 19684 4770 12200 2682 6394 10736 15693 932 18632 13096 18231 7653 2355 6747 15510 2478 15456 566 7295 9908 11174
6045 18555 13132 7549 19391 14507 19838 8389 7612 14702 10500 8108 4473 7468 5873 8826 15810 341 3275 12550 5111 2247 3091 400 6358 14195
7943 4326 5336 3938 14921 7975 14516 8901 2661 3190 17922 16184 5545 18411 7276 212 14609 9085 17010 6957 18382 10857 6890 9715 19859 14636
14919 79 234 357 839 8015 12782 6539 2266 11564 15649 12725 18490 10189 13286 13423 12698 15155 3655 18788 18182 3657 6405 2584 12560 3055
18840 16584 18349 3652 676 9287 16406 17509 15116 3766 348 15022 3451 11291 18218 13119 8228 16198 1834 18988 16179 9548 18210 18257 19003 5718
10855 6417 16360 18800 14235 11637 11495 19278 8415 17538 3696 3079 14880 14772 14564 294 16584 1283 1330 14784 4436 17273 16626 9266 3310 11003
19299 6038 6087 8832 4653 11508 1739 19617 13011 662 13257 4178 9387 16228 6397 16301 6096 11090 7695 5220 10954 1904 4452 3037 2002 7861
18614 418 3349 11328 15013 13466 17129 13816 7249 490 5143 16920 10127 5896 6834 18523 12149 14765 19520 13719 4035 17116 12333 17762 15582 8278
15004 11220 2126 9008 4212 5021 10445 13035 13614 6297 18077 4054 18337 5327 16913 17404 7377 4661 2308 3085 3817 8172 1402 6425 16188 2397
11354 9501 7111 13217 416 6323 7032 18935 7125 18982 14474 4710 9742 4547 8008 15796 14161 7522 4057 12260 1641 7022 19974 8982 16239 17749
7380 13916 7560 12167 12437 5486 19891 11108 13660 10586 19701 9799 16471 1750 17601 10777 9358 14953 2254 19459 17227 6517 5063 1686 12676 7608
