365
5 47 75 77 2 28 65 41 61 37 55 81 48 2 94 21 66 77 47 48 50 13 83 92 74 87
15917 17903 8328 4567 18522 4670 4568 12462 18229 5061 19211 13974 16742 5793 19315 14111 11962 18861 16978 16889 7200 7777 9131 12953 7131 13605
14621 420 14994 14605 656 12725 1662 11186 14373 16929 1493 15279 17930 18756 761 9957 12 9813 11444 11977 12052 19490 8670 606 15439 5125
4515 1831 14313 9120 5271 65 8453 13642 8083 4811 18493 1198 3766 1397 8913 10328 6778 5106 18869 8107 1376 18822 17937 5880 789 3516
5202 14640 17608 5887 2620 14629 5601 17463 18266 12400 5455 19752 13713 16405 13494 7759 13137 4431 3540 1798 7632 4681 993 878 14569 3976
688 18824 8683 19815 6210 11594 10471 15740 12951 12501 18161 12914 6021 12550 11250 12090 13027 6694 13643 18546 76 15867 16999 14307 4001 14219
2440 13148 311 2687 8848 16677 1515 195 2534 1125 5835 14701 6697 371 6133 1118 11717 5981 7760 12867 720 954 18049 1389 13083 7671
10135 9543 19215 16962 15685 5878 8273 1535 15842 6724 4894 633 4296 15096 6102 18367 3989 9624 17923 17641 14525 9092 14622 10496 5951 3867
11693 19339 6225 7519 6389 15219 4595 1792 4522 11830 8675 5956 8104 11578 11301 18462 17829 9877 7300 16596 5829 10436 15633 8030 5516 7513
7146 9521 6770 18702 17297 5587 16101 12596 13511 9525 11628 717 12538 12327 8334 3523 8906 10858 13083 8446 4408 14589 3314 11070 4649 19976
10980 10905 9342 11304 2306 9600 10926 7023 2227 18352 3820 15846 17420 13524 4227 7568 17174 7862 7295 18267 13441 1281 3521 19449 9150 5706
16833 8290 19901 13987 1209 18868 18244 11188 17530 17302 2435 10371 11391 3270 7213 6522 16288 4735 16279 12458 16824 197 17312 12333 1350 5159
7271 12759 8735 4936 5387 15628 7518 16741 8628 5064 14982 6438 5491 10742 12000 18069 15125 2992 9658 12597 18561 9527 12130 9195 12862 13868
12909 17863 8269 303 12820 2857 18880 4337 15488 354 563 3657 17586 10378 5681 18552 10934 10411 16719 10154 3088 13691 18033 18337 3874 4551
526 17734 3657 16841 5433 5633 4434 14509 16562 4496 4913 5925 3957 4436 11907 7373 5402 7823 9479 12622 3212 17274 11159 9729 4997 11710
2450 18420 16629 18907 10264 13019 323 14601 13061 15314 11257 19867 5432 17683 12449 7144 16608 19174 8207 11728 5038 9783 1516 40 11366 4621
9402 10305 3800 2209 10153 18399 12988 10128 10463 18973 1550 2438 8135 14207 3492 15408 19749 12037 10102 19735 15357 15258 623 605 3110 3292
17048 12031 12008 10160 14711 14826 18296 15804 5174 8112 420 16554 9001 17681 305 16047 8837 2388 4183 14315 15407 19312 13992 8576 17766 13869
14836 9015 11236 19611 14618 13457 3246 7686 1015 16180 4185 7746 4080 603 6176 7771 17280 14057 7569 8864 12888 13018 14579 7857 13498 2799
10155 14093 4082 8271 15909 2351 2273 112 9171 8626 2089 8531 9659 12074 18189 15107 7325 12104 19257 17432 18708 14765 861 3068 4519 15404
7767 19826 5291 18598 2704 19765 13299 728 18169 19486 10225 17123 9173 10686 5267 2902 12089 7848 6441 7914 16356 16634 19429 4724 10832 13767
2898 15119 11359 13653 7278 9354 12850 6117 4496 2396 19367 18383 5100 18865 14379 12670 8115 12186 649 10461 11389 3170 3653 10429 3752 19565
19158 17499 9464 6894 11017 11081 8928 8529 7908 18168 5972 6147 12838 2303 10130 6519 3516 14324 14361 11880 8745 13848 2000 17443 2679 4156
10234 12203 10493 11460 19179 10119 6366 9898 8725 9848 15478 6194 7281 8625 737 3314 10665 11116 11909 18377 13623 8479 18604 19643 4386 9543
16895 14582 13968 10499 2870 3651 19850 7037 18818 15725 4694 17333 7425 14591 4515 13300 8727 15176 8019 3237 2040 5819 447 18384 9956 11265
18501 15355 587 8926 8760 18536 7493 3963 13097 5900 6138 12524 8452 3475 11052 6515 13867 2150 18659 17109 2424 2084 6391 9902 18008 11100
201 5827 15855 2488 7180 16245 3411 18838 11783 18920 17321 14606 14786 13084 12900 19936 8270 11017 3936 9944 16510 9431 1933 12721 19270 10319
18428 12857 18673 13720 2034 16851 15867 1444 9799 526 4881 4112 4186 14476 6648 577 10152 11860 9650 7083 18582 2415 10917 12553 10024 15936
15807 2416 5573 14338 13759 15002 10975 16088 17259 2480 19271 2868 13893 3026 5584 17891 8991 10842 11096 1305 12895 2492 10450 12332 16536 15224
12340 2773 4739 13726 1473 6294 8878 11952 18345 11684 16683 9153 16900 8740 9134 3730 8029 12417 8649 8651 17053 14055 17302 4114 6397 2795
15258 19902 2173 14344 4412 2021 15089 10479 12124 15808 17353 9212 5642 6854 686 4240 14107 58 14966 11441 2264 6062 19668 8499 2650 10432
14770 8679 4425 10726 13984 5558 18809 2231 5921 1255 15762 13737 15706 8556 6106 10603 13549 2035 17716 6433 12301 10315 12489 3502 5780 9047
6969 17322 16318 18766 8720 3384 2397 17658 5135 14844 3609 14913 11994 4808 17321 18367 7399 6413 16886 10551 10764 19789 17411 2074 11725 3349
19376 561 15058 16177 7244 5085 18867 17080 6227 16418 7756 6930 10463 9490 8890 19509 1922 18481 19570 16743 2479 16627 9698 15825 10139 11903
14938 13052 4767 2630 19892 2196 19966 6171 19137 2166 19332 6849 14356 1796 14560 2248 5089 15607 6813 9532 19939 17657 12585 10148 18516 11385
5850 9006 843 6275 11900 8611 2606 13923 14511 2317 16764 5484 7607 19279 14056 7690 19365 5814 16553 6799 8823 3080 18355 11320 10829 549
3507 12717 2986 4585 13113 1204 18041 14429 9880 17574 13182 18734 6036 2522 5319 17612 9130 11917 3668 2399 13225 1192 11172 3524 9198 6532
16922 3080 12746 4496 13071 11490 7386 5883 2656 5132 4393 6989 5543 19381 13840 14100 2499 9482 18843 15985 15882 1678 2009 17214 9121 18818
1415 2061 6524 8421 15850 3944 13575 3563 4293 4970 5123 11651 15548 16527 19483 6844 4729 9534 11333 14484 334 6231 12000 12561 8384 2994
9640 1971 710 19843 13690 17731 1919 17698 17018 11313 12043 842 10976 18019 4177 19054 9955 3710 7785 15054 1606 10179 9845 16600 5327 14521
19659 8346 11961 1936 13238 7268 41 1819 5766 4079 589 4164 5208 7991 10523 6791 10996 12663 11539 4087 6660 3268 5014 19875 884 1667
1735 17080 6198 5032 9596 19885 14392 9958 12596 19542 241 4944 2495 179 4976 6648 17581 18246 11647 11049 18526 952 3960 11039 343 9263
6832 13957 7513 9211 9952 8631 4230 10716 15732 997 18475 16795 10903 10668 3969 6066 13867 8046 6647 16182 19399 14513 5851 1944 2367 12375
6809 9819 12748 8551 18879 6404 5656 18654 13542 5763 9076 12212 16084 5444 5709 19905 5190 1962 15047 13409 14813 8740 11266 2986 15646 7184
18136 2305 12207 19101 18810 4799 8893 19454 6000 19122 14110 8890 17479 18404 5860 18547 13919 16644 9838 12848 8629 6311 8487 19109 17764 2788
547 14640 1171 9080 13681 17687 17306 11329 16465 7316 17732 5800 14755 11646 11667 15008 1503 4383 16381 7681 18639 18071 873 365 13043 11204
3309 13543 1109 16691 13482 2993 17608 8884 4913 17735 2160 6767 16817 5242 19979 744 4915 9610 16038 970 10592 8246 16256 839 12839 19352
11855 3020 16049 13981 17617 19320 2676 6777 2203 2742 733 8470 14680 3461 10111 8954 233 1253 8402 17418 6955 4030 4281 4391 13574 8291
11379 6096 12491 14717 15712 14563 1447 677 8052 9262 17508 13529 19995 2813 17694 2176 18362 9375 1494 8635 3869 12168 480 2501 18867 8167
19045 1989 9865 2596 19256 10044 18487 10297 16219 919 16104 15960 9382 10419 3340 18241 552 11243 16073 500 10437 277 3996 16011 4529 15814
15433 15647 11913 19988 9325 18423 9973 7295 5185 16179 9107 17031 4085 2254 4216 4225 1696 15418 18045 8086 9948 299 3676 15541 5341 10565
2223 18602 2944 12525 5767 3036 15842 9888 669 5607 9724 8136 14723 6470 14055 6971 5447 8968 14738 7449 18873 210 10109 2719 7386 15291
3721 8356 16340 15081 7291 15021 8844 7056 2177 10229 12549 6411 7846 11328 9329 14142 2708 15788 11904 18087 18104 6045 1833 11217 4506 16863
17814 10318 2287 16243 4215 10711 10467 3061 4739 4368 2077 6322 9825 3531 7675 7626 124 18690 12504 2247 17575 10894 5959 19238 3343 386
1389 18890 2112 15293 407 1950 7074 7595 6542 3434 15619 15599 2649 11534 14049 14906 15661 7950 4677 3242 6280 1493 12523 6077 7389 16495
16813 5481 9263 1716 16571 1523 5098 10323 17456 5940 17511 9357 2701 12103 16249 451 13141 17941 1174 17319 840 18966 7024 3511 8823 14490
11848 16673 17877 6012 1612 8482 12946 5798 8494 543 16530 9654 982 16040 19594 10178 2641 6880 18447 12893 7194 4617 19328 158 8225 14692
3600 13772 7287 16946 15011 14479 10375 2228 15105 10815 17621 16815 18054 3754 1368 9506 16411 17383 19431 3232 12235 15421 12233 2517 14698 14097
14795 2369 17801 5071 660 350 7618 18996 14746 4289 8790 5977 6036 6593 14868 6112 1827 3674 4867 4608 12882 11412 19641 5 6477 8944
2776 11999 5662 5067 14807 15505 12377 6168 19933 12101 8567 12756 11214 6663 17447 7112 2870 17799 13219 19585 7271 16341 8877 15634 5159 1104
18466 10776 16149 15807 2845 1752 1665 2616 6870 3237 12507 7796 13290 113 990 19239 13502 13512 10379 275 8846 19823 3560 1032 18187 9972
17852 16852 16343 19704 5599 4527 6471 104 8659 5391 14220 1187 12655 14537 15193 6878 3965 8704 3392 14763 5289 2404 12244 419 7641 13246
15605 7937 11308 6023 8918 11050 19894 19673 6280 6474 19726 6373 13479 3500 12824 7581 7602 16441 13842 6300 11826 16830 2633 12099 17665 12306
10182 11300 7833 3512 1849 19144 4525 16936 18022 472 8243 16341 15755 2759 5354 18938 18495 8062 19146 1048 8601 17061 16746 10707 2024 9361
11093 3107 6208 7891 16159 10214 4842 9204 2709 1904 16779 11775 1266 758 6401 9045 18481 15783 15765 8052 11201 2289 9906 8738 172 15830
15459 19462 12795 15748 2431 2308 15422 1952 3771 16179 302 11031 2533 11964 15640 7160 14657 14482 15837 3537 10591 9747 15088 9921 11137 19417
19686 7310 8900 14986 11031 9175 11666 4081 3680 12690 10173 18953 2362 8161 15840 18060 8865 9493 2972 13833 3602 7563 11278 3682 8550 2729
10327 12404 4194 8577 11413 9243 16350 5498 3468 10702 16994 14957 448 18238 16548 14818 16131 10009 1190 259 2031 2424 658 6754 18706 8915
12150 14981 8794 15663 14623 6476 8119 1382 19453 9599 17826 4798 15157 5254 18964 8985 11544 17507 11302 11438 5814 3492 8611 13607 15876 7832
1117 4945 17017 8636 3353 7195 5330 19769 14086 16702 15084 14470 19380 9290 7438 13137 17988 6612 1 6509 19476 2542 17872 8808 639 7896
2473 6908 3289 3254 19538 7106 9450 4607 4481 9606 9401 1037 10972 9478 1824 6900 1054 14811 3920 377 17419 19510 15007 12553 1974 10031
19163 12785 8149 16030 7692 18778 6780 9887 16603 11712 12004 5128 13528 8842 17508 589 312 11894 15544 14429 6823 14617 15682 14893 18507 5859
16696 4257 1141 2403 3117 6841 1479 16064 9721 12409 5756 5795 17925 1432 19302 2744 11893 7949 15061 19822 1329 17632 11487 5915 8086 7262
19923 9310 7249 12453 1938 15563 4429 16683 14833 11599 14187 9896 10830 19393 14021 10728 2226 9900 7849 17571 19647 5639 11695 13403 2229 13746
18779 5450 2073 13127 13913 7280 8239 12020 6287 1883 17956 18066 18869 9082 17163 13729 5478 5755 18188 9002 7465 6519 2356 14985 788 12445
19251 11016 5860 12934 16084 7878 16816 8023 12555 8076 6160 336 19048 4494 4872 352 8925 15946 154 4951 18462 12350 15798 19430 13534 3760
7418 17005 3594 3268 14728 16267 18753 1660 16932 19124 12859 251 15649 360 8982 18018 19890 14316 19245 8182 19032 15234 10473 17076 7810 16642
1970 8 8983 13402 14399 6603 15936 17338 14253 18381 6073 3422 15159 19901 910 13996 14641 5513 48 1508 9685 18014 15335 8574 6256 7202
12161 17604 17046 16248 4073 14692 15111 18195 10241 7518 15295 10539 855 5597 15072 13591 8327 12981 10745 18407 10060 15837 92 13530 5367 9860
7947 18479 886 12758 19703 12126 1001 19921 19485 18630 13373 14048 18062 6804 5019 3534 12446 3138 14584 2865 8367 13062 10810 16108 16197 7141
17862 10047 17419 2320 14669 9901 4653 7881 4938 150 17091 12902 14110 17142 11816 3874 17822 8832 19000 1235 14466 7486 8193 11866 9062 6191
16706 14611 17048 1635 9695 7978 19390 13017 11403 7501 6842 4185 18638 14515 4180 7297 225 8502 8782 14219 13418 16326 9366 8265 2986 338
19330 17035 18764 6693 6660 8836 3426 10719 8102 6232 10429 2869 1525 15758 1484 16328 14419 16895 18675 7436 11643 2091 2591 3554 14961 10873
274 14763 8769 14827 922 12949 16897 14166 12122 13375 18359 16248 10593 9217 5555 18267 18055 3828 11321 18525 10333 13425 9330 12479 7329 5279
15143 14304 4933 11944 543 18350 8479 3776 14374 9993 898 17760 10477 19900 10226 10488 19187 6478 11592 5144 17743 9662 14475 5832 9045 978
1887 6055 11584 18644 12878 10296 120 2971 9144 16336 2916 14204 5464 14998 19423 9144 16726 2648 10438 3185 11146 15260 17054 12232 5412 8730
3524 2424 1868 9981 13532 17947 18557 6406 18016 15149 2865 12145 18314 3877 19146 19711 13697 1229 17458 6291 7330 3 6920 13523 5695 3489
14156 19893 9591 797 15805 19080 12446 2750 19533 13801 1371 13041 18421 9743 10051 9953 12375 5855 11412 16155 8680 518 2450 12816 2352 10712
4777 1156 12641 573 15371 6166 7104 11677 16343 17909 8460 11028 4945 18514 15702 6749 13522 3256 10196 12411 8491 4831 8430 6918 1906 11703
18891 269 8069 15800 3185 11930 6930 14439 17954 5710 17687 11358 847 17641 3791 14684 8413 939 12584 18013 14835 18270 7827 14991 18631 12576
3025 4772 19605 16971 5645 18396 11302 11919 1052 10137 2645 14517 8444 4525 12595 19168 17195 16002 4658 15318 16665 14980 3273 1169 696 15036
10027 2871 347 10020 2294 200 8927 1273 8177 8741 15428 17945 14055 16737 4462 17569 8407 14333 17381 4631 14853 19838 18014 16526 13988 12359
11852 16746 8172 8292 367 12214 17132 1520 948 19727 9164 17407 14512 16640 3331 19959 6924 8801 15237 1623 5700 898 6101 19672 16146 14855
18682 11879 6379 9778 12799 18464 14667 18604 4798 14156 19787 3688 19003 9133 1091 7215 4061 16250 247 16086 7621 12777 8892 2902 10742 19848
18914 6113 14840 531 18052 14890 8076 18106 11243 10543 15612 527 10053 12861 13512 7830 2550 19656 17252 8343 12581 9384 18197 4637 14303 5051
3272 11619 15960 9189 14274 352 3707 18678 18926 12573 1552 9994 4231 6263 15214 6028 4033 9958 15953 3517 3062 10266 8366 18919 11707 9199
1181 15372 4574 18340 566 9191 14425 5618 15980 15574 14494 7982 8589 19883 15646 13697 16166 13278 14617 10327 19286 8093 14978 9536 3834 13270
922 2168 5871 3846 17448 1907 15088 14628 11145 12804 205 15311 2564 13964 1770 966 18176 4204 9054 6758 923 4327 10999 1893 6555 5248
3412 10844 12650 8315 9051 4901 14236 14731 1052 12588 8106 17355 15834 186 16889 19472 2136 18577 19489 734 13898 5350 16416 18433 10120 12417
7094 19787 9799 15995 10426 8307 9344 3234 10392 1342 10028 11524 3794 3175 904 121 7348 18230 18923 15996 19127 19878 5307 8578 16969 12759
6796 10880 16449 3714 4089 2709 11997 7451 16982 1745 3863 10045 14036 4794 14883 5083 7405 3981 16618 7472 5947 13145 11624 6632 875 8848
6985 19322 19659 13211 14480 10275 16044 14972 3728 2171 1905 19338 18246 13079 13750 19847 6912 10498 17289 19746 11019 5245 3271 12366 4208 10903
12660 6354 16369 18897 18279 18685 5731 13613 6168 4856 18675 16641 2671 8855 10712 10608 7517 13608 13927 15359 19005 13447 18090 15110 16668 10364
3957 14319 1264 13484 2330 13247 19671 12638 611 5655 18837 2035 11946 12833 16342 15105 10920 11264 6085 2976 16554 11904 4106 10625 2715 14602
153 16894 1241 15500 15732 13433 19203 3757 851 18318 8306 3213 2166 12829 2220 11948 4348 5827 1413 6744 4433 15720 10956 4646 18962 7916
11946 17749 11544 13063 14257 196 10165 3490 604 14829 8292 15320 3571 13063 4447 9416 1690 4673 2457 14472 13664 4096 13949 13704 13380 10234
18913 10533 14767 6749 11534 9097 764 1247 8290 12451 19094 8225 4899 7821 7402 2585 7003 17952 10826 14233 7200 1306 7999 5596 8481 8492
6510 619 10333 10479 19081 17770 6325 4896 2688 12298 3519 5481 12791 1320 7859 998 2650 5518 16461 6860 34 1271 12668 17633 12934 5117
17122 9654 14983 17819 9023 19887 13865 3528 8808 2678 3116 9288 152 11538 10387 6055 15959 19685 3342 19591 7519 5754 17126 6934 18305 6261
15443 8733 13446 17147 733 7823 412 2692 2698 8948 10840 5487 5552 11755 9660 10465 19148 6858 3798 19916 18335 797 12705 2178 11809 4715
16895 18921 15443 18920 3047 5803 13978 16706 19333 3339 21 603 18177 13292 16000 4346 8240 11572 10306 14275 15008 3784 18006 1716 7222 16984
14836 10262 6496 5477 840 19120 6066 19394 14500 1961 7050 7853 13293 17327 9047 13598 5816 8041 13766 2393 5890 11222 11894 16033 11390 363
12962 14742 7491 3097 4369 16059 7761 11927 13881 11188 17848 11351 16163 15051 657 10300 11652 13935 12593 11245 19456 16161 10340 15000 7811 18051
4883 6593 6500 14921 19578 12164 10509 10988 14861 10945 14172 16021 819 16365 8998 669 15702 10895 8697 18612 8904 3902 106 2764 6978 10160
9904 7358 17995 10358 14897 7651 17735 19338 5300 8807 19576 4161 9479 16114 15460 342 15140 12885 7400 11872 6781 17005 10735 18636 18542 19872
15222 4691 11354 17949 16811 10817 13785 9038 16621 12758 19020 11454 15051 4697 5729 18281 1686 7142 8450 7687 12571 1221 17388 3680 8010 13875
12380 11168 18522 4719 6552 6368 15824 9162 19093 10329 14479 13856 1478 12319 7970 17775 9335 14112 13355 1403 18919 5908 2694 16509 12247 11097
18722 1867 3604 13393 5809 3115 2744 19622 19381 8449 5814 16747 17322 16558 16497 1372 13216 10832 4741 15771 3708 2327 2614 9376 3779 16031
4150 5988 5924 13195 10637 14370 2347 7758 19352 5264 13146 11223 6524 7763 6597 6975 2997 5434 4886 18605 6158 19819 556 15152 6936 2923
143 6880 183 18360 1199 4288 3482 16094 7101 13497 19284 16663 1904 2618 12491 10669 947 19546 2975 430 2129 13954 13575 3485 13110 3561
14614 14996 16500 3915 19096 680 4107 15696 7502 11829 12993 2920 13826 13726 19323 18214 4473 1046 18590 10894 8865 8540 224 19866 12173 19928
18613 11253 15386 4103 18631 4253 16186 10457 7611 10612 8290 776 4178 15310 15114 2883 19769 15445 7152 13901 5350 11385 664 15719 18863 12111
9985 3263 15797 15076 19623 13549 9114 1607 579 3073 689 3652 12245 3607 14011 13620 18282 12278 11972 19058 992 4188 2961 3711 9925 15055
12617 3825 8342 11813 11555 16295 2132 5320 7946 7318 12826 16869 15955 16704 10681 13077 14356 7039 12626 17510 18752 19663 16318 11605 19472 2159
10939 18473 6516 5549 14441 8595 3603 8650 1929 10128 5182 8132 7133 12603 15327 7294 15505 5945 1455 9691 14125 18267 14794 15000 5597 160
14542 13648 15859 8805 12947 16412 3962 1210 9876 11167 16059 15769 12656 5443 17054 12213 4879 11560 16339 8331 8532 598 5722 10649 8085 5428
17503 13447 6915 7566 19709 10858 6697 18868 10386 13207 14396 5779 6074 12737 5069 6923 7692 15341 7813 13288 12445 7940 2525 10393 1203 19429
18302 19558 673 10305 3774 12072 852 17311 13147 14019 17430 2808 7285 4598 9910 11497 4585 3770 16332 13110 14498 5346 9705 17910 1586 2687
16912 7564 13108 2878 15239 1217 9221 4212 7985 1383 4766 19852 15855 16004 12239 6618 8481 10504 11445 19971 3151 16359 19564 14593 19898 1155
13134 11874 401 14489 6473 14402 14349 15589 1270 281 11427 14579 6053 7916 9466 948 17870 8467 11397 19389 11692 14092 18345 11589 17794 12993
9566 15780 16693 13486 7826 14246 12687 19079 16373 2037 17400 10176 19095 2946 3590 8635 1403 10581 19444 6271 6332 10003 18820 12410 12801 9447
12192 3391 11716 14858 8102 12415 10332 9713 14192 16054 19527 10318 14453 4437 19635 18558 17023 7648 19445 19338 13064 4817 2863 16301 17137 13079
19642 16501 17169 1370 6506 246 17001 10165 18410 11022 8665 19086 2145 5301 18929 3945 309 6808 7820 7349 6051 10742 11658 9517 7223 13200
6063 2594 11418 16071 11540 11353 14443 109 13989 17414 1918 12593 13013 7851 13126 3878 9574 7972 19368 644 11874 8728 17724 13078 5329 15464
15149 13629 14480 11931 743 13234 12200 16945 14126 13699 11119 16104 654 13866 3643 12336 10670 11083 11489 16397 9173 18237 12714 3173 14053 273
5871 17251 15197 11918 14874 12915 15319 4650 295 14218 7795 18328 1151 12402 4741 13035 15979 4791 14761 2291 6857 13769 2244 3409 13735 10156
2142 18063 5671 9512 4190 17594 3793 13285 1488 4097 14667 11376 15020 4722 17130 3389 17584 9191 851 11193 4975 10380 19073 3714 11445 8623
496 17166 7700 5488 7731 8220 18288 5904 961 712 15751 16190 5799 14132 12189 19456 16437 12186 15169 649 14057 1623 14848 19252 18409 6613
10795 12021 13603 1489 13060 1912 4430 9518 2815 19456 4193 11153 3468 10992 17720 15680 16567 587 5977 5383 17571 11778 8984 2736 18067 10796
5190 10230 15677 13501 5561 5902 2757 18938 14869 7399 18317 19358 19033 8647 3957 9340 2816 10553 9389 16723 6859 17664 7173 11743 17935 8791
18301 4086 13951 12320 3531 2943 5501 4574 6233 7733 9879 17729 10697 13316 16744 17833 13402 16211 5625 15306 1593 9 19163 17004 3713 15745
19958 18360 15 2044 12629 17625 4743 11381 19348 16704 13182 11029 9793 16130 12347 9810 11089 14135 354 3656 5641 3679 3160 14380 12568 11398
135 5319 10282 6998 12786 3707 7457 3025 19029 17353 5546 8820 3411 19807 5098 15482 11553 195 5550 14874 13464 1977 3126 572 14996 14909
10962 17078 16678 2669 2967 7468 3125 12147 1681 6777 17086 8786 7457 7382 15877 13364 1003 15875 12776 15126 13974 4406 16792 12227 1343 8028
11375 12288 16154 8573 14824 12117 5100 10379 7922 2362 9207 9642 15901 18381 7234 4852 5709 5562 15224 11266 6070 13918 3039 15541 8042 15180
18473 7255 5151 13634 4210 2584 481 9534 19030 16470 10147 13787 15468 5444 13318 7639 9195 19616 9348 16724 15387 6639 12332 7309 14315 698
11783 590 818 452 11796 3853 13177 11035 11251 14943 1004 12894 10690 14121 8261 13564 8073 1128 12245 2706 13479 15114 12343 13136 5550 13650
2245 17202 3153 10451 11341 9240 3090 17470 17846 14113 170 9754 3041 9850 970 45 9990 3003 8183 1186 1090 14893 6965 6429 10918 11909
412 236 8614 13654 3835 17654 16381 19015 16121 4463 7284 16350 16241 17021 1017 6051 1769 2432 10306 5389 813 4806 3007 4275 1320 14021
15833 18470 10208 6173 7914 9356 146 11222 15938 1419 10792 12853 9140 10926 3749 7819 6801 18001 17225 16674 4610 7198 12744 17743 15983 4111
9847 348 17626 8863 24 14868 14235 9685 2639 15035 8159 6607 748 15247 15257 19688 8307 16584 5397 15248 1925 836 164 11351 16429 5830
11245 19333 11798 548 15669 18209 8588 12549 3082 7822 7062 17824 17531 18249 12262 18866 11727 5012 4363 4195 8188 18753 17174 13677 6724 474
10797 8382 2953 9480 9019 12937 828 19063 3577 10967 4687 12641 6519 1218 89 1154 11859 6548 589 13466 13832 1729 13905 5204 2991 1749
862 7298 18135 13136 3132 10136 13861 4174 16304 19868 3759 16648 16748 1557 17213 10140 469 16608 15721 3231 6656 14199 2690 8360 15298 13447
14966 4684 1266 9381 19847 2936 17821 1547 2022 890 8534 19860 15350 13940 10971 13356 15855 10949 14193 13217 6774 15305 18511 8490 15624 14810
5995 474 18914 19655 14469 113 2625 14958 11061 16214 6955 2605 3929 5109 11775 4520 19118 13475 2803 14183 16129 15734 3496 17121 7882 15742
12267 1148 2220 82 11698 10084 2642 16008 2585 14426 128 3451 2969 968 3348 4381 16224 2912 18287 4744 17949 5452 2377 13561 10315 19385
11721 9081 17287 6406 11388 6738 7297 15395 19174 14058 7829 10565 7179 19850 1353 10936 990 6137 9779 17610 16489 7108 12616 1119 12575 1902
11796 18669 14387 10736 12720 3484 3411 11792 8799 18949 16887 19015 2608 7761 8486 5773 13961 10452 4301 9211 17213 2989 1631 19770 5484 18939
17083 9963 6307 11615 11956 12667 9161 12542 12095 17864 5762 9225 2868 242 16800 9359 18669 12142 2244 9109 16134 15516 14018 17263 10095 3113
18775 56 16762 19680 15076 19149 4842 14428 4104 12376 5107 7146 10486 16355 8066 14805 8344 5885 5669 17890 1009 6270 2236 4075 11173 18662
2550 4437 16737 17039 18565 10719 3222 1219 4267 11088 18949 1094 15624 18888 16715 12152 14565 15986 13151 1475 11304 13277 4572 4260 1688 9196
16907 5070 3650 10358 11136 8798 4845 14208 9653 905 1886 19658 11232 6653 273 6472 10054 12029 7253 14390 5376 193 7845 7435 14723 4877
7690 11791 4269 365 10697 17747 4883 961 9033 1472 8571 528 18444 5197 1474 11060 6600 10762 124 3310 6521 12330 7008 2276 5439 2395
18677 11693 2364 14248 13095 2950 2595 8000 8054 16421 13625 9062 17532 3795 17843 17632 9144 16027 17326 6601 3563 10683 2199 24 18366 14639
17839 1148 12159 9672 19171 775 1121 17322 2360 12993 1944 17451 3070 6880 15613 9949 9334 8152 16285 12007 2005 1791 10629 12913 13902 3630
2404 11476 1230 10981 19383 14730 11000 19010 19983 17974 11000 13156 912 3515 14670 3143 13834 3348 6773 17367 7727 6652 8162 5902 4973 4328
11265 17721 14292 8829 7445 6899 18330 16632 2399 16177 15434 5470 3834 18915 19493 19563 3710 414 11211 3769 2623 5065 773 13002 10384 10091
8537 9163 6735 18584 17413 81 4151 7428 8656 3465 1176 400 7702 12359 12307 4881 4368 15607 10651 16214 3367 10621 7369 2149 4575 12698
10374 6074 12350 1064 19151 6011 10333 2055 15636 8280 15469 7553 16865 18929 13385 19822 12483 3680 6701 11213 8454 5009 3820 16571 576 13887
16296 17331 6593 13095 11924 19402 16632 4208 16563 6449 973 11659 9183 14775 2319 5952 6044 13498 15152 7729 4468 12174 4220 19128 17203 2433
18278 17208 9723 15675 8339 7548 8620 15725 12446 693 14418 7817 18845 16332 10824 14253 2895 11302 2725 4653 2426 4099 15985 17450 2871 12446
6804 9461 8001 8789 1737 14861 1670 19367 3064 14793 19906 14586 9777 8154 19080 9486 1912 9653 6747 2440 18861 11268 12472 854 17230 18757
16422 8040 11324 2005 8946 14073 16318 2764 2933 12418 9169 17250 10463 15105 13061 4418 10377 18336 12752 988 12569 11311 1827 1886 10076 14807
4640 12259 1615 14237 2085 4110 6496 9404 16609 283 1663 16677 15303 10516 4174 10632 12257 16845 10844 9534 4255 660 8020 8200 4247 15504
7119 3225 1214 11052 19476 13509 15669 1105 17498 1786 10316 7169 3728 2580 8820 17584 9091 9328 16485 9838 12777 6700 11693 3064 6371 4002
13385 3214 8232 8142 16282 15813 3959 10389 8009 6454 19047 18261 17526 19240 8875 6651 19336 15859 17440 10064 15897 637 87 8757 10951 9601
10436 9595 13569 19118 8063 13923 10978 11817 16362 18223 1278 8592 9540 2405 10990 823 13188 15698 16636 10747 17337 14729 6887 14863 6050 17086
15111 15178 12610 395 15398 2554 17584 14751 5551 2632 9330 3836 3204 8793 19002 1690 13339 14042 12185 1441 14375 6390 19825 192 11706 5712
2553 18238 9608 17905 6553 7168 3864 16556 4734 12882 7821 16398 2394 7731 14598 17330 17736 10208 18242 11353 6916 546 5613 9955 18320 10317
10257 13257 8095 3674 18689 2328 11555 18425 1397 18207 10635 548 13402 1083 12420 16843 10075 1481 7130 2108 14545 8337 3852 6247 1538 10650
173 18054 18383 12553 18838 7267 17222 3973 1388 18786 2335 1780 3285 1059 2213 3678 3165 6813 8160 17237 17511 12674 15554 10445 10838 2449
2102 14714 7806 5545 8707 542 7923 15306 5313 19145 19329 357 9748 225 2844 11638 6475 13383 9137 15326 4051 10543 5555 14996 6988 12496
16708 19581 9585 5939 13191 16693 17500 10960 15163 2558 6369 9673 3741 2056 8747 941 8152 13631 1764 15139 4107 19762 19377 5256 7363 2958
1841 16511 9247 17723 1439 13514 3861 15546 17068 16516 15911 17526 9750 14742 265 1610 2671 15802 15867 4560 17735 15671 7674 16222 16667 12360
6119 8174 16671 16185 411 3450 8246 115 6713 16927 9973 3833 1041 3846 10297 15630 12682 5136 12352 12715 4898 12058 857 13584 227 11371
8751 5476 15885 2174 6606 5261 5571 3436 8152 13449 5573 15441 13190 589 4412 2364 18958 2171 23 10877 10879 7077 12265 16081 11786 16461
17585 6518 4303 12282 12482 10175 4996 8538 3024 18924 6547 4456 19072 11392 6668 5821 1558 3009 2271 17632 13057 19109 4203 3534 16445 2142
11481 9243 12065 6731 15862 5336 7943 15516 7455 12105 1932 6633 11144 1966 2492 15616 9573 6860 16440 18266 18179 16964 11366 16162 12615 1793
9766 2164 14296 4729 15609 13367 18387 462 598 2793 7240 1060 16153 1771 13588 3718 17567 96 5508 14782 3384 6302 3809 5923 16924 15577
10085 16367 15912 9084 17728 19283 3614 4325 1467 7261 16214 6270 4205 16996 5808 6227 16362 11 16835 11774 14086 3187 7264 8973 15140 18501
4788 4969 19993 14213 10899 7156 17660 9934 690 11843 5031 346 8516 14363 11357 5171 16412 18577 13813 1973 10156 7266 3590 15225 7325 2069
8582 3694 4208 8389 7150 8031 14680 15461 6672 13378 15815 2539 12354 991 4692 2853 15691 1886 10019 2991 16876 14851 6072 17782 19813 4459
19453 2176 248 16221 13753 9244 13289 17731 5962 1717 4980 14502 2256 17978 7336 3277 6649 15954 17861 12385 1084 9297 11320 9 7997 11827
2412 7801 18315 214 18443 5388 19470 5240 17598 11854 9325 3243 14229 9924 16624 3042 2428 18711 13286 12633 7969 406 15375 5425 4776 17242
11388 7273 19852 18708 10876 14116 10471 3139 3733 5784 6005 9508 15879 11812 9771 2309 3287 8217 10015 19675 15675 11921 1672 11295 3849 142
3588 10569 15787 12461 6195 15161 18187 16160 8498 14896 3361 13488 16506 9195 17620 14229 11863 1815 5664 937 9540 13361 2514 6745 9342 17424
14108 9571 5057 13139 10331 19418 14621 394 12600 17395 18498 12754 19968 11646 4891 14725 956 14707 13071 1849 4584 3927 8941 1352 15308 12077
8818 3208 12614 17989 8073 10647 8888 7023 4474 3036 1277 11603 13534 1440 11972 19983 4025 2778 1313 3637 7981 17051 8238 19800 17589 4914
11547 4962 15120 5831 13662 5243 13869 6874 14834 5736 19905 12202 10005 14239 6371 16192 14669 9899 7074 8621 12150 13162 18512 9481 18101 6093
11115 10200 2279 16149 6116 12990 2154 17780 17476 4676 3270 10560 2839 16301 17523 18062 5291 15398 16987 13480 8576 5230 6377 4382 9767 10927
5213 1934 10441 2308 3307 9614 14685 1685 1241 7688 15603 16935 6506 16680 12258 9860 16733 13846 9751 19918 12905 2902 10212 6359 13713 5318
19050 6617 7640 13739 15092 10710 8887 7006 3509 13746 485 19835 9751 6019 3785 12034 11700 3235 6961 528 4805 2924 1235 16198 3667 19958
9300 7273 3743 13630 15027 8199 2109 14119 4518 2574 7513 16836 13809 11956 9050 7568 7820 8636 11492 14852 13527 1970 18259 1785 17701 14921
4550 3441 7398 2600 7619 16876 4229 2528 6629 6337 17162 3152 852 374 6600 4758 10270 11031 19454 14220 4500 1949 17912 19447 8917 9549
1781 6083 4580 6632 11491 16857 17801 11629 18289 15658 11080 16389 16936 17915 5938 13690 744 12415 2719 5252 11858 18778 19790 12865 16671 2876
3411 11068 13295 2175 14364 1040 11853 16445 4209 16268 19204 18658 2854 10201 10651 18455 11285 7496 13521 18035 7364 11671 9572 7564 6457 18477
12326 4907 7390 9405 15263 544 19520 11373 4507 6066 165 755 3096 17182 7371 4377 9311 1561 2617 11775 141 13084 7266 9582 15097 13618
1955 6289 6658 951 6881 13672 5850 4180 3987 4108 7749 1764 11166 17279 7831 12628 8423 18640 5381 19511 18859 15925 10667 3935 12511 19877
12345 18069 10718 201 5349 7635 616 18100 4957 12497 2722 17841 18346 11802 10382 10815 14244 16846 16145 10635 19673 4142 3978 3625 7398 13821
18400 18993 1083 16175 19733 13783 770 8822 5914 1013 142 9855 1981 2088 10422 882 1388 18919 15360 17945 11842 723 17927 13861 15306 12274
17587 18042 4474 19481 999 18484 14834 339 16334 4964 15315 16853 466 19689 4721 7433 13096 320 3453 19574 17324 3571 3868 11166 2192 16807
1105 5843 16477 3402 16016 15928 4180 18226 12353 18800 15625 11711 9182 4376 18655 18217 8430 160 8270 15736 10940 6101 11256 13671 11806 14755
7973 3325 8600 19482 2665 16623 14204 7344 6060 104 832 13407 15941 9528 3110 10283 16976 7639 9166 4323 18811 11810 17175 19850 18970 12239
12406 17056 11289 1004 5443 8410 12483 7210 7368 13567 3898 8160 4315 16934 15564 16154 16087 5197 6325 9813 18864 10059 14613 3823 167 9367
3342 6964 10366 18044 13716 14103 9197 7255 14591 9637 4805 1048 18657 6807 5474 365 5355 15165 6950 12608 18972 10711 8095 11155 1164 18198
3279 11246 406 11655 19341 13104 4565 18822 12267 5260 8433 11515 7282 3415 12688 10805 5922 18340 10435 18086 6160 10372 15682 17921 7908 6992
19495 10492 17273 11564 2041 13551 2036 17531 14636 970 3941 6340 10888 16756 18729 13342 5523 19468 6403 17632 19448 18543 19495 14143 6423 17870
16117 8114 6536 12310 7107 9878 11706 8660 19488 10007 8984 9910 3926 11347 13941 1221 18698 5678 15859 7032 11830 14279 10378 9853 18251 6832
3590 17426 2095 4535 2331 5298 12904 10472 18002 18215 4658 19292 394 17674 8665 5046 9374 11722 6234 10062 15921 17451 13819 10157 10587 9208
13199 1627 505 7917 15952 12655 17765 17535 9597 6735 8320 15089 6869 15342 15171 16904 12512 10688 5043 13257 4692 5555 10884 938 5228 14959
14359 2891 4602 7761 591 843 10355 2688 4697 18064 4022 17782 12928 18788 2366 4238 3423 17785 17287 14351 3875 16617 4929 16287 7564 16941
13839 699 16845 6426 2346 13596 17664 7909 4808 6184 18219 18789 11442 5003 19218 3520 14327 8171 584 19631 4437 4551 10200 12864 9925 1427
4185 14021 18465 1621 11754 10648 3014 6751 6808 18730 17492 13588 16412 15248 11820 7558 17376 10755 5666 17726 12510 2417 4652 9355 12577 286
12301 12009 17315 4679 6105 14325 7932 13665 21 19211 8330 13794 6874 188 1007 14427 6448 3875 12595 18846 10798 3530 6595 15986 2043 13128
2139 18885 10054 9781 4251 11880 3952 13250 10106 12115 3820 3251 7418 241 16381 817 4922 18912 12637 19695 13143 3444 9892 2884 17499 3749
12025 4742 4177 160 8982 18756 2574 17835 7928 12537 10675 618 17067 13864 4864 8239 3589 16449 18487 18361 18531 15414 8337 15195 6128 4574
9384 19665 10366 1186 2643 6783 5303 15564 17822 17724 3292 1925 11087 3761 17282 15930 4163 19730 3833 15872 12704 53 11187 2815 1515 2391
17702 13519 7573 3592 19367 458 14735 121 5489 13042 18765 11588 15917 5816 6583 6597 3030 18814 4077 7211 10518 10957 11212 13295 11823 11464
17609 15686 17325 7708 11534 12772 4618 3338 2463 19805 19308 19645 893 18152 2708 17877 12141 502 18873 18441 2865 9823 4432 16479 7029 17374
10830 19202 18852 2437 8538 18652 9693 5891 1583 19775 2821 1951 12127 1456 11924 16490 14605 8089 7973 19246 17488 7812 13305 13390 4547 12133
2180 17098 15729 5837 11593 14355 2797 6228 16364 12412 3926 15525 15873 7772 14058 17719 17927 16330 19227 12542 17232 6639 4086 9306 2075 364
16918 8010 3419 8296 9711 7765 13141 4504 2772 12258 2867 6219 9964 13713 11867 3726 12357 2784 19470 8860 2343 19099 1960 17176 9857 4713
6234 4655 859 3732 2122 10638 11144 11711 16913 5255 14396 6010 543 10494 12772 14293 8450 16460 15870 12871 6635 13066 11012 9422 3711 8135
16841 12536 11227 16715 14184 12843 13962 5496 7060 10927 5306 5323 8350 18580 6998 4308 4696 19704 16321 7733 6150 3096 8029 2708 7346 14860
13423 18812 10374 16559 18693 1188 8330 11527 18283 10324 17007 6123 5802 5108 3451 12067 14482 11315 15093 10502 19748 6632 3225 4663 3644 18191
8893 1426 5357 7492 13508 16350 15353 12509 3969 544 1349 4819 1587 15863 19577 82 11102 16752 9592 11588 13516 18691 14553 4923 12740 5278
18686 1110 4518 2319 1838 1372 19861 14535 19571 19957 10987 19213 8023 5833 19708 12830 19904 2770 3818 10653 19344 19503 12543 5492 5608 12594
13458 2320 3485 6754 4202 18310 6103 1185 16187 770 18361 16163 5063 19169 16402 16499 19126 17986 3624 9352 6099 4216 16844 5084 8382 8434
7884 6230 18110 17756 17511 2049 13108 8668 16058 13453 17612 5423 16468 4634 2348 6446 16531 1908 8555 15101 5133 9536 10571 18334 15014 13671
6129 17367 3270 4564 5322 1013 12279 419 138 15670 8740 16734 15496 18284 1778 19419 4699 18089 6047 476 12265 6121 18850 3469 13748 14145
16644 13803 6750 133 14985 11143 12400 7097 1564 3806 12095 8976 16182 18369 15948 17117 16022 15944 14935 5912 12088 8521 5324 13096 1685 6229
9673 15120 6490 17925 13360 10541 4677 12112 12069 16724 9908 9229 1792 11813 5322 1423 8441 16266 12917 10218 5809 4916 6936 11475 5893 11036
3268 8796 4476 11314 6170 10855 13357 91 19092 2404 6276 19240 3134 12511 5446 14822 19703 12960 13458 15328 6953 15285 16301 9217 8325 10896
3644 17472 12948 10810 16630 8811 9312 13379 3906 17647 14785 1787 12222 16247 13626 12251 3040 8188 16083 19029 4543 18084 19373 19653 9520 14796
2685 9376 14876 5974 13789 12865 1690 2694 14307 17537 12080 17218 2032 3859 13962 16650 6593 16900 6751 16153 10360 6538 2962 2311 17106 18524
4813 13852 3455 19708 16069 15840 3555 15765 2392 19356 18078 17776 1033 2401 17610 14876 7911 10132 15572 15424 16515 2880 19352 10048 9040 8650
742 2958 8886 7867 14321 5136 16467 1742 9672 17679 796 7938 121 17239 14208 156 13760 9472 16895 11394 5487 19855 11989 7446 1967 17746
2629 6086 7665 10336 17540 8429 10172 11740 1872 19992 16388 19718 1528 3106 3721 6921 7719 3041 7388 14889 3151 16695 10239 14803 2061 15799
19537 8929 14797 14848 4562 8480 8019 3190 15678 3638 260 18937 7924 3226 1870 19412 1229 8745 9192 11773 11041 6230 19153 19083 15347 12179
8901 3161 11953 19869 14065 14432 15854 15466 695 5258 10994 9149 4777 14868 15357 19994 5650 8560 14466 11139 18282 2585 9613 10126 3060 10950
8741 4938 16132 5266 15962 5396 6886 4594 5459 7415 19731 6848 3109 2611 4596 11701 5692 18814 7645 13969 13448 2613 17849 6931 1872 5755
6530 8026 2715 6922 7333 18990 3519 19553 1538 19630 14741 4935 3923 3704 18763 12669 15288 3986 6358 11182 16929 2481 8649 1099 16472 15191
6315 12649 3194 9909 6095 17018 12759 2652 13105 10880 11807 7411 10141 17520 19917 16688 16831 19454 6724 4914 16349 17608 17302 6757 16680 2586
5831 14812 3199 1117 3483 18295 17943 13067 15274 14147 10187 8007 6383 19538 8733 9734 12667 13164 7648 10447 11561 13046 13561 6865 3684 10159
14162 1985 18205 8361 12920 14974 5077 7921 9139 9027 6536 15552 8231 6694 18992 3560 14409 1096 12143 15234 5565 4645 10683 3442 15035 6619
14386 4169 17253 18995 8589 2452 13860 6942 1193 13550 11494 8891 14737 549 12255 17089 6582 18364 890 16921 13195 2654 11384 9686 17536 8497
18986 19831 14277 252 6778 4966 13226 4583 8044 10928 17313 15268 1127 19893 4265 17716 1556 12312 18170 8499 5314 3397 17292 14991 8226 3086
18322 11881 18555 7099 6417 8400 392 11856 99 4031 12004 12436 18576 2034 7256 871 11521 3979 4404 10010 17076 15115 11263 932 17666 11216
7243 273 9308 11590 1990 5892 19794 15239 5940 11951 2047 11958 11576 19533 8482 15134 4126 2968 3300 5291 9159 7711 5568 14986 12157 717
13206 16499 2551 11117 10397 8058 3890 2937 8655 2645 1043 1842 13151 16217 5386 9002 16544 10240 13111 8166 10018 9900 15310 12534 9909 1089
9880 6557 4926 17231 11257 5667 19951 9819 16404 428 17699 5588 12661 19109 18621 1560 14778 7222 11608 4723 18538 12741 4452 2528 6507 3094
17396 18759 9805 2674 6440 10371 17943 6060 15805 2896 18800 17252 13541 408 18258 14033 16358 10891 7651 4104 13910 17107 7667 8844 11532 14968
12260 5165 3491 12631 7655 15325 16206 12746 11852 6517 5719 1415 9713 4050 12299 12534 4891 14699 17830 18827 15434 17409 9678 19905 11092 1916
13732 6472 2377 2184 8327 11954 10252 11642 11526 5489 10242 15834 11321 9735 9190 13533 4100 13125 18843 19282 9721 4799 1770 11575 2943 8623
13601 14893 10208 1355 16225 17515 16179 8528 4288 5686 14806 3581 12900 13234 4929 12543 9666 10381 11254 10778 19226 1896 10364 17628 18523 19427
6573 7758 11012 13458 14285 4877 16121 17179 15827 6164 17672 10904 6159 1133 17072 16475 9023 1092 18506 13031 2767 18423 17340 15679 13087 11033
11361 9944 3224 12682 18137 14036 2654 10444 8688 6753 14184 17843 11767 2563 10691 8572 2809 1416 13749 7398 9566 14276 13750 1497 16486 2226
5930 7127 16882 13914 135 18364 18975 12940 13100 9189 9751 6100 18846 4693 301 5059 17653 982 4251 828 11348 4530 8769 5179 14676 16135
18781 17401 2611 2176 2280 15872 15460 14044 5224 529 18345 5705 11951 11865 2341 4652 19266 18389 1098 14154 16105 12986 13441 147 16706 19120
1584 1654 11976 9091 18778 19503 18706 11941 6731 6146 12779 5183 8200 2932 4292 3103 14865 12317 18867 19313 9974 19971 11069 1688 7392 4145
1387 4197 14092 7843 10017 11708 14595 12440 7304 5319 15517 4523 16741 19857 15704 18791 15079 17154 1998 19157 16124 447 14900 17352 17528 8162
7456 12676 14184 16125 11412 8613 18094 11731 15818 7773 2725 14673 12851 16611 19054 18685 16226 18557 9924 1833 5127 1864 8454 1427 8731 18727
4184 13672 7970 8104 16124 17785 5230 7806 4387 13146 6982 7192 17451 11127 14464 1244 1715 4525 19577 6329 17075 11660 4310 5772 11161 9863
3280 1543 2814 13352 18293 12839 6830 15505 13111 18185 12156 1437 14547 5252 19309 3088 17515 16891 19796 4090 15029 12504 10486 14504 1411 18106
409 13943 19342 4698 15021 4109 13413 12888 14733 17641 4747 17268 11757 10385 3394 16139 2118 15239 16413 2972 4682 12254 10779 16869 507 17655
10674 7427 10780 4800 18032 10375 7325 6800 19845 17732 14170 13000 7767 6561 5916 8940 11133 12261 3206 15526 2547 10390 9442 12471 14305 15990
17238 11485 1680 16261 17727 11560 9337 3746 2132 14560 10819 10074 19843 12685 16136 14038 3829 19436 9623 3702 17054 3287 15966 17119 14566 17914
14549 17715 12898 5156 3592 19433 16492 14159 9705 18303 18098 9972 18660 14398 14442 17385 19023 9351 5181 388 2933 31 7528 13792 19997 12535
11389 9647 17706 3618 11876 13364 3475 11887 3407 11335 6940 11096 9769 14428 14610 17091 9938 7049 9223 12763 4557 13875 12014 8974 9317 10269
12358 18802 4862 952 3066 13261 3869 17748 7776 14718 14018 15786 10264 216 19854 1841 14073 4594 7776 17879 19367 8534 779 15094 9398 8112
7536 11094 15770 162 13212 8426 10469 16966 19307 1506 17375 17425 637 11131 18863 19202 18069 9868 18417 11856 183 4593 17099 5609 16623 5330
5285 224 19026 5835 19528 14573 15295 17657 9401 19219 12929 18899 9206 1102 1049 7506 11832 7409 3931 10975 407 11886 15614 1147 4976 4608
13896 6510 12459 4540 7087 18980 15304 2876 18646 8068 19627 6132 18723 15172 5033 8655 11351 15974 17968 3968 18373 9709 8849 2448 2991 5963
15875 10491 6620 14085 11979 8996 12496 13891 6463 14676 7522 16456 6371 933 997 387 5412 3893 683 8764 7117 1985 14797 5439 15367 3005
9209 12146 18967 3204 17748 5621 18167 10301 15666 12897 8874 6095 8627 14744 17428 17222 7163 12007 15099 17971 5632 4663 6875 16048 11556 327
8132 6200 8101 6759 18151 8276 9626 10991 11525 9607 17115 14005 15180 8532 11090 977 11885 12200 2683 12142 6468 12175 915 19649 2600 2109
15527 8662 1177 11070 1748 10808 6054 5773 18033 15029 3247 10763 89 17845 16418 797 4956 3118 14858 19032 3041 9599 1730 5422 3866 9341
8242 8447 7245 14293 15607 15248 5278 4679 3847 13153 292 4807 11875 3332 9775 319 17725 10819 16729 3443 11473 16997 19135 18551 8477 19779
13535 12579 58 18523 1369 6238 15266 11848 1948 17907 1928 918 3302 13735 7772 17140 17576 4641 11229 680 10088 15189 8327 17584 19385 10869
3586 6051 6815 7895 9247 10577 7032 11054 4099 15531 12785 1820 14957 9219 16486 19851 6232 4451 2874 6824 17738 6117 12465 2712 10022 11946
2228 19022 13791 15203 17730 16232 181 18273 12100 1294 12450 4508 8839 5762 1049 9460 3224 11978 10138 8014 7587 9993 11576 7064 3675 962
5890 19628 11666 8377 7740 11166 3011 4362 2979 16095 5272 11145 3303 3246 7928 11464 13652 17727 5235 6168 8260 16574 16673 5671 3216 10458
7675 4747 7965 19570 4074 13031 4496 9166 16694 12713 14376 11334 13398 106 13630 15672 10135 15797 3867 19533 11068 16434 15562 18142 5827 12263
18544 5295 19471 3665 6207 4951 9791 14137 7551 2049 18788 17069 5250 13771 14617 11755 18702 18911 805 2419 10797 17518 8054 9060 14100 11351
11270 17225 3741 18460 4582 9823 15547 10268 15040 11613 17225 8146 10649 5543 12716 1264 4207 307 3288 14024 1605 11550 5329 4515 2694 1717
7765 12531 8331 7784 10127 9145 15353 17619 13113 9419 2710 4896 12806 4641 16666 8297 17081 1707 461 2754 7905 5469 17351 18540 7783 9072
16453 6896 6298 2612 6257 7773 81 14990 8797 14926 4136 396 1590 19026 18421 19678 5966 2739 59 3285 13393 14357 14066 7478 1928 2804
12165 739 3583 7928 14168 19965 481 5565 2075 19601 3063 18011 7149 13367 4848 10406 6878 7779 5940 578 13869 12861 3416 6466 4640 16763
11973 16344 7479 16533 8104 5816 9300 17828 12654 11620 14796 17710 302 13077 6378 11549 3945 14991 8664 8765 6560 14599 16609 14401 6177 2978
4724 10899 18709 15311 1582 3075 1709 2747 18924 19750 8899 3401 15286 1290 349 17245 15257 13780 846 6404 5466 8648 11373 15375 16008 15279
18341 19693 17059 12824 1494 18195 19156 5206 12770 4316 18354 11844 10022 13092 13541 18236 10668 18721 5772 19258 4741 7994 1165 10810 10983 15410
13593 3719 10715 10381 5746 15799 5270 19738 9163 5951 8530 3818 19137 11111 16763 18454 3939 3523 2584 17818 14494 16639 19055 12998 2439 4860
6409 3780 3043 3403 9203 2128 5937 2506 1663 8603 6843 13111 929 163 18477 787 1465 16629 16200 6736 19267 5656 611 1137 10639 11630
17390 3501 1579 17920 7027 14975 16686 18238 12150 10569 17977 14868 12972 14888 18945 10862 1482 18733 17198 16115 14813 5882 3855 13398 13958 6106
5216 19490 4183 391 10830 7808 4434 7573 19169 10947 13974 19366 18171 6725 2881 11360 5204 15529 7043 3439 6506 6142 1940 18512 7708 17585
11975 5048 15901 1182 15103 8334 13749 17786 7566 19706 16426 16676 13713 18401 11540 17357 6362 18579 162 9580 6319 11092 15813 12482 850 19376
16821 8420 5087 16216 15911 5677 622 6444 11187 13918 7693 16803 2188 7303 5742 6308 13654 19190 12589 8628 5935 5478 7258 18234 13855 14617
5878 19427 2917 5637 10782 19392 19960 9935 3610 12953 1915 7910 8285 17544 3019 14413 19340 3342 14009 3365 914 10445 1539 1611 9047 17465
12979 425 16706 8706 10423 9128 10849 4299 12406 7492 2007 18661 3963 5750 10289 12704 7865 6874 17578 4898 6046 2577 19668 2219 3996 2432
16338 544 9374 12821 10411 16963 3214 4744 13904 10786 1961 7666 13788 13035 4431 3941 2050 14852 11066 4771 268 8521 9793 7127 3536 11382
15802 8429 5987 8713 1303 5673 8242 18116 12144 12254 2992 171 13346 4930 4429 10733 6770 12165 9103 6804 12381 17222 17415 19238 19736 11562
16030 9895 5911 14828 8547 12115 14926 19397 1697 727 759 219 14491 14468 9980 14642 11128 12245 14502 6899 18249 16204 16329 3188 1414 12267
16829 7978 13101 16816 5905 4583 16668 13043 15742 7391 19093 6529 18810 4816 7166 14436 17586 8030 14415 720 12796 10678 8826 9297 16300 17157
9330 8363 9701 16341 14064 12010 202 2954 7166 10327 2364 16282 6066 15340 9225 6676 11246 13052 12550 8320 10892 4974 8354 18850 1340 9857
9844 1245 12369 17107 2710 16819 7344 8898 13596 10043 9765 3278 18240 19916 5357 15738 17418 1367 13627 7886 7604 70 11084 8390 12557 4272
17557 2950 2956 2175 17234 3846 11375 4748 14861 1153 18103 4106 10639 9527 17928 776 2506 4482 17148 7610 1001 18048 6377 65 6336 2729
12864 474 9537 4419 17294 6826 3 12910 11108 13771 8789 4675 18994 6481 15923 17254 12709 15566 18621 11511 17631 8162 3139 2206 11239 2185
13374 13059 12301 9986 8291 10648 10227 6440 14864 18437 8452 14320 6771 5730 15080 19941 2002 6500 9491 3431 1334 17024 18675 2125 13059 14157
2210 10530 10275 14897 18061 8754 17953 3574 2041 9197 19426 7451 5853 7822 11856 10334 8749 3148 10726 5008 1478 13902 8295 6597 2882 17665
13016 1774 11046 16372 10557 11749 15266 13159 5631 8543 8165 2154 11306 18519 15508 7482 18709 11164 11164 9621 16683 19810 3325 13566 4227 6889
11260 14510 18127 9055 1952 12231 13171 14947 9452 2552 9357 19863 4111 13172 10628 3090 14870 13412 7201 268 19129 15932 11859 6579 3907 15412
14712 12634 69 8946 19926 19690 1140 681 9292 944 15596 17759 9600 8278 11217 18534 18215 7399 8338 15384 13419 15501 1382 10570 11211 2419
17408 4326 4805 9439 8085 13358 9186 4686 3009 17453 6934 1625 3481 2009 17023 15719 8380 15752 4026 7131 2117 12153 10333 3763 2675 15958
3738 7917 15041 6436 11595 1008 12421 18554 5596 5521 9588 5842 16964 11195 30 17396 14134 777 456 3858 3740 15104 15625 2982 3001 18633
11088 15293 764 13943 12648 19660 15126 10253 7477 658 7584 14815 11294 14020 17962 1055 3623 3169 19242 7114 6525 18855 9706 1004 15095 7328
5542 13572 10313 12044 12323 4651 1405 5133 16518 18823 5424 16225 11578 2432 19902 19471 18522 8208 5159 270 11710 10133 13688 13627 1181 16129
17575 7214 17772 9513 332 5755 446 498 4930 4007 10594 7078 16610 5499 3498 5594 18711 7972 13840 17488 17505 15689 17399 12729 3795 856
7428 1417 14865 3809 9951 6959 8877 17459 6735 14085 18648 710 16118 13630 1798 2079 7677 1312 16052 2150 15849 16328 17595 15977 17078 19707
7347 18424 8018 15253 9406 1878 6088 7855 15753 3769 18510 6252 15350 15580 14792 6700 15951 17887 8303 1707 4553 9108 17205 10865 8032 11384
9662 12487 11414 827 19444 19046 6392 19719 1096 772 19819 13344 428 13862 9957 10564 32 9850 16330 16318 9961 18826 8909 14213 6516 2551
4040 19208 13000 7950 4958 1518 3546 18188 720 17943 9071 15333 6218 11084 4232 19724 18879 208 1490 9124 939 11024 19216 9663 11895 8108
18261 8605 13028 16678 2210 8773 12688 17495 10550 1358 7993 5663 16471 216 7778 16361 846 2914 17447 1336 8021 18310 1246 3403 14543 10059
9464 14464 19998 2658 4742 8865 17950 1580 10520 8047 1992 3835 1208 18379 2496 5626 4513 8210 11301 8715 2377 7349 6863 9487 2330 16912
11160 14861 6969 6016 5556 14361 17846 18827 9765 11413 18160 2345 15947 17776 341 14597 3779 114 8994 4376 9360 10035 6647 4929 15706 12784
2889 4523 3691 1714 8023 12338 6651 14818 604 4622 3126 19280 16487 7107 9756 6631 12324 11019 12329 11659 19050 3041 15467 8962 4045 17361
18260 18774 15101 1952 13320 16421 11737 16878 154 9290 13748 7 13219 3740 5256 6031 9403 10471 16602 8045 6044 11446 4433 5087 5890 13626
4440 18783 18403 9567 7330 1800 18074 12955 3748 11283 18718 9817 15709 6871 9474 1472 4566 4068 19220 11497 19746 19500 16125 2557 11392 3899
1182 13783 12647 12705 19084 7226 19289 16960 8022 10147 5937 5042 14011 301 8379 13605 9658 2133 4220 19280 17831 19090 17195 1653 4958 17674
11596 18540 7558 592 10451 5948 6350 10479 19840 16480 14787 11926 2771 1983 19012 9020 15204 13174 332 7258 4540 15559 16813 19924 6896 9241
16857 10549 6377 15194 1831 16373 18690 12021 4712 4591 5207 18990 11134 19702 7040 11832 9133 19506 2622 3354 15395 1492 8953 12205 11602 18129
9521 18875 16056 1101 3261 2928 6135 19722 11041 12501 13784 13614 12136 6631 9827 15637 16953 1478 19190 11094 8566 2165 10437 15074 3555 7906
5667 8333 19873 13589 9050 18421 12673 155 1308 19459 3811 7166 11128 8925 6003 7972 6506 1407 17021 9064 11045 8978 4871 6078 6337 7723
10809 10877 14342 18336 3994 19281 11636 3887 6282 2156 11261 1611 7654 369 8669 18933 15894 17086 10854 8272 14074 2794 14500 3930 9085 2338
13154 5436 14401 19181 11193 1550 9423 17293 4933 19541 5419 9643 5923 4558 12226 14221 2412 16581 9616 11241 5182 11405 19551 19728 6118 11638
8671 19344 12433 4310 9136 3499 2612 10426 5004 6688 14149 3248 2225 6311 5890 11698 9700 167 4093 16022 8108 18355 16085 19498 1921 7870
636 5510 13672 9361 8370 14980 18438 16846 7055 2815 10945 4129 12099 2761 2746 13058 12733 17394 10359 12975 871 8721 6499 5483 11297 5283
7488 8895 17734 18665 16982 8324 5079 5380 4565 4513 11465 7636 18344 18688 17329 5967 2387 19556 5722 7121 10038 15001 13411 10486 18010 12604
6210 11184 3469 16027 12052 11434 586 3589 9202 5868 8798 6598 2530 18463 4505 2634 2745 19576 16330 6473 16950 5506 1224 4378 6239 6536
3877 7009 8200 11368 12839 16328 18249 15124 9084 18558 18507 7472 5872 9243 6640 2314 12549 15685 12089 14776 9560 12251 19480 4552 2915 13620
7500 18528 1584 7139 16196 11695 18047 5068 744 14109 6404 15448 1834 11521 14117 16638 11775 8481 5548 4309 18858 11792 13239 11972 6817 7688
13090 9829 19395 19654 1146 10685 3254 6418 3603 15289 13268 6606 8174 4389 7620 15136 15196 5673 624 5301 7263 15648 14924 17296 11131 17389
3196 12644 15500 18440 16918 14367 419 13152 2578 19322 8629 16812 8526 2257 4307 19673 18842 5062 10027 17655 10267 14621 13872 18859 13048 11357
14171 4338 14470 19514 16690 2391 15527 7317 1453 1713 12976 13305 10610 7090 19790 4906 9431 8764 11566 14211 1801 3578 13803 8164 9238 11192
10058 17339 17286 18222 19423 17612 18062 16414 14281 5166 9670 14870 19458 14384 2677 19200 6779 19649 14239 7787 13305 13726 4584 6325 3365 17390
8239 14121 13603 11829 10991 15869 19602 12831 2210 13491 11501 10741 15958 9560 8521 7533 3748 1308 9345 10873 2558 9176 6371 9495 6899 9774
5567 10282 12073 7722 6380 13158 13889 8340 8984 1166 4736 4284 5381 9667 7874 17274 16557 8548 11835 1325 19372 17485 18952 4428 12156 5290
9675 16865 17018 10749 201 13268 2377 752 6489 99 15819 18718 14135 9581 16179 16501 9349 2498 7720 18799 18904 7110 17999 4596 1475 12795
16010 9786 1717 17920 4903 385 795 10506 14233 9987 10674 2135 14686 18588 9646 5707 7164 17726 11874 6599 12682 3551 4010 15357 9896 9274
17989 7919 6782 16534 4099 19884 12690 7743 3459 2673 1912 8795 8066 4800 5150 7272 10191 19048 1177 4563 2435 10338 18003 174 8210 13557
12178 14756 15949 8556 15998 8780 1016 14785 1285 3691 687 10224 2838 13505 12820 18138 17864 19767 15518 17614 15995 5865 1806 4636 6996 16628
16235 11856 2993 3434 8959 19207 4798 18612 19418 5737 3638 9919 17598 6503 302 10159 7925 2685 3460 17639 15420 19934 4483 8030 9517 16394
10807 18941 12703 4480 4240 3567 17767 5041 16964 3452 18560 11349 8866 13204 18415 12105 1163 1704 3729 4451 16358 10287 14198 9298 6659 5195
16391 97 15412 18050 11968 10643 13111 16542 1739 14434 19994 7593 11969 4281 6583 18674 1693 11499 7029 11376 14986 18442 19785 18969 5571 10830
3455 11197 12776 12908 9796 5969 1607 14418 17885 12068 17664 4504 19659 19250 666 14433 16837 7603 2353 7582 12773 3892 13464 15253 9816 13837
12524 17011 11727 12637 3031 9704 5075 10348 133 8780 16107 7535 13856 14406 11832 5632 14960 7300 945 2344 10118 8125 17743 15347 12601 10676
