365
74 25 26 94 82 25 5 24 57 51 45 36 33 57 78 53 36 74 13 1 62 27 60 96 9 57
18138 12342 12053 2026 3314 4413 9891 1135 6043 9619 10167 5642 19830 7960 2478 5201 6600 14690 4103 4262 4299 7451 998 8632 8210 3259
15681 16413 19313 8820 19234 10911 19138 13104 4203 9353 8430 6717 15159 6510 19983 7463 14889 3012 5803 2876 16140 9773 10508 14646 15930 8405
16017 4150 2063 4201 1456 16970 7664 1118 9398 1922 1235 6775 18853 2261 4066 1578 16069 1801 18123 9156 15890 19621 10868 10328 16684 1967
11265 2330 4264 4815 6661 6713 12214 13528 3390 15962 4947 6657 18755 7084 847 1441 4725 18714 1850 11777 13718 12192 16375 2875 11983 1768
17335 13023 13112 14978 13699 2714 11245 3992 18827 6660 12390 4188 19061 3995 5457 12411 3780 1195 6827 3581 16606 12853 7764 10088 18321 15116
2014 12653 18040 1653 5331 9521 3811 17599 10051 3892 13831 808 14557 1535 18948 6580 16094 8798 3474 11968 11892 4241 8059 3438 3858 4191
10756 13524 13857 10687 4947 6780 14364 10001 18201 8641 11993 2894 13249 19220 10328 223 4961 11693 5336 2684 19143 10885 17142 5435 16681 6539
15637 7732 7227 11511 7283 4276 827 14980 16981 16385 15443 17650 4869 14823 5575 1016 6075 19711 4768 19710 10541 19648 2265 4768 6562 15250
19765 11217 13553 17080 15161 12945 13705 3625 9185 374 16770 3369 10884 3159 2761 16102 8791 11310 7720 12735 5587 9688 17106 5861 14833 12270
14944 7428 19531 4733 6156 6937 15016 16619 2965 15386 8803 7202 265 15123 16626 17847 2466 5899 15557 5003 16919 14224 10156 13252 11411 10687
17938 288 5949 625 13064 14526 10151 1707 11450 704 18190 5633 5079 17133 9822 9005 5270 15568 5143 11881 15230 7401 8240 6354 1352 4695
12646 52 15479 14477 13703 10527 6021 12085 3584 12037 3189 1184 16745 5463 7619 3695 13441 16483 5633 5101 13707 9555 2282 12985 9141 11815
12009 5922 10452 5862 13123 11490 12962 1473 7072 13129 4725 9863 241 1648 12883 15516 1635 6263 826 16596 1990 14682 7481 17239 15301 2017
14558 19083 1994 11335 3952 6632 1086 12568 553 2580 18103 11183 8933 10637 4372 7395 963 11916 2084 14675 12371 6979 17282 3029 8398 6333
9967 1631 3415 16769 1705 2904 8990 4046 3761 12763 7327 11691 14208 8630 14540 3302 10551 19501 15656 18764 14732 19822 12344 13596 15321 9787
17940 4116 14834 16049 12527 5759 15226 9669 6195 4619 6655 15034 16606 7933 6201 17658 7168 337 8664 5026 6974 19932 15909 3971 15099 18741
14076 12509 15772 4629 7571 6490 14372 8323 4199 17089 4743 12549 9684 15835 8266 8088 11613 3883 13638 5711 6363 14822 10437 4198 13845 293
13439 16140 10899 19146 5935 12549 1415 9482 8424 1138 13159 14232 11638 11517 16796 14441 1908 6361 8210 19882 14177 9631 12432 6593 13133 11091
10404 16840 12307 18400 13927 8732 18953 16474 9413 11663 15352 10119 82 13170 19654 10179 4434 8696 18646 10218 16051 8368 19108 1568 9999 18551
1223 8967 2866 1649 9820 1916 13544 3727 19189 3392 17059 6887 14741 10623 18929 19042 6255 11730 1955 15532 12332 7307 19672 2412 2543 11160
13012 14472 5809 3872 12576 3259 13291 16858 13638 4000 9392 9908 2690 8177 19693 13893 11607 4735 5081 5845 13835 17165 11608 15280 17106 9426
2516 941 9258 17781 18861 10814 7299 8721 6282 15906 17324 6716 14021 19192 10929 7313 3318 8313 853 15232 6614 12569 10768 2727 17239 13258
17474 13560 11704 10044 5422 11982 15922 12801 3218 11 3520 6580 10316 19623 6614 1718 19103 4616 9830 14064 10655 4468 488 16900 9355 5644
14759 1801 10552 8365 14502 13561 11081 7770 14681 13002 17807 4524 16961 4739 18709 10683 18385 15005 7405 18648 19861 15904 14695 14834 11812 16924
15361 9362 8155 17295 13929 5419 893 8604 2248 18336 18191 9994 4262 16768 146 8309 11143 18993 10858 3176 18661 4315 12736 5424 1767 3200
3566 3220 16448 14469 12001 14070 13166 4895 1556 12902 879 580 824 6178 17918 14913 6570 2854 2103 180 3631 14066 1434 328 15033 6972
13963 12580 2751 14947 6085 12580 6399 5193 8494 10405 3025 10001 14600 3124 8845 712 14801 17546 15647 5966 8662 12310 17859 19721 11871 5432
16279 11342 17777 13686 272 16776 7805 19294 3323 359 18682 17051 5158 11709 17787 12307 18218 14583 12676 7715 2993 2054 17282 5528 16358 7789
2377 13597 16901 16811 13537 4121 3129 8667 5929 19181 11932 12069 12733 9171 16838 8701 3596 19269 18261 15442 8245 2214 12321 3300 18536 6290
15827 7669 19845 2915 9285 8050 4698 17145 1610 19551 8469 6747 15953 19058 2734 5742 9124 7270 10353 9159 14286 18343 10564 10502 18764 10546
12725 3657 14815 6303 13536 4607 13866 6354 6771 11821 1429 3170 5974 12391 6947 6014 6969 5384 4926 16947 14470 13279 18344 12510 15517 5195
7478 11132 18936 5033 13145 10544 3669 11779 11929 4131 18904 2066 17387 6849 13462 1102 1158 15964 15888 18945 11656 9160 10938 17880 14847 7860
6911 6333 490 318 8176 19948 7311 1848 11 18932 14416 19024 13885 18420 18995 15377 16693 4974 9519 11 7781 16788 9829 12960 3848 12462
13573 17006 19741 12980 10459 8890 3597 3877 19213 137 9331 14993 3409 7743 12249 15055 17342 10605 2916 9521 18725 17136 14008 3992 1400 19958
4898 9388 15740 15680 7231 8032 8759 13539 16389 1272 18746 8213 5503 1205 17408 7948 19076 2449 4259 7478 8161 1979 15379 14103 16727 15640
12194 11617 2112 7920 17413 15899 16721 6915 11945 9155 11933 10207 17682 17511 15549 5048 13891 673 17712 12037 8416 12666 4675 4078 4421 5423
8677 5260 14192 7454 12699 14806 282 2690 4937 5028 6116 3225 19666 6549 17643 14705 17433 6016 15313 15822 19953 14821 16726 3827 12385 18667
11322 6382 7378 8200 18192 13551 4445 7473 18677 14531 13470 12435 6896 14396 3422 14099 19784 11669 11240 5670 12966 19855 4256 13995 16852 6787
7725 10894 8248 5728 5058 8759 13401 13809 16684 15527 13021 6872 8827 4842 6545 11775 6952 7365 3432 2080 9898 14515 11832 14472 18914 2235
13040 10540 15105 10688 582 6346 7908 8640 9410 3071 1370 2052 16376 14484 14458 1634 15186 4388 4244 3624 14225 4501 9455 18732 15118 9640
12935 7067 19962 2029 19970 18819 7409 14017 4103 2309 6692 986 3681 14039 2122 507 12068 15175 9115 3408 10620 7917 13441 9263 16818 5646
16043 15982 17564 14617 7044 14766 7870 10054 8099 4492 1913 14476 7167 378 9192 5166 19385 13294 11852 15212 11716 10554 11460 14871 17974 6449
387 14415 7978 2242 12103 12469 11550 2285 3042 20000 16188 2474 7744 7032 14217 3938 10487 17903 13607 18489 6525 18929 18809 18107 3448 18349
6827 5762 18813 14796 7715 12933 1848 19642 13828 3424 2189 7362 18318 227 8320 19089 11315 4272 17065 3564 5926 19634 14246 6020 17719 2853
3616 7854 7723 17023 13681 11407 8652 15252 2486 6462 18592 16757 9958 12926 11444 14961 27 5513 9715 19874 4230 11085 17237 6569 19812 13849
6140 13126 19436 13368 11166 7469 10360 9393 17707 4216 3703 4615 660 4252 3892 5547 8092 1649 13803 11451 13242 973 6090 4921 17260 16137
19280 12524 16647 16976 8353 13206 4793 5999 6349 17079 4831 8444 12897 19228 13112 6270 9053 6347 18790 13100 1570 8703 12897 5958 3474 2597
13914 19188 10048 11298 9793 9768 12816 3997 16250 5631 19676 4374 8843 7392 19950 5834 1919 15012 2063 7075 1287 4548 1862 8780 12961 5097
12590 14032 17752 11073 244 1186 2638 13817 9787 19671 8610 4872 10970 19395 4414 14454 13379 18853 462 12035 5595 9551 19050 12510 4645 16159
12096 19332 13046 10877 13 19109 2204 19529 15074 5836 6350 2438 16627 11451 17210 1024 15303 9425 1071 749 4675 4713 10740 8798 8007 16051
10851 8931 12213 15957 11630 6626 19193 13787 12664 13758 11580 2843 14690 612 5155 9 18566 13963 5973 17538 1727 6093 17948 11893 4879 14944
12209 2456 13135 11987 15459 11336 2269 2128 17822 13323 19456 8199 10110 8448 12753 6486 14467 50 9931 12811 7198 5509 19350 7309 12751 7020
2785 7965 1909 2509 406 127 16522 2891 11130 19905 16427 13411 6915 14765 18202 3817 10278 16448 16136 7080 663 14131 3811 12811 19492 5997
5979 4577 2083 16268 2794 14549 1033 19859 1088 7327 1983 19497 2452 11114 10066 3067 1692 553 12691 1108 15240 15155 2473 688 13779 5508
433 14819 11718 5721 15048 1295 9148 8762 7707 15864 7739 16941 12190 13483 1438 651 15823 18704 11705 6335 4460 1776 10815 11985 14924 12877
17684 17352 15553 14216 12386 7372 15993 581 2099 6186 13193 15231 6208 1874 413 2401 11139 2315 19982 18372 9331 6982 7805 6944 14793 18816
1060 12510 5790 14608 12493 4618 13342 12997 4550 18874 10719 12495 7805 12520 19824 7476 7472 15926 1539 6865 15894 4867 17881 5157 5122 13797
2650 6782 4641 14143 17732 8344 16893 6844 16668 9308 11371 8685 3789 16709 18405 13994 16841 7120 17677 4503 18848 19853 19232 14727 16483 1922
11205 10503 4401 9789 15158 214 2618 695 13060 2995 1636 15311 7393 16803 8518 12488 2181 12660 2258 4380 19919 7513 7221 15315 5511 6361
13848 1441 10963 16841 1486 16309 17795 438 13195 17906 15972 8202 10714 16465 16313 19067 1171 10014 8041 17171 12609 2647 16214 1530 18403 13768
7618 11326 11856 4427 12395 4765 2695 273 6506 3018 17079 6524 15304 14789 15235 6845 11108 2601 16098 5753 9720 6069 13147 13408 12637 13927
2784 314 16016 13804 14612 5200 9259 2119 16247 13509 16780 15124 13195 7204 15018 11316 12053 17270 2090 2903 13384 7521 8326 12826 5209 10110
15560 2449 12832 19032 14520 5577 11147 7294 17162 2901 5188 12841 11463 16889 4330 5393 15597 8637 9278 18434 12178 19321 16365 11029 3818 8953
6250 9459 49 4522 11739 7997 17130 8899 12162 6284 13861 13515 8426 5479 14629 17077 17924 5795 17776 19657 19082 13917 17492 16836 13410 3301
15877 8486 13252 10415 15429 13342 1123 9678 11094 4445 3056 6426 18563 11828 17116 16450 792 3098 9714 18073 7500 3650 418 11946 14913 16525
3511 11691 11036 19671 6855 18657 12778 10737 13851 9737 17738 2425 10646 17379 808 5614 12356 11174 9482 17619 1238 13864 19876 10273 18006 12370
326 3061 10938 10586 19473 15590 13491 13884 9339 6224 3648 18931 18496 19375 12257 6116 16302 13514 12889 13567 12810 10048 12620 13236 16040 6975
7481 377 13948 1237 2451 2095 8105 9785 7415 9740 695 6628 9702 7798 12500 5059 15915 3537 5011 6828 12265 1016 4581 653 11179 12275
14511 17094 6381 9260 15797 8177 12266 4482 7553 659 6049 6088 1402 15541 16325 14082 8895 16617 2346 10126 12968 14240 16776 12589 18090 7211
11443 15288 3209 6034 7827 12264 18230 12315 19338 15270 12959 1758 5175 13244 389 3813 11493 13428 1336 3991 1697 19044 968 2414 6865 16782
9290 7633 17831 7529 14856 75 4494 1878 7880 1069 11498 18560 8706 9169 2365 10057 16372 14567 19099 1297 19054 18395 11257 12453 991 17718
15377 16158 10686 10317 12560 12418 15536 6635 5568 17967 10073 2329 17089 5666 3406 18380 1241 6464 5721 16466 14273 7433 6157 2311 16460 7471
8557 9692 538 7763 14113 2520 8498 18426 13961 13352 7988 4064 9641 17106 7547 9369 6003 17377 6801 12184 12829 16747 8990 2961 4629 18452
10179 18009 8447 8316 6051 9850 6736 6290 5697 6773 1565 3329 18749 4382 10793 6341 10059 10345 11937 9167 4209 11383 3396 10156 7123 16956
12370 4743 8759 4094 7001 11579 6555 5669 10728 15770 7179 6616 10939 559 6600 7591 2041 3607 2783 1066 6413 7200 11093 10773 14937 4132
15894 14575 19154 8911 13290 18285 1186 14197 2844 8099 7163 10198 1146 9854 7089 16818 6937 15764 3151 4057 1784 7995 13120 15839 4484 1885
1368 8587 17169 17842 16497 8505 12372 13017 3405 1183 14273 16685 2510 19630 13537 1681 14029 3664 745 281 9029 15826 13418 14649 13484 14472
6557 10157 3403 7016 17984 14344 12814 9139 19788 17734 13484 17587 10882 12754 14190 19151 19237 8877 718 7359 9506 14764 18454 6106 14596 16778
19707 13577 5005 7678 196 3479 19198 19797 4127 1833 15587 11614 8565 10911 14833 12660 18035 3521 17063 7139 3497 12382 19717 1549 3461 2446
8199 815 661 12730 6679 247 13056 8467 2535 933 16866 2540 9454 4361 13624 2586 5510 10337 7500 6296 15679 18245 279 15346 9042 15380
8686 884 3428 10629 18910 3073 10778 7045 8260 13214 5651 14330 7027 19818 480 11716 6976 13513 9255 2999 10224 13701 831 11662 128 15879
15569 16934 17687 19320 9285 9243 597 10985 12996 13470 3218 6147 5741 12444 1737 6209 8099 16267 14040 13382 9157 18447 13877 9891 8237 16991
63 18418 7087 7773 16746 8047 6820 10966 17472 16344 4800 7874 12760 19894 17906 5068 7376 2605 9492 19885 4970 18274 3800 18227 82 10724
5598 9975 16536 3334 16345 15199 19674 803 6656 2420 9344 16492 1718 9944 15106 9276 5731 2749 12904 6344 9793 16966 11799 16943 1929 19938
13303 10957 4651 1473 5905 2031 16910 15658 417 11264 51 16273 4192 7433 9517 2063 8705 4822 13395 11448 10462 16266 3916 14179 19952 5053
10145 8281 13386 11586 4256 2244 15471 3305 13701 19397 2337 2475 5113 13693 2241 662 6861 3048 14900 10371 105 2696 7087 16531 6014 3271
6155 11795 14397 4382 5073 11764 18216 10485 11255 12746 8910 17200 18476 6862 3860 3541 14919 276 2286 7184 13792 13193 12562 12090 2535 9064
6770 8840 12436 6355 10960 10185 7543 10733 9960 7493 11296 8336 16598 1832 14077 10396 2943 4148 6179 1701 1469 17876 9878 19781 700 18797
1667 10920 1580 11533 14288 15973 9637 8666 14489 7140 2594 7401 9217 7596 8824 1570 14806 13532 15722 12143 15973 14099 17665 11700 15504 9005
15266 6520 12372 8488 7156 8558 14612 10158 19039 11423 16418 15227 703 8637 15057 14192 8753 5054 12741 2627 6758 14126 14695 15601 209 19884
1677 3860 3072 58 8756 12706 5803 2104 7068 4616 3245 4483 12226 781 11098 18954 14209 15763 17344 18950 19539 9359 12982 10493 7554 17251
8714 12814 19464 17015 11053 6546 1322 15769 15274 18218 8346 12597 3493 17739 9836 12375 12337 3303 17746 8096 3398 16026 18434 8755 9277 1569
18838 1947 16641 1727 17851 14268 3451 1453 16407 10953 11127 18207 10597 18756 16995 15644 8910 17829 19677 17396 11808 13720 3790 7988 3452 17549
11264 14993 13578 11434 14214 17814 19177 3280 11789 6287 11173 5089 11105 12242 19802 17122 15810 5916 4074 13004 15321 9802 18531 17043 5019 14832
13995 11662 16023 17335 4260 8902 327 7546 10991 15298 19843 15287 3419 7490 3033 2516 13670 10988 5411 5355 4943 3584 2073 13354 9807 19190
7093 3159 13811 9471 15140 8308 3450 5602 19592 1670 2545 8420 9913 5822 9291 1673 16812 19409 11105 9468 14461 19649 19439 11847 17311 10339
16539 19978 13027 11617 19343 1952 10491 18876 14260 11144 16414 9961 5445 1734 2120 3925 17654 6433 1493 7526 5852 5082 10772 12322 8139 8379
7571 387 7227 6719 831 1378 16570 9088 2261 18414 14674 7082 10964 8470 14373 14895 10175 12943 15399 15642 920 6131 6779 15989 3515 15642
14963 6335 366 9998 14706 637 9577 1158 9231 8530 6436 16807 18685 5747 14243 2171 18393 17665 7936 4800 13044 17118 18876 15541 13712 12787
15706 19451 6052 4867 4531 19775 16638 12195 5412 3120 15555 9484 19422 15473 5114 13674 13842 4582 888 17207 11204 10383 4796 19377 5048 14336
4345 16282 11646 8409 19958 10175 17220 10031 1472 3533 9143 13653 6579 8761 9186 18955 5530 12240 15015 17290 519 1086 2005 8112 17208 5271
19029 7538 2454 10519 8361 12586 9195 13854 4266 517 10554 8653 19498 11784 10805 19331 6945 11971 8525 6097 17925 12840 8634 10759 642 18899
8381 16649 7544 19411 9468 19098 7943 18280 520 6003 12404 11998 15606 1815 3186 17559 8485 10082 386 10937 14983 8913 4459 18344 4001 8262
10762 13237 19262 17924 19812 16430 19977 8634 8097 1862 17196 18126 19061 11317 4672 4212 4252 5950 10286 16992 10025 17184 17417 393 13691 6221
16464 18840 19059 6960 9921 8700 959 12444 19574 6236 14597 10819 145 11175 17271 2762 13050 12952 5995 3370 13803 6860 4250 17471 16790 291
788 1874 15522 6874 8571 2676 12778 143 14082 19520 2098 12722 9361 2187 15327 16186 6925 19505 13261 7071 1175 3584 10269 14147 12534 18886
10316 9717 2325 17805 6670 10263 17667 4451 15810 9329 12096 15729 15103 6789 18281 1072 3613 55 7559 16485 10517 5124 14785 13245 11928 14418
2739 5079 4663 8256 19019 2184 4679 3997 4049 17386 1899 19789 9588 7539 9336 18202 19893 10419 14815 5 671 10305 12864 17266 12071 519
1727 4990 9644 4124 5146 17008 3087 8139 18312 13413 775 4542 1213 3782 4100 3492 6061 9123 3930 11751 2627 18279 9572 10320 6825 3700
11883 17355 15696 96 9534 737 10098 16702 1976 3366 3442 12175 18739 14490 8638 10926 3924 13907 1704 5643 13831 11309 17342 328 7937 19032
6718 6192 11024 15095 9896 5045 8029 3695 8975 6130 3545 9298 14114 1695 6696 18649 6010 3084 13743 9056 6596 10121 2250 11578 7273 2423
632 9393 12453 14976 13497 17287 6357 8032 7561 1871 4086 9497 5418 3491 18134 16156 3565 16489 12673 14500 12755 4701 16760 4859 13596 15506
5674 19910 8932 5526 10261 12738 19491 5702 12161 14937 18863 1615 12036 754 12974 8531 5301 18121 6780 11015 10817 17715 5464 3917 12699 4657
7790 19609 6823 10436 5527 3230 13513 15996 9879 8948 18883 6640 19089 13824 3003 1265 6835 18724 8529 8192 17676 11270 2797 2237 6397 12934
841 17665 4908 3519 12765 2646 8537 9117 3624 12767 14999 11608 13753 13036 1571 12401 4801 13009 5740 2166 18661 5396 16938 2972 17792 10058
823 12229 18684 9998 1027 156 9512 7224 11810 8557 19418 885 1987 9085 11122 18298 7984 6471 18250 17645 6838 11679 13211 19867 16623 12799
11760 17489 4186 7870 16824 948 10571 12212 13819 13838 19477 4928 8512 4933 19192 14289 4898 3811 5318 1420 19145 6381 14524 13220 6122 13855
12490 3820 19378 18589 9563 8328 4618 9112 7596 8572 1459 13475 7564 2072 2322 2546 19145 13543 14811 9894 11723 11175 19134 1216 2199 15246
12812 4909 2561 2747 17765 12473 16657 15553 17909 16899 18739 2205 5686 7623 6341 5052 13655 14466 14914 13967 13929 3624 9117 16689 4768 15394
1110 6136 9070 8744 13045 6830 4629 17426 4884 16332 1792 17240 2238 4113 16762 1604 13381 1335 12634 8946 17748 10078 9309 19004 17370 10792
10275 12623 5003 19385 15500 19840 2429 5236 4405 16285 9353 18692 14717 4330 1711 18625 10475 8931 8490 3204 7811 15352 5698 998 826 739
10531 770 3318 12565 16088 18111 6094 19186 9931 7970 17773 14583 19771 4228 15396 16869 16380 7634 14664 14510 7215 17738 5292 3416 6251 19466
5952 9004 14581 17856 4962 12371 14843 14884 12859 10678 19527 13329 6046 3850 18206 102 10713 12678 12982 14682 17501 16988 16510 5745 7253 16043
2467 19299 8167 5894 8563 4036 12370 551 14929 650 7792 14932 4192 7116 7290 19935 16890 2332 6599 4359 10467 2052 10799 5638 19726 14161
16115 13410 18815 13062 3422 2642 17643 3587 11978 13545 16776 15527 11094 2086 1261 5241 19037 1932 11377 9155 9782 3995 2363 9877 15637 8910
15212 10008 9711 8880 5828 2862 10531 16203 8925 8458 4770 5914 14415 4702 569 1528 9939 16363 10189 1167 299 11443 15329 6355 19717 8827
14206 1068 3197 3789 8811 18052 4599 1751 11262 10778 18198 588 13787 1784 5981 6425 13318 37 6778 5493 4970 19252 16105 9765 4170 17826
13905 11938 9555 10450 18226 17160 17919 2446 6835 6485 15734 8098 1947 7265 14537 1552 2433 5127 1862 7293 3024 1722 10816 14013 6067 8357
14074 19241 3817 3658 1617 18010 16046 8146 6749 10606 14788 1255 15622 9576 8265 1685 10210 15936 15215 14302 4532 18213 3 4030 10592 4280
12727 8332 7316 3685 4775 7865 19304 15529 2023 17806 4046 12386 7454 8345 8188 1840 7730 3601 2849 15986 9052 10847 2108 12809 12866 613
5421 2689 14059 6303 5245 4621 19719 9422 1088 2435 2510 2052 13854 13532 5175 7385 5325 15025 18721 8058 14118 10089 5293 7164 7817 17205
15384 8966 8190 11179 5355 19316 18651 16914 529 19621 12411 3026 390 10095 18475 19472 19581 9061 17251 11181 17882 17758 17999 4401 9683 18185
15733 2315 2340 6479 7822 11028 9613 12143 13911 12504 14390 2205 3589 7010 4280 15 15917 15976 14295 5214 10090 2295 14515 12272 16962 2854
19016 6983 1389 9217 3560 7786 19437 7953 5131 16849 6852 18331 19590 15667 9898 9084 15743 6001 18750 1331 239 9048 3379 15588 10792 5243
11164 2625 7716 1816 1088 7936 8830 12946 19828 5863 5587 9198 14151 14654 11790 18163 3310 5034 19604 5866 1959 4682 15203 10502 9870 7693
11555 18901 12468 6005 16831 15585 1686 16766 8690 3811 7789 12307 14725 1345 16550 1560 12806 15056 4956 10065 7902 16149 11473 10725 11108 4336
13594 15331 11534 13869 11238 7989 19671 7722 1896 7347 5312 14687 12199 17823 6782 707 3420 9070 18175 2922 9074 12978 8240 17083 1363 5850
8409 4070 8738 7742 4213 15108 18790 13686 11094 11173 9476 16316 12244 15539 15430 15553 2904 11629 451 177 5615 17232 8628 9525 7954 6122
17075 1941 4693 3119 5306 1380 16200 18750 2102 11626 10978 19516 250 1223 12805 11112 11015 16045 17871 15397 4019 17052 5419 4877 9876 4977
7739 18590 814 11885 15654 18940 10720 10701 3063 18248 9603 16434 9047 15898 5321 4727 5984 5222 3638 7006 18298 1109 8973 12532 10061 13367
6002 10119 10209 15111 10144 17604 12338 11042 17189 15553 19390 18106 15293 7885 19303 5502 17183 16118 9786 4307 8640 3397 12802 15612 19228 19352
2914 3817 4369 13548 18033 12123 14565 6415 19058 2675 12453 4428 19083 1941 19937 5325 19298 13377 16024 1998 15470 18938 5925 12433 19964 16394
2295 18482 93 9676 2052 19746 15658 7583 7852 15816 14002 18344 19003 7025 9023 14282 16746 13846 4731 777 1552 5871 15991 17612 9619 1566
11660 13744 10700 14961 12018 18753 14275 7504 16075 556 18615 7655 17400 3430 6843 19527 9463 644 11234 17649 2732 95 9928 13040 7516 4460
9883 19616 18976 4409 14 15339 17764 2736 19975 12053 6454 18525 19715 3170 15431 2459 15424 9787 12491 10754 14672 16091 16968 5694 19204 10811
15562 6900 16163 5264 2175 19115 18886 7669 17908 13161 19747 5776 14078 6818 6307 16628 15378 5566 6367 9084 18494 2758 14310 17722 2066 12546
11685 19486 6491 10711 12746 13993 8739 313 11681 1086 17461 12505 9245 12625 9878 7629 19886 110 19916 10723 1877 13422 10081 13720 13855 9638
10503 2201 4465 11906 18030 2309 10458 14742 12986 19791 12455 11865 14289 14457 7040 5749 9662 8697 12731 7539 12104 18805 4478 13515 8298 1221
14772 16208 10097 19920 19074 12215 15865 2348 18107 2795 4018 4903 15973 1800 13015 8080 5723 18581 7784 5736 2588 17057 18616 15076 11407 14445
549 1109 16437 5648 12745 19107 8811 7035 8561 2513 8821 9833 17505 9833 5524 18623 5390 2563 3052 12205 442 2925 15431 13327 14086 19934
2681 9826 1958 5381 18507 16752 9515 2977 13842 509 17381 1712 5539 8665 14101 6624 3812 5209 12653 16951 18322 19928 16063 13494 9526 10114
1142 1592 2925 16359 15251 15656 10733 17152 17776 19327 9070 7439 15605 12162 14602 11539 358 1621 4004 11164 8092 3037 10113 5586 12580 16046
2894 3446 10707 9511 12586 14103 7059 9367 14077 11259 7158 4806 10730 14500 2573 14107 15357 13605 10757 2603 936 8347 1527 19258 15014 11932
16069 16291 2225 10765 9893 12895 3893 3220 841 1571 13976 5386 16160 6032 13980 15076 6200 15561 7508 17685 5387 3873 18531 12735 15477 10103
10947 4048 8192 1267 13903 11007 9253 16214 6110 6152 7196 10938 8169 19817 9144 13407 13944 14245 7420 13791 19960 16831 26 5222 705 5595
10865 4562 10241 6115 7332 3242 6419 14236 18178 1142 5797 13768 15830 10855 13319 2682 19466 3604 12152 6463 6671 10119 15172 183 10245 1205
8850 10070 4909 3886 6817 6132 14726 11918 16928 11911 14970 3218 309 5701 7537 2966 15157 1097 15748 14271 10549 3897 16084 6533 4418 4260
6943 533 4042 16626 1651 9140 7243 18504 13011 13381 4141 18355 13462 15614 3696 14116 6238 12585 5768 8596 936 7880 10392 16015 2260 9231
11904 2111 5369 15945 18040 13978 19025 13508 13926 584 8016 4805 13493 4923 14457 16545 11448 5796 714 8498 2893 5860 4663 14963 6536 8242
12410 3260 10640 13785 14264 18914 3738 18653 16384 4452 17619 5194 14214 4717 16175 9363 3768 8305 9833 14494 12319 2551 17344 19643 3487 4473
9081 16437 18043 14410 234 11229 10875 15995 12090 8691 7373 16861 17169 4651 1054 1982 6830 16633 10547 11465 7399 3807 198 5306 3305 19216
3334 4158 14547 15000 17471 10623 10061 15801 2940 15267 9966 14254 15254 19836 9457 6235 6726 8119 2907 11060 1816 17154 19574 19600 15498 4534
10725 5600 11564 16304 6561 8082 6896 10847 10885 8673 8332 18356 2271 17322 10245 19266 5933 7915 16053 4048 19499 6240 8447 14342 16664 19578
12413 366 1415 15628 9866 12766 18979 2800 10905 3881 12756 15636 806 7004 5301 18959 10316 15721 9626 1265 6145 2475 664 15706 15947 5685
1833 10622 4988 16132 372 757 3322 5827 3519 10331 14378 12848 19968 17982 5566 13402 10473 4613 12885 18531 13923 9037 10328 16423 237 2705
18927 7302 499 6074 12172 7862 11175 3752 11226 9065 1641 16408 6022 1543 19207 13783 5810 1630 8789 13191 18254 6155 19187 18422 15956 14641
8427 18269 6620 5110 2445 18940 5530 673 5230 12947 12988 3622 16891 19753 13566 4100 7639 15047 14687 1570 4049 10935 8108 14418 18354 15000
7053 3737 4544 13804 8034 14065 16031 10955 10183 7949 19274 10130 5612 2049 2712 17845 10917 339 10552 14608 18021 12813 4923 8331 16349 6511
9387 11786 12175 4879 1564 14355 4333 1770 8357 17000 5260 3388 6553 16542 17903 13706 4371 9751 11631 2847 16665 13431 18674 7764 6970 16331
3730 7115 18202 13865 11100 19691 11952 14957 12959 12612 5563 9487 13441 14333 5495 19162 11108 5841 18309 11045 16648 11410 18389 7267 4313 12123
19292 19620 1694 11555 3904 10508 11825 16590 8664 6107 3690 16757 12519 9549 16135 5458 14158 18345 4311 8316 14620 4056 8832 17399 6775 2785
6405 19306 9124 15814 15995 4228 7912 19476 1918 12142 1633 13317 19795 18684 762 9197 13315 18966 6998 16438 12030 12871 3749 19060 1039 12931
4180 17501 15135 8658 18491 10106 2503 5011 5154 15312 19723 1677 4757 14510 9780 115 10474 19830 17079 13778 15984 13217 18631 6031 5607 11076
6681 19532 14022 19108 6746 12807 7057 2139 4738 5308 5745 3132 12206 3166 12401 9658 18430 7116 9775 14909 10112 6139 3974 1246 19735 19529
3338 1803 16947 15350 6243 19057 5145 5435 4627 17775 2375 307 5198 13944 14580 19655 2695 8452 3524 13656 2626 9184 13900 11151 5409 11135
15878 1776 14752 6183 12868 13957 18407 19204 11903 6334 3620 4601 3733 15803 19155 8040 4776 9788 11588 9115 12081 14102 19493 9875 10604 15900
945 6308 634 18086 4118 10733 907 10288 14658 11772 18160 18740 18239 2176 3449 26 759 12279 16694 18391 7713 18937 8652 12425 2983 15899
9538 15753 17179 16710 16441 16624 1386 11105 6097 4733 16866 8228 18014 17523 1882 1380 19541 17371 5324 11246 8683 18762 10944 17231 18755 11631
6952 36 5271 15930 4250 5111 1165 17051 1356 19942 9918 14741 19054 10653 15571 8845 12951 15001 4942 887 3445 1476 2017 17701 15025 12795
3110 10361 7489 18599 9421 16396 10111 154 4618 15670 15474 78 9790 15242 2238 16455 7027 10766 2378 9035 11544 4246 11013 17385 4172 5431
16724 2500 7681 12275 15692 6113 18061 11417 5063 12933 549 2752 15084 15306 17623 9278 5695 6004 12606 885 5994 1526 6254 19848 1293 3563
6286 15636 11250 19097 15122 7515 11039 3984 7367 5025 14698 6804 1767 2596 16016 1728 11813 17681 8482 15369 3840 5731 11437 3810 8340 1553
16104 4665 8396 9793 1197 3835 6023 16355 7766 16458 7224 8054 15626 6601 14305 12068 7459 16237 6958 5911 4788 8523 16782 10841 9738 8866
1940 554 2589 19906 9474 18455 3254 7487 11172 19876 5885 19521 12141 3915 6721 6044 14713 12920 13199 9313 10000 13040 431 3421 1790 17408
848 12896 4093 12417 16387 19174 2910 19835 18862 11383 8378 573 7025 8025 15063 12678 5091 18544 11885 16164 3840 389 7251 7728 14126 19223
19727 15670 10367 16831 11650 11018 17477 13731 4474 4292 18540 17115 1986 12461 8766 7000 1500 16961 18127 1559 9359 14834 7770 8157 7 17185
17448 17305 1910 11409 5456 11640 3791 9724 3087 19246 10418 18287 12964 7203 11884 11589 5368 2789 2013 6641 17325 731 4715 16842 16511 13130
7643 4955 11870 11559 18388 9064 12692 4347 2422 5851 16871 13842 18516 7304 8450 16161 17183 19756 7229 9095 4008 142 11331 19969 14380 8876
18536 4251 15258 10886 18643 16789 12574 11999 5457 19934 14440 4454 12211 2122 9168 13608 303 9127 6050 2767 17772 11717 15934 14372 12426 5122
4946 13609 9970 9594 8872 3284 16554 16116 14088 15617 329 3678 9584 11714 3638 13376 14573 4431 17330 361 18466 14274 6271 9208 2393 9292
16800 2938 16815 14512 12945 6518 8340 2698 15910 16912 11147 17273 1324 16502 4368 6165 18637 4169 13380 4149 5896 17890 19595 9427 4399 6897
3662 15027 6529 1346 2298 11320 11495 9144 16790 10914 6326 18942 3261 7046 14426 6787 13748 7631 13052 7497 7436 9611 18883 12966 9668 8678
5947 10367 18764 10219 1025 15216 18228 17225 3575 10688 13892 9402 8866 16578 2734 12071 4294 18787 6795 313 15356 16129 10404 4938 786 5581
810 8266 9141 10508 12650 18657 19816 11278 16912 19827 2980 4786 19644 17746 7675 14030 19662 13415 10898 19140 2576 6795 19904 6287 6249 18115
1634 1755 14141 9246 9885 15274 5841 12622 7710 8394 17542 2203 12808 7910 1256 8891 5547 13142 19008 9276 11122 16908 15613 15280 851 16500
1188 16526 9837 18983 19221 9038 18179 18886 2656 6848 18705 5141 9834 16901 12564 8808 1567 7206 8678 13011 5882 3008 7035 4737 12155 18838
3343 19473 19120 12394 10915 18237 4263 15381 19988 18766 10649 2863 10910 2111 6725 493 3201 11828 17444 16387 11090 14825 12416 8790 13609 5596
4950 3958 15206 9556 10065 10233 15851 11675 6466 18257 13835 16155 734 2471 6180 2153 10126 19745 4494 1452 18236 14246 18868 12485 3555 17811
12710 17182 19856 11856 14542 8786 4038 9438 14251 12087 16987 6008 378 2779 6721 842 8767 7328 10179 7781 2869 6986 16519 1157 1794 16408
2436 19010 1804 8852 18734 3163 1703 16179 16218 19216 19504 2587 4625 15968 19182 1486 672 1516 2330 10341 4814 8710 17485 13184 18110 1022
15607 19649 15741 8427 4009 7160 11736 2854 6844 9602 19326 4751 19828 10493 18849 5740 600 11441 13960 15041 8215 7737 6393 14551 13139 1980
15229 19040 15076 17480 88 12868 10575 2924 5655 8052 11097 12538 1937 11489 4113 185 17583 19355 18624 6609 745 2530 14059 19079 14523 5459
6363 3516 13989 10928 8311 7260 1624 11019 13173 237 13369 15418 17805 13057 16728 3196 16115 16937 5357 12185 9642 14071 11435 8313 8154 7517
13804 18680 878 15813 12169 16116 18033 11311 67 16234 14182 17344 9971 2043 14529 16135 18404 10849 11189 15572 7257 10727 17093 82 9609 17328
17298 4273 8367 2821 18025 1413 17301 15641 8790 6452 14901 3057 12057 16163 3135 17907 10607 7346 10366 5491 4720 10795 5894 5807 3368 4172
11964 419 9005 1368 14641 16545 12044 6957 2534 5361 1809 2549 8531 10081 3770 5086 11266 879 8122 1154 9598 14576 2704 302 5659 4802
14428 3107 16809 13211 2783 4422 1134 16919 15228 16111 9637 11903 18672 19780 1173 3667 6536 19630 12938 3500 19179 6240 4107 274 1781 12175
14123 7747 6449 5405 9373 8858 1893 8138 236 12534 11560 12509 16517 12544 8996 4650 19753 10581 8454 8189 14459 19841 6691 17273 17559 1268
12437 7928 13687 11615 1699 7760 7429 6249 13635 14596 868 260 17309 17542 12839 3472 3464 6253 2095 18643 19473 18940 19442 12246 3264 16724
14629 1085 7362 16700 1776 15735 16077 16662 12682 15070 18408 592 17220 8876 568 6471 1513 1291 8859 15796 8218 7736 11583 2423 16755 6544
8678 19028 16204 18265 12977 18270 18963 3031 17464 12919 16546 15153 2603 11546 1706 1340 442 12658 14551 2462 13 8639 8962 7154 6768 13850
11461 2651 10798 7561 8358 18190 673 15444 4333 9213 13384 967 10952 9426 1477 6665 5886 2657 13448 10598 19043 7800 8406 19472 951 9289
9798 989 9667 773 3150 3860 240 11427 8960 12546 757 1076 19 19497 1585 1290 17957 5487 17557 6456 10479 9209 12836 1943 13822 9109
15457 1262 9509 17386 17740 3215 1119 1705 6373 10248 7344 12932 6638 10802 16553 11851 1838 16392 634 16037 9882 19724 1292 16130 14155 1837
9894 6471 9332 8187 16387 15644 15326 19081 13640 15539 14342 13537 188 13736 6110 12774 15451 7949 12971 12739 5879 7787 9655 14939 13111 3222
7773 9930 13733 8236 14036 8173 16792 8740 5062 6459 2233 19086 13400 12516 4076 13855 16606 10518 4073 11311 4494 2539 15707 17655 471 2646
4431 169 235 17111 11899 17141 1738 10211 19979 18620 7005 1334 11417 16530 10580 5080 15135 12422 19288 10184 983 17464 18251 5786 9316 9995
19076 6432 8412 4709 3253 848 4835 1914 6902 10549 15570 7602 17193 13067 9033 8668 4559 11137 13805 8025 4402 5173 5279 15713 5800 11693
5973 3729 10807 15731 12245 9195 2078 1827 14925 9376 15112 12636 3496 2411 2915 15585 173 4032 2630 15967 4918 401 9762 15840 13254 8154
13966 11804 11958 15406 16441 3241 16434 12807 11040 19425 10323 18960 1472 2936 13094 17932 9128 15795 11050 2570 16671 5966 1832 18222 17486 14672
7992 10005 14278 8479 8189 6541 17060 18253 10814 524 14866 3887 10765 2096 10231 2418 6432 12232 518 12256 9628 5292 14827 12720 8178 19930
7723 7305 302 4584 13060 12055 14938 10426 9388 5406 5821 5787 6230 15534 7956 13068 9796 15263 2807 17579 16383 11944 2270 8407 8353 19938
2614 16256 13918 12231 5321 4487 6061 7193 16977 15623 6373 3197 11183 8093 7943 16411 5641 15012 19763 13081 7664 4623 8885 10173 13660 2692
16923 16205 1902 15434 17129 5800 13236 1313 6018 18478 10230 13513 17618 698 448 1383 19985 12103 6155 17488 18774 11590 869 3047 825 13753
16224 18297 2894 7726 11409 10858 19051 10944 14208 19711 7154 17101 17621 9706 15698 18774 19404 3757 10342 15889 12211 2619 5867 11398 10909 1938
5327 10110 4518 6174 11941 11941 12024 2449 10610 15599 1250 398 2664 5082 4521 5672 12409 1874 1618 8267 12903 18118 18404 101 9631 8778
7246 7075 5025 13377 41 9685 3191 17979 225 15463 8877 954 13234 18071 8097 6812 7643 8973 808 2542 3789 3202 7292 9768 19703 5558
19290 12638 11720 4494 5476 17039 5475 19699 6155 16459 614 11021 13998 14620 6357 16659 12335 12686 5093 4463 10036 15927 128 18787 19978 2847
18002 10340 15100 15299 4104 18949 4604 4703 7971 14877 8780 7501 5866 3906 5901 3872 17572 5561 9881 19512 19544 6456 5829 888 14922 2994
16245 14349 5953 1757 10001 3005 14484 18329 9039 12452 7408 15768 1682 15559 877 18580 17599 11919 624 12602 18041 14808 11046 18939 1533 9488
15168 19182 14125 12937 4732 8833 2156 8832 1571 2622 11202 2717 8935 73 1442 7062 17152 3335 9694 16807 14145 1587 4164 627 17570 15723
16123 6293 13059 886 19253 11373 5475 8485 11016 8623 3767 8165 3601 12421 9351 11810 1447 18808 19310 7252 568 9487 15958 2519 8144 16629
16879 19636 5375 1574 19464 17556 11819 19433 11992 5670 18640 16484 12144 9589 8352 1768 9323 6335 16822 7253 4098 19733 19659 15697 13147 17838
108 6747 14645 5045 4123 18648 539 1089 6135 19951 13961 15363 2829 2711 453 16008 1045 8677 1790 11686 1342 17000 16751 16293 18939 2761
5716 11496 6801 14571 11490 10562 4448 14764 9895 17516 4816 2305 12840 7312 15850 17209 16415 2035 12457 16440 9731 12091 7949 3442 19340 5648
13165 11066 6311 19052 19592 289 17553 13935 2763 15001 9465 7211 18645 6988 5962 13182 18106 2327 17438 9846 12667 5143 6123 3434 18797 11774
6136 7186 7849 15589 12725 10193 999 1896 10833 5673 9133 5910 15715 8935 2706 11359 19468 5303 17487 11646 7062 10504 685 9503 409 8406
16274 3721 5263 955 5228 17997 1367 8932 7483 12773 14107 6735 5533 6395 16362 1220 5379 15543 16198 5991 6714 16585 17282 9617 11169 11525
1017 6799 12599 14177 13697 10641 3439 17328 7021 7634 19277 3557 8387 10899 15490 19129 14021 4865 653 3755 15407 753 938 11513 1637 3457
7066 10970 10977 1741 2737 4999 10716 15121 17462 11734 10178 1148 18718 5768 2642 2012 6402 17015 1423 16587 19588 1983 17009 12231 3274 18877
3218 6077 17000 16510 15405 18005 7944 19606 3994 13109 19097 14781 13585 10685 4400 14766 10624 10432 12349 18388 4919 4776 8148 3184 502 2181
9658 9721 2144 4256 1228 6209 18920 2944 16874 12416 6059 4255 12682 10335 4752 17004 6931 16655 4377 13106 1441 5350 11212 9626 3470 1400
11104 3897 10426 3718 10639 17611 1928 608 2003 16728 3348 7497 7640 5122 11952 18524 11906 5801 7858 18733 1694 14548 13793 4404 14722 19874
14232 10542 3758 4807 19431 13226 14698 8610 1646 14196 6283 9514 7863 2888 14633 15477 4838 7184 9561 2350 3943 18269 19343 7791 1406 15659
2475 268 9429 3851 2880 17670 3767 12803 15914 12242 5278 6954 5729 4811 2644 1582 1369 11470 11076 16503 12186 14878 9828 5401 17952 12384
17775 12410 2169 11990 6106 13402 992 19628 14946 9272 19374 13513 18645 15970 16592 16929 16809 3403 6207 6688 10302 12009 18795 15217 18429 2312
17393 13637 5802 16044 18133 3122 11324 12539 9794 13933 7238 9992 13682 1534 6446 10878 11641 4864 6201 1197 17317 14662 8524 18861 10810 10174
13388 430 10003 15471 16456 10176 18966 10912 9512 12354 16734 1313 3013 5647 5307 6485 18632 4647 3462 18424 5058 15343 15736 7065 14188 1453
19341 19555 14086 7172 18695 1256 19343 4698 6673 4956 110 14633 813 15552 18915 5705 6351 13874 13530 7915 13538 17146 7046 16504 11667 1322
13894 98 8560 11164 11933 12053 18796 4977 12332 10465 5371 17955 10928 14747 8469 15724 10234 19543 4104 10191 2823 12255 2116 5265 270 11192
10386 6134 4330 17887 11090 13851 19331 1987 13412 18341 1864 6227 644 12934 1943 7274 7548 2501 4921 6570 461 3203 9596 8474 15617 3757
14474 19771 13062 7263 17434 19199 16086 6288 12570 17939 13398 14709 15626 10038 9745 15632 4181 19637 1288 13220 12981 16263 7301 15871 17446 17460
2625 12772 10913 16750 2248 2675 17886 7785 17882 13441 10376 9992 11457 4365 13982 10943 4102 5225 16788 8997 8005 3581 2151 7812 4277 7615
2963 12763 2490 16751 7275 14394 6977 4674 19586 11103 19446 7857 8264 15091 19346 18390 4185 15799 18102 15763 6441 778 4455 1899 4043 808
16286 11897 4268 18942 4084 7034 10630 19575 8655 11221 2670 12939 19497 2160 9152 1120 15287 18471 17866 6002 13615 602 3082 19931 5740 8540
13861 4471 11635 1419 3476 1891 12311 6833 14219 3091 10086 2374 9319 9882 8784 13447 13771 4579 12554 3201 8369 2934 4862 842 3275 3821
6506 13456 9397 19621 12735 182 3695 455 9814 4928 5956 19867 18553 14322 19240 12764 19935 10363 12947 15894 2638 12271 17773 632 6054 4990
18550 3814 11426 9922 244 16751 16223 15754 4605 2865 5074 8678 16861 16356 4442 19247 4205 12176 10443 4472 278 16603 8930 12610 19962 2507
1106 7907 18549 7852 14856 5 13126 9625 15991 18682 7758 17810 1521 18661 14643 19227 18079 145 11501 9692 11204 9256 5120 17598 7246 11976
4990 5299 16649 13315 10101 19550 1533 13760 19298 1079 1135 4597 19536 10679 17756 11933 9843 13680 2926 3430 5522 12115 8989 4717 1242 253
11255 7604 15452 2849 6152 15329 2190 17988 1648 6685 16311 18956 2443 10061 11316 254 17301 15222 12110 17961 4542 14444 8201 8742 4639 7839
4970 6879 11823 18479 2963 7809 19592 19767 15243 6255 1140 11862 18214 5303 9005 5873 16344 18656 11895 14040 4619 4455 12562 1881 19240 12558
19690 8070 6147 17375 18560 19976 12481 2357 17887 14798 19699 13974 9462 5863 9436 19035 17115 18581 16240 3607 3670 17477 5030 1261 628 12985
11595 453 18567 2948 7168 10669 6173 19172 4950 6837 19122 8309 19264 17326 219 18071 14238 14850 16211 6121 1990 10446 17596 13616 4061 5000
1800 18251 18005 10273 19666 5830 5506 17310 14203 5369 11760 5706 2688 16431 3788 5559 15727 12530 6550 10517 17241 12230 10183 19957 11871 10881
891 14741 12830 6126 8394 10894 12228 11782 13336 5246 1734 15948 10803 16470 13683 7517 1130 10948 1366 3770 9488 905 9064 2977 95 10475
8552 13173 9522 7805 12597 5836 12292 2195 6187 16881 7014 8595 3585 11643 12446 6265 1217 5802 12118 9235 17857 8255 15741 14802 19982 15500
13363 7299 11256 9684 11266 17716 509 8568 16953 13740 3206 14207 6101 19008 9316 7366 7469 6185 8509 13126 2296 15430 845 587 9915 4530
14163 6943 11673 18240 19226 5929 11495 11808 11428 17243 12222 17355 18123 8437 15387 19467 18560 6289 12582 9998 7465 919 19638 16347 10463 19900
2983 3346 16218 14075 9946 1899 13155 11866 2962 17844 6254 11548 13680 17596 17463 10720 3024 3353 5026 12865 694 14626 7617 3311 14218 9781
14836 775 5678 18465 16056 9721 1349 13431 5894 4230 5175 17440 6346 415 12308 14735 459 19185 4975 16511 11284 593 40 10392 2306 19678
6538 9530 17726 18894 11697 3354 108 12185 7333 18093 7808 15744 15134 16587 17082 4466 6654 16111 5650 18034 1142 18337 9899 9943 5048 18345
18 11377 12447 7120 14902 19123 1075 4052 18272 1205 18421 14031 3479 18373 18570 11426 15753 7978 3691 16907 16544 2520 6203 3039 8613 3601
6150 12584 5182 16903 12528 5997 11933 5405 10521 8448 17732 6002 1753 8879 19814 17574 12333 12564 13208 16391 16511 17545 13196 9219 3595 12052
7196 15250 17246 2985 5569 2578 16621 6754 4505 4184 19617 15886 18604 17470 15162 12352 15682 12001 4938 2014 7989 1942 7505 52 9416 4575
11725 6234 16920 10612 4674 10075 18743 8771 1115 424 6967 13025 13479 9790 8116 16738 541 18147 1937 15664 741 9339 13383 12051 13827 2925
7046 15684 8882 19727 17611 1227 4603 10113 14303 1969 12138 941 2646 6124 6526 4790 18899 1254 11848 17733 8978 7660 17371 8897 10764 1499
4640 18945 6556 16662 15318 11263 16099 13247 9180 16525 9744 6659 11134 15540 7525 7975 12610 3457 19730 19824 12003 10244 16355 14526 11805 12184
3522 18694 2958 2466 10405 10963 12082 13309 1821 8993 328 922 7501 15766 18682 9033 4552 12047 6075 1284 16666 2994 4540 14075 5078 10495
11227 12890 1405 4903 7768 201 17448 16340 8197 2111 14706 14009 16170 2088 11499 9939 5226 11964 1300 1938 3230 724 12808 7952 2973 16760
16221 15935 18203 15056 15046 4399 4838 11913 12640 875 13478 18977 8072 12346 4115 11214 5200 14849 9068 15259 16894 3083 17630 17149 18276 5262
18047 1262 11813 15270 2049 5241 4328 5683 9641 17030 2909 16505 2975 12642 15175 1731 6631 17730 17451 13268 4340 18674 8210 3314 18350 17367
7365 11627 1064 19431 1463 13299 16026 19683 17554 16360 14616 5585 11748 18461 17013 7713 1858 4634 4495 19537 5464 2516 635 6153 12371 365
1392 441 4140 12386 4187 17822 5340 4829 19487 8992 14593 2718 14231 19570 18182 15865 1335 9464 2326 1451 3002 18861 1821 13271 9229 12556
18349 18856 4067 5598 19423 7977 4217 19080 15777 13014 16455 10286 16929 3465 8347 7840 3316 14001 1107 2631 8394 16769 4192 9298 19357 9511
15382 10410 15967 2062 8777 12913 15271 6940 4684 1774 6008 11037 10572 9057 13655 1287 4068 227 18369 2320 1585 3753 12752 9997 12646 4163
19057 18627 10799 15370 12325 7908 5352 5199 4539 15030 8981 359 56 12791 3425 19169 12616 10162 14969 12709 16950 16722 12367 10554 17497 3091
11065 11690 11200 17579 18762 15887 12705 12620 10258 3674 1958 4290 1407 738 9335 6950 9982 1653 11117 15185 19653 16496 3142 16676 17998 12491
14017 11720 7550 2196 9018 13123 18434 15364 19035 10684 4455 940 17337 5124 3692 5569 5785 18213 6657 674 3472 6505 164 18573 17705 19045
18689 1916 18859 13125 7799 12608 9160 11459 4152 11574 17746 18437 2774 1172 8110 12526 6492 3453 5882 8617 1293 8551 6627 19194 16842 469
164 7436 18989 1150 6575 8158 13707 12923 7388 6514 13179 8753 6360 15462 13913 5811 918 1002 8658 11680 12373 4781 5149 1023 11299 5644
518 13376 1906 3127 4414 3084 50 4664 11828 14573 18504 7323 17880 18258 5653 3785 16094 6930 6891 9337 3598 11085 16596 5302 18956 13334
19719 9601 11440 8645 18868 18655 11058 8982 6736 7440 115 15574 4944 9038 571 8360 18659 5196 5583 12471 14685 3313 11966 630 16517 13386
14825 12802 14170 1309 11502 10305 14188 7649 14212 2711 9800 3559 3727 16772 7319 16776 14307 19853 347 4171 8556 8092 15620 3970 3511 98
19827 2813 3775 10576 1244 11217 17792 7569 1972 9146 9263 16804 8786 16358 11283 6736 15632 8120 16623 9668 1258 15298 804 3074 669 1535
19980 10611 3030 5106 15413 5196 17355 12503 10275 977 11226 3665 15473 3015 13872 15266 18153 10402 1409 13170 11423 9428 12036 6333 7305 17299
15856 19228 8805 11609 5324 19348 7582 19403 7582 1628 2957 15764 19883 2665 15720 16070 8840 14959 10594 19785 11420 13900 3177 10403 9315 1544
2338 14518 19936 15465 16984 19086 16392 3085 5889 10753 14875 18556 13561 5148 15084 9737 18605 1389 4218 1580 19282 8093 15055 2627 232 11662
7642 11018 4664 7124 6314 4381 6125 14881 7000 12212 10771 10932 4263 640 592 17654 4213 3230 11926 11133 17069 3026 1199 15329 8776 5065
15354 5988 86 14260 19255 11710 18866 9918 19900 8370 11916 13417 4547 17487 1972 11057 11046 6072 5173 5553 17997 4052 2362 15584 14826 6758
13638 7300 1170 13217 4925 16281 7803 7190 5821 11252 7354 19683 15935 7962 5528 15552 1753 17195 18386 3743 15523 1092 7286 10437 19722 13042
9282 997 335 12464 9596 17007 9998 13325 12851 6163 7587 4297 8848 5506 4066 16855 9020 16320 7477 12152 18818 8257 12927 18375 16426 5534
10226 8153 11546 19571 6715 18381 11576 16959 17795 11099 13186 18104 9778 1017 7573 2469 17323 13385 13916 6201 15691 4644 7381 19171 11689 17343
1743 16717 5456 3138 9412 164 63 18072 18827 7601 17356 15394 8714 9083 2046 12218 16382 7116 140 2894 8500 10398 8650 10585 13789 3305
15182 18557 3680 740 14923 7060 17625 11162 11375 5132 9383 8693 5156 16880 15515 4130 286 4613 4402 7451 534 13105 6141 13378 2700 4493
6105 16866 5818 4284 13512 7619 6196 19961 14489 4741 17998 10940 9151 17948 18299 2361 7754 5140 14208 1107 2308 12968 4537 18521 10424 5499
9117 1596 4960 5683 1486 1658 13248 4998 16106 13109 1158 2168 19777 9567 10093 5490 8866 4525 14605 543 14495 11577 18056 15354 1367 9730
5061 4253 10944 225 9135 17365 151 11914 16919 2500 7765 7076 9289 4183 74 17191 5135 1290 6686 6977 2919 14823 17291 4753 14336 17020
13989 9801 2950 16829 11832 14231 5634 16604 17137 4652 1168 6486 17944 15589 11647 15096 18831 11769 5188 7199 12930 11334 11526 6612 19555 10854
3245 12729 9782 6953 18595 5439 19782 2455 4943 17169 10082 1856 16303 8835 2469 1949 2063 15370 7490 1817 9808 13939 10907 2487 6124 14431
3115 2645 18559 16558 8479 18890 19575 14151 6639 606 3384 3054 16874 6530 9020 12351 9084 17318 19045 12756 6462 8854 7678 494 376 596
5417 12554 9082 6352 58 18225 5099 18322 755 16949 4299 10469 6934 14933 7036 1693 13369 7158 12164 11604 19519 7892 18269 5933 14069 2309
19423 8188 2888 9541 15333 6204 16009 9167 4833 3800 3170 465 1932 2606 17653 9830 13793 7249 10458 12124 381 936 11818 16264 2283 1216
7575 8381 8490 18917 398 14275 2009 14912 4948 14031 2045 18008 6536 11049 10761 15149 1172 3149 18835 14415 14842 4156 249 15637 4796 4036
4609 18521 11064 19715 4961 19003 3309 7053 14233 6373 3054 14304 5746 14371 6234 18660 7877 18271 1398 15601 19011 5698 6377 361 18901 15879
13037 779 10917 11990 18751 7132 13855 18144 12364 10769 16401 11700 16010 8472 12389 2750 5940 7723 11231 15449 14130 16942 16902 12122 4889 334
17420 5792 8158 2038 15272 1239 8031 18847 11410 18321 5758 11581 7131 19233 2244 13007 5044 17405 11276 13735 16694 82 3290 12213 3108 14535
2846 4308 13107 10563 1555 8132 15316 7301 16089 6059 12036 3528 731 295 6517 6483 4316 15280 3114 10258 13496 12576 12845 6626 16903 2823
5068 16955 11219 6905 14139 12291 8164 18555 18359 10748 13733 4551 573 14006 80 16460 1310 1201 18513 14456 13316 12312 16383 18485 13859 8517
14864 15567 18400 16939 6866 13234 14641 11139 12092 8472 19613 9028 3784 18793 19605 2320 1536 14297 1364 16613 8526 9381 11752 2343 15049 19915
17102 11003 12584 12373 184 1368 7573 18803 3807 14855 16853 3164 3181 3476 3716 8738 13976 1190 8417 847 7238 4649 13520 4466 9847 3832
1291 3713 12283 4693 18452 1151 14452 12788 5953 16659 208 5773 6424 5980 4615 19742 13264 4689 17364 2118 12613 18544 17528 17709 16133 11348
3942 1683 14335 1981 19969 4536 17002 8230 11937 1441 2873 4772 19525 974 18239 1905 6337 18553 6491 5058 14841 11605 7241 17032 3130 7569
11668 3108 11955 1965 3548 14618 5075 6174 18165 2990 10476 7344 5349 7385 1810 2106 12026 7343 10999 11195 5741 4311 29 9709 722 16094
8718 2171 18212 2550 3879 15213 16576 6795 19322 6245 16245 3147 11614 7540 5190 4229 18198 10855 6531 17429 10552 4064 11789 12820 5113 16932
4515 7266 17136 19783 9834 10997 16184 7746 6601 15274 11695 7458 10574 3118 19498 15620 3554 18313 16741 8578 16506 15741 2767 474 13953 18100
11288 14045 2977 17821 19588 15637 8742 18026 16286 10857 5029 9720 5355 9806 13671 13348 11194 4241 19539 10377 14335 10172 11278 2161 14425 3888
14778 2586 7187 11881 11798 3449 15102 16830 18645 15978 16748 9371 8661 596 6954 6143 14484 3480 9901 1667 15588 5007 10986 13542 13855 13052
16185 7234 13277 6737 14168 16145 19132 16942 15377 12462 8451 2662 3239 8050 3837 16376 15493 1665 10251 1902 12507 4407 2468 12756 17232 4537
8556 209 8150 16512 16083 434 11703 11540 17214 7712 16972 12759 15645 7069 3260 682 3920 884 19640 12464 7690 10731 10973 5241 15930 19384
16588 13716 7226 15400 19965 15730 3417 12209 11513 15840 7645 454 1991 12606 7763 11492 961 19065 6912 14510 17819 5928 6857 15406 4523 6875
7611 14148 2043 1617 13919 5118 15573 5617 1713 5348 8977 14374 17717 9264 9880 11327 10209 19460 18963 12859 17360 17603 4064 9873 7887 3196
7810 11456 2187 16117 9036 1054 18210 2150 17283 5896 9398 9389 15382 17990 14961 18239 9451 17445 10831 8158 15661 8672 2012 6583 2755 18709
19395 15597 4364 4024 15340 12665 15587 7046 9866 14355 19507 10840 11355 3587 12494 19514 914 10855 18497 17251 6400 18553 17383 3607 14130 18474
177 17773 12229 15831 390 13474 16658 7051 4320 17706 9819 9768 7133 6902 13148 12546 15219 4937 15048 19823 17615 4752 5552 7475 774 16961
18298 16805 2047 17372 12349 3900 839 18803 8496 13894 6799 13641 16495 3985 2440 8379 4489 14688 9371 5463 7450 8965 831 7449 4829 251
5734 15658 14675 13648 5322 14588 14051 6359 5724 6254 15803 186 4973 2895 4877 15129 1324 1984 14378 2373 12346 16650 10665 5519 16469 1847
8440 1387 5453 5308 17031 9958 1515 19139 4936 17420 17309 18065 1855 15182 8315 14728 8801 5015 1661 7743 230 4116 6567 16283 272 4862
2012 1699 10682 5601 12295 2526 18603 18750 17882 5358 1097 1014 12132 17003 14030 16365 16253 6097 1583 15113 4741 19009 887 11045 7223 12711
10004 16967 202 14533 4643 15976 5552 1156 5912 19544 10376 11478 13045 707 13398 14682 12584 14925 1556 14899 11733 3831 3216 17485 4076 17266
17641 19687 19443 16681 4709 11762 14512 19411 3977 13732 14267 4597 17906 5132 14197 14735 8700 16763 12751 2946 18534 8611 4023 14208 7633 14685
3484 17060 15654 11683 3540 17482 1362 13424 4377 6460 12743 9837 13714 19526 18483 4990 17484 5440 3084 15738 1907 19364 1078 3259 18639 3954
6028 15215 5489 6789 19674 19487 12563 11329 18194 8367 5522 18706 19160 11168 13025 12695 11905 17659 18379 4903 6213 15531 1790 1555 8947 13816
6551 19276 2982 14051 13595 4780 181 16554 262 5792 19361 13474 357 9923 8302 7660 12112 3470 8987 19628 1137 16964 6396 14694 6232 6355
17310 18063 2137 17375 8175 14884 18175 664 16105 9179 12600 17899 10299 14124 6872 9175 1459 981 13570 326 11380 18668 3406 14788 13055 12107
15259 4080 16576 11809 4279 6990 19676 5815 14520 16354 18549 5342 9673 19142 3430 18530 2048 9587 1703 12326 2437 7550 15406 572 19798 15411
2084 15101 11356 13771 15790 11254 12101 5870 6103 5518 3781 6907 523 5749 13210 17771 13715 14299 15156 16842 17814 4340 1053 15256 11479 1735
2527 18889 1194 1120 12901 2276 13624 7107 16467 2385 6185 2394 9524 11390 9969 5750 11938 2851 14206 9769 2487 6987 12817 15368 11481 2057
12944 17725 17307 1713 8820 4021 13353 2006 10086 16990 349 627 6131 4232 14156 9317 9877 1791 12809 6526 1632 15502 8584 18089 9122 3370
16070 15555 8057 5277 2763 11421 8700 16207 12212 15102 3585 4061 15925 10980 12461 17274 8361 10890 12702 4890 10126 14381 5033 12092 978 10002
8048 2168 3237 14228 15452 133 13616 18047 15477 11088 7202 11067 5727 8384 15889 872 3894 17389 7414 12252 19752 15253 14872 414 7466 10020
5208 2747 11719 9177 19471 5080 18760 4852 9692 13203 8686 15945 12847 18568 1725 9864 11431 5171 18241 4962 11465 1286 1001 7662 2769 14725
4844 6216 18916 6743 3630 190 2181 18612 9774 12248 18140 18960 14568 12189 5233 8140 18521 3053 1143 19780 934 13137 15494 9601 3255 5965
6862 15085 19817 2692 12575 118 14508 1665 4485 15076 3092 19972 10443 17135 1399 12775 11916 1166 4355 10737 1237 17359 17455 6323 166 3751
2584 9791 8708 532 4831 5479 7651 14915 10044 2067 18856 9675 18958 19344 17481 11023 19171 10307 4876 2049 9285 19868 521 1376 4738 2080
8542 6973 1585 7027 10001 12873 9790 1157 19367 18958 19633 12964 19839 16228 7422 18715 16006 3172 8767 15605 19868 9634 9330 14038 8271 1492
8526 4980 10200 235 19761 16659 5342 13645 3533 16296 9887 19320 13282 6435 11442 3811 17766 12750 16679 11906 6224 7128 6390 14904 11825 5688
7450 1691 19004 18357 7669 3187 2111 9325 9644 2753 1482 11222 13664 10813 9849 16151 7472 13819 7355 17038 5472 3187 15264 10499 13567 8883
18194 19463 13132 18318 13567 759 1438 5831 15277 10314 3793 4666 11542 11891 12428 19419 18677 13803 8178 2422 1288 13216 14533 10806 11786 13778
14289 4745 19044 17056 19466 7644 2037 9345 16366 8807 5410 13854 11344 15828 4606 13372 16526 11501 1276 11698 5609 13167 11242 191 5978 17121
1226 11346 5722 52 9121 19802 14313 975 1921 15182 4781 18501 5494 13264 8217 7056 17410 18860 5197 9279 13728 16576 3344 16219 9825 4710
1627 14897 14154 92 8979 18639 13386 10733 18159 6414 18447 5451 13778 413 15133 11930 9371 9784 5773 115 13995 11354 9249 17832 14746 3743
15418 12344 8335 3734 16787 3992 17642 12477 8894 17422 7486 148 13958 8186 13640 9565 10044 9692 2758 15641 3066 11829 16960 17173 17318 6259
11679 7268 2962 545 7827 4577 3116 10707 6566 8804 7075 19180 15679 12989 7442 7346 770 1135 13529 10829 11311 17891 13291 13921 224 4120
19994 15232 1626 13919 794 1035 19615 13839 15167 12247 11636 14122 16841 14319 16411 10688 10070 15990 3562 746 11384 4741 12200 15829 15377 15801
