365
28 10 83 58 2 17 38 91 2 87 79 1 62 48 62 68 38 97 20 93 74 43 85 22 67 14
3314 12219 1336 10355 9999 2887 1475 6334 2708 18462 2877 8294 9777 2913 18953 19874 3469 11112 18809 4185 13259 426 3067 14824 9259 17576
16631 7413 11189 16956 13092 10033 19493 4241 1861 19710 12661 19827 14744 16811 11916 8322 11629 4807 17626 4773 15794 18092 6976 7964 15468 7412
17274 19544 14321 7679 17223 11015 17378 1553 12152 861 10278 11775 19385 12973 3885 460 18938 14894 2461 8094 18488 13707 1447 13753 15699 5079
9651 10592 17440 10899 11762 3290 9502 2160 9761 15819 2968 15892 5328 7455 7578 15357 19910 3856 3506 10428 13379 11988 279 7555 3979 11304
1509 7215 1138 10974 8383 13729 10887 13540 20 18776 7275 559 8145 304 995 9470 4411 8282 6110 7474 4860 3377 2173 5592 17426 19809
18194 10052 1788 7886 5488 15666 3217 18988 4975 10168 16207 326 15333 16041 4904 7467 989 6668 14334 5968 6109 11429 13615 16549 17246 15504
10035 5233 5343 17077 18648 17619 7490 426 8584 416 15961 9239 6869 11327 18851 3521 7243 12709 5367 13001 19654 1010 17965 13059 7720 12746
15466 5246 679 8694 8720 14915 9058 8097 2250 19716 8463 14451 3775 9907 3908 6314 11300 7721 18179 12305 16402 4795 15258 1747 10950 5616
8109 2775 15896 18402 14651 1016 8151 16644 17571 16711 18184 15829 3734 14629 12875 15515 2472 13425 13944 11120 16989 1090 15814 17357 16925 13664
8026 10975 15625 6236 8234 2700 884 1738 493 5744 4585 18106 19749 61 8189 13797 10174 13926 19278 18836 4280 17636 1049 12037 5346 12261
5160 13870 16260 14705 380 15384 16552 11545 4171 5055 9549 10015 13046 14227 15269 19594 16466 2207 3050 18886 19313 12940 8664 13944 965 663
5438 17140 8206 5725 5690 9833 6452 7595 12182 14405 875 12105 7301 17420 8396 18522 6820 13202 10002 5056 14012 19766 16226 17954 19670 16677
18324 17380 18333 3733 6620 16771 760 2555 10715 9472 9213 6974 16668 3861 10985 6637 1678 15943 19232 18562 6229 12139 9377 1590 3560 7352
226 8617 8586 7379 9463 14104 15529 10040 2505 18501 18153 15819 18299 13033 5697 15734 10865 10679 5520 19176 2821 4372 5408 11689 8410 13328
15283 12676 15889 3364 19032 3569 285 13090 19854 17931 11921 5323 12232 3645 10597 7417 10011 15421 1415 4734 13675 13183 8411 1513 4412 18226
439 19977 310 3409 4759 12883 12483 18818 4593 6408 4648 12071 16590 2525 18338 8459 3444 8910 8090 6240 17437 77 18136 19135 2383 16293
3047 16008 9192 17519 6473 13433 7868 1541 15922 13175 14235 1253 14283 18230 4731 10663 9559 19014 8930 8851 16510 13610 5559 16697 13420 4288
16339 16124 13153 16529 14725 15319 11577 7329 13930 14285 5607 3578 2590 3575 4740 19323 6115 12109 4829 3128 6670 6438 5795 16993 6304 11163
7368 4224 14187 3354 13801 4727 7064 8839 15302 4837 8358 12269 4042 16248 15070 10945 15298 12697 13419 16724 13388 17234 2342 10818 15683 5856
13423 10001 11429 16495 7854 14730 5551 7419 5823 3444 13033 15887 7238 6474 14883 17 8204 3146 12577 14636 14309 9278 16925 9817 10487 16527
1890 6817 8702 18212 14500 14094 7331 1223 18221 6052 19433 3735 8827 17713 17361 8688 5032 14895 9317 18187 17524 11881 2875 16150 5110 2744
599 3933 11180 13623 12667 7941 16788 7715 10540 1771 19299 10455 10382 15947 8088 17381 9066 2697 6643 973 18523 14143 9962 19434 17101 14604
14784 7537 11743 10531 14280 19462 16507 13215 17643 18378 16119 11779 10855 3856 4000 5113 9482 17014 12910 16969 1819 18205 1824 10492 18775 18208
5446 5559 8309 10020 16626 2496 19506 11874 13073 19286 14766 19719 6044 788 9106 2255 5772 11451 1736 8618 10233 12393 6049 1705 289 11387
17927 8166 980 13842 16211 19545 13012 10746 16783 8252 15629 13193 7176 12147 5720 9458 4065 191 13979 7122 10613 7351 1866 18616 7703 7395
17117 6429 16786 19524 11531 9961 1 10663 360 17102 4385 16867 8525 19441 13944 10703 10201 16775 4759 15301 17240 17800 13612 11197 18381 6920
13612 3962 1037 13786 18986 645 8124 8912 6611 5726 11973 17549 13452 12471 7838 17295 5296 11371 17232 1489 17754 8232 12124 1675 16744 5591
13 9640 4763 10280 11256 19407 6002 9271 3990 15177 7391 5948 14101 10119 11299 2870 18524 18610 752 5963 1744 3965 19273 14688 14233 2041
17439 675 553 19798 7755 15392 3383 5551 15659 1130 13038 8295 18579 2689 17075 6717 8189 3581 6031 14514 7496 4723 3793 8550 342 5016
18992 7212 6132 9347 18079 16819 5489 1637 718 13314 5407 435 9560 980 10586 6835 5334 8832 11699 18150 9087 13357 2764 13263 8123 2559
2524 12421 16323 10197 17362 10498 17677 15055 400 12339 1109 18244 15642 13767 8450 13190 19758 3901 19788 1285 5857 1527 151 9552 903 6618
6839 3359 9824 3366 5602 11336 15910 2051 14120 3294 2836 19170 18164 16524 753 15605 8130 5025 15820 12818 15758 9636 4098 3796 18518 12150
9171 4980 7383 17919 11107 11209 11676 17767 18543 519 10954 12153 13381 10658 19396 6380 4912 5425 18137 2367 5754 14141 11243 1060 19462 1784
18157 3476 11404 13794 15535 5664 7467 5280 18609 7366 5453 13635 3915 15559 4239 12204 3087 5448 15892 4854 10072 12096 15464 11455 11244 14108
19389 1880 18762 18067 13400 10471 509 5549 14300 11725 12753 157 17195 10873 11550 6178 8468 15348 6305 18188 13642 10108 12371 2183 1508 3079
8531 6247 2096 3670 15266 4857 9050 8954 17700 15635 165 18272 9186 7912 13099 16628 8201 954 16303 15900 14711 11752 19204 11994 18487 9377
4452 4169 6246 3688 6708 12775 8160 7147 13024 11221 11935 3560 15733 5551 15444 8862 6804 663 15067 15717 11726 249 10915 2050 6552 314
5836 553 7040 18728 7423 11321 3208 7771 14986 8830 4416 11510 5503 17942 17382 11221 5426 7580 7574 2451 9525 164 1262 7007 16544 18335
18751 18805 13455 17703 12419 3539 13255 12509 18267 8979 6417 3295 6598 19424 4376 7626 15570 14191 14935 19071 14131 8263 6196 11371 9803 14153
16608 10791 7200 260 5202 15683 9607 6183 19354 13234 13766 1352 2954 5403 16165 10507 7086 5629 14874 15683 19925 13511 9973 7406 19570 949
1386 5855 11245 11623 2385 1805 16716 9338 11132 5962 5345 15406 8859 16672 2995 501 14769 4641 18554 18883 12469 9272 16653 12329 3811 2240
18582 6954 8307 10793 7471 18663 656 3318 19456 6652 16232 9229 15360 4909 17459 18076 12264 7559 3711 17987 1651 18110 12635 9326 8533 16327
7730 5809 16603 13115 10411 19639 9610 2630 2088 8316 8572 12720 19268 11410 7829 18293 668 15809 13769 16249 2931 2596 17391 3798 6232 19289
7470 7932 14118 9058 5776 18650 17282 5716 4748 5301 14044 6945 8941 6495 16725 17783 3545 13037 4220 18642 2384 4953 4570 4934 14521 7786
9073 28 4557 7921 4674 16708 8553 18085 18257 1471 3728 9642 2107 18092 4005 7222 5979 1243 11613 5377 18762 12856 14772 10159 7081 10038
16567 11456 18359 6466 12776 6541 13598 6452 12995 19142 5650 9694 5084 1655 3817 490 17501 14955 17205 6384 4215 2111 19241 2263 4211 18288
159 13435 17156 18102 17277 3598 4908 9940 6557 19866 2312 4337 9890 983 18022 26 15013 10439 10206 7287 15842 13778 903 1262 3448 13708
13556 18306 3524 17597 7185 8744 2397 9025 3750 5029 472 5496 18041 15164 13931 881 2910 10529 9741 14479 17177 4285 9242 10695 11999 2042
4665 17331 8617 8129 6489 478 17023 3384 12183 871 19336 16558 17534 14121 15686 9316 18221 16553 4719 7873 5849 16236 6147 8894 8385 17842
14865 18938 15314 9380 18901 18085 12941 12034 9236 14324 4662 16696 694 9806 1677 19102 4383 1269 12469 11862 13329 13928 1067 1236 9603 1540
841 7876 4095 4887 1949 18749 15159 19779 12082 17522 16582 1145 11180 11358 12459 15577 18694 4244 19685 13038 17579 18562 4795 15903 19710 2074
16146 19467 3593 11487 4739 15282 16572 15944 13909 294 2530 15461 2030 11684 19676 19811 10312 12558 3597 13793 19878 5113 4161 4808 9869 2040
12832 6008 3293 3198 215 19701 8283 9827 15304 118 3876 3563 10294 4786 15004 9936 12318 14970 11027 16612 9976 11197 4456 17467 2215 10914
535 8975 17311 5588 6918 7946 11320 8189 8458 5545 2229 15305 178 5949 17315 7703 6982 8020 15442 7036 10665 10858 19944 7681 18464 18079
4003 352 3304 12824 5351 12909 13249 8375 4706 7288 2462 14248 259 19828 2628 8742 11444 13665 9617 16802 19654 17196 5959 19819 4780 4763
1653 6478 19021 9451 18974 8874 19788 6250 16112 2396 18141 7129 6851 1229 7038 13152 7208 12163 14498 9646 16235 190 6736 2419 9357 15166
5036 14145 10187 7105 12524 4230 11593 12016 14350 2769 10395 6872 18284 17462 11824 13712 9695 16530 2422 17047 530 14849 172 17831 14485 4851
3427 2225 11094 4552 10338 8765 12532 8982 7490 4445 15724 7248 265 13902 18444 17248 731 10702 3624 18777 1925 264 7414 15945 6043 10024
12706 10573 13399 15516 17723 2427 12620 418 5706 17022 9442 10042 18686 9653 11751 14201 7899 139 5567 16325 6120 5913 1962 14564 7210 2082
10944 13692 16043 11177 14557 8786 16800 2802 17236 9507 11717 4586 19900 7317 12353 14329 7937 4681 8620 10671 6246 9515 19807 5225 6227 2464
11336 19280 8694 17782 15735 10807 6526 12311 2717 2452 13473 13113 7434 14798 7035 4568 9836 11178 507 1554 14648 5462 19960 18636 5058 10797
5074 5634 16906 1991 11309 1194 18635 11843 3602 13586 1442 14693 12187 14000 6624 11879 10445 7538 3267 3330 18395 8966 17334 17326 15268 11905
10579 2316 18335 18926 14583 2534 554 16839 9090 9419 12073 17280 19564 11532 2112 2981 16271 1728 14490 18842 18824 4977 5522 10135 6437 3002
1518 6769 6654 16466 12442 11828 17509 17261 19833 3502 12724 1149 8293 14985 18784 14808 11004 19959 17208 7533 4943 835 9952 3382 17478 16169
7211 7041 19995 7674 19488 12005 18442 18571 12577 19410 2968 19903 2527 2853 18846 9274 1357 7875 1151 19941 13078 1989 9560 18579 6518 9249
255 13009 3117 14724 10458 19766 10349 6957 12088 16922 9509 4612 8968 8010 14882 4252 9000 7685 3964 14831 13632 956 16070 6839 14357 3155
2137 8545 19192 12676 2196 19094 14910 7456 5042 9685 5505 6499 1611 7947 13388 19725 17334 10745 9002 11247 11576 12084 5521 3247 6212 12485
17474 19118 14033 7066 12244 12052 12483 693 18064 17275 19394 17648 7909 16497 17797 9726 14792 3574 5401 10674 15720 13719 19647 8410 14065 16790
5859 1939 3590 3315 10365 10451 9522 6147 3038 10432 14008 14347 15430 18357 2260 5063 14456 17764 18415 4480 1596 16603 6179 7481 1807 11282
5663 11489 6221 10618 8568 10398 1385 17164 7404 12470 11350 1738 16485 6421 14973 16680 18771 7628 15167 19936 9532 15023 6351 6656 19721 14254
891 10696 13970 14226 17470 15756 12815 16637 5904 19604 13347 18494 8836 10338 285 15808 10772 6920 531 7396 7357 3784 7094 932 15432 4934
8328 16149 5999 8725 16249 2992 18076 14561 14589 19397 4284 12625 11841 13610 6826 12520 3674 16526 3198 18534 19907 11116 11043 13961 9246 14028
8146 14773 6147 8432 16761 9817 4227 15304 18369 17108 13810 16188 6693 16914 16203 13210 18847 14643 6307 5698 16703 4434 13975 5537 17932 7730
13940 3703 4886 13125 4442 15110 12581 14988 14103 3107 554 4527 12537 14280 5871 14339 4241 2936 3777 12117 14597 7733 13346 17246 17329 12549
11370 9638 8498 9841 5036 19118 2146 5497 19822 18607 17288 18733 13498 13409 7604 2164 9899 18833 18012 3431 11404 4394 12670 14696 8762 11876
5808 4743 7175 12409 17495 7693 9172 15372 6519 15610 19327 10418 11136 1279 10052 5089 4677 7140 12219 9977 62 14220 7614 15456 13707 4219
4877 11152 14621 18598 18474 1630 5452 1109 7283 2151 9107 12146 4077 9359 2549 18883 4583 6956 15397 1730 8477 721 6790 10130 9256 19927
8862 16780 17581 12109 18426 3818 18514 6356 8463 9195 16656 14501 1750 1237 10861 16512 12851 19008 12244 15851 12067 12595 15169 19764 18245 10095
8958 3741 19364 7282 11614 15592 12875 14035 6268 17124 16345 10075 1178 19231 17374 1870 17218 3894 16346 1239 7642 8768 3068 10523 15694 14065
13424 5774 10621 17240 19429 13533 16490 14583 5421 3834 12324 17326 4332 14441 6270 16473 8440 16566 4632 7711 7687 14781 2190 15504 16908 4493
12108 17591 670 18438 3848 17292 12811 10497 14142 16640 3373 4279 18553 7944 17264 1779 2193 9829 6670 8605 18949 3426 11710 16700 7090 17683
10259 13747 5298 11481 11867 1859 12425 2425 17447 4006 7468 18129 15572 6041 13866 11171 19289 13730 11506 17464 10985 4036 14779 1775 2603 19418
12369 7078 13822 8947 5374 13010 10506 11390 12961 14931 3765 11509 1142 9318 14864 2235 16514 2062 14124 8755 4758 12406 3375 11343 16367 18410
7988 5401 12924 14520 11775 18098 15059 17455 6555 776 13621 14364 10698 9051 18497 19781 9414 10466 12606 11980 12731 3948 16209 1494 2158 7403
4864 9219 7324 5715 8806 6613 9007 10194 16420 17736 5100 16475 1625 10659 18539 7140 19363 9088 2507 19106 18890 484 6571 15467 7838 6300
17800 7820 16196 6511 7194 6019 5416 184 10576 19684 19637 15809 11430 8407 9334 10772 11060 4845 8586 9532 9971 19167 320 5745 500 4556
9432 6715 9680 1259 10913 5097 14001 2381 13585 11094 11676 420 14101 9659 4472 8185 3422 15476 8111 5505 12840 19099 1167 14409 14058 12351
19591 13497 5554 9796 10601 7471 18858 2563 15031 6700 18345 11272 11826 3688 8698 10856 2594 7140 8785 17537 1050 19287 18205 17939 13015 15290
13203 14996 15836 17635 2037 6835 6185 5619 9214 12411 12103 17592 15907 6030 692 4914 5932 3906 15390 15989 19679 1912 17408 14605 498 15973
9249 19852 15858 11250 8748 14001 9406 2808 7575 19835 18198 286 11315 17924 11194 7069 11066 17851 4952 7879 2294 18880 16445 2797 6916 9709
11379 18418 4876 8332 14981 4002 18077 6064 1262 14585 13679 415 4694 12676 11338 19847 17427 10332 4183 3108 7807 1581 12674 6913 2889 19337
14758 4166 8469 7456 1491 13196 19924 13700 11628 1656 11433 12822 7791 13039 10757 6653 10767 9035 6813 12674 9730 16478 12184 14985 14762 14495
13819 1936 16997 222 12822 1487 10204 18598 7268 7471 7123 17139 671 8453 10645 2265 6602 18668 14505 8401 537 9767 16166 6796 9367 5737
13875 11903 3016 7718 10159 12441 13281 1246 11233 17352 13866 15477 12948 2530 19630 2800 15371 17313 2831 13974 17688 11064 19405 8935 194 15636
13420 3251 1153 13330 18116 6866 1338 15523 16662 14374 8363 12127 8974 7927 5624 7964 3711 4161 11649 14235 8766 7346 9669 17857 10095 2961
5101 4020 1394 19876 16418 4889 4150 17169 14387 6279 1909 7028 10037 15604 9899 9468 1646 3287 6214 1010 15283 16400 6897 4921 993 6371
15407 1542 4943 5916 9382 11169 2933 14000 4686 15317 8954 18459 1251 11044 11023 8162 6809 11524 9957 16809 6603 9735 13 1867 11585 14780
2153 18543 12269 10623 5115 17918 14349 502 7987 13601 9469 5433 11372 15293 1561 8745 15577 15880 5340 4527 18598 14748 13819 4848 19365 2523
18568 11273 5678 15367 17418 13767 18991 940 492 4768 17298 4507 15595 260 11628 5259 2084 7026 16961 13918 6985 17599 10453 16582 15866 13051
9437 8820 9376 12561 5303 16940 19659 7177 19454 18668 2066 18549 14311 10367 16061 5728 4079 8916 8384 7283 8383 13614 12797 10509 7632 10315
6717 181 10722 17869 18891 13676 7951 17664 18200 8040 12630 6136 10033 9730 17515 13071 17329 9357 8181 10854 12191 19804 17627 1472 7933 3491
6358 14731 6916 6357 14084 11897 10409 6384 12246 6582 14919 11893 14788 15093 2320 7080 14563 2118 18148 13658 17663 17467 15278 3002 1848 8990
7546 2384 12235 18298 16848 1140 12391 17148 14692 5420 14158 6951 13576 1689 1782 7296 19019 8424 3207 13438 9808 20000 1913 16997 18515 12130
1618 1790 17962 15083 7715 5316 6240 13259 10069 7338 6310 12203 9057 15264 17926 3780 13609 13405 11872 233 12392 10559 18745 18469 16864 16906
17509 2249 5712 2796 9121 14373 17914 18650 394 9992 3084 10960 9191 2613 334 3620 9257 17494 72 12294 18934 14472 9776 3437 12609 10486
8715 12949 2820 3242 8271 5608 6333 8991 4019 4773 7029 798 1534 11489 12031 8912 1591 8856 8702 6771 2003 3240 9564 4337 5656 798
18123 4665 6281 9834 11469 12040 16740 3960 10934 1221 7367 302 16103 6050 11108 2220 1261 17461 14396 15535 9593 7981 7885 9532 9152 17697
4704 13519 17646 13557 11374 15151 9127 4315 10042 13703 4202 16409 6472 3235 5428 7435 3722 8417 6885 19292 14118 12488 18537 482 3665 2705
19957 2119 3368 3496 16742 12540 15904 5096 17030 19255 4027 7684 2066 8013 3019 15069 13903 10555 12246 5719 10689 15530 8515 1745 10180 8557
6225 4784 12767 17559 12888 18826 2717 15680 10420 19424 17183 18642 7795 9500 1846 13608 16454 15303 17563 4259 16495 16214 3855 5744 8656 15473
19305 1552 672 4729 4547 13484 11720 4495 10827 18354 139 9941 11015 15072 4149 11321 1695 15572 4587 10752 12056 19879 9433 9991 19275 4019
367 19432 5724 463 14173 18248 1187 6572 2618 856 6230 16907 18285 15004 15335 19964 16168 7228 5382 16098 15148 5768 19347 12462 8565 17474
8709 9236 9460 18430 8498 8076 11680 985 6792 8431 1675 11198 7422 11171 6008 11206 6150 9493 9080 6802 13331 3330 5272 1813 7682 7977
3758 11423 10770 6105 2463 1355 7442 1546 11639 7799 12860 1643 17706 4888 5575 17157 16264 15808 17314 4759 13303 16928 13782 10750 19318 16488
7218 7767 4262 5298 5850 2587 24 5605 15442 19414 16492 7096 3228 16267 8783 9496 9423 18417 1399 4828 12889 7498 16369 17274 15424 10628
14324 9815 12490 1177 14212 2985 17109 7556 12332 13984 5914 8867 13883 8858 10805 6864 8243 18392 16079 17417 9756 7962 13084 15775 8316 10044
14639 18064 11693 5540 5869 2098 17316 12182 14591 8203 11764 7826 562 3658 13523 885 7859 10520 5770 6416 1563 2822 6166 2047 2216 13925
13912 12593 12725 16093 18502 1036 17393 14704 2286 17549 14826 4171 16984 18216 4924 3258 8864 2812 18889 3939 11156 19308 13737 2177 11571 1925
7433 7050 6700 13811 9502 13162 19874 11396 18291 19213 11313 4259 2198 14268 8528 13856 17592 16291 18487 13712 10454 4503 15618 7280 1958 1531
12729 17428 7361 1304 9833 4456 5332 12971 12323 7335 12959 8103 17413 11112 2053 1028 11451 12083 12154 10460 6347 18123 19308 16213 13903 17767
15781 10094 12530 18460 9415 413 11905 18929 17523 6471 14874 3560 7556 15203 10366 8347 15211 6187 8263 13892 19147 10262 3115 16566 5953 3783
19274 7367 19686 8208 4440 18489 8376 19261 15008 16389 5135 10260 15247 550 10862 7710 11289 16879 17335 15637 8268 964 16604 17003 6876 5581
10942 18927 16990 1243 6837 8228 8588 5258 17006 17735 17908 16836 2872 1227 12138 16297 7806 14726 6097 15991 16818 18324 5472 18931 17336 11695
9069 11640 14447 15583 1459 13914 11170 18886 15583 348 19384 2975 619 14681 5337 4317 14673 10340 13497 11962 14166 12605 17095 4884 14625 15011
6121 14181 5749 4510 16327 3930 1704 18245 13426 9009 13195 15852 17660 421 4124 2101 4709 4997 4058 10370 933 2142 19413 6544 4726 7660
17306 5540 4002 10367 18638 7400 9459 18900 10243 5922 1650 1612 1377 6384 2037 17985 12361 1985 12540 6459 298 8025 7358 11944 8615 2151
15166 10108 5570 18558 7813 11428 8927 1156 8801 12830 9253 9622 9933 5189 15361 19070 11992 883 15679 13998 13520 17238 4379 8106 8185 4328
2723 11938 7915 10413 4610 14232 355 7376 5688 7598 7298 13741 640 15450 18405 9546 10700 16618 17375 6966 1440 17961 4738 8751 6642 19305
524 16713 4361 18705 14982 1610 9375 11283 6870 17545 15121 15940 5607 3431 10218 1462 14946 15309 5577 7473 1457 1834 19643 10594 16339 5753
8991 1254 2222 5585 5483 14040 13787 7503 16619 14145 5953 7888 7470 4045 13286 1394 6806 9513 11509 11994 7996 5685 18877 16702 76 13275
1547 1724 14738 6685 7388 13188 18846 5209 3116 11320 1136 117 11565 9709 8511 11026 1716 5132 317 6219 11140 17231 11868 11465 10749 17499
12605 1480 1328 1116 15945 18435 12146 316 17543 8626 4076 11964 2513 10802 10358 2060 5910 762 14053 12561 17726 5830 13676 2195 8735 12270
12574 658 5050 9205 19595 18722 2612 14655 6142 4314 2831 17920 1001 15795 18276 9303 8306 17604 15167 11565 13455 17119 16105 18326 8736 15518
705 16433 19522 14940 10674 10935 19499 15328 15808 11885 3624 12332 19236 19176 9285 2604 807 11981 8220 5132 7214 12692 1706 6080 7810 4881
15015 19273 9534 4209 15634 4066 721 5225 2500 6973 1024 1253 14407 2972 8881 10241 3548 1615 16835 10739 3529 16511 8032 2025 6103 12453
6823 2861 7906 2960 7151 13595 16223 13035 6168 19225 8348 7872 11074 6919 9348 16159 13978 8792 17220 4572 8722 3449 17470 1702 12844 2779
19125 5189 19024 13795 11470 3924 8788 11570 14278 18351 7694 1104 10073 2132 14138 10750 7160 16981 17480 10932 17059 4653 15766 14189 4227 3359
6577 1750 9746 10235 16562 12602 15984 10231 10574 13041 6037 1535 12263 10032 13786 5667 14397 5810 1513 1527 206 15214 1122 613 7386 8282
14751 2884 16957 8467 2833 3914 12859 7161 17573 6866 6340 19591 13904 8194 3319 17133 5311 12246 1911 11825 6851 15902 19650 16138 11692 974
415 478 1009 3965 6539 8909 9090 225 10970 11625 18064 6015 4279 5177 7137 17098 9962 19987 12296 2429 14195 14537 7871 18637 3518 3029
18486 9326 8874 14132 11371 18298 2281 11403 19784 11765 2610 10637 19585 5567 15046 16789 11233 19824 14708 2252 10147 2895 1886 8930 13051 14298
15593 9256 5566 12898 6088 3336 17074 13892 18480 10760 13627 11869 3727 3834 966 4892 6891 2861 1364 1549 4104 2279 6768 5165 2539 4184
3387 10144 3138 9862 2773 10539 14332 18547 16176 18185 17070 54 16840 8495 14672 18743 12613 12636 4981 12061 6076 4201 4110 18171 10325 13387
15385 2737 6674 15387 9616 13545 16913 19019 16355 14901 13632 9555 3807 18847 17279 12772 4247 3138 5176 17640 19925 15645 18822 9339 14532 263
14573 3680 3553 6386 5800 7321 989 431 3772 17797 6922 1728 10855 9160 6455 12283 15401 4183 16398 699 13043 3535 13326 13619 4623 17835
8347 1127 19194 3771 9391 4074 14929 19069 18476 7653 18642 14503 11626 1273 7779 863 19244 5466 7090 6042 11310 8238 17251 19955 7502 4317
4282 1393 14004 7939 9344 13105 14265 1590 5007 7789 5390 16817 16962 13680 12070 3004 7227 6422 3997 7122 18850 7568 14408 15585 15775 14051
11392 4438 3460 752 7447 2923 17822 10648 11631 1579 12994 6682 7832 5973 13403 6313 12611 19382 1376 6510 14212 1897 12751 16661 6445 10003
14966 3027 10981 15116 10363 124 16002 11260 10957 6231 9540 10301 6282 4875 4009 9355 15447 9646 10629 17235 18660 3608 16765 5275 11068 7546
6863 9626 2215 14934 14181 5306 7050 9273 18853 19361 15522 1847 3507 14629 13952 11563 754 798 7271 14441 16347 5304 17792 15607 16283 17146
13274 9085 14563 13984 2942 8320 10928 9439 149 975 1675 19613 18968 18656 19936 16115 13652 19043 5796 17302 3216 52 3336 10081 12059 9158
12869 7172 17997 4037 13835 15536 2434 6281 9062 13195 4488 3275 17091 3096 5680 41 844 11361 17223 12425 9657 3545 7789 4992 16641 12952
9882 7015 8182 8954 4905 7041 17502 12538 16715 8809 17609 5010 8183 15301 4311 16294 16753 3482 17343 12656 12999 13956 9782 13736 11291 13731
15920 1414 9538 1824 19296 7503 14697 11178 18945 222 6905 8493 2344 18073 10353 9090 9063 14935 10559 421 1026 13790 5411 8447 6961 9518
6127 5101 10558 9304 11973 12233 9736 10872 14143 7374 6564 8553 15711 6389 15593 7691 13974 17712 16965 10458 9895 12413 19776 11771 14637 17024
12682 2925 690 16201 18460 11482 8942 1793 10622 13525 1247 14680 6676 5495 9805 5636 1652 7582 16972 4842 7748 15663 16308 9103 17391 7399
5744 10811 3517 3624 8617 1465 10763 6928 14377 10795 321 17226 17874 18729 15225 7257 8652 2385 523 14004 5071 8274 12945 10289 1365 18938
8102 9568 15104 17966 16320 10483 7445 15824 3553 11563 1336 2774 1865 8738 6131 1017 3595 19401 10172 12450 1328 17381 17272 18950 19565 18696
2815 9721 18959 5138 15485 3880 15261 8265 7425 2777 15142 15652 8803 18235 18220 8132 13447 95 6522 19424 13444 16638 15524 6662 17830 12733
9888 3371 15368 5249 178 19778 6629 1953 10600 13122 19184 12365 12953 971 16919 16339 8320 599 17396 7069 11148 75 11265 3414 12329 1621
1998 7896 5767 3709 16819 15507 11277 9400 14296 15671 9890 18994 9131 16241 4954 13549 19689 5174 76 777 14173 13875 1236 11302 11561 4654
12997 6209 15313 15993 6031 5486 11179 12501 14524 1213 1015 11014 15582 11328 7576 6620 9780 8099 10330 4081 2612 353 10924 4530 7209 319
15435 14601 16436 14645 13029 651 1959 18920 15112 15330 14639 8529 601 12512 14605 9822 9810 8732 9557 17589 10397 2555 8484 18878 4336 19101
12378 17837 9696 12453 5887 7683 7267 8038 10099 15976 16369 2600 4206 15209 11602 2783 5168 15264 10576 12782 5070 13533 18109 1811 17606 11906
8430 18440 2072 17343 8692 9905 19213 3054 5525 16959 5133 14822 2003 1176 7313 13725 13091 3384 8036 10578 19297 12815 18806 6682 9234 2969
11634 2530 13450 4752 3380 2540 7067 4008 1649 7503 8260 11157 1156 11871 11603 4796 16321 11795 11974 19553 13893 5360 5892 4003 5373 16601
7929 14645 18436 13722 11797 13341 15194 2548 12870 6695 19014 1481 17214 11458 8237 19108 669 6824 14123 3645 12466 17753 1315 8685 1045 8477
17718 13263 19977 10775 6121 1895 8318 1798 6831 956 1782 18347 13058 6601 19256 4408 15282 592 3939 13945 16093 1806 8675 17237 109 4874
7756 18871 11549 17824 7786 7366 5661 1427 11529 11693 13603 12156 3164 5928 194 11706 449 16052 18851 9980 7466 16630 10972 4806 12995 14285
7777 15937 1446 17536 19292 12978 15425 6613 1302 3545 6893 2311 15179 1317 19482 15019 7907 17865 10154 7703 4903 12272 15938 10004 1936 5538
18641 6853 17641 2416 1366 15304 18352 17200 9007 1300 15285 11052 13280 7314 6259 19336 1353 8144 9671 6091 3665 13472 7443 7332 12058 15536
12949 9289 2622 3116 2010 3336 13598 17014 13616 12614 13462 5000 1692 6778 10646 4619 15443 11893 4573 7217 19058 9820 2953 14477 6228 16446
10817 5845 4174 10058 12946 234 14256 17594 2945 19777 6664 13017 13140 9749 5984 6315 8077 17336 5125 3933 4490 7323 2667 9204 8004 1432
12913 3284 18252 5275 8192 2040 12365 8418 15111 17353 5868 13794 303 9123 2062 11763 14037 11052 3481 6892 15303 18642 14779 2189 18439 14515
5279 7089 11825 3859 3451 19435 17734 16688 2276 3745 10162 4179 11651 12870 15672 9854 4991 12521 14972 8290 18403 4942 19841 6292 2796 18180
14716 16631 4130 4308 3333 15426 1227 16662 15784 11416 19857 4462 6067 14713 8333 19051 1683 18150 8790 14228 2619 1293 10057 15117 16446 10304
17801 9481 14599 16721 15223 17013 9954 8208 15335 15109 13931 8362 18651 11666 6888 7839 7109 14754 15766 9821 17799 16372 12065 1395 9399 2881
12141 19357 17446 10068 3680 9749 10596 17340 19658 6755 9844 10805 11246 12223 17174 7790 573 11716 1617 12625 17470 4109 111 17343 18203 18573
5192 13526 7184 11106 1681 2446 13163 9865 9238 14120 16014 9607 8546 18605 1784 918 12318 4590 263 4483 5767 4037 15496 8557 4790 157
19418 8140 1054 3075 2623 5788 16840 8755 8007 17735 2683 14595 13552 8257 5365 9294 19562 18503 3567 15622 15308 11197 9967 18985 14994 18544
4296 1911 12907 3287 14615 19665 2977 6010 10330 5458 5975 1801 4694 7852 15359 1931 4377 11697 15103 15412 18829 3131 12139 16172 16937 8764
2233 18609 7836 15459 5624 6893 11329 16226 6285 17283 10418 12340 295 14190 128 4124 6923 13360 9755 4235 8992 14519 9270 3516 17472 3561
13704 19904 9639 7092 13344 2317 14191 19661 10786 19325 1990 19071 5693 18920 6908 12716 4297 12353 12145 10146 12435 2113 11785 19439 18470 2025
19230 10076 7409 6791 11177 14048 1373 11938 5458 16269 14231 15926 6691 17054 10032 46 18530 12373 3864 12142 2648 12585 47 2739 4605 3841
18889 1103 9692 13464 5527 560 14543 10101 6848 17919 3266 14176 8206 4373 10159 19012 16342 13084 3326 2439 4774 16127 15457 17235 17963 9980
4849 18963 16803 9474 15082 6674 511 1173 507 2803 9786 15788 12181 2940 18024 18037 15686 12531 3161 15302 6019 14670 11286 1858 12554 4826
2584 471 13137 19838 9567 1250 19002 7078 9306 4188 15823 9852 9792 255 17522 11902 8757 2309 2625 13713 17872 5868 10993 5720 4862 2679
34 9464 15665 5053 361 12229 17450 2859 12268 4061 19734 9400 19325 11170 2978 5844 19941 2273 14101 17191 17473 5080 19505 9891 3457 1722
18312 13311 4987 17463 14415 19858 8647 9859 219 9533 12205 11074 9714 18465 1049 19386 13047 11726 17763 13887 2329 6806 11171 17391 1767 3887
12466 7219 5739 10271 13900 18356 11213 2720 1355 18994 14900 850 15425 15280 11555 14457 6719 588 3734 18277 2795 11722 9028 15172 14161 8598
13389 1547 3074 4959 11386 17049 1320 13090 4581 17306 14426 19695 9517 11912 16268 19063 5183 19914 5518 19939 11961 2263 14591 16551 15653 9522
16060 6960 13951 7885 13877 586 4758 16262 3221 7012 17910 10320 9497 7803 12920 16257 10541 14810 15437 11830 6469 17612 5524 18653 16971 12038
16317 15205 12709 15765 17106 18159 19393 13797 14210 1992 9578 16722 3871 2404 9923 5757 10252 5744 3499 18582 10427 19652 18005 14270 4183 2482
2804 17605 5785 13007 16571 9192 11698 15350 7390 1036 10003 9918 6280 9915 15300 8768 1208 19624 3697 1939 10894 12846 4555 11121 12026 4991
6230 5613 9007 19425 18429 12926 11170 2927 3849 8084 3231 7068 3898 355 16592 10137 5441 12500 14343 16658 15618 16566 3404 12572 19129 13391
4989 6049 3337 13346 11822 15534 16639 14667 16902 844 4997 11647 10386 5276 3664 18411 16556 8943 17078 5697 17629 6957 14096 16420 14031 15331
4317 19235 6182 15476 17486 7195 7799 9965 14929 2810 16513 15370 8200 2092 11961 17633 18370 17745 7695 6402 9695 13455 13942 14946 7184 13906
9640 7204 5118 13469 2530 9434 5757 1637 18212 19987 1537 1974 16827 12838 13640 4822 1668 4511 10667 17201 18081 12235 8973 7028 17051 11954
3797 5709 11746 16032 1933 14434 8847 4287 1880 16952 17304 14280 7389 4923 2029 6039 10959 960 5037 14373 3440 3824 17217 18360 17469 5117
16893 5774 12014 2612 17669 318 14733 6332 5581 2565 8221 14367 1363 1030 15204 19938 1546 6025 7500 15999 5535 2931 8763 7612 14279 17577
11348 3855 17117 8721 6178 8583 14844 15711 13215 6498 1999 7319 10193 17967 7148 5965 13351 12172 4196 13585 11662 3239 15811 4052 1083 7228
12622 8516 18452 1376 15797 17201 6008 17727 2173 16769 15561 4359 17649 117 3478 12703 14937 1838 13170 13201 3484 11277 4543 5875 8258 9167
875 13885 2360 1405 14198 11292 16096 13290 6762 8018 1704 1639 8636 1750 12724 19425 8156 14869 2654 2912 11747 12501 17173 6572 5558 7435
19601 5096 13725 10941 4274 7914 11852 5683 3516 13267 13771 16609 3898 1512 1665 15412 2064 10806 11895 4445 10124 4564 10599 10831 11997 12413
1595 9844 19171 7158 1502 7680 14913 8857 8875 11751 5507 18377 19870 11665 13082 19028 3150 9626 6053 10960 11620 15924 16018 7472 1382 13962
13128 17492 8534 16201 9310 9406 16336 12069 2532 3124 17837 1661 12865 5542 9988 1496 6276 4722 2393 8739 17498 6005 9524 14454 15481 2059
18415 11466 18223 7263 19248 5366 17372 15800 19897 13661 7707 18300 5976 10503 16300 12457 4554 19229 11339 7687 18545 6439 18032 11890 10777 9047
7025 1070 3341 13390 12801 3217 1675 7870 7931 13845 14312 14947 18900 19157 1516 18326 16915 244 697 19130 8955 13386 15162 16633 16793 3436
18905 8043 12431 15917 3795 16981 680 5385 14818 18369 4071 16065 13952 11009 15382 12717 13559 12413 8298 12522 15351 7487 4015 7899 6374 13759
4314 9427 19623 7520 8267 5535 6725 5429 6515 4154 17798 6628 4512 4714 2947 13555 10581 3439 15451 17512 3274 4623 5110 11926 8229 9501
18510 7352 7679 4680 13326 12879 9479 12516 7324 3402 13723 14325 6634 13744 12410 8720 3152 15303 18669 14266 18436 3210 2884 18535 2893 12355
341 7067 10858 11557 1148 6225 2088 10438 13392 817 4269 4568 16043 17914 16525 205 11684 15793 17666 702 14029 17850 14063 17908 16623 15161
19530 12722 13801 6357 8802 12082 16592 4302 10457 6566 13372 9232 7037 9267 1767 17240 15638 18223 3535 17061 8050 17461 16564 16485 17773 17241
11240 2595 4481 14076 3341 10428 4342 18873 6371 16108 10256 2072 15309 2726 2000 9224 246 1142 8130 2168 17652 10368 11738 9643 9387 2889
16340 15978 7485 2091 13602 6739 4275 1043 7016 11039 15836 18113 14148 9144 15637 9398 8298 14478 13284 18722 18773 12170 1867 18714 12471 12802
5937 2122 16446 3821 18527 11093 4460 8932 2893 19665 10326 16007 16070 5206 2248 13898 1587 13484 17707 11456 15161 13988 13822 8382 9058 19167
1218 11667 16511 9765 12627 15097 5775 2908 11705 392 3886 14863 2314 3416 9112 7650 11916 13610 17259 18896 17381 9598 11532 11418 15153 1768
13821 16015 11377 17949 10371 6028 15520 14082 12121 19393 8546 18211 4992 19484 12816 731 16241 2947 12024 3275 16974 2911 3173 10727 8806 1980
8651 14476 7702 19426 19116 14497 8359 10908 11285 463 15981 19182 4839 8056 10848 6358 7128 6536 19646 12402 3018 9436 18124 8516 6709 12848
16519 342 13651 6 5107 5449 19231 15833 4038 1027 14588 11202 14489 5913 2859 9261 18611 14584 19660 16207 8745 7786 19520 11436 12279 17909
6739 5569 14792 1433 11512 8430 1660 10417 3183 10087 14057 1755 17980 4264 1015 2368 16173 12685 6504 9141 1801 2064 4024 6583 9140 9823
11806 5699 11189 14858 13443 6278 1445 14901 18375 15365 8525 12896 8945 3755 10805 2572 2211 17678 9248 10532 5418 13437 15513 10520 14957 1198
8209 16414 19265 19458 5930 10819 5740 19313 12604 8092 18362 4793 8025 16297 10218 294 15818 6090 6405 16884 5674 6470 9447 5990 13010 5261
3378 7487 15863 11205 7873 8031 8097 17739 16500 19051 6960 6200 7461 11888 6240 8625 9457 877 11259 15713 15194 13349 17262 3303 13579 11698
14424 9982 6086 3507 2734 2631 2407 6158 10659 3459 19198 15869 15206 13074 251 6831 1676 6952 3486 5826 11117 16645 6803 2762 9110 7323
9230 7051 18756 9920 5946 5540 13942 2816 6527 2279 2055 8278 5 3241 3680 14455 6871 7857 4783 1992 9573 7167 9425 13980 2489 19175
17782 17441 5940 4035 16188 6966 13751 13682 14350 10151 1267 5776 5082 16281 7770 18490 18327 19121 9088 18834 12039 8620 12723 15552 17557 13362
9017 7860 14005 10755 19760 174 7371 7928 17150 3522 15491 19776 9915 7426 10496 6316 32 9688 8596 5251 11168 9682 19419 13612 12995 5711
1460 12831 5114 4500 1266 5646 13628 19159 10546 11054 16381 17184 1481 964 18912 14577 19167 15742 156 794 18196 18804 18083 15295 1487 4203
4368 7582 10951 11808 13008 4533 11353 8957 4560 12601 6234 11328 2412 17331 5233 6864 5406 332 3191 18095 4470 19162 4576 1617 15949 445
8264 2666 11354 12839 18266 12971 17347 19701 847 2390 12195 17761 9563 17433 12494 13507 2128 5245 13754 18063 15320 19832 4219 11890 2805 3003
15035 1229 18569 6127 10329 15803 8639 11673 18753 160 10722 5230 763 814 19407 7847 8915 16062 19966 11445 995 1196 4453 6480 15127 205
14624 4596 10334 19707 3289 470 3694 17749 14256 1522 7738 18885 3651 3453 4004 14539 1801 10714 17758 14368 19827 6282 1136 310 16181 16561
4686 16452 76 431 8571 10655 576 5965 17406 10523 6786 14165 17841 11843 12673 2227 14189 16808 18610 15213 18585 17799 4931 9242 14292 15093
10068 9838 12619 13180 255 5133 8753 17200 3845 13156 6070 11804 14908 4601 9947 19448 17577 7893 16051 12326 17352 11931 14477 1464 630 17926
10241 9819 18055 16070 15962 11568 15420 13780 12436 8675 14017 8280 9521 12798 8726 5263 16318 9685 18593 18975 5904 18031 7568 4179 7142 535
11001 12986 17622 7407 1824 16348 18552 17113 13280 2048 18990 3284 11198 15809 1136 5138 14091 6077 17139 8582 8862 13378 8304 4207 19044 14214
18376 6703 3372 11511 13594 6762 2724 356 9391 1859 14770 2993 6918 692 19501 4885 7330 7442 1212 14175 1757 6177 10865 10914 16435 6678
9998 14786 5927 17845 10400 5524 12874 11087 2130 9167 632 12022 13635 14761 13430 678 16024 9551 12400 2219 16332 10511 16539 13281 2758 337
10708 2124 16905 10357 3937 24 19198 17258 10014 5818 19128 10270 16488 12267 8409 6156 15749 973 19880 5840 837 19397 12331 9218 17287 14805
6618 15059 3818 14865 9904 2494 9131 19732 1285 19763 18 7073 7886 16079 5949 1279 3014 8470 14309 3946 16526 7658 14833 17388 18391 15903
960 4042 8216 10644 1842 17898 4243 13802 3051 11967 17888 910 18922 13888 13202 6621 4562 1978 7760 10449 3827 450 14431 6505 18328 18618
5698 10336 14909 17859 17639 3609 14017 6860 7732 17348 5525 13686 7087 19641 14526 17548 3672 9494 12643 18625 2782 7235 15357 17581 3740 3586
12568 334 12766 3394 8872 17153 1260 5610 10111 17652 2210 5667 4488 2580 16542 2488 199 17074 4677 4467 7469 7610 6199 2783 1778 19980
12442 4367 6960 12071 4500 14981 11059 19392 11827 1059 13122 1796 13160 18487 1073 8425 186 10731 13856 11061 512 6813 12359 16542 4011 3899
15079 9900 14185 6889 4193 7281 12887 7629 17985 8014 10003 16482 11500 5050 18366 15530 6153 1345 17569 15747 9920 18664 1150 10543 1045 5709
19614 7427 3367 5506 7781 2 5001 17321 6294 1853 16569 5213 7047 9727 4414 10531 10542 3756 3761 12577 8676 2900 10901 7347 12750 14033
14344 9920 10924 14144 4797 16011 8616 19460 15891 17155 12861 16898 12508 6683 8019 2103 11258 15886 9539 1102 10279 207 17114 19914 6564 15666
2431 7554 252 12064 4054 7181 3275 11972 3312 10040 16507 12153 7519 12593 12958 5424 19328 10589 5768 14646 17534 6401 205 13874 9780 11855
6619 8615 2251 17728 6567 12818 1002 8557 5626 9690 2873 6387 11376 1466 4543 9112 18396 19116 17653 13215 10561 7933 11152 19125 19448 4689
19267 6043 6747 17254 971 3901 9507 9640 13415 19611 10078 8802 19190 4611 4102 5256 7019 13322 6269 291 18929 13554 16946 18719 19068 10070
6409 8776 18816 9824 12766 8067 19264 15531 1731 10061 19653 16268 17390 12011 8897 17547 18540 5451 19470 16532 17760 6750 4023 10045 12305 4341
9186 18949 822 1206 10569 17163 14064 8791 13000 19032 864 11671 10834 6283 16578 1142 4886 16216 4417 8885 9293 8137 11344 1112 4150 10625
3324 11353 9971 8032 3051 18351 11746 19571 1203 8733 9581 19054 7354 9609 16611 4266 18965 14238 3103 8667 11948 19223 5658 18869 8265 8611
12393 17554 16404 9512 2128 15340 18659 4539 19496 7022 5186 6256 15019 6792 12300 14360 13632 15472 13319 2298 14981 14250 5960 14195 7434 17201
11798 18362 3851 6356 6848 12659 6547 19699 11487 9984 3988 10513 17721 16940 15202 14650 3196 15272 8152 8545 16463 2942 1896 8667 4484 2012
2684 17833 14347 11985 6498 10559 2882 6558 13038 5713 10218 2271 4842 11950 15534 18993 11366 637 13108 13834 19635 4166 16505 12184 18418 17527
8894 12373 5497 8266 11859 11855 3626 13360 305 19963 17906 209 9505 3170 1441 17500 18351 19164 14870 8071 6240 11142 141 11910 9703 14588
12737 12952 19964 19139 13868 12950 973 17516 9695 1969 12977 2186 12396 17260 15785 3633 16332 18582 17248 16974 17202 2745 5215 16774 13048 11600
15377 3994 277 10565 1245 10922 8923 481 15452 13747 17838 3128 13840 4853 5830 6264 14785 3113 3259 6977 9226 9633 2816 5426 4549 10592
19158 5969 14487 7367 17540 1691 15639 8511 10861 16085 10575 13215 1729 13951 906 19905 2236 4914 13608 10453 16155 8646 11523 7544 13748 5423
18365 1812 11749 15528 16790 5635 6275 19600 15968 5635 19462 9791 18917 7355 16748 15085 14266 11184 12318 18864 2494 8715 1930 2160 7047 13497
7265 10255 6923 6569 2309 4232 16775 293 9544 7962 2118 19121 5397 7530 11263 6698 1165 15488 12703 9937 8516 13020 12783 6280 11932 14727
17603 14281 9684 274 2732 797 7927 18934 5045 12061 11398 11052 526 3520 11640 11609 18536 9452 11167 12074 16307 3211 10836 4081 10000 7847
18466 12103 15358 6328 7812 17764 11417 2183 17700 3551 4611 16977 15526 12826 12484 14469 15399 15587 430 6141 17158 13466 16362 7013 15818 11865
10887 8595 12297 10574 17913 18973 6442 15995 18841 12350 11091 19189 11109 8099 13284 9649 7857 18842 13414 12736 10922 13686 8127 1784 12270 11326
15804 10237 10020 9809 8791 1543 6559 8331 18597 10553 8908 8644 8051 11829 5829 2526 4509 3609 8743 15568 11079 10758 7552 6296 1536 16508
6017 2667 16465 8107 19889 543 12369 2702 2632 12531 5510 304 3797 8461 19945 8948 15014 12153 133 13770 16157 13842 7334 7398 14079 481
10791 16730 16747 14201 7578 2393 7361 17296 9046 18810 18527 12381 11495 9584 3089 2944 2786 15801 10327 19390 4710 428 9201 11748 8516 3366
13687 12924 3508 17877 10162 986 9635 17118 13951 19759 16392 4612 4136 6769 11646 13225 15234 3731 66 17907 1874 6440 12403 15655 10768 16761
7807 11319 19648 1837 12972 9097 5912 14054 16691 3577 13514 8261 19159 13090 1391 11898 4586 7002 19236 12841 13396 13696 134 8602 14912 5763
4167 10355 14494 13497 16066 7979 3924 10068 7464 12391 13125 14186 13934 1931 1384 7092 6131 7128 3736 3963 6427 18290 8776 1861 14656 9387
7231 10339 2263 8378 9496 1232 12453 10419 2521 1866 17098 16702 2026 9259 12602 13365 3464 16454 13764 8608 14275 12333 18722 1378 14762 8554
3297 11968 3214 4679 4397 9427 1823 3067 16325 15060 301 10698 2284 16394 11274 182 8896 4404 5377 4424 6246 14091 5089 8304 7272 2734
13811 8479 17400 2592 15902 2447 7524 11350 7887 1346 11487 19189 11851 11564 15343 11466 1888 8390 13732 4363 19023 19216 15391 2632 17185 15244
15688 2296 4822 13137 13780 7439 17413 19995 10091 14877 10223 19058 16531 5751 12240 2900 2976 12180 10547 13343 19075 2233 14931 15846 14926 6001
19701 6572 12380 1094 9453 4981 6216 4162 5144 9926 19358 2599 10622 12955 15511 910 16633 7592 11094 15649 16166 11740 6565 1700 12657 2451
3019 5561 12488 17773 6901 17574 12622 14945 15251 3213 8421 1112 727 2434 570 8489 7960 11323 342 592 3689 733 8859 4771 19478 14239
7717 1364 13147 7076 16927 1209 12504 13960 19182 3292 15787 10864 19573 13799 13359 16121 19596 4801 16886 19814 688 7845 17720 6710 6314 17915
13987 9355 15199 4721 3498 4654 12306 17828 7242 3106 15093 3655 16646 7615 850 6867 12700 12743 12682 14385 10826 18084 18841 4796 743 19901
11206 10137 6660 18333 2391 13430 2424 4597 8941 5435 9256 14680 18446 3265 10354 5777 961 6852 6179 15468 6827 19769 3808 19269 14032 7977
15872 16924 8869 7482 18992 17144 7939 16406 8374 17829 11133 1747 3980 12012 6397 2268 4061 12875 14937 714 13315 18027 14161 1486 1571 3695
13538 8561 304 15427 2418 13160 6635 5709 8944 10804 15677 4454 5669 15627 13357 5592 13948 4352 17816 17164 15450 19186 5150 3514 5241 14674
17167 12612 14038 19330 5244 10658 3585 14427 3983 13920 17059 9668 14609 940 9403 13255 17462 17143 9029 3431 3044 1713 6695 1673 10190 16732
12399 14922 16355 11904 2525 12259 10976 15025 1653 4671 18601 13083 770 2562 1664 1045 2558 12273 10596 5987 14877 5128 15324 17924 12723 10551
9861 8316 5115 19820 5244 11278 5589 18953 7946 6272 19525 5396 6725 16132 11169 4497 8095 17644 11981 19967 5755 13034 10493 17100 9775 9194
18936 13021 7754 1458 9115 13228 165 4319 1726 12693 6134 11180 3097 9094 18373 13553 15972 7901 3503 6883 9418 14415 1908 4966 8971 14860
3779 3116 186 11300 6062 10962 18140 9199 17558 7073 3534 13446 17813 7 9983 7898 1159 6267 12159 15658 5126 16006 9083 1604 4417 18767
594 10724 9511 4900 14113 391 9703 2800 2366 9835 13516 13231 2424 1268 10466 13120 16496 2482 669 14679 13859 16407 8661 4255 12688 7695
6662 12792 2424 16839 15110 5124 1373 6361 7062 16678 14604 1546 3877 16218 3102 9717 7525 11733 7784 6666 6467 13105 16949 5410 11100 1768
5476 13796 9284 12364 18666 361 1639 10460 18382 16617 11213 17930 10406 13223 8590 3246 18952 14177 789 15875 6304 3218 9795 19544 16622 8853
18152 5768 15115 10517 15224 5304 4094 17515 3732 2461 15842 11576 12352 15018 15415 13766 1923 265 5468 12219 2219 5051 8468 14307 7470 17898
9522 12356 14171 5991 17763 5327 8953 19643 18928 6170 6045 11621 13489 15510 11055 14571 239 18100 6768 4477 4210 5748 11070 14629 3008 14556
8961 9449 11647 6081 17544 6783 15174 2385 2979 17094 7364 2713 8183 606 6411 4795 16971 15348 76 611 8004 2991 14770 17761 4198 17951
15373 16006 3256 4965 6483 8194 3245 13049 11901 3101 6703 8658 3335 2585 5253 13849 2690 8670 19105 11147 14633 4309 16116 3858 9067 19150
900 6950 8322 12335 2110 8985 17831 16870 45 19926 14931 1979 7396 5636 11960 3976 3726 12352 17741 861 14188 2486 10028 1013 2085 7743
8053 15880 11129 17795 3749 16699 16127 215 1102 12528 16318 118 10160 12780 12020 8734 6206 9885 5437 1783 2676 17709 5599 12152 4701 11026
5363 14368 10791 9251 10921 19228 1025 8652 14590 9587 5765 5362 18254 15882 11402 8634 3796 7157 14135 6687 15445 11359 2734 5570 2232 19871
8822 13033 286 2172 3000 4653 8353 15442 14603 12417 10782 8256 2306 842 17041 11653 9961 8056 15350 18514 14626 6853 17986 7483 3414 8525
16466 12471 1853 8467 19633 4636 19887 5501 9360 10020 5743 14492 10568 12362 842 13282 4321 8123 5567 2267 16036 15732 19663 1948 4801 4602
4177 12141 15061 15620 7305 1245 19183 6433 11922 5786 16505 13283 988 10029 7091 8906 13761 5747 3403 13408 1326 9517 8450 8819 2996 4647
9625 10837 16525 5418 14633 14085 15120 6239 16120 17853 12679 11866 11776 19432 2082 3176 831 1550 12991 5331 18089 11706 7906 9562 14089 4942
5131 16566 10389 10006 11856 7372 11926 10461 9661 18090 13970 11388 2840 15686 19231 16905 16882 19311 2559 8445 10283 14254 12828 3183 3792 17267
510 13275 15555 5332 4355 3724 13324 16333 12618 8885 3500 19318 4677 449 7891 17124 10617 4546 1271 18146 6874 5258 173 1884 15176 6381
14074 15951 5728 10133 8349 19342 14941 17721 4963 16007 13841 2688 19632 11541 5150 19848 400 14105 18651 17092 11704 19912 579 16284 7329 5529
10549 3571 16793 8139 2300 303 11102 18285 14424 2270 6337 12013 13174 12678 3703 11294 12348 11525 14110 6470 7587 7022 11021 5189 5720 19245
9796 10051 18188 5244 19214 1478 10132 18889 19284 7763 6545 8877 1280 2168 5874 2313 17012 3352 8619 1036 2171 6257 2372 16372 10244 1417
4188 13431 1419 1847 876 13501 7602 6882 1921 19459 17197 13033 9505 1977 758 2677 14210 2859 3761 12569 14235 1064 6447 2365 9283 3684
9461 13171 10658 5171 15316 14545 10334 17649 3342 18082 2515 11667 9581 13511 9295 12175 16045 14712 5930 9938 17434 8269 4952 8743 6840 11546
10570 19732 9037 13253 17832 6131 9008 6882 10091 5622 17676 15691 14954 15796 18776 12259 19237 12344 2582 1571 3115 12156 13697 10928 4539 3269
13688 6182 18493 15435 13370 4080 10338 11464 6447 8012 15902 1920 2265 4928 14146 7035 18621 18256 570 15838 10637 17922 919 3359 5267 8569
8604 15713 1538 6564 2960 5429 11404 14751 773 10540 6662 18634 16178 3379 18774 6173 16081 16409 13582 12174 17099 18251 1725 659 11928 14924
5385 5077 13172 6602 12248 9834 19689 4760 13404 2933 15891 19435 9174 17897 3555 14696 1922 17937 11532 5965 3626 10838 18918 12978 13713 14796
9782 12522 455 16839 7021 685 17247 5292 13593 2568 3911 12533 10100 8632 14070 2854 6524 6433 4660 2178 14212 9602 10663 5503 9318 1187
11594 5303 2281 15222 8779 13240 6660 17892 15479 17087 10500 744 2537 15106 11131 14384 3430 11208 19088 16128 17684 14171 526 13192 13705 16221
19849 2119 10429 13960 16518 14517 15269 10159 13388 10279 5907 9741 16505 10223 5437 13605 13780 19320 19686 1338 16043 3185 11532 14518 8743 3074
13394 18607 987 997 19313 18900 13806 5 7879 15953 5586 18060 5074 17384 16316 943 2275 16107 2778 12734 14171 2578 2492 19888 17831 12080
10537 16799 12516 14833 18523 13297 12179 18153 240 5649 11778 11356 19647 5630 6328 15209 12989 8819 2341 16666 12095 2713 2579 542 10518 5618
7060 2059 16957 4453 5575 7115 9478 626 6508 3923 18792 8492 5568 6154 5150 1297 4656 7387 14813 18035 2651 14247 8598 16012 4119 8776
7280 17606 1159 8128 6111 5362 8819 322 3675 11276 12338 8328 5963 15892 4714 3923 16486 12938 16885 16352 19735 9928 1905 11876 3278 4388
17707 16447 11639 13899 3252 5168 9253 2060 367 6867 8170 16037 15646 7443 9945 14370 17059 3722 9434 15049 12042 4760 5931 9694 55 4632
6624 3010 3122 5770 18631 17936 4302 6906 755 11934 13648 17892 7712 8155 10976 13464 9072 17594 10128 5878 6780 19064 12457 6090 2202 4110
10597 6565 8401 2015 2732 16804 11623 7858 16377 9907 10653 6890 3153 7114 6193 11954 1197 1918 3184 10739 12804 17075 1326 14103 12541 12438
6691 7446 16713 19020 7546 12953 10490 6532 18920 530 12366 14972 2235 8075 12167 5156 11905 10982 6434 4959 5086 240 8571 201 3656 4782
15976 18739 12575 16021 9359 17341 15479 19267 6294 1946 5135 3010 5003 6287 14664 13888 7463 18019 1769 4602 2439 11444 10791 7808 18712 1215
6568 9082 16952 2550 3296 14931 5208 4546 15752 3614 14996 14357 2430 12155 6097 646 19260 7562 6955 12848 7390 14210 19655 10024 19346 14751
3540 5769 288 1081 9058 18237 10936 11702 19523 7502 17975 5810 7255 8053 4089 14676 13649 14999 7895 4014 9791 16407 3076 18065 12522 13927
1941 19307 15747 6632 2453 16560 15110 14248 17029 15164 16044 19549 11716 15207 2146 12627 12064 3341 11300 7637 12950 18550 12823 11367 7173 15389
6326 10951 10334 17646 2406 11110 669 7299 14307 8916 7231 18820 3244 15720 381 10516 10519 2656 9400 17035 8344 11548 10544 2758 16536 15875
7723 8029 4826 2433 12198 16353 12173 2235 14187 7726 1158 5000 8489 19638 13007 13993 10198 7499 2898 17670 10986 11589 8564 10909 8208 2627
13556 6551 12454 8862 9207 10921 8829 13001 1535 18 15692 16315 12096 11719 1349 983 18488 354 19540 6700 19264 4976 314 7102 9362 573
2007 7005 8223 7132 15575 15360 18433 3236 18166 13501 2924 11972 18869 13948 19021 16623 15025 14288 13846 4103 2541 16099 7990 8757 4441 6642
9218 13283 13613 17422 12789 9098 671 9134 8400 12226 212 6178 9652 18432 17278 9549 6333 13219 17803 4939 14919 19026 1015 4054 19152 5098
2938 1817 3925 18703 11939 10780 15377 14567 5850 14362 4164 16430 12599 13526 14862 4282 78 16107 8676 15811 8206 11806 11356 16467 5529 19683
17668 19585 10929 16423 17280 16430 7612 11950 8953 6360 13393 1236 16159 8194 2161 3862 13022 14887 17774 18347 5090 14783 18187 11954 441 18062
12553 4103 5990 8974 11712 4597 10279 19249 18731 1595 3592 7400 11482 18205 11430 16091 3181 7348 1863 8999 8340 4647 18139 2153 637 11985
19505 12816 13658 6885 10044 15554 3213 11658 15792 2057 17574 2164 5569 18084 17855 15701 17567 6051 2679 881 3044 14995 6121 9291 3575 553
10128 9452 8985 7537 2538 19998 10829 4994 15026 19763 3766 4497 8659 11629 2630 7930 13484 13810 17409 17674 16357 6847 2025 9422 11969 7319
12886 15105 16688 14259 10109 18932 374 6302 3332 11008 2744 10829 15073 18859 17893 9227 12694 13052 15225 10117 13057 11365 1859 1505 18759 13478
3905 1927 12588 7970 14469 8758 17775 7280 6154 1114 5032 18565 18161 8053 11551 3428 15611 15875 5791 11817 4008 18898 1305 13698 14187 5925
11627 15297 16752 10222 6343 14949 4294 5519 16165 17677 8306 2036 29 6383 12003 1028 6081 18552 2769 2135 18230 14097 16780 15649 12941 3569
9302 4060 17698 6047 13552 2867 9992 16409 10836 6961 4761 9340 6715 2997 16078 15171 19253 7138 8458 4491 13751 8846 18595 15394 8065 5256
1979 3208 18731 8143 2826 8510 3293 19674 14581 2595 1891 8998 8764 12755 6526 11838 19080 14601 9435 7666 8150 10538 13146 10867 17728 425
9491 2045 18277 3721 19223 5049 15166 12633 13886 271 17723 17931 6744 18172 7016 12334 5429 13177 17830 16221 3823 19964 4745 14653 7003 17481
11369 6518 18949 2064 18028 2163 6479 10747 2098 5226 17340 3485 18296 3200 19778 7574 12113 17336 15279 6093 16161 15911 7087 7092 5617 5786
4696 5886 11040 14440 10329 17164 13866 12856 11921 10746 3827 11650 17942 6472 19820 9936 10611 15984 14505 14484 15012 17307 9139 8007 8729 18188
7811 17593 18078 4152 5349 907 4112 7368 10290 4695 9944 9059 5980 16645 10398 2682 5825 11885 14092 2541 3997 6526 695 341 13988 18377
12784 19031 12425 10604 7771 14785 4684 16806 10591 17138 1875 11535 12539 5039 19715 5008 16263 8873 13797 5127 1698 1978 16344 4246 14784 7329
15520 7867 15538 18728 19188 17724 18055 16427 8363 2135 3250 18853 2363 11128 12578 7851 17215 7343 13460 7487 16846 2800 1385 3963 10182 16627
17070 16509 14332 13772 18529 2087 632 11463 14131 6779 16326 843 13792 18829 12481 18347 584 18875 6438 19824 7872 14827 5761 4839 13915 6955
519 5343 10439 16415 10726 18000 15985 4128 14913 18643 13946 14134 15954 3374 5322 2998 11097 687 18932 10483 17062 1029 6864 17107 3346 7289
16203 1574 12197 2134 9050 5634 3487 10451 10552 19758 5693 17752 15787 11526 5194 19040 19687 16525 8076 15756 13424 11144 8316 6819 13820 13552
598 4581 19 13075 17718 19800 10902 19166 3796 10296 5125 14800 16676 12727 1146 11939 7530 12541 9916 13562 18526 132 18539 14914 353 5152
8182 3732 7860 8432 13052 4476 1690 367 19991 15312 3961 18780 19761 7720 9858 7216 13358 3982 7331 13001 18056 3109 1788 13289 1065 8675
13624 9085 5994 8021 2180 6819 10662 15041 19998 13835 1585 13091 8278 15836 17091 8034 3431 18500 6319 12890 1797 9159 12492 6783 9257 6993
14344 13478 3288 19202 2931 19142 2282 10007 9602 11228 19483 145 19905 11784 8527 11055 18440 16188 3228 3833 8989 9089 19852 17593 11660 15109
7860 7776 10508 4592 17346 17807 1449 17739 13731 10262 16340 12281 8984 6664 13280 5124 19917 8552 7802 12372 10750 7077 15347 15576 13034 11846
14423 3264 18351 1283 14735 7902 3810 10470 15139 9803 17112 7706 2116 12490 17643 7807 4395 16462 14753 11858 10006 9976 4499 3399 12766 7756
18149 7707 3504 653 3774 11942 17654 4568 7089 7525 19326 120 2547 6774 10187 8108 12874 14662 13958 7788 18111 445 12582 8914 766 11381
12615 9040 10315 5578 681 14871 9451 8650 10343 12583 14678 19893 13505 12940 4608 15894 15209 9849 11717 14288 9738 1627 5362 17395 4288 4088
15843 17439 6347 6375 11212 8111 3794 14189 13430 4871 17819 3072 19801 8968 6014 14160 4549 14600 14935 13095 2683 371 12046 2052 9148 7089
11537 1723 2433 1069 8449 19885 12123 16924 1191 6853 7259 12980 11327 14636 6177 4237 7597 2089 15476 17277 9798 12359 1223 9865 2473 6782
17968 11358 4343 10257 19313 11994 15077 18811 14128 12278 12562 11885 11473 18773 6650 16384 4896 17848 3182 8975 12552 14300 2288 7029 16691 2149
15731 11688 2832 4833 14027 11822 2011 13025 17084 15823 16476 12300 19668 15497 10936 12238 8475 15751 684 10458 13498 11606 16063 19920 3711 12906
15168 15093 2864 14750 13638 1603 8626 14781 19944 3333 608 13317 12978 10296 8169 19536 4541 19095 9781 7594 14226 11400 9474 5970 1599 19948
