365
63 23 71 27 41 37 41 88 3 62 45 45 8 51 59 42 21 42 80 0 64 88 11 81 22 43
864 14205 4724 4190 13210 9714 9560 11152 14439 10436 12201 5855 8479 13746 13359 7664 4275 5921 1914 17730 12044 15847 461 17676 12622 2809
10106 232 13858 5829 3535 15306 11343 2089 12899 7126 3765 11588 10744 1027 15976 8781 13845 13037 6387 4423 2347 12889 16197 3350 10059 16014
13352 972 12082 6679 12235 5171 16489 15257 14748 2509 3575 6864 5843 4048 19929 774 13033 7806 6793 8615 18616 14878 13428 10477 15922 2549
8430 8122 5968 3490 5506 13170 15046 4807 10377 4996 19372 9075 2958 19613 5093 4648 12174 3528 4196 5558 16298 2464 13919 9167 14263 7652
14283 15274 18964 12485 17401 2224 1904 4406 16916 11128 15971 6538 16534 4312 18874 19883 1303 1738 15984 11277 14560 10547 17556 9167 15411 9470
4585 18422 9178 17652 4500 11344 10164 5981 18900 5851 8271 19071 13638 3713 4913 16649 4679 16099 8823 14684 3337 18550 19196 11852 3411 12400
16609 15663 9180 6947 6731 12245 14970 4102 9299 19407 2913 15256 15017 4988 16901 1486 6230 2983 18343 17506 16913 961 17600 9128 4802 14816
9399 5575 1013 11685 19462 19524 10624 7026 15711 10619 12584 106 16404 10175 5589 9727 9011 19092 10988 14466 19883 19980 18518 16742 6798 10241
5182 1847 19499 1161 11107 9623 7075 4656 3766 12240 19176 12788 10704 6930 19621 6932 17964 16048 2482 5310 2562 14473 11184 11064 5150 8019
13146 2911 9398 897 2497 6674 5905 7155 2202 2846 12062 864 6627 17957 7654 15527 14911 3435 18457 17982 4799 682 797 18488 5384 7594
4139 4591 19590 15949 17215 1158 9844 209 4403 3358 8165 10176 1613 7913 6796 15 348 17274 6548 19762 16607 5078 415 3140 2974 192
7817 834 18755 6869 11271 4469 10590 19952 15170 8652 16847 8195 18355 7405 2205 6589 13839 15732 7254 7851 8333 3253 4878 3422 4679 13266
8260 8139 8192 19624 11546 15753 16358 2173 12788 10734 4009 15911 8534 11741 6034 11501 11884 831 11058 2091 17164 9344 6446 9196 11881 7698
17355 9848 17414 7561 7141 3846 18754 15488 14561 17905 8983 8065 3589 12578 2749 1534 19157 8318 10168 11227 3286 19180 2472 11940 14546 14907
13938 8307 13039 19918 6414 7217 2342 4059 16403 5137 12459 16294 14822 19560 16270 12496 19070 15805 8119 7923 13817 2809 4082 5658 14793 17777
10939 12338 18731 5802 18171 3855 453 1000 14096 452 16429 824 3380 6916 2679 1650 6694 6818 4760 14333 3258 20 9658 7143 7710 14225
8184 13490 12051 4470 10073 8212 13900 16989 928 7161 14439 8476 18221 4857 12856 14216 7679 3219 10932 6228 3868 1388 7851 3414 385 12178
13951 4101 208 14288 11074 18519 18399 10499 10442 14774 8067 1879 1690 545 2087 12923 17248 7359 1769 11120 12561 13847 14539 2636 13036 7149
4229 7640 6434 5574 14611 8159 8417 12208 10595 5923 12612 17469 2566 5284 15988 15897 12811 19553 14916 4897 18208 18495 6801 8652 16289 12653
5956 13521 10234 2341 413 6544 9954 12656 16432 4062 3508 12615 6153 9763 18741 17146 19242 2090 10477 9212 17492 10431 7612 18824 5806 18642
16921 15470 18973 19670 15903 3234 15473 614 9963 5706 7786 10047 13440 12827 370 11108 152 17090 9673 12616 14 5324 19934 13781 8814 16278
17906 4676 14762 12227 1141 6146 12573 10531 7862 5768 15196 15262 11331 15420 16294 16213 998 111 2165 8150 7319 16720 291 19666 6239 1101
9146 3213 7506 12877 7226 14351 5479 6936 13568 11680 7419 15382 11026 1171 10128 3270 3817 16068 12045 7728 13253 1207 7434 12098 13107 1732
17397 9598 3408 3718 17010 13472 10090 2596 17705 8099 16991 5963 2813 3296 657 13387 2973 13637 6371 13085 13625 13691 18623 16156 4000 5989
7585 1852 12491 7379 10524 13543 17357 10366 0 6020 4617 8184 4267 1998 8007 8852 12629 18153 6031 517 10604 2505 3360 12877 5275 6986
12493 9766 15905 17680 1130 13885 15478 19214 7219 33 6042 9607 9263 11439 17904 15633 8001 18483 15216 9890 15816 1772 11452 367 1591 7682
15707 4647 548 8484 3775 18434 9200 17684 15308 19686 15332 15855 6951 14165 12778 5816 8899 9548 1961 8159 10418 11321 19383 19154 2393 6920
4811 19473 14284 2397 9255 4721 3200 17937 19771 18654 19102 14670 16692 16658 16845 13726 16099 7604 13311 10433 5771 19553 11572 10367 16726 2040
17510 6417 3609 1845 2288 4908 7934 14133 10227 14155 375 19526 622 1667 14603 15584 13653 18725 10349 17570 19668 11425 14807 1620 8896 1876
4210 6180 13086 15315 2361 2543 15996 15917 6911 2617 2301 14297 5597 3203 7478 8957 15544 11562 3354 3778 3940 2274 1840 8915 18876 10168
16928 2790 2570 15834 19105 16328 17429 13107 12451 9245 3981 15213 85 17093 12113 12579 15115 2396 2632 15661 15833 11064 17835 8295 17605 19674
7586 17404 5392 9688 8916 4858 6328 10566 3132 7044 16322 2576 7646 3643 2895 18450 14195 12523 3066 305 10055 6677 11298 1290 19738 2915
11654 8292 17529 10360 5975 6174 4447 18175 8220 2093 19008 5212 19696 18682 14978 4092 4329 12856 72 4152 4581 3018 5989 9714 209 13716
16013 10921 12944 4993 10739 9323 18994 1728 18125 9063 7234 14465 5031 16302 17775 6247 10473 3995 6222 14419 3796 13028 18263 2637 19305 572
3470 5109 15565 9862 3526 3002 9145 15989 2576 13071 8477 6287 144 8976 18749 2995 9497 10551 17653 7686 5072 7110 17805 2649 8574 18054
4752 5113 17943 6761 8332 18942 16319 12982 11559 11693 16326 10190 15828 17822 18384 8217 16600 7407 15162 11853 19178 1745 13138 14691 13056 18712
9908 2772 13381 14078 10263 2942 11741 8988 7762 19581 12564 14674 10900 10354 5215 3375 3462 17584 14637 19021 16034 13942 7957 17603 1530 6228
2110 7024 17697 9822 14489 5990 16197 1041 16600 18232 14636 15050 4157 15574 18589 6715 9777 2980 3206 3425 17016 12975 2000 4853 18519 7671
605 17465 12105 9074 1362 8495 10506 18571 19790 5772 18840 4882 7034 12238 5595 19514 10619 10746 19368 10032 19135 4086 17446 4887 3468 7570
19878 2016 488 1206 13410 16817 9354 4807 19019 18281 6241 10207 10239 12584 18598 12202 10917 16430 6764 6854 5839 6161 5103 7650 3340 1022
4875 18103 2030 2641 4299 16909 17008 7419 6791 3695 10513 9136 16271 10150 10286 6337 504 9537 9220 19653 16301 17173 8315 19591 3078 17841
8271 17867 13100 9479 17541 10053 18058 17766 10748 4277 6845 3432 7041 2670 2495 8832 13005 18018 7638 19127 63 13263 13373 6427 7587 19223
2904 458 6776 17015 2502 17397 12956 22 18954 11767 7399 10100 710 6643 6992 18617 5934 3389 17287 8757 4871 9937 8443 1977 805 16334
5406 8980 4891 15959 4495 12135 3392 19874 5262 10309 6113 19342 15120 18384 4451 18092 11446 10141 889 2229 10620 7934 15672 16766 10571 1871
16850 6775 8098 14636 2388 10807 13380 4844 14992 14483 18328 12736 17896 583 11442 3581 1150 14816 9331 12720 12347 7978 11357 17484 2866 5436
2271 15273 6924 17 12659 17638 5844 16046 19340 19870 5258 3840 18961 17893 12364 1649 952 18823 4623 8219 16136 10688 17092 6327 6703 12557
9080 9243 8977 19716 19439 15675 3530 12710 18715 17311 9025 9470 15821 1722 16067 2933 7146 7084 6690 7831 2377 598 16347 3899 19460 13226
10634 9192 4906 12854 12284 16004 512 3526 19735 5553 7113 13443 15428 8364 19791 4508 5692 4859 14225 8756 2997 4863 4075 3483 15667 15612
9504 19546 19047 1754 10918 14726 14343 16863 16828 12765 17683 15460 8666 3872 15596 16006 13522 1876 2460 667 260 15261 2954 5083 12196 7520
14297 16384 4721 15702 6165 2434 4999 5437 8500 18600 5897 1409 7611 228 6957 4749 12464 3951 1286 13210 10433 4752 936 14265 3209 14685
8724 13365 759 11451 12405 10605 13136 19102 7298 3787 10188 5031 14873 7506 18437 18002 14642 6177 17408 13887 16292 15498 13776 18774 16336 15550
1009 8020 7547 12157 9297 14705 16012 8823 12540 1090 4465 13743 3988 1547 1795 9692 11062 15655 8114 1856 128 938 16222 5218 350 861
18007 10290 13547 13108 15703 13096 7730 8888 2019 7183 1069 13306 19622 15021 11712 9768 17446 6772 10122 15546 9362 14938 1134 6230 18314 2499
266 7219 2932 13846 6047 1014 4741 16509 11425 10951 16558 8453 14161 6313 2088 15174 2262 5242 19126 14172 13560 9635 5202 12625 15939 3971
11414 4732 17585 16853 13526 1039 19534 6688 19752 13383 7549 17286 8339 5994 5769 10106 11972 33 3723 13128 16589 934 18148 7057 13636 2384
7674 12512 1510 4242 2182 1837 7995 15059 8926 4841 14950 14586 752 12958 5638 2062 4135 4419 3454 3411 12398 4649 8676 10795 10299 6824
13041 5297 19960 2345 18623 3300 7710 3498 18308 7054 17218 19927 18007 1700 5848 7287 16852 18413 13878 16296 11288 5517 19402 848 17872 155
2503 6181 1943 457 19406 14203 17171 8259 3578 13709 568 11470 3972 5615 13773 10702 11305 6978 13342 9620 17034 8783 13906 13364 10396 14242
8064 4693 2681 13914 3045 1653 19717 11253 7967 7694 67 6045 8816 3439 17029 2188 1931 7753 10700 3783 2036 16313 1262 2299 1537 11667
4323 14083 10915 8453 4112 448 6458 16780 6190 19497 9474 11296 7196 17520 7506 8966 17891 14470 6281 9586 56 8605 4846 4218 7507 15262
8951 3390 2598 11022 317 6704 16838 2627 14353 17384 14005 19927 16835 15880 7318 6839 7617 16899 7158 4393 3330 11895 12121 15184 15492 9512
16523 9218 9427 18479 4055 10174 7163 18296 14056 19807 18865 4291 1777 17971 17685 14138 12662 19196 4097 4919 5727 15126 338 9326 2146 19280
4492 10769 18784 4651 18088 8663 15287 963 16189 4708 10139 257 12071 5467 18881 7311 510 17531 5227 1279 16782 15563 13580 2309 14317 1227
9674 15767 5174 4451 8413 10814 8993 7446 5214 3059 18521 259 2651 13537 2287 16668 15546 15836 11798 2099 13368 8171 2146 16082 4980 6128
10314 9265 9114 14399 15503 10863 14896 81 1567 672 18957 7329 1761 4157 995 16691 13609 2008 18940 12636 17073 12235 15875 6913 16093 7497
18402 16926 7274 18662 4394 15116 250 3544 13424 15195 18838 15008 11655 7350 5560 1945 11804 8532 17919 10609 958 12026 1298 16693 19221 8418
5750 8219 13755 12572 970 14169 15943 16044 14916 18737 9510 18694 16534 18320 2407 11745 3398 11078 12665 890 276 1328 19270 549 4382 18517
1039 14856 17721 6490 18452 13045 18884 10644 13065 6477 8 19674 19810 14642 16836 15748 11806 300 5287 14611 758 13940 14486 3473 1340 19977
8483 16304 2078 642 11846 14839 16229 7946 5533 2140 3700 2680 19022 15606 5988 3865 9000 10253 2896 16855 3268 1147 4132 14793 12842 15678
9951 5223 727 15886 12243 2751 4274 15825 14526 10151 16798 13376 5902 6155 12769 17131 4309 4042 12000 2007 5688 6872 17175 5236 16681 6722
10972 15716 15852 8511 16954 14748 14951 3141 7710 13614 9669 11827 10961 4651 5884 13946 3330 9376 14827 12017 653 18612 3370 18134 2959 9576
14272 13643 18253 1507 19194 8493 14941 7781 9284 16201 7050 2012 8449 712 2350 7479 7273 14382 1338 2503 18115 12344 11689 1756 16999 7556
15671 9766 14620 4034 2957 2376 807 16340 14303 4481 5841 9833 3690 9484 7174 6054 4947 3111 13812 19662 3126 14826 16095 885 10116 48
501 6384 12759 9010 733 12692 9712 8233 17045 14273 13900 11460 885 18503 7252 5913 14891 8756 11438 16318 5725 10557 19563 11083 2363 2078
4609 6449 8077 8263 7835 12132 17344 11900 11022 9490 8312 3814 18939 6990 13046 19544 6152 2723 19231 17675 19204 6087 18220 17232 13426 12138
2050 2133 16864 12652 10086 8469 7164 5819 10565 15345 8353 10612 12567 14097 1799 534 7845 428 14679 4720 2411 4 8489 16475 6969 18337
716 12962 377 3161 6745 3485 8140 16701 18329 9351 14198 13377 4816 14789 18690 6419 9316 15735 18439 12297 4214 638 5235 10334 12298 19458
2356 16572 9885 10918 7866 1222 8688 11305 11068 12575 16135 1210 12850 6657 977 4784 19430 8154 19159 18104 16993 5504 10364 7829 2559 17677
6462 19986 6456 4493 434 16353 10464 6144 13977 2549 16823 3513 14931 386 16643 9377 10131 13284 8501 8231 12414 16112 11161 12442 2681 15932
14215 7805 4099 17519 13002 15801 17449 14531 17943 1173 4255 9131 19207 13393 16022 6363 2529 16946 16311 9716 19441 8172 10906 5638 5121 18149
14513 18071 905 9187 10703 18112 1259 10617 785 5377 10520 11332 6470 10249 15932 10389 7278 10415 10078 19296 9540 16241 15626 5701 7949 9639
10687 8966 6582 1146 11686 7056 7098 6543 12718 17009 7890 8565 14755 18383 1004 13964 12507 13004 14749 5014 7680 11122 2691 10907 13866 5531
11590 11359 8671 5647 709 15840 18237 7647 4271 661 19710 6030 10620 18829 11935 16670 19993 3176 8648 9877 12654 14654 6230 16262 6001 7547
3324 8254 19752 18281 2008 19280 15538 18225 19482 3411 12024 1673 718 12401 17830 465 13810 7536 5864 523 12110 7591 5021 15460 378 1368
6665 19432 7257 14703 13717 101 13072 7851 7431 4777 11225 4937 4216 19680 12331 6214 3886 3831 17470 2549 8117 3653 18809 9201 14994 15353
7359 5631 6602 15145 3651 7579 19038 8729 6564 16920 4896 4371 16550 11476 13754 13332 6794 12090 12892 19887 17554 13772 18024 7856 18041 14787
6786 8069 7956 7219 2480 13875 8791 8459 1321 13803 16034 10145 6427 15389 2739 17752 17831 4353 6861 19597 7895 26 1234 3344 8966 4980
5227 498 357 18357 18989 2217 7806 13697 12983 14106 7018 17979 1963 506 17488 818 8140 4005 14983 7782 9455 3107 13015 11967 7819 11146
11179 18464 18716 5779 6685 13988 16609 14140 424 17026 4915 18691 499 2770 19448 10040 16554 12232 17690 9853 5066 5901 2559 10963 3375 16829
17360 15463 3530 9308 18815 2755 18296 2117 5939 399 14540 14099 11096 18183 552 6551 8204 12314 13443 8619 15305 16867 6101 2283 19160 3181
11384 8992 1994 10788 4279 6662 7167 11550 9913 18202 5810 15163 12992 15206 10682 9091 5000 7711 3574 13620 4321 11132 4041 10812 12531 14980
4501 7573 803 9994 10545 6495 5871 2666 6509 921 13761 1834 6453 8346 8164 4449 14202 13404 13624 13836 9598 6274 2008 6728 935 9620
1667 4610 17920 7406 676 8734 3064 10987 5122 12567 959 1531 11752 15036 19144 8951 13227 14840 8922 6591 12197 5140 402 14538 17741 4605
10955 8246 33 6416 2766 10615 6657 18742 13026 11996 18192 1095 10669 16122 10227 16309 18417 2812 7159 4250 13730 9467 13462 2909 16229 16689
15272 2594 12393 12855 16895 3373 16880 14161 2723 16644 6315 823 15016 6099 3974 13991 6434 5054 3671 4064 13932 14579 4620 6085 13831 8601
8552 13504 19474 1316 5402 12731 13990 4035 4894 12610 4202 12935 7149 11687 11534 14893 5594 3450 16601 5879 1278 14288 4123 10387 13824 13772
14273 2773 18584 12283 14165 4300 13140 5301 7315 3679 4301 7881 6496 6657 7804 18251 12440 6652 19359 2822 7423 15555 14079 1878 16913 5216
1816 15386 1546 3129 14847 12428 3144 5114 5184 291 9759 12028 3389 19809 6614 3898 14815 9454 16312 2478 8388 9085 15440 6315 18200 14993
2418 2473 3563 10712 18690 16241 2441 77 12420 5826 6026 12315 10478 11589 3877 10966 10347 18766 9376 8335 18032 7023 9736 10698 14310 18638
10397 4040 9644 18755 10511 4278 19107 3524 19 8379 13070 14283 15485 15742 11144 10571 6895 3368 9064 4712 14781 14226 3623 7860 13186 9578
12239 901 17508 6443 7563 2971 2535 19185 6343 18306 3435 8093 10066 17409 9867 9951 5748 10714 7470 12516 15832 1946 16983 4704 16181 13033
6437 14320 3792 17930 9959 9793 15518 2964 16123 11917 8996 4020 13067 13972 11310 6651 19290 12196 6565 17869 17288 12215 5726 5879 3940 2765
14877 1989 6387 11775 2067 791 587 15035 10517 18994 9997 12790 1126 5881 632 14200 19000 2908 17680 15748 18216 6833 13732 66 6797 13151
11284 331 16538 14310 3593 9033 19472 14480 17549 19489 11787 10820 8220 19041 8616 6794 10029 3713 11309 1844 15279 1297 7626 511 16474 18433
8321 9640 5939 13412 4407 15898 12019 3859 14282 13547 15733 19561 11670 18933 16667 10529 18927 13793 17710 19750 7274 13354 9645 6132 441 17172
5951 19771 10447 15525 5417 9862 12095 13582 17309 5958 13189 12748 9075 14140 2505 11048 10220 16338 10039 6364 12908 8048 17208 11870 5719 13532
11038 12960 8082 6088 11991 9874 13957 4996 1111 2972 12375 6221 9109 14678 10746 13292 12142 3347 8711 14561 6573 14989 18630 3346 19022 4636
17968 4042 10802 1518 8852 19700 16408 12375 17383 1297 8893 9 9960 14003 13752 16996 19960 10841 6452 5421 14902 17574 19226 7008 5112 1780
4214 16361 9835 6459 14648 3402 1288 16823 779 19496 12634 13529 5441 6756 8829 3322 13130 8473 12245 15536 17222 2518 1891 3236 8783 15906
17722 7989 19597 8941 8656 14126 3030 18076 18611 7789 9273 6602 14728 6187 18595 6520 13064 18403 2768 6661 10109 16874 558 1030 13510 5498
19783 11386 13054 14807 7525 17000 10931 18222 5424 17727 3876 4184 16792 1028 7378 3197 2578 19455 17421 7176 1592 13503 3120 1813 18646 13231
8048 59 18419 1252 19945 18887 2300 4527 8284 9804 9497 638 3835 15102 8752 16237 2522 814 14502 18271 5299 9816 13600 17976 1837 9715
17464 1378 17735 5858 390 16200 18411 8880 10970 11263 5744 17586 9854 19479 13195 1914 5608 1053 10095 17402 3591 4434 10608 19555 2572 8897
19867 4261 19470 16407 1672 17805 5722 11582 12368 4058 2173 18478 1398 8735 12300 9523 6639 17856 8491 6223 1608 13209 5164 1181 7915 9471
14015 11619 11936 16448 14574 10518 14493 481 15497 1355 1804 6501 6303 12990 5459 869 7582 1439 12541 12873 17008 10079 8685 1261 6598 17327
2655 10776 18451 14371 16793 2841 7118 1407 7583 18388 9477 8483 19615 8328 4302 8114 15898 17513 18261 16923 65 2152 14189 10117 12733 19154
1931 5208 2887 4453 1352 9181 2441 6576 7707 9624 6733 13740 11805 237 4868 5681 2715 3622 16907 7029 18033 6461 17501 14859 12415 18478
12936 6516 8133 8554 18232 10331 13307 12073 2604 16934 18019 3463 14563 17996 773 6467 7557 7041 6604 9985 15235 17932 18922 434 2818 10860
17738 3680 19286 17133 2759 12184 408 1486 15597 4787 9491 8435 1664 18546 14342 7 16521 16457 2278 6558 9097 2409 988 3944 5925 10344
19537 16060 18211 5458 12372 2335 12540 19856 11818 10425 10023 5457 14747 6854 12489 11045 17532 19673 4225 12732 7954 12119 7069 735 16453 18036
561 10569 19411 11181 18538 11165 16293 6279 14919 3351 12560 922 16628 1481 13922 19154 19587 10408 691 12762 2275 10835 5970 17214 14853 386
9254 3252 9679 5944 9471 4578 14723 14265 3408 15071 13107 15049 2197 17748 15093 8913 7918 17581 18873 14899 7412 680 12560 11346 1182 2227
16785 16290 19918 11749 10711 5315 5537 9227 5672 16091 19359 12811 13263 1101 7025 645 18268 16630 12794 17035 14726 7427 19119 15071 9973 2339
14661 12677 11226 3494 174 1076 9211 456 8117 3786 8649 7751 3233 12951 14 9302 331 2351 7572 2231 5545 13156 7869 4259 18512 13529
820 9638 18173 15474 12249 1080 7029 18782 19581 13747 1812 7820 11640 14633 16559 14498 8169 3731 17083 13578 15876 19634 3499 11962 19744 3436
18227 9830 12712 1941 4092 3515 1761 18325 7144 14391 13200 14155 9152 10726 16320 18291 56 11134 13318 4663 17263 8470 10584 5452 18406 17856
1734 11831 18085 6369 828 18232 1599 5793 17082 1515 4985 18210 1719 958 17389 15076 9654 8036 9849 14318 9752 925 9600 17160 10010 3721
144 3985 10830 9324 18115 15317 6178 15057 3771 6051 7792 6134 6573 18869 19308 18241 14937 19029 15016 12420 19215 16888 6618 15844 17684 15360
13690 2004 13217 18536 3766 728 4127 14852 1133 274 3031 3334 18751 2229 9849 16209 16245 9404 13595 3662 18936 13143 19724 14123 6806 5846
10279 3428 19222 286 13826 4132 1926 3569 12160 11647 7387 5869 1023 6280 16397 12620 1923 18579 18777 5705 1117 1503 16913 6593 7215 11796
845 8206 2027 19159 2625 13195 13737 12894 9206 5637 10019 7627 16995 5554 19303 16547 4114 13500 18954 19166 6757 2519 18986 18508 15333 8856
8042 3312 1415 6725 17069 17783 15707 17908 11235 4335 1349 10638 19502 10387 16033 19668 69 1010 16777 2658 5943 18759 6721 12934 10413 9434
11075 9836 16755 7896 2269 8872 19405 14445 2230 9492 18456 17170 8619 14946 2169 17901 9743 17943 6429 10579 11975 4549 19611 7128 14277 4307
3859 4044 3816 12325 11680 16150 15038 5040 14467 9066 13144 6015 7396 4713 17599 5357 16996 12349 15085 4959 1674 3251 19908 13209 4307 1117
1492 15694 8644 7525 9292 8625 10443 9235 19009 5436 7938 8595 9726 11227 18352 10806 18414 5461 5471 12187 3093 11367 13547 10676 14043 12191
7763 118 7001 18647 2965 13378 15974 12848 14366 13397 24 19706 16693 13786 943 11013 8821 10842 5811 1410 6235 1311 6649 767 13325 11785
8258 7480 18239 19916 2013 147 477 13996 6653 6844 8241 3683 14979 3793 4576 19628 12532 19436 6228 6687 14176 13599 6855 1330 15392 19784
14029 6676 9951 15068 18580 9558 2160 503 14025 6778 2905 12323 2912 13212 7897 8087 18582 17119 4117 2174 1197 8447 2585 1399 8792 8528
9101 19147 7403 9559 14264 10981 7977 8219 19746 3148 9805 9705 10790 12421 14956 13121 1644 2444 14205 15323 18696 500 16869 18192 17197 18083
5082 11465 17287 729 3787 3014 5362 10615 13721 8832 10280 7391 5527 7329 18029 3181 4860 18788 11113 18873 6347 5201 9991 14576 15976 3828
6429 162 224 5581 5848 5352 11801 13637 18477 9468 19976 3478 16695 15539 2591 18890 1407 17816 6012 1612 11651 19725 9864 10370 1682 19544
12010 444 17342 1094 15793 12778 10992 11370 17792 3749 8668 11993 14501 3743 7507 4286 4490 10086 2955 15067 17824 9808 19806 19387 8880 17347
7508 19679 14533 4208 182 2400 14924 3385 6417 14477 19675 7731 1000 18854 6750 4013 753 116 7035 16347 11048 3948 14858 16812 2300 1229
10395 9405 13716 14693 5350 13754 13284 14519 10606 8267 2178 13663 9561 10298 17857 10386 4926 19714 5940 11731 10471 9397 11134 17405 3226 11296
18605 17719 3412 343 19403 19805 3155 2306 6117 6215 4067 19933 15639 4294 9968 12484 17504 10900 4511 6274 8981 8587 5802 1199 1190 4527
9733 10545 18319 2534 3565 56 8501 5557 7943 15777 6608 13971 10387 4917 4576 18384 11823 16866 4086 7750 1972 4822 12397 18631 15283 12539
19081 6173 11313 2359 18367 10067 11127 19212 7484 12534 11438 17455 15120 15653 2117 14518 17838 12446 7834 2161 18704 7083 13416 10007 6961 6117
10519 17228 10863 9473 13735 6269 18868 8268 5600 8495 11495 16229 1454 14436 1798 15523 13109 8482 9766 942 6309 10842 10912 8225 13499 11163
14612 11028 18090 6543 7911 1117 16820 6735 3095 7505 6087 19392 8175 5739 5981 13116 19657 4920 14264 19019 11836 12907 8991 9140 16572 3590
1575 2200 8615 7365 16364 2690 10377 14234 9895 11652 9891 15341 9838 17389 2132 13223 5179 19650 5393 12424 14024 2030 9093 16511 14634 18331
11918 17543 7774 14757 10055 11109 18126 5319 8819 18984 15753 13443 6682 15443 3818 1068 5551 6651 4588 19736 17575 9758 19793 3470 7046 3213
7282 7113 17283 15491 16605 18001 2096 5458 11784 9698 15398 11470 16334 18823 10890 547 9476 11465 13916 5424 4999 10204 17327 14851 15164 19436
5817 5396 5601 15493 17991 1674 12353 3350 17837 12450 10390 302 16592 12459 3698 4230 8101 8612 18070 12217 4603 19751 7224 7930 15791 18821
11914 9127 11831 7851 9646 6599 626 17510 6499 14976 14843 5257 5933 16449 4444 14793 14416 12298 8217 9489 17945 8613 9572 14161 11669 18422
2943 7759 5752 9997 1053 11590 11717 5489 14003 18227 4630 293 17638 2561 10721 475 19953 16333 13400 5805 5673 3857 11095 19276 5028 17208
4266 14479 15891 8784 9523 2938 18470 1055 18605 11825 6074 14774 9886 8295 12455 19311 12512 16259 3995 13393 14677 12884 18507 13562 19740 9365
5026 19375 9145 9290 9476 12895 5850 1082 8803 16427 13314 15180 3890 8190 354 2180 15535 10779 3016 11185 142 3102 2550 601 11199 5707
11943 9245 18914 3142 17240 17744 9886 10099 19423 16961 11815 19371 13388 14771 14959 8914 19721 8152 11414 7981 13895 2105 13975 6635 17195 3094
7821 16636 2058 11614 4535 10869 13327 1440 18991 17703 11989 12449 4502 10824 4073 1128 15502 19621 5543 18557 9486 3934 19776 14263 10992 14661
13619 12592 17136 17139 17463 13904 17485 10572 6789 12771 15997 5336 13855 8724 5331 5804 9910 4345 3280 19642 17463 16424 3420 6961 13995 13075
3143 6936 2889 18514 15124 2038 14052 9654 369 10119 314 1636 13189 10250 10752 13945 18429 19815 18449 244 16363 4348 18867 14007 2259 12791
7400 7972 18614 10498 5025 18580 5399 8194 17122 5339 8835 2071 1849 12706 12170 18213 6550 7732 19158 3371 14814 1002 2073 8809 5540 7657
2810 2811 17449 2111 8089 11970 11127 7280 17685 5958 11327 8528 15205 17219 8507 17790 10816 7576 1529 3662 18717 7009 2078 1462 3657 10241
12929 9684 15096 13592 6297 365 4189 10590 12334 4511 13457 19724 15835 12645 18609 3790 5869 14110 1288 657 12502 14370 14999 19459 5817 5433
13795 9488 8870 15204 5399 12419 2725 14906 3320 12478 1623 16918 6426 14491 9660 7249 5519 897 8389 16707 3693 399 1293 18694 17488 16991
13015 2423 426 12896 8636 13607 11111 8011 10767 12808 10094 11892 7569 1476 12467 14095 5981 3356 15480 53 14763 5329 11905 19039 3853 8932
1375 16720 1427 6854 3025 11529 7095 8456 6447 1721 6244 14030 16780 19797 10250 16354 3949 408 11296 8070 14643 19931 17008 1260 18676 18953
5209 10753 15416 10460 11587 839 2301 18687 14672 6921 8347 8027 18506 2957 6767 18861 6534 4158 18792 13567 13167 19115 18403 8532 16637 7432
1428 17623 18831 10417 18461 16505 5854 13182 15669 14050 1328 8022 12825 16325 2356 16084 15085 9569 19655 6102 19734 17944 9738 4788 1565 19047
5624 4494 5800 7592 19117 15051 4257 15838 10738 4979 3715 5022 1382 18088 16251 6529 9793 3942 6721 784 8197 15490 19004 10150 8712 11279
1642 3664 8211 16680 17331 7191 2011 14353 14729 6984 1506 10154 17597 7799 4542 198 1667 6901 13292 1766 11820 6658 4568 16535 9142 4838
17110 19089 1180 6637 12375 16356 7275 6656 4507 18532 18084 2138 8821 537 14817 623 11280 1762 19744 3152 2873 3854 11737 4574 3126 1044
14303 15961 14743 5776 16574 8919 18308 17547 5030 16138 17847 3124 6151 2925 2285 14140 17061 12873 15416 18540 5013 16266 4387 5227 4429 1016
14035 17104 5303 9726 8384 12302 3813 6795 16203 15921 13291 4712 9481 7892 2422 1787 12587 10211 6917 10569 1150 10444 15297 13410 1292 2042
5835 15664 2893 17076 11072 6749 1954 9080 14384 8906 15421 1422 15419 7758 7368 3487 18654 17246 14071 5037 4900 8258 16902 16745 955 9345
19645 12185 6222 8331 8868 8788 1145 8495 7149 14047 4090 2372 3570 11707 15739 7570 2151 2382 4314 19350 7204 3903 3669 9016 11950 19749
10287 7125 8078 16545 3156 18699 14968 13847 4261 15626 16799 11345 2981 6211 16212 4470 198 5870 1879 16216 915 12829 2217 9885 4281 1697
9438 700 10851 9391 16703 19721 16588 2957 17206 10704 6466 10172 17573 9773 16703 6996 15248 6400 8094 1050 13598 15258 18805 7678 3810 8479
14140 1272 15305 6120 12345 3425 13053 8438 19385 10720 11462 7004 18232 18709 10010 13637 17342 12705 2796 2595 7867 5271 10187 1767 14300 18664
10216 10867 2491 7964 6851 3118 2730 1393 9040 4499 6969 18155 13551 13037 19592 921 15026 7139 1695 15820 81 4768 14554 16380 5646 12794
11698 6825 7711 8346 8024 4747 19889 10285 2537 9023 14000 16318 5978 13994 3731 15195 585 3456 6019 15288 4917 9139 6328 10634 6974 13134
12543 1874 6926 12565 1970 16327 971 327 45 14789 13520 16970 14633 16733 17459 1612 262 12532 11049 3615 13778 2371 6980 13831 9529 7463
18860 9892 10197 5239 16568 1006 14775 192 8729 4292 5599 13595 7264 8148 17448 17618 14745 12476 5800 377 576 18217 5319 2417 17085 14477
17549 18278 11302 12981 14579 13468 5227 19058 8380 1202 9739 9172 6074 7902 12618 16865 4984 2017 15384 16653 3721 1770 1646 492 8598 16329
13447 11260 17203 15821 7298 3119 19947 3056 18199 254 18015 6106 12821 4650 9361 14549 6391 16073 2500 5893 9540 13183 14024 17501 9690 15868
19907 3970 15216 2596 4854 7480 6791 13797 18156 7954 13779 19350 19372 3132 19864 13243 9469 11837 8736 15288 3955 15775 17518 18296 18532 11417
7611 9882 363 15137 18288 12044 9008 13207 17416 16599 3217 6670 12333 5209 19103 7515 10485 16790 11332 15303 7246 1761 11715 6110 19721 7606
12717 16716 4142 1843 4796 19263 16920 13745 15267 7174 107 9044 9901 12231 17354 15635 3883 4037 15263 9741 7529 13840 7831 7452 359 10531
11883 1244 15639 1277 16642 12327 15935 4929 14409 19485 13223 14290 15340 1686 17748 7784 6143 3259 10596 19550 10999 15931 8344 10583 1639 2158
19379 18691 18313 4296 7525 422 7562 3981 1996 1234 14452 7199 9618 9629 13900 4494 3671 13658 1831 2323 286 5233 16519 1029 6794 16824
14443 7609 17794 9821 18500 13286 6060 18744 3237 19069 5675 19467 12020 16251 9338 5592 11525 19048 18925 10745 3034 6489 5426 1105 13351 9306
3398 3447 5687 4547 13863 8412 4636 5893 12246 13043 19664 15545 4822 5265 18398 19092 19133 4908 10090 9420 10072 2487 17183 490 177 15353
2844 7629 19322 7253 408 11533 11072 720 10577 3852 7470 10344 6501 5420 19402 7074 424 10231 5816 16769 10693 8553 9833 4790 18091 10101
17668 8443 7889 18968 4441 11317 10280 7136 13517 3515 16492 5761 385 13698 8285 11188 18959 6641 9439 13751 13014 12082 10870 11325 9605 6474
917 13160 7271 7846 12041 1112 15895 14085 17779 6409 8336 18516 15426 3765 8233 785 7686 5177 8290 30 11744 4546 18902 15864 17027 5713
14205 1437 11316 18106 19866 12342 18486 4086 6041 8140 16790 8616 11889 9227 6162 14730 14182 4260 1317 9334 3753 9438 5745 9020 7292 4739
16734 12557 376 8650 2116 1637 19451 15469 12766 5755 2730 18218 7243 14205 13983 3767 18835 13482 11597 2710 17974 13360 10249 15303 11834 254
15638 17923 11904 17355 10891 13913 9541 15312 1464 13857 19127 15426 5297 8500 16442 6550 11725 2744 9279 16139 14840 12067 9407 19071 18453 7336
17974 3297 7221 4339 18316 11509 17724 6114 1038 8042 17240 10936 5202 1847 13665 1712 1654 1068 10402 6474 9169 12529 16992 4339 6020 19241
6016 8984 8222 11317 12798 19491 5118 17489 10528 14136 6307 14094 12859 19010 2946 896 14576 5590 19281 845 17823 11371 14747 2551 8636 2100
4030 3564 11749 2516 3013 12817 17393 10290 18363 8378 10264 1601 17297 8952 7315 15418 10359 13379 19605 18167 14041 5293 6422 1933 1312 14776
17307 18922 5394 11762 13265 10441 14706 9802 6032 8586 17713 14242 16124 1413 65 18396 4497 11305 19479 18273 3314 15397 16690 15539 1860 6119
14592 1809 8095 15577 12651 6715 12590 19114 12711 5617 14062 12002 6451 16629 14895 13822 2794 18908 16510 9262 16705 18027 14096 19341 17923 18098
4922 3907 19048 2838 17311 3000 5192 1223 16605 11510 19436 10588 18125 17500 833 15545 16383 573 14542 13955 9824 14247 19334 18042 10799 16716
6120 18381 14438 14559 16561 2037 1940 17199 11137 2121 9101 17997 3451 6297 10644 9308 4899 17962 8353 11066 1999 14052 8407 18533 1057 10218
1857 19171 19456 17655 18456 3916 10352 11074 15546 16863 4015 19219 5088 12261 3974 12492 7874 4975 10548 16368 14940 6924 1202 12688 7366 1996
920 10242 2746 10378 10664 15272 15634 14836 15974 3285 8023 13262 11851 9313 1033 18597 17420 3830 16169 7958 5090 16975 14392 13551 18671 3930
4622 14228 10528 14245 2232 11059 13561 16606 7846 18659 4846 11495 7180 3042 15368 3360 7655 18139 12986 4481 7336 14833 7711 6596 5366 13167
14623 17324 17514 6322 6904 4081 11472 5573 14007 17891 9291 3940 19775 7712 18605 10267 23 18684 3317 5985 8844 14389 10921 2549 17195 2293
19361 12557 2725 6172 5689 7482 17525 1349 5901 8406 1902 8783 4776 6664 17680 18888 4711 2450 2686 3925 17783 3047 11229 8764 1383 6999
5015 7426 10173 966 1606 7508 5724 17197 9214 15139 10820 19164 16025 5244 18172 3908 18893 4469 898 5574 12819 17404 18632 5446 7955 15414
10056 15740 7039 11867 9610 12202 41 9086 10218 16676 8020 6646 12160 15736 10659 2929 917 15284 11804 15226 13897 12611 16538 5121 4645 15553
1619 7030 8535 11221 19772 11801 19477 7012 12527 1372 17508 9336 14892 15060 9631 7698 18649 11366 15580 4633 9387 19129 6649 14563 16484 3968
6123 5749 5384 12441 10028 16788 12881 3098 136 318 12396 721 13967 16209 16918 2083 5802 10316 16518 1020 13984 17943 19228 2827 11146 1119
5955 18047 7541 16193 2969 15053 6274 11658 2321 672 19001 10410 17093 1272 6224 3799 6184 2599 12891 9606 7336 16672 15341 2354 14592 13391
3271 15665 7903 5935 445 19951 17950 18177 5232 12419 17902 2738 17186 19404 7362 9998 12506 16673 14553 18472 17386 10062 1706 7856 14251 18105
9247 4250 5921 1000 1554 16062 14436 2373 14468 4213 9020 6742 16517 14239 12137 18223 8201 17730 13607 19447 9785 15163 5512 11523 6284 15418
222 18898 2893 2098 9535 19723 17321 5073 3049 19268 4442 8358 5008 15541 1250 2421 16233 1465 5449 1069 19659 14443 4202 11435 12382 9609
3835 11088 12664 7754 13292 4962 8531 8806 6684 12011 9690 12747 12330 13922 367 19010 3730 949 14587 9716 8437 852 18539 15037 19729 1480
14161 18695 6296 1190 15497 4405 6629 2589 15959 14494 18429 3460 8812 12363 5529 7526 17354 15440 19986 768 11520 5278 14810 17786 8824 4207
19842 7546 1100 18914 12436 19655 1484 19393 9450 8442 12678 2592 7049 16435 10512 3525 9164 7487 9065 12348 8765 7746 19067 16252 4261 5095
630 9674 19829 13510 17496 8804 18134 9733 18379 5336 13183 12844 5768 6703 2682 6635 2926 11761 18076 16388 16323 5412 8538 14819 6004 18252
13378 16422 6508 2733 6776 4257 16276 15766 5454 13254 2096 17616 2570 15104 14669 9888 5826 7827 4257 7079 17564 9520 15647 13535 2154 9452
1260 13103 15127 2687 4962 9583 9155 5943 19155 16702 11557 14050 6945 6552 7689 18664 15783 18216 8293 18646 10661 19260 1095 5116 1867 14581
17831 15788 14737 10787 8594 11910 12629 3221 1354 15159 1086 7277 17556 13671 7611 12936 12467 11618 7696 8484 10613 705 7963 4350 15683 5910
18038 15499 3660 3919 19041 12515 11029 11232 10844 5697 10850 648 9386 14737 2731 15206 10351 15630 17906 17310 13367 9556 11217 14148 17883 18260
3565 4046 19798 17514 3277 2498 9141 3468 3056 8446 17606 8427 6611 7165 5234 10424 6691 14133 6074 12875 814 19047 4468 42 577 2652
11071 14381 18349 4918 5964 5444 18400 15356 15761 163 13004 6004 7584 18274 15805 16216 9057 11044 3258 5703 3450 4369 3551 2566 18871 9679
6046 17705 9911 15073 8062 17823 13868 12114 10586 3288 18389 7859 10722 10635 1596 4895 10792 13693 2212 1168 3839 3196 5129 12440 15268 6912
4512 19908 9340 11602 7946 6650 1422 639 10410 7854 11861 17475 14628 19983 16687 3886 1575 10066 6855 16170 16353 7154 1195 17075 14367 17753
13852 19891 331 19796 4772 11831 10483 19257 5626 11567 5785 17996 14788 9959 694 14842 7002 18814 3427 18200 395 14061 8742 19848 8008 5580
18737 12219 129 16177 17944 6596 13392 17439 4133 18970 18335 12779 2636 15384 11368 5042 4427 2707 1464 19252 16394 8252 10352 18624 14332 15811
3117 11087 2452 17111 19480 6701 6932 14397 7453 195 6507 12078 8342 14566 14886 10416 11882 2911 4529 215 10206 10690 3364 17062 13107 7895
17354 6310 6504 16577 7236 17281 17974 610 19781 5375 8731 10682 13473 7280 4444 13430 19291 3387 18632 9216 5340 17752 6868 1330 222 14776
3370 2059 12709 15237 11192 13665 6359 5000 11675 14519 14949 6436 15199 3824 12359 17304 12221 8463 12567 18716 4828 12465 743 15088 11208 14016
5438 13094 1185 8379 8202 16128 19968 3638 9752 18675 17914 7011 12396 11230 2266 18799 14626 16802 8432 2974 5045 5481 7408 15403 6365 9068
3143 7827 2328 1586 9363 8513 16367 18425 7612 5344 13390 15373 1433 19895 6684 13554 5777 17709 16790 14666 8487 15816 12627 19413 11129 50
13665 14536 16043 11892 7717 1925 286 15930 15500 9254 15818 7579 2730 8434 13575 12009 7667 10538 13891 10732 15711 7685 7689 7029 17685 3031
15660 5157 14430 19728 9546 8919 14388 4760 1059 17969 17313 2670 7393 10692 1683 7278 16713 3089 3400 550 3405 2583 3948 16019 7669 7088
10984 7272 11533 18495 6037 2985 2651 9521 17175 14002 7826 15999 19688 18408 12944 10389 2179 5726 430 2443 14119 18961 19869 7649 9293 3532
826 12064 11152 18581 7390 4243 11018 18190 17431 9611 8006 19735 15729 14941 4882 1906 16413 2444 17271 10222 3222 6832 8110 12462 10797 17760
832 1108 13182 0 8086 3224 12843 18601 12275 301 17205 6619 8821 989 9582 4963 1000 9123 8115 9581 572 1836 9032 4834 16014 3693
13562 8258 11594 9729 459 15915 11589 12671 5060 2276 17978 2165 6069 1573 14272 3705 12622 11851 19434 1606 6103 13089 13747 16161 14042 14600
16639 7332 1432 17324 7718 13371 19688 19028 14215 11562 9778 16124 13528 16298 5632 11568 5854 18445 14780 17802 7506 3986 17554 10428 7131 15657
3600 10532 16997 15185 11714 7939 12528 7501 18243 5439 896 15607 17903 46 11608 10168 1154 13505 14660 19730 10181 16246 10165 5538 3473 13537
1283 14156 11621 13455 7125 19831 11984 11935 8131 7172 15987 5167 18510 5321 19852 1494 1288 16472 6633 14372 1045 8908 3142 5177 6678 10276
6 5330 4433 14407 14281 2103 19251 18121 2944 3283 8427 5189 119 19611 11357 15409 5693 18635 5804 9337 10843 14646 3450 16316 5433 9854
10710 1017 15900 7529 12060 17751 16441 8499 1658 14098 9814 3844 19857 4058 2005 14641 19221 16771 17442 9860 1063 10300 9986 2808 10028 9006
9714 12052 14149 385 17942 12649 19124 6963 16501 18009 13516 16631 1889 19443 17765 13361 9820 17956 18146 8766 3484 7568 13061 1124 11801 10786
19158 16022 17884 1357 1906 12180 15079 1766 12810 15111 13501 9340 9490 3228 9000 10504 988 16449 15208 12094 9160 1410 4638 6383 8165 19469
12575 9574 17373 3949 5536 2360 6680 16717 1839 14569 17325 15671 5733 13099 3279 14919 16541 4115 1640 5283 11432 14236 6736 10536 4032 18784
7020 12683 15630 10216 18801 19037 14251 6868 9600 13723 14084 7790 11143 7969 14704 8347 2747 17023 11367 7096 2601 18186 12820 1377 8778 15588
3296 14917 2285 9146 11850 7960 4632 7824 2259 15632 9855 8467 13257 5515 2818 6866 10606 15900 18381 15277 835 6778 17639 19660 17958 2847
16644 16861 18634 13532 8755 8181 15899 13950 19068 4042 24 15997 12378 16423 15922 5173 4655 17559 4213 11383 7501 15337 10182 14763 15341 7724
7951 19099 10185 15687 10739 8045 12383 5784 12171 18489 6534 4424 15590 8819 8640 4971 46 9727 10548 9873 9316 17504 17663 18628 4568 7934
12286 14326 19246 8394 1444 9895 10175 941 1482 7831 3736 16903 18482 18313 3626 13398 1361 19781 16232 18878 19693 7852 19498 15958 15900 9227
10800 6756 17802 5000 8698 14191 19256 9516 11328 12068 15084 7341 370 634 6435 17270 17611 4989 17544 7227 16311 9181 15560 2742 17965 10563
15682 420 14970 1608 16380 1609 1230 3651 5049 19028 15104 18994 9004 17566 6510 7433 16492 6795 2915 11789 17868 40 9072 524 892 1174
13613 9332 18144 14284 11017 15627 19793 1935 11932 7256 12272 16396 11525 15727 16099 3163 13912 2199 11977 13162 3809 3196 3134 637 5232 7725
7386 15887 2894 17497 1400 977 16400 18120 18223 8464 11242 5532 1139 3240 3446 10922 2545 8223 16486 15782 16547 4892 3774 12819 3447 17549
13399 435 11931 1754 18088 9659 1070 15695 14949 858 9218 7347 15038 10278 13112 2776 5612 5338 4041 14788 490 6787 9601 19014 4336 14135
302 4365 6872 15951 3208 9503 15978 4460 12620 7817 3645 15432 16396 16374 8327 16330 2896 5877 19841 13785 12755 4423 6858 4650 13804 16602
16645 1911 17277 6988 19851 12290 18763 7940 14665 18198 17223 1504 2740 6785 128 2012 4051 10048 9694 11073 15050 10791 13188 4874 12025 6447
13718 1390 4299 16516 14422 4673 15116 133 267 15354 15291 784 5993 12275 2518 5214 18973 7379 11843 2583 5549 9483 4344 9479 13873 6208
4421 9549 18944 16085 15658 14538 3633 10474 1595 10925 7090 10889 14417 11748 7661 795 1410 18018 12586 11354 10849 12889 3458 19278 9301 5013
19831 17829 14261 12389 11741 12483 793 4380 5794 17212 15995 11947 1988 525 12966 19746 6706 6033 7292 9860 17420 7898 17258 15655 3314 19634
11768 7354 17434 10971 1814 6651 4120 19449 3969 4314 11080 17088 19540 7076 10865 4776 17521 2917 15451 12889 973 15971 7894 6572 11037 6120
470 4608 9957 18441 17835 7749 1619 15422 9204 5896 8875 19401 10067 15117 3966 73 2641 683 9065 6467 12454 19821 3076 6988 19554 16830
8104 8514 5878 1999 2137 4699 3112 7802 16345 4775 6553 18676 2708 2064 11957 4259 2733 11127 3656 7575 1903 11666 9671 12572 15840 10430
1934 18981 10275 17014 16819 6922 8661 14211 9952 919 19477 7263 16656 12157 6821 2850 8325 9630 3837 808 1064 12910 2322 18279 12500 18930
11209 15103 10165 16883 9861 8883 13695 18646 18479 15866 13603 17536 6223 5062 5100 5778 1596 4155 19723 4473 6154 10607 418 19146 1198 19469
15819 2967 18337 17133 1457 4740 9559 5323 13861 3271 6762 7646 5885 12337 11162 5086 13169 3286 421 14916 12054 5209 3421 1752 3119 18946
6827 11930 13697 9191 173 6829 9134 8348 16089 14792 16803 11688 17203 3362 7124 7211 9609 8514 13794 2331 10238 13033 3144 16515 9118 7561
5878 9163 9929 1708 11840 12872 10257 18990 15693 6444 4322 8206 13327 15320 8039 12229 7346 11385 9834 3192 8066 7057 15803 19399 5248 8914
15810 2628 11863 8761 11836 3639 19252 7341 19469 2069 8552 1182 19766 17879 4408 12571 14040 2304 17173 15889 5282 18315 8347 13524 7135 8119
2964 11039 15945 15401 11951 9901 1311 8207 4591 2764 11819 15391 17862 2216 11205 19466 4755 14737 17252 16901 12838 4543 5625 6327 6916 3789
16981 17147 1905 6421 342 999 2323 10513 16069 18503 9447 15154 526 55 2567 15135 18335 9364 11774 8826 12741 14352 14109 14918 13596 7085
10213 13373 12736 14090 15081 617 16340 2085 16167 17174 1911 6148 15673 6106 1143 3941 4601 17060 9 16510 17898 14565 3285 6006 9909 4319
3424 12150 12588 15120 12854 919 13837 5260 4131 18232 13480 9837 14472 3721 13156 1801 10703 10445 12947 14312 7232 1486 8748 19077 18459 7612
13509 12678 6017 11209 8693 19655 11610 6841 5571 5453 3266 12250 4710 4089 1887 11929 3205 9972 13584 18567 16848 7291 5486 2194 17868 8666
11919 13156 3443 17969 8466 7018 8501 10193 5148 3290 16701 18951 4931 13805 19231 429 9106 17620 10203 10151 15504 3162 15607 5103 11725 16218
9947 2499 7401 6068 3600 5311 2014 16537 5255 357 15152 10408 10473 16342 655 3373 16732 5852 11488 15642 8333 1821 17976 9945 608 8247
14743 2241 11334 11038 14257 10163 15191 16808 14231 19233 9983 18893 5174 10507 18314 17697 5443 5782 4867 19604 19391 4936 11430 13511 3700 16039
1651 19419 1491 7654 6948 7589 7079 8180 12065 12053 6246 7218 438 19955 18085 17957 2224 15542 11090 78 245 15337 17027 16261 12599 18258
17249 19490 15305 16771 3728 15721 17177 3893 17078 475 14782 4984 14704 1527 19136 9594 13114 16257 12779 15027 3622 15712 12887 19027 12108 12492
14681 7451 12439 16146 8834 12018 14265 11509 9574 8804 2763 16163 6497 1365 1297 5726 5907 10796 10770 10306 12930 18144 19535 15467 4299 19249
1304 597 13908 361 11821 24 16907 17075 13880 17154 17753 153 16721 15739 18081 5884 6369 12030 8861 15436 7686 6895 4587 832 18544 3204
14018 1272 15323 17991 1639 5753 10725 3890 150 1965 15740 10404 7770 3852 16964 4697 14572 5866 12 18913 7876 9924 19675 6393 2405 2183
15869 351 19205 4518 8318 15148 15990 844 19435 15610 2500 14182 7471 17196 13529 14375 19274 16949 10648 1558 17005 4086 9083 8992 5612 18746
16614 17055 14696 2465 10425 2452 3737 11113 18633 13247 17399 17433 7416 13007 2931 13417 17975 5565 12740 4969 10540 1675 10647 9869 4166 19390
10110 3951 7243 12997 7047 14076 16706 6661 17663 18521 16424 17689 18563 6930 8529 7093 17627 10859 1957 8670 12109 14459 7242 16342 17117 16307
9361 15586 11220 10367 755 18270 168 17272 14629 5698 10957 11657 12546 17919 310 4518 18075 18484 15162 6263 12363 8847 14780 19868 4595 14004
9020 4039 1624 16037 18179 11618 16312 6778 4039 3652 9753 10998 16031 3024 2987 393 9285 18381 15560 17545 276 18360 6925 13064 15371 1479
11417 17997 19675 7763 7135 10063 15631 18105 10777 14029 14194 13463 11954 17055 5914 6701 11340 180 3725 18129 10876 418 11695 11095 11799 12638
14671 8455 18583 19809 10051 1778 16825 14670 16770 5061 5534 8411 10127 16348 16133 3184 7060 19339 1278 2680 11009 5320 3461 9284 18168 2984
7189 13837 2352 19582 16050 5117 5443 19610 10141 2055 5358 3793 7531 16110 10983 294 6245 2256 1374 16508 17670 394 16255 8825 428 14840
9112 11334 1665 2676 5200 12910 8058 16321 4012 8557 714 508 15686 15552 11868 13609 16016 5923 3001 573 18343 11840 2631 11686 16678 309
17126 8370 2309 5401 15430 5686 16520 3471 6259 8761 2631 4000 7898 15420 1223 14015 12708 8903 10200 18137 15376 7466 8831 5279 14724 17492
6267 15952 13219 6545 9878 17561 14612 3521 3386 10877 19039 14191 12078 14873 15171 4034 13802 18454 16065 12287 3041 8395 9935 14610 19824 15958
19745 13348 16218 5859 10708 2554 12204 19905 6286 15793 10851 4298 11430 13506 15221 15078 5874 9075 2371 18195 2776 14572 14415 17459 13493 1671
10715 1728 14345 10970 8791 13040 6966 10570 12821 9963 19362 19975 10718 9831 6986 3041 16179 2769 19749 19485 336 1926 13194 15886 2570 6120
19611 3830 19591 10729 5045 18936 15821 2742 470 7118 9485 13275 12764 9768 16328 12679 4927 18398 18309 10163 7495 6527 12720 16610 14481 17138
18651 4051 7246 12761 13887 12819 11385 1560 12593 3308 9409 6339 19768 15655 103 15109 13557 5140 3741 8672 8056 5788 1885 14146 12994 5174
6564 13390 17757 1901 16766 6645 13866 4383 13129 12179 666 2891 2051 15241 18615 11112 9066 12223 1950 19363 11532 853 9176 1636 2946 3708
13094 17366 7775 13183 13838 11201 11719 5239 2206 7989 841 10839 7325 1665 2722 1777 1547 9120 15186 15298 17914 18648 18739 10939 8705 8967
882 4411 107 1161 10806 17412 14167 12984 19135 1968 15169 15732 15547 5093 12187 1146 8210 6762 18241 788 10460 10771 16184 8263 10989 18890
16189 12873 5270 15155 1566 16632 7137 19133 18618 19322 16819 14076 11056 15941 7601 19044 6175 19834 15454 10536 6710 3005 1549 16520 3643 6433
4593 18332 18421 13271 10475 12414 18733 11823 8015 10557 17538 16196 18870 17986 1598 18538 1854 17080 9355 12713 10728 10953 8704 7821 8678 3548
13925 10862 3656 15267 5680 15964 16737 10556 13 8195 9316 511 6813 12319 6466 12609 5510 2313 11195 16285 13968 8221 1127 7904 15655 9156
4025 5689 12149 2943 10738 6901 2448 17723 19025 4489 17540 3036 19168 9065 10821 7862 4162 2048 5662 19420 16932 13713 3932 12394 15436 1671
19488 3202 12190 7500 19339 10195 4962 11832 4893 11667 3167 7860 12225 7100 16416 5247 8480 12136 7079 7822 18535 1299 11504 8357 7516 3070
19749 18378 19365 6300 5671 4571 19981 12242 5480 11284 7837 17467 12667 17822 3916 16191 14719 14315 12676 10126 9544 602 9599 1844 14466 11545
9360 11045 16671 17868 19601 8777 9777 153 1501 7491 17787 7403 19276 10 17056 17546 8312 13713 10444 15477 4549 9287 4733 15447 4200 13799
18011 13237 4091 14515 10834 8307 3094 8232 5890 4973 13991 2571 10009 13653 2540 391 4816 9015 15762 7332 5340 2169 2521 16690 4124 15807
17511 7356 17059 3830 16994 3326 9013 14509 7847 1965 5918 1604 14884 1659 10221 12380 543 2883 16440 13251 18843 12964 14439 9129 9857 18500
16791 6101 16935 170 1927 6163 7120 7937 11906 9310 6819 8029 19869 15312 8290 7641 2850 1269 6390 14334 17686 15597 13336 12836 13850 8950
10309 10970 88 19954 5699 14623 5583 18938 8563 10186 3618 1452 10225 17388 11896 5467 9611 13904 5658 740 11973 17414 5434 11234 12467 17484
15445 3890 10641 17142 11752 9598 5135 11261 18613 12674 7030 13501 19446 5936 19851 3483 9075 3986 3198 7006 19628 8602 4080 6161 1290 1366
18612 10632 6990 15984 8288 15666 17110 5326 9016 3396 14441 17857 15894 6482 17784 150 9746 13662 11946 19638 6881 2830 2081 9826 10977 19777
13797 15479 15068 6289 14317 6673 7207 9926 16640 9720 17961 10116 13653 14672 12743 3581 15607 12475 9670 13065 15263 5839 14822 3353 16782 15346
18191 3647 8466 15417 13137 13638 3069 16546 9104 16053 15802 12467 19627 14822 10104 6392 6642 5902 6349 18389 4160 6353 19583 11494 17534 17563
9212 7009 13974 19176 7712 7684 19666 8861 19602 15217 10560 18152 770 8937 15011 4620 16244 5305 5986 16996 9320 4735 17726 11614 16329 11489
13291 2644 10341 16204 10990 18403 17037 19943 3294 2374 4827 1883 19027 3343 4406 8776 1893 1875 4518 2431 2782 4871 3276 1803 6040 5098
848 11589 13176 13469 943 8278 17467 11474 12022 9001 9465 6265 11527 1835 7282 11360 3103 6711 2331 8016 5838 19955 907 14944 479 17322
10230 7864 19477 13629 5279 10553 18901 1150 7165 19292 5920 13649 15592 15957 225 5642 6077 10322 2832 1063 1888 1134 13930 3025 13811 13539
14026 11889 1959 15914 82 1649 792 2321 11330 18005 16815 9659 8132 16047 7639 4442 15712 8525 17850 4068 13764 12174 5785 17902 2404 17240
13449 17533 14039 9923 2474 12690 19683 4411 18299 9940 12070 18602 14381 7336 11267 19291 17361 6738 3867 376 2784 18544 1905 16753 19475 12798
6386 1478 7363 5598 10655 8060 16018 12339 9475 8387 14474 11698 19411 8538 772 17965 5154 6900 10827 6874 17779 9483 817 18178 1454 2007
5572 19945 17708 17906 13798 13524 2572 16013 14699 892 1816 15686 19354 13915 7193 9642 18734 12523 15230 4620 7140 6622 3738 13271 2171 9497
17987 458 1 3809 9893 5566 13974 8510 9464 4193 12167 16781 11450 17358 19345 19248 7714 6960 18899 11640 944 12754 5756 1507 3287 14464
19125 16682 15847 19126 1382 15129 6512 19481 14625 10008 1693 2742 8810 27 16010 15163 5478 5572 7171 4218 7555 17259 12005 17046 18241 15950
19349 3129 7018 13321 3159 4102 13116 16782 5947 10709 18625 3665 19616 156 8231 3725 10430 319 7806 11497 18464 6651 7792 627 4818 18720
7531 15347 2860 11509 14764 4078 3468 11139 5969 4377 6264 12562 5500 8324 9395 18701 13045 2963 10349 16300 4421 1535 9671 16013 3119 5623
14771 8902 5084 12511 9930 17261 19603 1723 13362 9611 14464 16245 9449 15490 12940 7897 18025 3502 5411 4751 1472 2948 11973 14085 15538 2655
13513 15284 1773 13513 5932 3021 14291 3244 11497 10960 2130 13784 17337 6756 14593 2191 5999 8073 16779 9197 5800 15409 18138 2651 813 19942
13461 2585 17978 2412 15723 13427 19639 17565 1296 5058 11956 46 7987 17156 12628 12453 10050 11556 162 4297 16529 14892 396 3771 7822 719
6516 534 14578 18233 14568 12391 1018 4183 10725 14614 1204 11407 19186 1224 11886 9648 1210 7045 10912 10008 3522 6963 1712 12915 1608 1305
16721 4402 7943 4164 17371 13645 12505 3424 14213 8586 15288 17895 13798 2812 6334 19398 7654 13883 6927 18596 7231 16390 15611 2073 18073 16799
17437 663 11285 7080 16750 11268 4149 19357 13218 16685 19791 4192 16173 6085 17635 18110 15212 12757 9752 4957 19284 13723 13750 6189 18644 13679
12712 1575 8195 3574 3618 17263 1389 7095 19975 6276 11522 7123 3166 19836 17958 14511 6961 1758 1872 15041 9189 13367 7683 15622 9140 3637
9496 7372 4311 949 5569 15583 3931 7556 8137 4423 11442 8235 12153 8099 16980 17615 18087 17522 5129 16390 19454 12051 17520 19247 11146 11456
18986 7655 13430 12224 13430 17822 15953 10837 18630 4951 19094 17668 1080 7701 17282 13611 10560 15726 12399 2168 2935 2466 1037 11709 4729 12721
5085 6081 9387 5983 18164 9791 14479 8695 14925 13279 15342 9060 9022 4055 14301 12300 4891 9601 5401 19978 9461 18308 1766 16629 17092 585
8171 210 5273 11844 11456 15574 10068 12907 9194 19370 5226 15993 9685 8174 1330 15675 11330 14292 16937 14000 2170 18909 5241 1239 10488 16139
17749 16844 18795 12675 19184 1404 231 16982 5202 15182 17103 6770 4906 1404 4630 16362 6551 11825 13835 3144 15861 16118 5681 9013 12484 1307
19416 9288 16290 6712 17113 12568 14864 6679 1240 12440 14412 7750 3311 5831 17058 10174 8644 12224 11286 11316 12800 18089 14354 16946 18905 2621
2662 14931 7907 6424 5005 19537 18022 13895 4846 15318 4577 15512 3431 11109 5913 19207 1183 16384 3177 14792 13157 8629 12336 15550 8946 9218
10144 6458 5361 12774 10981 4641 16704 12305 11695 17937 5250 180 524 17418 17561 19632 9584 2549 1421 5880 10828 3965 14896 14276 7480 7728
14985 5957 19850 17463 4988 12677 5263 13508 16942 3150 7448 6268 2057 10187 16355 1974 7536 6743 5908 16010 2044 15902 12512 400 13620 3663
17998 477 55 11793 18498 5157 2270 10144 10051 6600 1414 5488 15792 18461 2559 5000 3746 2246 5843 9717 16811 15004 14341 11242 7330 618
4816 11557 14091 6314 6953 512 8426 14860 15107 13321 9484 2931 4617 12746 15769 7329 17235 8501 18742 8537 18917 5373 19460 1486 17363 14795
5871 8171 11448 5325 11426 9596 799 2592 934 8234 5865 15742 1341 17833 11084 16025 17081 9624 12738 19031 9229 17816 8310 8496 17054 4377
15087 19637 14899 3184 11622 14662 10808 16155 14726 4880 8738 4083 15581 17943 17315 4640 2108 16347 14419 15436 18358 4380 6716 25 3037 12572
6588 5259 3662 10188 4004 9028 15685 12948 375 17763 7380 3234 6615 7164 11712 1162 4904 16447 1292 17023 5845 18745 968 5109 6305 12405
18046 9070 2240 3333 15309 14307 190 13463 9291 5013 14727 14464 2731 11718 1081 17168 3149 6596 13909 12318 4054 8169 4395 2538 7088 10610
13860 10189 3678 15919 17712 15866 11060 4418 18898 9628 15941 1468 15597 12499 10436 1207 17582 17748 10603 17712 3012 19511 4416 17911 87 10640
7190 14773 4965 68 7430 2404 11637 15044 4049 12808 6463 5307 5511 3699 587 14447 10535 11994 16696 12890 12512 8652 17139 16041 6681 8480
4213 18900 16046 2470 12517 10711 16119 13498 14873 348 13975 12709 13167 10284 9135 9912 821 5516 14548 17681 1616 8736 6787 1808 17369 1094
1536 6909 19206 9783 19568 1164 18930 5015 459 1588 1709 4708 5608 9541 13461 16512 434 15100 7460 63 6304 4613 811 17964 18474 14537
15304 11206 19492 275 696 7933 16574 13437 5437 9624 19466 17049 9201 6289 2042 11937 14947 9580 10150 2439 461 8041 3026 2809 6308 12589
12351 9257 17799 19997 9316 9474 10150 10783 15714 1842 12680 13157 4642 19378 9929 4583 16210 13294 16146 3059 6044 11175 14111 2986 1829 8414
18604 53 13182 17749 8523 15030 2758 4903 13499 9859 12735 17470 3003 8848 5058 13089 5937 14044 2274 3582 2585 3133 5338 2949 12995 5230
16848 6916 11982 6053 9668 574 16808 14772 32 15901 850 3333 1850 14772 11852 119 2518 2294 9118 9954 11460 9255 3129 15353 10829 4177
17813 2289 5241 11572 17108 15168 3321 10589 165 7836 18046 17704 13836 6262 17370 9583 3112 11697 18028 6642 6444 18260 17936 5060 8056 10284
12006 5700 19997 7777 5310 13813 12528 8594 5440 1201 598 6274 4965 18389 10466 11488 8987 295 16046 2964 8842 2338 17440 3995 11384 2232
