365
9 39 55 31 100 57 37 32 100 71 12 95 63 23 59 66 16 100 91 8 91 46 93 21 52 93
15005 16545 1015 17312 3679 12585 4446 12136 781 310 6755 15336 6733 10434 19789 15825 10038 6596 9539 2279 6532 10497 11571 13309 2539 10172
2861 13223 8954 564 3862 11493 15523 19798 13598 1855 13045 18374 3261 19801 13962 10350 15671 12167 12023 7159 6026 148 10263 10176 401 9266
15500 10543 19072 15019 11125 1139 19958 16930 5720 9445 10886 3431 11251 1976 12015 3756 560 13039 769 5477 5038 18058 5982 3316 17539 13830
3278 18350 3255 9900 12671 18604 19662 7632 2180 2041 16146 2912 5696 18180 15765 12231 7072 19828 3245 8646 14221 6958 8813 13595 2574 11302
5510 13143 5519 6944 4745 18682 8021 2323 436 3947 19248 12857 3927 18041 5342 19378 8775 17080 18375 12361 13665 7474 3547 10355 11159 10167
9743 9195 683 2696 13179 15892 17127 11895 18128 3117 6485 6639 6772 13320 18090 8746 11865 19967 8136 17525 13307 7068 2465 14208 4055 9830
9478 7384 6366 18238 5340 17576 10673 5482 9002 4691 11639 9967 2064 12517 14359 10439 17853 12640 16973 14717 18734 18449 13708 2871 17632 1411
7176 17376 16454 19033 14688 18843 1110 4393 6064 13150 10400 8851 8414 6636 14004 12805 2647 15638 2666 10460 15634 8835 9474 2650 1556 3564
17494 1277 10285 16245 17081 6540 670 9802 313 18695 18272 17390 10635 9112 17649 5918 11104 12834 4747 6797 10101 11104 16603 18254 13443 5104
19633 16635 1396 8010 1214 12204 6482 19140 6281 4405 953 8350 12136 18578 6838 7922 11806 16061 236 17278 11391 19254 4931 2604 14310 3903
9277 17654 7508 10156 14398 14525 10575 6546 199 6906 5556 17133 6658 13571 5024 8725 17512 15933 7961 3297 14898 5528 1710 535 10468 15311
19547 1013 3152 17763 12590 13272 3871 10348 420 17381 9679 3136 5217 86 5890 13123 8272 1502 10094 10007 4017 4432 15114 3068 14365 16062
12579 10278 16149 3799 4109 1977 15896 4656 18937 15308 901 13448 12306 18656 11604 19742 19537 1201 16699 16769 13616 18684 19081 6994 12005 739
12909 19379 15074 18168 8029 4770 6316 8493 5654 9673 8335 16704 10369 18442 13491 4566 220 10409 12953 9174 16173 15453 5125 8410 14967 7067
15296 2588 5797 19416 11552 19305 19328 18306 3030 5873 10454 3032 5463 12568 9204 18688 18272 18856 297 12772 2619 9350 4184 15422 9988 10761
12553 17988 967 2696 5863 13769 19547 17847 15749 19053 312 14325 19847 12357 10886 12166 1498 8392 8126 19572 1321 3091 9028 13231 12354 14011
7761 12839 17195 13043 16985 7878 3723 3006 17563 1887 12918 2654 7333 9511 1575 12682 17309 8697 6294 8815 8847 6992 7835 5572 16225 12065
17234 12592 17003 2063 11882 16361 2587 1059 2044 10387 17460 9219 5321 16086 7988 17120 4239 1665 4362 12721 6447 18129 10436 19939 2281 10740
358 9575 15108 7262 17708 11660 19337 14388 12435 13544 9544 4547 9106 17351 19810 8235 1553 10160 18628 14848 18039 2034 5461 12445 3453 3716
13315 13387 6339 12045 10383 12415 6035 9632 5155 38 12098 2996 4925 11646 15328 8610 14570 10663 9328 9870 16434 7819 10237 11561 18860 18082
10686 6139 535 3836 8295 16953 14167 2266 16384 4297 11924 15428 12170 15339 10102 11815 12246 16986 9457 5969 3030 3803 13805 13837 1696 10377
9533 7176 1206 3486 1053 9649 2938 7337 19315 16933 15614 7383 5153 10898 11114 16206 8316 9325 3370 9047 7106 16357 1157 2768 7209 7398
17781 13949 10831 4877 18318 19614 18297 4079 3079 18728 6687 15357 12283 5578 6835 18278 10895 146 13168 4682 16383 10863 3515 2989 11335 1310
14320 17389 12014 4167 15453 3908 14862 8337 13300 2896 1267 17692 9374 9632 15558 5549 9409 14642 13492 18498 12953 9293 8455 4578 7275 2741
16752 7978 13871 10478 15357 10820 14740 18106 18120 8390 2251 2507 6542 13702 10209 13668 7736 9613 13838 13280 3304 19651 8386 11397 13045 7473
19655 19426 8148 10846 14041 11168 6494 19789 16791 9578 18400 1612 11693 19152 14663 9311 18892 14479 11820 15592 9726 12597 1950 17239 12836 10631
16228 3140 1400 9176 6815 9985 16204 4589 5785 12596 4764 18381 5045 9330 10908 5868 3045 4707 15771 16379 5054 12640 11851 8720 7755 3937
2917 12707 2058 2957 12984 11658 17967 14244 13044 18445 6380 6552 3926 7915 15861 7814 4787 17739 2243 15971 6488 2564 4575 4917 10691 3013
13334 5876 8752 15112 5636 16863 19212 2665 10227 6705 4381 6156 15472 13692 9157 1027 3553 15332 19214 7440 11157 3803 16093 505 6622 13785
16357 2448 13504 1645 18866 11425 19702 14539 17072 9245 6247 11007 17030 7202 15751 16057 2213 7772 2106 6240 18381 9673 18814 14342 8497 5784
12640 623 13265 4396 2600 6730 16615 5719 2429 11974 13181 1968 7777 12694 2942 17067 1413 3401 3298 12992 17950 18456 1344 15601 15801 19577
9149 18780 14179 11332 6189 11699 7675 3441 15360 16724 19682 9819 15396 16400 941 10511 1694 17607 4887 19472 6763 7767 16525 4987 17649 7396
4511 2920 17355 439 9978 18374 15614 19450 2984 10267 11514 986 11293 15203 1614 1167 5267 15802 11796 11649 14144 18831 8168 9181 2755 972
17581 7375 12581 16160 19396 5798 2001 19211 2007 2627 19178 9707 19562 12828 5421 5351 16486 9949 4680 5017 3547 17023 7482 12106 6651 17371
6025 7641 9508 12156 2680 3889 14059 6148 2236 1136 8239 17979 7282 9860 6710 13294 17331 14060 11261 4373 5993 16415 324 17387 11352 3536
17319 10510 9442 2239 9277 5945 16337 14165 15260 2465 8915 3992 15810 2510 13105 18106 7481 2435 1579 11855 19859 1520 3176 14946 11281 5250
8699 6722 1279 1282 19924 14840 6545 7919 9977 15679 13187 15443 18107 6226 3191 7559 8596 4109 18584 18020 10100 12050 1438 5548 8316 4806
18304 17885 922 15711 18258 4551 1805 1347 2433 19101 4289 2097 16272 7416 18988 13456 12408 13084 17343 568 19487 10816 16507 11506 956 4186
10174 8486 15628 192 6268 18541 11593 6480 12276 784 10242 18580 7321 16212 1482 16009 11565 1374 12770 4322 17233 13036 14556 9251 4777 17718
12769 3233 9249 18020 14598 14839 12915 1286 8535 13491 18868 11011 13275 8975 18007 16861 6866 9162 9857 6599 9687 4236 304 17167 15369 13233
14811 16934 3300 10097 3398 7786 4351 9783 19964 2964 6485 2546 10090 16651 3439 16300 19295 1873 9744 8005 18789 18813 4998 18817 16095 18371
6473 10211 19247 11304 8837 196 9641 19645 1757 16978 5477 17361 6680 2816 17779 18902 8276 18699 7185 2948 4002 5316 19375 7363 15834 9029
15783 8462 5182 5833 11659 13254 13682 12766 4785 9411 621 9024 4618 19218 12683 524 6420 5600 16232 18266 19911 14037 9912 14101 19849 1261
2591 15811 16898 18258 19557 11046 16022 19004 5476 5148 4117 16330 13120 9280 5888 5195 2573 12685 2503 16493 10966 1851 10766 8267 18736 17021
16627 2506 1732 18283 16015 3960 19028 13776 15291 9716 14161 12082 7195 4375 228 9091 13558 10840 18900 374 11147 17258 18646 18563 5399 9478
901 9778 5352 6120 12626 9038 10462 5464 11514 5912 17987 19164 19653 5969 6121 11839 14618 15704 11350 10291 16878 5365 5962 12264 2068 2326
2693 1770 10853 3024 15275 5747 15686 2187 7903 11678 4329 5249 13313 510 2122 12856 18594 8020 7229 14704 3309 14585 2080 18137 17871 17610
16798 1270 4751 3857 16630 13662 6376 6493 13321 14993 7635 10690 2151 4388 5602 16922 9140 13135 13413 7742 19866 8679 3483 2161 10148 14902
3024 11686 10004 11876 4888 2562 5929 11948 2941 16165 1785 19827 749 3573 6951 11411 13668 15802 8468 16927 19357 17977 3582 18060 8009 15687
11091 9485 9256 3023 8570 18645 17302 1661 14844 19361 10518 6738 12620 18343 19986 10468 9786 8322 17707 4899 14338 12835 12474 10956 14993 18770
16753 4049 17862 4480 15571 4812 15717 9862 18423 13822 99 1544 6102 8961 2200 9375 7789 14774 3496 7713 3208 13171 16765 117 4192 7730
2785 648 15247 8224 18051 182 248 13961 13050 9238 7791 1711 5524 17504 5585 13042 830 16954 1862 18652 12741 11165 10098 10139 11531 3598
11867 6752 12650 5267 4847 11469 931 12736 15921 7533 17163 1794 3493 15621 888 4352 9818 7987 5953 12003 12977 12536 5467 18144 5605 2654
17063 7974 15547 12154 15045 15243 7507 2605 17215 14489 10216 578 19800 360 14657 711 9495 5244 350 16465 8923 10642 18962 581 13535 1500
14167 4348 1407 11653 684 6589 18540 19732 19478 15917 1452 26 16452 7027 10461 18576 12782 17575 13726 6969 12400 17144 18435 13385 9131 4645
11878 15344 7899 9766 9272 8443 9390 7085 17832 7346 14060 13214 13466 8104 14264 18279 13225 3173 18878 7826 10204 16947 4627 17726 16094 15865
17174 19776 5844 19212 8932 4081 18468 17003 5588 12550 15990 9613 13235 1517 1302 10926 9585 12313 12360 16860 10676 967 1470 7305 15772 15122
11676 10702 16909 13888 18963 15594 7760 12287 13324 4766 12762 19669 12450 17630 3830 12419 2581 11770 16177 5777 457 13864 16797 17879 17793 14260
19448 10069 19561 13452 711 5541 17842 9311 4845 6515 407 12472 1764 5123 13432 18666 6395 13319 14920 18345 239 19039 2285 2777 1175 8746
13388 18366 7565 6216 8848 15908 17289 9862 17052 10522 3798 1920 8055 6992 8224 15856 8849 2139 2225 2939 5224 6434 13461 16016 18632 11728
16774 7488 8912 3674 4036 9361 4158 19214 9307 5961 5674 16432 1547 16778 5265 8732 12128 5239 1140 19107 12149 4113 11612 14534 11714 11115
17008 15756 11159 15170 5872 17068 10306 11819 2129 11976 1694 3210 583 6554 16534 142 11528 7229 1595 12943 5572 4819 8987 19588 438 15104
19687 18411 5495 8263 19342 7924 6003 17511 4357 18016 17133 15327 16398 3743 16832 16834 16951 12297 10594 5874 7281 8387 4261 19946 12420 4783
1510 1751 11099 17258 7925 13965 6824 17439 14901 4815 19057 19844 12205 11154 16227 2909 13094 926 10466 11686 11248 18168 16224 13635 3587 13074
3966 18642 3064 14915 19117 2947 4743 14352 5613 8895 6184 15469 792 14237 18347 19429 10959 13558 10054 16869 17422 7908 13976 15458 4611 12360
5350 12866 5997 3502 19813 10024 7878 3042 11104 2531 16969 11637 10992 14375 16262 14706 19697 2616 3753 18853 18738 7674 3369 14278 3632 4357
15124 19021 8246 19193 5351 10545 16075 19833 4666 14353 17049 17125 2811 19843 7466 10239 12451 11473 11407 1519 3878 2440 18681 3873 11251 6396
17953 2372 4361 14736 5052 18106 2988 3894 3712 8755 5125 10225 13549 11650 2537 17354 804 18094 4591 12926 18428 502 3193 16462 13261 11546
18851 2078 13538 1638 17006 5073 964 7617 15112 12614 14407 16484 2126 4587 14929 19061 9167 18218 10014 13850 8628 13400 598 19724 16244 2536
1249 4313 1309 9412 3101 803 11531 3825 537 6687 10464 17217 5354 1306 2124 5348 7541 1475 18998 10749 8820 1803 18347 15301 13646 15522
8765 9268 19005 18663 9151 13544 14387 15731 10046 6976 8415 25 15817 16090 7560 14554 14177 8425 9472 2365 13382 10415 19957 1738 759 8230
14279 15401 3368 15872 4502 10578 10517 3419 7265 16392 2397 12096 2370 12314 15937 6690 12348 17096 9887 4598 1605 9890 2465 13213 18240 9292
16353 11731 7907 17635 10494 11033 12738 10767 7921 7197 6567 16180 6006 7325 10776 928 18108 1622 1016 19775 952 13195 6843 19371 1696 2274
15690 14114 260 13641 12385 1810 1091 3158 16274 13800 8167 8264 18124 9694 4725 17063 10702 1911 3505 11488 8987 13136 17788 17054 2731 8128
5394 15763 2300 15884 13184 13857 2910 18556 5429 5223 7620 17677 1835 18595 17872 2017 19537 14360 10974 5250 3014 5898 4953 12222 10594 10432
19643 13873 9500 715 15213 17155 10539 10072 9749 6115 12461 15108 1081 3967 15331 15512 11022 9551 3400 15955 15136 5685 5569 18122 4687 5558
10743 10703 2459 1246 6247 7114 11238 13334 8130 5655 4302 2636 2669 9739 8349 11668 4251 12761 4660 8939 492 16296 17083 7748 18025 2727
16482 15700 15830 7002 6963 5585 12561 6402 12539 8666 11836 3472 10131 10149 11731 4844 17613 14306 17440 9908 7968 544 18162 18313 8957 14847
15702 9612 4376 18283 6765 7967 19197 10625 744 10038 13494 19120 4078 4028 14892 8615 2014 2256 15128 15306 10299 19170 3541 10998 553 4146
250 18319 5690 3542 1390 9452 15017 5539 10465 4433 11570 2075 19953 1283 17361 13648 6585 15968 659 619 8022 9623 16759 13979 4699 4457
14461 17801 19643 7146 5618 5173 13125 17871 3537 9941 12662 10973 13696 9514 16990 14396 793 10786 18975 5958 19197 671 5390 17854 6457 6539
3625 5943 6691 10843 1429 15323 17994 8153 7135 17714 3171 6010 4367 12509 12527 15454 11407 4891 12697 5495 1714 7937 17769 7975 18191 12366
6027 3586 1523 18090 13287 11790 12842 10109 11075 17120 6213 14783 848 15940 1583 19996 7813 13561 13275 9260 14135 6189 8600 13451 18023 14065
16408 19269 11425 15242 2963 5452 6044 17771 14837 16730 7376 357 11913 14896 15936 11584 18129 15143 16672 9874 6899 5039 9268 11812 9753 9114
3049 9004 19454 18763 16925 19891 296 19843 6285 16658 18640 15380 2028 14564 669 2945 9697 19349 17794 18477 4677 8868 19143 8603 14941 10113
18884 12781 10393 17389 13351 11675 18309 8001 11627 14642 9570 5512 6351 12137 3244 18993 3140 17589 19784 18963 17515 6180 11094 14046 17540 18765
19650 4110 4455 4801 461 9556 16638 6903 2663 14239 3811 12576 15658 2409 13686 18346 4302 11598 9055 13019 7134 17339 8639 14761 5781 17909
11064 8947 16054 7711 6318 17478 10857 18792 7430 10759 12113 536 17246 5629 19373 828 5697 3734 12175 11497 644 16972 11955 2084 5955 11554
2313 3434 16598 5125 755 16987 1578 16941 8093 3028 9056 12022 3032 2064 4469 3218 12796 13356 19877 7797 8857 2890 11596 6855 9197 12669
14801 876 3771 15756 18745 566 5505 11650 14498 8254 12414 3346 5665 241 10715 6330 18894 17205 11170 7467 176 10323 6862 1252 11497 9020
19951 3146 1023 8116 1694 3128 3581 6080 14311 1767 9794 644 1702 3840 15666 12204 14692 16428 18399 7441 2157 11124 10762 4884 6957 13189
17802 16777 5853 6222 13271 15634 9357 2509 18306 703 7387 2594 9823 12619 807 3422 12128 6246 19633 10272 16795 11602 8089 12356 5255 14605
16726 17542 17993 7361 9605 340 9024 680 6088 15685 5941 18832 12078 2474 6258 4481 16990 10012 3822 18122 14917 6845 14598 9615 1163 12093
10737 4147 1045 11580 11087 1618 3613 11765 969 11004 16199 16077 2606 8824 19021 16183 11491 14031 3168 6731 5549 11655 18554 4722 6263 5172
18027 5520 4278 19697 10125 3950 9875 14089 10064 1526 11849 3167 2014 55 14103 8049 14906 12275 7834 3964 4380 7266 3565 12851 9224 465
13089 1432 10687 6498 19057 4934 11790 6963 13357 8111 2057 16157 3938 3012 6205 16300 9449 8359 5316 11488 6573 16350 7264 19390 13151 8520
17705 15278 9776 10613 2885 4546 10012 15008 4701 19517 975 10925 16787 19471 2698 12356 16457 17814 15190 16746 6298 13879 2204 1325 5125 16477
8177 14292 3463 5449 3971 14162 983 10935 5264 3408 12479 7361 11942 8766 14134 13128 16669 11595 12363 18974 14138 19043 956 19231 4697 11731
15295 1553 18795 10096 12747 11723 9515 12932 17643 19448 13174 19925 11990 14482 3666 17293 9621 813 11013 1879 8665 50 9451 16023 13870 6238
9887 13040 19820 4423 6192 2019 11481 14341 7324 13410 10608 3065 9036 12163 19759 2868 6826 19253 12769 12533 17333 5531 17616 19239 15031 6720
9790 944 13402 4402 9482 5031 180 15817 8352 16783 11417 9845 127 14038 13441 17177 12356 259 850 6794 10069 12103 15988 5314 19452 1641
7361 5895 3220 16197 2206 10118 7483 6455 11729 17162 12008 1554 19230 8866 1009 14685 5770 4729 16233 17737 3170 3881 16961 3724 1072 1710
17318 10279 18792 16359 6816 7864 13424 12166 9277 17286 17292 11108 8891 6986 19567 3669 7514 12397 11051 7946 6222 16167 1011 11465 11640 4632
3653 2427 9737 13127 10372 6862 14917 15279 8438 15464 9175 7435 18976 13339 6992 11290 11230 6069 2490 16186 11088 15832 2920 12685 6436 7317
4262 14446 19862 5855 7647 11322 17555 19971 3044 17847 5580 7738 8434 11239 13797 19294 5360 16480 2830 7553 19421 17815 15659 15747 7449 1524
19089 9653 10432 8250 2375 16404 11466 16393 15420 8594 14070 6166 2333 14421 474 14785 12947 15163 5160 15152 3206 7274 19595 15352 11754 16988
5394 10090 719 16536 4003 17498 11343 7612 117 9648 16287 16707 2788 9136 4193 11711 5669 7472 17372 12634 12951 7375 14184 12846 6828 10068
1188 442 2265 9773 17323 3424 4900 3315 3525 18329 15843 10363 16645 15123 19284 11154 10433 15240 8581 10557 11022 6797 15242 14461 1456 4685
4934 19669 15208 16599 5321 9195 2827 19109 1782 8650 16547 2808 5074 3919 7868 9511 1336 15909 10555 16285 6926 3358 4540 11470 2478 10476
7157 6971 194 13676 1502 19268 4095 1777 13683 16028 15590 9112 11588 11624 11622 1513 12236 6082 11429 13619 7491 2464 7166 3176 2592 2625
11515 10411 425 3904 17541 627 5373 19658 12527 1451 15424 15440 15934 8359 13863 942 8743 1909 453 19220 9083 12325 17314 19117 1200 6353
7514 11908 18811 9784 18009 11225 16443 9638 800 17325 12291 16 12917 6220 9228 6391 4297 514 6552 783 15991 8338 19913 9008 2659 16123
5107 1295 13792 16360 824 12457 11929 17338 4715 12712 6679 15756 1925 19378 2564 5903 19479 17310 4182 359 10617 1638 14422 5480 9306 7399
10106 204 10267 8986 7729 15451 94 7910 9365 10524 12074 14034 9558 19611 8660 299 19093 12834 5396 16538 4979 4 18784 12557 9668 16418
17782 16104 10939 18231 7399 3739 19169 6539 19215 17353 18195 18357 17106 4836 15459 5728 6755 1546 12896 8463 251 4454 16644 157 12609 16640
14639 9531 8721 19547 8652 11355 13537 1605 8470 72 9589 15552 13113 18043 15349 12871 17089 6968 14948 10552 2628 10674 19880 7291 16844 13619
14215 393 16452 4560 11217 6623 11345 12686 3647 3473 9823 5395 4565 14890 455 7653 2489 4538 16636 4179 12698 1217 1516 5146 10710 15768
10825 17281 6144 11763 12342 2614 1865 5941 1679 6428 10985 19024 16616 569 787 9570 19891 5296 11168 6273 800 1402 18055 5223 13822 16874
12910 17822 10166 3106 17667 1415 13596 9520 1917 18381 12351 5482 4254 11204 9206 186 19353 9086 18740 4273 11268 2828 3366 10374 15575 18771
8041 19664 4566 3679 14769 10001 282 7300 9704 2074 17374 1766 12763 16278 7271 246 17194 14155 2444 12278 6208 3334 3734 473 7988 10100
10659 10878 4358 5114 10540 11285 3164 11949 11825 5729 1460 7544 4169 4899 13455 7872 7395 1518 8077 6512 4667 17656 4083 10314 10063 18488
7306 15655 8854 10859 13059 2636 17603 17071 1797 10212 847 19831 13519 7588 8885 13490 4720 6072 1407 16628 9146 12587 15264 12850 3981 19138
11408 10142 2342 17799 1507 17664 12326 17554 18906 198 16131 11477 1440 9354 7078 12943 9526 15029 12028 17418 17573 5355 5815 14652 6303 11381
11932 3939 7878 12295 19689 11265 18248 7596 2919 15491 17200 5649 7318 19847 10513 9420 9006 14895 8289 4308 10469 8398 5028 2258 2459 365
1053 1466 12838 13419 5321 13526 1849 2343 13744 11634 6478 8845 519 7852 12760 10792 18293 13017 13908 8368 10592 7080 7920 1998 696 4934
6030 3717 3141 14387 8974 4651 779 11054 4250 6388 16527 6783 2777 15712 7569 7611 1295 8660 17989 4123 18849 1064 10535 9385 8828 9728
6805 10091 4226 15229 5081 12268 6080 9435 16356 7207 16896 15979 5270 1323 12522 2534 16014 14489 15171 15442 15558 7334 17112 3505 1273 5272
14892 11025 18559 18975 18653 9662 16826 6154 16525 18422 13186 4822 4538 14778 9336 19823 1143 7491 2263 4699 19755 17148 3516 14277 3808 15594
235 3948 12566 17015 2206 12075 17252 18943 1881 18844 11748 5132 8257 11278 2965 3612 6958 5995 4798 10622 11866 11018 7044 15253 8221 15974
12507 14433 6279 18741 12782 17226 5285 17024 13601 18703 14450 1058 11071 581 15089 12241 10480 9179 6986 3927 6166 5279 7741 18858 4603 6005
18807 9513 1973 221 13774 374 5394 1952 17494 7914 3839 6794 18376 1732 13435 6019 6629 5492 5860 19922 11388 5391 11018 658 784 18139
16657 15384 568 13777 6473 13724 16947 3894 17875 12049 15624 5987 9435 18775 8539 14085 13300 17756 17155 14191 6143 4331 40 4734 19897 18569
13402 7834 19722 15139 14448 8690 190 8573 7108 2131 13042 17259 16888 18075 834 15123 19336 6599 3548 11140 7807 13869 1408 18040 16348 12224
14752 13066 16112 4721 16210 14903 17575 10049 5581 7549 1483 93 16383 6473 3625 33 1565 19375 6390 13024 1520 2384 19749 19891 5391 15162
12880 18288 15302 12425 6597 2828 11823 10529 3830 14329 7145 15392 6326 7538 6207 19110 5796 5408 10515 16374 11180 354 1875 11597 2456 9836
11205 16561 18100 17519 9319 11290 6905 8707 4890 2931 16905 1383 11714 7762 1484 8685 14768 2055 17648 18033 15159 2207 14034 160 4151 7660
6648 1122 13215 1734 1861 13388 9792 15469 2622 7010 17306 3836 2544 10952 8182 12987 6893 12981 1886 6916 7215 17049 18839 3037 10495 1303
10062 14897 18965 5379 1167 5973 17672 11542 8848 7596 17628 3468 17715 12499 18843 3000 15828 5997 19816 4081 13434 16459 6444 18031 12668 8855
504 7894 3709 16677 12639 12043 15731 13268 14144 12129 3618 6762 18753 7508 13080 3731 13881 6612 18891 4333 382 10640 16411 18905 5953 16531
4154 10752 8982 8384 2531 10521 15584 3675 2984 18083 17338 4534 10505 18092 11391 2954 16315 4311 16951 2002 15368 17416 2884 6829 12083 16102
3747 11102 17973 7618 3780 11593 16793 637 5368 7507 8735 491 7768 15482 14926 16033 1250 8320 11131 810 3161 150 10762 566 19605 12800
2092 11883 2532 7811 9631 259 9494 4869 6871 19608 5245 19539 6730 19299 6273 18695 8234 12627 17205 1153 2454 7882 13197 9348 10377 1305
13442 4853 15396 9215 3734 16261 1229 3054 900 9796 8025 13835 13616 4410 16539 12469 4650 16994 9662 16607 5656 10504 17869 19262 12250 14547
18247 19394 2695 7549 6869 3502 9044 7170 6044 17667 11297 1788 769 12225 11977 17353 4235 10027 11846 13802 6564 9680 16258 19962 10059 19766
12377 9335 10454 3560 18271 48 1455 14949 3475 8921 19647 16567 13617 14307 19619 15944 1023 3556 544 12694 10755 17886 17524 13968 11755 15339
9156 13619 8175 8647 16440 16834 12166 3523 7560 4308 8258 17081 1015 15112 12428 9948 19059 9634 15229 23 13284 11726 16348 958 19292 1524
16714 15640 6020 6003 18155 15191 14672 7078 2671 9795 14137 10986 1645 6609 16512 875 13054 13867 18348 16759 16678 17950 1421 15007 9847 15671
13980 18561 1074 3842 13119 11260 17867 7995 14780 8107 1697 13890 16665 18880 9744 11327 11243 11273 8306 9716 12222 11118 13658 12257 15727 17627
12547 11547 13667 6790 12229 1011 1696 4200 10464 8792 19883 4416 12209 15626 383 9299 10125 4055 17612 11879 4094 13627 9636 12511 6072 350
5725 4525 9429 12107 14948 17304 14775 7499 17105 5772 3252 13908 1265 2592 16498 15151 18531 4094 6735 15259 16626 17836 6869 1863 17470 3907
7255 319 18409 7743 15458 12372 1952 14967 1023 6252 4057 17101 17997 15412 12795 19403 15054 1634 5204 4417 8693 728 18049 11514 18660 11379
10023 7263 19180 14023 15841 14994 2520 10799 16144 17436 317 4300 9687 4982 16127 18510 1925 4263 11729 19814 4897 17949 9756 10751 14590 7749
12126 2757 18436 4283 11456 1338 14956 4502 14757 8801 6968 2934 2950 16716 8638 19086 12537 14236 2056 16448 19541 1390 5898 15783 2851 15960
13036 19142 4781 13339 6105 11653 12796 319 2851 16086 5300 353 8667 6599 1458 10256 345 11792 12160 13605 17353 16265 15136 8067 7818 5676
19395 2209 4093 8661 1937 11757 4132 4969 5774 3879 802 5906 10531 5221 17048 15422 13829 7840 804 19155 6669 17019 2898 14030 8685 8573
2618 2578 14513 12585 5123 19685 18017 15030 7053 13081 9230 1682 11530 13078 19276 8508 9176 5319 19578 3740 245 5533 19504 8528 3578 13461
17484 5168 10129 3973 1737 9242 16182 11117 3200 4323 13703 4272 12047 14231 7947 2173 19265 1509 18669 4804 18196 17533 5804 17162 18923 8853
7898 15983 8432 8161 13598 11495 5286 5378 18143 12104 16277 813 7936 2084 19445 4891 6612 16238 7546 939 5461 6518 12004 13908 18535 299
4256 4842 16865 1867 4097 2537 7289 7273 15015 1635 7101 18029 529 12903 18799 15624 2000 13320 18177 699 7929 4789 2808 8589 18605 19671
6503 18394 15264 8032 5941 1720 13054 8181 2238 8037 13196 8407 15673 11242 2935 18440 15672 6401 4627 16933 4006 15790 1547 1495 11087 14211
2705 7355 11465 18627 15982 8896 9354 19594 11504 15570 16680 18657 15353 10787 4872 9978 797 14464 17363 13486 13290 2520 5716 12210 10574 4117
12433 1821 12952 7356 15244 14404 8501 14954 206 6381 14339 5660 9349 196 12746 8774 17463 3561 16033 3046 2261 5054 13936 4694 2262 12164
734 4151 1629 7318 19461 17901 12590 3340 4855 14666 15039 10876 5983 6480 7339 4461 4862 16138 8928 5748 13363 17604 19536 9103 9095 14853
1559 3797 16340 1080 16056 14776 16648 10481 12891 18104 6367 1755 6416 15158 17589 16014 15614 10813 17559 14497 3656 9771 17067 75 11918 7780
13619 5933 16183 14328 17140 3844 17016 675 5011 4884 7497 19432 5101 4583 3673 14247 16593 14373 15682 11859 13091 503 6037 5224 3924 3700
17009 3057 13975 15612 17057 9193 4757 9111 2246 805 13026 5358 14946 14080 5180 5322 9011 3985 17750 6827 13947 6031 8443 14798 17517 5247
8194 8097 18276 9552 14629 19895 16152 5820 7247 17544 11610 17403 14815 3687 13871 6692 508 5980 11053 19709 5104 2362 17846 5426 14215 1244
7451 19831 11949 16635 9465 17909 11095 13555 10669 17195 2424 3386 9604 12215 15326 3943 7607 12596 19201 15192 6276 11951 10202 13538 18459 17925
17543 833 15136 15981 6351 4583 8437 19531 3736 15296 17290 9766 12053 898 11111 18402 533 14543 13022 17724 12526 19368 11089 12373 5037 10759
16954 19136 17250 19412 17346 19705 17534 12999 1051 8331 17934 7906 5771 17729 13784 4570 18173 8895 3502 1460 11876 8289 7965 16459 2477 5609
3714 2955 13919 4467 2772 12737 4409 1485 1716 19205 4832 3246 10927 3533 2389 17061 5531 10729 3563 17204 19730 9348 17055 7223 17317 1963
8063 7655 12594 4914 10138 6831 15463 12414 15177 6649 4044 9313 6206 983 8711 5264 14114 4072 18054 18887 11231 14603 19758 2156 11847 17929
13177 12619 7831 4882 14301 1808 18065 18687 17965 17602 5640 4413 10162 18889 18505 18091 12390 19853 1497 17947 14184 18029 5602 9263 1272 14851
9696 13578 16542 1156 5615 15237 529 4528 10041 9719 19425 17258 12927 16982 8744 5374 12148 3854 173 663 12433 2633 10582 14745 14738 17483
4877 11754 12915 10240 18806 9166 19968 16721 11547 2719 13871 11746 12929 11885 18489 2752 10511 13062 10715 8465 11468 861 18823 18190 17147 8061
18527 8186 16011 11337 19058 13644 8418 17983 3401 7970 1248 12923 13557 19868 2000 2987 3037 350 17116 1064 5423 10384 13106 14578 3659 14637
2048 3059 14116 3494 11012 13006 7821 15091 1198 7807 8924 19008 5660 10675 6048 4142 3256 17379 9369 1332 15555 16350 13936 9957 19009 14497
418 13222 19897 12775 9793 978 16213 18778 1730 11048 1586 13345 6673 17460 12872 16850 6825 9992 19310 8577 19388 17640 9777 9083 3869 8459
5536 13431 11889 4796 10365 11521 15506 17939 18673 11270 18576 8974 14078 4644 11017 8257 9654 12163 1600 15389 12463 2180 10095 11302 4797 9487
7993 5730 3313 18401 1109 1313 8809 8306 7069 17443 12137 1295 9072 16126 15993 905 12759 13875 18862 7438 12609 5799 10360 16503 1610 15720
9463 8646 817 11343 4650 14374 19474 10102 9072 15160 10503 16714 4925 33 10308 8103 16982 15461 9257 8074 935 1060 602 4752 6539 7566
1804 19655 11227 13453 5400 12405 9306 16391 19596 2149 12798 11102 581 5854 8557 17360 15636 13995 9388 2969 18898 19775 17180 3148 4434 8358
17822 7302 13379 3348 10626 2175 9673 4663 19693 12895 5983 18668 15609 5949 7868 17746 7263 4607 9571 7546 6206 8115 14935 8754 17290 9268
10475 12937 13955 7782 18538 19873 18905 8731 12465 704 6391 14512 8651 15536 14871 7864 6539 15376 3647 18455 11056 17985 14758 8606 3666 11689
14297 2410 12356 14139 306 8986 13315 8380 18593 6877 3717 8305 16594 577 14939 12169 10132 14246 9480 14055 6759 14283 16869 14622 12200 2647
13675 19463 4074 19677 12168 10633 8543 5759 19840 12066 16082 18097 13082 17242 14266 15262 10036 125 15934 17681 712 4171 2300 3874 14808 19531
12186 13136 15360 7098 11999 1306 15226 2907 13676 611 18401 9633 10078 8974 4757 1955 13356 7983 4526 5701 14182 12056 19136 6486 2262 15931
929 14130 14019 2489 8628 15610 19714 6573 9225 5975 4593 6170 12484 19865 9252 15215 8839 2983 17906 912 9618 17024 11680 9458 4114 17794
6447 6898 2340 12591 7663 7874 11906 11888 18857 4612 3680 10639 16859 15140 8065 4580 9673 9964 17029 18141 12916 1725 13486 8352 3048 13603
5556 4215 8254 17911 16969 5673 2735 11016 18234 7861 11702 8784 1691 11915 8636 750 9849 17057 4104 16651 16205 10741 892 7653 871 11542
14697 10347 5783 18299 17584 2558 11220 15303 2506 13571 693 1979 19987 18463 2495 2656 19490 9770 7317 12906 9775 9002 2532 19932 3794 7316
3764 17091 13042 4833 13435 406 16506 2135 13755 12678 18517 6597 17273 12607 15309 19285 4991 2313 10665 11703 11398 16593 5040 6285 8285 5010
4848 8545 9878 11016 12924 12597 12140 15018 11545 5426 12496 19481 17128 1181 7392 15979 17401 11476 16534 3219 17773 5230 7598 17805 13647 5595
16000 12911 2935 3130 8703 15934 16853 1719 18071 11578 12488 3312 7450 13103 2185 12755 6276 18556 3622 2986 4101 1564 16369 9296 16900 1846
2948 2079 18386 8262 8700 7771 4537 6795 14590 5418 3417 17544 7091 7503 8900 12466 8981 10030 292 14414 1901 18598 2248 2748 2092 14900
3739 12717 5477 4750 13062 19206 6407 15823 2542 16750 13083 3888 7680 19319 1340 13162 6977 12207 923 18046 16043 16656 10625 2176 14943 11394
6129 15867 821 862 19404 6392 4533 11732 8639 19746 8331 5189 17529 11289 575 8670 1471 10176 15725 10919 17946 7726 7241 17139 10319 2940
17184 8062 13082 6524 15785 5991 14915 9719 1857 11693 4440 16251 15565 16288 13864 9438 8902 18296 12550 3903 17212 18545 19229 7118 6486 7720
17281 15891 6259 18232 11524 1714 18517 2572 13486 11121 19357 14596 12787 948 18349 3990 130 11522 13088 15420 3728 18541 16772 19673 4419 216
8115 12502 2185 11143 17440 10473 12228 11455 3023 2060 3408 8945 19182 11834 1940 8067 8249 12326 12808 4219 2868 15246 12301 18983 17726 8409
12209 16116 2864 19145 1014 7956 12112 14041 10408 16331 6787 10943 6961 6153 1424 13503 15224 7068 2262 17589 14641 4968 3514 10458 17215 4348
1058 19558 1838 9174 4391 11593 13371 14422 1000 19087 10547 5301 10123 2992 1495 13165 745 12261 16309 16749 14808 975 1276 7206 15871 18215
15831 10984 4437 18592 3791 1219 11379 14775 2338 1336 4642 8754 7380 15102 14963 14489 4799 766 17599 3395 15578 2376 18733 11214 7172 369
12830 213 16319 1506 19171 524 5015 14399 1252 18400 17479 11804 10609 12773 6736 13779 7175 2736 637 18335 7880 3304 4919 10487 5040 1986
145 9771 16077 13472 2773 18738 11880 10087 6415 4896 11142 14161 331 13686 17891 19441 7852 14751 18371 5883 4990 15279 16640 19301 6894 13499
6094 6556 12058 1405 8620 17128 16003 7881 15798 4081 12156 7620 14228 16052 5640 13404 19272 5229 16249 8357 11220 13982 13060 12849 16609 247
2791 3784 11766 12832 10230 3679 16755 14440 19751 1085 16865 8002 19703 12706 112 14273 13193 7550 2908 18341 1685 7152 8481 8611 2311 362
14712 17285 7710 5093 8593 12572 9906 14582 1687 7784 4623 1974 17438 2773 18130 9666 19191 17875 19617 12007 14798 5370 4775 10000 11385 15042
4855 17267 2599 7484 13609 7329 12501 8882 9119 4677 1757 1284 12359 19161 12977 3485 18366 10890 1597 10109 5124 15806 8279 2656 10303 18470
7311 16489 8680 11968 325 16234 15081 5634 6034 9686 396 3998 6098 238 611 10816 1717 12004 3316 7309 11439 3776 6256 13188 11052 10158
15824 3771 17799 18786 3759 12490 3256 14787 16714 1284 9149 2398 11889 6479 17558 19583 4005 10431 6701 5374 9084 193 10050 7758 14231 7798
5813 11672 19884 14380 2540 18105 13881 18738 10864 2605 12726 965 16529 2529 1474 14427 3371 4787 11074 11306 15049 17614 5800 8507 15891 1874
1659 4387 206 11455 7768 1881 9462 14825 6983 18350 14822 15069 4298 8176 6754 11340 3259 12522 17844 13105 3923 8654 18014 3395 8597 8208
12780 15136 5122 10362 19037 16094 8077 9540 18765 16331 12886 15898 1791 7714 11015 12883 19412 12930 16150 15566 14136 9676 15592 16244 18348 397
10875 17062 6676 18626 4092 10390 11506 7822 8916 2500 19502 5026 17316 10041 1468 13003 4792 8991 136 5455 12533 12120 3648 19185 10000 16412
5311 15134 19530 15586 9143 3059 2823 14152 17474 7744 17025 1279 1328 16251 16306 12336 17354 16704 16506 19521 12933 2001 2168 12378 3939 2136
13369 1189 11390 18628 9998 4244 3155 18059 17136 16000 10373 16897 14893 954 19604 925 6764 1200 17155 6421 5489 17564 4985 15841 17047 18730
9757 3896 11197 8572 14027 15496 16483 4728 18056 12849 3254 13428 17249 8922 4779 8350 4211 7839 9513 18755 15206 15699 15904 1523 18893 16120
18502 401 2005 16 13913 13787 13376 6772 5982 19914 4266 15514 9070 699 15144 1302 13332 7165 2794 6965 838 13575 5624 2847 4141 11057
6834 16837 51 17814 18670 3671 6142 1497 1410 7905 5600 3085 4598 4824 3639 8923 865 6169 2042 14944 7430 15767 13931 2325 9041 14692
14830 10880 17233 7894 17603 12996 13369 11094 18980 5288 19561 1219 15487 19757 16716 10603 12229 3517 2269 3916 17353 6656 8798 7532 8782 14598
7646 16651 14123 3637 361 16188 6493 15300 9747 5659 19538 15431 16071 3167 19504 2385 8987 8055 19418 17984 16303 19122 1786 5964 4141 463
14419 18817 3180 13343 11297 7820 2174 10570 9225 8606 14918 11920 11322 7957 11971 7740 2769 8961 6013 14034 10350 413 17458 16615 656 9143
4180 18951 15729 6681 19474 273 7748 13844 19365 7767 18734 1714 4437 14239 17846 18242 325 2957 15719 17264 12267 8544 3586 5327 7291 16408
16261 15792 19059 13710 2111 8498 16992 6169 17178 17379 10500 7567 17927 1543 11971 19911 5464 1925 14240 218 7338 3250 10866 1659 18255 8423
6014 6902 13665 15125 19275 11169 6287 15965 9116 9101 10847 17865 739 6183 5608 10210 836 4353 7841 10210 11773 9890 16925 10164 4219 18047
18910 11377 17788 19801 5330 13521 14698 1739 15192 10211 17964 5000 15837 8147 4709 10961 17978 15952 5069 7691 16206 11113 16311 13413 4378 8900
7572 19699 9281 5130 10760 19141 103 9596 14934 1020 8390 5246 14104 5173 16310 13838 6408 19478 17121 12058 9447 3061 5033 8322 16499 7801
7171 9357 18672 14332 7883 1851 19729 14775 18521 4378 17879 18965 193 17017 10358 3819 17669 11841 1196 3754 547 2552 3756 16563 2925 13259
13485 5616 5698 9976 5511 5839 12953 4029 12693 9556 19446 3474 8826 1706 4562 16487 12736 8739 15454 11212 17211 9861 13739 2301 8295 11773
17893 3449 8185 3512 7117 18412 7886 4938 14815 10820 7047 6338 12491 11332 6413 11302 1965 7764 9141 15459 1187 18263 8173 6965 2121 1168
16797 6141 12105 8295 16098 9044 152 8201 5199 389 10231 19644 8766 1009 7967 355 16369 5757 1715 17974 4307 11197 9455 12222 5654 17599
9685 15947 9594 19386 4930 17408 18921 14865 782 14614 4620 18099 134 7320 3802 7798 2379 7035 4412 15302 1042 18408 6228 3856 16158 6220
6298 15037 17750 15786 11965 14357 3340 3820 13910 7565 13628 19512 16107 9322 14203 2790 14911 10915 18509 5296 17668 9050 7319 5257 7850 7497
18552 10109 10644 6633 1963 6486 5022 18979 9657 6562 13966 1454 8567 14735 9172 16656 16779 5140 13064 16170 2376 5034 10998 5733 10752 1571
5975 19270 13361 14620 7300 18351 12583 18008 1339 16390 16608 5320 9601 6570 16977 12239 7117 13935 1515 6473 3164 1578 12407 11940 11802 12666
10341 11511 13103 1469 878 2743 13844 8977 8254 2881 11984 488 18933 14857 5235 1059 11891 7081 13690 12093 4262 6459 10589 13758 18757 19036
18454 19647 9337 17362 9206 7893 3786 8645 8758 9526 17880 13136 18739 11735 18725 16848 16504 9329 16523 15138 3495 11948 7307 17631 5752 1477
7959 19303 8906 8373 17101 2550 10371 15915 19782 12228 15901 1294 7776 6944 8485 3180 10965 5101 10310 9830 15906 18142 19500 18648 12341 6629
656 8600 10703 15665 8452 4835 13263 3215 13400 7444 17618 11512 1054 4423 7702 17559 15771 16562 7586 10864 11702 8378 17526 17188 5048 15066
557 4742 4575 1610 16929 11561 18669 12492 7757 3655 13172 17957 3821 12664 8108 2965 13140 13339 12784 1537 7787 633 9802 17634 3853 14606
8346 2282 7547 816 9235 15794 9117 14990 10516 18708 8701 3057 7627 9583 12300 4074 18168 9334 8690 2122 17539 10587 5744 16200 15343 15276
5551 15575 5829 7098 4355 12363 16846 13998 16367 10303 13432 18801 12254 9413 5688 10787 18257 3449 9516 5657 16024 6672 17048 7724 9662 16218
19600 15928 12961 9450 16575 19000 13703 19565 11422 9139 11268 2480 14185 5242 8215 19242 11373 18065 12364 826 13145 16479 12223 12503 19300 9987
16851 3394 19473 15366 2003 9090 7306 8199 1760 19746 13826 14241 524 9311 11971 6214 14195 11624 14299 14157 8740 16583 7054 13458 13668 8632
2840 18434 10485 18497 18447 8059 13805 5612 5402 19708 19 17833 6565 11540 13717 16095 16745 13451 2070 5323 15580 14307 7989 2408 15740 8765
19692 5976 12969 15206 5441 14784 108 6091 19356 11429 663 1553 11319 2790 19395 3001 5880 12778 2334 4028 15602 1289 9533 17361 15822 12066
16232 13599 4313 13618 3555 7987 12313 15978 11113 14700 6477 4124 11236 17387 17221 14890 14210 6638 18630 15366 6324 8748 5605 6854 7615 311
8069 15983 12584 1369 18292 18464 6963 16987 7246 18298 6324 12629 8971 11184 17181 1309 17003 370 12988 16451 11962 1767 18957 18930 15801 7564
6692 2808 4173 10952 8638 15990 1819 14211 1941 10805 10337 9458 12272 13921 2060 17080 4976 6292 1059 1617 13533 10184 17947 9029 9276 194
17225 10570 5715 18501 19924 14494 10183 4855 8055 15706 13386 6643 17982 19093 3890 17013 2634 12211 15978 13559 16139 16947 9410 5321 6324 10356
9381 4318 3156 259 5021 10742 15085 14428 17716 18303 17824 1542 15038 2632 5502 9251 7472 3571 17817 2990 17849 1010 15076 8960 6922 695
4463 8287 10110 11731 3471 4087 10435 12287 9463 1277 9544 4504 5177 11115 3604 3250 11927 17150 34 5722 19883 3928 3254 15138 15979 16531
162 9485 5952 7481 4577 12011 6491 7745 8457 7453 9493 1549 12475 6441 7108 10428 15186 4510 14928 6715 16302 16505 6285 14439 19777 16758
5917 401 1522 10221 8374 7780 16371 10039 9664 10191 15438 16591 11943 3603 5336 16143 13013 18841 15483 11908 6216 4180 9454 9974 4446 2942
7554 8037 14504 479 7979 10173 3212 5101 15904 14557 3755 15476 17577 13243 9101 13880 15171 4463 13546 19078 7783 15639 6145 585 6391 14064
10601 4030 19891 3588 10526 2630 11471 2850 7827 6069 13422 5657 993 1446 1057 11712 13081 4992 18017 17440 6728 5181 16430 3814 12872 10691
4261 15598 19496 2540 13154 4066 9617 14138 13972 6506 6328 4042 13928 11202 14737 19443 2270 8617 3859 10675 8579 13186 16874 16035 17034 12814
18322 16488 294 11101 7385 4147 12988 13087 6195 18831 744 6314 3087 4305 8645 12897 2285 8811 7828 348 15600 4197 7241 13460 1956 4922
8100 13357 8983 10037 17372 3636 11154 9406 13509 3469 5997 418 10769 6345 17566 13124 4575 4471 9004 15816 5052 19963 4229 12619 12236 5766
19755 1762 9300 3919 2748 7942 16889 6088 7411 3253 14279 2266 18913 121 15749 3596 743 18163 9953 10878 17542 16619 12449 15857 824 3397
3433 752 12917 14755 10350 3609 3351 19456 10514 19467 11732 19154 14192 17361 18620 13658 8990 1559 16760 5814 11915 2924 122 14240 14983 10317
10674 4024 1594 10307 16099 9161 9687 6496 5956 13780 6313 19689 13011 11803 16034 12352 18920 15154 19549 14180 14557 567 14062 19488 14030 416
9033 7921 10425 18735 7856 11552 19912 5647 9643 8358 3736 4945 16372 6753 4785 10596 3116 14238 15450 3377 12858 10319 18947 12223 9678 19796
5514 5256 14161 6971 12914 1030 17005 1237 4482 6680 9505 2852 7103 2536 3123 15367 15515 12758 10730 2052 17611 7647 11243 6859 841 16333
13799 11605 4790 3118 168 11378 6844 19843 9164 8642 9533 3830 10962 12419 4205 12834 1301 10112 16070 6798 11089 7658 1223 17796 15457 16132
8893 1455 8271 9143 9335 15563 6363 2543 3850 15402 11450 12794 6640 659 18875 14047 913 7939 14206 9632 2543 9493 8948 7785 19598 18748
2140 16035 16035 17290 4286 1203 2116 9003 12662 14936 11991 7945 16873 3899 14915 4406 10508 6579 18002 19575 7635 18409 2714 7175 7599 4623
7459 3173 10709 6777 5611 10508 165 12343 14300 14392 17407 1435 7955 8290 8695 4756 2206 1741 19527 8819 2518 3806 3670 1735 12650 9343
16700 9762 8363 16229 2115 16231 9914 10400 6261 4867 19861 15687 14540 8148 4491 9788 16122 19860 10815 5935 11185 5644 19181 4365 19215 14449
17503 951 720 19505 18146 6241 6739 4977 16391 17913 11036 12233 3162 13352 14076 3486 10166 14073 8735 7667 8438 15047 12026 8328 6933 8293
3066 17476 14631 11879 15939 16024 13306 11085 18552 17051 13034 17136 5058 3304 4025 12863 9423 13537 18777 5836 12536 10586 7759 679 9799 16453
19211 10810 18168 10779 3770 3305 10181 11962 3545 3152 14047 15368 11554 7524 17865 2292 5406 6095 1551 15895 7139 15277 17242 87 10553 17130
19872 4812 15053 14808 17192 18983 5527 15116 3756 15052 9645 15216 13843 8637 8243 7082 15558 4837 14251 10110 4231 6993 13308 6023 9484 7983
9487 2272 14862 16436 17107 12745 15472 4779 8950 1449 2210 5466 8536 11713 7663 8140 15715 17103 4896 8834 14454 11578 5871 8579 19806 15253
13160 17181 18876 3969 18142 13108 13304 3208 5304 1303 17859 2965 6883 4273 19075 7410 17981 596 16114 19277 2558 7519 1870 6828 5557 18604
4663 13688 18548 15996 4931 4828 2894 9635 9009 8881 4195 13681 9389 14420 15467 1350 10772 2236 2125 15054 4288 10466 14665 10891 18092 6766
8535 8500 17874 883 15885 18139 12086 9212 4915 8338 1344 11376 13969 14635 14278 12500 10338 3665 2952 18465 1576 8130 2274 16281 7298 7607
16346 6854 15806 7107 11306 3185 6696 10908 14644 19537 18395 18030 933 12667 11984 12919 6800 353 10324 4511 5249 6896 14623 7118 12721 16848
4107 13499 12399 2933 17788 12348 13865 17986 11540 1615 19328 10295 16590 5702 4842 8459 2997 14268 5669 8672 3247 10407 2024 14707 12638 5241
1085 15261 16035 6963 12931 5003 1728 15738 17906 11942 3680 6749 5642 18860 13966 18282 11396 17308 662 5792 18714 17174 11716 6221 9875 3800
1517 3287 8428 3165 8068 16531 7489 11724 3302 13003 5046 13466 2141 9185 8421 1315 12015 12796 11178 3122 2973 16922 7147 858 776 8654
19436 19735 9699 7643 1632 18215 8684 8798 16271 5292 2024 8228 18241 16706 569 7489 11589 5132 14210 425 5764 3416 4388 7612 5721 8289
8172 834 4999 12866 5189 3906 1591 5923 18490 17406 16051 695 3177 8776 14244 6200 8819 13684 13119 1994 9111 3816 19133 12643 593 4714
6422 9056 18302 1920 19494 17713 1700 11677 7268 8193 18070 2683 17427 2608 2230 11928 5306 15766 12515 2270 19365 12832 1852 2218 15634 14172
7436 15363 16035 4854 17688 2967 12247 12625 9682 10409 15227 8303 18742 4740 4811 17163 7257 5673 12600 19788 3733 12935 529 7835 1634 16007
7397 11532 412 6001 5198 17037 7768 2738 1222 15631 19049 1678 16879 11720 13532 9475 9788 2863 4909 6752 3670 48 9346 8409 18280 5045
7976 6188 857 17708 1268 911 1940 18658 14102 7842 16985 17064 18601 11926 4711 10809 10930 8956 14528 17094 11177 14409 10102 3502 6354 10175
3751 7488 14119 17225 8058 16600 8205 15389 6481 17864 10196 16986 1355 16053 19421 13482 9466 12961 19038 6153 533 5153 2418 17150 17293 8468
18663 9193 8378 6272 11188 14588 18907 1613 589 8696 15557 8395 14025 14666 13697 15274 17847 19871 12187 3406 17161 9427 10120 5089 8147 12331
4667 14709 16207 13203 14939 17671 2660 1019 18965 13671 18758 6559 17326 2428 3283 1398 7536 2047 3938 9899 12445 15086 16285 4798 1491 19579
3238 16367 17941 9001 9420 4756 12964 18439 17487 16841 86 14711 13380 17538 12033 10940 17034 16514 12050 18138 3943 3764 16110 12366 9569 18660
18318 7184 18082 10601 1840 2081 9178 11437 2383 837 11123 17020 6189 1042 126 7366 18820 17002 18238 15717 3965 3150 3772 14850 15532 814
575 3734 5201 1251 9381 16970 2068 5587 8100 5496 14581 1625 12301 833 18012 14946 10540 3281 16779 12187 14566 1382 4638 17193 8292 5705
10113 11068 5915 17206 5952 10812 2447 18801 898 5077 11018 12908 1247 11356 19249 8232 506 9843 17195 12252 19041 18928 6196 6951 10466 11886
496 3199 14251 14842 17932 7301 19280 7715 8006 9826 6024 4466 13712 3843 8687 12161 19180 1444 16345 18515 464 16026 15350 5880 15659 10733
15026 17137 2839 4533 14667 5952 1358 7522 19045 14888 14104 8032 2655 199 7180 2843 19346 18221 5532 19678 17946 37 12608 15496 15495 8239
15930 13044 14482 3394 6321 16845 12875 19595 7664 2953 3073 12483 6596 12576 10460 932 1954 6277 18091 14481 12306 5797 1174 18814 8436 13123
2084 15964 15402 15910 11778 19703 3860 19708 19011 4473 19212 11384 123 2289 14385 8732 18381 17180 19546 12675 16415 13011 15713 12591 12920 10503
3445 372 415 4132 3407 11889 16461 15065 4029 3548 19276 18341 17898 975 11358 12359 13287 10792 17579 14542 5504 13731 10494 12369 1830 5759
6601 13576 19486 18224 16467 1592 18162 19035 9899 808 12008 2591 3072 18268 5699 7552 18807 10406 2569 12542 12354 16396 13849 7173 11748 17838
16275 8247 545 7386 16649 15945 18907 10698 17301 17746 12526 11277 6259 4839 13405 13246 1913 17260 6495 15728 11927 17426 10865 16528 449 9667
8163 6639 7490 13747 17127 13422 13583 418 14574 5510 14406 1776 13878 16430 2021 5862 2891 871 1964 5317 8141 12396 2194 1805 9795 312
1056 18023 15179 14448 8157 18635 11086 8950 12608 834 3844 16496 9128 17339 17941 4783 12520 5913 4131 919 17740 270 3309 6120 7254 15496
731 15879 7783 3129 17429 1944 3234 6266 10112 16393 16888 15217 11419 9629 4826 17636 7135 11940 3351 18488 19372 14471 4126 11415 1527 1968
2048 1528 170 10929 5051 1596 19103 1741 6774 2517 973 7928 17781 12863 4422 12561 14461 15704 14686 17753 644 10125 7988 15331 1059 18377
9169 3271 11873 14769 9203 16024 18076 13887 2251 14806 19029 3642 19348 16284 8048 11999 404 14724 15132 14884 6117 5351 14145 9955 19695 12717
1436 12228 10339 12381 18367 13435 19915 9787 8657 13934 5499 1146 5393 19451 17673 1176 250 5185 11785 19037 1019 8394 5131 2007 5866 18188
1751 12601 7219 11843 2866 6780 14092 10846 12903 18183 15027 1797 12444 9599 17596 10496 7362 11088 895 1490 14993 3369 7696 16283 17860 366
15901 12073 8879 12514 19624 4938 11440 8055 3560 2604 19771 4580 18881 10332 15770 5595 6335 9276 16071 2382 969 17328 2424 15659 15161 18541
5518 428 7827 15120 6575 8668 17423 3970 5007 8395 16935 18053 14053 1422 6414 2187 14346 2883 14906 15965 11969 8770 2296 13838 631 10864
4533 4457 5715 16565 13053 4245 14485 10458 2988 6516 2774 15630 16634 9492 18272 3486 4944 15221 6197 1935 7382 5671 15594 9915 9337 6428
19551 16363 16582 4567 3089 5319 12765 4441 13053 491 15883 5484 5029 343 18548 16929 1514 9134 18250 3900 2866 13462 14872 11286 13333 4520
12756 1254 19098 7679 5959 4980 15099 6684 541 3550 5596 8367 502 17564 11861 15481 12348 2483 17468 14181 16547 17297 18322 9681 3332 2013
18984 14138 11575 8411 9003 8405 3799 594 5440 10869 9900 15413 17735 18851 11756 9253 2383 4618 4231 13871 9762 872 8213 8199 7513 3459
14497 11569 16625 9878 17374 12889 1267 5417 1707 19576 18406 14704 19568 793 5541 16246 2161 7865 312 17665 16846 3490 2377 3027 16552 19139
15548 12869 14452 16143 10797 6126 12587 18657 10050 17358 10720 12681 15106 2770 10342 15991 4046 16018 10066 19487 7027 13894 568 9224 16765 4335
19264 499 7104 12347 6347 4422 18283 15625 14918 788 18313 17091 9062 11266 25 19356 3686 9723 746 19466 19733 15389 15298 4697 19726 250
11304 7200 12948 18539 17707 12881 7693 7005 16676 4186 18281 6683 10325 10190 4324 4055 6023 16359 11179 3243 5791 18959 11488 8339 8678 10861
8424 17714 6975 10065 1203 4981 14961 6838 812 9174 11860 5391 17033 13504 3676 15406 263 7473 12033 15940 9256 7820 12104 17889 18088 9778
13368 7822 15168 768 12207 4630 16580 8257 18108 2310 4377 2414 16721 18949 19350 19774 14853 7253 14661 9000 13724 7090 17947 9425 6427 4598
15134 11349 15269 4554 1481 15390 19360 6285 5531 1633 9926 19522 7082 10105 11500 1193 6480 14075 12047 14144 9555 9811 7892 5613 9990 10487
3608 3300 18460 13902 12272 15518 4810 6555 10939 17731 12766 606 2946 13933 8713 10744 18760 16306 3540 11249 17973 4847 18207 6514 18017 12591
10671 18831 2714 12322 17942 19930 3786 4437 8240 9202 11998 7008 2601 2483 5645 13287 17217 15694 9415 2347 17455 4834 8381 4445 10692 14394
1675 658 19722 15865 1271 3797 4401 16523 18076 3029 19420 1781 15414 505 1239 4031 4078 5100 14931 11567 11899 7223 16147 18991 17171 3665
9778 18702 19566 1001 19583 2085 18957 13113 8532 12459 1640 5641 12925 16254 19138 1167 18963 19184 11352 16484 6008 18777 11903 5070 6434 4089
18337 3076 1217 9989 14454 5004 13034 9525 14424 2531 18461 8768 11176 9476 15535 15480 4992 19866 9434 8208 3586 16099 3403 8840 10132 1954
428 19965 260 6242 12936 15208 3615 16075 8176 16622 14808 7089 15437 12238 4321 3978 8247 10353 6283 15079 5294 19510 18688 4449 5309 13564
10322 18029 15080 3405 3229 2372 14216 5320 15984 9265 8901 2660 18479 786 4648 13508 16007 1309 9415 10418 18349 18566 9702 18234 15670 4213
15928 3416 11804 16638 19182 5058 11649 15952 17033 38 7651 9055 2597 18748 15336 2616 2599 8534 10957 11885 5018 10571 10835 2876 16122 11839
12277 10385 9688 1287 4857 15750 19545 9536 4772 16135 8757 17277 18076 1509 16137 16148 7333 19127 15450 16539 10432 14250 17351 16682 5270 4171
3194 8348 1284 19151 2572 13721 13291 281 11454 16844 385 114 725 11359 13789 13696 19555 6390 2898 5444 11696 9580 16549 19599 4421 13751
13629 13749 12935 9640 191 11457 49 16309 12273 14758 14137 5786 3367 813 3183 16517 1625 1782 3115 17726 19086 16384 14766 1888 18510 2832
9158 3665 13826 862 13342 17150 13672 10177 18810 15589 4924 740 11619 14324 13131 732 17401 3298 16435 16426 10326 13618 12469 7448 5544 4038
8577 9360 1592 15496 301 654 10180 11031 14687 13161 18397 10574 5473 8194 17485 18824 13319 16913 3221 17226 6105 15889 8952 14612 18601 14914
4723 14251 19404 19285 6804 14511 2187 13115 1892 19218 14287 3469 18806 4100 17689 18624 4716 966 7659 3679 426 18682 18082 17263 2550 15905
15704 7281 17661 1716 17739 9304 17673 5562 12000 13328 16568 634 19635 16730 4478 1480 11254 19908 16773 17121 18146 6183 13551 14837 16080 5684
7390 13822 15524 10161 8808 14003 5107 1338 2305 8109 7437 2753 7726 13403 1680 11101 319 3354 11011 12491 602 17068 684 8087 12800 6432
15700 17204 16496 2014 18452 5438 6713 301 2673 777 11278 9370 18071 4914 4706 8043 8691 19824 2755 2391 4781 2772 13264 8933 14277 16865
2184 10231 2749 2112 12433 9492 3157 4523 7335 8396 2699 7299 12634 3857 2952 10997 12832 8415 13040 1076 16761 7081 19519 8929 18969 16598
7871 9573 9534 13086 1958 14799 9036 8198 7973 11778 6098 4008 3129 11175 7659 16691 1064 2600 19573 13861 10561 1942 19543 7477 9985 6234
5159 4630 16134 12184 19587 13305 18988 18445 15111 8615 7231 8565 12273 14902 6872 16330 18130 11767 4409 15813 13434 8082 19613 18238 15727 8104
9428 18714 15727 10066 12514 5218 15091 10311 8751 14077 7285 3436 322 7584 630 2470 12789 18353 14532 3077 14445 3892 7295 2531 11407 5263
2889 18165 18829 5279 15374 3120 18633 1731 8544 18142 12108 15614 14321 3369 6802 2245 3633 6758 18959 2317 21 12135 2305 11735 19176 536
17329 18224 15365 19285 17202 11011 10992 1888 13134 5997 16745 13354 18408 16206 19852 16783 3873 7080 18792 5432 4282 10682 1072 1757 16928 6618
8291 14285 12530 13484 16662 3215 3634 1638 3257 5737 2369 2185 10902 265 13604 12675 9303 8761 11150 14641 6589 9246 2318 5453 10855 18793
7800 2786 445 2288 8633 4538 18862 16948 17658 3914 1510 9003 5383 19916 14179 2320 12917 11839 9504 9355 2953 18329 3126 1357 9490 7654
18633 14565 13489 15815 7175 5219 9189 19864 664 10366 4606 5505 10388 12782 8494 13510 6053 17440 416 12102 18624 7008 11618 5429 7133 8399
537 10053 18887 16511 16116 7112 9411 3357 2829 7714 10790 19033 7337 3021 7742 3454 19417 7015 13511 3969 9285 6317 10413 8963 18459 5955
2444 12482 19455 13980 12872 16164 12840 6552 7163 17315 4175 3363 10039 8041 4006 15373 14358 15863 18343 19503 12236 7561 17828 3222 6113 1718
3256 16552 9883 16408 4675 16472 2797 1861 7464 17937 2690 7454 5911 7643 4456 6871 11994 14260 14177 11892 624 3083 15991 4677 16623 19821
4821 16705 14242 628 16143 7143 5631 10675 1829 817 6103 10399 15858 16527 16368 17021 19567 11298 10716 15330 7670 2145 6451 16214 13944 7810
12000 14146 4659 19365 9419 8647 7410 4765 9056 7993 18557 5272 5513 19213 10940 15319 15930 1797 15517 14713 9342 16494 3624 3684 16055 5103
13724 10319 19544 14172 18431 814 12391 12511 15104 3630 16452 2014 14325 19967 2102 16660 7647 19389 2304 18184 2798 18372 7624 5903 16031 4879
10702 11276 1872 15926 12652 13113 14565 2825 14826 8685 15076 1127 1812 7889 17962 3318 6041 14759 17921 396 1555 10399 4590 7763 17985 12659
2667 17819 1491 14270 8207 12827 15429 19806 14470 4766 17267 22 6297 13133 4810 13805 2080 3120 2902 10864 1431 9278 8420 4795 19608 10281
6284 7737 19167 17171 18955 14685 11287 9987 12853 16449 14121 1745 15231 15957 10427 15377 8450 17231 14520 7674 3225 14646 1334 6157 17793 5830
532 14559 2418 8178 10548 14992 18185 4231 7086 11221 10831 11855 15484 10674 12149 14611 3399 9645 13861 12272 7883 3494 2953 1670 4502 12444
10014 5550 6261 15248 442 17262 14171 8548 11422 11408 14842 6232 8986 9955 10571 5726 14492 4338 9278 16216 6804 3304 16735 6338 19189 3366
14358 17705 8588 17521 15934 14520 19753 11453 18444 17390 15920 17659 11193 5715 4238 12595 6098 4263 12346 16960 16558 4120 14653 5498 537 7056
14673 11416 1531 7372 1555 11391 10262 3309 10987 3322 10050 9261 5908 581 3089 9852 2305 19904 5785 9054 18045 12000 210 7302 17627 18495
9772 7863 8229 8230 15117 5423 5214 9336 4985 5366 3445 1526 777 8086 8268 19562 9259 8078 4395 2420 4150 8804 17742 11033 11110 13522
12035 19781 5637 5971 5468 5812 5755 10189 11745 19013 16242 3925 8705 19831 12962 3617 18830 10885 16807 2351 10232 16365 729 15882 10784 7119
19701 14776 1560 15879 19623 3233 4504 11039 1586 7561 1514 13562 4510 10324 18396 16660 1081 11900 19687 7239 9222 12969 19940 12180 13766 4525
16756 18488 8254 14306 12961 18925 2615 17556 4556 16297 6011 9655 12574 7821 9913 2221 6474 8301 19562 11114 6685 8732 2722 8190 7271 1874
