365
9 14 98 52 59 53 34 76 54 62 79 35 26 82 5 85 22 36 4 20 56 23 15 87 12 62
10099 8004 13130 19377 416 13029 17255 5262 5004 12153 17014 215 14559 7634 12741 1338 11731 5247 14259 18377 93 19517 14488 11455 7727 852
4478 19828 43 5376 19920 7857 14394 2544 12977 808 8478 18837 16340 4383 6237 17392 17624 709 13993 9810 17934 3938 12558 2063 9565 14367
12504 7730 252 4643 16462 14910 15928 8043 10291 3163 15784 9958 10060 19211 16429 12696 17037 11794 1213 3270 8866 2437 16495 8084 15101 4032
4560 9536 9361 7920 17631 1770 14641 19662 17835 554 8854 16751 9968 1905 7372 5282 4962 14672 327 15081 16475 11348 4913 3660 11285 2078
11759 19635 1958 11599 6513 3585 6538 15723 3277 3111 18147 1034 15839 9471 11936 19837 10104 976 19862 3989 14786 14500 10825 10090 15574 10149
18008 18658 7786 13004 949 5818 10400 435 56 18343 5130 17157 2324 11416 10266 17308 3776 19148 16266 2236 16408 8076 2017 13070 1883 13785
2108 14986 11067 13384 15599 6602 17667 10878 11454 11932 7156 4140 17177 11047 18540 15017 11119 5882 3293 10686 1196 101 5141 7222 11253 13365
5408 17648 17609 4688 17274 17271 14193 8976 17707 7563 10887 19102 11424 18643 19508 17597 8553 4908 9987 11266 18113 11934 15756 1732 14218 6703
785 14517 18939 2947 11952 12417 9577 260 1089 475 17734 12783 19075 11484 12842 19292 8702 11274 10436 10275 17507 18050 8939 13694 17920 13290
2112 2052 17883 6159 12024 6925 3461 18261 1097 15242 1704 14881 1652 18566 11974 4790 61 8364 17046 9634 9334 3390 573 16692 8532 8919
2497 1638 9691 19748 14844 3963 15347 10809 7398 16730 10137 16413 19820 18656 4371 18382 6761 12586 16315 1652 233 3114 9365 4749 1203 7199
1 10204 5156 6463 12959 3538 1296 4492 13890 14149 6389 6891 13218 1604 92 19717 14979 6264 2710 6651 9793 637 458 19350 17228 2621
3594 147 15660 3401 3801 11955 55 2556 13224 4685 9183 12300 1435 4983 17650 14371 18299 19953 16982 6502 2744 11638 800 11869 14059 7286
4851 19240 7954 3053 5949 9103 9159 16371 7427 5197 14920 7115 9559 14532 9483 8635 17663 18837 15114 16900 9198 13628 17519 1589 2565 1959
13667 8675 19549 4283 13946 2914 11629 3219 19122 12695 7770 3842 14947 441 19720 18459 6878 12846 4296 10240 7032 9202 4610 4434 7806 9236
4888 4415 11076 5965 5313 370 6974 7861 3957 10623 13534 12700 6480 7174 10131 3929 15754 889 4256 10595 5728 10912 11301 16424 17785 17734
15544 16347 11393 5458 12528 15610 7324 14731 2399 6600 5418 10117 17259 8296 3506 532 6644 14070 2474 7940 17363 10293 7694 7259 360 7086
3408 11168 12832 10351 19567 12583 12242 19992 5254 13961 7459 10625 1289 11671 10740 2051 12123 12249 13810 10183 8906 16411 2255 10467 9273 3117
1358 105 15903 1791 3026 14563 1522 11340 10357 13644 2775 7861 4441 3647 15776 11941 15410 10570 8310 4163 19747 15499 8932 10450 11785 1446
7851 10903 16689 17466 3649 17695 17877 18638 10268 12953 4976 11270 7045 13493 9281 11253 14172 9057 13671 14712 5577 8518 4653 631 10706 6599
6282 16884 10696 19538 3443 15303 17152 11227 17077 1382 16736 2968 18829 11193 8491 10289 1941 760 6697 10085 12073 13712 13316 3874 1715 19579
11945 9992 6392 11180 9036 14880 17912 7495 12400 11865 16570 1359 1826 6701 4274 11209 7641 18498 15377 12583 16209 12394 3950 4054 939 7384
17849 533 13908 13261 18773 910 18382 1391 6900 12225 10280 15518 3951 3645 10785 12164 17756 6614 8384 1566 3113 549 5524 15955 11343 13483
2612 8522 13949 16708 14285 19109 4758 18409 11535 4596 1141 6689 3714 7591 16037 5456 12699 1932 17493 283 16091 14991 6807 11740 3291 8989
17663 18724 3162 14638 15756 9242 14534 11048 417 15940 7916 16335 4876 12539 11090 1769 16611 3452 673 6813 4534 12891 15069 1103 179 3151
12162 4525 7851 18462 10641 1101 19110 12197 17444 9576 1205 1485 998 14573 7081 8547 18755 7679 13965 4010 14044 7781 18993 7754 10672 12085
18977 1267 18920 17042 9732 14693 18249 18940 16820 19005 1296 13625 2516 7772 17742 19280 950 4192 4141 5891 8965 529 17904 6811 12580 9011
14326 269 176 8679 11604 14110 12428 7658 7601 8318 19610 14384 18665 19342 17576 11202 11043 6852 17760 7148 15021 17049 12082 8446 14203 10135
8701 9189 11179 19192 3621 18070 9315 7667 10393 3911 925 16656 15806 7532 18298 2805 11467 14070 6089 4304 1750 11291 17490 18357 4498 11371
13618 15780 15161 18669 7114 5522 12071 6838 14557 6162 12228 14628 6655 14530 19976 13634 18114 13202 18740 18999 12145 7752 7413 11983 16056 18503
8613 14013 1759 18857 2600 3569 13454 316 19843 15350 14470 16740 15729 12901 17869 8077 6491 4699 16386 12309 19466 10501 2396 11525 641 173
11685 384 4739 6800 5653 11247 14082 7666 15037 18381 4397 10000 16048 16503 12894 11924 3598 15663 13950 10633 17894 2915 7867 15295 6082 18141
19784 10941 1029 10380 6792 15097 7030 1993 10287 17151 174 12580 12920 15873 9491 2130 8997 4561 3715 4795 11353 427 1027 6915 12971 11452
15366 15155 6118 12671 9335 6600 19385 15931 15601 2715 6791 8044 4907 13910 3898 16881 15806 2134 5604 369 9478 10808 4622 14379 2122 1769
18015 7481 12607 16160 15724 11095 16462 16654 3125 15316 14532 16493 12112 12186 5372 8268 18671 1916 19628 16919 4260 11847 12650 4141 9959 16783
6814 11622 15716 5282 10778 5535 627 18186 17572 15915 12185 13583 8335 1085 12463 17618 17925 12669 2775 14083 13870 2464 158 2190 8468 13810
7466 10751 3757 6054 2646 15849 10989 15864 4043 12020 6191 287 2199 10089 1465 15799 16860 1232 438 8263 12042 19506 18913 7822 10993 15940
7813 6005 19348 4856 15553 5238 12289 6090 1361 10408 15377 2347 2978 5169 8412 1601 7045 6076 18715 11623 12929 11959 17461 6595 17107 19818
9229 3667 17788 11798 17190 12478 16003 13174 19820 16008 922 2547 12791 285 6656 3893 502 154 16954 8603 19947 3865 4167 4250 9235 13132
8638 14588 19053 14649 4605 1697 19245 1269 14489 16401 2417 5287 334 10601 4805 12269 14527 14589 17406 9807 10316 2976 5385 870 19191 2026
18418 12722 13220 3079 13163 17129 15367 4713 18431 10902 6748 8419 5035 4444 9669 6378 10908 13965 17445 3248 2649 13155 12917 17570 11798 8344
16803 6921 11146 5222 14683 16249 5907 18912 16794 15922 8013 15546 10361 8797 13936 19643 15977 13952 16117 17734 7955 9699 14659 14990 14453 9000
2787 428 12594 14252 19356 12156 14465 10247 14784 5122 522 17597 15666 6386 285 6956 4298 14876 12270 12289 5137 39 4286 16978 14743 11577
16026 10437 12127 15346 10968 16850 10698 9235 11436 4720 10547 15280 453 2513 14241 8657 13528 1779 11591 18423 14031 8308 11748 8466 18500 16172
11616 10825 1693 10641 12798 7857 7830 14089 13270 1213 3427 13724 18358 15373 10125 14033 16304 13748 11225 11093 14215 16312 7168 4079 3177 7760
535 10213 1905 3634 13321 13050 44 5714 5060 6888 11046 9977 8460 8340 17569 1275 1280 4357 1135 3004 2721 17733 19770 3229 8500 18181
18117 18139 17434 2572 10873 2907 4168 18469 8212 12042 15607 13612 6630 15147 9909 10261 11308 9754 16675 10559 11018 12126 9119 4755 14808 16957
571 19024 9651 13355 4642 13743 7939 15710 11728 11872 14678 18998 16662 7948 8640 5163 6777 11780 18356 10669 3518 5303 5724 13628 13854 18006
17267 3699 14196 7517 14741 375 10242 19944 15308 6280 10820 2465 15247 12284 6918 14245 1248 10785 6970 7716 13941 12466 352 15909 18340 15239
18377 11822 11429 4098 18639 16354 14303 14506 18562 15337 6434 10786 5809 13112 6937 8064 10863 12602 662 16580 4540 613 12406 19918 17052 9328
3317 11430 5285 19851 16736 15953 6052 5729 17936 9531 6841 8877 2982 10874 6872 111 3942 14242 8621 14426 19607 17690 14651 17791 5438 11196
976 11615 11173 6875 25 12866 14428 17724 15238 2762 13708 19601 12690 8710 10777 11705 11905 4048 7529 5573 8263 13678 6766 15664 8023 750
17986 4956 3483 9912 12534 5219 10311 11968 15730 9042 19404 3748 16078 6854 14974 4667 16537 12177 7619 10243 5142 11725 17924 5235 1305 4135
12305 17389 19713 16139 7597 6055 16095 7989 19980 12883 17876 18051 15252 16264 5154 19821 11274 2260 2770 14636 17482 19502 17044 3399 2674 1866
4250 17917 3626 19195 9038 4986 1082 3904 19556 8480 8492 14226 18402 770 14860 13929 12482 17628 1137 11013 4516 9720 634 18220 7336 19716
8219 16500 5733 8388 16647 17449 11599 4113 1599 6192 2843 11666 15861 12177 9453 17132 19972 4821 4588 8816 13026 8582 10797 2498 19004 24
13856 14416 1511 3888 13521 2353 1062 19025 1829 10342 2291 10099 7083 4813 19555 16651 19700 7020 8510 8731 19096 10552 15893 7194 17941 16554
7352 3860 12900 9214 8737 5169 19952 3069 10163 8580 2879 10223 3871 4856 1996 11996 11819 2506 6172 16812 19853 9309 15252 16389 10929 3111
4086 8198 14509 4849 13401 12320 5713 8936 11582 12174 10469 6236 3335 16116 1535 15015 16594 413 635 11496 11863 16256 10637 17203 15066 19347
12763 3462 938 722 17756 19109 6849 16307 12745 17547 13279 17350 18294 17306 2392 4317 2079 15987 14222 3164 2681 9029 6803 12718 3862 10343
6325 8778 10304 9638 1151 10978 4892 13429 9291 11435 15599 12972 12415 12000 19689 5375 18195 13640 17213 4790 3237 5044 11965 4907 964 6542
8203 1145 11021 12836 1797 3276 5560 3690 9747 3136 589 4656 5933 12597 7683 16736 15657 18719 14913 5809 2448 7038 884 18099 7517 11614
7510 14331 17351 1109 9872 1722 9713 12052 4674 16379 142 231 9863 14270 7127 4961 17585 17349 5671 58 6472 17649 2869 1411 16625 5301
19480 8353 3155 17545 10046 17335 16354 6589 6198 17413 14824 706 12575 13102 18579 3874 13013 954 5079 17086 12760 16720 4360 18281 14868 10348
10116 15037 13767 6542 17903 18733 2594 9104 9852 658 14127 12630 15611 6236 14526 603 15077 11938 10661 2717 4536 11975 13829 464 1042 15791
15831 15868 16966 10584 17637 16903 7881 4177 2472 11009 7038 14642 4986 1452 15187 11819 18375 19938 13026 16690 11731 6486 2077 4285 17550 9616
9589 3836 5949 18949 16078 5222 7590 3963 13600 2522 11884 6022 9726 2552 5839 7549 19397 15165 11592 10461 4522 1016 15159 15677 11129 9879
5349 15391 8487 204 16396 65 14452 11091 17921 9568 19513 13737 11811 17259 7291 5325 9415 4656 18574 9427 13967 6536 8346 17484 8488 13797
16031 16945 6003 18039 3914 2577 16077 10282 13229 9915 17268 4520 18847 10901 14571 6558 17991 4225 5753 17739 11144 1966 12629 11073 6627 15721
3552 17659 4120 14863 17383 4355 18884 1474 19136 5123 509 14510 19796 14758 3879 15467 10114 6136 15379 4488 2127 15491 5583 17845 4009 2405
11985 17544 16866 18800 17305 13104 5340 17346 12075 17217 17737 6212 5553 598 4511 5334 18642 10475 19051 11482 236 3579 12791 16137 14711 825
11365 17569 9602 8461 15644 1556 4785 1089 5688 7152 18034 1759 5555 7174 6842 17580 10192 16069 14631 12469 14914 7602 4772 19896 14172 10563
825 17042 18504 8471 1187 1868 7547 2226 12828 2319 3034 11630 15284 14134 3673 6696 19334 14285 13353 17096 2510 7053 4428 13946 13997 2471
8720 10154 5867 10850 17300 8090 4047 3449 16578 4599 8509 13420 11662 10782 3016 13474 13092 1754 3953 19985 1088 8493 18449 4892 6845 3584
19762 18472 2009 1840 12075 7950 18411 13296 1611 15259 13492 19680 5772 12053 15503 12753 14561 19648 9300 14190 12050 14929 4445 14682 10208 4728
7548 3189 7164 4765 12211 9673 7360 3189 15380 17443 13393 873 1830 13002 16744 17654 10018 15539 15784 1639 19005 7558 16728 19501 6243 16050
19292 5322 8383 404 19046 10481 550 7483 15565 9844 1256 15771 4210 3494 1132 12888 13277 16972 15039 14323 5030 2148 16148 3475 10765 432
2428 19561 17295 16882 2409 10594 4837 6002 15722 4191 19687 7178 13420 9597 9533 9918 6897 14417 3306 17201 12530 7915 7015 5125 13581 14790
16604 17226 7626 13922 6217 15695 15128 15928 14338 12247 12689 18796 9049 19804 9223 16328 4321 1909 2408 7791 548 17356 13557 3287 17738 19504
5811 18037 19088 3090 17494 11938 8027 2357 3340 4481 6819 10198 8992 14091 303 16209 16624 10681 17483 18336 18604 14345 8242 7292 16027 9239
13918 19975 3472 11240 3876 8783 11875 3105 16020 11460 19250 10834 17992 2710 6204 18316 12041 18078 4933 8033 15815 7764 8780 8872 9296 2398
4361 12169 2466 6742 3959 19901 12473 6995 2226 18221 9640 4740 12034 3136 3994 1025 17741 9912 6317 2590 7714 10404 970 14321 3237 17370
12679 17781 119 7389 15944 12616 5330 17398 11731 12391 2788 839 15473 511 5000 9446 413 1199 13299 14732 4865 2289 8006 784 11137 12748
322 4181 18874 10042 12321 12668 8673 3465 13222 12790 8816 6183 14431 1523 15543 3185 741 3109 11932 10300 18256 19352 15680 4852 11973 14851
14292 1821 5493 14275 16545 5280 19345 8270 5500 15739 4438 3556 18262 19852 10118 3774 7032 16609 9183 7021 11178 15894 11911 15234 14179 11636
15086 18759 4944 13132 19101 983 3563 7726 12505 9696 6756 10456 10953 2566 6822 18378 6606 8247 15810 17194 16486 13174 8061 19388 5318 12308
6103 18911 17330 1527 13565 13014 1205 11971 8699 7377 8704 18671 735 1945 16832 10235 17604 13249 15906 19886 4979 3090 10375 8137 7369 6357
11789 2234 16328 3377 11739 2439 7196 2998 18057 5788 7036 14080 13445 6434 9487 15170 2921 8839 10022 11897 6063 4958 7989 1816 4989 5154
10694 8816 6416 15066 836 11137 7019 6968 9613 15010 4716 9356 17255 1210 1785 16836 10529 6778 8952 11175 3520 2471 9444 11061 6898 12798
1082 4809 19348 19547 5008 5603 417 8609 7209 6245 8960 6983 19696 18399 7719 8831 11277 9520 15462 6445 18034 16938 5880 9323 16024 9235
10460 10829 16206 17181 12190 7497 7267 1905 2 14115 11097 2199 18957 6743 11513 1391 3257 7985 6011 6683 16543 5681 13661 18357 15022 8045
6852 4903 2928 12084 6388 13353 992 18969 3405 7451 3628 10873 14857 11997 5201 10096 4996 3929 15224 1027 10852 10520 12019 3397 16466 14125
411 16127 13037 2912 14473 13354 8459 5313 17440 13100 7083 7658 2050 6164 10062 11255 8442 13305 15889 4781 18508 801 8314 4930 9438 9679
9567 15383 19975 14394 12261 6069 2734 1806 3524 13543 4605 3288 14173 7853 17318 8826 8167 13529 10230 3341 14845 17883 5536 11683 16780 1337
924 9594 19313 3849 9195 19786 10492 7402 9832 19925 9736 10966 17119 5917 5696 13134 8062 15435 14132 4710 10314 16519 1204 17114 11278 7361
12385 7579 5910 12683 5101 16311 10152 5332 2458 5518 18476 18308 2547 17898 2996 12519 12267 13892 5608 2501 15774 17992 11629 12337 16564 14870
8317 14512 8336 2641 1972 17411 7615 3616 1395 7250 14451 16712 17960 4303 1547 18440 14439 5957 12075 9312 2860 5937 15230 18718 19407 2836
18144 703 7562 5880 768 691 9515 19086 19792 12685 14076 9539 19080 13927 4871 4629 7012 13416 11869 6348 12 18027 3813 14070 170 18773
565 3588 6687 12611 4372 18619 35 841 1877 8701 8160 8691 17243 14171 14377 16415 4647 2625 14936 8822 479 4902 4369 8662 17520 10089
5879 19545 17611 2644 17770 17917 19419 12561 15723 796 1489 16894 2475 309 15921 5391 3089 12335 1919 26 7297 2029 11558 18311 18519 511
19795 13255 6305 9737 1976 3263 17219 9547 17717 12734 5990 17777 4589 17018 17499 11047 7257 15173 8053 12479 19883 1468 2310 11954 6862 13878
1634 10618 17214 4490 11177 9080 18318 16310 18042 15729 15690 11161 10639 179 2446 15985 16223 11329 19633 15695 3568 6722 6376 12862 14022 16403
5725 1851 5129 78 10529 5731 10193 18621 12784 1336 12722 14459 12590 6431 16061 8464 15858 19184 3584 1676 8517 6757 8427 15104 9136 9244
15046 3670 4121 9786 18186 11564 1644 17485 14600 14404 18193 7933 3708 19570 7248 15561 11702 19590 820 9683 8569 16717 7848 18488 13054 1303
19545 13693 18070 18019 11467 9527 4976 7818 6666 10411 15126 4536 14027 2782 4684 13709 2280 465 3649 2306 9022 13146 13639 11854 18778 19817
14046 2401 15792 12136 2096 17932 19086 11034 11707 19675 18153 8769 3814 6671 18215 3616 5443 17337 17762 13378 14527 10966 6933 13436 12359 13971
6377 5220 17656 8491 6556 17128 4166 3894 9795 12229 9912 11650 11838 10243 7898 11228 8378 14931 11518 4358 12072 12601 15327 6538 7615 1902
12010 10055 12365 2499 8222 16475 832 19459 10717 19885 3260 9165 16507 2263 2202 4907 12269 130 12354 14161 12474 19158 15068 6031 3205 11151
5301 2559 1683 14054 13679 9424 17561 9152 4014 19753 6535 6247 2607 8073 9782 18444 12054 4320 9592 1385 11732 15286 12654 5001 7992 2188
9609 6836 16408 18781 8851 14349 781 16562 3945 5361 4373 16637 17796 1852 12801 7470 127 12172 16752 5084 10063 12734 2333 14110 18988 12767
18428 7832 8760 13490 18820 12552 995 9340 11050 1114 7670 3650 8332 13233 13121 4987 12111 15897 3631 3310 10167 16617 14096 12966 19634 2214
16355 18987 8779 11041 15387 314 11947 1390 10727 1224 13349 12556 15596 13109 8054 6079 2957 17525 17098 14830 542 80 2538 18571 14101 5927
14856 14307 3658 18656 8090 3934 10590 4119 3905 8903 4468 5362 16348 19285 18153 4010 19721 7004 6988 3569 8883 2347 6562 13843 12245 19662
12314 19179 11522 811 3825 12830 16636 17898 12214 9348 1299 12552 15385 14474 4112 2713 4443 1906 18526 7216 345 16023 11952 4589 7795 7564
476 7024 12158 15424 6348 1270 15144 16705 13840 4541 16923 5441 14749 14048 6241 8545 19008 12084 7715 6247 7231 8898 15044 5 14226 14068
5107 16920 182 7338 10447 9756 9633 15608 16836 17675 2181 13156 13542 2198 3870 18658 1950 2168 4018 10937 10628 17073 12516 14535 627 7186
12711 6348 3460 3661 758 7124 4877 4101 11918 5652 2429 15182 10764 3903 3298 11816 3311 10131 10033 18363 18305 8921 5128 19894 12381 8616
13952 15864 9443 9225 13209 9745 19841 12582 12478 10541 8260 3510 15831 10510 11074 13254 18495 2467 4791 8040 8800 3069 4068 4460 10879 8173
190 9783 7559 18279 2578 16083 390 4906 18641 1684 8641 11473 4121 5531 2232 5742 9539 8602 19261 7007 6670 17925 15438 12299 2295 17485
14049 5799 19108 11592 9046 6699 488 11043 16124 1665 12815 14602 7426 8011 14641 16120 4232 11807 10672 19644 3341 16594 5963 16475 2958 5494
8329 5191 13555 9451 6461 13442 7000 3868 18720 956 12629 12784 2299 6386 9970 15451 5491 14690 2266 19226 18623 1243 18359 10127 19824 5464
13386 3069 1664 9565 17109 5119 2022 3321 4857 14954 421 4325 17484 6882 2976 12230 10509 10971 5885 495 18368 1569 12994 5337 4369 3606
1352 6579 1877 1284 710 16800 9181 403 11225 13669 14808 2424 13661 1555 6989 19691 4533 1194 18920 1223 3604 11699 11981 4144 4715 635
14838 10538 5899 3034 1831 4620 13435 6011 11130 3122 5114 15720 19192 14024 9376 7588 16165 19720 13687 19005 3921 17074 12008 6224 15736 12269
7293 4096 9856 16955 7675 3865 16878 1869 1450 10657 8065 11094 8203 14342 1240 13198 3651 7118 19955 10568 18186 15338 13821 9529 10993 8914
3898 7722 12806 3890 8281 13483 6875 13744 7130 4606 682 13405 12592 9614 10020 4058 6759 6700 534 6811 8054 10487 11450 4158 14962 4354
9866 6822 18462 860 10146 1712 19089 4294 633 14309 15292 15308 11806 7570 1381 2503 4155 6502 10827 17585 9927 19811 4411 5821 15663 13164
6025 17305 6008 8356 15808 4346 10651 9432 18829 747 6962 5988 17394 16677 9241 2099 12214 19658 10875 15689 12691 10151 18617 11678 7256 15855
15292 7104 3280 8475 19847 19667 19712 581 15745 6470 4497 1383 13905 3806 3251 13120 12560 10606 6997 1285 12492 2530 7809 3706 8151 14371
9587 15089 701 19068 10676 1204 5512 8301 4131 15970 10593 17373 6305 15642 7827 2452 8799 3647 17768 7688 11683 19559 7083 10139 8528 4093
5449 19868 18627 2271 14386 18478 2141 4322 11840 4126 2502 3568 11250 11467 15891 18789 27 5486 10491 9418 19720 578 15044 18507 11197 18654
9583 3426 2742 4552 18723 10636 18015 15740 15353 16903 17497 7291 14459 14660 15365 2141 8951 5009 16287 10076 2901 18439 3663 7873 15972 8270
302 2644 10763 6746 1247 7583 5897 5257 6795 8547 14618 18988 905 19870 19352 8055 2054 5006 8254 6211 2762 15339 7134 19636 13996 18913
10185 4626 773 7724 5931 2378 12382 11430 6124 10964 3520 2526 6690 11366 15820 1825 9542 14403 2216 13614 13899 8145 1503 9049 121 3426
19233 7264 764 4667 13681 15224 6579 18222 15512 3352 19011 10816 16096 8583 7103 4018 7068 2685 4167 2824 7805 2643 3897 434 12273 4260
16114 2651 5519 17420 5155 16163 15059 18458 6820 2576 2717 458 17028 7099 6740 5271 13 4271 6046 19026 13172 6625 1258 14400 12768 17253
8644 404 7748 12429 4616 13094 19525 17645 1539 14138 418 458 5041 3 1433 18775 8717 9667 9702 3394 2026 37 2847 12926 4012 1849
16657 5738 2793 2987 1354 17371 14584 18328 12158 3436 10358 8230 12915 10424 19572 616 13600 2591 16051 13607 7887 14175 8378 13579 15637 2850
13138 4292 12242 3444 14147 7362 15034 6727 10302 411 4734 5646 13394 9007 13853 16490 8683 18225 15536 1229 5774 12801 17605 9914 7642 12126
7284 4276 12608 2964 4103 5483 4246 185 2745 7758 9 14353 2927 12861 127 18102 6966 16821 8883 18485 1435 16682 8060 4140 1466 8077
7408 16116 19713 5954 12615 10882 1586 15428 18405 1313 12463 5918 13657 12769 10434 10991 18368 5695 6621 18761 19218 6653 3986 9245 14722 14172
14480 19002 17119 10023 814 7594 11805 6533 2968 13800 964 17651 12320 18891 2973 3740 13643 4184 7267 2174 6260 13111 10309 14655 10853 9403
8689 16808 458 829 13817 10123 4160 7193 6546 291 19536 10261 12791 4426 3275 18930 18286 2300 7172 19487 5062 18261 1824 3946 12718 8366
15401 3738 2215 7685 8946 5190 8727 226 18723 9416 8621 10152 6810 19110 1553 15272 18185 11712 3486 6858 15956 8295 16673 16224 19580 4539
12258 19004 2229 4432 10812 11095 242 411 4827 6530 10143 17341 321 5991 8389 4329 4997 1534 13624 15093 18951 18932 470 19594 14350 139
2066 2196 12235 12096 16407 13444 18109 16 10782 15582 14802 7756 18019 15431 3858 12434 18289 18883 15210 18476 10916 14071 10601 15306 12024 5864
12121 13554 9845 4719 2339 1077 18811 19359 7674 8702 1870 10252 3401 22 14255 7711 18593 19872 14117 1763 11707 1027 9987 19330 15346 3702
9130 10268 19495 7771 1260 8674 9285 16702 7048 9655 1989 14711 17636 4805 16179 3339 11005 232 16748 5045 3473 14236 11795 17150 9294 17489
18963 12535 11056 14337 5346 5670 15269 17768 13241 17523 876 6761 9511 11881 15080 3360 12146 516 14472 17676 8209 11953 17164 16937 309 7967
5514 14913 14823 4263 12166 17712 5689 10964 10229 14731 1797 2541 2045 18583 16630 19023 12075 143 3307 19213 302 18511 1207 6756 3354 13152
2292 2075 1817 9538 4561 16906 16823 3207 17690 4454 5155 7231 14014 13355 16859 262 17398 10923 1972 10542 11910 7216 10570 12588 2692 9681
14748 14976 17317 4815 3272 15843 8609 5823 15206 7524 17467 16611 1854 6702 15504 14444 2777 17059 13396 15279 9297 18211 13794 70 950 6704
5763 9955 11957 6813 18443 7112 10723 7019 18365 13619 8383 18060 19295 16562 14760 10129 13869 3133 2410 9488 6036 4576 12298 12118 16233 18153
8891 17653 1962 4843 10047 19318 9314 11142 15583 16950 16967 14826 16437 8531 16029 17630 13103 9326 322 11541 4361 3806 13271 12306 19683 9427
7650 4175 2986 658 11122 148 4256 10162 12361 11787 6206 1418 1748 1290 4005 17902 1761 12330 14770 1873 18109 4233 7084 1819 1713 9107
3763 19879 5552 11744 11411 6026 5119 16097 9232 2612 2675 5720 2113 19054 2504 2195 1384 1769 11863 18039 13485 12082 6407 8030 6886 4735
16495 8188 11858 3323 15129 1053 5873 6046 1967 782 18344 3041 1942 8416 19398 81 19705 1653 18973 6050 566 13222 7964 9182 9458 6072
16715 3111 10427 9220 15276 9043 11331 14507 5663 12236 1473 5306 6094 12668 5331 3646 14194 10057 9945 7275 12320 19962 12358 6004 3692 8000
5160 4683 7604 12762 14388 10862 13309 17659 12613 1837 19109 17112 10901 19412 4030 14565 13102 50 19574 7924 13088 13236 11290 16149 11657 8098
9036 12430 3582 2748 1722 16517 14519 16327 6619 13780 18782 4098 17079 8230 1975 3121 19977 13355 19887 8868 3262 2796 541 558 12607 17510
13655 10574 3818 8653 5442 4617 8293 10005 17059 8927 11664 6168 6601 13351 16174 2673 15281 15431 18533 12236 13339 3323 2120 714 16386 3871
11180 4389 3136 4805 14059 19491 3501 18888 6730 10597 1771 14075 17333 5050 8954 9917 13094 17482 19916 6575 10347 7763 18399 11719 12712 8269
7801 2438 8015 12288 7856 16158 19062 18772 372 18460 532 12493 14686 5546 8597 18246 3333 10161 15366 2994 9528 7215 13067 17227 6977 14586
18002 3371 2547 14425 11656 14338 2554 84 16068 17565 14354 19037 8491 9079 432 1713 2491 15704 13506 9607 2934 18416 19613 15527 6314 16342
5271 1836 6527 14204 3391 9932 6713 6622 11624 1842 11480 14704 14032 17301 6591 7044 7574 15871 5648 1166 10056 10942 6566 482 5004 1341
13720 9879 8415 6032 8934 8625 256 14539 18603 4268 8208 9057 3039 8804 912 1559 3075 14219 5187 7251 6611 19239 120 2621 17200 3848
14911 16548 1888 7631 13175 1572 19051 11649 18603 3306 9897 14447 32 14360 13030 12263 16259 1177 13152 13946 6356 15871 8553 847 18459 1787
11777 351 16278 6959 6403 8800 6526 7749 13619 8792 4426 11265 6597 2702 850 13485 1274 7189 17898 3864 1025 19259 10316 7418 1336 9259
19853 2310 883 13710 10697 16378 12614 950 4803 9220 4704 12039 5631 17834 1812 17461 4572 13312 7662 3954 16988 869 654 8218 7807 14068
4118 5028 9118 12371 2423 5660 17348 7906 16528 6649 15560 13494 19751 17024 5101 1518 1801 1919 3710 16668 1667 1614 5264 17169 9833 12738
3523 8290 7877 12126 4697 14760 17248 7976 5217 17384 6530 7620 6081 16110 861 10877 12689 1524 14558 2867 18682 13076 10962 16445 15947 3306
15660 18118 15282 11863 1083 4093 11170 4247 11018 18436 847 3465 18725 7691 18864 17403 13737 6905 15064 7945 17408 15579 18454 15066 3242 4168
12794 6311 16080 4354 12639 4061 904 18405 19186 13839 9929 4773 445 10799 3862 17760 6475 11882 18708 19827 6147 13443 9532 465 15717 532
2765 6010 9485 17800 3376 4533 6236 7591 3460 15873 18089 9000 5813 9920 618 18325 19354 2878 17498 13951 17204 3132 1619 15156 9008 17324
8882 16948 2584 17620 6402 17252 14922 9483 1858 4620 11016 49 10482 19037 18462 3329 4057 6931 11330 298 1519 11508 199 4223 2477 15026
14415 14612 15956 667 2594 14665 15421 10320 1920 7793 9090 9044 8625 16008 16122 5884 9045 4136 11652 16818 5091 2991 19589 7400 12707 119
1897 5615 16284 15482 17548 11259 4049 3226 5600 3782 1549 16300 4626 6952 5918 4351 17768 2821 1292 10699 587 10454 7566 4416 16207 8871
5065 118 7212 5077 4801 12652 16660 178 1149 9855 18224 17893 18816 5288 7703 15357 6150 10672 6076 15723 9340 15416 8785 11021 12647 4201
1837 17244 14967 8767 11859 16264 7981 14463 4937 3079 3449 4112 693 276 7470 6002 2282 19925 14609 4132 14665 4312 11993 16308 11485 14812
894 8789 14457 7186 5073 10278 16173 7049 195 17079 6054 14269 6427 18357 12949 10186 9659 11396 17799 15130 14787 12123 19993 15686 16657 8292
18019 16118 4995 6074 3858 12181 334 10510 13464 7668 6220 4391 12310 1377 2208 3109 16710 19861 11012 4595 11232 4658 12697 17414 2094 8483
2150 15813 7841 8360 1409 9033 17962 1445 12513 12992 4760 555 4090 8860 6944 6994 11550 4791 16192 4912 18092 17610 15738 15576 16676 9062
12792 997 1032 656 7698 17373 9958 6379 10876 16736 6478 18807 15555 5186 14357 16998 10777 736 2242 3894 4721 13205 8288 14370 1032 6088
970 6465 2695 6494 11307 17383 7745 5632 14296 16374 16332 5326 12127 8306 18395 5302 15053 828 11619 31 8913 5357 16726 3886 1791 3582
6418 14713 870 7869 743 1611 15632 19500 14076 12091 13358 16912 10716 2608 18094 530 10540 1199 7767 8771 17578 6297 8472 2127 11582 7220
14040 14470 14290 9875 1066 10061 4906 6673 18235 926 1952 1199 11107 16144 11952 15248 2173 4282 7667 517 12738 11241 18252 16820 12542 7732
2905 9814 19126 11573 14843 3700 8551 16159 3087 5422 8288 113 8512 16875 8041 10885 15027 5826 16485 3316 2584 17790 6241 3733 8233 16143
7040 13045 16242 1504 19167 3906 17818 18409 13676 1474 816 3238 5633 7872 12277 890 16446 19055 6168 1412 13362 3832 454 13876 3878 16294
11476 10168 19241 14983 16623 9253 19216 17997 881 19066 2243 9476 5877 19461 14327 14857 12910 7048 10230 4009 10176 16349 18414 19445 4730 913
12893 19292 1975 4621 11780 5915 10498 17883 11377 11171 7188 1027 7672 7842 16662 7455 6594 13083 6213 17979 15790 10183 1847 15990 1057 13760
3157 17050 3975 16401 2188 5385 13196 12783 17586 12956 9862 9303 8566 5916 7659 6906 5092 13052 19271 13341 16491 10690 18724 19191 8748 7058
6948 3871 9165 7765 7207 13964 19626 15303 3037 9380 5748 2659 14168 9769 14504 18660 15300 3502 7246 9469 9919 1473 9935 18298 18640 18494
3678 15962 14134 6272 10964 16037 2405 16849 16168 7871 19765 19337 3867 17246 12241 14736 3842 1288 3405 12065 16575 19668 1064 19427 12615 3286
16965 9922 8210 15127 3874 3580 2851 5533 18005 8406 17905 14002 14946 1581 12197 9008 17284 15684 15823 1822 9621 5277 19960 16619 5541 7200
5918 5222 1242 16073 2628 18262 16518 11296 9333 1970 10905 7823 18331 14849 13877 17599 19669 18651 14134 18025 1714 2110 582 7981 6160 16041
18300 7654 104 7804 14735 7966 11058 2330 17896 14437 5108 8913 18579 2967 3378 6109 1873 2585 4120 15912 14634 11694 10830 10759 5064 7614
19639 4539 7995 11634 7026 19697 15151 14174 8497 18906 14206 2492 2900 17616 545 13226 19788 4747 19445 4678 19967 11900 1058 12202 4792 11594
5693 9249 3630 2433 17023 10660 15569 15214 10581 16613 16203 10622 19005 10837 4894 2986 18665 4481 1862 18080 3074 1509 8428 10047 14279 13294
8131 2119 378 9193 2222 2332 19474 12320 7335 17884 19618 980 2684 16469 12066 19815 513 19029 39 16487 16583 2171 19351 5535 10689 9848
12957 18684 13100 13488 6268 3064 6889 8639 5031 16712 13802 18279 15117 1689 17661 13804 6918 14771 7145 19392 16462 1454 17924 4136 9784 17375
8618 2000 2490 13429 8164 5025 9970 14372 14593 6140 8967 15467 12592 15417 4961 7574 12661 6266 5680 14618 18548 6650 7753 10590 13851 18345
7996 10933 18494 19816 3317 17236 9634 7186 3128 2973 321 4199 13186 19007 4239 4213 6787 14158 14179 7742 15806 4221 1771 5486 18516 203
13433 4812 588 8314 13409 644 19432 567 10390 6457 12708 14121 15371 9596 872 5175 14954 6314 6680 7696 14244 9860 14639 2685 10521 3192
16713 18596 7093 8375 14724 7918 12832 12345 3666 6586 1860 11900 11134 13076 15336 13903 5438 2294 11781 18143 11527 582 14394 5834 12449 19152
16007 5227 7709 11284 18089 12876 16028 48 14507 9546 9135 1624 12196 8103 784 16021 12699 15782 18043 5065 4889 6805 4862 14887 12582 13098
1466 17642 15557 9064 17870 5360 9478 13168 13412 15601 18120 14895 10747 18826 18660 9738 8838 14420 6969 17062 18685 11107 13769 9923 4436 12564
836 1818 6488 6100 16005 19195 17148 15970 11791 11089 11901 14087 7798 18073 5351 8759 18084 19338 6953 5010 4812 17207 2519 18071 784 17677
9218 3133 9357 15119 5926 10570 5852 10137 8023 6599 13213 15704 11454 2509 3279 3611 16347 6534 12546 1527 5516 17055 19485 7449 7942 14606
9155 11273 5283 16051 15157 516 9129 10499 19460 3214 14528 3467 18186 10405 5461 12466 3993 14115 18179 7529 9603 11756 8481 7724 8656 10890
2572 19783 13473 6778 15184 2058 13663 12568 12364 18518 19877 2115 8010 9909 9876 3295 829 12636 5010 2579 13924 19514 19828 16154 10941 11786
3528 16725 4958 18983 15510 17576 6664 5967 7929 12755 18745 7903 4561 564 2510 4234 17451 13189 15764 10116 12756 1101 17943 8714 19975 7377
1967 17603 5701 12530 7390 9832 7106 19509 6504 13225 8513 11906 7563 10694 14225 12944 5831 5190 9618 17091 19423 9472 6862 12663 10054 13304
11262 13713 5090 14816 4657 12533 13550 5737 4892 85 10102 765 736 5080 8428 11903 4960 19275 13009 13671 1105 5736 16978 10820 19624 13261
14622 14084 19015 2809 5111 17988 5138 6237 5708 13306 19524 11230 17655 33 9096 11194 13037 4527 7333 8836 5721 4362 12015 5222 3830 19
19588 9567 2678 18487 18304 17740 273 16577 5404 10332 9706 6839 13066 12843 13451 12595 12156 19506 8052 15778 13452 12999 7587 1057 2029 3795
11055 4819 3414 17314 2523 15064 2418 6795 1894 5725 3498 314 11663 2831 16841 6807 1523 1200 5704 16574 19645 5536 6640 14749 14313 16717
17429 9462 6355 12290 4776 10629 6791 7531 2004 7636 34 10635 7145 13611 3504 6097 15070 1120 14982 15663 18844 2757 11391 4674 9765 16675
8755 3157 17497 4318 7702 3007 7150 5420 8778 8234 2393 18149 9908 7075 496 974 5850 3431 10310 838 14732 12556 17656 3440 11274 1180
1863 14424 17039 17967 17326 1041 10056 14128 4648 5485 1527 11148 2747 7465 17624 13389 14813 9587 14633 18540 9002 2187 10730 4071 12937 15521
5552 12038 17157 16558 6408 18290 10402 3323 15569 12570 7653 10602 6767 5881 4327 9516 19268 8810 17002 3799 19441 87 8858 4388 10341 3011
3877 14123 4458 14040 5924 14638 17909 12336 11885 11849 2577 4872 14330 102 15498 9458 1031 1142 6696 18429 179 8 17377 2350 10897 2405
1422 15799 16695 12204 14907 5926 9619 1840 9511 4565 11401 13523 18182 1766 10219 9835 11952 18150 1274 5203 3143 9562 12095 7034 1 189
16595 10786 420 6947 7404 8727 1333 6282 3657 5747 2618 5023 11337 16421 14985 4264 7986 9607 991 794 6854 4529 18505 10069 19818 8573
8029 17800 8584 5789 15195 19390 11074 15759 5629 18069 951 14616 10903 17447 5535 15334 4988 6643 7413 19841 17674 3120 6834 6614 2392 15110
4690 9414 17032 7650 7055 6736 15613 2322 16300 6126 18595 16262 13889 12003 11394 18553 2481 9346 12624 9056 13554 861 8337 12058 5487 13840
15350 7289 5214 16175 8047 7624 18942 13746 8679 14107 7122 15786 10531 6132 9770 5096 2243 9985 5768 19161 1513 6868 2487 13819 9839 8398
13149 10879 4550 4025 9417 7408 9684 18498 18283 12862 2239 14344 2589 16366 9165 12865 6730 4876 12304 11680 3650 12085 5150 11693 7571 6404
3860 5452 12546 19041 11168 4222 12800 13739 8087 15022 7088 13062 13256 2115 14305 7489 12113 8690 3358 3462 13469 14180 9623 4574 16978 12516
7459 8344 1950 3821 10634 7420 8469 7548 15358 16616 3425 14324 7947 12522 14489 17552 17078 13341 16170 12733 7368 156 19024 15949 11436 6204
6945 19398 4877 4962 8611 11375 16092 614 19345 5160 6609 13776 5467 16988 17756 15254 3747 8222 14765 6444 10479 8100 7763 8882 19121 7080
15299 2949 8998 3746 13165 19139 5286 19533 16858 6983 15175 18081 581 3776 11852 8767 16224 7486 18165 16761 16212 1624 12373 525 2399 14072
1037 12778 4110 6143 15638 6709 15569 1039 6317 13251 14823 5033 8143 5730 2965 16719 17809 7808 11722 9360 1604 2012 13601 13666 1583 8351
12261 6532 603 7114 17588 5234 1332 949 2393 12986 6677 16158 5395 17921 9155 13307 3034 14256 13961 19944 8459 13244 9577 18254 6763 138
3235 17690 6511 8165 12522 10560 15044 10929 9501 6597 1125 12769 8860 14232 19289 1989 335 14907 2801 15711 4637 5590 14260 9799 16468 2238
1431 12007 3855 8497 7374 19524 13305 4555 6903 12321 6185 17289 19375 17771 12814 17655 12535 7485 7175 9908 4692 1095 5701 5682 16346 1969
10142 5189 15586 508 8153 18414 19326 19653 4050 868 13689 10459 13645 15475 34 14549 15715 14526 15863 10463 10660 14332 2474 9967 19251 7304
9555 11631 18075 12727 15045 2263 6371 19894 1454 1478 7110 5480 8968 12880 1916 14059 19134 10659 19639 2591 14935 1061 15768 14723 7794 12536
11799 15856 10149 9095 1767 8957 14928 196 7222 9364 18003 3913 16589 18158 1043 2498 14564 352 19351 8782 14534 5222 16698 16323 9346 4133
18735 952 6755 1353 1607 5588 3368 5143 2573 13825 13015 7496 18067 19328 2034 8571 6679 16772 8971 11436 10333 6367 10355 7435 8665 16688
12901 3891 10921 11964 5287 5433 8647 15658 1162 19128 7364 14871 8999 10561 9221 8342 1255 935 12277 17892 4371 1959 3143 14397 18129 6778
7836 18403 16399 10671 11729 17052 19222 12880 18636 13611 17557 2235 13748 19799 15455 12085 5661 19118 2239 1722 18731 10346 4483 8887 17484 16035
12453 4305 11619 5004 1319 14289 6651 11740 59 1638 19387 14404 14468 3132 5955 2272 3474 6782 7803 16958 18933 11823 12322 9319 14563 18198
11929 3067 2072 19847 3801 16765 1862 17456 6709 6390 14213 14142 12019 5004 5259 12064 14649 9637 1128 13449 13624 3171 11423 14588 10138 5874
17417 7527 18791 10758 11180 2520 11163 18479 15228 9906 2821 8754 15167 9638 15413 16490 8684 10716 9901 10911 12042 1018 1154 15915 13608 5699
15747 9693 12971 15071 13687 10366 8998 11157 3872 4121 17772 102 6366 14870 4823 15106 3955 19476 4697 9287 13895 19928 13735 901 9079 18074
16539 3951 19474 19590 9575 3997 13091 10041 4255 12506 19584 9668 4123 18341 17897 6359 15793 1491 4172 4163 13632 2976 14988 13151 7895 11655
2825 7308 18874 8468 12819 17974 15149 7170 3781 11815 11652 7730 3382 9267 8695 6610 18430 9595 18662 5616 16828 9774 11807 5758 5989 19164
2927 3198 11756 17859 2060 14855 12153 14413 17657 14635 1558 1173 895 18663 8712 5908 11585 17549 2507 9184 15944 17553 10842 7738 10714 3810
15934 6960 17904 1424 12302 17763 574 9684 12992 801 7093 17922 10075 13560 12635 15981 11536 9221 19309 8870 2067 12804 8051 2483 2291 7596
2367 9249 15198 16351 12799 7897 9137 3870 12536 8746 10211 17507 10043 11058 5812 12207 12751 5639 13685 15484 18725 12566 15710 12257 5989 6663
18200 10000 15445 6522 16810 9717 8275 11511 9734 10872 13197 10154 9691 794 7429 9997 13914 5835 6363 5204 17705 16645 19606 19338 12527 9753
907 19853 11151 14977 6599 15486 5896 11333 2982 4479 3121 6484 9672 8734 12905 12311 13406 1366 12587 7554 17495 19479 10294 6806 12902 16864
19689 2115 5712 5133 5982 6249 2668 12056 5103 5786 11360 1997 334 6824 11598 2047 11925 9539 13312 10070 5121 1911 19576 11693 4477 15030
2521 13609 10373 7031 17509 1297 9510 3410 17710 7080 18029 14641 3237 14062 18799 9406 3696 349 2321 19025 7690 5597 9520 4053 17156 787
19668 11154 11589 15123 14021 14578 4066 2168 13487 3774 16288 62 8947 17161 18878 12595 157 1019 9249 10989 11568 3532 11189 12183 12514 257
4767 13325 11467 12369 11149 1696 17007 1721 5480 912 18417 18586 9426 3657 19779 8748 1416 12130 14682 4560 17328 2786 11342 11631 5900 870
6461 19677 6950 18650 4968 17140 9845 5107 15061 15331 6250 16512 18365 18128 13323 19443 8275 16042 8633 19389 4745 15287 15128 13996 14866 17631
610 18379 15318 6919 11310 246 5389 6237 10559 9223 9149 6268 10655 19959 13990 13733 10349 2952 6705 17142 1170 9282 1327 8894 10989 17935
6947 3276 371 766 10842 3980 10825 7963 16654 9755 14126 18524 4274 14154 6421 7807 18560 2236 10213 19122 14653 17209 6359 12485 8882 18706
13382 16875 10532 6673 305 9264 3686 16154 16980 246 19170 18594 3264 11365 16766 19780 10040 13778 16075 14520 10533 19027 16575 2369 18844 13772
3180 4704 9793 7449 14396 14830 19496 2701 18001 7329 9015 8601 1392 17114 18246 12102 18707 727 2175 3945 11899 18336 19418 7473 7934 19763
10094 10578 12184 8928 2947 12871 8160 5449 3181 13586 8259 6318 10716 4517 10562 14065 5405 8913 2240 16943 19789 15477 2017 15731 13974 4001
1161 6244 6947 5422 3121 10870 15175 14169 5229 232 2069 8862 15096 16758 5284 10960 8874 18298 12604 5491 18959 19551 2407 18640 12424 6200
7711 5876 15586 10954 10223 3456 18048 19021 18354 2669 10438 12805 14593 11153 14881 13586 13517 14561 16313 6178 4607 13119 2301 732 11404 16789
11804 17829 14765 14616 9358 15209 3897 16509 16244 694 15467 8517 6171 11946 1073 6696 18476 7959 7352 5749 11672 1192 6891 192 404 13626
382 13929 18524 10601 16946 7293 13289 13184 18124 19753 11801 902 1344 532 6513 14365 7523 4671 17365 13007 17256 5633 5905 11036 15338 12875
18603 18552 3543 8179 4298 19265 13665 14169 9262 298 17695 9769 8950 4930 4035 11749 2546 1819 10726 15743 8851 4454 6180 7577 13950 9403
2730 18174 2491 2090 17343 1410 5807 4211 11121 3421 3984 7726 12996 5888 1642 4017 10706 12576 8462 9679 8566 15709 10807 17177 15610 18547
421 1887 2090 4437 11845 4255 11710 13992 18286 4151 4369 11 370 17307 7561 14223 11770 1400 13361 12507 6981 19992 8910 5967 13537 3624
13770 4101 19863 8597 14638 1236 3935 19330 9143 12565 10058 12495 1626 12951 9191 4999 10384 19278 19509 14086 4830 14038 19904 14152 4397 3592
6191 6111 15392 8512 18621 16673 12126 4928 3888 6661 15268 6443 19486 349 18708 10535 13714 10859 12593 12213 16744 6683 15699 19620 5784 19341
8255 17704 2530 7634 17488 10627 4639 19168 14764 11935 5674 6416 19007 10833 10944 3835 1447 1777 12506 16473 14214 17699 18637 19356 11035 5418
8773 4804 12008 15672 7254 13128 14176 6970 5662 4100 19306 10743 9596 12333 3329 8013 4803 18282 3972 5650 16309 6530 15597 3660 16882 19085
18991 10167 10961 13499 17996 10595 1606 11557 13070 13778 12078 16547 5015 27 17282 4495 1712 6596 18973 3071 16144 9730 6775 12810 7942 6560
6428 13402 13793 15037 15536 2614 14670 4492 1761 13532 782 8391 3189 14936 7501 903 2203 2782 11096 13336 10564 1303 4599 18160 1923 11957
18092 18926 11178 9702 4690 995 17057 2283 11083 16603 18840 1432 1895 11136 18027 19411 10023 16648 5655 4575 11569 1241 4484 1512 18022 16879
18941 18485 8969 381 886 8773 8475 9362 2055 10627 17886 19305 8702 5043 3875 12743 2690 16354 13511 8261 19136 18515 16106 541 18520 109
15584 15139 14644 10354 4736 110 574 16925 1456 14544 13013 8627 968 4495 11678 17884 8539 5374 14264 10803 17528 10372 8141 7458 5236 9852
1507 17911 5161 5707 9989 10058 9232 10149 4681 10955 10632 17090 3183 9699 7960 11254 8943 6127 17731 12111 4893 12916 5283 3180 14904 16355
11481 11088 9241 2774 19525 15683 11279 6373 2724 8963 9753 5064 15797 5396 7362 4622 8847 13379 15034 235 10885 4401 9895 17015 16101 12196
2929 1492 2002 13752 13919 18773 11979 1569 1409 14470 8839 18490 15878 17763 18125 2183 19802 7625 4748 84 2276 13300 16197 14249 15807 13150
16329 19496 6447 19011 571 13853 17831 29 7828 4115 16607 18599 19628 15140 880 17048 15171 18291 2413 14778 15805 5496 6531 14324 18965 18090
18384 6161 7348 19228 6973 16998 12909 14579 6672 4447 16198 1538 13771 5231 7696 13236 6374 10776 19546 3521 19121 13261 4208 3631 1967 4943
7974 18285 13868 6352 17276 3309 3808 1683 17211 644 10535 18244 11655 11706 675 19203 10895 18557 13596 3019 5953 13580 1543 10807 10391 19313
14698 12117 5185 8218 1696 5465 15024 10283 19211 2345 12017 4615 5897 18797 8824 801 19070 10391 12235 7174 8866 11343 1304 6441 4476 3406
12713 1175 7635 14263 14407 9844 1287 11243 3648 8989 10629 3674 12145 4061 15768 16034 14883 18299 3493 5319 6288 19499 2268 9252 3742 632
12306 2147 7305 18938 4497 2568 4974 11425 5375 11393 3805 15014 10797 15632 14338 6547 11676 15934 13523 6033 17248 12804 12370 11734 17937 17879
4348 11222 3337 906 19364 13235 19425 1238 17160 6352 2500 18932 14308 6766 12063 19419 11418 13948 17562 2075 1510 620 5412 2525 7702 14065
11475 4814 13321 13401 5219 17028 5691 5453 12123 17026 50 11690 8426 5325 10294 12155 7595 6710 15485 15694 4930 10642 13849 12017 11823 2287
17892 13851 10531 45 17652 19324 18890 11829 18423 5932 15500 14782 5788 14050 16877 9830 853 10176 6151 5127 18662 4042 3768 4698 15281 8208
8247 17470 12686 17777 17986 18303 18192 18743 8499 12741 1863 17181 8021 4074 11630 6956 11597 10558 3508 4482 11932 13877 15627 19794 19122 15534
1552 16924 1377 1693 15430 18520 5729 7639 19366 14321 4304 12471 19056 664 10698 789 12090 17564 3759 5935 2766 11374 3124 8346 11824 19654
10075 7930 10534 5506 2469 6782 1663 17625 14735 8818 18193 8698 1964 5293 15304 12985 71 10008 18957 10558 7226 6289 15919 17022 18410 5727
6554 19737 7717 9227 12560 11424 9596 15067 11931 17830 9659 17338 3747 10222 2888 14117 5355 17366 16000 16565 18508 11598 13699 4330 5944 7432
13664 3119 12042 10652 2354 19367 16058 16475 16864 11014 4793 19921 4747 4653 9053 14670 14664 13234 3369 2539 18018 8398 19832 3861 6041 19023
19672 2632 19385 5025 17804 7920 8144 17673 10397 13748 12159 11276 19377 6453 11601 5450 8358 7918 2649 14831 8616 3991 8306 19695 59 19584
15008 5344 10594 309 2549 7772 11048 317 3643 10840 7603 1503 17578 7050 11437 17221 9461 16870 9221 510 3726 2450 12107 14317 12994 18424
16872 11147 12248 19633 11752 16826 4883 14234 10798 11855 18123 16038 10473 11440 901 17790 8811 7261 3140 8530 8257 2484 17734 3490 13096 12511
7183 1022 218 3764 17364 18000 11358 19094 12558 19082 3819 18069 9685 11864 4725 7552 12178 3286 16733 6875 13607 14384 9594 10485 7328 7668
15704 14161 8348 3416 18758 6312 5456 1705 9220 8869 5696 407 12644 15979 2675 15546 16410 17779 8176 4802 12440 10829 1920 11910 17051 8081
1562 18854 15839 7902 19441 4016 3198 15715 18540 13719 19186 10350 17479 5388 17019 12475 10679 1779 11296 16927 6905 6111 15435 10629 3915 18233
12577 4781 5509 17486 16979 1856 146 8814 13644 11032 8037 6777 7799 18939 19714 1181 16640 9150 652 1175 1970 14997 4514 16605 3801 17185
13124 14736 17292 13119 10698 11044 10164 8543 6683 2652 16961 14748 8040 13500 18038 4151 4862 4223 14100 4792 13044 18995 18649 10482 17575 1190
1104 6035 18044 11239 5693 2137 13179 6015 1725 7707 16901 12657 8094 7005 14897 19569 1358 16567 357 2869 11490 5364 3740 4335 12386 6168
10709 660 11672 5589 10361 15142 17316 8039 15860 7765 13427 15742 7772 5261 11170 15430 17194 9595 10180 17445 13619 7026 15866 15155 7042 4597
7930 19009 10598 11136 19326 15922 4238 8728 16907 9142 13583 3764 10261 8854 5768 19784 10767 19847 14032 13039 4846 12811 7799 14312 17786 575
19404 8036 6406 702 8319 9651 4653 5200 19922 14761 6483 5208 18170 6372 3543 13723 15310 17424 9546 3177 17618 15267 16313 15252 19347 11036
12847 5482 12920 6193 4401 5492 3079 12446 16622 19473 3610 7835 10206 15327 1372 1397 10610 15991 1358 873 18364 8414 12841 8133 19622 19684
1815 13329 3926 17748 11244 7765 15429 19357 11715 5813 11460 4865 18557 6949 13683 9644 5919 1272 8415 19198 17721 10175 4392 5051 6250 1268
18543 18197 2040 11071 3800 11271 1452 3879 9216 305 18247 12852 5747 6274 11263 3776 9473 10488 19015 6118 19378 11641 10078 8340 12009 9779
6850 2439 10261 12897 10245 3484 19973 2733 16729 5561 16957 5063 5502 8353 17355 4576 15557 4466 2716 5425 6038 15425 15862 10020 498 17009
19591 5621 16086 6701 1851 18923 11973 3868 12424 3637 3606 16260 585 4531 17589 19220 8739 14547 10203 8980 12560 13017 1273 12861 18906 12137
15652 6731 19749 12289 7450 3431 13245 3248 8419 13648 6501 11604 11936 17072 5043 13695 2299 11619 17729 3305 5896 11039 348 4188 7698 8659
7104 8535 9446 19140 9887 12666 2448 16358 8034 15443 12745 14723 16264 3248 17612 6837 13331 2839 11683 3502 683 15318 481 244 1215 17345
1267 4042 9526 18830 16399 6480 18768 14146 10013 5838 5171 15362 18354 11309 4790 2722 7424 9906 7109 15343 4847 2828 8968 10154 17034 14439
5672 9994 9079 14481 8456 12640 626 6363 8541 2345 7913 6446 6186 845 19549 11216 2692 9952 13811 18008 17039 4696 659 17592 11434 6755
1629 4542 12053 1718 18718 14059 18362 14363 12240 8115 14110 6016 8863 16378 9351 1906 3058 19036 12615 14310 11124 7804 10984 16915 7323 11131
5449 12978 2229 17870 17928 3155 9983 18872 12906 8681 13163 9337 3638 15742 17470 13793 3223 12485 641 7720 3633 12141 14597 8543 6536 9517
7016 8702 9628 11114 17925 11458 12965 17299 18090 12316 1572 8506 7284 11475 2563 8772 15661 16155 3032 5403 17559 9762 6696 9232 9581 4163
14817 952 770 16353 19796 16811 11695 13804 17663 4444 3563 9908 8703 19686 12188 16229 5914 722 6120 3747 7124 12166 10193 5255 15256 12593
14165 2220 4603 11741 15661 4075 10843 13489 19538 9795 13235 18024 16173 4330 2692 1188 18152 18321 18656 6435 4809 18197 6694 6729 1599 8084
4109 6392 17952 10804 9799 2473 15420 2254 10009 11256 501 10713 17607 17754 18468 13859 8305 6902 15955 3396 1342 7375 18600 15677 5355 15468
7734 7471 7435 18404 7472 5426 16568 16628 6868 10025 17672 1401 6767 18928 2529 5581 17049 12786 17620 2085 12606 13496 14937 5485 15314 10517
13112 1009 15852 19795 8701 570 18399 6422 13961 18733 18460 1723 15353 2356 12389 14000 8836 6035 7489 12751 4072 10923 5809 16177 19204 1789
2267 16525 12007 11695 9416 17552 10747 11876 3258 10563 4094 13025 129 11145 5734 10150 13381 8737 4340 4481 12718 14925 2916 5690 5781 18958
42 14444 7131 1607 19368 10656 15584 19507 12147 17913 15282 4622 6387 18210 19699 907 11220 19080 16580 11318 14521 3581 3398 3186 3790 6662
3645 4874 16057 6339 7962 10922 8313 15379 15940 18827 14703 4539 13841 3783 17291 3170 10018 11472 533 4603 4743 17387 4432 15634 10615 19207
12235 4052 11638 2534 11946 3879 7887 14730 2559 18794 1682 8810 13563 4463 4506 9718 17922 6141 18529 17664 14843 14208 7547 6162 5235 14380
10106 12213 10920 4537 9452 16614 7944 11906 3822 14088 6889 12121 10295 1812 19720 4420 3133 18523 7944 4480 331 15491 14026 8715 12019 17832
9452 15522 11174 4518 997 5034 411 8158 5545 10486 6428 13140 15047 17524 8253 11458 12423 16847 9979 146 18630 531 15197 11238 11638 16242
13747 6513 1316 4075 9286 17736 16193 14973 10697 1731 8542 17957 15105 15130 3479 15835 6784 13180 11353 1751 19653 5766 19235 18762 11610 1856
9200 16133 10810 15526 11852 4307 1204 8931 11056 8033 9752 5852 12999 15105 7130 4661 2073 3762 1513 6044 12889 14975 6636 3065 8930 13739
10632 19568 10840 7522 1518 1812 13831 19238 18463 4172 4630 11555 8447 10671 6649 7734 12233 18737 12601 15074 14266 17857 19399 2412 10911 11227
6654 17187 13073 15890 5705 8378 12549 7267 740 7454 10130 3096 11622 11657 4162 4730 3413 13375 4567 11945 4823 12743 18838 12442 10440 1463
10060 182 15754 15572 15927 15894 11173 3946 13747 10671 15613 11901 9938 19545 19872 3473 16047 16357 4428 3516 15376 15547 3348 18447 7401 2959
17730 19862 14952 10413 12317 3341 16931 13656 8875 14624 6838 7848 18366 6763 6550 7013 323 978 9806 7326 12943 4512 15256 15114 13209 10112
628 17977 11500 9277 12470 1080 59 19382 19876 8196 3140 828 5 6957 6130 6433 6987 15923 7020 11637 3650 17938 14355 6737 18359 16517
11938 8852 8379 8083 8353 19036 7845 19944 1452 11883 10085 8186 4733 603 7609 18184 11850 17184 12647 8336 6832 1537 11788 12100 13532 7279
18024 17566 15908 19918 708 15624 19128 17819 12300 3301 10349 4736 18635 18801 2094 3073 11028 13352 1914 8989 9438 15250 4632 603 10130 17940
8142 6995 2124 14516 58 11921 8402 18132 9447 2972 13891 6471 19461 1845 18099 18173 9282 13447 13028 19306 6861 7684 17581 11856 13568 4971
6036 14240 14008 16872 19685 14089 11863 18646 14325 14 4659 15196 16930 302 16454 5835 4112 11762 17934 15500 18818 2943 19459 2159 9281 8583
3098 889 11059 19001 2193 1562 18614 6665 10871 12180 2169 15146 8381 3120 19103 3729 5974 18660 7630 9488 10694 17594 3400 8721 11554 5214
12091 16004 1479 2598 997 4115 10718 8949 14282 6224 117 14928 6348 12204 1033 15868 18005 1819 9383 1591 11758 10459 14444 19522 8722 6381
11101 2546 15255 16153 7022 8860 19621 7444 9433 15291 5412 4021 7148 10700 15457 11964 14727 13054 6751 11187 1769 8287 13209 13076 8246 3667
6435 14285 8314 16217 1938 19540 5003 15867 1647 877 15690 3129 9797 3766 17634 6842 15157 8393 18785 8136 16099 12059 14892 15874 4654 4183
14533 2424 4561 8774 18842 1696 2425 3986 4759 5431 179 10886 10134 1784 6183 18563 12585 1419 13184 12791 18996 12430 19542 6675 2553 12403
5800 13686 12784 5787 2667 5682 14081 1841 1464 395 6295 5254 14904 16679 12098 17783 10638 8328 7844 8489 2744 16589 19440 16801 7582 4357
17125 1375 14838 6772 15540 2046 3364 4317 1468 3479 12752 10510 19131 2665 3183 11431 432 846 8186 17347 8641 9019 10053 3180 12879 1526
5813 18132 17931 19265 12084 18143 8026 18083 11108 6780 19115 18673 7578 14848 12835 14760 16536 7907 19819 13338 18862 8861 4273 6040 4970 4896
11882 13866 15306 13030 7201 16413 14596 7012 10515 17495 8967 5144 14248 6463 5031 3352 3858 16623 13209 10601 19813 14020 16194 7048 14188 12170
6041 6042 16964 6917 4371 7239 5899 8130 4476 18722 9871 3866 8314 6896 10077 14867 3725 13557 11380 8123 5229 4631 4270 13514 10244 13012
13363 15219 17730 3173 2405 4289 12436 15877 18292 2680 17804 3111 10443 17556 804 13655 13753 1034 14695 14258 13742 5072 5762 6832 11330 6550
11846 13442 6823 6718 17483 6144 12270 2817 14773 7067 6564 8232 13305 13969 5275 5551 613 6015 889 12537 495 6305 17119 16140 9242 5905
15421 4063 4650 8816 9922 250 19062 8102 18070 13904 3602 7095 3741 14440 10410 18292 4485 19496 1076 7382 755 4075 12830 8397 15164 15588
2304 8440 9182 16223 7338 12138 17555 19205 18312 17806 14610 17634 14421 14971 9382 4194 19668 2694 2346 11428 16327 18743 15943 11389 15477 10082
9581 9358 6159 15951 19272 17788 3985 17449 8495 3847 19690 6437 9794 9042 18436 9714 19401 13138 1775 8500 18243 1403 13845 11737 12033 8371
665 10011 15889 15229 3684 4326 10356 16535 4819 8915 16435 11528 453 17858 17764 13039 1534 7242 3336 3203 4009 4228 991 16864 10976 13602
17090 16640 7328 3071 1228 17550 11379 16178 4673 8570 12414 17444 19923 10486 18817 9548 12435 14936 8263 5438 10430 14409 19924 836 17103 13885
18478 5397 1816 2947 5178 8829 9523 430 17973 3132 19825 7365 16817 13413 5172 12401 6717 18052 14641 19844 19817 18729 13310 12769 3434 6845
7934 11445 13807 1386 4765 1406 4646 10265 7963 17579 16265 11068 669 11999 10633 18393 10192 3365 9665 18231 7708 5567 6770 3757 17114 12884
12670 10760 717 7245 1692 5376 15436 9764 1710 19339 14776 8074 9931 11106 19698 4338 18063 10494 17679 3604 16547 16266 16106 19705 16210 13251
6169 15125 4744 11918 9484 17548 2686 1007 236 17875 13748 10778 12972 7510 16525 1099 6354 11095 1103 17324 16233 11341 6238 14367 5712 12984
12574 7231 8250 27 13053 507 10527 6000 7259 10796 18054 4316 11485 16370 13717 5253 6688 11397 907 7889 12419 185 2361 4351 15907 15623
15779 19381 6416 17201 11912 5360 6251 346 12053 15459 18498 15434 18381 16914 14389 9888 11649 13402 11834 1461 932 17538 17362 10779 6769 775
12113 5754 19388 19283 2695 4555 15078 7537 9133 13789 19401 2706 12996 4631 12308 10570 3031 9060 17317 2267 50 14541 13996 1897 19757 11756
