365
87 4 12 21 8 77 44 41 100 70 53 59 54 72 56 66 41 71 70 56 18 52 50 8 53 36
4823 6423 4667 10160 6914 16493 6804 3383 3257 12690 2140 8590 19896 12192 1333 2061 3072 7159 998 4755 8166 8006 8960 4931 15693 2639
10761 8635 17529 16985 13657 1096 8359 2792 4037 10053 12990 8927 5051 16006 15399 6278 9093 17468 6086 13165 7095 8956 13553 15888 13800 8473
18451 2119 17451 11576 16619 18706 12478 1833 2609 14465 14246 4154 4019 11926 16170 6818 889 12812 12468 8046 8474 14588 4972 1925 9329 3770
17930 16471 1894 16358 14712 19222 6460 19924 18007 11258 2712 4082 12859 5439 18214 2087 2398 15293 4484 17661 15919 18965 17535 11121 3974 12478
12644 16405 8316 15899 7854 1676 5123 3025 9450 224 2422 4434 9071 6177 3626 9569 6776 12000 18814 19204 174 15884 3556 17925 10164 18707
12078 405 3923 17815 13212 9589 18859 17973 10231 12706 8677 15677 12838 353 17189 16175 18814 5321 1356 4940 10790 19353 19768 6901 15038 11431
12702 10734 10028 2308 13125 1771 4558 10766 6403 11462 11876 5499 16107 14407 9717 11069 4796 13589 8909 7670 11037 4704 3212 11926 15159 12195
16058 572 5625 8329 793 3260 2832 6339 5820 15982 9698 3679 4662 18880 14325 3170 3287 14996 11660 17105 7236 7562 16546 9677 10192 5458
11885 17175 1817 14500 5274 8072 9749 14563 16296 8557 16590 3288 11000 7574 14607 6967 3577 8757 4351 17972 18141 14187 3279 8819 4050 12081
9776 15323 1095 11871 1273 8377 3577 15804 3394 8237 9448 11218 17603 3172 6728 12316 8655 432 264 13843 8667 14798 7082 8473 2366 6517
3648 5121 8991 2651 16863 13445 12273 13120 2278 5967 9256 2347 11606 2714 643 16462 19749 11011 278 2729 13706 6306 11374 17424 5302 13095
3863 8193 2714 9706 11314 17660 8406 2962 1926 7536 9961 13619 6297 5328 658 9075 3701 15849 14844 9985 14161 17369 9584 7919 7665 12855
5099 12353 12080 10321 14296 11989 561 15076 13900 17829 10601 2419 15476 1055 9792 11484 2154 7750 16639 18729 13475 11707 6766 2226 3273 6283
21 19136 5907 18999 18070 10362 9696 350 6385 13206 7760 349 3142 6711 3220 6005 11196 4833 7738 4815 17159 18124 12260 12728 18699 4044
5194 8330 16598 8013 4687 19461 18972 19413 18589 11006 15555 16838 6068 7563 1925 19663 14516 8907 6713 17019 9703 1690 6535 10641 18263 10262
14241 822 13199 6451 12844 6247 15706 16768 13951 6414 13464 19882 13274 11262 7922 13363 10406 1732 2988 12407 14929 6309 15182 4267 12116 3513
19336 4322 17119 5154 13805 2153 17898 13061 14997 17195 9919 17696 10379 9268 19815 17835 7721 6762 17568 19315 11719 15955 300 8820 1456 6161
9391 10893 17290 13499 9094 18672 16241 18185 7618 873 2551 13361 12791 18780 3521 6857 12622 780 5599 5846 19812 10757 2248 12113 14248 12468
6541 15006 19761 5039 19587 14952 17973 4982 16134 9270 11434 2713 18364 610 15894 1223 8466 18094 2279 16924 19750 935 8597 6940 3460 12275
3218 10947 6830 9894 13302 9163 15753 15490 8459 2419 8216 4306 19111 11759 672 9599 8657 16008 5985 12961 1894 4164 13912 10030 104 13568
14238 13726 18547 16001 16978 18327 1712 11773 15138 16157 17619 13611 12987 9062 5189 7262 16606 16199 9347 13474 16171 11300 1330 4691 10138 15455
8167 9962 16676 9724 1452 942 2850 2575 2289 6935 18104 14655 4217 11709 669 14001 2121 13853 19986 10688 6244 1967 17264 9617 17236 13409
9262 7470 14537 8422 5848 15789 1090 8983 19846 9798 9666 15353 8780 6296 17984 12397 17409 2329 1324 13490 6823 7613 16187 11920 5949 13572
7107 18155 11546 7121 19863 14586 14681 4765 7651 5197 5995 316 17298 2908 1825 10087 6357 16331 6582 16429 8299 15145 11042 15509 7716 13208
5393 10662 14692 11281 107 14366 7439 19067 6009 9099 9017 3169 13760 4128 18827 18879 14461 16496 2830 14740 11595 8095 6409 8761 18937 12852
333 5789 7087 14554 19028 506 5760 4978 7459 16172 18106 6449 10511 14666 15682 10661 16560 12940 16562 835 5120 10063 4694 2540 14112 17087
2892 3150 8870 17031 6167 990 3511 6938 13690 10250 10083 17099 900 2739 15015 15289 16691 8866 5339 17614 16598 6431 9111 10858 19802 19417
18071 6957 11831 14690 12887 2274 379 9713 19318 10330 9686 11255 10647 7989 9142 13281 19876 19926 16714 10424 13347 8769 2673 16963 5766 7672
18465 14347 11972 11480 1565 14329 19572 12313 11835 5663 17640 7002 5706 3448 17991 18228 11624 3370 3229 1243 17254 698 12018 12302 17262 12325
4143 13089 3637 17995 17392 18374 18820 9166 3023 10336 10800 13615 14539 2202 3050 18912 731 6300 3361 14399 4036 2232 1996 348 4644 8665
7224 8627 12835 16177 4194 15387 9183 18594 8973 7334 8149 4970 1302 3581 10110 14503 12954 9945 10746 619 6110 7003 8591 6221 9434 19748
4248 704 14587 10574 14790 16831 16375 2716 7052 9575 11140 4301 17958 2119 10057 208 19452 18673 11481 2637 14871 6210 1246 3920 2602 8533
5585 2078 12914 8697 3173 1592 346 5745 14318 9066 2134 8012 9448 17083 13161 90 12207 298 6121 856 19246 12994 10643 1426 14999 13734
13730 9878 14245 9639 16694 8880 18106 15872 3405 8451 19785 19680 836 9109 12683 15733 1283 5839 1057 5621 12421 13742 14309 13701 17126 17459
19845 7577 5273 12280 9224 19908 627 19981 8456 7895 3061 82 12847 2128 18556 13920 14888 9211 14506 19229 14040 9344 5518 13485 4112 12418
13380 5378 4439 7997 809 3000 8933 7434 6575 2964 6012 16755 6166 3696 835 6073 19426 3122 14482 17573 15996 7733 19555 7990 16453 16327
11444 2356 4994 18116 16428 8572 19456 18517 9594 8402 15961 9799 3265 13323 13857 14015 14492 17807 8897 13376 10796 8682 19551 10902 12533 3550
13484 15964 1172 2461 8872 16278 7055 5097 19177 18455 12319 3542 15652 8992 10396 17583 13981 11376 3626 17289 8528 10141 9238 8536 18271 6209
6725 13642 15928 6616 5237 14495 8787 14394 6502 6651 17137 14731 8430 6166 2081 293 4336 10231 105 19773 14984 17729 18811 16508 19337 3257
13930 12599 16297 5173 12196 11551 6563 17577 16383 19301 2736 16318 7546 19320 11151 8267 16139 5517 14950 419 5877 14546 10905 8714 5570 14254
17964 4839 8868 3955 4217 15846 7219 8483 10780 14321 6783 8033 13884 11419 4553 6722 18510 8609 17088 14059 19562 901 16204 13277 12077 14922
15584 4797 18451 1699 15972 7700 1923 19928 10740 8900 11842 12164 15012 10597 4672 17223 639 634 11850 10928 16305 332 2786 3637 6451 7942
8159 4468 521 15228 4298 7952 15198 6823 4742 18559 12410 9039 6299 3469 3143 3142 9849 7708 5358 9768 12276 3555 18643 8606 9357 17960
353 1787 12419 17325 886 5619 11509 19385 4788 19326 7929 10217 3096 14793 19540 16343 11796 15932 18389 17319 12777 16814 12814 1296 15783 4238
13585 11007 1312 17271 17243 8158 9659 18510 19753 12913 4359 16145 19795 19473 14571 18230 17975 15436 5603 13720 9122 7864 2035 587 10928 11428
14280 7375 12862 6822 7447 7731 11107 8448 13183 8218 893 5432 12595 17648 15821 1604 5183 9912 9416 11898 18382 2831 18741 12609 11225 10449
15553 14532 7064 11962 15585 14469 9486 10737 4005 17727 7369 19712 15545 11585 15155 15965 1021 13521 5638 7513 16013 14785 16295 9557 14897 14609
4214 11346 16722 1578 14831 13678 14811 6634 16149 11652 2604 7726 11692 18624 2393 5451 19638 10139 1454 11631 9261 12343 10198 10605 18156 10635
3084 1955 14400 9035 17313 18611 7852 1511 5095 12877 1548 19619 19656 5874 12638 19082 3175 7601 10079 3872 6367 3975 15877 14718 2734 17752
10688 11736 6870 9748 4997 4393 8359 17279 18956 14058 19202 9281 639 6320 18475 15198 5228 14792 6631 10278 17606 11207 19163 5475 19484 12118
13031 7297 13335 18485 17505 2328 19182 2334 1631 18352 6863 14236 16578 16847 18665 2031 11402 14929 13502 2221 19414 16271 5019 9867 8188 7422
2538 19484 1887 15875 8549 3295 18080 18452 5683 13150 17944 10612 7201 14935 6005 15153 8059 13906 11569 104 2981 1456 5784 6793 5861 4567
13624 8035 17942 15801 6067 6203 1881 9578 16314 1947 6657 765 15695 5338 2632 14303 12602 7074 6471 13377 7744 10869 18986 19643 8033 6467
13951 13243 3360 10174 19872 6173 7657 5119 1921 3593 3049 9305 7299 4640 1072 12766 15094 3196 9554 18368 14259 7378 15189 16791 16516 8339
7257 10504 11924 1327 10199 149 18957 8180 10653 19993 16768 1855 18846 3088 2571 13677 12056 4520 12707 2920 15303 4471 4353 10048 8325 19842
2069 8044 8224 6292 10693 6588 15511 10682 18043 14411 8731 16389 5550 1319 10937 11507 3262 12027 180 6263 4988 15471 7693 18324 8110 16640
5356 12146 13349 14194 9120 10518 1759 361 9312 8093 1502 12605 9685 3648 798 16839 6536 10480 2390 9481 11580 8044 8186 14928 19666 15452
1035 8436 5740 19270 10331 2436 15167 18109 18248 6528 15959 10520 12854 10087 6889 335 418 6848 2270 157 1151 6210 17492 9992 8686 12497
13820 17495 3107 8913 12299 19128 3135 6183 7692 6007 11883 8349 8390 11491 4006 5467 10830 4969 6646 8059 18760 11830 12181 16922 17803 2877
12804 3566 15463 7617 1757 12333 7530 16370 13703 1191 17678 12725 16931 16902 12239 12509 10857 13057 14607 15902 18267 13177 1403 17271 8398 8614
9788 6122 10718 10466 16029 13634 10171 18634 10404 14809 5275 14408 2646 2548 15698 10405 8477 11883 5837 3164 10193 11047 4810 17509 4818 17100
14168 19347 18233 17228 9981 12248 488 6675 5757 3429 1412 16502 15867 19109 16167 1896 4062 15526 10954 4782 461 4088 13064 392 11769 10999
9772 7882 10064 10380 6290 12044 4863 6936 2954 7059 16737 12796 1791 2057 1404 8590 16392 9328 12775 5002 13368 13389 4190 3673 16820 1896
8301 11148 15971 8485 6160 13898 7038 13632 6213 19815 13018 3313 15425 19187 18243 4486 2159 11256 10425 1625 7626 18706 13714 12168 14462 12378
10066 10963 11616 12625 2300 19317 879 888 5507 10025 1669 7708 12379 11997 4836 4629 9447 7854 16003 5600 17588 7118 9398 8317 16134 3356
9160 7685 12731 196 3056 10435 8128 4824 1299 9905 6632 9296 7556 4646 14936 10366 15140 19325 5813 3962 10373 14146 1575 16645 3350 1590
10420 5873 18678 9799 13422 8082 10466 12221 8394 12506 10430 19177 12466 5709 2746 5730 19280 19711 8822 17341 12887 12536 13839 2193 12132 519
4362 10024 9348 18704 4476 12957 16863 13220 7196 9772 15453 9086 2260 8783 12587 9541 6521 2341 16238 18250 15894 2716 154 6582 16401 3189
18704 14195 12513 9834 2604 7516 16390 11996 4887 9462 7221 11107 294 13927 10311 11347 19686 10441 7154 17478 12598 2872 1688 13052 6276 6644
9420 3871 2351 4969 14142 13953 15292 5607 4473 12702 17772 8478 6952 3705 16067 14416 2985 1089 10536 5041 10017 4188 202 18829 6978 10054
19192 1641 12134 11865 4020 409 9807 7780 8701 19808 2115 33 16037 8251 11376 18683 1889 7908 5018 17235 14242 4389 19859 12001 5236 9164
11442 8959 10897 15910 9581 1407 12440 10677 3410 6106 11423 1657 808 13190 18873 746 11915 150 11699 13391 6414 5648 1873 19708 15976 8263
2230 16493 11943 4099 12959 7103 11419 17230 12782 15527 17049 17498 4743 11998 19363 17961 15132 2132 5006 19988 15377 6999 19645 17876 15229 2058
17164 10520 16727 9325 5812 6988 15091 17902 13363 17966 9660 8322 19020 2074 4165 15906 5285 11855 665 7324 15122 17818 8516 6900 8964 19562
2328 11324 11301 2036 15168 6320 14285 7179 14357 15057 10071 12551 14904 18603 721 6387 565 7168 18013 4596 2710 6035 7350 7314 18707 7034
9001 11099 4061 16232 15817 3487 16584 3529 5170 19053 7365 10020 12748 6917 4708 6884 15902 14815 15427 10514 5500 5505 328 763 6654 15403
4390 2373 12338 17624 15298 4172 18846 11707 14433 11865 3240 13730 5500 11863 11961 18213 9210 9278 19114 4385 19819 4945 12391 19112 4091 18453
12760 19874 5548 19071 16370 6372 16425 7757 11592 19156 4883 3371 11122 13104 13692 10134 16683 11835 16711 15722 15541 12490 10785 1503 9853 14468
15950 7851 11745 8051 899 2776 11228 5781 15208 15452 13610 17116 8391 19410 11324 15663 12798 14808 17104 3619 19578 16787 18403 8136 6089 10039
4569 16669 13549 16395 3319 3066 8430 6315 5465 13189 15657 18306 12885 14820 11037 17557 6840 10459 12134 16911 3511 19203 13810 19942 10316 9226
13613 661 15738 16336 6968 5560 8040 11453 16043 4179 7649 5362 8069 12306 9415 3107 11077 13662 17232 19417 976 18137 15149 16168 8566 17217
13387 3051 18675 4677 5735 17559 9422 18933 2774 3695 9318 18707 10575 11597 16102 17276 7779 5338 16516 16782 11852 759 15631 18065 14584 17126
13867 14709 775 17522 7802 10282 16014 14593 14257 7470 5666 7755 7507 14328 3671 18995 5011 10087 18301 19793 16787 5558 16409 4482 3059 14462
2897 8109 8368 7305 10659 1800 3806 18522 14342 18537 2214 10421 812 18064 19617 1767 19673 18168 17460 17217 2588 13757 1443 11449 12289 3063
3657 9723 2376 18078 5520 4089 14714 9851 15643 17706 15891 769 125 6147 13243 4647 19263 17372 9841 2788 4665 12808 9355 13068 7224 6907
11779 15140 9326 14603 9707 13875 8800 12930 11000 7328 14003 16750 18656 16822 5872 6385 1143 2327 7415 279 17591 12561 13220 18631 11991 17386
11359 8062 16194 10342 8819 15220 13327 1833 6541 14072 16055 17006 12169 4490 11728 18458 15372 11866 16514 7873 7547 9943 12387 5692 2391 6381
12573 4264 2133 17794 3426 19109 2599 11664 13007 4741 13038 404 11482 1202 13536 2316 11313 10056 30 18143 16202 18664 3206 5956 3090 7258
8106 13983 19493 6459 18403 12680 16309 7829 12180 11794 15697 17235 8682 1433 13755 15460 1965 2818 14190 15130 6045 5603 13492 6897 11793 16403
18860 17792 13432 12768 13862 16897 18363 1304 834 2918 3645 7474 10251 16643 19572 18961 10044 766 15712 15784 1479 10159 5855 758 15436 11259
5546 2635 14473 16164 3765 8035 8958 10786 6687 19860 12211 17796 9711 2166 10630 3969 4318 19809 4858 2104 7017 10752 10513 8868 493 14513
7906 12931 4838 5819 12705 9312 3494 3027 5685 14490 13655 4689 8284 4718 13480 16973 15498 14148 4353 6959 16884 1993 1879 297 18773 5763
7320 2442 1358 6690 9808 17180 18680 14633 12154 2397 17602 18263 5286 550 19235 14739 2128 17406 3003 6125 13846 7832 15405 10803 4886 12647
2296 8546 7704 7484 7588 6634 8164 1095 13994 565 10334 7171 14294 6426 16964 10586 1583 1174 10044 12482 12800 14226 4948 19506 6019 10067
18847 6538 9676 15385 18367 968 17160 7800 16306 9091 19228 13530 5274 729 11010 12354 7057 10866 15195 13064 6463 3582 6781 8493 11678 12552
7144 9101 17934 14230 14990 10062 4037 18812 10514 16224 5282 10224 2519 13654 13558 19119 7780 16108 329 14407 16429 1585 6772 10538 17687 5925
8195 8012 10740 1041 5402 3692 13496 17532 15190 5428 4310 14541 9923 8214 15953 12847 1061 5092 94 1787 4113 439 13542 18406 955 19089
5573 15021 2733 9145 10472 16803 18938 9549 8515 12339 17534 5496 14780 1638 13743 12194 19444 15794 4179 19978 6203 8151 8973 3479 355 445
10991 322 995 757 866 9419 6488 12469 17943 12685 6254 8607 19060 915 16024 18699 2339 867 9024 18945 9897 4834 15928 19704 6470 14757
3604 2550 14723 18207 16124 19491 5627 7695 18902 7829 11726 15896 2452 5423 4431 14384 14803 3821 1120 10952 16753 14382 13161 3031 5469 16184
13482 9383 8440 565 16965 3478 1888 16992 19813 18994 10668 5082 2133 17950 4997 7295 6924 7523 16210 8884 19909 8254 3503 9676 1502 12848
16781 11955 12095 6910 12471 6374 7887 4335 16621 8603 3864 16584 9176 16029 8118 6545 14329 9776 4275 2648 13722 13078 14938 17856 16236 16635
11699 7786 10972 9049 3707 10022 10751 11578 12022 5763 3190 209 17562 18409 1402 7645 2599 6056 12092 1759 12706 905 5949 8818 16899 17400
9042 8059 5365 538 16328 12704 6365 3343 14263 4264 11467 2531 8001 15220 17167 17814 11390 2588 18963 14178 7187 2180 4987 13764 5754 13
18255 1641 4630 8581 5619 13581 11643 7404 10042 16977 2411 8756 15920 17094 19739 17415 432 19945 19422 17764 850 9682 15186 9500 8393 9573
2558 18717 7695 1420 2034 5082 5910 13839 4478 9913 17625 4053 12119 16540 9071 19494 1126 10337 8457 16219 2989 9592 5358 4949 6686 12902
18553 18092 3822 2675 9257 2185 14485 11396 2591 12245 10664 16525 14631 13398 17909 13924 14844 11177 18526 17319 17048 1008 15933 13922 16053 6365
7408 14374 15001 3546 16194 4033 3761 11369 3604 5196 529 17914 12852 15422 13486 8652 14855 17839 8580 5515 7844 12108 1056 5170 11996 17793
3999 811 4917 2359 18701 16804 89 10277 10609 13926 19787 16553 15276 18996 866 10797 19902 18770 3491 17869 2650 4338 220 16999 18501 16138
11405 14497 6473 9266 773 3834 3100 9557 6851 18844 4366 571 10341 18351 7474 14957 15203 2366 6408 7674 8601 14774 18264 4312 1088 15592
17730 4266 17506 2533 16607 10689 754 10700 6651 360 9283 16708 18091 815 16178 10672 10779 13286 8908 1073 10510 19854 8541 13387 18048 15441
2024 3948 10303 1026 804 7951 17925 9892 6115 11128 12549 19953 9836 18724 6930 19050 570 9793 11604 12673 6331 19488 12514 10864 8018 5728
10408 6835 14842 1605 19193 5964 8020 11299 2343 10089 19069 10746 5048 2060 7381 13002 15750 9956 12860 19540 5453 7023 18683 5388 11351 18219
15391 7616 19660 7844 3326 17193 9237 3738 19024 18120 4401 2916 18698 2749 9148 19833 19265 15031 527 2179 10719 11765 14911 13973 11656 178
6665 2891 18087 2200 12775 13784 5790 16325 18432 12130 7762 10500 1575 7882 9395 19903 16035 1684 12489 3345 7134 12975 16423 10719 1530 9441
7967 11284 17393 12921 14804 18954 10662 11300 14995 1615 12482 12208 18007 13666 12228 12590 5730 19992 10096 3122 3598 14087 1756 224 9371 14241
3382 2237 7070 16908 9692 12626 8662 11775 3817 16406 6543 17907 3780 996 1343 4696 645 11068 13571 9494 2401 12983 12383 19180 2142 77
7045 19853 14453 7303 19481 10310 18379 11213 17780 5572 7506 3564 3481 8006 570 5967 6229 16035 16380 2082 3728 12865 678 13001 1334 13185
19531 6493 13325 17321 2815 17136 1473 8882 16498 3784 17763 19275 9630 3413 19431 12361 17623 1425 4828 2523 19994 15444 14991 6286 17180 13532
6992 13188 10605 6840 3506 17790 17917 8612 3204 3552 768 10957 11424 13321 84 13244 2174 13210 2872 3049 3154 1222 3340 6004 17404 18164
2145 9137 15616 11935 10508 10667 8732 4148 9529 18649 13065 16073 6533 14079 17213 1516 3536 13050 13454 4123 2781 16920 1244 11190 9224 12377
13880 1937 12996 1086 3471 18553 1231 8106 14584 3245 18061 2491 17764 12785 9526 4471 16678 1453 16886 4987 8970 816 7306 5446 1088 18151
18389 4274 2279 11777 10369 6334 11055 3174 8124 4274 12882 14415 14545 10275 122 16029 7683 14615 7190 17483 7171 7625 15948 7783 9297 4854
16200 15696 15145 1551 11041 18159 15418 15448 8931 9276 3661 950 14258 12736 9652 10861 12510 17328 19340 10519 5313 11722 16405 1682 12575 8839
19041 700 6266 19400 14621 18772 17370 11122 10420 10975 7713 13315 1992 13210 19272 11572 1475 19690 3388 9901 16396 12462 3292 5939 18867 8348
4201 6864 8085 18115 14263 6098 10753 4533 670 11897 3924 163 18705 16617 12919 4537 10885 18941 6162 19835 12363 15159 18611 7860 19433 14309
10483 4539 3667 10827 10296 16181 10501 8097 10844 18477 18210 13178 8502 13741 19085 13941 6797 13492 9590 2463 17814 13519 14839 590 9671 19472
16012 15042 8323 10643 14445 14693 2448 10855 8237 8074 3756 3407 16381 10237 1555 3950 3917 17902 11807 8162 11698 2834 12337 325 17387 10745
18303 14715 12455 800 842 13825 18468 8542 7719 19741 9485 7606 17836 1874 3990 9091 1638 8385 16086 19548 2083 12847 15022 10290 3164 4317
2640 17495 10427 15645 15758 4156 19033 1931 17535 13564 3329 11402 14940 3727 10215 11605 15867 11253 5895 16407 1368 3719 9759 11491 919 18825
9396 9077 695 13485 8645 5733 1642 9439 13295 6235 9488 19128 15939 7395 12706 13074 19608 974 16647 19827 12274 4062 17216 6708 10458 9169
7279 5099 8950 14921 11341 1047 7166 13911 10915 15218 542 2263 4055 6631 17151 1344 4763 16580 11787 14575 5757 11140 12265 11004 16548 16750
4190 2668 10672 8631 19724 1321 3759 5800 8989 365 16672 13549 1468 9691 1436 10938 3915 1174 12381 2225 17223 7045 3836 3719 2535 9719
11639 968 915 18335 14114 3718 12646 16682 19787 14103 19803 9595 9811 17966 17032 19541 15937 12560 19518 6407 11020 16600 7000 2264 498 16955
16793 12616 5578 11235 17224 8401 5118 15505 10182 16948 16725 13434 5810 2699 7923 12556 3074 5249 11872 749 425 15372 1554 19175 13402 5742
1146 18629 19772 11130 15865 18433 3214 15273 7373 16871 2062 12209 9684 4850 12708 18968 598 2920 3223 18311 19529 6818 302 894 16442 19982
5044 13687 14609 603 9759 15724 3485 9525 3640 881 10620 10070 7523 15289 11526 9824 10391 13427 15639 5876 3897 18963 12894 12067 9853 15487
5186 14602 9530 2645 17416 8199 14669 17828 19792 1416 8324 18578 17150 17550 17486 16951 3850 10912 7368 19785 1433 8085 1478 10492 18448 11114
12867 13772 14558 11336 16380 15705 19275 17095 5164 3235 11546 13397 19491 7450 14212 8517 6393 4243 5548 18440 19774 3763 7078 11230 3086 3484
14197 7676 16043 8688 2536 5428 11305 8786 10826 2500 11401 19276 17589 8057 13031 19907 8183 16379 3942 1365 8077 19941 15478 3439 10501 8721
7068 18153 14439 2265 15656 1199 7962 2598 4669 4530 10189 18916 16359 13868 14119 12495 11148 16658 19408 12984 16160 11020 888 16650 2794 3307
9208 16024 13509 8924 5394 13697 2141 7838 1117 19598 11330 4097 16763 14935 11369 17490 19132 9945 15241 11625 3567 17578 10894 11850 9497 9027
9276 9109 9329 16870 4594 14311 3984 19789 17817 12785 15967 14270 15999 14066 6687 7372 16455 733 6646 4088 9410 5721 874 11361 2250 18160
13305 6411 19908 1266 2096 7828 2189 18538 1843 7194 14483 19809 10192 1840 15972 19095 15514 2141 13849 10344 19356 19054 10746 6156 14523 13826
1813 9306 16826 7585 4222 12615 19585 8674 17836 8345 8729 7193 2186 14392 8702 895 19921 9292 14945 16815 14799 13776 17694 8725 7982 15428
9982 13640 10597 8816 16837 14878 15944 17091 13874 6503 5017 17542 13113 2175 18476 5720 14242 16567 9769 18850 5925 3579 13799 4843 11314 3984
11667 310 10979 15769 5066 19677 5263 12650 11015 12334 19675 4083 18671 11495 4773 5410 12681 4615 4180 12380 2804 19515 6813 6423 19478 956
4902 7395 12676 10833 3911 17198 19765 18801 10182 4298 3247 18473 18114 17433 12581 2964 3239 7248 10224 3192 15636 5045 9927 17109 7197 15999
12526 3375 8870 467 7626 14728 5402 5325 10391 17310 12496 17419 5495 18148 11643 17520 9389 18230 18193 3097 16787 18416 17146 16956 1374 10618
3229 19806 4606 144 3980 9137 18055 3744 16601 1013 14960 19347 10123 11929 7888 9092 436 2373 11846 9076 17599 19058 15117 18184 14592 9406
15807 5795 3592 5024 276 18820 82 9539 1750 13935 8143 1362 5114 19432 1983 531 1835 2418 10088 13992 12287 1492 10666 2618 19075 547
14680 17314 8853 14695 14989 5426 7404 1705 2583 1369 3610 14132 16368 8099 1641 19143 13803 10068 10905 6999 4406 7278 19074 17042 6669 16869
13459 13333 16516 3336 7298 3300 726 15060 16144 5720 4632 15506 13810 5197 15154 7053 16015 18477 16350 19724 13697 17314 5945 2787 2835 11213
10671 7834 256 10340 18642 10853 15074 8147 1561 6248 10712 10835 14309 6291 773 5381 17077 1020 2506 17891 18265 8632 5903 6791 13253 6043
18079 9222 228 15629 12647 11424 1935 1595 7831 17057 16311 16021 11656 13122 9587 475 15824 14395 3617 1807 16784 3002 11837 18701 4072 178
2031 6698 10588 7173 14334 13510 17724 5494 10531 13602 6469 14478 8622 18840 18744 19397 10639 10796 3177 19312 13914 12205 18644 3901 3231 4782
1795 10386 10992 14465 10548 8419 18650 1680 10478 19226 13362 2163 17201 11506 18944 308 2555 11315 4749 1654 4532 3113 1816 5597 638 4398
19427 5606 9296 4278 3707 15001 3887 17771 18453 2582 15941 10082 6738 3447 598 13575 16405 5975 13388 17806 18154 4830 8644 18492 17330 10808
11382 7740 8366 17965 13457 3123 5560 3021 18697 12308 932 8933 88 11236 12487 1513 19532 13018 18955 12366 16046 16198 16158 13338 4683 7402
1816 789 19904 4495 19335 15748 7166 17534 19877 7019 16178 10466 2603 1570 14642 18671 9042 7662 389 5404 12307 12996 1112 5550 12432 6607
12294 9251 10980 10168 6291 19037 7476 17464 16643 10360 3710 8018 6982 2353 16233 6762 4315 9344 4631 16898 6636 12435 14692 8310 10635 11834
7868 11146 2964 2526 5274 17634 8134 17317 11531 6266 4596 10112 6011 1799 6836 18655 9247 19892 7302 14140 19294 19169 4379 5677 2147 13185
2945 4526 17249 12899 5539 11406 11501 2983 4750 13256 11026 5613 3576 6946 1079 16386 1851 7058 11922 18759 9981 14533 3659 6170 7413 1770
2114 3855 5712 15148 5037 15813 14855 10994 12298 6864 17325 10359 15783 12814 12705 1425 10698 3992 14052 17822 8799 10030 9230 15140 11577 7223
14714 7539 17837 12950 6431 3087 7742 82 14735 1719 14944 1717 19105 16658 5112 7514 5010 19766 3456 11076 6370 18102 17355 3241 4695 5372
4634 13849 4505 15339 13492 8601 9268 19987 3418 68 8598 19499 14581 12404 19669 12671 8488 15447 16754 3638 1891 6664 8050 15762 7191 13791
13372 18771 12922 18004 12415 7606 6030 1412 5825 14009 19099 9684 7525 13931 8205 6103 3686 18892 16614 15014 2239 13537 4988 10369 15744 13791
13210 15276 10856 7607 16861 4514 10641 10318 7038 18592 15220 8749 8972 9655 4253 9411 17405 2584 18994 16705 1811 8397 1688 9231 6008 18835
5132 3536 11805 14451 909 4116 4791 10227 14958 15408 19714 6416 14961 3284 13247 18027 9530 5663 14097 11907 2029 2598 3856 12733 13775 9890
7678 11354 7972 10455 7907 602 17962 9561 14163 3088 14479 10736 16303 7799 11336 2992 2489 10600 12867 19561 10371 15545 11210 17041 6453 7554
3384 14429 18420 8063 17548 9344 15723 19701 16125 14784 15745 10127 7845 7428 1532 11146 2890 6055 18876 4924 6174 6077 14620 4104 3809 12994
3308 13451 17108 17256 16356 9762 16197 2088 11121 14136 16094 19993 19240 13474 5855 8862 8349 635 15937 15531 7352 15966 17396 6825 14020 16935
9836 19986 9583 864 3426 13500 9837 1093 4893 5844 187 4415 7571 2210 17442 9706 9317 7420 9960 19580 19101 3849 7677 4200 7042 11363
12078 4593 10761 767 19823 11926 15997 5607 6010 10224 15259 19383 12244 14955 2633 19022 14937 16571 8532 17332 19592 158 11114 1435 17336 7998
16362 12348 19583 670 6451 12088 15929 3668 7227 10970 8955 18207 19839 11870 18321 1600 11760 5750 13571 8021 4986 19056 3607 17729 4461 13806
8996 13743 17583 13799 11964 11549 15351 19732 8044 8846 6392 8914 18262 8621 7 5653 4756 1292 4342 12103 11498 2680 1742 17513 12779 18695
2549 11040 11108 17628 738 8021 12139 7064 13932 10970 3430 18909 11814 5570 19879 1151 19894 9251 5979 19058 432 12802 2062 10612 18254 4665
14142 17041 14478 8636 10292 717 8851 13690 4674 8402 14953 5681 3158 16700 18485 8920 13651 9780 14039 15533 4330 6811 11741 19711 18763 10857
15806 17255 9824 9714 18926 2529 7762 11205 7031 9397 7544 5300 15416 11759 15417 8925 10354 15767 19108 2264 19963 1402 4489 3932 9211 5319
12850 15972 18027 9009 11285 9717 16231 17779 4072 5917 291 3505 7337 1654 14943 6089 4893 8189 18460 18592 11694 15432 13231 2219 1420 2408
3042 11121 19422 11816 7933 15854 8558 10406 2038 9745 14237 14890 11221 16164 19633 19031 19720 9185 18208 4543 10468 13566 1380 19878 3959 44
7630 2021 18976 14274 11230 883 15144 14989 9451 9410 7146 15747 12699 1078 4169 15887 5311 946 7685 2103 19801 13933 17064 2468 15950 19707
4258 3467 18252 10977 9209 16010 6317 11295 11305 17176 1256 8649 1817 1184 480 17021 78 6570 6039 13590 10507 639 2320 15727 5127 16800
9446 1562 14152 13918 4552 1660 8877 17450 7716 1271 7460 7102 17108 7735 8972 17538 9011 5749 9498 18615 9854 2013 5778 483 8277 9228
13212 12715 14664 729 14623 972 17838 5839 1792 13905 14303 1868 12874 9083 2922 19838 14429 12687 9624 10367 17211 3329 1067 11217 9028 14220
14824 19726 6466 8870 9547 6944 16334 5635 11982 2472 4821 17698 6015 13929 7969 8271 3950 5377 5735 15390 18511 13082 19118 15357 4891 8799
19948 7638 19632 227 3285 5306 9745 8002 13757 17907 683 15264 8505 16672 10124 1334 14334 182 1587 6808 9951 19270 9877 19091 14154 10879
2901 4071 10282 16315 10713 17701 18917 5676 3734 7656 11099 17818 13924 3919 5368 6909 17782 19392 16747 9996 13964 8857 822 6336 4123 14148
14752 437 1747 4139 15184 3364 18356 1135 13204 1463 4113 17026 14445 17993 602 17791 3837 3867 16532 8455 11249 525 117 12940 14069 8867
8824 8414 4431 10652 15038 17066 18619 18977 3798 13812 6013 15764 7264 15893 6501 15727 18759 3497 9923 14767 15740 5865 10475 3776 11316 4859
9406 122 7232 10286 14414 2458 19614 10819 9153 1156 6099 16011 7637 917 6449 18282 14535 4230 3396 496 12536 16493 10540 19171 15941 14275
2318 5413 5596 9399 8895 9633 15878 11193 16968 7693 17915 5809 2355 10524 2965 7421 12974 549 5312 13019 1138 10039 11300 19598 6050 14602
10777 3705 14726 6727 1188 7158 19124 4638 17603 9417 13136 482 4311 17469 16429 12716 11430 19471 16169 16678 17918 244 6041 3087 15650 14274
742 1297 8038 17327 3184 12593 8790 12783 2355 18655 5722 17712 10936 5220 4271 9483 17805 10285 16971 18604 12423 17098 18909 19710 11399 18182
4621 17565 17715 4361 9732 18847 17169 15062 15841 11484 12780 1935 13599 1342 18926 9981 13409 7109 19749 7239 2522 4848 15515 15274 15932 18037
14028 2491 3056 18956 892 9397 13454 16700 9034 2819 4334 19265 10913 2906 1418 1251 6906 4658 14309 12386 1595 7137 5560 572 19928 9366
15037 14086 9840 17400 18950 8460 17703 16812 8707 10157 6139 4261 3955 7792 14167 16702 10266 8586 7825 3226 18880 5045 19807 15758 19026 14020
6664 19261 19842 13506 8126 8867 12223 4926 11638 17409 3548 16881 17476 13691 4198 16978 7177 11264 5951 14782 487 5500 2602 14065 8475 18921
8829 8148 12007 16360 18310 8504 18677 13661 2554 3010 16238 3019 19851 11050 3309 7890 14408 8668 16281 14762 5818 3798 2384 11901 16731 8405
19633 5752 18663 8249 1279 13901 4401 18373 17132 13487 33 3175 15630 3849 5128 17796 10165 11032 12941 14868 15727 11077 5746 12624 16936 4969
4531 8214 18702 10823 13346 14944 19428 9732 9556 10145 8601 18830 18660 11957 2751 1820 16497 5888 1230 7498 9477 10413 5033 6386 3596 14588
2288 3691 8883 18132 5965 18515 9092 7382 6155 9862 11465 10830 12385 8241 4137 14375 7460 17766 6846 12802 14420 4909 5578 4736 18610 2717
12052 5546 1191 16369 18366 2276 8524 17520 15331 1968 14718 19489 4393 16830 4866 6973 18138 7976 15985 8660 16094 19334 1632 3763 17802 11545
13963 14829 13996 6016 10101 19118 8046 5995 6062 19634 14832 15812 8473 18374 6953 12524 14497 15133 18380 11173 13759 6346 6939 13584 15976 15769
14309 9328 18606 213 16903 4112 2983 4909 9186 6012 17866 9345 8175 15085 10623 1160 18765 10762 10053 11602 13199 9843 15672 16106 19951 1772
8535 7849 10211 8533 19513 19309 5733 3808 13128 4732 1764 4415 6360 8873 12595 17799 10707 16067 19928 12111 4902 17254 11725 9680 13020 3884
18704 7885 13176 347 19228 14858 17520 12605 3610 18125 5256 14106 10846 3013 12730 19434 18825 594 7280 19422 4959 3266 15169 9115 11092 19035
10633 776 18762 1326 6076 4929 17106 8201 6037 16532 5294 2497 598 5401 11006 10005 8854 3263 11487 13990 14895 10489 3926 14643 8250 5147
16816 6771 12332 1668 5586 5612 10038 17842 1635 6834 13346 2767 926 14017 17439 19232 4322 14996 8316 14483 10579 5097 19087 12117 17504 9900
15091 6069 9405 9647 2002 18390 5768 19899 17188 17226 2171 6794 12299 18808 17420 11146 18810 18964 18735 10672 10267 13323 12350 7850 6187 3516
8062 4338 6658 16916 17240 11164 2354 9416 2816 14330 5366 19797 8178 17478 6542 2334 10300 17120 6194 4956 5702 1244 16200 263 650 2129
12192 5562 15341 17517 7630 6637 220 2449 13924 13265 5827 16841 17418 2070 4685 13468 10431 16694 17457 10703 14855 6109 9378 3843 4992 15689
5032 3473 16299 3682 9249 4449 4755 16808 322 5210 7143 4610 9735 13053 12203 18983 11080 8594 10639 5791 3984 6524 14972 10788 5768 3575
8998 12735 6126 1187 653 5123 4318 3087 16017 2610 2443 17101 17334 10612 6931 17065 17912 6030 10805 15062 14021 19954 6273 9880 16406 12343
13707 3980 9975 3995 12772 10790 3547 7549 11834 3921 15787 4640 7371 2465 6849 14648 7990 9279 10639 16417 2560 2886 11157 9425 13549 2400
11471 4419 5484 12271 14602 9699 4204 4312 8426 7156 3062 1395 4726 5057 6679 19000 11319 5286 6778 15288 12156 19981 17338 7490 7409 9472
6736 11601 13268 6701 13223 10567 5051 10814 8429 12861 4470 6043 9989 1361 2288 10071 18597 4785 15257 15983 6243 10618 8018 8915 7537 10015
779 4189 14062 15461 15479 8136 3962 1045 4454 1458 2715 11693 14154 5338 7888 16229 8721 4408 16750 13717 4011 3463 15063 19841 8283 13953
14337 8887 6544 11585 16547 4652 13652 6196 19646 5390 8544 18641 2888 3212 3655 82 12486 10051 642 7273 5426 11166 17052 5436 13398 13286
19354 3323 16419 2719 8949 9463 5607 2402 14209 379 5360 18093 7157 11666 11786 187 586 1985 952 13436 12997 1673 572 7550 4771 7333
19269 17570 7513 13331 6993 12173 14461 17954 14641 13020 14201 6725 9290 12859 2648 9258 18280 5036 9899 17100 7972 9538 6463 12869 1932 13278
2633 11843 5948 3747 15819 17231 7727 4897 13167 11055 654 2844 12087 9043 11338 1037 6715 8625 9199 16295 1529 8453 741 12708 8271 4117
2065 3113 7245 3973 166 7403 9875 6482 4294 15315 4226 13826 11978 17576 8312 17375 1485 13195 11013 12037 12104 8146 13390 10443 1834 3040
3444 8756 10474 16198 17548 13012 15709 1830 593 14853 7232 13769 9524 13197 19276 541 4486 11779 677 16854 11705 10484 3817 10066 19892 2614
15164 9133 14530 4581 12992 6976 8584 114 4571 986 14459 12287 17435 17722 2036 10362 10534 14816 18500 16551 15235 9034 1656 17869 18114 8927
19763 10703 5875 7993 11787 17566 9400 1319 18557 9217 9708 1590 8645 10745 19839 8541 14366 4515 1169 15007 18038 572 16788 545 8916 566
12235 1856 9071 4962 9610 8068 1064 17430 1551 18522 334 7380 17268 1732 4042 15851 19322 14387 806 18075 13476 4148 3829 4281 11381 16551
16767 16007 8116 2779 15314 17510 10443 16674 17629 16896 521 13227 2487 13553 11395 5492 11209 6896 2500 6024 1440 19921 9825 19222 7648 10562
6825 4537 12745 2002 12174 13573 19039 18302 19475 4282 4160 13955 9078 11619 3723 14751 4506 13983 12042 18084 18566 19741 2230 14878 17428 13548
340 19166 14033 8900 16156 9718 15360 16494 11337 10400 14315 17993 13269 5528 12044 14719 14894 4844 11993 15450 16916 18289 19555 9494 11278 18908
15303 11058 4170 12403 2270 1200 16178 19400 4586 15299 2742 18000 19547 16074 12992 19881 4069 12552 3997 17806 19644 9583 19687 1691 16388 18592
5595 12211 9163 602 7303 6408 1641 16542 11613 13764 6656 14520 3783 11658 1942 15383 7688 11733 250 18738 4175 4541 9046 293 18988 9694
2316 7856 315 16605 19937 7303 38 15015 7345 3548 1801 2282 2929 5221 12121 11749 11694 10073 17987 8065 4783 16966 16678 8434 15653 398
16574 16732 17800 7890 12814 600 6082 16800 14110 5666 19431 4249 11435 11967 8742 1937 9815 8762 7631 8149 10690 8787 13851 1987 14390 3412
16860 16119 12024 14543 15496 12683 7366 11911 12196 15012 17735 8622 12638 3765 6493 3709 11545 6894 3993 5244 2007 4958 8694 14687 9675 3307
6553 456 10739 4363 9749 750 591 1808 19689 8712 5860 15363 7361 3841 7553 16595 18825 12679 4925 15837 15152 18075 14824 3875 15734 637
9856 14010 324 19681 7557 4347 10888 6965 17106 883 14341 15969 4840 7262 12704 2747 3246 15986 18399 12896 9770 4805 16607 7526 8155 15170
4304 5049 9563 15242 17757 11582 11950 16956 19516 14959 4769 18733 17008 13434 16920 10400 18388 454 3802 18674 9176 1996 8329 8332 10888 13051
11864 15936 12921 3120 5270 17984 4485 2110 17619 961 9321 1538 15644 15314 12238 17028 9735 10906 40 7184 15005 11781 1267 10071 19420 12799
9996 8396 773 5182 10557 16529 5322 1463 1462 11790 1509 3618 17107 4196 18355 10906 6392 6801 11551 14078 17781 8820 1253 2555 6198 12646
1942 7606 11486 13904 15848 11291 7742 16356 537 13655 2599 9901 11167 5421 19612 395 7640 1997 6684 10514 14568 1641 5453 1640 16285 7214
19379 7490 19206 12870 11524 1936 19881 2626 15129 19207 9115 13392 3789 4644 12057 7923 8876 15364 14282 1262 10362 13550 12351 14366 10829 9547
18264 13281 5572 19533 6237 17668 8341 15268 12413 19913 8812 12263 10236 5169 15260 1650 9721 16177 2300 4702 10474 14931 6048 2055 1824 16023
9385 3381 3987 2706 12886 15455 13723 18278 8973 13259 19978 11694 13761 11311 16696 18637 7624 7688 16094 10572 15914 17583 18941 100 10807 18847
16192 6708 6596 11189 18538 3022 7055 15935 14042 11559 5934 8452 8809 10011 11985 19556 9563 19914 6816 12930 11981 11186 662 7207 4764 9819
17151 19390 9845 17024 13723 10492 16738 2403 3221 18719 4863 125 12477 17427 18432 12458 18631 12891 1512 2993 12801 11010 2057 4350 17719 6864
1217 15745 9807 5681 11611 12433 19365 3853 17022 1849 2114 15182 355 9554 2377 2856 17356 16979 12833 10630 12862 9790 11963 5788 2904 17539
3933 450 5413 1969 1713 17722 4459 792 19380 15670 5140 16505 16535 16436 3836 1124 8780 2680 4433 17331 3292 3289 3379 15212 7171 17727
2022 13964 843 19416 15897 17105 446 5696 14030 14379 10912 3735 4227 16976 11692 18758 1980 1767 8550 16254 18228 14904 16470 11324 7350 4165
11494 16863 7373 7919 18671 11990 15454 6723 14278 4514 15306 6907 2805 11072 2350 10054 10218 16894 5659 14133 13148 17519 4499 7738 10085 18936
4911 18613 19835 6655 5375 5316 207 9149 16246 2297 6176 670 9953 2304 4008 18957 11589 10093 3097 6073 2823 2603 3607 19234 3757 14761
18513 14517 9951 1554 18790 15122 4838 695 9708 9428 9468 11773 17492 434 1505 12778 4533 14829 15456 16540 11393 4729 16870 7784 16394 14418
6060 17417 9285 4591 6173 8670 17305 4486 3756 15623 3309 15645 16971 7533 778 16009 8071 9899 3015 1596 3563 10650 13097 16887 13523 10421
16945 2598 14448 3320 8467 9604 15967 137 18864 19195 2758 633 165 19324 13866 14343 9792 9153 19726 17230 18497 1943 46 412 7262 14285
5074 4772 9876 11322 14101 4009 7104 4602 8320 18005 8398 10375 5483 10796 16275 14743 2540 3794 17663 1868 583 6177 5110 14307 19244 5612
10139 17406 11341 11143 5282 19137 1946 19224 18822 4676 16462 487 9024 14269 19702 13401 19786 18226 16928 748 12191 473 10878 1266 6217 5985
2421 13482 6678 1909 6510 2124 4715 10788 1611 9018 6998 12386 15788 5727 8420 9674 19457 7574 7461 14003 2678 6819 2740 1003 3382 14768
15685 3590 17928 2664 4391 7761 6556 4307 15110 3826 14730 1987 7899 3842 9789 12102 19251 8443 6538 12963 14397 8711 16139 15185 12743 296
1394 13897 8261 15551 12569 12181 16094 13368 15820 6532 10054 13082 9869 1048 14181 3585 13986 7931 14044 5950 5263 13244 15842 18147 10542 7301
11049 18858 14279 17703 4875 12166 4702 5578 8238 5126 244 11164 9516 11360 11311 4393 5175 6800 12582 4732 18575 16702 15995 2723 15097 4077
17838 15907 16254 17427 8486 13938 5587 15819 8852 15616 15919 19205 17883 16235 17466 3744 14131 15021 4361 14800 10765 4919 15885 15274 13142 9746
16525 4251 6931 11549 17142 13305 9028 728 12848 1290 9549 17968 18521 18806 4569 16180 2711 9166 10473 10680 10306 18014 19722 5769 19221 7699
1816 6134 14204 3040 10829 10640 5198 18231 4283 14719 2300 7487 13325 19161 13644 8305 542 18994 3591 19313 17859 6773 13237 7446 19947 11598
2443 10310 1059 825 3784 9516 19030 11931 4327 6659 4799 18222 359 15370 8445 16358 14302 10413 9999 15694 8673 8799 13210 18411 7952 14683
8421 17731 15722 12804 11639 18356 8116 17446 16142 11845 14290 11807 13931 6042 7942 14122 15612 819 1426 14965 15963 14983 11657 4887 10407 19725
13443 5642 5782 3901 18709 4149 1203 19722 16016 17558 2129 6748 18130 2580 16489 15121 10645 2016 18407 19655 14069 2079 4510 12854 5898 8551
867 14365 7385 928 1629 11699 19069 17454 16939 13096 6884 18319 6406 11769 8707 16778 13639 7083 15699 1542 1954 10088 14496 8906 17710 18259
1280 6661 626 12418 2926 17223 7569 9008 38 18360 16039 18732 16671 18254 19972 12968 18187 16882 8236 10622 4564 7877 16615 11529 3310 6782
4049 7378 11462 15650 13438 1741 6298 12438 5090 8046 16365 7673 9749 14999 4771 15157 225 15120 8523 6741 10590 17387 10606 5963 9045 18358
18982 15542 17739 6026 18510 11987 14410 3682 3941 1298 5790 1725 16102 2767 19253 19152 16698 19458 16494 4288 14767 1613 10698 14485 19954 15296
292 12886 3477 15682 276 6985 16404 19088 18327 18957 8253 4506 13155 7900 17853 459 7388 13068 19798 14036 12366 17914 3972 16002 220 15117
11635 14692 18444 13188 1674 14394 18482 3655 19175 10604 14101 5453 5038 11026 1632 10513 14022 6168 17366 5928 1071 19810 11985 13731 1125 9211
3298 14573 8349 13358 8738 6854 17852 2301 13658 1476 18801 15564 14776 172 19377 6297 8164 9273 19032 7754 17989 18543 1675 8416 4641 12182
2108 13525 4004 6679 1803 14161 15244 2070 11856 8240 16318 5961 11065 15646 11829 7062 4209 10583 5062 13178 19728 2780 18758 3124 5010 767
708 12 3503 1248 2983 16961 1802 13243 4388 13407 19018 16413 9682 16997 9101 12084 6846 3890 16590 3611 5689 13369 4890 11958 326 8179
4244 19454 3402 6988 18257 8366 1449 2907 5108 11402 2118 14156 776 14240 5918 15321 9437 11630 397 3666 10923 12124 2423 18765 249 7538
2518 11389 523 4863 595 19225 19172 13160 9608 17185 625 17221 19563 18784 16277 1587 4917 10502 14126 17741 11061 15788 14114 2979 351 14800
14293 13912 5328 4528 7947 15047 9915 4239 528 9599 13153 9989 2123 6737 8579 16015 19651 12970 7982 7777 13333 18138 4803 13468 11283 13931
8570 9532 4336 3316 12097 19848 2521 4506 14992 12024 6892 8964 8015 19574 12743 1917 4485 15946 14637 5912 5882 883 11168 16098 3812 3186
15234 8619 6857 3967 9099 1384 9185 8764 9976 166 1403 10509 5815 1586 1532 2657 1449 9749 8519 17983 17656 1846 8357 12492 12627 11354
8188 2242 8720 48 16468 6127 18642 1780 13338 1913 16587 9360 4366 16106 12391 4240 2946 15453 9462 1940 11354 18398 12367 14948 13043 16664
10654 9554 10575 17788 14969 1979 8569 12669 4646 15126 11775 11865 6755 15717 16935 3106 14732 19208 11376 675 16417 18464 3388 10482 5755 7824
11240 14042 18022 15914 16553 17366 6682 5462 6372 17169 637 17048 18730 15927 15838 17637 6559 19070 7350 19773 7119 2388 1050 1527 14408 6287
5869 13440 12953 8562 12272 2942 2358 17474 15810 314 6117 4061 313 8435 1285 15830 15231 10944 11331 16850 12980 13114 1217 2054 10960 6512
3936 7233 2700 17078 12291 16072 11061 19799 9412 375 17941 8574 7570 13742 725 12470 5145 3217 15273 11179 19158 8398 3793 8818 7111 18133
17043 13655 8748 14844 11111 14305 648 509 11790 18488 1331 10723 1206 1962 16283 458 19483 9455 16947 13651 5289 18280 5675 2398 8557 14305
19787 7579 12911 19319 7140 11918 9906 14929 14893 1516 18944 7743 19667 13492 13017 10669 19233 2191 4026 919 7919 1331 692 16228 4458 10241
363 14911 9620 13481 3120 9765 6414 7843 4723 8310 2991 6282 8414 14742 14048 8474 16828 19219 17998 18465 17810 253 6201 16042 18251 1644
10954 12105 16362 607 3588 7472 17185 11501 19272 396 17905 1541 2187 18824 3568 15005 6656 15863 19287 2751 12724 13226 11203 18690 19999 17059
909 4584 6615 7554 17047 1956 7799 8610 9238 7702 6333 5798 7759 7999 18608 11970 19890 18211 12510 10782 14354 1769 15986 12127 1547 19230
16880 15069 14925 6511 6927 13560 16916 16379 10013 3473 13244 12983 745 450 11782 15464 18266 14074 10387 17311 17204 18050 11716 15011 3702 18747
15178 5277 11044 12500 4780 3466 13787 10521 16821 9801 9982 14102 15332 10537 8062 1751 931 4386 16847 8738 7665 13301 15196 3655 19679 10144
2572 1781 14243 6098 14259 8067 10675 11159 12461 15259 7031 18459 3948 3685 19669 13585 19904 14060 11447 17283 5496 898 5748 13071 1200 18511
11480 13236 11912 884 14518 256 2590 19673 1214 6975 18459 9839 3018 5659 15859 16246 7677 13385 17684 18063 496 8722 1335 7800 19090 15143
11986 9591 8618 4180 12313 18677 6693 2020 7093 19701 3750 16245 2917 14922 2075 10106 5766 1937 3378 13289 18796 6296 2262 17337 9736 10069
17813 2880 3893 3192 19393 12435 1301 15242 4158 12897 17711 2708 13167 13116 917 8191 8223 16219 18653 13914 6753 3936 3305 3557 6152 1104
5947 10386 8007 1358 12344 17037 18496 11748 8995 7811 12201 14316 12009 9695 1689 13393 3434 4054 11404 18537 5818 2989 1174 17673 3312 12806
13256 11994 3767 19159 1461 18424 7983 14756 17929 18103 3699 18493 9252 5106 17255 8000 8220 459 12543 3757 12042 12614 12652 12807 13506 15043
819 6798 9171 8891 8484 3974 2344 13531 13907 3390 6196 11469 2130 3576 4981 7095 1518 13099 4375 5113 3056 13227 12721 8317 16786 8088
11920 1461 2833 19938 14546 7220 12492 12112 6686 17391 1624 225 17961 8390 11242 4854 11870 15309 14745 4626 2830 13207 15856 9915 11749 19418
16689 16477 14630 2955 15433 16999 12576 15538 17748 12897 16196 16982 18075 16526 5436 18548 14347 11727 7765 3510 16665 13441 9666 15033 4753 10332
8144 15055 93 18849 5621 1137 10911 15429 9529 15488 16556 6016 1014 17585 16098 2701 12307 8786 17729 11675 10719 7992 10230 2771 18706 3046
10882 14384 9267 12069 17307 3470 3279 2652 9643 3524 12549 1049 16838 3859 3534 15376 15864 5305 2594 19159 17989 3009 14961 4542 12667 16940
2599 1441 10391 12859 14760 302 17072 18618 4675 10408 63 3752 11014 17550 19683 4429 9149 5339 3468 9084 13025 10528 12288 4243 19150 18041
11409 12269 17113 2313 19462 17966 14732 7804 16611 17588 935 16212 8488 14607 2234 14846 5027 571 11420 11511 12633 9738 17894 16826 17615 1517
14667 7021 225 10715 16241 9032 10947 18256 3759 8565 4706 17985 6891 3966 10742 13435 10636 9330 1037 14742 2660 1172 18186 11870 4142 6031
8782 19751 12629 2950 13484 7618 3944 9100 16075 1584 10061 8367 10743 10792 3783 1240 9183 1698 4796 4883 17295 18519 17720 16581 1447 6996
8220 17490 4102 2392 3777 10230 13912 4983 3284 6446 10729 10279 32 13552 9932 9667 12680 14578 7433 4811 10410 3880 4951 14443 2021 14636
7399 16751 9247 12516 2544 18646 8268 11116 7546 2926 18001 6931 10789 18422 6407 4827 16915 12696 3521 3884 13390 14381 2263 1444 3140 12784
797 13350 3545 14404 16906 16027 3507 19144 1631 3867 9189 10115 3481 8605 3872 15113 19979 6034 2985 12866 6094 15423 12769 7399 15243 13323
4809 16493 9087 8657 18599 18827 9915 3526 15019 3034 13662 18804 13444 532 17506 7100 13165 14116 6581 18540 5100 10204 17158 18455 13742 4494
17859 7044 17008 2798 13058 8367 17162 16596 11885 11274 15618 16945 19407 14680 12705 4387 13598 13829 4074 7135 17082 15106 12990 10933 13811 9726
3932 1091 18748 12787 19466 13239 8785 5408 12327 8221 7390 7434 4900 19570 1419 1691 9071 19153 7240 10533 212 630 6592 1241 8547 8899
1462 11542 9938 19976 3654 4724 2716 14546 7551 8948 4706 8562 7494 6543 18255 9129 15650 19163 10921 18660 4141 3537 18352 10347 3554 8581
15652 1373 14747 17967 9444 17887 4973 1307 12915 8156 17304 7397 6294 15388 14640 18595 5807 19840 1059 1226 2960 16699 11547 17363 14849 9308
1482 5936 6837 13875 15401 8008 9960 12232 4315 11401 11304 18055 2839 9025 14177 12728 9839 16979 14550 9021 11978 9327 5864 17251 7955 12116
4743 7081 7681 15312 12772 6278 2267 4095 15596 19992 3955 13864 8764 11213 6340 8769 7494 8868 3396 16879 18655 13418 386 8033 6631 12793
18569 6513 2449 8423 16470 15249 10645 9227 6147 17916 18093 19056 15853 16428 13507 6611 5372 8237 16639 18131 4703 14229 17530 4808 12614 8869
6909 8256 14688 17999 8837 6 14782 10156 14680 11969 13116 4194 905 12275 427 4797 17787 8816 11050 7544 16358 14735 18957 13695 3556 2191
5439 1737 6932 6587 10212 4120 10995 3793 10539 19581 10957 1161 9268 13609 8146 16244 2836 1174 12222 1421 17640 16920 15080 7328 25 6701
13893 6045 8380 4348 7924 18199 4907 7237 3153 14456 10300 8027 4518 18004 15674 15449 17254 5517 16543 16061 379 3221 14219 5952 12259 13824
1157 10126 9613 158 3213 1678 3376 4016 2001 5936 11262 16473 2304 5372 7000 11165 19540 622 9882 8424 3265 9029 7198 19430 3948 1695
11885 1230 14786 7808 16622 14357 9339 13997 6766 11159 18381 9878 19660 9035 7930 13724 16503 5119 16094 16230 14540 8133 13111 16266 1068 10670
7785 474 3373 12827 6624 15745 3104 17891 17815 12673 9937 8544 5787 7100 18645 7523 5211 1120 12779 7172 11503 2538 6569 15343 3169 4624
1039 18704 385 15152 3477 9111 14728 18240 19508 8187 18059 19117 9488 6776 1913 10164 2301 17809 4511 2966 8528 15076 11695 8152 13337 9005
2632 12655 2621 9389 15337 17574 8637 15777 8560 10494 16106 10018 5728 1174 18034 7569 19412 18959 7165 16074 8832 17887 10091 15773 12575 11947
6390 13618 4173 1404 8405 19942 3751 1916 6151 13231 5668 845 9532 13772 9945 16793 19600 19545 8830 9006 11982 15124 2416 8408 12497 4183
9906 12959 18955 19827 11000 5215 17165 1753 10288 5440 552 19719 2606 12457 6591 2377 19240 1033 15204 17928 1613 11280 17738 13171 16957 14696
2309 5691 3120 15947 18691 5964 15652 6562 6574 7603 7814 16667 8107 17768 13159 4552 11803 4278 3678 1235 4752 13963 4841 14207 4060 7829
12262 6934 16005 2516 11301 18217 12030 410 9137 3329 13808 11576 16140 969 5211 18434 4551 6186 7870 18328 1009 8843 15986 3841 12214 8976
919 10209 5372 4931 13098 19841 19717 1773 9441 10395 7276 4439 9900 15125 9709 3965 16415 2920 10775 10833 4857 7905 4007 7524 575 1929
8420 7241 17062 11897 13477 1461 4295 6950 10850 16359 7137 16373 11271 17903 14094 18207 15270 10402 6656 4469 15871 1621 19296 16310 14208 11945
13591 7515 16443 3538 12513 6605 105 1422 19440 18339 19867 12426 18929 8281 15993 19125 11929 17701 11120 1336 4099 1933 9559 18902 19635 8363
1783 428 16602 15481 19809 4339 12491 13263 4796 15656 14628 18943 14529 989 4039 7726 16954 7724 16255 9582 19277 19757 14107 7160 15612 3477
1453 15155 19405 2873 10267 8022 10463 18507 2406 6909 12231 19810 1926 9057 15986 5051 10135 5013 1450 5595 4923 3921 10942 19429 12030 3620
4741 6359 8368 4816 8441 15523 17525 863 17639 16981 8536 15050 15193 13843 9389 13947 16339 2363 12726 752 13166 16793 5810 6584 13329 7556
7746 4706 93 9031 13690 3045 5421 17150 14510 17758 558 160 15504 16758 3221 18321 2224 13951 8682 10419 13224 368 8006 1258 9192 1357
6121 16112 4860 16665 12925 5289 7991 3879 6020 10995 2004 12633 172 8366 4870 16190 17861 16615 1909 8820 7486 7179 9986 15161 8232 12310
10969 2405 4117 159 17065 10075 8212 11417 16636 637 2385 14846 6858 1133 2159 2524 11089 7722 8351 14053 13052 11667 19116 277 3539 5657
14347 1122 15435 19963 13227 4446 12803 18457 2363 5661 4984 10145 11186 6782 16188 481 5052 169 15846 5286 1680 14751 16731 4240 19366 13307
18826 12690 1153 2042 19644 19157 8584 11795 19140 7296 10479 12410 2990 11681 15417 18414 3839 16113 15558 13568 18532 18320 15801 2325 9448 16759
3253 3244 6520 3483 15709 507 16674 10747 15789 10278 17723 1540 9833 19791 5454 8309 13787 14031 6854 12896 4465 3184 15962 2836 8681 13308
7476 15561 10492 8213 8002 19754 19068 14552 6674 16629 2787 1780 18421 1143 629 17875 10738 13302 3868 8649 3064 18145 8846 19952 17394 18926
7780 10162 7792 13452 16112 10430 18828 6609 7768 2028 13023 4464 6864 1614 11960 12918 10438 19607 12289 518 12776 1650 16756 4499 14084 4073
15698 7474 13956 19966 9909 821 1861 15762 18891 10302 13431 13014 17270 6340 4876 17653 2984 17742 19676 17066 8663 2737 9436 2382 19121 2472
6374 15492 3781 16677 4003 15384 2929 18926 16783 2014 16048 9014 14932 12608 18616 4456 9471 17297 15387 1157 1155 11460 6242 4686 13012 14761
15861 11553 8460 6611 12528 10601 11000 10851 11672 19802 16876 11939 14379 11592 4137 13565 15591 9026 8069 11115 6925 15623 16113 926 12790 953
2690 14573 19309 11273 15907 1152 6330 3828 3436 12179 12786 11793 8711 1949 6380 13408 15220 8537 16766 2083 13369 8506 1703 17866 16674 6725
9573 16764 8704 9934 18885 2556 1899 6830 11907 7768 12076 14959 14859 13913 6793 263 19661 6673 7436 9653 17673 1899 10916 6952 3459 10104
16117 6695 3946 19611 19927 8511 5049 13891 13091 2608 19790 2384 4733 6345 12027 5966 9385 6851 17295 17571 9444 1888 655 16259 7699 5052
15077 3166 14553 12769 9022 16821 4879 5839 12255 3901 8724 18441 8034 1488 614 189 10902 18586 18832 17502 19496 10097 817 13661 16911 626
5333 13148 9532 11224 6097 1086 9778 8154 19407 19027 8312 8169 3168 15546 2330 11015 15509 1721 6315 5831 10351 17943 9968 8377 12516 6960
4808 3952 10269 5932 9696 7107 16603 14961 10601 12282 1188 8674 15338 851 9472 18186 17235 2869 1031 5189 14645 8442 2061 18732 2999 14222
18741 6004 19342 4536 8293 14430 15408 8794 2158 2594 1156 4258 2446 7961 3573 10480 4486 10001 13115 7699 19489 17326 5035 13323 5706 18968
1426 19252 13617 4416 8459 291 11717 17358 7954 17800 6997 2199 13194 8259 1719 245 9003 790 4890 18110 5453 12323 8135 9171 16690 8997
1451 8846 6108 19768 3092 19177 11825 8390 11852 3975 18082 12853 13519 10250 2487 6188 1458 19674 4113 19109 10435 15150 16112 13574 14448 16899
14932 15429 17733 16170 7544 2945 189 19474 14157 8228 4260 8261 10932 7680 7783 5903 19051 13508 305 1739 8910 17928 10642 5023 10506 7558
7196 918 16453 4732 8167 2101 5175 7562 13712 8191 11033 4073 5572 3885 2671 18492 18703 14916 19503 6091 16970 1960 17578 2254 12802 13988
3155 17156 10140 17251 7058 6872 16664 6761 8893 12180 11237 1231 18744 16063 10098 19788 19533 12341 15925 5903 5031 2007 7635 13231 19746 8947
16796 5967 15019 14813 3328 4467 8051 1936 10091 17321 3695 19122 11917 18720 10456 13179 12207 16293 18808 19784 17627 6428 9425 7524 12506 18787
16900 3964 10541 18676 7816 9256 15740 266 7736 17254 2939 11745 2776 13379 9091 18879 12558 11162 5198 9359 2079 6905 632 132 16562 13217
18961 1009 17361 17041 6541 19167 2294 13681 8407 15126 14148 11213 5883 17334 657 12967 12614 10384 307 3357 1992 18188 16825 18612 9838 8614
19273 3049 3679 6143 87 6115 8917 6493 6811 16571 17957 13828 17262 7066 7535 11229 8800 17658 19004 2245 16044 18942 17983 8116 16708 6439
14569 5876 17241 13801 7908 17918 8967 12917 12389 7136 19508 9748 6257 15672 12978 13881 12473 18466 18562 4983 11241 17461 15033 10378 116 5528
12914 7728 2632 19137 3087 1759 15722 16578 4102 12654 16693 4331 13700 1657 15175 11047 19596 17647 18657 4573 8327 1483 6374 10690 2066 10347
