365
15 37 89 58 57 17 41 13 19 86 86 76 27 91 85 52 48 30 51 83 9 64 40 98 35 48
14609 3157 3067 1038 16086 11336 9263 4407 833 8697 14770 3965 16347 2126 4385 11763 17574 7501 19646 2640 1973 17141 12902 1346 10140 4834
11687 3990 6443 5042 19095 17893 2416 9635 12917 3482 4937 16356 14117 8933 17896 19936 16843 4979 3301 8928 11708 2997 5966 19388 3822 2594
15182 1900 2010 7121 8253 3988 8495 1759 18763 13957 4177 2110 15300 9422 2387 6176 13208 10394 16864 4663 17027 8464 11353 1165 17020 12213
19201 1574 3480 17730 1268 563 13717 7781 10556 13822 8168 15430 2400 2563 19878 19742 12662 11081 8513 18679 975 18541 16581 7143 19503 6179
4258 1967 15445 17602 14711 888 16875 4192 12471 16381 19921 13354 11706 7464 9835 8435 4640 19460 17884 17805 11856 15310 5240 14486 10115 7986
9518 14967 17183 16460 16480 17766 1168 11956 4526 14471 4489 10886 7827 10992 12772 3138 2715 9251 19089 4886 15276 1142 6104 1967 413 2820
6517 2537 3372 2173 16668 16089 17637 15160 14312 8950 9662 791 14329 14575 11706 9656 3434 10259 997 9945 1072 15586 18833 17098 15721 5266
7936 5197 3216 7859 10780 13802 4354 18977 7493 16433 4245 16705 9786 6620 5492 18879 13127 15998 12359 15020 10460 3894 6211 4230 10628 17991
1163 19417 17355 12602 13471 774 11411 13504 9753 8966 12769 7611 16869 6558 16145 1446 18361 14609 10677 17362 14144 18484 3907 5605 8981 11380
15680 12558 6554 17092 9048 2842 10629 7750 9502 8546 18899 7472 19361 13048 15541 9751 12898 5393 13224 15547 1927 12672 2010 6198 3733 7680
7668 7529 509 1712 6403 3463 17662 256 3821 15885 13951 4544 2769 15465 6270 861 3170 8035 8105 6164 16931 4625 2000 9525 8077 1620
2165 19830 7809 15927 16647 8174 5970 7554 16909 8234 11761 6597 15272 13908 217 1782 1538 18104 6776 17746 7678 13764 5282 583 12885 18854
5373 1449 7314 10597 5977 6868 8819 14624 17983 1361 14536 6025 16867 7024 11421 15130 16676 11046 19923 14961 18739 9115 17059 10690 14813 5904
7413 8501 19278 12205 3428 12951 14896 1701 11800 9910 17411 8725 1885 11903 15331 3746 5640 19562 8268 12655 19448 6267 5945 3153 17774 10931
13499 15697 15063 9703 18668 10640 15922 13914 11902 666 3397 5756 16408 16905 17247 6245 10842 7560 13018 1887 6145 14003 9981 5082 12808 3494
19559 9472 8944 14027 5901 19910 11417 13981 6286 15710 18127 5788 9384 3851 9666 6149 2941 12624 6704 5780 19441 18402 15714 1850 12377 53
7592 12452 6494 5776 500 9929 6105 8753 18487 1390 7217 13124 17273 13741 10984 1380 9216 2187 11190 9432 3076 11209 4078 18099 15863 5731
6722 579 19188 11143 16366 18853 4401 7792 6942 8811 5431 17745 8901 10583 8852 7602 13711 18114 13245 1208 7874 11973 137 14130 8305 17486
16740 2777 3857 8492 9056 799 635 4899 18057 3848 7849 1940 511 15962 19857 2777 14844 13906 16305 18160 17613 2217 7886 12188 10495 1659
10090 7893 13488 3470 12301 4548 19623 15890 760 19834 3656 11683 9781 3962 133 15489 12568 4985 15736 15835 19497 2322 11225 17301 18508 1329
12010 5473 11277 10873 9873 10264 5582 4940 16039 5332 3138 18584 15857 9184 1713 11879 1794 18530 1582 12169 4626 2048 9851 3488 5159 1898
10599 18030 12876 12983 11493 18368 5456 9255 19129 17863 4792 3423 19697 4747 4270 5638 94 6944 12450 11570 6829 16885 11617 14255 6879 13199
5769 19763 14570 15778 12757 14912 14053 1905 2303 5931 15950 4365 13293 2831 10686 14356 9469 6103 12709 12948 5381 14645 19115 15516 7268 15157
6301 19998 11227 4218 14872 11982 16096 4958 3408 2643 3402 17643 8774 2738 8458 19686 1887 17126 16297 953 8519 19788 7359 5095 5569 17166
12577 9878 17256 11014 1580 7541 3884 8270 5015 8724 18667 7204 14368 17551 12910 17444 10250 264 5855 17889 13290 423 2571 13258 4321 7334
18488 11008 11942 18094 19063 5706 2150 1806 8794 606 2138 7036 8999 19136 274 1723 7200 2470 55 18700 10111 11032 14361 18543 6361 242
627 15641 224 1438 9633 4215 7180 1046 19209 7877 19359 17683 4003 7559 728 8528 11990 12206 15949 9867 18046 10103 8449 8184 4475 5858
6799 12243 17337 4524 583 10721 9453 14780 14789 17095 13613 15539 6748 16590 17877 2783 152 17904 12860 15012 10603 11130 14650 8225 837 2985
10644 9333 956 6013 16249 18322 18963 16584 6760 19083 8356 17507 999 11416 3391 6695 12909 7571 116 1806 17059 1792 17611 1610 19025 5878
8992 10803 14244 11677 10579 57 1623 17574 10764 10919 414 12825 1160 2162 5445 7813 10975 16303 1330 4636 10090 14955 10695 10979 12129 16101
3791 17177 10523 19558 15680 8270 19239 10840 15740 9020 19845 12446 5863 2327 12686 11018 7052 10540 17318 8277 7051 16356 8465 1949 4178 14129
1741 17003 7463 19753 106 6413 242 14466 2340 13673 15484 17175 16040 7166 3724 11427 18703 19789 3566 11677 3094 13573 2594 5470 11963 13389
13568 1699 19384 13666 507 10588 11050 664 4675 14504 15369 16211 16198 7 9357 464 18884 6606 15479 17796 266 5477 15752 16130 1339 4254
18062 19449 14981 15985 2427 9413 13378 861 11552 17034 6811 11707 14507 12189 1586 6826 19901 6968 11979 19072 8431 10070 7124 3127 13515 2865
18398 15962 10242 3787 9371 9049 17986 10094 19946 19404 1904 9274 4555 1873 11136 13329 14531 7910 16630 3865 6928 3450 9783 688 19870 2038
3583 8610 16487 7440 924 215 7584 15645 4551 1910 704 15095 14275 2920 3029 7402 15425 2608 12335 17130 16356 3215 3735 13087 9932 8855
3251 5266 13898 12110 6464 19433 984 19459 12494 2489 5486 9468 19635 14916 18019 13919 1029 14806 13776 10214 459 10593 1961 5507 7799 4277
929 8720 9910 5766 18301 2654 5130 8872 12203 6313 12126 15842 9733 15411 7508 5946 14303 18622 10772 9486 11261 1404 18646 9119 4413 4833
10278 10513 15130 9158 10444 6288 1515 2921 5576 18303 9959 4942 10131 16019 8370 5920 17022 16019 11549 18070 2269 8794 14274 15359 1485 9183
14342 7892 7226 18510 12656 18983 13945 8451 7943 13076 832 14317 15145 6768 18088 16796 16139 14100 5841 14910 7283 6051 3742 12278 2718 8177
1027 19747 7541 16857 16731 6939 2614 11908 18608 446 6930 18285 564 765 1213 596 8741 17766 4029 1110 7806 9470 3070 14952 8456 10722
10522 18354 13296 14011 14609 10865 17384 9947 3219 12583 3430 12196 14277 15986 17124 19963 13220 15319 3478 5320 2858 15016 18297 15624 12357 9479
18026 17923 18519 2720 332 14327 17988 3543 2114 14966 5229 9980 10228 14486 4656 17258 15220 5288 14800 14018 720 12084 12290 16185 9417 9628
3984 18804 10344 11111 15563 5105 19529 4599 12450 6703 5800 13505 8360 3369 12393 6387 17658 15791 14563 2542 9449 4884 5264 13559 11455 8088
15522 14311 18388 17633 2177 14283 9210 18070 8107 18708 4344 12851 10636 19393 3784 10960 4351 17465 7158 3508 10057 3614 1792 3247 14902 6465
4092 18968 3378 2363 11721 8016 18616 17515 9231 7680 6173 2322 15642 13965 4760 19193 1785 17153 17015 13881 11244 4960 10573 531 3092 1956
16754 1770 10480 15268 10197 2990 18925 16569 5970 2651 17100 149 12519 9452 9803 17248 684 2759 11840 16402 14698 19817 5827 7071 5266 852
13989 19577 3921 7256 2899 4238 14236 2747 14734 15875 13901 17705 15746 16142 13502 1132 3432 11029 7640 17223 6515 7024 5662 379 3344 11988
6431 5559 12605 18212 18614 2254 17668 15030 2031 9093 9233 10060 6537 10303 16610 13667 6011 11370 19867 12552 11684 3708 18795 5466 5261 12188
2481 8203 10213 9343 1969 18615 8058 7247 13734 15935 6496 551 6970 16734 9729 15251 2894 19957 10196 10657 16172 19806 14555 1807 13437 16692
6254 17651 13549 10292 19004 19818 5475 3290 19244 10910 17988 1646 14983 7486 4447 11631 5090 17239 6298 11106 11866 14573 7340 15660 18316 17618
2537 10682 15523 10280 14825 13119 10340 15333 5457 17291 6639 3733 5174 17067 8669 18181 10081 15404 11535 11496 14686 15256 4235 7768 2996 10805
4590 9349 5978 8271 11419 3416 4609 2031 8584 11972 12788 2415 17328 15149 10580 15215 4893 6420 15014 10697 1364 482 14289 12376 17517 19592
17707 2318 13915 2810 1729 121 8446 6485 9388 16889 17723 8333 6414 8831 4679 15045 11296 2879 4133 6914 3922 8742 12776 12348 2372 13728
11883 1635 18986 12526 7050 8088 16138 16990 10141 11630 5287 6305 7195 19635 10141 914 8632 18263 2888 10451 15020 777 19300 3323 9769 16834
19866 15602 15373 19436 18616 1055 6534 5232 14609 19452 16812 621 12338 1751 13961 12326 5712 4940 19570 7331 7814 19924 19271 1813 5091 10906
2011 14379 13802 14092 16993 9575 7498 19949 3525 19553 15504 14489 16392 4323 11130 11160 10213 4844 11759 4609 6557 314 18361 273 1578 1062
14142 4789 14638 14308 3114 411 6031 4348 1918 14697 11864 5309 15248 6254 15661 13590 16184 3355 2842 6373 17679 12796 2014 2528 15577 210
18534 15180 19808 7579 17513 8319 3411 11649 14103 5833 5770 9569 2100 15690 11921 4410 3283 2053 11589 17306 14278 12512 6161 7694 1729 14127
8087 16025 1561 2364 1944 3108 11636 7881 1906 16746 7325 17508 3888 3854 2056 15640 2738 16346 16099 18336 15750 9557 18302 5081 19695 14156
18120 9651 328 301 13141 16342 10640 6400 1392 9 11772 13849 1082 7424 16306 14473 19888 15145 19407 10844 13307 12483 18924 3711 7294 5962
14435 13776 7622 19237 13740 15720 14146 2942 11601 8677 2780 6002 54 7061 4265 19469 1164 12742 1742 12525 9871 17196 6400 7627 18671 13692
14199 1295 10945 4220 16354 5421 4725 6597 19857 1696 11693 411 9906 12593 15902 17633 10230 10014 184 7933 17081 11544 4594 10476 7430 13333
5190 1253 17990 2495 2948 10933 12251 19603 10530 19400 17870 4859 4419 5594 4312 4592 19509 15079 13928 6807 717 14837 1108 11035 8757 2334
10753 5510 16758 3903 4834 16678 11934 7463 12075 16912 15477 1916 2549 2861 10942 18987 2884 17108 10626 17009 5405 15338 16597 10449 10055 11491
15837 12029 6418 2492 7178 9975 11598 1862 3719 2002 6024 5537 5205 19 8780 1115 2468 7105 2330 17043 9825 16633 6038 15082 16043 1526
19445 6945 1957 2166 6256 9380 18810 12922 11333 8086 15962 11647 15961 8918 16158 8495 17280 18404 8045 1377 15360 4037 16910 5057 12331 15077
14052 237 10936 708 10687 185 11128 13283 8245 14433 19366 4424 5599 2785 5865 7382 1080 18052 6320 16621 14298 14772 14150 5982 13450 6624
18042 19155 17020 5645 291 8911 15611 14384 9598 5962 8815 38 3729 17583 1033 5122 3589 2465 1656 7463 16477 6112 14234 11951 19264 17609
2905 12273 19008 8323 4802 17942 947 1997 18304 6722 10023 9255 7866 19604 19438 17407 10425 6831 5983 7554 10319 3994 6646 6131 19020 14063
15325 10953 12733 8627 12787 6662 17287 11759 14067 14575 10831 11879 6940 14112 13483 4073 9159 6886 1022 17593 277 11461 1507 13189 17646 18134
1019 14643 3249 3600 12387 13892 11325 1090 7018 10183 3582 14229 8447 16426 10068 8496 16586 19583 16991 5779 14552 2553 18928 17570 19053 9161
16716 12547 3643 9313 6815 8269 17515 7404 538 3095 19826 9845 12651 4045 18726 15425 3621 804 5450 9683 3529 10256 5827 11461 18264 8325
16789 5804 8929 19817 6312 6892 6611 5022 5184 3255 14328 17839 3932 16005 10787 3766 4929 18443 17068 18852 15641 12745 19282 13610 15076 14091
19401 19789 3107 19478 10739 18739 4683 801 2903 18366 5824 9487 2880 17472 7796 18573 6732 15715 18654 3805 7883 7648 8524 5167 6504 4235
13310 12816 131 7056 10600 8818 8078 17397 10795 3734 16628 9796 14318 6813 16295 13995 9327 15283 3019 2976 15919 2285 15565 17409 14838 10203
6410 13155 3265 17582 19854 14886 9055 18865 6036 4613 18706 1814 1089 17965 13057 5738 13358 18350 950 14888 142 14331 1514 17364 17087 13155
9063 14262 5413 17614 11065 9738 2273 868 7567 7268 6146 8389 17069 17975 18473 4599 9705 3483 3096 15986 14919 10755 161 6694 2599 11909
14757 7200 7352 5825 11560 9530 3510 13358 15417 3390 11980 6022 3922 14601 16990 6650 2902 14002 1174 5288 9533 18166 7047 5794 6085 16087
16475 11233 3814 15812 2814 2125 16768 14309 11779 19058 14546 19366 3932 1301 15105 17006 5803 18258 9376 16935 6575 4728 3563 7278 12049 4528
16489 16165 14898 15724 11577 5551 4186 8793 16097 3945 16084 17289 17450 5206 3472 8273 1814 5775 3926 19699 8259 19703 14095 13491 2648 9460
3969 11356 7397 16567 249 15229 10694 6000 1685 15618 17925 3964 16384 18313 1790 5657 12273 16330 1735 16160 4130 16376 17292 16502 11935 17248
10602 19882 2060 8525 906 3905 12647 5181 15063 14400 10898 1820 16175 6371 7417 11603 8256 10444 14887 6711 2336 9217 6500 2497 3493 15602
10631 16721 3842 11763 2242 11296 1067 6383 540 1394 6504 12308 3985 4792 19773 3936 5699 16111 14870 10869 5075 194 14382 16029 5967 13168
11301 310 18214 4431 9418 6688 6798 8323 7304 5575 1445 16391 5556 16236 5868 14242 10657 18823 7225 12420 513 10222 1012 7185 1043 11793
704 16935 639 9373 18475 42 2445 5794 11288 538 15244 3659 2762 13612 1193 17216 4003 14595 9101 11442 201 17762 11365 4574 11641 4263
12117 7440 11 19174 3184 17366 18778 4828 6281 17897 19773 13837 17865 10597 15187 11044 9232 14699 6877 3199 8176 5865 12992 5706 4469 1375
13605 3005 7690 9156 11653 5737 16158 796 19055 11673 7581 12049 15089 1855 3198 1224 5420 18301 13285 1360 17595 2711 15987 740 7681 1481
8094 15253 7580 12619 13821 4155 6133 5454 14245 5759 19523 13299 18381 17762 16282 7616 14081 4709 8491 1450 695 13197 3858 4930 12716 13319
19327 11667 10085 12474 6302 2442 12480 15825 5970 5655 689 19551 19805 18236 3656 11570 3478 13664 15395 18419 10149 17980 18766 9201 19875 18164
5887 13526 5185 1971 16289 12428 479 19514 4532 19432 4678 14804 11828 15021 8989 17607 17387 8735 19557 18223 6262 10740 11084 13022 6134 3705
5995 2533 9212 15278 12036 9954 13557 5241 3555 11360 11431 3123 10163 15492 14729 16608 13348 10607 5158 12121 9444 15318 13137 4878 4817 18646
18541 6147 14062 17383 13774 16509 10480 16758 19670 1986 1814 12635 813 12976 11141 18619 10848 17459 2119 71 8192 17293 4386 6723 16872 18776
14488 9198 468 2835 16343 7689 5641 14669 11939 1449 10792 4066 5425 12784 14380 8914 14746 5117 15191 7036 9357 15481 7677 11226 10118 18224
13698 18156 10042 9635 10629 7493 2024 19390 5500 9161 16414 17749 15736 9600 19996 19272 3272 7054 1367 10659 1401 7467 10769 17550 4364 13965
16980 13605 8379 6987 7369 11912 11493 9717 235 3443 5461 953 10808 9984 17083 15942 11433 3962 5729 15576 4282 16175 9218 17132 2714 4965
8162 8010 12028 12779 2870 1284 13680 12308 13997 9218 18884 10114 15800 11059 14470 1706 18569 9447 17603 1743 9232 6231 16584 12349 14213 17883
9557 4084 18296 4038 3187 13899 7461 11020 13295 14478 15041 8689 1189 10461 17526 11835 17270 7270 7053 19017 753 18903 14984 11111 992 12439
17854 18742 61 1150 7877 12390 8959 3298 6532 977 0 6800 5246 13523 12846 13349 5466 9700 16965 7237 14790 14104 9159 6018 1739 12096
16280 6804 9369 2077 16831 6077 7370 4828 14477 13822 14393 3759 12774 16830 19437 5442 1915 7225 13028 2605 10317 5853 5048 10668 9418 14250
4081 11548 6950 15768 15358 9720 4358 6406 3515 4161 12005 14459 12430 5280 965 10331 13358 11762 6559 14918 4230 17832 13862 10881 9284 15793
17541 3134 9713 17089 7478 15784 12895 14623 14635 10022 2413 79 9410 5551 9925 8798 14747 9852 4892 18105 2298 13297 2283 1399 8393 16383
4234 19005 1784 13544 11368 9751 14245 16096 13110 11983 13797 17674 1743 7321 430 8703 19209 9143 6402 16680 9119 9262 3514 13997 15202 17372
16736 9595 18966 2395 5978 11999 7143 11215 9626 9846 9221 1094 19373 12768 12331 16546 16601 17562 17344 3716 14637 10016 18039 9057 8502 6130
16472 16445 13776 15016 9306 10271 8427 7483 15508 3088 5295 2537 4958 2163 16725 14075 5418 14948 12887 15914 2931 19455 501 10940 18051 12283
10081 17385 6642 19046 8410 16180 10091 82 12488 12422 4988 1671 14403 11118 10237 11630 9549 6784 14665 17347 1688 386 12179 19865 19066 16297
6447 7161 5073 9392 12512 15371 5883 6366 5598 8715 11956 7645 17933 3055 760 7593 11198 136 526 8841 18685 18133 12341 11912 12712 19741
4279 8211 15486 8395 761 18125 4194 5572 15563 5333 6073 4419 6947 8291 8467 8393 4031 4138 11760 15955 6344 9358 17609 7718 1727 9540
9757 15749 16915 18811 6895 13908 9205 9366 10723 17986 14845 11953 704 2330 12594 8073 14852 17959 3349 13743 9142 2154 9978 7739 2744 19734
9437 14845 19054 3283 12281 14647 9070 4995 1381 14295 16416 2239 17006 11162 9414 18319 7620 18174 3863 7264 2239 17577 6930 16056 13368 2908
2436 5491 16816 11973 18966 14500 11616 15012 15538 10870 2866 3283 4000 6553 11507 15341 13890 17644 1118 18552 9425 11983 18795 15863 6826 17520
7617 13696 8513 9066 16370 10910 7321 722 14432 18640 6378 19081 17092 19502 3506 7757 16261 2159 14607 7673 19639 2891 13138 7975 1126 19955
6423 4071 6671 6389 598 1853 18994 12748 2258 8186 12337 7159 9695 10749 8903 15887 7892 528 18501 7679 16159 15901 2987 1396 12109 10123
6099 5963 8523 4637 15630 5738 14061 8312 11363 8605 2239 7032 8959 9888 15755 15238 13818 13353 12921 13159 118 9267 11616 8013 13470 4654
4864 13030 11486 5601 182 19343 15656 2813 10122 3009 2993 19424 11286 1259 10212 17407 1099 10497 16701 1392 12662 16513 16708 16036 15362 19161
17281 15895 6113 114 12934 14378 502 5151 13130 19434 2780 17442 7968 11889 527 217 9425 5536 7349 16912 4290 17001 19380 132 7251 13698
14925 5944 7698 12642 13180 11932 17139 2514 9144 8464 6278 19349 14008 2959 12557 5236 13227 11897 16518 14652 11864 6085 11646 3261 6149 18310
9437 18861 17985 13190 4484 8002 212 16368 4290 16749 3517 28 19737 13784 9569 15456 8553 10312 19524 16091 16839 2690 9313 2889 19934 10832
5437 14297 2476 11085 3390 18768 6264 19617 4044 12893 17158 10668 9645 726 16761 16812 4244 12713 3307 13169 15590 5593 2125 8187 4635 15433
4162 3332 19483 19513 10336 2040 5051 11513 12207 18707 9553 13586 14738 12239 4459 11999 10256 12613 9868 2009 5234 16557 10660 8761 11558 2342
16668 9618 11108 18747 835 4926 2734 6803 7325 9708 9444 15191 7667 2160 5565 6879 19077 10587 11633 17325 4130 5799 5050 15167 1675 2434
14741 17893 9756 5937 8026 8700 12357 7290 13810 10141 1768 5667 9006 4258 3761 12545 15366 12588 17461 7549 8270 18709 18545 539 4552 9564
13440 19280 12595 5763 4685 19169 4032 10069 10509 5605 18072 13809 6046 10719 4054 11661 17835 12547 4929 10884 3325 11940 5256 9103 7936 17207
10460 8208 16604 16570 11706 14950 14715 14997 15810 6231 12524 447 4978 9216 6422 5367 3044 14055 12452 19833 11027 17714 12731 2304 17790 5295
9704 6363 14806 5891 1283 4682 11163 14795 19482 3153 362 7171 3556 899 7713 5898 5764 16299 9214 19909 2732 4252 860 12741 14522 12594
19569 7047 15843 17973 17554 15990 3024 19091 3385 1533 1743 15243 7933 17688 16902 3458 6988 644 329 15372 16691 11157 17311 17199 17968 1970
6928 1060 9281 11994 8753 2854 4445 17965 9879 8602 8777 427 6229 18560 6716 18223 8267 1308 4967 6094 478 9572 700 1563 10255 6951
13200 1618 13713 3521 7349 5984 247 14491 15120 822 14104 9149 781 17076 7603 3799 1448 6864 2106 18801 1665 13136 18443 10343 18050 13411
16763 11540 7649 2581 427 4825 8082 16723 12650 799 18352 10094 4291 6745 11933 951 8439 2593 3806 1524 7567 205 7333 17516 17120 19937
15892 2721 18274 8151 12871 815 9220 2261 7655 11392 17454 673 15879 2345 12706 10075 3134 5046 3915 12839 13099 5622 7659 6630 2366 10620
8290 1058 14974 7957 2276 18412 9721 5282 5441 6538 1265 9708 3431 18567 7479 15140 4763 11530 15517 17914 18706 16366 14459 13857 17173 10198
5032 12555 5140 16680 463 13674 3751 11230 6432 7125 18601 11911 16919 15662 12546 9745 17292 12165 2129 17516 13176 14580 11395 9995 15691 5771
17554 8564 1600 2633 6145 15128 19783 3608 5508 4962 5089 14722 5087 12707 17464 10711 18986 18231 1920 11092 3482 15213 4220 3617 2821 5179
5723 6172 4978 16249 6728 16476 8119 7697 2445 15463 18710 16517 13962 5322 1241 13130 10784 18087 4750 11184 17692 9681 19229 1512 12795 17701
18510 11669 13651 3700 19647 1966 15108 6185 18031 8837 10008 7439 9052 7141 8335 19468 19797 6192 4458 16420 9953 324 16445 9714 14622 19483
3621 15508 12209 5333 13787 6849 5207 12546 15609 18549 18265 10170 18439 11258 11814 13653 14366 17934 7849 3264 6010 444 13212 14565 1394 10974
14332 1299 1027 18509 2564 15577 2719 2907 4641 13829 8872 10813 19685 12072 8074 15729 14990 18945 1350 4842 382 14832 11789 15852 19125 13305
18963 17181 8645 19358 1355 10485 8494 16341 996 1910 10512 19224 205 971 5046 17398 18341 2781 3754 5750 10407 15698 13388 749 2831 7840
9302 17251 10299 981 5429 8110 18490 12981 18438 7774 17101 6164 11489 1146 18763 6589 2653 17611 3860 3683 10801 2959 3384 18104 8933 13504
7842 12639 5607 13102 14699 4012 17503 19017 9016 4941 9866 6819 18122 12041 17952 15463 15906 13721 8604 16732 11693 3535 14929 4918 8365 14683
7026 9068 5493 4532 2696 9731 2987 19137 17546 10659 13810 8503 18645 4159 17967 2582 3999 5461 4228 17307 7677 6722 13663 11742 2761 8472
19182 2389 14430 3631 18021 19733 3968 7211 16657 12462 257 6315 597 404 753 7511 12753 12421 11074 4956 10563 14883 8076 11331 10674 2988
5961 7808 19475 9501 11934 10639 1229 7784 13748 18003 18576 5831 5812 13439 10868 16508 9898 5913 12630 13064 4490 13555 6361 12455 19306 13810
13597 16471 16388 5515 12856 15783 14572 786 3668 16424 5385 7952 4072 7650 10150 10677 9500 16660 14400 423 4975 5244 16341 7149 2944 15677
15162 19644 12274 5624 6432 2885 18916 4464 14429 68 15064 3525 11350 3010 7950 10022 15283 16431 3199 5011 9187 18493 599 11532 515 10997
8454 13399 11083 16117 18367 14588 12242 489 17540 13898 5535 19168 16046 17238 11995 5428 18869 7343 14167 12348 16213 881 18607 8503 16426 596
19204 16659 14693 4812 7421 12958 19556 1703 8026 15325 18302 16005 6804 3144 18054 7235 3789 13155 7219 16755 535 18384 12939 2026 9547 18296
3049 769 19918 7287 5627 2848 19176 5396 5434 12057 2012 18073 1130 2348 4992 11640 9933 16121 18874 9504 2158 12794 13738 9357 1989 17073
5969 11660 1144 4085 15372 14521 2301 11919 15058 4295 3797 12415 790 13703 19923 16910 11894 7835 5934 17175 12977 5269 18835 4071 18879 16734
6119 8452 19982 7180 6112 17660 10975 4991 6829 885 15528 13948 15020 18200 10015 13453 2962 18733 5591 8045 3236 2915 8159 5246 7334 5558
17654 13073 11244 2334 13370 13192 3826 486 15540 9929 72 17057 7893 2134 17887 2264 9371 16240 6292 771 13411 574 4680 13091 12127 19842
167 19240 4663 17872 16372 3579 19183 16807 1905 12081 8760 1163 3955 272 12298 18841 10941 1036 15460 7915 14084 11480 15425 16426 3460 579
1557 17201 17184 19571 17915 16891 3268 14035 1282 6299 7530 8092 15689 5862 562 13467 9098 11647 14286 8087 6367 9508 2174 174 13109 1216
13370 2697 5772 2013 3620 4150 6643 263 12569 18187 9608 6499 8496 10602 2019 11416 1793 11707 7741 13387 18003 10285 3691 17103 7015 55
15001 17725 8265 252 1967 8649 16093 15019 7773 6335 17596 7046 9095 18268 8786 13214 517 18192 14492 8620 8376 7227 4112 1265 9395 19113
13032 3951 1018 19696 9904 17574 1334 5227 15853 6386 3197 9712 661 4471 1359 12382 12346 5736 12507 372 7410 5818 2691 4483 14666 16932
16355 10924 6844 7035 15406 3230 11927 8603 12824 1457 17168 12428 16399 12208 3448 8158 11313 18245 953 19743 19935 17444 12289 2291 11738 579
13263 8279 18383 1526 12854 15222 12432 17671 8338 6401 13157 1010 10362 12586 10302 10776 8955 11201 7963 10556 16710 8899 13263 3805 16656 7212
14376 4300 6283 1951 13094 4989 7586 4526 8976 285 885 10213 14198 4517 1803 6886 4168 724 16421 13584 17383 8344 94 6151 12852 2924
1143 13408 17642 10804 16913 15347 8158 12989 676 4855 11603 16117 14506 9353 18643 6351 13881 4164 16657 19120 19788 10443 286 4572 1309 8159
18545 18333 196 15602 6697 2301 1031 18004 18068 14174 15835 8035 8994 13331 10329 16488 14538 18167 19227 6304 206 13941 14781 14851 8582 3530
10856 6497 8540 12929 14666 17793 7903 1061 4381 8290 19254 2427 7789 16362 12236 6863 9562 16292 16132 12310 11418 8143 18885 6398 1321 17454
13103 4115 14542 18011 1636 6182 19596 19606 9135 14673 18300 14666 8088 10016 1018 13520 7027 5165 12236 865 10260 6803 18812 6157 19218 4794
5313 6946 10688 3148 18199 17697 10716 3782 4952 8121 2658 10085 892 13196 6108 4808 18646 10137 10024 886 17973 2135 18769 19790 6256 2627
14181 15487 15910 6073 18616 13592 13841 211 2137 439 5574 7508 9043 2427 1736 3394 19435 6985 423 18829 9461 8522 11385 11661 1217 5021
13710 14764 11888 6588 15856 8746 8710 18898 19460 1966 11949 13100 19654 12953 3246 9562 4387 9042 13089 5261 9843 875 4464 8871 11289 11194
11387 7510 18634 8418 456 18964 10684 6450 3150 13652 5909 1831 9770 18111 7416 13359 2887 4348 18030 12478 8647 8996 18186 1594 17595 14114
19545 1459 19587 7673 14124 11848 4144 9143 10185 9120 6150 899 17413 12941 13393 10946 3799 1153 9403 14835 4448 7923 18780 18332 5557 9795
3573 5750 13128 16698 14248 1496 5928 602 7826 7159 16943 9403 15405 10801 16983 14976 13910 10735 1342 8524 9167 5239 16533 319 6061 3863
5222 15874 19753 8034 1383 1654 4343 2727 2616 18002 10827 12952 11905 13187 8313 11259 19373 13633 19710 10720 9742 11443 19217 13436 11679 8449
17061 17176 3081 11763 14950 8471 19099 6340 3711 14990 3505 9531 209 4116 8061 4860 6285 3518 6322 12561 17226 6054 14442 9408 12420 10114
18979 15588 12173 422 4753 2224 1659 14277 16309 17014 8568 17903 184 3350 11267 17713 2575 18822 18963 6568 11031 10302 18849 12156 19722 17795
11870 19852 2581 8711 16855 7030 11055 13235 7670 575 17612 15117 16002 11543 17045 12370 13694 8823 15926 19692 5835 8029 2589 18962 17086 6274
7057 19950 12913 6023 7031 9819 14714 18710 16145 16993 7010 14137 19731 1077 2384 3920 9956 11498 576 13875 7150 15060 2604 12427 13746 13503
12786 122 9052 17067 13784 9554 12498 14531 16557 19403 1322 11398 6435 4292 10568 16063 11228 1213 12781 12832 8126 14844 7800 14582 2017 5162
14499 13215 10706 11159 13822 17716 8927 1680 245 4722 12464 4457 321 795 17768 6198 16672 15331 11409 12573 2120 2167 1224 8072 16128 6213
5437 12081 19507 6441 12180 4318 12300 14324 12072 13977 14972 10333 12628 13808 14811 1549 15381 14010 3914 17895 13018 12418 8923 11190 10817 17319
3300 19903 3505 5459 17161 6325 13127 18316 2156 15249 72 11339 16802 3076 4866 18916 10807 14617 13710 15491 11240 6728 13509 7171 16326 11058
14749 4038 13433 19084 11291 477 15784 14612 19851 4722 9267 19079 13627 14804 7980 8442 12311 13096 6208 14043 12555 11874 18826 12170 18703 5702
3037 17555 4823 15532 6393 7530 10140 2317 15180 9830 1113 12359 18220 420 13655 8953 1747 3905 12351 2632 3148 5116 7505 5827 18059 2253
14874 3130 4323 7883 5531 17289 13759 3103 10444 3764 7 5750 9977 3561 5900 5955 6721 18010 15792 16852 16576 11140 17681 398 10198 14712
11911 7916 14523 15738 19559 6602 1472 7232 12324 8545 17500 12545 12144 6847 16653 10107 7628 2533 15180 14633 3060 18969 10229 18662 2410 1765
12269 7962 4605 8931 12741 8743 4526 9121 410 11497 19577 10349 3596 7728 7594 1713 18444 9991 9845 10352 4462 16509 19511 9501 8209 16940
19689 2350 15172 14271 6760 11181 14554 16448 19916 3535 11405 11726 6934 1185 3916 16467 9054 1939 10651 19412 9816 6848 13105 8781 1851 739
3331 6964 1470 16326 6917 13741 15004 12925 16529 16354 3108 581 12670 3138 18693 14306 5798 3856 2326 206 3755 3039 3726 1373 7939 17580
6103 11720 13317 220 5468 6917 14211 2916 19067 15859 12249 5236 19836 1428 17641 15242 6671 12994 6498 8297 19407 13829 4963 11835 3433 11017
17703 2475 1312 502 9462 18087 18883 5505 14411 17166 1652 14734 19180 8191 7473 15410 19778 357 13075 12084 13132 2083 7479 16211 7219 9564
9110 14310 4359 19467 11044 5852 4771 15514 13612 7351 11990 12164 7523 15658 4707 3760 4371 1694 14177 5234 15339 553 4438 19294 8632 8201
11721 16896 10751 218 19986 15146 11364 5548 10550 6838 16666 3568 19596 17723 4382 5683 19378 10293 2795 4321 1136 5373 7584 9692 181 4162
16230 7350 1156 5882 5142 10747 5684 12001 8349 8181 16035 1274 18227 7689 14109 14420 9600 2711 3142 18007 3356 13659 5238 39 8730 19389
4649 7666 10690 16037 2991 11636 3961 17752 17717 19042 8813 13466 6947 442 7294 10885 952 2487 7159 12124 16249 8541 15437 13660 3325 7375
6511 8021 6890 7368 14080 16133 1446 4621 14392 19557 12782 7678 15315 8723 14039 19826 16409 4033 3195 10386 3919 5496 19615 6546 1457 9112
19556 14646 14243 15648 13066 12403 10689 15992 14128 16107 2861 1551 13435 10205 11237 5872 11824 12924 6473 4597 12408 1458 14685 1855 5665 14419
19908 4201 9510 939 10035 13979 19969 9863 13128 14682 13770 15496 8643 15754 19064 18299 16357 3588 19927 18928 16194 17341 1488 4758 8422 5375
18131 5062 6467 6648 803 11531 7250 7289 17209 1820 12774 6549 17785 9294 16860 14444 15027 12350 3903 9563 16430 6033 2039 8027 16669 2474
8969 17282 13269 6864 692 16292 12388 18839 3891 16739 3683 16751 4925 16052 6330 11675 367 6796 12320 2499 7467 13741 11679 16083 13575 4229
16847 19503 13963 1006 3999 9118 1070 15031 15248 13800 6870 6511 15765 5563 11826 838 14647 8135 12365 15841 15490 13066 5675 17005 6128 8054
3073 292 1453 5899 307 7381 9882 19515 8012 15054 9734 6792 10397 15892 17887 917 4249 5862 15224 1647 15556 19032 3210 17107 9038 8758
11199 4214 212 18949 19393 7795 12537 4908 5806 16323 18228 11087 12263 2720 334 13643 11151 9852 14639 15259 14485 18592 10035 12995 15467 19786
13668 4016 6006 11048 11566 1651 1978 2991 8435 12401 7330 6521 15856 17520 13673 7927 7758 18565 4600 13286 13052 8921 17707 3716 2116 12433
2746 10459 2477 9560 8086 4636 19465 5144 15037 1219 7066 2594 3463 11062 8784 268 15995 2585 19144 16361 14778 11854 3537 17285 1012 9636
18081 6199 9341 16194 5076 8987 10112 7704 16877 9149 9040 5948 7776 7724 11114 19825 5064 1757 12197 6907 14711 2066 10404 5134 19003 720
17778 12304 19890 19717 17795 4456 9596 10802 18501 11958 1423 4358 18582 2608 12955 18854 11326 4250 15463 15402 7330 1830 15416 18322 10889 12073
10186 239 6549 5616 2666 7436 19216 8105 13142 836 16242 643 5663 8163 6060 12555 8330 19664 17716 11941 8562 8603 18075 5249 16972 11040
14210 6481 19549 9143 16596 11260 14922 9503 1266 18844 3227 18023 10316 1485 19096 11250 18241 7700 649 2414 3958 2437 3121 13293 12008 3352
14323 902 969 4260 11017 14482 8388 15637 14266 1385 18522 17528 3019 9920 8484 5759 5758 16349 5846 14652 18845 17354 4497 14239 15782 584
5062 5888 8538 13586 10681 10806 17760 16310 19103 9242 4227 8854 549 469 17139 7238 5326 13265 168 15250 13824 13796 3342 14731 8788 16215
11286 7871 7760 16950 3526 5194 6594 6735 15350 19888 7224 12778 12570 13143 15312 16447 8890 13985 18287 13895 8836 7434 14561 17469 136 16989
6527 12907 19316 13081 15033 10626 14273 18525 4285 12267 1300 17503 14568 4285 7902 7214 867 7835 7235 7086 1765 16357 17646 1671 6745 16265
16224 14093 6315 7271 8915 3202 13254 582 2012 17842 10879 3412 4756 16951 12687 7680 6331 9905 3319 1875 10217 15273 18178 8801 10883 150
8748 13017 11121 4981 5718 9461 16133 11578 1124 1308 7319 12273 3599 12740 17245 13426 3696 15988 3450 19376 13472 3182 2312 18513 8106 5119
14943 2113 5463 4952 16075 5936 1355 19056 8453 10424 14201 5329 5831 489 19432 8118 4686 11217 18525 4903 11219 1700 18762 994 591 13218
16106 6474 15541 10022 139 19166 13140 6126 4291 5346 6383 679 875 14268 3741 17429 13839 1725 16405 19589 13713 1808 1968 2919 9227 7969
9906 7816 10732 1666 7757 17119 2112 10669 4275 13970 4516 1474 1127 8530 8453 12319 14164 10116 6618 1565 17759 6304 16548 18947 13024 516
14387 445 17998 2635 11104 18511 3824 13310 10764 8479 18941 2035 11330 7585 8696 18652 14262 10351 1723 2338 3349 1058 1537 10974 7573 19650
7900 106 9082 11100 883 12057 8950 5153 7739 5471 6066 3682 4196 10124 2736 10411 14746 8486 16416 8175 12791 6297 13327 17175 5145 8995
8678 7577 5061 6358 8273 5850 17805 11555 17334 5124 6066 10504 3166 4149 462 16963 12195 16223 18137 344 16413 4939 12912 9468 19953 7062
7364 13870 10882 13336 510 9112 5466 2220 5683 17005 2836 16984 18138 19976 15589 4156 10382 6097 651 2489 11877 8586 915 14693 7954 17381
10453 17498 13530 4656 10488 8693 8465 14581 11052 16145 7647 1140 1017 19128 2785 16826 6550 1127 5267 1864 19952 19075 6149 973 5456 6036
16829 16899 720 5294 19962 6200 7466 14984 8076 18283 1623 314 1547 14211 11434 5555 15508 18470 527 12140 6579 6362 6135 8785 3192 3712
17530 19379 1112 14435 16206 3777 12723 11343 14112 17381 1350 17369 7760 1820 5355 6091 15951 3747 19275 9968 11032 13502 313 9624 12128 17555
4721 13054 18142 18777 17241 15460 18900 1689 13490 16456 5816 12879 5814 18308 12091 6668 9421 14734 13910 3341 8340 12079 17175 9919 9019 10208
12670 12429 8175 8883 13802 2149 17462 7365 15146 6193 1724 1913 9702 2549 12648 7305 403 751 17744 6750 8600 8107 4471 11039 4991 19835
14081 3487 5080 6118 19968 13124 1801 16466 10246 8093 2782 1924 19013 17693 10620 4895 16759 12017 12001 18125 12427 4414 13782 17959 5611 7844
7825 10260 9249 5886 2984 12511 14681 5287 2338 14175 783 12585 7460 12369 9492 16221 11387 6771 16672 14331 19490 17273 8708 16892 12240 18311
3821 2910 1708 3852 3695 8189 5107 15125 7498 2232 3046 16825 9382 10266 6897 7070 15000 14244 11570 11858 2194 10309 16634 3393 15132 6735
10883 695 11955 2273 16079 2565 1670 6028 16265 13420 3812 12854 10639 17543 18483 10036 5562 10322 15925 13037 9813 13743 761 18216 13544 16362
13276 10563 18619 10862 475 4282 12060 18489 4725 12213 17235 9419 16947 519 1009 17762 11556 8255 1340 1973 12527 2883 18538 975 9688 14823
12370 1683 3126 15357 6664 17238 7327 14674 12495 4049 16999 10767 12186 14981 8485 14587 2526 11896 4521 8010 6893 3496 4581 17759 2568 137
9412 18202 7599 1931 5255 1233 3876 9075 4368 8849 4388 3195 16840 6992 667 3592 16603 19223 11726 3131 235 15415 2304 17846 1122 8712
1040 11392 7586 3382 16705 12697 10990 2045 3190 3099 4107 9694 14442 9945 1739 10553 2093 7020 9989 2320 6295 2552 19214 6241 16082 296
3236 4087 19200 3539 9949 16328 17490 3629 3998 1854 9265 5911 12240 3571 11781 2702 7575 3322 8789 16026 6975 17437 18336 8500 16711 3743
15292 18608 7913 6272 10574 17161 146 17920 4864 8616 13980 8640 9429 7428 6764 8182 13884 586 13286 11330 11208 2222 19613 6780 3996 494
10402 8961 14381 1796 13593 13703 16217 15104 13048 15040 18640 3804 18416 1775 17914 2415 12642 1301 16348 1676 5338 7911 10939 1102 13950 16740
298 10632 5015 15254 18428 7628 7599 16843 14105 17972 18475 14797 14451 13023 3597 7027 17001 8066 11284 4536 18544 10455 8718 1595 17265 12787
11481 15194 18033 4545 19152 17370 254 12533 17695 17852 19429 12267 1258 3540 16365 9365 5676 6378 14928 16975 7958 9344 9383 10262 11068 14062
4888 1627 10871 8659 535 16387 7379 3758 8377 9514 9233 6540 6550 18741 8014 16582 7560 6318 4468 17709 4733 16546 6321 2709 13525 10336
8875 5545 8370 18855 17646 633 7776 9188 6660 16254 15534 5450 1617 14661 12320 6430 13321 6119 12716 10202 6348 5493 12947 14248 19198 4697
18480 8474 19924 18434 6004 16033 8381 2827 5571 16488 17746 6212 9361 18839 17282 1349 5289 9075 7520 5863 9616 11469 15225 11575 10026 11402
3817 7579 17810 18914 5207 1070 17872 3608 19548 6029 19869 4999 2819 17074 3108 8456 19662 14380 13455 3674 8310 11548 2230 12738 11392 15795
15080 11855 4704 5181 5942 5013 4504 1539 6798 19731 7961 7712 11495 13544 259 5639 4711 5474 14241 7345 351 3330 10205 4458 4082 19492
17647 12563 15107 6352 18947 5210 11885 12693 6471 13297 16120 14839 10180 11747 2374 13447 7577 2206 10033 17986 11627 2042 3486 18217 9876 14956
8623 4978 444 4553 17195 17614 1083 8562 378 4807 5912 14876 825 5592 14855 12449 14055 4721 6830 13130 11397 14041 12670 2504 16489 5025
17688 12422 9506 2947 2299 9837 19861 13079 5892 8358 2198 11230 1900 8318 6023 9491 1501 5916 139 7900 4250 11772 18633 10050 3203 1673
14362 13907 5902 11319 16910 12555 7548 5998 3213 9515 2900 9540 12131 8951 1897 2605 3285 16313 19566 9330 2739 3562 13251 11295 19768 14628
18892 18230 3823 16641 1938 12884 11679 11158 12707 11675 19715 17571 15196 18590 2092 6411 2403 19227 12777 11023 19666 7723 19064 10829 19036 2503
1280 13771 14814 6984 13633 19362 12483 9013 5953 2520 2790 5356 16448 3390 13229 12613 17263 16718 18832 7874 9939 10402 604 12893 12657 2383
4367 4507 14878 12591 206 5224 10847 16503 8280 8350 1021 13831 3211 6126 4522 2338 13163 1082 12672 18250 5795 6464 3907 11317 4651 13659
10503 19936 7596 15944 12529 4307 4135 15856 2647 6313 11918 3487 19741 5299 10433 13059 7845 1862 8579 9094 17065 19248 1562 2206 16693 7415
1387 12121 15425 15962 2770 17724 14089 1704 1666 4788 12226 6600 453 882 2952 3255 4717 10008 2803 8336 7860 10530 15973 15798 12108 9518
11145 13073 15203 12313 2834 6829 1688 10991 3734 19163 3247 19256 11671 19554 1114 8272 15300 3573 15693 658 13621 14769 3083 10150 19710 19944
277 16001 11716 5431 14508 8665 16713 16560 18416 9092 14369 10206 8866 19946 16962 16002 3752 10638 4164 966 13969 7732 16295 5120 1115 1761
4143 14442 11715 18492 17099 5525 18265 5677 7621 984 7159 17413 12370 7476 2750 17482 6903 4510 16042 6074 9474 19826 12116 17664 11385 18681
219 17129 11061 18224 1624 9713 10029 3216 215 4275 12914 11175 4100 4761 2189 13534 7276 6354 8113 17609 19877 6973 4357 13455 14861 17084
19748 12160 1211 12137 18405 19702 5268 6379 16527 8029 10043 12394 538 7684 16740 10741 5523 13037 346 19245 15112 17384 2097 14798 10916 2464
16452 9772 11036 260 12278 5676 6748 12178 19908 12553 6574 9372 5365 18320 9426 11045 12051 18382 833 7225 3845 7255 6503 471 8901 945
18975 2807 17816 8309 9541 18175 14995 8018 7519 6158 7159 10214 17700 10122 8367 13519 4243 11009 8318 1602 4017 2843 3344 13828 12481 14931
8257 19297 18777 3660 1980 16124 5588 12309 5019 12035 14844 16348 10610 10909 12148 11476 8899 4217 17665 660 15886 17215 10725 12117 18677 7296
3812 10351 4767 11482 2118 14381 5666 9183 2981 17671 17996 17691 18222 6280 9741 11578 1672 17907 17278 9732 2127 4850 1971 3638 5204 2317
14376 5084 14747 2330 18598 1738 1881 13410 14256 17960 2929 19187 1387 3556 8983 7212 3978 16331 4009 19355 6689 18709 1254 2922 4305 7035
12292 9580 1493 4185 18047 14513 701 14830 6954 1943 6864 14457 8687 10065 4889 13094 5634 10316 4413 18258 9420 8875 6859 15984 16321 1251
6405 12880 872 10390 5131 16086 2218 17039 6312 11754 1331 4403 12026 8862 10072 14397 457 13978 9290 16790 10319 4331 15179 6115 2153 2742
19083 6539 18153 8588 3676 10128 14028 17942 11616 11929 6055 3007 130 5037 11414 16989 3623 14950 14307 7041 10258 12254 16183 2419 14242 16118
111 16371 18329 14983 17461 14499 17667 8707 1866 18313 2680 12558 17571 1495 13413 3527 3458 1252 2632 12 10867 17443 15277 13272 13085 934
9301 1798 19505 13461 14035 15812 18873 15264 15920 5475 12601 11073 17355 9044 15921 7088 552 1486 18228 3227 16294 11871 12065 3610 13221 13780
8884 19435 9640 2117 12333 8727 5344 2682 11540 15844 18961 14893 15615 5180 12969 10715 10213 11336 16131 10735 571 11651 24 10688 4635 3373
14297 7407 11689 6688 12050 5831 1100 15397 12666 4026 8603 2143 18554 8649 18396 6190 1818 3491 790 2696 7052 7187 4546 792 1573 12282
15118 10944 3616 13256 7974 2961 16805 7610 16300 7398 14219 10326 11095 13756 10963 5246 13047 15225 7863 6976 8867 12376 6235 14361 6934 13928
2805 10247 17997 14283 9605 5116 13789 17794 6993 7702 16140 19829 9700 4923 5315 14281 10601 4323 6712 4487 12852 13668 9241 932 12273 7044
7364 11092 884 18738 13852 9449 18860 554 6724 7362 2418 18990 17114 3654 12234 13757 924 2970 1751 2992 8043 3493 10662 19465 409 485
19267 14897 14667 16077 11617 16354 19877 14419 15779 15934 3316 2192 10611 8415 13186 6746 8414 1653 12019 4258 10300 6860 13624 7993 12038 16817
3361 4072 11954 6936 209 1881 16492 1373 15436 15819 15393 12318 16283 15705 19339 8107 6471 17525 13311 14022 19255 16188 2532 7721 4151 15890
5821 7277 2068 3780 15987 10519 12875 7490 13245 19641 9363 8761 13535 19565 5427 10537 10806 1496 13775 10221 16201 13659 9074 4122 2672 5347
7114 5339 6010 15836 16836 10934 6520 12480 4429 13947 18903 18952 4 10647 7452 19751 1770 6324 227 8060 8556 13134 3128 7961 11561 128
10102 6869 13503 6072 8270 13236 15592 15278 11701 19845 13510 4083 12179 9738 15243 10855 4112 4028 10196 11886 7244 2929 13187 6854 499 7035
5613 7851 18867 5057 7064 17418 16689 9066 17072 10562 12097 15526 10622 15935 10334 1065 4607 6210 12734 7206 1979 12069 15756 11182 10361 3812
10660 18639 2427 11951 7679 14545 12937 5960 17180 9115 7066 8489 10591 4394 5769 16664 1113 14704 16276 4616 5751 12922 9850 12827 12462 16863
2926 18818 14956 4885 1648 1150 17783 17672 2379 17448 12888 14747 16021 15176 15361 18117 5755 10885 2448 8096 13449 3543 2242 9870 13885 3483
12955 16548 15548 15216 617 13325 16289 17930 2284 979 12423 5324 11194 14676 1708 2610 19593 5082 12719 9093 9594 3388 3393 7885 726 19382
14559 12584 10990 1314 12122 2385 15173 19186 3179 17914 6168 6121 4460 12156 17441 5304 14326 12136 17165 6638 18772 17675 4447 2731 8450 11645
11444 12719 5153 15266 8140 14453 5517 17560 18892 9843 18903 1429 8719 3252 17484 18562 2630 17288 18719 18854 12097 15820 4130 7272 4476 3897
15404 16208 841 14951 11678 13213 8833 9327 8357 19922 10317 8971 15287 19876 10459 15207 11297 15116 15315 1172 1451 9274 4232 10526 10156 3455
1516 7318 12498 9129 1028 1701 17681 1724 18245 15269 2450 6503 672 45 11588 3516 10968 16455 287 16705 11116 6063 1896 19908 10660 2187
13259 2792 12605 9380 4011 12758 3071 19808 653 4929 4846 10851 7492 2573 2863 11308 3810 10295 19157 715 5814 2127 14828 18254 1427 4894
13819 6227 6304 4403 11101 10252 10523 168 19281 10490 1395 18607 11175 13815 16202 9628 13072 18749 6233 14413 7401 7750 5466 775 1894 6967
14828 15177 4903 5149 7229 8011 3143 12642 18901 9825 18433 10238 5184 15864 15526 17727 4838 8078 14397 18658 8338 11169 12475 2485 13698 1477
1144 4506 15990 19406 10924 18115 13169 16473 4296 5818 10055 4958 18379 2498 10792 18078 8817 19429 14064 5526 11663 11856 10907 19571 13262 17625
8333 14044 19130 4538 4750 18578 12752 9782 6638 6575 15294 9265 14194 4894 10271 2494 16821 15532 17204 3138 5713 7977 6337 10378 10509 16558
18106 17216 4471 9902 6364 7775 10092 5043 9351 15566 14849 18 19353 1292 16808 2482 4647 73 2962 9651 10917 11109 6053 14351 4929 2879
3424 19674 14073 1333 8278 11436 1047 11442 4372 6968 19668 17288 3142 4949 19040 1617 18862 16327 19799 10077 17330 1441 6249 4537 2076 8761
18384 13738 7696 18261 12924 7569 17116 9309 17113 18452 5773 12186 10087 540 15106 17163 4413 17875 18058 3611 11781 3572 15862 17770 17588 2760
16705 14044 2387 15504 10503 11463 15833 3895 15756 4454 366 18984 19896 3835 3820 7466 13370 18071 1632 1445 18609 18041 6377 261 9802 5884
5149 268 9941 14435 7940 2288 4941 18289 16246 6612 15241 6362 15947 1238 289 17389 9359 2356 1251 13696 10012 9466 11204 5585 7774 19443
688 16013 236 19911 4553 2474 11977 4553 7405 12733 3697 10419 18988 8967 6780 16216 17294 1673 2684 10100 4355 560 18616 10053 9285 7391
364 14005 13802 19712 15738 10774 16686 18831 10874 9744 6005 8764 8650 15172 2515 10342 6940 1471 14424 10800 11063 4610 1027 5234 7167 18504
8223 11652 5757 3969 14341 18351 5307 5112 16844 238 7600 1336 17664 11238 13394 10740 8682 749 15528 10258 14697 16906 6039 18649 11323 16658
16272 6048 5508 11614 8503 16684 3890 5156 17483 14581 3490 588 9376 7998 18741 8219 2277 13711 17154 7337 15010 7498 10704 10147 6849 7013
19532 12491 11264 17272 211 4674 14161 4691 16484 16620 8195 5306 18434 11899 2931 12178 16822 14102 15638 5716 16259 6732 3095 8337 3715 16079
3176 6394 6500 16777 2516 5709 15268 19258 16578 16278 15676 1994 1204 5223 19548 16760 3643 12294 3024 12962 15063 17581 16672 14076 15822 11276
10917 18955 7588 8563 4690 15462 14097 10993 17120 16603 17469 5439 13801 3863 6071 3310 11388 19727 6966 5092 18521 19114 12435 19786 1032 15995
19530 6403 14140 14823 10972 11307 17829 17178 5481 7631 1627 19075 10337 19460 13562 8052 17455 2662 5605 5574 13437 1701 14160 12223 5614 13764
14377 13281 6426 9449 18183 2029 14271 3259 1837 7325 6269 13965 4284 9986 1233 8106 5838 10912 13169 12783 12762 19260 12743 3775 9018 10771
17482 4899 17481 13543 16028 16293 13526 16605 17336 2673 11233 11805 386 3698 3105 9998 19872 3262 17488 9729 2956 2080 1442 16925 1548 19678
8252 18547 3597 6018 5229 5144 17912 13061 6289 4484 2433 11989 5426 14928 8698 6179 11978 1630 18450 443 8086 7687 17432 6437 8756 6364
14375 13897 7628 10896 8895 2365 19784 11110 15819 7308 6737 2278 5151 1842 15408 8954 10550 14314 1521 16321 9200 467 3285 10973 3653 25
19315 12350 15691 14099 10832 19976 13740 9007 8750 19727 2522 14464 13474 15037 13777 7155 18168 17530 7411 14682 6036 10062 15640 11689 13635 15748
9418 12673 17678 19097 15900 11534 15501 12042 9327 17909 3356 15471 12238 2498 17599 4797 1491 14465 166 17016 18146 1967 8510 3469 7022 6133
1304 16077 18280 17272 4400 2228 13422 19246 5177 6190 13178 3209 14051 4332 5885 4085 14073 9171 1797 1751 15150 11423 13895 8285 3590 1478
6156 19747 8907 16916 16202 10772 12757 1802 5572 14121 10104 11670 15634 8527 17594 7877 8123 19886 17824 2703 5339 6772 14677 14229 18227 7258
5196 4840 1411 14930 7850 13853 9036 16792 9024 13808 8565 6925 11217 5336 4035 1642 9262 8220 17980 3127 2535 5430 18701 19496 19345 5262
1760 10017 10761 3053 12279 16235 7421 7941 16264 13648 160 12930 4475 13680 9705 5885 11499 5154 11432 1151 317 6868 17575 201 4398 7641
10171 8918 2935 11245 11272 15720 7838 5385 9427 14103 14786 31 6088 4718 12405 18154 15603 17795 19308 9861 16906 16283 10571 18771 8926 13321
1880 9632 10263 12521 5448 7905 11303 116 13435 9121 8926 15598 9791 5633 12378 16316 14945 17388 503 2119 5875 9700 1483 7834 6211 11155
10624 19758 8031 12864 6185 4081 3593 19912 7974 2041 295 14197 7283 16361 5812 9560 15627 13167 16143 8638 6258 4842 18704 15636 3548 3894
10054 345 15221 5300 9023 14003 6221 173 4159 10045 6387 12568 5693 6796 12975 19280 7681 7179 5109 4110 16566 1863 2102 8712 214 13054
17625 6305 8425 5102 2112 13667 7436 6112 9632 14944 1328 17450 4028 4205 15831 10142 5098 6393 8126 3217 2007 12583 5885 8147 641 9559
14267 16516 6451 16385 3933 9829 894 17808 2752 9385 6260 10564 3657 15240 7833 3467 16973 4815 9182 1454 9925 1104 2287 18837 6519 12969
8445 19599 4784 9575 15909 10602 15083 19832 6431 17982 19644 19843 15285 972 15922 1462 632 13896 15699 461 12123 6178 15971 3176 9326 5032
10842 13138 15395 9544 998 5256 6384 19363 19785 9789 12754 2272 17427 392 10719 21 5984 12126 19151 17097 7590 316 11982 2685 11550 7076
16990 3182 13237 387 15446 2417 1845 1304 16043 5391 12475 7380 11489 13705 2035 4314 5214 14864 11631 8756 2900 15724 3539 823 13700 1794
6899 15174 13199 10223 120 8005 17462 3170 2658 2816 12950 16917 11252 13944 7405 6213 9023 13341 11383 6344 9563 11050 19509 10778 6375 17332
14958 9788 10024 6521 13487 10858 15383 3284 5698 2016 14147 6232 13826 19409 10203 4170 2294 10166 6160 13802 19301 15675 14431 9688 9927 10021
12909 12619 1343 51 17617 11478 8569 2613 15731 18190 11070 15348 6737 15417 11839 8953 16715 8572 14953 4192 9679 10118 8792 4285 769 1470
9650 8838 17499 19254 14674 18199 13963 2931 385 9135 2593 17486 12130 13627 7927 7041 155 14926 19734 13199 6246 5233 18988 1360 15035 17249
275 360 16977 16433 2616 9597 1436 6445 2018 12888 2457 18714 14001 11532 19596 18698 13055 1591 15311 17886 10947 9786 12832 18074 887 9925
18748 16176 5892 10125 12532 7936 4073 18505 14693 9509 19609 13527 7828 9399 3058 3719 16137 491 11223 17590 2127 18427 1905 10927 2416 16904
12178 18459 10725 1676 10387 9057 102 1365 17526 13059 7158 17702 12051 310 17342 19040 7568 10339 6515 19988 18111 4936 17470 3895 16137 15119
8628 7002 15809 10087 3233 3623 11218 15874 16347 2343 18340 16984 15519 14988 16995 1992 16202 14517 2854 8948 17613 12446 10900 5187 13445 5380
12018 14334 7539 13818 4170 17792 891 3444 6995 19238 4429 14693 18444 11447 8069 13638 3095 6552 8825 12877 12090 12052 9865 11291 497 13695
14583 16296 6532 792 1764 13999 8143 5047 7730 14810 9847 13419 2614 15166 6431 5769 13574 1164 4695 10193 6541 13976 845 8077 5304 6178
13453 15681 9771 11395 4781 17790 14781 11330 16105 17438 10740 2492 10393 19220 511 9691 8568 16272 5880 15207 520 3884 10048 17475 1316 8505
774 7396 16370 14942 4488 15868 16698 13068 10372 14372 15122 10275 251 13783 8502 10320 7912 462 7025 1769 2271 14034 15948 11609 1489 6391
13268 8396 3847 12239 9856 2410 10424 7318 17443 5329 11243 15118 11106 7578 1754 9473 18712 1723 17579 18297 16751 11164 17315 14481 652 4845
13427 5118 1214 1517 9269 6349 7770 13599 7819 12426 11821 4958 12961 2805 1322 2406 5235 2371 19681 9997 17028 5530 5681 197 4115 14453
5236 1616 2311 8489 7244 12299 253 4315 9800 17572 6653 19099 8190 18683 12467 10205 11993 2899 3275 19916 19791 11322 4090 13875 6873 13311
7667 13265 1014 18093 19783 2215 11962 10033 16249 15395 4585 8193 5635 9718 8418 614 1513 8350 14286 17676 9951 10780 12774 7070 7845 17221
12580 19996 6009 15258 11048 4526 19229 9522 10542 975 15960 11490 11094 12791 7220 12728 8731 9977 12948 14318 13055 4061 14400 15292 4793 6370
6292 14282 14606 18712 13371 16965 13405 18710 7025 161 14683 1055 10827 15532 1414 12588 18110 2657 4240 8149 17501 15948 16439 14048 6445 8002
4225 15153 9881 9303 14158 1691 2362 5798 7628 6657 13975 1624 11826 5042 17042 5462 2264 9 17348 9732 10879 8928 2542 10198 4625 1401
13159 5716 4237 19172 18415 15885 18606 14185 9574 6248 11351 3898 18076 8593 13749 6375 4338 4486 359 3316 4364 17754 11419 11557 19484 16576
4643 7095 1535 8945 2019 9123 16876 7182 10072 3831 8062 8521 6488 5303 11297 5460 16786 5387 1576 15942 18151 688 18858 16984 18153 9470
10589 1031 16382 16396 17579 17044 8916 5341 11974 2153 4219 7342 18364 1460 11820 3103 2832 16673 14164 10878 4012 7632 15457 4245 13930 16899
19231 16820 17443 21 17326 14361 17375 16722 19967 19344 6290 839 18572 19314 16173 12524 2496 11531 4678 18611 6646 17329 6241 3630 18557 5590
1313 1594 11627 19015 2127 776 1995 1639 17886 18733 3597 8552 10530 4113 11761 15954 11593 1774 10933 15505 13609 13751 8067 4490 4814 6409
12496 14828 13738 3543 6456 9558 17897 13367 4720 15170 15123 9840 316 10790 1665 6183 11961 14855 9130 17516 16065 3353 793 14986 10885 2555
11144 7252 1728 19544 4960 19578 12604 12329 13202 15769 8601 15946 376 5863 4614 5121 9592 12807 9734 5816 987 1478 9396 14860 5755 11872
12510 12894 6618 9755 2647 12083 14569 3954 18625 19160 15900 10418 7160 18720 8281 7400 1263 18839 12096 7186 7506 2603 15956 8184 13138 4998
6703 5088 15957 5127 15358 18063 15398 10067 4416 3879 6695 13922 18290 6029 18685 6303 2071 4452 8860 74 7426 491 15886 17440 1908 3188
17275 11397 8274 15779 4617 19607 13571 4314 18631 6211 19725 18064 13576 5201 9147 19014 19395 14999 15675 13209 4816 12286 16432 7042 10401 7231
13109 9580 18990 19254 941 5329 5811 6421 2938 8948 17480 15746 16719 6642 14783 13626 17241 3815 7812 1188 14164 18506 6261 18482 1735 259
6357 11987 12698 546 19945 2608 13425 839 11972 6003 6440 5797 13958 1315 11985 831 12958 1919 3241 4216 17867 12984 4466 4466 6786 15008
8761 2335 343 15580 10008 532 5253 2770 10477 82 8922 8130 11870 2377 2755 2328 9552 6837 8558 18339 18330 19137 17542 19447 11683 18139
1820 5887 3181 19303 10302 8297 406 10128 16811 13889 6627 11365 13248 15818 10623 11643 18245 3123 19397 6871 17827 13091 16836 3202 6042 16199
18615 6672 13047 18837 5297 18334 17336 7326 6544 7424 17097 1721 5223 14731 16031 3304 2203 19083 14123 16 10364 9159 3558 16022 9662 10169
1171 5704 5570 4994 9825 3982 15466 13741 15992 15389 4656 11646 2493 11191 4757 13924 10995 4766 1195 3666 10124 18610 14529 16999 19830 3003
8832 9270 14148 13623 18726 8383 5673 1633 19103 19347 14464 13460 5451 8109 5540 13751 608 16853 9050 16836 1335 6634 10828 5972 18552 12952
9642 9684 5977 9547 19536 18130 6858 19306 12293 6753 18137 14957 3180 8499 8251 1386 16267 18830 14774 1766 7785 6350 2929 7020 4903 10520
7876 16260 14845 9541 847 8408 9090 15981 14061 9005 11743 9750 14413 11810 14615 1333 463 16864 11718 3117 5323 6384 7426 13570 10532 15623
13605 3815 2435 11776 18847 4014 6419 8237 15269 5579 2214 13453 1008 11659 1057 14953 9727 13502 17814 13693 4391 7322 3155 18533 8443 3991
13737 1912 14475 4182 19504 19590 8522 12414 17005 10826 12913 15205 189 17719 19420 13647 576 17875 8443 1444 15275 18477 4970 18712 16363 19329
11243 7148 17823 474 19051 12726 14656 15109 5923 4236 1079 2870 6365 15208 12900 1697 26 9170 3147 1636 7637 6408 15834 5144 4162 1001
10583 17077 9097 17097 2339 7636 16891 290 9270 2736 7040 19168 7275 19915 15965 5958 6764 14919 17967 19612 14448 9296 1474 6010 3587 7777
16021 7407 4415 18017 18711 11314 11497 11508 1528 3330 14026 1699 6862 8665 12435 1184 14123 1679 11186 7402 19262 2926 17214 19400 17576 7641
17845 10324 10667 2930 3994 3605 12908 3817 6804 8950 10348 4107 14149 8832 6945 17221 9844 17072 11984 1447 2473 15077 10823 7353 17422 19716
12190 7090 14165 11875 3299 3405 3607 18106 9774 5046 13796 19677 9956 5999 6966 14948 9130 5674 17493 10905 18836 15035 15281 2137 16683 11954
