365
41 65 79 1 33 19 96 25 33 11 25 65 7 76 24 64 3 88 67 46 58 97 16 44 82 21
1208 11392 19872 992 12729 19111 6219 4873 10528 14320 14611 3190 685 8183 19792 4840 5111 8080 16770 11624 9761 18951 571 8233 11504 6827
12869 959 2271 3197 8175 3217 9681 4558 13630 15650 16184 18534 19460 11738 9664 3109 6704 9934 7078 5263 18862 14462 15605 17895 10520 8530
3105 8450 807 1149 6185 7250 15456 10683 16521 16550 10068 7988 8846 4659 1755 16374 17621 15317 7816 4208 19700 2998 6938 14436 9125 15311
13935 8477 10215 12318 17527 10440 15911 18036 16135 194 13364 7079 14878 9927 18600 16419 9521 444 1645 13846 13934 2109 10585 8131 11192 19591
4970 14642 18818 18196 11282 19431 15628 1624 9441 12485 3359 18597 17524 9311 10073 18021 17364 10136 723 8806 12358 10517 13382 8278 11921 18849
3445 18526 14745 19866 15390 2445 8330 16305 5317 15782 18848 14317 12940 5999 14718 16338 14779 4161 4206 2024 18610 2531 17518 14806 7761 4783
5565 6215 14854 474 11850 4694 359 15792 4602 4238 5061 289 15742 16510 158 896 1840 12159 13066 3550 8955 8602 18327 10709 604 8434
11879 9146 6165 19715 17540 14729 9551 2100 1950 9358 12651 18469 19241 9621 19696 1767 18679 8466 7528 11124 9284 14147 10510 10047 6766 10909
19522 16099 2217 8640 7808 17145 14916 6964 13045 18053 10500 3639 17994 9553 14500 18647 18744 17856 9842 15884 17981 16946 18249 14047 8293 9001
2170 5323 9205 12817 19794 2853 38 6287 17662 2994 7833 3698 13819 2994 4406 5415 17328 6300 5975 19754 7275 2278 6433 16033 11473 6915
15858 1497 18446 6074 12674 1989 13205 12719 7437 18256 19603 9014 8038 7461 14998 19701 15728 18829 9825 3213 6536 10916 6547 19301 5593 8032
5420 9565 5794 17978 10751 14353 13948 11827 16679 18768 16118 2405 1300 5796 5464 8891 10677 11091 12041 17425 9760 5629 10069 9242 1159 8352
255 8999 9087 18965 2632 14025 17829 14590 6467 16980 980 17939 548 11722 6212 17625 1827 15587 18683 14624 15579 19483 60 16839 5657 14665
13813 7615 2497 14659 12156 1030 10679 7101 2368 3357 2988 298 2634 3482 6647 9896 12460 5077 8076 11983 3838 15758 4332 7962 766 17952
4641 6041 8852 13935 18137 8138 2172 2804 9958 6725 15116 17271 2400 3130 5494 2622 11675 17120 18315 5481 11802 9487 11886 16585 3799 14738
5332 10423 16109 2978 1170 16717 2129 1714 7207 12414 881 19995 16868 4942 19741 1231 2483 6202 7313 11930 19613 5913 11275 8683 12908 4587
9345 19051 6360 12385 14021 5954 4981 14525 13494 17094 5617 9926 10497 632 16472 14468 11953 14996 13557 2194 1088 13280 10558 8213 7337 8877
11469 2436 13354 7622 2270 1931 1040 7721 7211 798 4728 16969 6468 13340 19666 19290 16873 16800 5021 17428 19035 3331 19604 2231 19837 14338
4112 7431 15012 5089 374 8193 13145 13119 10823 15358 11009 9129 14687 5807 10790 7287 17470 15000 5341 13708 7988 9450 1115 8047 11790 11642
2080 3789 17536 18646 13221 9895 8111 13265 11641 16936 7213 16203 1225 15452 9353 9577 19574 15911 11520 4802 2334 3754 12738 11800 17403 18206
3769 7650 8081 12877 16664 10934 18509 15353 6161 3032 17118 2633 6331 1117 7925 4323 7442 8627 19741 5096 14291 2637 4006 466 7548 689
19208 18310 11373 19880 12920 13413 17350 11407 3724 4892 14495 18076 19108 12558 7668 14178 5290 10219 12279 6179 18188 10519 19374 18690 1650 5181
14286 12533 3584 19669 4685 3224 164 17848 12714 2966 6729 17478 838 17200 12196 6344 9005 4892 12619 2658 7477 1806 10676 13845 6612 8813
3218 5926 12882 5029 7421 2891 18110 5087 17362 1549 14272 6956 2341 12112 16729 19185 16457 7176 15732 5640 14941 19509 11600 16193 7399 6113
2173 9177 16268 8860 16166 7248 10693 12292 8044 9432 15385 1590 13052 4301 18394 5397 12183 19659 12330 5124 873 6308 18786 19992 12666 15149
14844 13606 8898 9568 8101 3153 17464 7415 233 1216 3086 5449 294 4390 10411 1531 18754 4758 10369 5494 0 9638 17814 11592 4714 3289
7314 1186 14291 17750 15587 19193 14602 13046 13004 8710 15106 5688 13881 3208 17736 18563 16603 3792 17841 19667 17078 13105 16459 9283 7523 8554
2628 11451 14370 18308 1175 7178 7539 4318 7063 11277 1617 6019 4899 1274 7257 14987 14659 11867 6429 9058 7762 545 6277 6059 8561 10181
16904 11785 17188 19394 5628 18940 19680 2091 11885 15233 2842 5730 2434 7507 18100 9013 593 5356 11095 19732 18119 17389 1361 16956 7380 19187
10812 11225 1086 5748 9253 3975 19950 16893 5776 19854 13451 2848 18498 3836 5139 1524 8605 4802 16905 9460 13490 7559 9956 19010 10525 16436
10665 12004 15564 1151 3743 1448 2573 16524 10118 1116 3070 5590 1147 13446 9609 8310 7677 18550 15710 7895 12519 19926 18128 6993 14475 571
12598 18355 13567 19784 11330 18928 9437 2425 12527 17963 10273 18170 1863 4708 11160 3653 16820 2774 11400 8460 10639 14509 12991 16377 11594 18872
17781 1745 2402 18327 14125 18990 9055 9721 11356 5345 15124 2514 7879 8506 12934 12536 11101 10332 15225 15086 12330 5582 4459 2047 2371 14327
17393 17527 16192 2042 7177 4654 18896 9762 12905 3532 17409 6058 13271 814 2635 13473 15782 12676 11463 6572 6844 18781 13841 16689 3608 18688
6761 16305 4457 13764 4816 1765 18229 4423 15982 4116 19009 2098 14612 7618 11279 7310 5844 16380 16933 11252 14560 7340 6419 2262 18713 3302
4941 11283 12049 8546 16554 15438 6504 4660 4843 9406 19934 5414 12938 12608 18557 7885 4141 16180 7354 19578 1577 10306 18389 12397 17703 167
6773 8779 6222 11022 14001 6515 16595 13256 10531 6238 3071 16053 6531 19641 4668 7357 12619 4612 7182 1716 10640 3512 1870 15156 14853 18870
15909 10906 5263 16222 14177 17665 13314 13928 13971 675 4352 6234 12816 206 18846 16078 15508 2506 14277 8175 9023 1412 5939 7392 15391 19866
859 18901 5377 14193 18010 10070 6621 19549 18061 11141 4137 2077 6184 10693 16654 19258 16895 9788 19082 19588 4751 5224 9314 11101 762 14116
3011 2190 2096 1381 12540 8189 7767 14946 10997 15548 1490 10382 12982 19929 5990 5124 13213 690 14625 5311 5009 8145 16813 5744 18811 957
1646 10560 10021 10343 589 1599 12262 15768 18413 10112 11826 5683 4013 14426 11279 17607 16630 2262 4361 5482 14169 11221 19899 6698 5951 18992
7577 1941 15628 18158 8971 2238 719 8454 4146 7037 12068 17360 4419 2119 16310 11184 8003 16017 12263 14175 8013 8750 4710 5582 148 5699
1397 14043 809 13879 4271 16573 3022 10325 13663 7319 10499 14304 905 8515 1029 1990 8808 12516 7966 3858 15501 15327 19149 9727 15750 4183
1321 9773 12402 17104 2773 9607 15573 1813 16082 17071 17743 16974 18165 16677 18022 18601 12505 19705 14216 15929 3108 11878 12402 2805 2510 14222
14872 16285 8814 1252 10035 12 15886 5121 17771 17917 14891 18159 6288 12238 8981 12642 12290 15817 15104 18712 11 13654 1205 7908 7127 18635
5792 11211 4122 14402 1002 4407 10530 16352 6901 15606 9207 12557 6738 3737 11182 11994 17404 15344 16449 3188 3429 16848 7153 2315 12594 18284
5653 14894 3720 18242 10412 16507 4242 11720 19269 13207 5850 1561 124 15671 14319 13209 15209 19362 3422 7823 1934 9992 8002 3658 691 8545
598 13300 8198 14680 11587 5051 4979 2277 12422 18393 6159 9902 3355 10911 15890 9451 9034 6430 3280 1554 3128 12990 2552 6833 3600 16015
17419 12932 1463 2902 15027 17053 17130 1839 7341 9640 16234 14224 7474 1285 11235 13453 3887 11963 6960 4963 11392 5547 16007 3973 4177 1972
13822 4008 14203 12849 10212 1603 272 11488 19501 17152 8712 17772 13726 6118 9450 10236 2414 18447 9082 5150 16374 3225 1165 19424 15364 9988
2351 18273 5663 15396 3758 17862 5308 5916 15857 7698 15376 12503 14287 17410 14871 7320 6024 2713 12107 13774 7619 8879 11447 14972 17432 17168
9406 17560 11008 18646 19118 14011 16581 7647 18161 18440 13005 14851 8905 17707 11426 461 11667 16568 150 8473 1261 8750 18242 18355 13037 19134
523 1246 11047 11476 10698 11255 3577 18421 13429 18635 552 16745 14687 5740 12827 6657 19937 4887 12964 11692 11447 47 6917 13793 7578 2409
15318 3188 9202 13530 6693 19672 224 10938 7755 7630 15686 5779 3706 12255 7930 14566 5127 18246 2416 13 16278 10942 13595 16449 93 11248
17193 7225 7838 3492 12555 530 5007 7580 6513 6012 15655 8689 9328 17243 10986 7292 17921 15451 19542 1140 14933 5765 13948 4158 327 18506
5273 4339 18807 4342 7323 19612 7405 11726 18603 11152 16131 3631 14391 1018 68 19587 10094 7213 4417 11913 6257 6625 15344 4811 18442 11366
9121 10750 14960 12516 16511 19656 14216 4328 1772 11877 15214 14757 9580 2476 14925 5239 8779 3617 14353 16123 3775 19237 12081 14639 1651 14066
1141 7443 4528 9202 18920 13309 2049 8574 7281 2610 16833 13077 3327 9877 9827 1761 4436 18705 4502 13401 529 12823 13301 18334 7847 7338
3885 15708 5663 41 17072 2551 8121 10830 1080 1391 17958 3549 15244 3370 14060 3145 5245 8348 18490 15548 17470 538 11127 14708 6723 11785
12646 18392 15453 14224 17981 15770 9531 3452 5310 11533 16706 4846 1777 15471 588 11067 10507 5266 11091 11671 10971 14443 8607 1512 3085 14211
19181 7754 16106 10984 11672 12980 9852 355 12541 16489 2532 12493 2214 17375 14425 3533 7200 5342 18066 17964 11537 15927 13899 18743 14185 7103
5943 12507 7664 9551 1828 18435 16333 2773 12934 17747 2477 9955 14768 15602 11380 17358 15505 18138 15641 5315 12819 2561 15657 11063 19420 3998
7014 5337 5193 1861 14715 11061 5049 524 18347 5706 12843 18375 2100 4610 4925 6330 9490 5284 12270 9120 4457 7038 16155 10041 10225 6248
15990 17959 8919 15837 11349 489 3820 8702 8245 9938 7299 12769 5603 5430 8449 1039 17217 11888 11053 15147 8225 14047 4539 2859 17585 6979
7384 14947 2629 2687 15659 12438 11362 17799 10183 14509 11312 17770 2276 13352 4606 2130 16508 4626 3463 1248 16681 6160 3083 1505 18508 8552
1612 16385 11060 18885 3904 13930 6249 19135 9677 5968 19237 9638 12917 343 1064 8717 9723 2967 2155 7018 10317 2340 4350 2956 14440 2931
12644 13628 12078 10079 18334 9702 7838 18730 3777 10390 9094 121 12507 3267 15081 15870 9954 10537 17591 8442 119 16438 4143 11703 10011 2230
2734 850 4175 16169 14402 12876 2538 11103 18587 8417 12782 5629 12621 5448 4553 6253 10121 3918 19045 1612 10486 18696 4819 7700 531 6108
18312 12429 19644 7970 19428 8797 6946 7343 9171 19851 15967 11585 14019 17954 7909 13707 2483 19888 6462 11795 10913 17895 9400 15531 3783 1029
18740 11406 10937 5375 6044 7422 13677 14411 2462 6275 4630 9724 10209 4449 14135 5704 4204 12822 14297 11922 13518 3371 19116 18479 6863 10910
8201 5298 4439 5201 8860 6276 6474 7780 11402 11918 11069 9483 9919 9430 3518 1555 14997 2002 7042 15562 10306 17764 7193 4587 2928 5470
5757 2029 11603 1128 95 3509 12822 8921 3848 3959 7503 1301 3221 2831 195 8244 14079 19463 3641 18269 10997 5496 3105 16884 3144 3405
738 3327 4523 15628 10455 7839 14568 2677 14270 681 13674 6488 14384 4647 13733 19396 1603 2094 15607 15273 12757 18612 15681 5297 11299 17414
5980 17573 6484 8675 1257 4105 16306 2442 11312 5179 13518 4162 1892 16618 1614 1034 19163 12464 13150 13725 2068 13863 13083 17959 9685 6706
7891 10556 8144 9646 7189 12775 6170 6440 7833 4193 3443 8318 15241 6093 8325 16539 11338 4549 3978 13360 13947 7598 11508 1151 2476 10001
4065 17720 14752 12417 8350 10208 1708 3692 17455 10346 2529 1107 8917 9899 11582 17393 17156 15324 8073 5439 19822 17277 15415 12075 9459 2950
8557 8711 1340 13361 1792 4763 18378 15751 10000 4934 14938 8358 18914 10395 15353 9895 3116 4542 19039 15477 9764 5721 7162 12290 10215 4002
11858 15248 9082 1082 7101 17631 2321 6891 2885 19095 14941 18255 15631 17006 18236 4693 3516 8344 382 12748 14483 8283 18968 7306 17452 4729
9065 13009 951 7428 4902 18959 18803 9774 13646 16944 17423 10764 19359 6520 18250 16553 9756 1003 6946 7222 5100 18897 7730 19816 18983 13176
16595 11775 535 13418 135 7499 16113 3527 13503 18782 17995 6360 2476 1099 9625 14452 904 6623 16455 10234 18267 8601 6485 7971 15426 16073
10266 8459 7033 1774 3515 7318 113 18672 8205 6402 879 9289 18561 17387 14829 11514 15764 8201 10104 5908 12812 3357 9941 10526 16611 13428
4365 12760 1176 4183 98 13308 18111 11298 7922 18535 10128 16665 15460 710 495 15788 10710 8284 7996 6369 18521 6574 5404 7121 4641 12113
12953 16832 18863 18527 2736 14550 17509 4645 9956 5984 14201 17545 16328 3075 14617 6984 21 15919 8621 19581 2055 14688 14378 19414 73 18868
1201 14651 6083 8047 4511 15384 15502 3053 9709 1390 7785 11699 11478 14499 621 19159 2742 12137 16235 5115 7538 16441 4442 14708 9460 14572
8153 6552 7486 1597 14209 1917 14378 19733 8390 12746 15462 567 6529 17562 2463 15644 19978 15562 19325 9503 10210 11069 16367 16534 18224 3705
3468 16979 752 3039 5391 18155 10672 15990 7161 3903 10310 1143 16962 11897 14266 14343 11705 17332 2335 1121 9477 13409 1939 8191 17223 7699
9695 10486 10071 19722 6541 13515 3261 19273 3674 5289 4623 16287 16776 11044 8953 14164 9313 16938 10268 2465 18724 4306 7889 18466 12728 537
7325 3324 9685 18511 18467 1874 8567 9402 15246 10743 1654 5391 14337 7623 3717 15985 10190 15849 15474 14328 15773 3074 6354 17421 13561 11063
10798 19049 6789 9927 11909 7577 15608 2457 17814 17116 7081 15769 2683 19027 10217 8726 7689 2946 8926 10342 375 14837 105 12468 2868 12289
5567 1854 17794 12793 14750 1903 6289 4463 12709 8408 10576 8499 460 2897 16964 12196 9330 2784 11870 2034 10092 19787 3431 14946 10985 16842
14692 1939 7731 10053 16813 9768 14574 7397 19479 4037 15976 15481 16268 14904 14439 15575 6303 8383 10589 7187 16248 6280 15203 6565 8503 9466
18279 13258 811 13939 11253 13554 1311 19311 8539 18035 15671 12739 16749 19113 5012 5338 15284 6008 16032 8170 8395 865 3164 456 19507 7587
11664 1650 12475 12790 8422 661 8895 14170 8540 17575 121 2406 17923 4561 3331 9588 7502 16931 19177 2965 13359 10030 875 10893 8682 1796
15366 12464 3758 17121 5866 16698 6370 10042 17576 11608 7598 16987 17299 16050 16779 14757 8302 13391 16217 15629 8574 6079 9479 9298 3978 6646
13797 14984 3769 16991 9424 18121 15313 8357 3193 8188 363 2083 4234 2040 10291 5183 12496 16944 9254 19537 11088 9704 3954 3357 5996 10785
11759 4235 8329 9582 7798 424 18771 6647 16670 11395 4075 10003 14325 13340 15756 9441 3328 16974 6820 5638 17902 9991 17110 12006 13454 1862
4266 1355 9799 11304 10062 17547 4193 975 10319 11251 519 12370 1752 13486 1831 641 15845 14445 4528 6143 9743 6949 14745 17556 5035 9829
5848 7493 10759 13625 10398 12513 5173 11582 19724 16516 2591 8199 6251 18013 486 695 11908 17966 10980 890 8941 16086 17787 8240 11835 12275
19506 12770 8701 6953 9284 5026 12022 7410 4097 10977 52 4709 4046 6947 19853 16337 17799 8597 853 14131 11312 7441 9991 6006 15925 15303
3814 14505 16787 60 13705 14105 10972 8757 19910 18110 2126 16170 12404 2601 18226 13563 8016 8395 11005 18237 14079 11072 7465 16921 16067 2719
4869 10183 17933 9036 11038 4081 17173 12140 5086 15823 12189 690 9919 11047 2315 17622 2287 13134 2851 435 2003 14833 6063 19241 11704 2768
9519 15340 14128 7357 15523 629 18760 13769 8175 15597 3149 13117 1644 15492 5326 1663 12152 5253 3416 4854 5350 16160 16452 1553 16385 9746
2066 10600 17687 344 19291 6221 9723 10867 16448 18818 10113 17785 11906 15770 10525 19027 1517 17260 16591 8924 11508 5218 19740 8537 7799 3266
16267 10666 703 16053 5429 1681 11984 7440 3499 6002 14987 2684 1217 5087 9462 9035 11152 8956 13673 15361 17106 10317 9475 16648 6515 8660
6995 11855 17484 14864 550 14597 11070 5468 11675 496 18321 6407 7184 5574 19922 8483 10739 17540 7487 12785 2197 6497 16846 19988 18810 464
16499 17367 16746 2616 10998 3622 6208 17710 16962 15620 6784 6386 1463 19616 18076 19167 3639 5976 1657 19003 3462 6416 5520 13581 4771 13246
17980 110 18125 13404 18422 9275 5567 7731 1653 11952 11990 901 9929 11403 3542 12300 13153 11091 448 9241 8003 8172 7755 5455 9588 93
5302 12057 16150 16849 14868 17901 10053 15387 4098 18627 15374 15193 7259 15236 13623 10853 15865 12472 279 15285 18996 15874 9329 10934 13987 15513
6556 16059 10801 12548 16688 7526 12013 5275 11206 17411 14707 11170 16018 13287 19606 2477 15793 6793 2672 12327 9336 17314 15938 6870 3076 8914
18845 8893 2369 3793 14607 13902 14398 19142 7980 16613 16235 16264 14595 16274 1570 13933 17028 2782 15144 2202 10976 5617 17114 5349 11714 13127
5288 3373 12377 11202 16229 11915 1083 17356 18147 7235 11107 18560 17804 3133 6643 5784 9964 12542 8196 5555 10653 16682 12263 11624 9071 868
1014 2964 18243 5016 7022 1365 16788 3509 15362 19533 1515 5667 5787 11929 19340 12944 8333 5773 5416 7386 735 12557 5577 9466 19585 17981
6992 13727 17340 15064 14652 3323 9539 8884 5813 9685 5987 8686 13666 1589 19180 4322 873 12123 5867 9127 6958 12589 12645 8736 16743 16749
7411 16530 15714 1641 220 11600 18486 7547 13361 4753 15117 400 10718 14512 12764 11813 3341 5894 8134 3643 2523 18304 14498 5052 8179 14673
1536 18771 13273 1445 8567 3403 13449 18383 12250 14643 7008 16093 4084 13489 4691 3983 4024 14856 14510 4284 14540 15446 12834 13594 2048 4476
3247 15576 13162 7592 19864 11220 19756 8766 9061 7634 2878 18672 19097 12735 3272 18907 17523 3119 10485 10110 2463 14360 7749 8259 6567 8056
11896 4172 5032 10826 3760 1515 17380 7702 13618 767 13528 10955 5090 19109 1211 13005 1092 7016 17687 427 16677 15107 17402 8905 12097 1708
18460 14744 7747 2488 9917 2338 1815 10246 1105 12375 11469 13779 1389 1252 16251 13801 10351 5271 2611 6188 16639 12723 2399 12890 12353 3451
19479 10144 18671 12363 9284 1109 16070 6234 4134 17861 8391 16163 16091 10717 7451 18516 17065 841 11606 4933 5702 3812 16148 17730 5076 16264
3137 15822 10737 1616 5182 15313 11660 17624 7722 6167 17472 17498 15996 6431 7027 8687 3535 4445 6188 10875 13469 6326 7078 1820 18043 14518
15134 11292 19272 10742 15091 6512 7290 8028 14632 6967 6921 11906 16863 40 3884 789 17369 9319 8209 15611 3850 11923 12691 5476 15304 3699
7817 6016 15650 15458 3066 5849 18487 16947 1800 13784 18752 15867 5161 14540 10286 4598 3088 3318 5076 8034 5600 10505 14588 8974 5310 16604
10941 3677 19100 12770 14961 4629 7201 685 6478 10628 19976 17753 267 16141 1712 18791 17682 8176 13070 5440 5448 12665 13230 12522 3245 1390
12081 2616 4249 334 11959 17979 14922 10092 13775 11917 1537 12287 8555 336 7746 4557 5918 7053 18510 6519 11174 15535 19706 13792 19916 3679
12037 8750 6055 1038 9651 17328 7397 17914 4463 8969 2822 19892 5088 8815 14868 10647 1155 7974 8063 16451 7321 15237 12181 3104 16560 1950
3328 17825 15269 17442 8172 19153 9169 7352 13684 19170 913 6591 9631 10199 10635 9698 16530 10804 658 5596 18581 9818 17804 6090 19261 14366
11497 5582 18025 12312 12108 16341 8116 7509 188 16229 11578 2694 2711 10982 16657 9253 17873 8088 7694 2113 7924 2404 5330 15282 7400 2301
9040 16074 15522 18792 11293 15298 1950 16021 7356 7231 18797 13020 3501 11084 4282 1223 18986 4637 13735 4863 7153 13810 2003 18208 6349 14973
11262 16019 8974 5901 5255 9060 9778 4720 2877 6586 12316 15219 1696 6792 1580 8620 17719 10709 16131 19850 19572 18013 360 12840 14452 14692
14223 13467 536 10110 449 6086 10990 9476 6075 9330 4151 2204 10506 19283 15902 16332 6540 12891 9387 15233 8417 9740 6330 9409 6317 18068
15550 1049 15937 14496 7725 1949 1261 2003 13386 13273 8127 17852 14792 3940 13952 5308 11955 1565 3626 13446 11673 14218 17418 19509 17268 19759
427 8960 10336 2284 15679 10026 8223 13446 7390 17390 15215 4281 12163 776 4914 17815 197 2828 16768 15171 5117 12649 9447 84 13229 3557
10089 18438 17423 18826 15556 5518 13198 1807 386 5372 3041 2816 10477 19948 15727 10870 2220 7373 14064 16868 19984 6314 9379 13662 10937 18459
13400 12842 17911 12301 8974 3846 12503 17747 14164 8836 8541 5283 15127 5491 7358 15624 15330 7076 19378 3734 13849 2797 10379 12970 775 1853
7018 17791 663 5440 284 17562 3800 497 4891 12749 19839 14661 8675 10404 2671 8310 807 12909 8549 8050 11862 18183 5360 4995 7393 11168
6876 8704 7034 2544 14760 4887 16912 7902 15364 6208 7773 19529 16049 3568 939 16931 10426 11745 10370 19422 3866 9952 19302 18895 1227 19556
19855 5561 12381 5601 12990 1964 14559 14902 14043 535 14571 2581 13620 3398 8500 9461 18574 11085 6266 9291 1334 16868 2201 17333 1898 15062
16618 6512 10236 7348 7411 15965 1445 3458 5306 16158 480 17762 19457 16914 8473 8786 2323 10490 16827 3219 18683 17278 19373 5054 7100 3850
14356 4595 7149 11535 2700 611 10279 9132 7519 3636 3767 11462 5855 18459 14995 2613 4422 5561 3804 17542 10320 4687 1816 9809 9025 5795
7071 6568 7274 15035 13334 5339 16019 9024 8128 6439 8798 7355 11171 13132 5519 966 14019 7814 19929 17193 16153 15172 13526 11130 19704 7385
19402 16412 12925 870 4249 16206 1693 14149 8775 13305 10445 5544 7905 1791 16940 739 11139 17904 5889 13511 10785 16142 17903 14073 10786 17752
11620 10897 3367 6433 7256 700 2325 12704 5719 8879 6783 1534 16820 15067 17154 18013 17160 15834 5495 16972 13591 6218 15061 19625 10092 11032
2687 13207 736 2147 14647 10801 14273 670 9900 1845 17022 16410 17969 16728 16506 8201 14368 14877 2653 12855 9669 8522 16742 6575 8504 5088
8985 2751 15847 12875 140 18279 7484 8773 7677 11666 757 19490 5847 19093 3133 8737 12 19405 13033 14799 14036 16222 2379 12339 16800 2623
18356 8002 9680 17957 8504 3520 5615 14514 9129 3123 7249 19184 15922 1824 1940 10526 7637 14754 885 14404 13382 68 7404 6774 3367 6484
10370 19288 8960 9190 14169 16650 10566 6758 12902 11848 14043 15781 13909 19810 11738 13102 8067 18471 15669 11615 4724 9793 17409 15300 15138 14250
3229 17350 14897 14572 2017 5812 15862 5839 3470 5495 12887 2995 17631 6295 9741 15078 12411 8392 19211 7939 10239 5199 3484 19515 13983 3017
674 19414 3621 618 18402 4056 12014 8721 1217 7671 7178 18409 2547 5939 5130 16827 12735 16261 1257 12879 16317 19752 19630 5081 9082 9495
14130 5047 18522 19879 10390 17772 16566 1885 7310 18246 19318 13575 14317 2639 17418 7060 105 13519 1528 8319 1120 3812 15397 10999 19939 5177
14027 7989 9104 5165 6695 15836 2138 5123 1025 13781 6069 19130 5733 8690 4125 3819 6775 5519 16808 7485 13187 15846 11614 17588 17490 1165
5533 11124 15794 252 18176 2216 15678 1597 12900 15070 9007 16136 2887 9055 7244 7396 14097 12090 13119 5218 8991 17998 18706 1766 16835 5836
9697 15722 13357 13631 9525 11004 11555 6951 18535 9478 8097 3989 9293 4921 5397 5161 3035 5191 8878 11373 19941 6807 4762 16163 18258 5074
487 3898 8776 16499 13060 5098 922 16950 11874 4800 19228 1628 2317 6496 14517 16621 7445 19651 3675 13345 2921 10073 10578 13970 12559 19722
13712 9017 5085 8909 18708 5888 10326 7254 9652 10086 11019 10357 8838 9606 6843 4612 4186 7368 10519 530 12719 13146 6655 4314 15164 2094
2122 9029 6505 1150 15795 9155 11480 7784 13125 8266 6412 11150 15631 10220 5693 18246 3878 15067 17684 19597 3784 10551 354 226 9113 12315
18497 17351 8464 4456 7078 2168 1637 19411 13660 11990 3267 6708 17647 14027 7139 9977 12175 13726 12046 19864 19063 5149 7748 13739 5953 19594
14222 19801 812 7188 14546 15815 11858 3743 1466 962 17024 17201 6256 758 17631 764 12514 2107 17283 18735 7806 4827 10987 3115 18092 14202
3374 8972 18544 19262 11166 4002 1018 9271 3314 16458 17284 10994 13802 12241 18480 8703 10684 5054 9386 9950 1731 18407 15273 14845 1039 4446
19967 16597 11629 15006 8329 17043 17499 7054 12671 11227 3532 7475 7668 736 7263 1098 8577 16463 10766 14691 2483 1958 10547 15623 1435 18287
14725 5989 18952 5192 9871 9117 6264 7177 12949 10028 2610 2052 14429 10540 8568 2595 2039 16141 17702 14006 14674 14770 14396 4571 12416 4745
3661 11539 6720 14992 12842 13163 19523 12378 16892 12210 3541 19685 335 4784 6830 6537 3901 5678 15233 18496 18497 9385 16656 17974 12688 13255
878 3549 11250 7970 17961 19290 12071 19510 9752 13704 1326 14067 18081 13072 8445 10226 6121 8971 15463 11211 15522 11137 16481 11575 16927 10850
6448 270 14482 14317 5121 6613 15517 11695 8247 3131 5815 18331 7297 6513 5284 1446 120 1092 6299 8638 10372 15054 5475 5791 11881 2193
19654 5405 1783 102 5380 10367 14409 16638 9349 19749 17711 13696 5746 15091 8720 17700 7924 10236 14587 18768 9589 15795 803 17650 12085 10036
120 9880 16851 16224 3282 11617 72 12363 9349 5984 12733 9241 2631 17914 5921 12767 16069 4234 2428 3191 5797 19719 16954 12452 11184 15096
4965 15433 18891 11557 5660 10670 4172 6713 12515 12987 19665 6618 12160 17608 9973 15549 18109 18988 18296 1814 13018 5120 14579 6380 5776 12549
19196 4605 19370 8441 18184 7811 18524 10751 18770 456 1824 19161 2017 16898 4735 9127 2632 12826 18440 7205 4063 14344 19359 1394 3608 745
16254 15680 914 5937 9315 7529 15960 1173 8630 8815 13176 12976 7826 14340 19064 3644 18966 8414 9629 7250 5878 4092 13724 1708 1869 7146
4091 443 11045 1265 3393 4502 7279 3872 5180 2359 18512 2558 19610 1835 12557 9368 15666 6827 9570 19232 11819 17948 12018 13494 8728 2042
9510 7400 2400 15958 18408 18780 12590 9030 3296 6289 381 3292 12025 16415 2104 16061 7820 17189 15020 6469 2142 19391 8317 3638 4218 10992
3860 16942 13619 8448 17473 9667 19146 13853 4664 18908 2731 474 4285 9554 19949 10120 9455 5611 3671 9837 7499 3498 15487 17112 7794 8058
7194 1533 2752 4606 5139 2109 4929 19325 2605 3242 9594 14312 5262 7883 19240 7383 15608 2500 13834 1934 7516 4811 13160 3344 16044 17089
1578 12103 11813 10853 5035 5295 1376 12003 17321 2727 3717 13163 11491 9369 4736 9309 684 5324 2815 12561 16110 6970 15663 8432 19865 14575
15565 13609 2344 1694 15317 12198 3483 9242 8997 11865 13081 2503 1859 8088 973 14092 3331 8435 19692 5178 4351 6537 15886 9772 7704 19578
2431 16746 8846 11778 13576 1256 15414 12555 9577 8504 17042 18423 4236 8654 14786 19531 9725 8768 18635 10729 3874 10268 7787 5885 11302 17789
14111 15609 15361 17869 7486 18573 13394 3176 16838 15739 1593 877 15630 11418 6002 19 2050 13958 19713 9291 18128 2194 4663 12629 16290 3705
2916 11228 429 14225 14405 7950 14927 15250 18640 16687 2277 17633 11152 13100 4659 8108 14317 11838 3285 15196 1398 9480 6935 17860 4311 14916
19267 4833 1394 11708 13859 7891 4746 6240 9136 2502 3018 7172 15249 2311 13112 3731 7762 6086 8797 15153 5406 12711 2596 19111 8316 793
19472 10567 8594 10086 16266 9956 16446 8174 8742 9604 10051 3835 10121 2710 14682 12238 16358 13700 628 4925 13309 8532 3186 11899 13961 14458
7918 15340 4094 12852 118 15186 3263 6131 12891 7882 17961 18008 11846 10295 18765 13470 10045 14720 4439 17863 14640 6830 13449 19695 18352 17810
14877 14959 7613 4063 6223 11844 8444 7451 6929 18985 18303 7303 3669 14286 4928 7753 12974 7325 17121 1822 9048 6002 3675 10586 15277 5035
12126 3826 8103 11080 3335 13029 11276 18540 1517 6247 930 4745 15372 9646 15101 2615 13671 8493 16495 4418 18661 14542 4368 12953 11156 8753
13263 4688 5156 19195 720 13816 4425 17206 14863 1734 16604 13332 9079 18153 14412 18174 11199 3403 18375 9861 14708 9495 17844 1416 6535 15328
5349 8655 14269 12638 3835 15663 19108 16523 15759 16795 7245 17850 3203 4837 10928 19575 1673 2994 7676 2796 9735 9668 17087 716 18847 8281
3944 4171 11227 13651 16124 19857 4608 18442 7908 15935 208 15087 15282 15968 14214 11184 18661 9380 3007 8133 4169 14831 18737 19007 6532 2764
6069 16925 4083 16377 5496 19252 14227 17698 4811 579 6266 9835 2681 16150 2200 73 1974 15568 4031 2696 4350 17687 668 1893 1420 1034
12862 14136 921 6180 8937 9025 12110 11434 8820 5602 9931 5684 12304 1984 8934 6422 17280 17418 10511 18111 6030 491 7307 13660 6124 17831
1544 17625 7115 8737 2148 10081 19919 6980 15180 11764 19225 12077 8910 12166 9780 7754 12031 12387 10256 18614 10351 11465 4395 4631 15546 9457
3594 17020 13303 11638 6893 17921 19888 16576 4409 19065 15184 16070 7499 9881 11084 5813 4109 12069 12796 965 9610 7612 12331 12686 17907 1030
16390 2584 19080 2617 12879 17189 5920 12839 5378 18378 6556 17342 4050 19381 14763 16276 9458 7070 1344 5971 12330 17121 12284 18811 3712 7562
11610 9318 19794 11003 9850 13814 3737 6014 1499 9788 1163 489 4115 19317 11169 2094 3544 16352 7778 13337 14561 4235 14762 7880 12443 1874
5176 15910 8086 17804 10435 6672 15705 9714 9513 18556 13403 19892 2022 9669 15566 9207 11756 11748 7935 1161 14428 9115 11111 353 4308 19019
15468 9618 12333 14966 17487 14136 9828 8813 18667 14925 12776 1243 6811 11376 11711 7108 12331 17952 1094 933 599 18761 6300 2301 19093 18678
15 19231 13947 18488 10494 2241 14706 14866 11022 6329 734 15524 19580 12012 15286 10303 6586 9426 13524 4923 18482 7138 13820 5993 15957 1917
15651 9092 14757 8397 15913 4274 17138 1245 12825 13960 4929 5869 5224 4475 11528 19616 11836 1203 5329 13013 7971 590 3496 8718 4738 4083
18018 7621 2972 15661 14427 12216 13012 16410 9445 6669 7652 6087 9794 1817 7797 3345 14626 11696 399 859 1641 1676 16206 8143 3973 15204
6208 5769 8240 3125 11704 11 9115 8530 7945 9913 10529 16184 2062 17815 9490 3434 14656 11811 15300 2825 9009 7669 10883 10220 18138 16030
8304 8850 3120 9912 13263 1671 12999 4848 8926 6127 3007 11694 13082 5824 19492 15831 10807 3839 13440 12590 11254 5592 4290 19307 8804 7032
19120 17684 2809 11389 9329 3433 7654 7750 7700 9598 5581 11389 7079 7460 10482 8956 12429 4228 5745 14907 10239 4554 4619 1971 14920 9113
8455 12126 14411 17607 6244 19047 11951 11181 15607 6362 19310 431 2845 4875 16366 14070 14219 4266 2056 2482 2407 6183 17497 17543 17293 16589
8757 13585 14330 11932 9743 15577 15486 8073 13250 13606 7077 17278 14730 2193 6076 2615 9053 11672 6719 15137 5137 5536 4854 15616 4836 663
1572 9987 4537 12402 4442 12420 2432 15340 19368 14234 16359 4095 9206 8396 11307 10693 16975 17661 14979 3198 17737 16375 278 7643 1941 612
13840 14482 7898 19920 16888 11028 7313 4150 4085 4976 12675 1538 663 19186 6301 11064 8471 2487 16988 18185 36 13202 2289 12482 15097 14473
12903 5709 14171 14582 17887 2048 4724 6850 9103 14848 14661 11772 2390 13456 4015 9969 15655 957 6363 19566 15595 6633 11322 12271 5670 9947
18220 3007 16159 8184 11126 6942 17669 7501 15370 10584 17766 5977 261 6030 13446 2333 7882 15030 17314 5485 6820 14880 8251 3318 516 6177
1556 19557 12770 14747 8461 6870 3162 4736 16201 11436 965 3028 7625 12253 440 323 9923 8086 4119 11339 6701 7729 17798 14020 16283 1029
8367 14308 16121 7913 18384 14796 5333 8416 6139 18180 16633 692 19431 7906 19363 12472 14786 18345 6104 11303 18795 6927 2891 13043 11866 5831
9178 4716 19488 11985 9300 19817 6142 2857 14752 13601 17429 18896 6370 10078 13100 5684 15872 17781 16730 5317 2089 15847 15939 11357 6754 8414
10949 15270 3151 13983 4775 8777 12923 18755 8146 16520 4426 9561 12358 17878 8927 17623 834 18276 17941 469 15567 8244 19983 783 15721 18185
5295 8470 2231 16 18328 9710 10949 12445 11252 19691 2520 8571 1569 17184 204 18627 3344 19211 15046 2196 9583 15851 4044 16296 10600 14289
18271 3199 16214 3233 7119 13888 2283 5061 5733 13179 14722 8326 5576 11589 10188 1357 10017 14199 13747 18890 6442 11923 9690 14506 3439 6671
11495 13156 2534 2697 15688 15696 19560 13933 6944 13697 12137 1495 4180 19882 7783 6543 9353 8371 7136 11857 2752 8162 7289 8859 8632 16293
19309 8884 19758 11122 15910 13699 14978 8285 8757 17414 15373 12021 17688 12749 4469 2682 17625 17235 421 11667 13579 9758 3195 3259 15708 6152
16560 6325 5443 3406 2355 6056 380 9526 19016 8475 1725 14516 10424 8581 1326 18752 15922 1398 16502 19618 9497 6783 16259 3774 9042 11145
11498 14484 2468 6669 17675 12278 13354 18083 17765 196 9197 1218 2607 13252 15564 14146 1488 6112 3595 18519 10130 14363 17379 11139 18755 8311
16088 2049 13975 13700 12968 8454 13066 2539 5824 10229 18960 1174 18270 6306 10172 15653 7215 14023 5385 19360 4953 9197 4503 3928 6419 10460
18483 13901 14446 2350 6897 5504 10659 2640 9932 250 15266 15052 6907 16298 14399 6012 3701 8836 12038 9159 6861 17678 11526 13589 7366 16676
15006 7367 10880 286 7825 15436 13613 587 9527 15720 1050 4919 19218 4739 1346 14259 6525 7768 11292 3382 11027 8693 6066 13616 16705 7033
7527 4797 14895 17963 1721 895 17973 11072 17822 8871 7120 17858 4511 10643 13794 13999 12051 14722 15812 17331 14373 8713 11591 15398 6614 9991
17385 14398 14802 14260 7659 13010 13692 7973 3603 19272 14780 14306 18575 3793 1847 2387 10417 12476 2015 10192 7370 4737 4127 11745 11526 592
16235 5029 15662 12748 8564 9694 9946 5439 5379 13489 19089 15568 13547 19231 5174 6734 1987 3264 2897 16206 4110 8034 4486 9544 19322 8793
18847 8499 11494 5467 10994 3602 4167 4765 6384 9187 7623 6368 15289 2948 6009 737 5529 6576 8991 9690 7671 14960 16989 12938 4643 11541
8166 13238 2001 5554 6878 19858 5046 5603 5416 1623 278 14609 19882 16749 15065 3430 18838 14340 10094 7163 1229 1771 10473 15159 4137 4471
2724 5265 15053 18456 19381 1088 9853 19488 3969 7895 6332 339 9706 10212 11833 1364 3587 12508 600 9693 3309 14520 19507 3156 11133 12850
7574 5869 13962 19264 17992 16497 6282 12361 11184 2940 13027 4834 3746 8335 3155 7802 3463 9702 3907 3680 7487 3801 11946 2097 8494 8737
12930 5042 12235 4752 10339 1601 10889 13395 266 14319 12827 19148 7605 5507 190 15833 8999 4188 5806 3034 4088 2098 16183 9646 1494 8794
14237 13497 15623 3930 18573 15854 3104 3663 11550 11140 14094 4798 615 12385 8549 5114 9768 15301 9940 11772 5872 537 2142 1826 3355 4680
4211 15603 19785 31 1824 17827 10214 10563 18099 17013 17648 15536 8359 7557 5847 15668 5298 17885 19950 18508 6171 13533 3276 17026 17735 3578
7703 16462 15481 15377 17108 12105 15431 14177 8730 15471 6775 641 19668 16138 15488 5393 7278 4371 18568 18003 1098 520 244 588 18002 4868
2208 18999 19502 4217 19805 12818 15904 18146 16941 15426 8040 17705 6949 19024 18876 18158 4169 10151 6866 11646 12176 6646 13520 3811 14823 17566
3260 3407 18657 878 16991 7700 16360 14615 10139 13409 3960 16945 15102 18492 16814 11329 3041 10723 1505 18412 18240 5100 14973 17039 330 13133
19010 15116 12301 11537 12788 11502 9002 16241 3635 4809 2689 5673 14531 8998 14839 669 18260 12307 221 18962 12862 17657 4497 4737 11958 9134
85 11861 8614 1527 9274 16469 16624 3197 4127 2722 17419 15088 10967 16494 11709 9546 1274 14058 2909 3696 5590 6044 11504 17586 3248 14813
10596 18444 7508 1540 6119 18955 808 5025 16102 8911 18966 4252 4056 5845 10378 5511 15305 19508 4437 4197 9072 9122 2136 14194 10748 8147
10303 7494 5200 4332 14419 18249 16268 6596 18189 4767 12223 11474 2720 7673 9953 18597 1527 3955 17391 3892 13671 4642 19014 1593 9260 15854
9448 3882 11135 17835 18768 5819 11460 3803 8288 14075 8438 16386 2729 15493 2927 18356 17660 9872 8581 7106 11708 4358 3371 14006 2097 8833
5696 17888 18201 14618 4931 2092 1769 9001 11507 10710 13202 5372 6716 9421 16112 14135 11489 4287 9946 3981 18608 15079 15599 3848 3167 14386
8953 5698 4509 7723 18024 15966 3101 11423 10058 4672 17597 1974 3381 15690 16584 19626 4899 15350 9204 9138 18583 7486 17060 18519 15882 8087
730 6778 1618 15126 19911 14162 8997 10414 19764 18267 19364 5097 12445 14469 6676 1465 10466 16566 19441 10586 5057 6672 9229 5102 3806 16838
6446 15907 10784 17396 18407 15300 11134 19982 14430 5041 6081 5513 5323 3747 16923 10757 10415 7142 7939 6954 16284 5343 8667 16211 175 17222
720 6618 7930 4827 15011 2785 1561 845 15241 1003 5961 335 13906 1587 8154 5971 2834 14783 14616 4165 16208 9740 18284 2486 1596 10059
7028 9627 13031 1350 8881 898 13650 13573 1740 11574 5297 6906 6747 7813 11273 12237 4250 14880 11517 6179 7716 2785 12373 14752 104 19708
864 10672 19763 6890 14006 7068 18379 17611 12939 16360 2045 695 11795 15719 4817 6546 1668 5031 19409 2242 4614 15858 8688 4455 7200 2421
3059 19120 590 3653 2967 12866 5356 13086 13470 14462 6856 5267 9336 7790 15257 1723 18284 2987 3984 9915 4028 6855 1831 15958 3750 16426
3063 6740 12608 15121 5008 17522 5870 6577 10896 4806 7693 16038 11368 16026 11773 15042 3355 1807 17713 18082 11573 4362 18164 12655 19997 18634
16041 8098 14517 1381 12503 16942 14998 18682 14676 13956 8680 15540 11839 10317 16162 13221 5062 873 17628 13931 8200 5143 10041 12577 4508 482
10783 12550 7227 10992 19578 12043 7236 9265 15623 16437 9572 7271 18539 5718 5315 13272 8459 16345 11237 10808 9611 7760 12367 1916 9190 19223
3128 8511 3179 19706 6615 7562 14230 7034 11515 3039 9176 1812 1674 18555 9603 17946 15829 17394 16205 12235 9321 13521 15388 8653 6787 13204
1585 2710 10272 4115 9430 13747 10329 8573 18873 17013 8935 17504 12457 12347 2054 15215 10777 3230 3570 8765 4006 6811 8724 1015 9187 18260
5119 13775 18489 5730 15947 13783 3980 7912 9695 6777 15073 11228 3644 3705 19339 2368 4805 1993 7058 9618 16701 6516 11115 13653 12639 2443
2169 2220 9034 8647 5109 14455 5038 10388 15682 15452 18193 8220 15471 9592 15251 11555 16514 5690 5944 13992 3410 14581 14954 4303 7898 6232
1832 1798 9205 1818 7454 11787 19622 7746 14331 2063 8839 8334 11732 17184 18791 12990 7773 6605 4399 3676 5082 5634 3967 2942 19434 8124
8659 13060 9560 14987 16426 7947 2682 11372 15158 9911 17082 4324 9765 19200 14633 2698 15111 13975 388 2519 13693 6559 10049 10735 12872 2307
9141 5970 2097 10704 15540 12619 1942 13101 7434 2711 13084 3161 19828 9653 5242 18063 8164 15559 4063 10175 12828 14345 2032 2720 14392 13808
11092 18499 13620 18378 2035 14789 7565 10191 3083 9997 8456 6252 11151 8241 4958 13499 653 14821 12635 818 12825 5986 12669 9557 17208 5973
5249 7240 5260 7442 19646 570 13023 9946 5297 16491 17424 5697 2969 18877 1708 1725 18273 7725 12393 16603 3319 13105 7413 8740 12633 17624
17680 4958 13454 8333 9525 10212 3823 3742 649 11037 16557 17117 15682 9538 15033 16752 9293 11975 8702 8177 4879 4447 6521 12745 13683 15385
19538 13511 12175 13353 13514 7406 14287 8814 9576 18701 18329 9886 3573 8135 8127 13767 2345 5632 14185 11650 2029 1385 5940 16094 10500 5426
1048 18371 352 14594 12004 6196 13272 12386 16549 4744 7264 15428 8913 19855 10201 18515 6325 6671 7118 3090 16886 5686 18422 3812 19187 13674
18965 6364 421 6248 7489 890 8216 16283 4447 10293 2524 9803 13417 9291 6407 19977 19445 9615 4106 19931 3874 10421 13035 13429 7802 10538
6556 10049 17255 9231 11128 19704 18887 9716 7250 693 19448 9487 12558 9398 14613 17963 14284 12153 12472 11394 12730 11697 11686 9629 11230 5651
10100 13604 6777 1761 17045 10816 1409 4408 4939 10235 17300 4672 731 12807 7026 4006 3704 4522 7750 17007 6863 14402 18228 12665 10362 11034
1368 9329 8033 9576 1305 1190 15270 8009 9985 427 3730 12269 14087 3561 13402 17719 4347 10337 103 4889 4283 15275 19503 1956 1407 16066
11956 15816 173 224 1455 8470 12992 19979 16366 7219 15045 7906 9717 19939 18532 4758 1822 17378 11348 10910 2489 3021 19581 7376 9480 14721
8127 19994 17066 15954 16720 11206 15369 8371 15115 5835 4309 14430 7326 1427 3867 10486 14692 14834 3122 10132 10925 18901 1071 7696 6358 5089
17558 5370 8728 19117 17139 17980 19053 7704 10871 6060 7590 11366 2047 12505 5304 13674 8208 9653 8206 16470 16135 13467 1528 16682 2756 15593
2993 816 6241 18083 7253 10623 3367 235 8830 12673 5486 12764 8621 4964 18005 259 7838 2559 11322 7479 17111 5745 1293 12191 18026 1384
18804 18529 15943 19812 4796 9231 9809 19309 19477 7254 13102 17562 16985 12459 11721 14573 7161 5675 12473 5308 6702 9766 19103 14926 7609 1210
14942 15737 14049 12109 11335 16389 1194 5529 8682 1540 7659 3541 17878 18620 13802 13261 2438 11770 19261 8945 13472 11745 10562 12648 10311 7971
16880 790 13873 7193 10628 16859 6880 10170 1167 12958 11152 7447 19943 16687 4704 19571 14398 12023 4565 8205 9091 15819 10131 1078 8939 8253
13721 14048 13232 16361 3804 3171 7127 5530 14545 12897 2263 17064 6447 17679 13635 12354 5403 5272 5814 14483 12051 326 18235 18552 1356 16422
4992 18119 14488 502 17252 14375 1228 2999 9028 8432 6822 1381 16685 242 9394 5978 4060 6350 16446 13357 9676 7731 3930 4621 10637 12362
3417 3058 5631 12887 12938 18411 1174 2249 17037 8937 7088 7219 13282 3696 9552 14739 12680 553 19862 8810 19440 8157 16171 14066 16816 14929
8672 15301 127 14738 11297 7711 15944 11742 5766 6124 3172 4003 6831 10636 17941 4461 6851 11418 16764 6700 9803 11918 1898 19667 6348 9157
15524 13228 9381 2776 5583 16751 13732 12304 8119 9869 6711 1323 4894 5339 12984 13851 17686 17148 2851 2771 2261 9914 14491 15238 9410 6261
7818 14183 776 14848 13546 15379 11365 18511 16130 10198 2197 3277 4469 8787 12713 9176 4781 18868 10586 13434 2775 18793 16162 7359 5081 19010
8696 9554 738 1159 12090 12307 4520 9828 599 18918 6923 16975 13707 2299 6777 7155 4236 15722 14799 2776 13964 8603 18583 6413 2760 13860
13276 3414 5253 11792 12810 17602 15286 7262 12191 9096 16772 9034 645 7883 6688 10264 6982 6168 19680 6653 3000 7952 5622 13710 13335 18072
7634 17188 3034 12800 629 9594 7350 7455 13151 1817 19159 14536 18543 3512 6859 8364 3249 18242 16983 3263 15445 13034 3606 77 2479 18624
16205 2115 4297 19141 7838 5534 1257 3337 6136 1133 3653 4402 17124 6945 575 15710 5975 183 14023 18547 11277 750 14229 6198 10449 15036
6397 1144 15951 10126 18288 10828 17716 12287 8951 15586 4211 13184 3064 6447 10543 18396 13867 16523 1857 6093 2460 4568 8798 8117 7065 4811
17173 16874 3830 9267 9632 8560 12161 6410 2069 8116 4705 14245 11316 11548 2776 15581 10586 19274 17888 17132 10062 7970 10741 13503 9334 1383
7777 15574 4686 15881 11095 14582 18764 15168 754 445 1778 13488 9526 8925 10082 4606 16587 9137 6015 10721 4176 9319 14411 12804 19981 14823
8920 10843 4143 9236 414 8090 14826 10534 4604 9160 14005 17340 12763 4324 14470 6033 15320 13129 12269 11348 11385 9949 18868 8604 15810 1971
15180 11019 5887 713 3118 19413 18515 15055 19851 18345 11878 5390 13226 19690 13892 9174 4532 10047 11198 12984 6209 17640 18705 1344 19767 3653
16299 11120 19344 9399 18035 1034 14183 2666 5762 6845 6683 11631 11984 9048 16007 17629 18545 12220 14772 6870 17676 10344 17228 1125 18459 17803
7670 2020 16546 16597 14851 7880 15750 13546 8666 5353 5242 2849 17933 10333 9255 1333 766 4770 7735 274 11337 242 10119 18991 16030 9820
820 16393 5495 16731 19227 14171 12369 16714 18917 8852 7024 4174 4635 9654 11277 7746 13287 11199 10540 32 10241 12048 10701 11910 14594 16283
13803 17315 11031 14627 16753 6275 18449 17606 19326 4170 5353 18751 15317 12910 7532 994 17105 11239 9363 9426 12051 12387 14914 3594 13996 18583
4228 8922 9297 17426 17025 13134 16773 6095 2485 11407 13844 17590 6214 16711 19343 11828 7550 17103 18387 19346 11483 12244 18983 18151 17639 10507
14088 1718 13538 12511 1006 5078 3021 600 10906 17634 12189 3604 19013 7382 3710 6304 17281 4981 6785 8015 8734 2005 1937 14097 7707 10121
6748 2 13859 14075 18159 609 6318 13692 9368 14311 10994 4469 1276 3469 14194 16879 15201 15819 2223 14888 8394 14715 8714 122 549 1481
11315 19275 9494 513 6851 7156 8234 6474 15139 1308 3424 5285 2596 19463 17087 6637 11327 894 9377 6882 9918 8837 19617 18624 17532 1883
14289 12324 10098 4235 10490 9978 7846 4668 17067 17878 9834 17681 15111 6601 5225 2948 16722 2124 3576 6299 6067 12649 13049 1810 3764 11170
1817 3551 14233 6121 16119 1208 2320 6919 1009 5437 12638 13762 17847 2114 8783 6607 7021 8614 17488 17936 17116 3172 12620 15987 10244 577
9612 15719 10929 12051 8202 5462 12383 18686 10395 10021 8025 1952 9368 8831 11699 16819 18805 4790 965 10124 6389 12988 12875 17331 19234 19586
1919 8645 15230 18129 2204 11493 368 10173 10812 19523 432 8619 17920 10718 3415 17628 10667 13674 2043 17383 596 9602 15533 12738 11414 312
9626 10521 14390 2360 1062 17177 16933 15171 13544 17370 13973 10588 17029 8018 5748 7238 5222 14839 9783 3767 4611 3990 2256 15450 19427 8149
6826 1675 18760 9734 4989 4949 5365 7865 4449 5723 4604 9269 5306 8197 4761 17130 9097 4697 5977 10863 2132 6438 11429 671 14125 3686
19921 8508 13460 10075 18139 3040 3797 3427 14182 9912 18455 17834 3609 7977 284 19562 6267 6180 7070 2282 17024 6264 18326 893 15630 19027
14741 2483 3450 19587 19613 1396 11969 1560 18160 5726 248 4006 8199 7123 11536 7577 10418 5083 19470 13128 13101 15317 19242 15170 6693 14499
9486 8825 5545 9832 13123 16643 7476 15090 14321 3590 10948 292 19207 17311 7873 12363 8423 4949 8084 19097 8040 18462 16817 3379 3780 8560
16696 16214 18461 17529 14011 4296 11793 7011 16636 18963 15115 5069 8198 8058 11718 19247 17087 15703 6766 19167 18591 18386 15517 15449 3165 19809
10022 5489 4401 14225 2171 11886 5329 3998 5300 13856 1476 7835 7867 16976 17701 17733 13338 18077 8740 8636 14797 10279 19588 7045 3999 16126
11758 18225 22 17488 17828 898 12650 5346 9508 9164 12567 16659 18870 18246 9285 12411 13421 5416 123 3045 8086 4801 2621 11500 13957 19797
10843 14457 15858 2215 12021 17746 257 6561 8516 3666 16177 12108 3063 4522 8284 12482 10978 4489 7642 12922 18143 6903 7721 5567 7554 12743
10546 2616 11525 15268 12971 6729 19403 6513 14912 16232 10070 15912 15356 3067 11417 15663 1256 5852 15453 5014 11829 4992 5954 12334 9013 16954
18144 17203 6163 18397 2721 12076 17270 11460 5512 19261 12786 3712 5572 19018 13071 343 16188 3017 3152 13880 14051 9956 2313 14109 9645 17075
5023 9813 5453 4854 18918 2616 14043 10529 13005 2152 352 14791 478 18948 5280 8764 7086 58 19764 8782 13003 5119 4590 15477 10597 17151
2814 408 17055 14093 19523 15058 15948 1580 18753 7991 13221 3803 7623 8512 7165 12601 8660 16068 16644 7657 4868 14784 979 6844 12702 15286
14201 1499 10988 14482 8082 14399 3446 5441 11398 1236 5895 3375 16233 4300 8109 19793 17196 16062 13302 14709 5902 956 18111 15575 15914 18242
7835 16282 1068 13893 17175 1199 6238 14873 6484 171 13061 16233 7861 15928 16896 8415 4878 16399 12868 9081 13790 3354 13492 19902 23 14904
103 1767 9335 16169 3392 19663 12942 6148 2297 407 18631 15382 2443 13000 1945 9124 3784 7401 8223 5151 10736 4968 13333 8584 9841 13829
2374 5165 8322 12278 17042 17395 3307 17608 1005 3677 2223 19551 15274 170 11819 12336 18591 17082 3780 9581 3270 17931 19251 5136 2634 10419
14120 6237 4754 18910 8236 19593 17109 8374 4471 17434 9494 19300 7211 15499 12334 11067 1929 7790 12703 18395 9417 16922 12530 4653 5394 6023
10061 4759 5550 12046 7785 4399 2336 11753 11089 1327 6736 8518 9175 18498 1922 1033 5055 14367 9741 13792 3011 10819 4206 14006 4222 9035
4860 11088 19544 12887 209 2769 11600 13282 14275 3914 723 11572 10336 7471 18225 6598 19106 11960 6050 6351 12427 14414 4824 10112 4900 1940
4969 2745 7054 8509 14939 14368 9427 13621 6491 12575 19142 7996 17326 5535 12091 8953 18056 7154 11900 16986 15973 15756 15247 11139 15037 14319
14872 1843 4180 16448 3983 11186 19151 3201 15146 6794 7968 9852 16365 6948 19400 10021 8185 18490 6202 16444 7799 4048 2461 13896 3850 17581
17403 8741 18758 4453 6669 3974 14938 231 16763 13499 9091 13703 14952 4509 16181 12830 16887 9914 10599 6792 14730 18777 1514 12126 13209 14530
15810 6894 14401 2619 10780 15579 14646 14190 18619 557 13515 9942 8105 1542 65 3024 11976 19097 19987 18709 16742 19068 18839 13451 4812 255
5316 19950 8770 2048 12967 19707 7016 19090 9074 19394 18581 7541 13394 3431 4253 17743 8701 5939 14243 3336 16950 9261 16557 10105 1029 10607
4830 2947 15384 1547 17324 12674 4333 1048 411 13224 8315 13458 6744 13671 19927 18814 10046 17239 14829 1375 3369 1506 13351 1618 5599 18304
7879 16329 16165 1543 18834 10498 12222 16306 12132 7565 15482 3918 11584 5603 16198 4252 14777 3974 9965 1515 7376 2890 16106 16268 935 17908
12758 7026 18011 9752 17429 1440 17391 14917 18122 16639 12394 16543 4950 1969 9422 8636 13517 7046 600 11778 1865 19293 17461 17406 14669 3916
18117 7900 17006 4367 5985 3102 7873 14706 4783 10003 6110 5188 16982 17289 11957 16735 14056 9530 14194 16368 1314 11953 19070 15438 10586 16094
14373 10652 6183 18539 10642 3561 8137 17958 10509 264 11170 7058 10320 12934 5222 602 11420 11533 7012 9836 3579 6989 15633 2892 13786 684
2993 13819 539 3088 16083 11679 2581 2385 2427 4837 17380 6706 15163 12477 16264 16653 1868 8688 7923 1948 19016 5442 10318 12210 6324 12055
8628 2746 14957 7726 12830 15900 8244 18230 19354 1350 11874 10959 5415 9695 14851 4322 15772 14020 6762 7621 9003 11995 5961 19347 2270 8876
7138 6687 2449 11568 14130 4637 15998 17520 14791 14562 5533 11793 9177 18335 11956 5013 18947 15964 19879 4990 14761 4007 12777 16701 7390 1204
11482 19912 13645 4164 19018 3742 2565 5660 32 9250 17151 17521 3468 31 8400 12785 14808 9349 16358 8223 12280 18827 5005 18057 13361 4847
18915 18076 518 18411 13756 4953 5666 3809 5213 15535 13409 16828 524 14582 11448 12991 15270 7806 19870 993 4510 2203 18362 5766 7852 1584
10121 3412 15954 14191 10237 14881 6136 9296 11470 2214 8154 17443 4153 1955 7484 8206 6280 3598 15729 10779 2570 4955 15739 5389 12315 1573
13802 110 11507 13064 10776 9353 10719 5034 19079 1496 19523 14471 9698 7697 4707 15390 5749 13821 5365 16194 19854 12585 6511 4049 7780 15581
10056 13380 16239 8540 9855 6840 4431 8301 14956 15330 942 4607 8334 6162 18704 259 9412 8748 13231 18780 7829 9447 11175 18961 14765 15421
19525 615 17249 4493 9615 12655 3112 3947 2377 16520 14571 6316 14373 17943 18450 17417 18095 18226 9921 15023 14565 13964 11524 1488 13161 6098
13447 10595 13986 497 9803 14384 9427 4530 12752 5768 16538 9648 18748 6391 7924 6379 2728 8409 14887 19965 19112 9537 4613 8523 9227 17379
13261 5889 5893 19046 17345 8586 13732 1477 17444 15743 19282 11541 6833 16471 15197 12459 6073 16064 18648 274 11872 11313 16922 1118 9958 19947
1781 4810 989 18432 19734 10615 8503 1142 8063 7855 1085 19841 734 5004 14282 15025 6995 13612 6627 17578 7340 1345 11660 2552 15960 16778
13049 3901 14391 18824 13018 1844 9545 16894 12992 5701 8408 10630 1110 13583 7545 17922 7609 6468 10036 16169 1670 9025 15767 10828 9834 11688
15055 19680 19709 4165 8438 13271 17708 6016 2880 19312 19945 3091 3732 8485 13409 11988 6202 15212 4623 17985 8748 14666 18622 8387 11190 87
17443 14704 4888 10950 7335 4403 10719 1788 6182 11324 13614 7224 18342 17649 9505 9295 14143 18538 12801 4009 8035 3571 19810 12848 8972 16948
745 5526 2584 19443 11028 1580 13939 11923 9257 13529 5962 8759 3859 13344 15281 13841 1331 8010 7654 12962 11411 1910 13112 15939 1602 7353
17044 1298 9398 5935 5050 19827 18693 48 3232 1736 3334 19942 5912 6602 11053 997 16852 20 19370 15881 2770 1534 10485 13829 1914 5881
19335 11813 9541 2906 1479 2719 11190 10829 14702 6614 13491 13605 3380 3610 12050 12518 5101 2924 18059 5334 14204 1352 4693 6592 2720 5215
16349 18246 15558 1377 8052 5969 2492 3005 1903 15186 15801 3150 3050 13041 7490 14287 13417 14778 16749 2891 10964 1613 8724 10378 4351 9421
11214 1275 1886 16386 17786 18129 18301 19224 18063 8734 16815 8430 13123 8370 19113 9567 1241 3877 15368 12368 12967 19171 10947 9773 2841 7375
15246 1894 95 19372 733 5342 18152 8968 18458 10366 10284 7721 5127 14345 1202 4240 14925 11040 470 16542 9021 589 6206 16620 12964 17407
16275 12245 6233 6229 5141 5785 5820 5001 3499 370 14726 3471 19531 16606 1050 4843 6971 98 16506 1676 11525 19537 14391 13233 12945 10655
2584 1859 4219 8504 19430 3004 6905 2122 2053 15153 8434 13346 15290 12309 9068 3053 15633 6829 2934 13476 18580 18152 13232 5633 11798 6528
14380 6117 19945 13468 2407 18970 15487 7394 12656 7166 19633 1059 7076 794 16492 12775 5895 9901 15909 8353 14793 15942 10748 16036 9312 5522
2885 2626 5659 9650 9319 14855 1301 17878 14217 16246 365 8580 14476 5794 3157 19085 9067 376 5541 2641 7999 8499 15210 2972 2279 8968
5154 3926 11045 8800 894 9361 7857 17795 6218 11866 8021 13815 2002 14164 5215 9533 18828 4391 6945 9488 3977 4160 9994 15794 16129 11553
6850 12742 472 250 10993 9176 4339 1041 11079 17245 2554 16308 2994 11900 1522 15662 16276 4274 1262 3310 12036 3005 10055 10393 6148 3931
12360 8165 17725 251 8929 8969 10204 13930 9969 18368 16638 9157 13407 10099 3027 12633 818 17250 19144 10506 9299 9581 8768 8388 10064 14438
6811 6660 11285 10804 16700 2300 14864 14999 3726 8607 17100 3908 2196 11167 11937 10591 255 13979 18733 16923 10842 1161 9933 16125 6801 13512
16966 1687 6667 14727 7708 9726 14377 16373 1150 1662 1270 4607 861 17110 18307 950 15721 17470 18904 14028 675 11912 5498 2279 14595 6754
15741 9882 8580 14365 6131 14262 13417 11508 6399 7886 2029 1703 8622 9957 18947 19115 1423 2536 6560 17867 6729 7073 960 18364 1497 13007
12497 14685 8209 3544 5219 16338 11253 2347 16735 18141 2534 16362 10708 13569 5913 4184 18056 9598 16050 6219 9046 4207 6380 14148 19424 1779
6914 8488 1451 18229 5958 18967 12549 12955 12582 18267 5044 2031 19148 19761 10473 17076 17210 11883 7037 19637 9387 10744 15256 2418 17832 11467
445 12896 16673 15391 14516 6707 1020 10773 19039 5216 37 10972 9867 18040 10743 8913 11068 7250 7399 7479 14890 17601 12403 12051 10988 4512
6231 8704 15207 1035 3558 3214 8233 1483 11460 15755 14281 7033 3077 12918 11058 14950 18001 15396 6799 12886 7829 16039 155 772 5630 2222
10856 6890 5845 11725 14718 14425 2833 10015 14332 14178 18735 1820 2709 14887 12468 1840 564 5238 8873 18067 17403 10738 2939 16847 14197 3093
12965 7376 6305 3379 7046 19892 6295 9510 11497 5162 14482 18881 5040 13329 2460 14455 14913 3951 15868 6266 4444 13806 13925 6306 14578 10779
14344 15307 4609 16103 15635 12495 6564 18952 2178 1740 6284 18047 3579 17036 7864 11033 17468 3131 17890 5368 2068 7714 11481 19764 4295 12782
