365
24 12 38 85 93 32 95 54 4 83 18 83 51 98 84 24 89 60 48 69 1 30 92 22 44 54
11058 13324 6087 5724 11810 11962 1765 6742 3319 6390 4723 15276 9548 4776 19533 17200 8422 5487 16392 12787 2717 16624 51 3622 15023 11955
7456 14165 2813 13474 13398 6250 4291 207 18899 12268 10287 17684 18032 9921 3982 18091 16516 1857 6769 13016 5158 46 737 3533 14534 13429
4407 2759 9828 6244 14767 15271 16720 12901 14124 4124 2221 4271 6708 14017 15786 7875 15830 3619 2927 6959 18978 879 10232 10719 7225 4825
10333 9751 7278 3559 15668 5050 3010 18526 946 13277 223 16102 1203 10937 12804 7661 12481 452 12886 2377 15739 5552 17705 9696 14506 1696
15778 18903 11391 11704 11311 16294 5490 4718 13360 12053 15507 17228 13360 1625 17883 4308 2439 16107 17918 17534 10883 19974 14890 17413 10358 6271
4907 4939 12045 4649 2196 8665 11968 13825 1254 255 19113 16114 18372 18084 8577 16908 16757 14048 19056 19843 19315 13533 18315 7093 9638 591
8600 15211 10327 4104 16433 5348 11050 13395 13786 9469 15237 7285 14431 11981 17029 5263 5918 2183 9247 9875 6689 881 19897 14618 19561 10086
1769 14601 915 18014 115 19089 8036 19663 11785 8837 4914 15009 14573 15833 17979 4708 16524 19100 1234 8126 14655 11288 3841 5807 2534 12008
1890 11130 19827 7085 13521 6773 18933 11018 18333 17217 11616 15015 15699 13083 2585 17182 13742 16503 19360 4311 12809 9079 8735 1902 15573 10887
18142 9777 16164 18300 13513 10572 9720 9854 19187 4421 13340 15684 13197 18320 15738 18450 17787 10699 4486 2494 2604 18926 905 7815 9574 15449
16155 9312 10525 14666 6750 11479 2397 16968 4596 19665 12193 10784 18016 9164 14576 13149 3779 10850 15129 1076 5963 16362 19680 1661 7286 11781
2864 19127 9917 13339 11503 13910 14414 11414 10697 7059 17396 8240 5788 18918 2073 17406 10816 1723 7278 14079 13038 15213 417 16747 6248 7906
15248 5229 13700 19073 18258 7432 6373 7049 11364 18834 19648 1629 4192 4013 13271 5400 1785 17852 17656 2232 11216 14256 17409 17627 13980 4126
14261 5504 11803 17591 5314 5548 5540 12545 5934 13658 11537 5254 8956 13075 90 5696 6940 2323 8337 9879 17794 15949 15188 18055 7294 17574
5448 9061 2846 10534 17704 2533 11280 8610 14856 747 5441 16323 9903 19233 2840 16503 18749 10295 14728 318 6388 4624 3991 14158 2827 15155
17618 13083 5865 19124 9096 2052 2935 14594 8526 884 3313 17872 18566 12720 13957 17561 15449 15960 17089 14194 11684 8890 19301 13862 330 19185
740 15795 17264 8972 10269 8695 4501 17552 7533 3868 6785 12186 14254 12912 14390 2367 6840 7625 861 10817 15293 3298 1628 14545 637 8892
4924 19064 8741 14883 14718 13622 11141 5817 1525 8543 8162 7341 1220 5707 621 19221 12500 7404 17047 2951 18179 2474 16065 14184 18431 7918
7769 8299 14591 15705 1175 836 13307 9609 17239 5025 7622 15313 19428 15761 15595 9305 10152 6160 6025 2845 14220 11737 11315 16783 6091 3610
9770 6173 2969 16003 6894 1590 7645 19887 9214 5654 10060 888 10464 16854 2515 12977 18974 11410 11461 13242 12780 7140 7911 19538 6613 17374
4097 13379 9796 15366 11710 12247 19961 14674 6957 9008 18055 5065 2071 7238 16410 18840 2911 1171 5150 15273 99 14195 6466 17850 11202 16578
2826 17664 14895 5660 2714 4648 19541 11127 19018 14403 10335 13194 15664 9484 16984 8985 14706 5196 1355 11998 8782 6074 14087 7768 10596 12963
4396 16824 1248 13004 571 13065 14238 14862 4795 5414 9457 3928 10863 16886 3833 10284 6484 14043 14494 14623 11657 8467 4899 18325 17132 17508
4504 11800 17909 3478 11986 6385 6926 7910 19040 7304 16509 18216 15069 6486 18556 3621 19778 3084 1108 10043 12086 17299 16475 7270 13048 1095
13340 17690 3405 5173 241 5403 9947 11051 704 1437 18904 623 12992 5213 9614 16105 12144 1185 564 6099 15124 11838 9375 5371 9202 11509
12892 3496 10478 657 7259 9014 19881 7922 14062 17731 4510 3947 5267 18807 4433 16776 3916 16872 3319 19503 6058 16346 5222 8133 13640 7919
18346 9129 8357 9439 12177 2263 15631 3038 17810 10979 790 11380 11172 17980 10465 2388 14688 7619 577 13110 9798 9596 3834 14060 12919 7939
2736 5785 10740 7968 15121 10092 6480 6676 15629 11482 6345 2654 19029 19738 9469 13329 8162 5214 7701 760 14851 14122 8860 17296 2887 5992
10422 4424 10320 10206 2281 2214 10137 10075 3276 11247 1265 4114 5279 10637 5045 9537 7335 18794 3932 6828 13845 19631 4961 2578 12839 18146
12656 4004 3683 15983 11814 12141 16477 8204 9928 16548 6102 17476 11522 2143 19544 17907 14098 11889 18526 11290 5541 14064 4133 18506 182 19967
342 10976 4027 14490 2879 6570 17044 7515 9903 10202 11259 8537 8742 8595 6421 5225 15112 2025 12491 9262 9650 3124 7860 7548 19155 17182
7192 15775 18733 12493 1688 2171 15704 12716 8755 103 9244 19574 10907 12181 9263 2000 7803 5472 1838 14956 13803 18038 16854 17641 13693 108
337 12993 16805 18900 743 7688 5686 8522 8009 13974 9969 5504 5387 8815 15421 1522 8268 7468 3533 358 4210 5559 18902 14803 17514 17304
2578 19870 11363 14963 11583 9510 4697 3929 17952 10682 12515 10307 1276 9926 3099 6756 19833 1884 14733 9836 9041 18889 3120 18320 8697 18126
1685 887 19825 10421 10334 2614 8979 17694 7753 10482 18164 6045 13140 1559 18934 11432 2431 10184 8835 13784 2376 5822 5444 13991 747 14086
9772 1470 14925 159 8139 1687 2814 13349 17684 94 8754 15534 8310 1138 3881 4804 713 14007 18976 6668 18606 1784 9819 10151 3599 13314
17049 11274 19257 13345 10143 227 4148 4832 7651 4894 6526 15241 18577 15265 890 5333 14136 14316 16817 15578 16583 7659 15949 19632 7357 17780
13837 16574 6147 11193 6372 2927 8129 9263 11202 4089 12870 11304 15524 6638 16382 7043 13180 2672 14931 18109 2978 8028 17242 4947 9714 15082
7044 18343 7230 2827 14686 16888 11113 35 18866 13271 11020 410 640 4110 19227 2425 340 5048 19943 15988 7276 4917 14798 4389 12519 9185
158 15036 11664 16059 5049 5607 13127 14694 8963 18478 7560 9140 6097 10380 16980 18098 4099 1899 2362 11967 12883 7093 6006 14783 5102 1149
13111 11038 11247 10182 2673 5462 18768 3966 19315 4517 18971 16241 3444 13767 7755 5948 6431 3639 19847 14135 544 12095 584 7349 10614 6302
5582 1880 14899 13733 14516 1840 7246 11909 6938 12804 2801 4174 12047 4864 10746 9119 4313 11004 14891 4146 12131 13574 4845 3323 8823 2230
9109 16116 16566 8197 19397 5025 7722 10835 9134 7374 2852 1772 6420 7881 5242 1806 19375 12174 6889 1017 16231 4645 4295 1220 18459 18939
10412 2517 7543 2674 12614 10191 4905 8751 1373 6323 11442 2375 10685 1108 285 12527 18236 2994 11211 12752 14112 13225 15287 10106 18207 10532
14105 19379 5411 17199 8638 9721 5565 6461 16117 13625 15686 11019 14731 18671 7375 7706 12853 13987 14991 19468 15828 1000 2375 6575 18476 5331
6898 8246 10004 14437 8214 19412 3069 19336 8227 4673 1364 6339 3824 6702 6972 12091 4902 19567 173 17577 226 13172 7895 13422 19902 9322
19763 4187 12248 19918 1857 5812 11083 12819 12500 15710 5430 12777 15683 5158 17360 14194 10119 6809 1942 11344 10395 17795 11502 693 6328 5738
5717 8557 15546 2245 16697 5077 15976 2277 17635 11646 7814 941 6944 9940 4979 3427 16634 19897 9282 17337 18655 5849 414 9786 12238 5234
4556 5091 14617 575 847 19855 5396 2130 4138 3747 11134 19271 380 6958 11324 12748 2598 16782 14414 5453 6609 8878 9188 9182 15085 2960
12222 14431 11233 1937 5139 17079 9032 13956 13370 2709 8892 8576 3974 3173 15213 14075 18156 12490 12097 12219 1406 15011 6077 3455 6975 3111
3718 8931 945 18308 11618 13943 811 9823 1852 996 13414 17836 5576 17045 381 15768 3109 14848 12415 1364 4281 17823 14691 19579 8088 18240
8848 4952 17163 3438 5578 1590 11191 7878 1227 5218 16324 11881 14868 16445 4880 5213 7757 19779 19808 18846 6811 5318 16568 18820 10523 13251
14009 4712 19906 2178 9832 16981 13209 4327 18987 12957 6675 13234 14082 3240 1885 16075 14726 2936 15336 8026 16679 9554 12953 3431 16194 631
10158 4901 7854 4534 11536 13293 18780 12214 14872 1374 10144 9774 1345 965 2688 12523 7993 5388 3696 13897 9695 12146 10316 2103 2843 3078
4408 19211 9544 19399 3381 13029 9035 8421 12666 6307 14570 437 13176 19416 16314 16054 16006 7559 13924 19864 17 11880 1878 5203 10945 6985
10933 10637 17938 9871 4278 3751 9563 10611 8997 8494 4433 17265 16739 1659 15689 499 3103 3375 3414 8874 4366 5229 14718 14936 4446 16368
6785 13709 921 16652 14228 5572 15165 14851 2485 15542 13534 13348 4181 16648 15419 14004 13655 8171 9424 13927 3375 1121 11565 3431 17485 8056
9801 10771 13698 1643 7811 4970 13904 17737 14415 1132 10404 15791 7850 3376 4084 16429 15504 5680 13680 16683 10072 2138 12612 16827 6857 7523
10047 1876 1722 1122 6928 8948 10122 18357 17296 16239 4252 8793 10441 11783 18402 6853 10711 12573 1430 2403 6245 1135 13007 15976 1944 16249
3361 1144 13203 16735 2998 10316 9558 11583 9744 5735 834 4291 18465 7346 17356 11371 12520 14559 11256 5575 11118 1088 19801 12265 5136 16549
8955 1390 6450 8691 18866 13154 19639 15586 7920 2386 2154 16314 11629 629 19864 9642 2976 10437 5713 210 19418 18321 7492 15448 12805 11318
2545 3375 9566 2251 7585 2765 9409 6009 16560 19031 10048 487 15780 6616 7511 6515 9525 8934 18908 1563 11739 849 19613 444 7723 4045
6656 8260 4998 1615 8438 17237 2993 15223 17528 19617 13521 10554 19857 15327 6923 13327 19788 10515 4109 6254 10251 11977 13865 14759 8808 14321
10764 13150 10588 4536 19853 19602 8658 7597 18826 14939 11238 8108 5525 19972 13936 8946 453 3019 15995 16863 5949 19270 11991 19708 5861 5706
13293 678 11232 4793 725 11848 17725 12431 19716 9055 17617 8727 6678 16937 6293 16104 8059 944 13012 15834 10301 14911 17363 3946 269 11151
13633 7056 18607 2044 15604 14798 1058 4397 5410 18971 4375 3940 8579 2103 2641 18084 2858 4278 12609 12453 8034 14278 15011 6008 16732 16688
9204 3690 2374 9723 2033 14337 5450 1971 14622 9418 2014 17475 12163 10687 18259 6707 2569 17691 17206 1501 2595 10375 11807 15816 18213 12924
7981 7002 13755 14729 19394 4653 5777 19042 2041 6521 12432 5544 866 8065 223 9666 19383 14781 16432 6568 12943 4292 2591 17379 17382 6972
3755 19450 19079 18293 7600 6816 8487 2538 7686 11466 13380 9039 6249 10367 609 15183 3779 12044 19720 3257 19061 4306 13527 15147 8391 720
10414 6551 18474 808 19272 14033 9847 696 6590 4340 13977 14899 178 13421 4486 7914 2942 4499 15246 12501 7840 18430 16551 8242 7776 15735
17281 7272 13163 13617 6333 5368 7632 11079 12537 1017 4312 18008 13866 2890 19930 18516 18570 3002 190 2278 15814 9319 5178 5944 15839 7764
15730 9448 4377 16897 11476 3650 11561 17974 16714 11321 19917 17542 14457 16474 19591 16325 10995 19420 8845 6185 746 3857 5297 12675 4859 13271
4218 17892 17925 12086 11697 17820 17447 10242 6514 16205 19043 2384 6726 17829 7728 12755 9144 1321 2139 6506 966 16135 14483 11340 5101 6093
8615 7091 17161 10600 10618 16693 17108 18551 13509 1458 4447 11314 7833 8932 678 10039 10825 5785 13322 18161 7051 8306 13654 4226 18837 5546
19457 2066 18245 3920 16864 10327 18007 1785 16198 17363 17272 8092 16221 18514 14628 15939 510 6398 1700 2587 9585 18091 13022 11515 6670 3328
10784 18469 19610 13051 17116 4785 11149 13030 17263 11881 12487 11348 19516 18252 13380 9726 18573 317 7715 92 14683 6816 6379 3477 17649 11166
14348 2135 14645 6556 1790 14636 15095 19825 2358 15364 1918 18706 4154 14319 18197 3174 14138 11840 959 3654 6644 12994 12506 6975 2273 6786
2278 4211 16946 18200 11417 7882 18409 1550 17871 8980 7689 59 12113 5788 2130 16430 17635 10151 835 3587 3802 16586 18576 19095 3259 4377
13649 4662 15414 1319 1585 5110 12763 8058 16007 7587 8766 922 13478 10519 17188 14733 19834 17976 19738 12850 16484 18843 5360 891 9968 9080
19288 9622 19236 520 11614 16496 13437 12249 18594 3858 15087 12508 8696 8993 10230 19866 13840 12734 7035 18874 15604 15010 6071 15857 18451 15375
10800 3261 13930 4051 10188 10675 16502 1148 3024 5065 19258 5013 9437 8055 11786 924 3231 8094 16181 3488 10425 15954 4086 10901 5385 18338
4475 17860 17133 8818 11975 8330 13697 3147 15062 12491 7959 17427 6073 7212 17424 4785 19990 11138 11004 15346 11796 2296 6917 13803 13450 6858
5985 792 18777 19392 16509 18494 14850 9203 1054 18491 7519 9133 2311 10687 16664 861 11086 8829 15129 10670 6943 11142 1205 1369 3626 7725
13296 19458 19806 6275 15421 14685 12995 13396 8796 4129 13750 4984 381 7756 16054 7897 10668 16224 4826 14820 891 5385 534 5237 10992 15721
14907 17996 2733 7717 18622 2710 19303 17553 2671 17677 14909 19871 9598 14927 13366 2975 7213 8834 2681 15278 13902 4810 15195 2310 12085 7233
2098 10068 12354 2530 13193 9486 4123 13926 4077 17397 10724 5601 5490 1137 18239 1874 9009 1513 10224 18605 10205 19439 17381 4452 17153 7264
12159 10318 8461 17604 963 2051 7586 6358 17151 17854 18815 11120 6109 12424 5882 6375 1928 18042 19195 13899 10669 11185 16761 14355 11524 1737
6676 2263 11398 11546 4178 5434 17533 8457 3139 5401 3695 19365 2940 9207 12846 11136 7 9834 11170 12934 13589 6531 14565 19950 18226 8196
18300 2949 10344 17128 2120 7053 16735 4190 8940 5330 9368 15268 12428 11349 14680 11038 9593 15571 18898 18196 12428 3080 5169 7053 11003 13058
16835 11932 9606 6756 8845 1492 8294 289 11242 6153 8507 12537 6223 15230 8485 9145 10299 13096 18807 7561 5376 5882 2844 10355 8868 8702
19684 2783 6332 10086 14783 9568 13357 15105 1507 13270 10079 16069 2823 7670 9043 9188 14688 16423 16431 19302 8182 7167 9254 16104 9652 5212
7210 11307 17305 2051 15543 9039 2114 15432 12292 219 6 2451 15735 19784 16926 13796 17456 6239 17663 11578 18342 9058 1735 7542 6913 18041
15094 13390 2690 3674 14971 7195 18374 3462 7331 1587 1060 1056 13697 15380 4374 861 17499 808 5286 1704 17983 18384 7661 13221 1124 17161
4596 4334 3529 13032 15570 4331 15421 1144 11668 4861 11222 1277 2890 12615 8949 16191 5765 19616 7451 12437 13026 471 19298 8355 8942 19764
11323 16567 18047 19453 15685 11627 16378 15530 3918 11626 17811 17189 16925 1264 18945 19644 5242 2878 317 7653 4261 12069 8065 5699 10675 7865
4548 18379 14576 6904 14676 12447 13594 10359 17062 8969 731 5253 734 9282 10773 786 1048 19706 18641 7981 12781 5658 15285 14913 11513 13073
14884 1725 5307 7553 5246 10507 10527 17351 12486 7401 14222 10920 8498 6670 10596 2589 3077 4547 3615 2313 13998 6316 14813 13472 14719 8141
9942 806 2726 616 4431 3273 10817 12770 836 6639 3774 16038 10257 12041 4163 4821 14128 18930 13844 11123 16759 14370 8127 782 19892 11581
7259 7897 4537 3940 17489 2262 19011 11730 16119 16266 15768 9240 10324 16434 15535 4601 10576 10702 3189 4271 10095 1087 3061 7834 6768 12619
19046 11659 5512 3210 4122 13897 15232 10642 18788 8981 19412 18881 13949 2564 13925 7426 4460 19396 15886 14818 8387 2642 16807 2166 9705 1622
17088 3358 1253 643 5433 7771 4029 19460 9505 6154 3476 5409 10865 19410 6101 9782 9519 7314 17303 17104 1343 15097 9467 14491 2385 16461
14681 2445 10886 7413 1660 10595 7174 9632 14523 1 6747 3173 4909 19014 5047 95 10957 9579 12021 3768 10177 8282 16982 12053 13132 15618
5068 8922 12937 14611 12584 19175 752 15150 2223 5444 763 14988 8013 11342 7369 16005 18006 9253 8302 7607 1667 14165 14905 3769 7754 2405
9219 10874 12520 3698 13769 15702 16642 11645 8127 6398 2241 11591 12629 1753 1509 6850 10140 9240 19432 9246 9416 1056 4728 19873 7616 5193
17617 15047 6608 7920 18556 6737 12787 6711 12009 18556 9693 4231 16975 15056 11288 12050 6548 17986 16002 19454 16135 2918 594 4773 9740 175
4478 1238 16587 6851 13781 16827 16579 18356 7159 14751 6670 9685 17867 5966 2013 234 13797 3380 8860 1736 12195 5737 2889 1072 9013 1937
16996 13250 10757 17202 11953 19319 7876 13880 8934 7798 7859 4014 1577 5015 7367 10603 18781 6997 13480 4490 7726 9550 8848 10592 19461 19334
8810 9627 2124 8038 1630 904 5283 8676 2734 14085 5307 2576 7646 1937 9624 6118 9068 14568 8399 13263 10735 9997 17603 17635 12445 2524
14128 17043 9539 12035 4818 6271 6527 5888 7714 11083 10924 17239 11962 1060 16250 792 6639 4793 15816 12036 12286 4339 18596 7041 13271 14538
16130 19588 301 6054 4558 17873 5210 11291 3505 11583 12707 10436 11679 5084 18046 379 2973 6583 11082 19621 15115 10391 6130 8391 1985 10280
8748 8253 6588 18891 17619 6411 16996 290 6494 12561 10612 13883 14441 16851 5494 9811 1210 6624 12860 16250 19168 1353 16773 5820 15067 15802
3433 15457 18585 10390 18080 2473 16012 18380 294 16053 2031 19109 4063 2129 13960 5979 3276 14104 16798 5802 5619 9305 3419 8003 17497 8350
8333 19337 5045 11 1465 10322 13564 19040 2951 4412 1075 18589 19604 505 6520 4545 9512 10393 17422 3824 7016 8948 17348 10546 3920 79
19735 10446 18019 11603 5123 110 607 5870 12744 18249 16848 11748 3472 1327 4696 4750 1864 16100 5543 19764 13140 11996 13798 2205 12998 770
3285 5887 11706 14922 9644 11258 11009 1630 6093 7969 2120 19431 10417 13596 19072 15472 870 3230 19980 9877 5768 10869 6571 13631 1725 18612
6629 5263 2668 5950 7288 17886 15710 4074 11984 18945 14313 11770 13054 14569 11466 16171 13030 5224 4156 15730 14497 10835 19494 7656 6999 18436
5718 16429 14394 16474 11728 17167 5716 2294 18444 10897 4999 8286 14413 12729 2686 744 17363 16783 9928 3200 1325 8374 1071 30 11925 11775
4771 14194 1212 13098 2268 902 5097 2894 7335 12709 15991 2701 3192 12542 12422 6675 176 14369 19245 5516 18651 16788 10901 7972 1319 19615
17621 9737 2219 10114 4958 12925 2546 17787 669 17141 8283 16925 2370 17854 13787 2960 19722 17050 14833 3975 8703 7560 965 11398 575 7579
4742 11517 14161 12724 9324 14763 14473 16907 5091 14974 792 3057 3874 3730 4591 9871 10257 16534 11998 1726 13859 10778 17762 8641 8914 17609
3936 11683 6095 5146 8487 1232 7441 8295 19426 16493 8808 9134 15087 2733 1680 9333 6198 4308 620 13329 11445 9968 3410 649 6984 765
18583 10775 13870 5555 15866 10366 5192 2587 13723 5436 19951 12035 660 11595 6893 16000 929 6295 6676 11899 15042 5973 15707 797 1372 577
6355 7718 1149 2364 3334 10812 17424 17046 3686 3251 4687 5554 2243 1872 14869 5096 23 10796 6716 16092 1901 11193 13902 12747 19727 12045
18277 2325 13593 2388 18422 3742 3643 2144 15547 17537 17781 12200 18728 9801 9264 11282 13685 13855 13491 84 18189 16343 6192 2468 11123 3983
9141 3366 476 8539 8157 11389 7501 1687 6021 13935 9276 3397 17148 7138 16099 15041 3140 9752 9623 6729 17336 19198 9064 11569 3569 12464
266 10602 2190 11629 18141 126 8218 11906 6445 6725 14170 15288 13627 5736 17111 6125 4095 598 1959 13895 13161 3293 3711 19737 10477 1300
8911 17174 10451 7909 7117 17571 13860 892 8768 18917 8108 6255 7105 17753 11661 13038 10163 17054 11608 2628 17492 2691 5356 10152 17188 804
18236 18477 4383 5504 1307 6339 14742 2899 4754 19879 438 201 39 9441 5543 8049 7901 6360 14427 9945 3218 16263 15993 13630 1497 17073
4182 17674 2093 17192 2493 14702 10325 2790 11529 6661 8198 17254 219 13773 17181 14595 16981 4168 9025 15029 12425 3150 3581 3626 9908 17203
10093 3029 12853 10295 9370 6765 8454 836 12070 11754 10305 11912 717 14631 11617 14969 19633 1923 8922 6902 11137 6778 167 18790 1001 8512
9537 13160 3971 7860 941 3975 4613 1548 9778 12645 5411 3186 6302 19626 18044 5155 11905 8565 19775 13826 6688 14313 13834 13542 9599 3178
16698 17283 9364 2765 442 8550 291 8850 6524 11279 13634 12848 19863 19215 1229 13155 17740 3575 9410 3134 4448 9133 6966 7882 11475 11712
4316 5168 3586 9475 19066 1861 12571 5095 18228 5087 10437 13008 13774 3809 14977 16413 10915 11056 6343 15048 5769 7672 4551 5929 14113 19903
13720 5906 6590 10247 10322 12192 8894 4418 13859 9199 2866 17860 19887 11925 17157 6790 201 10930 17094 251 3282 3159 7272 15065 10454 10330
19728 3397 4316 19233 7409 17115 15360 12859 6476 12675 4007 16557 4481 17388 14869 4102 2654 19341 19617 10337 17169 12481 15003 1484 2600 2611
5399 18084 16549 13539 15492 8567 3820 17047 9909 18213 11859 9997 17046 14071 16373 9844 4651 1655 16575 2931 4084 12105 19244 8927 12913 18855
2176 5660 18507 3500 15756 4393 16643 5605 7318 9319 14247 13985 5881 10632 18368 18862 6239 9770 9988 17381 13971 8994 10699 13250 16659 12066
11917 18462 11051 5080 18778 18762 7993 4632 17360 11481 7000 4886 18914 3052 14236 19482 14211 13314 11694 3442 18710 4435 9326 4149 3855 14389
9713 4544 18073 3756 7949 6509 3738 13048 7204 13446 879 11696 7179 6932 3504 335 16779 6904 11064 7321 9507 5694 19827 12354 5660 16302
9779 16851 9489 2749 14203 2770 223 7358 4013 17067 14582 13623 9379 16026 1992 15145 3727 9929 9283 5692 17154 2272 378 12159 16522 8400
6008 391 5914 355 19580 19455 14189 3939 19332 4808 14542 11610 11396 6803 19463 9915 12774 4590 18143 10669 13362 747 9304 10529 2400 3989
14846 19139 18575 5039 19685 16951 7639 16164 18128 2663 5468 13772 5365 11369 13024 1535 16353 10939 17799 12186 12085 9138 6065 2194 10967 17008
14748 16830 18638 14627 6326 5421 14859 9738 2354 4431 1820 11097 15150 482 10474 917 5536 19508 7583 3965 4647 4932 8598 18409 14136 778
10805 2403 6780 15677 11574 10918 6280 9979 10165 3409 14863 6738 14943 17548 16730 8358 16375 4233 10421 3207 15207 1084 18578 5746 17854 9796
8348 9728 10677 13874 5203 12307 17333 18836 17902 18383 7120 17107 7647 2695 2123 17086 3433 2329 16499 3461 17763 14703 16998 2990 18009 12789
14740 12278 12917 17975 6407 8629 5636 17883 12359 13847 17249 1362 9312 19740 1712 18906 3578 10825 16521 9296 8132 10227 3415 7884 7802 8239
18349 18065 3177 7356 16266 7834 15718 11331 3100 8258 9587 17530 3910 6970 2784 9721 11060 2836 6727 1657 13618 4480 19214 444 7111 5623
17364 19013 7965 2962 13445 1730 4966 10824 7732 3667 6322 16667 6276 4903 4824 13752 12027 12045 11897 6062 18006 13757 19055 12913 17681 13617
4061 1545 727 15411 15472 8258 18461 14649 15356 4986 13393 13759 10090 7952 16793 3341 7531 13110 5162 17566 12770 16177 16515 17415 7709 9858
8571 14162 7147 3535 16182 1191 3706 6112 17422 10812 10 10628 3919 388 10143 226 12825 2568 14603 5634 3427 10480 1208 6151 19034 7902
10619 16402 538 15654 1981 4295 14612 13635 16174 6041 18076 3899 16699 5752 6823 11812 18407 8867 5034 6948 1408 6236 15867 14273 13294 3767
19794 2118 18174 18935 11182 6189 2438 8300 1102 2545 14627 18845 12094 414 8786 3928 124 5670 16770 16466 17260 12695 8908 11034 14525 9441
19820 14348 3405 5373 2133 361 9179 13857 12676 8548 11244 1452 13663 14587 2500 18949 10006 18757 18130 2182 5844 16695 18206 16433 19793 17749
14255 6990 16657 19260 14167 4867 5805 10157 7556 3797 10517 14115 16764 2713 10293 17381 11291 12510 17812 5751 19393 10193 4662 4248 10538 17173
13704 19041 4096 3043 15281 15885 7871 3875 10508 12397 8144 12761 590 17970 13072 948 1586 417 18394 15144 7937 9236 9696 13758 9446 19282
16956 1672 15799 3354 11434 12545 14189 8712 845 863 1088 9523 8265 9386 1318 7488 7800 14079 2754 11331 12655 18230 18041 6626 10654 9587
9235 2541 1302 5802 6045 13157 917 11654 17632 15462 12708 4255 3534 5829 1548 2597 15303 12214 19691 7345 14549 6446 131 11787 14526 6230
6878 15324 538 14948 16245 15864 5543 3503 18619 4788 16579 2741 16599 16983 2872 145 9445 281 18946 13225 1579 16772 2037 12044 4083 2478
426 19419 5953 2467 5927 14640 19061 16210 4487 13218 4255 14460 7046 10696 15206 2 2184 2591 1792 19417 5689 8801 1951 9919 3060 14267
2883 17774 9008 19568 8164 7894 19082 2980 14480 19040 14174 7753 8094 4777 11304 8633 7494 8231 1257 15533 9653 12123 16562 15888 16748 10182
15612 11251 1670 15762 8240 3465 12097 16702 15402 6528 14534 19191 13946 11938 16208 4691 15721 378 15018 12259 14720 5585 8447 4521 6811 18297
10162 16636 1824 18640 5664 12882 7856 1444 14454 1783 3422 16863 17694 19358 111 7275 4755 19933 4006 2488 17498 11144 17118 4854 13579 17738
183 19469 12576 2001 7817 8433 7497 16963 14680 11469 10437 16540 1659 6552 5360 4823 11650 16735 6899 8073 2048 6555 95 6649 7673 2134
16534 8668 969 15143 17531 5472 17995 6998 838 17193 8104 816 7171 16796 6793 15986 16604 11162 17190 19772 1865 500 5234 1173 14432 2406
14732 1095 13375 6869 15719 19981 17972 16917 8831 2828 2102 2293 6492 16338 18539 12341 6447 16088 7236 13849 1550 10354 10818 14658 14846 3792
8429 17019 4122 13755 2511 933 10319 13281 5006 11958 2221 15045 12519 14334 2429 7409 9212 3025 639 9870 18650 3612 9373 121 4239 16939
18072 4177 14558 4298 10286 7716 13151 11327 10723 3626 19280 2637 8854 16273 12960 18255 3835 16002 9024 16164 11838 5365 6403 58 19040 899
764 11349 12451 1582 8940 8074 16893 12948 2833 7292 17462 1606 845 5875 11120 8066 16896 0 13580 8810 2595 4082 5360 17201 2550 18735
11014 12411 12007 4465 2769 19156 16355 15741 12966 10044 14179 10101 19740 12460 2377 7461 16371 1109 14175 4991 9356 3679 7021 9091 18082 275
3955 8443 11594 15942 15241 11237 16224 182 1158 13847 5595 3951 12490 3836 2371 17218 11272 17879 11020 17487 3403 484 2545 7049 9606 1232
15005 373 17757 18006 171 17592 7514 7568 15452 11234 3135 2222 17207 789 12153 9326 15070 9911 12438 2147 10190 9167 15897 8119 8985 11940
668 10736 3261 7989 6613 16206 17220 16131 3472 8710 16208 5886 8319 16265 18746 146 10396 8211 3242 812 14952 18806 2642 1185 10324 4121
14322 5885 5361 16618 4962 13188 1043 10466 16628 5579 15149 14610 2906 9199 2083 15079 2006 6271 18231 7016 3541 17969 18059 9680 19781 14481
12689 12519 5749 3994 17605 7830 19786 4791 18382 4760 7420 11956 10341 1927 17529 11315 63 10960 17367 3469 3436 16977 19379 6355 11277 14163
14674 16540 3087 3932 17514 976 16396 314 5028 6382 3298 6760 16809 10715 9465 1059 4398 10336 19592 2893 15304 2477 8406 10348 6826 18804
8972 1755 7367 14115 2343 9251 1294 8511 6196 119 3587 6986 10718 13409 3001 9768 3118 16384 3533 6989 1455 16028 14763 9071 9357 18521
12341 11105 6867 14971 4458 15220 16190 8201 19895 6031 12934 15292 14262 10184 9392 12091 3583 300 10540 18898 10544 7012 11864 11794 1854 3020
12376 14427 13138 3562 4422 18157 9561 8347 11286 17247 5636 18902 7327 13506 18056 8990 527 9844 1120 13692 13537 19025 1260 10656 9822 16122
10322 7649 7034 7292 2311 9333 14765 19493 17990 1139 15451 9990 12231 16129 737 1070 19847 8188 10895 5157 13976 11395 12088 17466 15630 12819
10887 7822 16188 13812 375 13338 18472 2961 18551 12194 19021 5863 1653 16009 8700 14540 14693 7381 13479 19043 18156 190 9621 8197 10009 19122
15701 17027 7517 4507 14761 17018 15671 9370 12523 14606 15205 6330 8341 10898 3254 16130 7078 18925 9743 2229 6761 3078 521 2548 15520 8431
17563 5396 14334 8650 19054 5964 18593 12173 12555 19220 10952 18448 17427 9568 18762 11741 564 4178 15452 12362 13589 16487 4538 4810 6688 5858
8692 2405 7880 13601 10102 19493 3976 5695 785 10885 17731 2201 16965 8656 11168 8823 6827 9735 17852 3154 513 11321 19356 7988 12267 18418
3760 17586 5272 19511 9338 18444 12565 4386 6437 19587 5223 5591 5983 4653 12864 9137 4469 2467 12719 10962 18545 4586 4943 5316 19833 1814
8064 3464 5892 19522 17707 5002 12496 873 7570 3793 3398 3849 12981 19474 10692 3535 681 1311 16670 5444 15180 12342 13913 8109 12501 7915
821 17315 18907 16143 17789 10530 751 16431 542 5843 12056 12313 987 14784 3503 8281 12551 16858 7027 11630 2095 17189 18345 12713 13840 14971
1118 6863 16598 325 12431 4108 8886 14285 14403 3207 4458 13366 3069 19292 1400 13644 16562 11340 7743 14559 4019 11574 2344 19366 4206 1929
901 2805 951 6506 8230 9602 5028 4595 3135 9965 4245 2904 10985 11172 14696 11048 19797 11397 14641 1563 6201 14587 7487 17096 6794 1097
1967 18115 11488 15874 7484 12195 273 16764 10240 14433 12475 4285 15356 4565 4989 4279 9708 14784 10290 6862 13799 7618 13779 6056 380 2246
19901 2707 12796 7935 13175 15463 14696 15399 7476 828 2512 6584 2032 11550 12219 13735 17101 2974 10352 2611 307 1357 16391 18415 16285 18726
16464 16543 18376 1032 911 4680 12054 2577 17111 12859 14370 14055 19732 5714 611 2407 5307 15392 1597 1593 9583 18930 3936 6481 18269 4815
13596 12613 5162 13772 14575 6658 17654 12917 17308 12866 18777 5151 11841 1935 5627 12398 1768 2847 17441 9541 12074 16962 9200 9537 6262 745
19155 3717 2570 3394 5204 13407 469 11573 4632 19270 18295 17206 19943 7542 11489 726 16724 18221 5363 9199 13322 1583 2940 7991 1958 18111
9742 9128 18279 18849 16261 3509 10953 1273 3902 15686 943 13684 8497 8995 17679 4412 8933 12483 66 8665 15657 17988 7030 17815 3159 8112
8361 15516 19252 17553 10065 12157 9840 7212 16064 10391 9923 8070 3817 1833 13510 3078 15827 12718 12976 15275 6154 3923 15397 3531 2291 10274
18046 17912 2260 3593 13242 12167 2034 138 4992 12253 13593 11889 10966 17377 12237 4140 4043 13493 7698 14116 11795 15136 16389 4623 19757 18442
16403 10604 5249 13551 7449 13338 12131 13722 2826 4018 17889 13675 5961 19229 16282 18722 8829 397 12297 3240 14653 17557 712 623 8182 1160
6644 7254 7889 17460 3693 5807 2424 19630 11122 14198 11091 7910 5362 6633 3329 2243 18530 9675 6275 6373 15815 17838 17633 1927 13293 10073
11234 19099 8622 6580 7769 1122 5338 15125 1877 15380 5819 9283 4341 103 4799 6737 14207 18062 16090 11177 12328 13248 13117 16887 9622 6247
12146 5839 7215 9551 9007 7519 16273 16146 17220 11239 11151 13009 376 15557 19999 13222 13700 11729 21 8755 10525 5834 3386 2664 7240 17682
8954 4925 5130 11317 12917 867 9972 11374 6292 768 15638 11794 952 16049 13722 814 13858 11150 15231 3030 355 10830 10033 19133 19956 12265
18830 3608 14700 9051 6633 14700 15358 9369 15421 8167 13667 19343 16528 369 5448 14105 13768 7648 11584 30 9421 13885 7270 17680 8802 17011
8720 17923 3136 15905 19134 8274 6528 16013 8182 1194 14100 19676 4049 9676 18014 3866 10603 7751 15777 2656 19228 17962 11573 11358 13654 10781
19068 6823 9610 16971 15825 12271 19578 14288 3170 10481 18936 15474 16192 9511 18357 19549 34 16252 2383 8960 17680 8117 14231 15153 11698 3294
32 16571 16162 18778 18856 12173 17364 13536 17514 1683 4193 7321 13884 1697 16932 10614 7125 11444 5197 4961 1111 4030 5984 5648 2468 10640
13158 7246 11806 8001 16429 4750 2621 19425 3672 16266 4800 8591 4549 13696 7991 17280 278 1152 3528 15653 12567 15329 4448 3232 12526 1555
921 11537 6175 13499 15310 8046 18818 16611 14832 9206 2031 1735 14213 11643 13630 19574 16551 891 12155 13851 9826 438 6864 3097 6033 11274
3203 3584 13754 3135 12089 9287 8059 11323 14404 1435 1712 8294 11163 13983 15107 12679 10380 18864 1195 3596 18017 5990 14124 3860 7908 14715
1959 9859 16209 1313 9818 6103 7296 9195 10664 11679 217 13920 16005 5311 6857 4012 2773 13064 14136 15857 5077 18851 19190 2894 8560 3281
12557 17797 3004 2927 16923 12263 8249 14639 18953 2486 18982 2095 7122 9105 6393 16175 11874 11545 13829 1896 4137 3146 17076 5323 7169 15810
7347 5972 15437 7542 7560 3166 3257 14369 18893 12599 17148 19753 4999 2126 6108 12447 13128 8680 1155 16935 19401 12458 1005 583 4651 12415
14990 13134 14322 1701 8664 12032 6054 6445 391 17596 1420 7431 15712 12497 706 16935 3817 9865 15714 10798 17306 1343 13338 11908 5658 10971
14212 9315 7638 12142 6696 6509 3164 2259 8110 8161 5421 1182 4277 3406 15655 12880 3565 3208 1879 12454 13670 8668 9638 18474 14365 10443
18275 16245 13767 10552 15119 4347 19609 6575 9634 7288 10115 14757 13722 11182 7774 13906 5941 19591 19100 9351 12455 3154 12569 3960 13700 16269
11143 7718 7624 2874 3204 12036 10358 12749 11068 13883 19966 7618 18585 4938 4427 3772 5056 1975 2909 6694 8906 6079 12837 16798 19725 5992
16905 11521 4783 9123 10323 15117 1712 6790 15571 9879 5807 11669 12224 17950 8787 9577 10269 6897 10540 4404 13048 6608 13870 7935 12832 19837
7647 14239 10910 13447 5614 5842 5058 18080 12404 1325 1635 917 5166 18497 5427 14019 11802 4500 1494 10745 10694 7314 15775 11831 14633 16816
6789 598 12465 3453 9867 19716 11210 18814 6226 17738 12316 6492 6779 4624 5468 8818 13242 7162 7615 16160 7584 4507 3932 1505 9852 15129
6328 16054 2268 3681 4216 12975 6141 16698 15581 17276 3107 11265 15711 2155 7935 11117 5510 7263 11865 5892 13386 8566 5396 11968 15097 1551
12233 9714 853 6124 15950 7770 12930 9909 12240 5239 12268 19847 3221 10275 14677 5990 9648 11676 10075 12456 9814 2521 15550 8519 8804 14773
17412 15150 6541 8278 18840 7015 3297 17253 14565 11740 7821 12677 438 14822 2877 9626 17449 10806 882 4476 9710 16375 1673 2549 10493 13227
14862 9325 17629 12366 9715 11270 17482 8325 16898 8824 8323 1646 131 14138 34 18846 2546 12679 15344 4055 15974 8947 10336 10208 16723 12729
17613 14151 12310 6654 4698 6075 17544 5569 7856 4319 13870 8195 3550 7407 5894 797 19943 3515 12149 18773 6688 14591 7564 3668 11031 6576
2949 1626 10890 13846 5989 1 8197 13746 11375 4245 18128 9511 11844 19416 17888 10510 15265 3553 9254 1593 16532 9529 6468 3587 8243 10376
6093 2478 10008 7978 11790 11200 8759 1137 19748 4112 4701 18437 3060 16866 15861 12052 7165 17683 7184 16445 192 15740 14246 12994 11151 588
17593 16093 17532 5272 3024 2268 2894 13085 1496 16160 9634 3864 3985 15704 14649 5014 11807 13477 3038 18034 10630 13703 17652 14666 11385 7844
19450 18849 7326 19874 8798 9940 11391 952 4130 454 12777 7296 2273 5 14895 15803 1507 6836 4358 10528 3695 19119 18084 9241 11736 13219
8151 7565 7132 19431 1376 4375 15235 17921 2695 18470 5169 635 13130 816 13966 16434 17108 12769 2382 11063 1969 11404 12888 4471 11648 18060
14917 10237 17034 15154 3160 9337 4046 440 16791 2671 9503 14 12825 13745 15468 2748 2945 7357 18253 19613 9390 4347 15894 320 3240 13960
18678 9639 44 1488 506 18234 15210 5595 90 19174 12189 7863 13794 2256 11113 19558 4015 8140 5374 3719 1240 11330 12724 4442 15528 4051
16195 17109 11934 19140 5401 8811 15233 5998 17221 6617 5278 11621 11753 14939 11756 5605 912 13138 16958 9484 10041 5247 535 11734 7369 15056
10040 13318 15391 46 1886 15156 10571 17324 19891 18623 19403 14290 13377 17256 14103 16130 10017 15387 3721 9542 10752 3839 11783 12512 15794 4490
10265 13011 19442 4795 16758 9714 1246 14298 8332 4943 4864 8648 13101 4125 11161 18841 12667 16820 3879 11273 2871 2362 13409 18022 19833 16082
18086 1338 8424 17691 2111 9193 7148 8057 18332 814 13716 10380 16044 722 10563 17866 3888 11074 4899 1072 18508 12471 16927 2669 14508 275
1907 9854 1243 7637 9783 18180 5371 212 6110 15463 12384 14974 912 14502 4669 13313 64 1542 6805 19521 10603 19221 13269 13152 6741 18756
9150 19765 684 18388 2835 13802 5010 14524 6641 2263 10070 12506 2885 12932 9561 8984 313 8315 16819 18676 345 16313 18455 1995 12726 4859
2941 2389 16989 932 14177 9033 5085 3717 19819 7820 3898 10237 11536 2545 3801 18369 6927 6690 6622 12686 16299 4689 1005 10459 3839 19938
934 6977 10676 14001 10087 2680 18139 14120 5724 6615 15292 1095 11619 3931 15699 7654 8909 15633 19239 11349 8452 2894 17257 3048 6751 13492
4234 10525 12764 9147 19777 4760 841 6518 13830 861 9199 17207 18727 541 8663 15545 1031 670 4921 19425 4867 9997 18688 302 10280 8597
13270 17225 10669 17600 7798 4025 15055 12374 16862 3647 8190 5243 14561 1835 278 17394 13631 577 14405 14824 19287 17187 9815 13281 12177 19684
3647 17962 10181 12346 18948 5612 9377 10579 17778 15288 13965 14001 9246 1570 18251 17354 4018 7280 7427 6106 5136 18014 1261 10625 5720 15282
19143 5546 17994 19053 10399 7072 735 9381 14476 15850 16016 5900 17068 6680 19739 7421 14125 11852 763 29 10627 8839 11383 16205 3286 14810
8153 19223 6197 19806 3553 115 856 4342 2467 7509 17028 13948 19679 16753 7454 6958 14231 9221 13015 16698 13398 232 16142 17966 10222 8835
5979 4869 19303 874 11302 10947 16451 18534 10260 2569 9257 18471 18196 18119 8045 12492 10819 10818 18426 5626 18504 10166 2052 9989 1213 19363
2327 16324 17086 4500 8435 16853 11572 3378 17003 18606 12890 19336 17818 8054 15050 11430 4208 16453 9427 11551 3833 15866 8782 18051 19720 11177
11474 15617 467 15865 6481 15479 17511 4982 7959 18744 8172 6340 10320 15362 12376 8928 8357 19139 4777 12771 9384 12698 13077 5683 10937 18042
4140 17168 19354 10822 13485 16953 8540 19166 6030 7977 16402 17790 15713 13654 3233 10114 12021 18494 17155 17428 3618 17936 145 9570 12409 8294
19260 15062 11683 13950 10233 9815 19480 1897 14041 3780 10678 15286 11235 13245 12391 9275 18965 13305 5958 8863 9657 4443 7237 4455 11716 57
9762 4040 7580 2272 6815 15392 3311 16659 3234 10240 12364 15889 19459 9212 15223 12474 7381 7303 7057 9943 16582 10959 15394 18368 17919 12560
2993 8763 11621 14758 13750 10238 15747 8048 4115 9372 18636 19442 4641 13101 6984 12525 1403 6142 5539 3962 15688 3044 15310 3314 19446 3750
16374 12002 9894 13701 7646 2678 6208 9593 983 4503 17563 708 14094 5259 5467 7459 7551 15120 640 6894 15925 16881 18880 2196 11457 1693
7113 12906 10755 1844 15813 6650 9329 18937 395 15963 5250 10568 15018 16565 15108 17356 10130 11278 999 16634 16052 11041 8895 1393 16776 17540
2801 14019 11989 12501 18348 19097 8103 13650 16429 13030 16503 11518 4785 8340 7313 19500 9197 10203 17116 4813 1435 17415 15427 16895 19767 4284
19719 7381 2110 10721 11941 10395 7623 9237 7874 16422 17918 16191 14053 2412 13674 7159 16466 5668 7265 18195 10529 5171 13738 19341 11196 9752
301 8533 10322 17377 18367 16481 14108 15960 6 7342 13319 10489 10953 2355 9726 15985 12907 5880 4273 9242 9579 5653 12058 19872 6258 18684
5498 4299 4339 1335 9460 19899 17207 18020 6418 19163 12580 13157 16507 873 15059 2775 15065 14425 17550 12453 14965 796 5136 2005 15826 17580
1027 15934 11637 2049 13103 15996 16249 4220 10831 7430 374 9580 6590 5245 8667 17557 5769 6205 4210 18822 4718 9196 19753 15037 19580 12634
6222 10585 17436 3450 8886 3923 17573 3934 10851 12855 12514 871 4740 7715 13788 10332 10533 12296 15820 11922 13131 5482 13272 18051 13537 10741
9015 9927 19626 10263 16705 11891 7634 2694 6308 11291 6202 7482 16699 18173 5533 17608 2383 6497 15276 14838 11868 5221 15561 16843 3710 2023
19036 17684 1377 18821 12972 1436 6675 10169 15548 16214 4621 6025 12380 16541 11467 14644 3823 11616 13262 855 2789 9473 3002 7547 18753 15379
9366 19519 5925 16771 14096 17458 19569 627 1689 6097 5654 8508 18040 19279 1638 4451 16550 16931 3256 5108 479 4554 3020 13692 1261 5839
2879 5911 17502 2753 17055 16047 8765 6110 19262 15372 19044 8180 19362 7023 11734 3337 15262 2784 17603 3042 13276 13807 9152 15395 7039 4304
18760 4631 6504 17564 17029 18684 6015 12451 7401 9275 16500 18070 1796 3827 14183 1649 5553 1851 12147 3120 9137 19138 1753 15059 2238 5510
19451 15868 5236 19779 12356 9129 9216 5444 12400 347 13228 8724 9623 148 12796 2489 17037 12094 6985 4056 7218 1996 10126 14413 12848 7267
6419 17643 7213 7747 4035 4871 7125 15550 6709 13848 3990 13573 18763 7049 10465 6136 6750 10660 14287 2010 9415 15209 19909 11171 17781 16429
12265 3897 18331 10263 4708 6850 120 14124 5731 18049 14574 6196 5349 7170 18414 569 12177 4492 9906 17369 12011 7414 14349 6646 19051 8367
16224 5626 17751 1323 3877 10949 18380 9733 6102 15343 5782 6086 4937 11571 12602 571 12439 533 15194 14446 15852 18138 16471 803 11436 15277
18890 7065 1306 9311 4697 4505 15999 2586 4108 15193 1110 15112 8297 11459 11075 9260 13812 18470 375 1216 5175 5198 17493 1488 491 12991
5062 6506 2287 2027 19524 18394 2770 5855 14357 4461 275 15536 18216 17537 19608 19247 7981 324 17698 7357 12581 11564 1037 7191 6989 12937
13187 11288 3456 3364 7917 4623 5735 18346 1055 12710 8847 8677 16137 17806 13221 1220 6648 7186 987 11101 10977 19487 12459 14786 18042 2619
1443 9806 10754 4518 9206 18350 14261 5678 13892 12546 1787 1516 16318 6189 2549 6702 494 19978 7990 1467 11035 1481 19847 7782 19591 10507
627 14938 15010 9549 17979 19873 9211 8694 4424 13061 19445 13079 5122 15969 1543 9272 1463 14322 15734 14474 17394 17886 6811 8174 2403 11594
2686 19755 16156 180 10443 14537 2088 7594 13827 17483 17901 8540 16562 17041 10021 13182 10982 3064 9186 11566 15501 15938 16035 8377 13114 287
18593 12606 8185 9290 3207 15998 4485 18280 9807 6629 5130 13142 3859 10562 7215 19722 14194 6714 16527 18059 2754 18863 17080 13201 6181 19577
18988 7030 13956 19723 18332 1392 13309 3418 16088 788 9347 11032 13788 7285 12421 10766 9936 16087 12698 6880 8297 17238 8569 8117 2277 2898
13718 12472 4925 6880 11905 13758 14299 12165 7676 7763 15765 14414 9974 14024 7573 18711 2531 7561 7255 1774 10051 2899 14796 17251 7563 10270
4119 10659 3576 19444 12325 17973 11676 3103 4323 12853 10766 11903 14228 9430 453 14938 18029 9174 13382 10042 9318 6295 3929 1800 4073 14710
2356 10365 5797 6381 1029 15112 16760 7156 3147 14769 19508 10989 11993 17308 19005 9444 14427 4084 3229 3431 18259 4007 2836 18455 936 7876
18604 7654 15339 14427 10002 4750 15362 2315 10327 7105 15754 1843 169 10100 14875 492 3764 15336 5373 10946 19811 10921 1503 11769 12712 8019
19330 577 17340 15965 4289 7035 19985 19158 1807 4916 13695 7009 14768 7784 13630 7401 5766 15511 16680 10422 10523 11496 18468 3415 17629 15387
12464 14484 9217 358 17400 4272 10152 16397 15766 880 17731 2992 9703 19806 12406 12337 9824 4429 16737 4789 18064 6333 6915 8558 17773 14765
840 4068 8678 1717 14561 1945 379 12243 14998 6658 14086 13475 18426 13879 19424 1801 19049 8737 13304 16238 15777 14877 9982 17280 4666 7955
8188 8630 11063 6209 9829 8688 17240 18411 10233 7933 10984 8622 16879 10045 15245 13617 5894 13762 9891 4082 14185 6375 19820 4067 2166 511
13182 8440 15231 121 18809 14492 2745 10126 9000 18934 17517 11167 11336 10047 9918 7121 9466 17499 4163 19168 16837 19401 2155 8746 13040 15573
17152 12859 7585 18284 3000 19367 1712 8672 8543 8048 6244 2199 9543 2239 9339 4320 17894 7274 15637 11018 359 2866 8937 18060 7041 3198
14007 6546 268 7655 17019 6239 7255 14400 8813 18855 11576 16564 8891 11873 323 11708 740 13715 17440 2073 8698 5885 872 19066 12636 8457
16670 8296 15381 17671 7069 17753 3621 16993 2995 11879 9287 9588 12488 16185 8230 1779 13715 16033 423 3774 14714 14964 10663 7625 15189 15764
5059 1952 14949 12151 14070 18257 2905 3687 10656 15941 13474 1468 12646 6953 13786 3842 12835 5678 14867 2194 7292 18959 18566 8178 18963 11852
4209 16226 1904 16532 1458 5931 3780 3837 16990 10309 18998 12599 18924 1446 14723 4628 11741 15508 15024 2797 7719 12090 3129 2019 1623 3191
6782 7950 3309 14634 11048 19237 3369 19478 788 5396 8960 4033 14003 1819 19489 7507 13391 13956 4593 6764 6407 2672 13556 878 11881 19949
7999 14519 4067 16429 7387 14239 18239 13442 11222 218 2937 10774 2888 722 2816 8419 3171 3350 10329 11508 18706 6321 5781 5423 9107 14549
5954 18815 8178 12047 6747 6639 1345 14962 13601 3002 1270 4789 10593 17736 17379 18074 16557 14316 17209 7855 3996 8300 6876 5574 19237 1086
15998 11472 78 6415 12780 18264 8721 7945 15558 6500 18634 3709 6666 210 3296 7232 19528 12495 7477 6921 9127 11425 9521 2993 3498 14476
5540 2561 14753 13863 9036 19448 8114 3421 10942 4108 16846 16565 6686 17362 9961 2726 8202 1916 9403 1456 8458 6932 17666 19943 5962 13028
19610 3122 11168 8015 16879 12893 5665 1339 2858 6030 8735 8503 13996 9172 17178 14882 15736 12250 12776 6341 13226 7118 11844 8082 5577 553
15350 2940 11317 7614 17297 16815 14588 15955 1220 1187 19863 6138 13999 6237 8430 7190 17893 2104 14649 16576 7830 3766 16166 15028 13126 16873
1520 12340 6710 3478 14413 9801 326 7153 713 12517 1421 19457 19112 7474 8122 3529 12932 4255 13226 14065 19883 6429 11429 6811 16417 19310
8722 13265 6738 2843 4366 469 11327 14990 5062 12408 12938 11458 17856 12161 2123 3922 13100 7901 16225 9740 15631 12829 7854 11406 7890 4220
11479 4137 1229 16519 977 4895 10102 10667 6211 10730 4294 7405 117 19134 8075 18594 8942 1332 15611 14112 12871 13712 2172 15806 8447 14816
6444 19394 18345 8530 9068 16735 1387 16798 17510 5431 14561 14360 19002 18187 31 16108 6454 10107 9334 18160 19011 19802 16405 878 4551 348
14877 16216 2933 9041 2702 3035 4346 406 13634 13227 425 8065 15985 18232 6852 8417 4831 14905 8809 13716 13529 19546 15793 12507 2992 14092
1433 14333 17657 8153 3521 10811 2367 15570 16109 512 8706 13204 10804 17354 4204 10431 18288 7440 8202 3544 16249 10815 5379 538 16983 18109
11995 5021 10557 19901 1847 16831 13309 6293 4455 15385 19871 7055 15757 2998 17175 9500 11059 19013 391 18736 14 956 80 9845 10178 16956
2111 13383 1941 1267 6172 15436 4604 3941 12285 15758 9826 14518 9732 13193 13550 13582 11445 5471 6370 1562 17150 17554 10934 13291 19194 12498
7139 14483 6715 7854 280 11548 1446 11562 13049 2443 11079 2168 12274 4849 9594 14333 14816 16118 2942 572 16312 15512 5564 18510 8166 15440
17622 15751 3634 1471 5987 19082 10887 6661 4409 3588 11350 18640 12558 13530 250 19825 8195 7941 15605 4367 8597 2934 12419 14294 12089 19360
1395 19644 19253 13655 17647 2752 15633 9591 14535 12342 12155 17596 19654 15744 2915 10108 19951 19878 15491 15271 10438 7694 17595 1392 11967 10066
3716 7392 15168 3880 14374 13961 7704 2933 10767 6523 18641 18362 19961 11794 18212 8932 12306 7626 2444 18156 12496 19896 19027 777 10429 1290
8080 5897 8313 5466 18016 16663 5164 17796 17769 17921 5169 15949 6192 16606 6802 2899 6257 12115 5066 15554 17565 6600 17038 9780 1339 1997
3286 11667 15035 11393 8022 5142 8623 12867 2061 16569 1288 10377 12492 9941 19801 2993 2356 6836 1128 11565 6120 2694 4146 8537 15726 3541
7215 15470 14730 14270 9248 8749 16677 10111 6661 12646 15997 12636 18120 13314 3874 19550 18100 5284 17613 10124 864 5885 12944 2875 11480 821
3278 1141 5817 16124 19011 13945 16834 12771 2212 14033 1781 16161 7823 16196 15758 13336 5791 12498 11249 9599 76 1504 2860 4016 14312 9371
19466 6458 19523 76 2802 18223 92 3409 13 127 16937 8359 15592 12226 4068 1345 7767 11367 777 7736 18937 5759 1218 8237 7951 18440
19691 11749 14747 6218 121 1967 19116 1930 16967 11936 19718 2825 6169 17539 6351 9477 12151 15877 16026 4324 14309 7674 12101 9461 17524 15555
9039 9333 14271 14624 7878 5172 14127 5376 7516 12120 9665 6973 9227 16154 16765 14629 16321 10709 9882 19860 9332 4343 7975 9261 7779 2648
14101 9116 19267 11220 4582 7885 14410 198 2101 6572 9862 18175 14935 17395 5118 1687 14224 2315 7894 6959 17114 11212 12454 15814 10932 14140
12872 19268 9556 12965 10818 11636 11356 4035 12949 9626 6436 12085 6083 3908 13903 12759 16513 13354 1117 5552 13912 9317 19206 964 3810 841
7745 1857 2259 1442 6670 15205 2446 15702 7281 14566 7416 5271 10952 8410 4349 5354 7653 4668 17376 709 10081 14715 13214 4959 1206 4809
8592 15183 2462 5409 17087 9690 6738 11515 10563 3820 12349 17928 8490 2633 3294 5748 3209 9626 12629 7825 16371 15171 12313 450 13208 10369
14268 7093 11549 17105 5973 14061 14771 3972 9465 18686 12528 10514 13163 18989 667 17399 16949 19655 5086 11175 14503 5535 7584 13245 11231 235
16680 18262 12540 11241 6986 11337 15790 6071 16071 11536 9486 14749 7264 2388 3610 15683 5553 3004 15007 3807 6843 16442 7440 0 15540 8984
7712 17918 15885 3141 7527 18831 1982 6887 16151 7586 1183 2843 555 14152 15741 16451 6631 2329 19775 7362 817 18626 7841 7788 4964 10905
10799 11465 127 16699 7765 10873 18524 9525 13354 9865 5428 2438 2118 2047 10997 6472 10058 18438 19277 2679 18594 14285 7712 10232 15982 12525
9997 6162 4406 15599 564 6652 7493 3469 6854 14659 2333 13980 19652 17747 15381 1993 11373 9502 4243 12792 18082 9910 16724 14443 10286 19651
8216 16332 19327 2770 12701 13302 172 8354 16343 8227 17373 4689 6605 8408 15869 13429 6891 10259 14535 10741 5412 3609 19525 14673 16649 8676
12790 15 8190 9827 3825 11081 1727 16679 19758 8986 10741 995 1459 5846 7552 10675 1025 19104 13477 19685 3821 9933 24 7227 286 6987
11934 14111 467 17636 13296 16726 10627 10512 8732 372 8147 896 16212 14277 1255 241 6410 2048 14193 14118 17018 3838 12188 14404 8286 16830
19433 19171 1603 13306 7684 12987 456 838 10808 747 17798 538 1238 6766 6365 8017 499 10164 14778 18611 6921 19022 8530 13364 6996 10960
5595 10980 14303 5129 9388 4412 15729 9354 10487 13034 11363 11457 7476 7728 1266 4929 14329 15396 6666 17314 8830 12370 17113 15542 6264 2481
4472 10669 2034 14994 4017 19298 212 2606 14306 11042 9093 18630 6163 9516 4594 1056 18535 8220 4541 9439 17153 13420 10597 115 7944 15065
10659 6645 1307 18538 11579 10488 12665 15385 6207 8647 14172 5311 11972 7827 4645 10647 10545 14819 12229 17820 3975 4720 8455 18329 12868 19328
10719 12930 10909 115 29 10144 5210 2261 106 10720 18161 17054 13822 2138 4515 12332 15457 11499 182 7910 6619 10074 9425 11855 14320 6818
9081 7035 8411 397 531 17031 19886 14186 17638 15014 14158 18631 14683 16100 19051 12729 15373 3692 7210 19520 4520 16524 14005 8793 5170 12097
9519 5783 3715 1239 18330 7812 6444 15503 375 776 14155 8214 3361 15137 11037 633 9073 15772 14958 12969 17643 2708 13039 19674 12019 17482
8377 9317 1238 18959 8465 18070 3790 18634 16930 19077 5560 12414 15702 7183 16947 9181 16551 5321 16955 5142 14609 15931 14425 3376 19690 7324
6752 1454 12419 3692 18764 15333 259 8779 19120 7241 4236 17323 18193 3648 8347 510 18107 6488 6686 16449 4264 1402 13848 702 6292 9420
19187 17301 16869 10231 16641 14952 10609 18758 13628 15671 9936 838 8135 19512 15458 999 5935 15045 13873 17481 642 4080 5799 11663 7062 9710
12855 15034 15107 614 15949 17673 19252 190 61 11656 507 12156 19499 13865 14723 16596 11623 13787 16793 823 19846 10627 2744 10478 8546 16994
12064 6252 15201 14165 13377 1958 5721 1110 14330 5073 11213 1588 7308 3777 9024 10155 8638 4574 6874 964 11632 9443 5800 6759 17854 2696
17461 11482 3025 4799 8969 8643 16256 2924 16050 19743 526 18052 19876 16722 13672 4099 12974 12994 14656 2517 19757 7134 1421 10954 3958 1649
11657 13863 5624 14065 17824 3061 11123 12409 4913 16038 12332 18615 4494 11583 4747 18947 4593 13463 5004 13390 8003 3037 5893 2071 19198 12859
13994 13774 13573 5222 14652 461 14606 1087 9715 14340 12673 19534 19273 14175 6831 7912 4820 8106 7851 1980 10819 1534 16778 18425 10911 8781
13848 2108 18 6532 7215 4235 2005 11944 2885 7799 11881 18903 17214 74 2570 14496 13028 19478 18218 1922 9626 7739 9533 15836 1923 11808
5684 2409 15058 1610 6098 11678 8460 6181 2587 12647 9662 12079 12884 280 8425 16578 13350 20 17328 6073 13270 619 4867 9040 14654 1380
8963 19175 1382 17907 7070 7488 17582 12028 14032 2966 7715 13443 6859 18341 458 8454 952 7438 8199 7050 10564 11506 13688 5792 17462 10355
6333 11069 2141 8716 9540 11482 2317 11142 1259 8732 2322 1740 5447 6990 2739 389 7291 6037 6020 6130 19349 4278 18709 11847 15520 7962
377 16286 8539 14735 4002 19763 586 2315 12918 16238 19864 14241 9754 10850 2072 7750 8737 8993 13830 15615 1973 19526 13722 4993 8084 10832
6276 15188 9122 7862 12977 18609 608 16167 2697 18407 17854 13754 4533 7691 9695 722 13160 9842 14988 3115 10203 16372 10276 9433 12599 17174
16881 8432 435 13927 10133 11811 19178 4364 12855 2250 16412 7566 18053 5347 5952 4506 13997 9738 10757 7673 14671 9947 3509 13025 14466 15709
19871 13847 578 12921 15806 8482 3493 8236 2314 12568 12643 11345 11404 5825 260 18532 8412 14187 11375 19427 9301 9108 12102 9263 3409 13142
12976 14400 10544 7350 11067 5889 3702 5111 1081 12088 4294 5689 654 17492 5605 15446 16608 18122 9000 15355 6684 13004 4947 2155 2994 19800
1464 5621 10325 11026 17851 9611 8545 7311 14142 1805 6693 4941 941 2383 14008 14948 310 1781 8347 19673 18737 11483 11377 6510 5666 15540
760 19271 437 5286 3570 3631 6609 13110 5576 2978 3031 8843 13990 4966 7253 137 8565 17759 14503 19795 15242 1925 5186 15517 12370 19880
16442 11598 12253 16596 9094 18611 19682 1539 16319 2091 8064 11866 18172 15886 3922 2483 5250 2258 18792 5642 16077 5639 8633 10846 14819 15218
15991 9750 8562 885 11554 4370 14323 16765 19083 728 3787 16353 17250 2634 11362 17335 13739 2993 18269 3079 11176 7765 19233 5350 9778 6379
9318 8610 17662 17579 15315 13748 7626 5202 19218 14966 10808 3720 978 6735 18761 10885 15214 18205 19795 12413 18314 16648 6273 14364 3208 14880
10230 16292 16347 9089 17170 10990 7482 6667 12532 12960 8191 10199 4916 10087 13670 4632 11114 7615 10623 8570 2371 10230 5287 6513 15750 11624
2634 15940 15033 12498 15097 3822 13843 13153 12752 15703 15181 14241 7591 5510 2270 4084 9606 12760 19030 5250 11828 14305 7293 14258 4987 6952
19040 15610 7429 12149 7315 15415 14031 18073 15967 18466 17129 8677 3595 12590 14150 13983 11261 12124 13941 6235 3008 5190 18395 1128 4343 48
3006 16096 9014 16775 16381 8545 5952 11063 19651 17554 11003 19971 2926 14872 751 1216 4562 7765 4576 19225 9317 3964 4036 15232 8121 5749
14022 18899 16039 16528 13601 17019 11612 9328 2375 9019 2665 17647 11246 14562 2420 19398 18457 7164 2101 6624 17583 13221 7109 6273 17599 11967
11853 557 19552 1185 15197 14132 19990 6665 18126 6102 10475 6519 16505 16300 7879 9964 2098 19199 9702 10514 16171 8659 11291 14380 14215 18711
18004 13458 1269 2853 3137 1382 1072 14364 18753 643 13879 5330 1658 17360 1963 19312 14547 19147 7255 18753 17266 15678 18166 9384 9993 16256
19145 8799 4349 17390 5689 877 16490 14034 12080 15580 19061 9687 11939 3845 15324 7923 860 12913 7611 12044 9811 15599 9694 4063 18780 7073
8847 19906 4126 11292 11648 3806 367 6 2526 5587 18187 9501 3097 11705 10074 2661 16782 18691 17904 10006 7909 7434 14069 4353 3862 14399
