365
64 58 43 71 68 49 61 2 20 19 57 86 97 77 0 40 36 92 45 28 39 87 16 77 9 27
16840 9761 19000 18319 5889 10847 6057 12579 7665 14695 8039 14675 585 18266 14190 11447 9542 11445 8983 19174 11398 3218 5347 2030 14007 10062
8720 5948 7349 15152 3287 7421 6189 3745 6035 9776 12510 1187 611 12817 17540 5666 4358 3995 12492 12743 7885 1175 19103 11473 501 7550
12143 14848 13768 10016 3155 13703 1137 13983 6419 3185 873 17258 15483 6229 11578 9417 18837 18608 611 15418 16882 12738 16629 10956 6146 8988
13245 8298 14080 17780 19362 4671 19099 1352 16987 1368 5459 2466 8016 8374 1807 9964 16824 7030 5287 14612 5622 2307 7681 18909 13074 10190
11815 6917 7479 7619 10905 11313 16771 3556 10090 12551 10059 16097 2863 14163 3972 2177 5080 12152 6952 8366 17041 18684 14948 4347 19896 6415
1130 13721 7848 14374 15423 3457 9937 5684 16002 1423 6168 7721 5453 12469 14393 14045 14497 7327 4919 3210 14944 15001 8331 9877 10152 18073
11703 8113 11787 8669 5653 7240 2192 11947 66 4813 10519 7626 15211 19655 18050 7701 16587 15126 16572 2787 9090 11678 5479 193 11804 11250
13116 8689 1759 17854 9257 10682 10096 16287 4813 13855 1679 2136 16097 11170 9561 2383 2813 17040 3891 11270 3861 3241 4244 12022 16425 5286
9039 8927 16729 7880 13267 1100 11257 12526 1704 15 821 4992 1846 17873 17561 10733 14352 18941 15780 718 9134 18956 4256 12944 12828 11570
19837 14331 13203 15036 6049 9085 2769 10305 3432 13915 19793 9211 7995 16662 7764 1046 6416 1186 11089 17600 9914 11165 1383 12990 3753 14666
4865 10011 1815 14966 6985 7134 19718 1153 404 13907 14551 17751 494 10835 13986 11066 14693 18172 8707 3929 13752 13447 6473 2835 4211 17887
9534 10462 2063 5156 10904 1478 8679 15960 68 650 12052 14916 13291 6250 18102 17437 19411 14794 846 11740 15244 8896 5099 1675 6266 12748
3831 17050 5823 7814 18339 346 11679 16304 6598 12262 652 16806 5810 19401 6543 12157 1895 5034 19841 738 7929 18677 8662 9113 8991 18958
14944 3116 5100 2390 561 6299 13093 501 15691 5194 4925 3835 12099 6329 2119 17861 7102 15828 3637 16384 6165 5042 9155 4919 13054 14206
2271 10515 3253 10015 15001 751 14024 1996 10732 18885 9597 14912 9026 8450 13688 7773 8881 4097 19739 7705 17880 10895 9427 402 12067 13147
15196 1168 13699 18764 12493 10343 18818 481 8585 12569 8470 19021 10726 18837 8540 8507 771 19824 5044 1680 19296 16798 9997 2354 17810 12961
14284 16635 14240 15186 2003 13405 19990 12142 19864 9851 1498 13858 16597 4146 14102 18405 1968 8468 11751 11066 6131 9950 3211 18797 16013 7997
800 16989 5044 1235 15202 7323 19407 1570 7117 4396 18187 3500 18264 6524 13083 11630 14697 2818 19531 9047 13484 5680 3000 9992 913 13201
10323 17741 11552 17289 19967 8569 10782 12986 17005 9722 19357 10448 7297 1822 4113 2507 19670 17936 11061 165 6399 13031 6349 5846 15010 9712
4308 9058 6613 7892 19978 11522 8301 19420 2920 2512 14599 2309 2171 6259 12919 4657 17936 13318 18668 17429 15410 14160 18587 19780 5379 1010
2994 4194 11017 2608 10870 2464 10072 10858 4237 9904 4130 12179 459 17963 402 19089 16666 6403 13235 15845 11780 13332 12970 15398 13105 19691
1261 13327 13370 1705 11677 13582 5258 11060 16113 10215 5716 3648 146 16074 19159 11425 7303 4478 9862 14010 869 11906 19071 12960 5697 1222
18736 11672 7164 16249 5214 9499 5357 2722 17096 1567 19302 19633 15949 12276 17916 15 15052 14894 17547 4136 10001 2528 4278 16775 13040 1814
16254 15885 7668 1103 4651 7987 14195 12240 9355 4272 9804 8542 1529 11558 14181 4860 5531 3123 2217 11457 15039 3609 6068 11913 15472 9124
10111 4250 13316 12971 179 12341 3571 12160 12956 6185 12818 13111 8053 2729 11490 19875 2171 13149 11300 2727 3325 5563 19675 4641 17700 16179
13200 13482 132 8439 968 18243 3200 5429 12342 16775 19776 3450 4155 11607 549 8936 8120 12738 9896 9562 4556 13233 19599 10219 13496 14055
5890 15313 2839 17964 2955 8461 15430 3143 5954 1965 7866 9667 19750 1766 6615 8448 14576 18884 13165 16982 12444 12497 14144 8471 10398 17152
10124 15141 16394 4222 13068 18363 6848 1695 10992 16246 19205 3484 13582 6223 9570 12659 3242 11527 18380 7764 16729 13082 7129 9277 17965 11602
19769 900 6167 2923 15823 4719 15716 11660 2305 2139 1524 8691 892 4786 17521 10920 15319 992 8774 18105 13200 3179 13950 9816 7556 15231
19736 170 2198 13957 9753 4857 18698 11183 6356 3404 3884 18859 18016 10522 19999 4750 13066 9223 10600 19317 2393 4294 14580 8795 4872 11324
3099 10054 13378 13694 15499 17503 16441 7862 15194 9250 16140 5906 7441 7144 15078 7154 7974 10558 1744 9848 8667 599 1604 16062 12791 7321
11746 3167 7254 4447 2925 19516 19312 7231 9241 7551 11297 12097 7931 2936 12739 12043 19640 5453 2181 2934 8445 17988 15670 6214 1962 3198
12176 6018 12284 11374 15608 15351 9213 17157 537 12905 7062 4045 10358 12755 9747 1083 3446 8613 11160 11116 7096 5405 12449 5108 14542 10798
6335 7741 3359 6069 1900 9872 4232 12741 19243 3140 15536 11231 5435 8649 5609 5274 10369 19718 9610 18527 13761 19022 17156 5983 2770 932
8353 11351 14378 10819 17119 2282 16922 16884 4195 1543 14637 19014 777 443 3637 10319 466 10344 17118 8179 6289 17660 3667 4256 15453 6789
12761 9516 19569 122 6335 7273 6628 213 1732 8755 7351 17771 63 11035 9075 14375 4836 19324 15047 5225 10527 14754 7862 18272 7927 18929
12908 5317 12991 2490 10203 10143 15718 14144 18684 14830 16377 16934 16048 4933 14993 9126 12671 17380 2000 11024 9247 5005 2100 2622 18319 444
3000 18676 13045 19711 9125 15847 10864 4620 18500 2338 1474 5333 3374 8708 16351 13443 16176 4395 2801 17131 17502 12190 4917 19287 14400 17429
11683 2650 9489 10682 11357 16397 19074 17220 5365 3931 13916 19252 38 17922 5038 487 10326 6968 6037 18324 2591 16907 13825 4792 48 3639
15998 17782 11489 2679 1011 13806 5262 3941 11077 11351 3135 12529 6173 17132 13749 8004 17516 5735 897 2950 14878 5618 3796 1683 13969 3513
3804 13308 15198 6301 19976 4981 9740 517 2105 1407 5033 10387 16322 18445 7891 16228 12969 4097 5627 4476 16392 10406 14896 10374 15830 17941
15193 18873 12226 6935 12591 11507 6 379 3640 542 10011 12362 12327 3337 16876 11609 12285 8381 16188 3114 13450 16368 10210 16772 5199 14291
18269 2337 17121 199 16616 8775 3936 18170 8474 8430 14214 16383 15806 9779 3354 12905 19975 8063 3947 2787 16120 9747 19120 1129 6834 10934
10159 5723 15056 12110 17333 8685 12700 6401 12690 10065 12227 686 7899 10003 336 153 6186 7825 13614 11813 17623 742 18551 19036 11723 11676
18492 4767 10016 15575 19111 12245 1417 2942 17270 2359 3878 524 17518 7075 2456 16076 19773 11393 300 15718 9008 6374 16364 9610 4987 13065
6109 5839 15033 17342 16764 3581 11029 10015 544 18365 11105 12443 2608 7373 2610 12495 13625 11934 15410 8666 18606 4337 9798 1814 16026 6148
15175 17476 6570 19250 7942 11003 9514 6071 3351 18610 18908 14453 17485 2814 18154 1118 8652 11621 16492 13793 7580 4475 16140 838 12307 13867
18985 9718 7274 1423 13510 16629 16014 16331 11093 9328 19108 4242 9523 2542 19562 16925 7492 12087 19001 16351 2261 7665 17900 1514 1847 8129
7386 1637 10472 12510 7722 13929 7153 19276 6480 9365 2843 4812 9675 3364 17531 5191 1265 3541 13001 10830 2742 19831 17796 12713 17474 2244
1126 15191 19582 375 1620 3316 15955 16790 18292 15806 10074 4247 16855 16834 18525 11729 19193 231 295 18041 5036 4299 12914 18590 17880 17082
17743 11182 17038 14934 890 10610 9284 19721 4722 4764 7530 18475 2216 7604 18531 1404 19949 5721 3677 15797 2471 24 8440 7036 5379 9027
15795 19387 10307 19150 908 13746 7533 2295 15770 8531 17242 1760 19419 9532 13511 4695 13475 16198 15354 8166 13909 3717 322 6164 7767 17190
3054 17195 13951 6645 12533 11545 18037 16341 14675 10280 14282 7885 16916 2373 17898 1427 17209 13292 13204 6218 11597 17357 6635 6374 990 19961
13379 15121 7775 14889 12573 10500 16335 16275 18166 6790 16943 2323 13782 18342 18239 17300 8775 14562 1950 11041 16087 10584 15501 5228 2385 4716
1472 3777 18238 5234 3223 9126 17568 17007 18186 3723 18694 4386 13105 11606 5702 12520 10481 4764 18201 16783 8397 17802 14179 14037 6111 6666
18904 1888 14140 11384 7249 4806 332 9987 13886 2519 18779 6349 323 17986 15115 11240 1344 11009 14686 7432 19465 17288 10989 13684 8489 13745
10867 3272 14243 17110 3976 7365 10189 7235 1050 7202 6823 2856 11938 7264 15247 7436 13099 10093 14610 5783 13795 17175 1917 17251 17512 10610
8308 10803 16717 15809 19901 8245 7267 9062 12854 11245 7277 3017 9388 11551 12875 7322 3503 910 7075 1961 437 6662 11880 3995 19555 3790
10271 19366 16960 12942 13930 10141 18584 9456 17357 13461 10272 14322 7522 10124 10520 8432 4304 13537 3516 16470 13868 9014 14454 8697 16519 7977
4056 11155 18904 17648 7619 4610 14840 19273 1807 4552 8310 8830 16987 9913 12677 13448 11054 10750 15283 132 18201 12058 8996 2584 14164 2325
2493 10451 4719 14034 17194 9726 1303 18133 5152 3172 14848 16098 4994 13249 4209 6633 12595 8334 1929 10713 2499 33 18972 19487 8192 17590
1747 16703 9721 19139 18434 10238 18019 16867 17991 13985 11153 9548 7271 7167 19415 7139 4630 10230 11544 17800 14416 4163 8709 5415 7242 1483
15454 8436 18750 13831 1385 10232 758 3034 9008 12071 2979 6372 19275 1195 514 8211 18325 4781 15198 6285 5883 11636 3905 8659 10968 13986
12428 14767 11573 10398 1073 4115 4296 5674 12806 14156 17511 14484 5124 941 5608 2277 15484 7260 9846 11390 312 14513 1723 12971 1036 12857
18856 251 2712 11239 16106 10837 8817 2633 595 9221 8432 5566 3194 2145 7502 11083 16142 10275 4950 4313 18543 18337 19286 1771 4681 126
4235 16707 7299 13441 16517 4349 10750 13682 17446 9121 6179 4869 1116 7816 16350 13874 19683 16460 11657 12222 17581 10914 19939 14242 8705 8361
10523 5897 9890 4538 14565 12061 9528 3631 7176 5712 12265 58 17104 12468 5551 1995 11404 14813 8212 6435 3361 14695 12214 1697 8838 2493
18741 1278 1963 7486 18744 3261 8599 4872 136 15580 2678 7823 4956 3044 6538 16710 4914 16296 11423 11066 2725 4824 12494 8258 7525 8155
11741 3923 6913 11991 611 11528 5854 14191 682 12964 11879 603 3177 626 17332 7440 4825 4570 6912 6798 5972 18556 5351 15133 14890 11054
11667 13794 8218 15647 8572 3879 17222 10092 18959 18203 6252 5329 16497 12645 17484 185 1263 17335 9119 10118 3873 9717 12180 9828 8575 9824
7025 1786 8861 18578 9383 30 853 889 12801 18309 13811 11626 10238 4664 11370 12276 12162 13197 4408 5989 14097 11357 18958 7759 8118 10493
6808 9097 4838 6263 19219 13287 2542 7922 4468 9364 12660 5776 7163 15475 6841 6050 11929 6520 6079 17990 12266 4133 17047 11544 7334 8722
8558 16223 6259 19914 763 1620 15785 14064 12944 707 7169 8319 1395 8985 17518 3786 1622 10157 338 9442 19471 16351 18220 5572 2261 6156
11820 8315 3996 8810 15614 12433 10556 6409 8662 13877 11895 112 8755 1233 11910 11468 18720 10623 3951 13242 14493 1829 4553 15341 6203 13222
17017 10526 12833 1089 8995 17277 4838 11280 19160 11705 3666 13040 8618 13625 17094 4871 708 15192 12713 8029 15502 9714 12534 19515 2385 13879
2746 5510 2367 11306 8359 19114 16654 2510 11559 13147 1511 18515 19709 459 15286 3862 17566 19790 15748 7805 342 17498 17184 9233 6516 19638
7077 2611 11875 9581 732 12417 3679 3889 13729 6545 12435 502 2253 817 3239 7384 11256 651 4267 17505 19251 15102 16154 6060 17162 19590
13590 15819 4050 537 13891 13509 8520 19291 8495 6937 14420 10380 19293 10902 2461 6680 18848 2471 14839 15193 13599 13777 4302 19425 6156 15480
18158 9710 3045 11559 14446 1000 17865 12660 6028 11962 9141 12016 6903 5560 7580 10224 18768 8533 14252 2600 9240 8764 7774 10808 19494 15280
8321 12835 5041 8624 3288 6301 19966 17534 729 8085 1840 15985 14595 5699 1604 10764 17894 18722 17389 17959 17354 10724 1989 3113 4636 11233
15577 17443 14465 16757 6457 10693 883 18658 3338 5045 5614 94 14957 7008 11665 16479 18363 19318 16458 11737 6438 18727 18936 1742 4967 3739
19505 1456 4718 9975 15514 15862 9749 19606 11000 6772 13642 15567 2428 10167 685 5808 2772 3359 18005 1979 12192 8692 15069 16863 7202 11741
5475 1427 3187 16836 3359 6256 8338 7756 6586 6242 15757 1678 9503 6962 8734 17160 9357 363 105 13088 3295 1855 13899 341 19289 13270
11740 11278 1340 12479 4030 16960 16102 15828 14862 16937 14464 10386 6846 8010 3823 4935 9928 1838 19378 18352 7321 19110 12017 1721 15787 15077
17247 19985 14264 18996 16064 19822 5944 11186 16602 5059 2977 6677 5298 1065 230 10700 19787 12218 3731 6199 1004 3386 10684 18579 1042 4898
6197 10230 5882 6023 16274 4924 191 18902 5647 2669 7426 2847 7055 6287 10780 6657 1716 14623 5013 11090 18180 19599 844 8184 3416 3845
3598 5021 6233 6321 19592 18895 5521 19148 12389 19572 10845 7867 9724 18886 17316 8102 16865 13127 11003 11369 7199 2210 8009 82 12566 1377
1845 13779 7693 13545 1581 14467 6838 3945 14413 6219 3738 15367 14829 9550 9681 18498 8182 4430 3155 11646 10262 439 16559 11343 16089 16816
13739 17926 6457 6559 16230 1386 7171 3361 10763 18082 2158 4535 13254 2066 2935 8360 9432 3172 3492 16400 7151 288 1769 5686 1566 6620
19467 18778 2702 19660 10702 15670 13687 12525 14402 5312 14406 13115 6071 3453 17621 10284 19115 9639 15110 19775 6102 13097 9562 14737 3139 2685
6127 13414 12502 14632 13444 41 3430 4665 19093 4358 3807 5504 15248 921 17488 2631 5979 3778 17802 18519 16117 11480 1507 16787 18943 2719
4626 3487 14139 18623 2296 14509 5550 19833 46 10885 19301 7465 13965 6323 2152 17562 6109 11009 13190 3853 17933 13664 9543 6649 7280 17773
6506 2008 6578 12186 14077 18639 12524 6717 14410 16963 6476 3215 3295 1885 1088 6087 3744 18414 19172 14323 1802 4584 11770 13690 7037 16568
4273 9973 14176 6345 844 12245 6024 14340 14275 18103 8195 17604 6817 6064 16811 8305 7959 7847 1118 7178 4493 4664 12551 11138 13768 17328
10561 5140 17598 16593 18068 7028 6338 10996 12690 18645 14543 7800 17215 15261 6847 1313 13748 453 9562 16217 18213 10779 7288 8184 8600 8078
13975 16956 7880 699 7771 5751 12373 10406 10128 792 14506 12202 984 9567 6350 13828 8619 3970 8668 12206 9656 14521 2655 4744 5758 10558
1615 6250 2853 4766 9001 11586 18065 7847 4400 5569 7166 19451 13075 11604 5765 16549 9756 9996 18224 6814 16799 10559 2596 7970 7106 7839
977 19985 11287 6934 12649 3349 18896 17061 19523 11572 9791 17707 18905 14923 12614 5690 11841 7510 16349 15197 4896 7245 13497 17902 14604 2439
7623 10115 880 12630 18376 2959 15009 18510 5204 10506 2632 12541 4452 10717 12740 16570 2128 4571 17376 17957 4865 14983 2887 3229 4273 6478
6639 18143 18394 4748 5030 18259 17775 18177 10573 16705 8140 4150 12161 7474 2573 1744 2259 681 17255 566 1068 16550 6008 19493 15382 5832
6806 15068 9857 1730 18854 14771 10653 10218 9963 7793 17681 13236 10587 11817 5437 4519 8832 3190 16683 17675 11911 13251 19635 6557 5565 5337
11370 4671 16736 3922 17657 2582 657 19926 19868 13227 5750 9872 19649 647 5894 444 6491 7991 11871 5875 11324 7756 18720 1679 14015 3179
13501 337 870 301 14922 14222 9969 14288 12993 7715 15207 557 9117 16135 17222 5568 10969 6098 18050 15742 11075 8101 593 12690 15963 8691
466 17873 7880 12321 3113 4083 3123 96 3763 6925 8955 9679 6071 7414 11929 8112 17790 8626 11733 11339 1369 6576 7928 3800 5597 1990
19542 19208 18004 10307 3934 5969 11979 2983 8661 17468 10982 5398 143 12835 6059 18729 1389 1755 5829 13499 4846 5351 10365 14225 8186 17527
4667 10677 180 15991 6630 18945 14313 19348 3878 12978 3660 5444 1574 1640 17048 3417 4635 8916 11317 9105 3009 5467 11712 15986 3652 11592
13536 13701 12133 1102 11441 11565 16122 19138 18563 11226 17241 2452 12833 15572 3552 6763 17428 6148 1847 16751 19131 18258 5372 4626 10843 18427
15688 19338 9239 11802 7995 10747 10707 8815 5024 18705 16740 11124 7307 4628 3583 2963 7523 13767 17875 10992 2531 16990 741 13791 15027 17187
7810 15284 8485 1913 3715 6782 4355 14171 721 4501 12407 12095 9337 2842 6373 7 14440 14389 4970 13329 14160 8321 8103 9748 1140 19454
16262 19309 779 12968 9516 11878 11621 1293 1424 13633 2337 9624 16147 6780 2191 18161 1257 13290 2289 15569 18738 823 7490 205 7504 16010
949 11599 18436 11442 13240 9748 17843 9994 18519 12317 9004 16918 14240 8856 6875 3149 11389 17658 16282 18742 5621 18549 19633 12366 17142 6245
3101 454 10185 4768 11078 11549 6418 13392 1799 11481 9982 1302 815 11670 8286 2159 10322 19463 2302 13233 1401 1705 6011 7703 578 18635
17967 13511 15520 19633 17289 19433 7104 11869 1719 4666 5635 10584 12602 9392 16249 18524 11855 15616 13252 7247 18282 15697 19302 10085 12530 6882
1015 8165 1653 9205 12800 10975 8485 14771 18809 2197 8816 18686 912 15759 14904 12643 11204 7969 18505 16408 14440 18905 16044 13939 5970 4192
14324 7760 14838 18652 6191 11597 12186 7827 1457 114 6085 16904 10161 15271 8522 2261 7240 3912 958 16636 14620 2061 3907 15091 11380 6251
6414 11094 19193 13581 19958 6950 11536 13516 6562 8644 12697 11798 7333 8834 3075 13651 7995 3271 17615 8887 11630 13057 17254 1430 15511 9639
17357 6408 3000 14269 7372 2956 9542 10086 17312 13953 868 13332 12 10012 4849 9914 16119 17231 10897 6976 13013 9582 10797 10385 6757 8254
7928 14155 10761 14119 1915 1386 11079 16090 15791 14363 7722 9325 18237 4404 8808 13946 11028 6775 4340 19580 14165 4898 15006 18452 19832 5840
9954 10221 13006 15488 19217 4209 1230 4866 9888 12396 16800 434 5157 5529 11899 16385 9409 10621 12893 5341 17504 6324 2237 10297 4231 12427
4062 16675 9837 11772 1344 13724 17140 17255 6694 19124 5297 17811 8808 11739 9410 15063 2227 1197 512 15375 8241 6513 2984 12295 19775 9139
19980 12992 11616 4741 12616 4923 7086 10560 18638 14136 5263 16526 4484 2485 5643 6266 10395 17844 14502 3535 12292 6260 6227 3029 17454 8341
11242 18946 13219 18518 15967 8535 14040 3592 9433 8017 13572 13551 2299 204 16206 8246 8504 14832 19164 12474 13617 17378 16115 464 11848 18206
12272 12911 1870 14911 17704 16929 8533 12796 238 6321 5973 17959 31 2515 10287 10551 5154 4441 3657 8675 10629 11213 8789 15594 10728 7822
9512 13264 3556 10379 15329 5676 14258 19326 14905 8477 4691 1445 17655 18197 4124 10240 7040 17321 13315 8387 13037 2781 7924 16264 10837 9365
12733 18509 8924 17744 18152 5108 7566 16547 13492 3893 9057 2505 13464 3124 13614 7718 19817 6054 1272 17365 3317 981 12564 18129 12976 10875
10550 18833 6792 22 13292 14524 5616 5904 9842 18957 11318 10548 1090 15400 1803 1857 11127 3508 11206 18146 1788 16729 6448 18988 3875 13381
14930 4163 14955 5386 13996 4612 6160 9364 5427 19427 987 18125 15219 6415 10811 17807 8340 9368 3272 15703 12944 15723 13431 5319 13673 5866
18474 13960 8072 7508 1087 16451 12331 5447 2423 13672 12951 10790 12395 12102 9611 6718 4563 3829 17279 16162 7602 12654 2152 13159 8310 17310
10290 16633 18892 19202 12712 2172 13438 19721 18383 16216 9974 16407 146 11025 7654 13986 14674 15191 431 16211 1294 14874 19046 3177 15135 15713
3092 1214 19499 9124 7846 15114 19328 11125 4342 19000 9608 18201 13520 4138 11267 4229 18003 3293 6804 12521 715 19469 4160 1444 15479 14704
457 1870 14390 5221 6253 16119 11269 16017 6499 15799 7841 18542 2601 3181 15397 2842 16882 5004 7841 13035 10800 17903 7876 12894 16825 4125
14857 5821 19286 18546 2441 3307 12730 2980 6678 16810 1262 7258 15596 5992 9958 18318 981 10351 6344 19299 8579 17290 4074 1135 13867 17008
13916 3036 13307 19801 12855 10562 7779 13262 16789 10708 3526 8378 9571 3637 6387 13073 3822 17913 9588 18963 8624 9017 19872 181 1552 1465
9534 5204 19876 14818 4090 14679 5495 4910 5989 2272 1725 13223 5111 106 10011 198 16383 11195 6099 386 14864 11373 8746 9970 12725 2506
13137 5189 7159 16887 1054 3375 19861 5171 6715 10108 13169 3631 17356 15812 18228 12090 7586 2437 7198 4992 15663 8294 16020 8353 11899 11942
12031 17490 10009 5559 9561 7660 18952 15990 18300 10982 14313 9142 11871 7530 8204 8934 13627 11781 19087 12467 14127 11603 9070 16329 6962 16627
17388 10478 1886 6943 18541 7854 8916 6643 4689 12980 14008 2708 7714 3781 11405 16901 15199 14771 9334 14734 2347 3786 16867 16969 1533 1405
12895 7977 5582 17532 17423 11286 16831 5707 5471 12614 3590 5492 5838 2994 15309 16286 17051 14062 6291 9239 1649 6620 4040 1457 637 17797
16127 1609 17368 7536 9002 6800 2649 13135 12235 8999 16172 3104 13160 19508 6773 457 18645 18302 4209 19596 6815 243 19465 16054 11151 14634
9710 18844 15250 415 6938 19095 17479 6591 15465 14517 14478 5378 11730 19263 4041 12305 10398 3845 6194 8640 14504 18472 18857 403 9628 14470
15238 11629 3651 7085 7633 656 5845 16242 18078 3563 9218 17476 19083 7381 12852 4595 4165 9991 3975 14841 10956 14978 18307 4456 14048 14702
8060 12525 7497 9413 4448 18834 1804 10330 19832 15478 13538 8681 6573 4735 9269 19203 13980 14197 12125 14016 19409 7048 12816 8860 4699 2078
18770 15161 15354 16146 6842 1206 10541 3243 2624 17516 4943 19771 4676 3483 19328 5682 6094 14646 3337 8947 12410 3328 9732 5126 15747 19030
5053 16066 8976 11250 7584 17568 7093 17202 16145 7252 15409 2518 4719 4419 500 8126 12102 17144 14920 14185 11101 4885 14942 7292 16330 264
11513 3515 17955 14710 13192 3014 3777 3963 231 9766 19738 14248 15564 16869 13920 14769 6643 1865 19742 18742 19828 5978 7424 9985 13950 17301
12592 7844 8469 1765 2451 5722 18255 3897 11622 483 18603 14919 11526 19094 3213 6868 1164 10080 4969 8743 2199 10993 1381 1775 8127 10349
1051 7179 9766 13805 13459 14216 10571 19842 8809 12612 15836 9274 6920 13477 12977 2218 6620 15215 7646 10017 9421 12729 16650 12071 8016 6719
11338 5973 9142 12588 4192 12224 8430 14621 17509 19380 14965 4971 16496 17120 9877 7664 18647 5516 3294 6898 328 16226 15647 19684 15286 8883
2190 2630 2691 19141 9857 15296 10012 3621 11052 470 13627 3014 9366 4017 7944 6363 7304 1321 5291 14012 6412 6620 6626 1970 6968 12829
13451 5837 6252 11075 19089 12029 4455 8062 2528 6823 19928 19415 2775 17471 12161 9615 502 11099 18093 15446 15983 2863 2383 5950 19690 10744
9965 15026 14876 7385 14207 12948 1794 4828 6212 8618 13556 18644 8544 4036 3681 12837 12866 16725 18009 4422 3546 7528 11305 18117 7023 10431
10131 16461 6174 7643 14828 19836 1733 5809 2377 3091 6125 16351 16638 302 940 13112 1278 14706 15105 11749 15456 9138 12031 16163 19542 2162
18298 14326 13281 15862 16334 18469 7792 12777 15569 807 19585 4274 10364 13557 1967 16864 6282 12285 18085 18396 8370 1061 5466 16071 15035 14012
2540 14554 16068 3847 13810 11424 8411 460 17510 2353 9829 17238 3451 11627 15265 15527 17928 12834 4832 11845 8665 13797 6532 14613 11521 6822
17538 10188 18200 14706 13141 13019 7357 18082 16684 18290 1501 6169 3375 17551 6757 6153 12548 17935 3257 7145 4367 16534 8132 2245 2348 17352
12841 17530 4556 13110 2540 12668 19014 3555 6368 11061 15354 18152 3614 10833 16800 10923 5629 12814 9056 15624 6958 14927 17022 1406 4721 10838
13443 18624 3974 7105 6469 12650 1487 7479 10106 15023 2442 3439 19095 3565 6193 7066 7675 1761 1811 11919 18257 10925 6135 9516 13017 18074
6550 970 18762 12465 15178 5406 19514 5585 7121 8312 14268 13005 7232 1630 3704 4617 13361 3847 12150 11587 13722 12203 7270 1455 19798 8181
16522 9516 5132 9231 1738 1986 9574 19170 15235 12331 15662 14233 8192 12517 12612 14926 9225 638 11606 19873 15992 11437 3014 18972 3346 416
9095 10621 3816 14516 8807 15160 10134 16698 2015 682 2430 7630 7041 15553 17931 3368 674 12869 16195 10920 11713 12773 15767 13203 6183 11287
4569 3803 4978 19378 3854 1863 17558 11224 2193 2464 12234 13940 12324 7280 8609 487 7312 8151 17565 19162 11306 7448 1272 271 19537 8752
16881 9392 3341 7045 10870 19170 3519 5121 16869 19756 13531 17118 18309 11935 10313 14916 37 3640 5403 487 947 8731 7302 4414 15272 10130
11752 19822 6831 3881 8729 4630 15969 3910 1305 19032 14413 8565 14183 19605 17488 19340 3185 18959 3450 12813 13005 12311 1294 350 16489 3622
19183 11844 176 12020 17887 1274 11630 3385 12524 3452 6849 11623 85 18326 5506 5546 9811 12650 14478 12798 14064 2106 5716 2975 14255 18058
12774 17585 18952 6447 14910 12311 13896 18109 6906 18740 10057 15053 19732 14365 18850 6865 5402 2648 2492 2712 9999 12835 14204 9018 8333 12258
6002 13555 2138 8269 6910 13802 16800 11647 3877 10627 3201 12408 10306 9631 1230 12866 17038 15243 4899 5034 13002 11040 1699 138 16123 19227
9072 9187 19190 9909 3682 18437 4173 10852 3860 11777 9889 18210 5870 1401 13366 15706 4974 2070 18634 10337 15083 6703 19264 3106 10575 7397
6898 12089 3532 11714 15486 4980 7036 12420 17035 19180 10718 6374 11874 15408 4199 59 6093 4424 12737 6600 13927 5933 17861 4236 3818 19254
13370 7009 16248 15223 3328 18844 4508 16025 1469 16985 3190 4227 17619 14197 11909 18560 5240 5963 14342 13383 3172 2032 11308 593 3106 19102
6990 11306 2452 19774 11756 14928 19150 17762 14257 2031 12779 13664 6815 2612 19307 9618 14645 1746 2864 15153 11321 15026 8112 15250 9161 19545
2721 15544 1820 4603 1632 11545 12268 8956 5880 11797 3609 9583 11244 10511 11763 5704 3435 9138 8363 5289 14872 4673 17849 10205 8335 16149
15616 2047 9972 16168 4825 16970 14661 16745 14549 7935 5230 6334 3519 11601 2177 18119 2298 5823 17765 7215 3077 3873 10698 9204 16965 17161
2443 14243 4824 1707 3960 19515 1184 3329 7895 16710 14288 17766 16392 12302 18877 8061 1975 5550 2037 9258 8608 2113 13784 2225 15277 6699
2154 6492 19728 3919 386 7690 15710 8073 1227 8756 18343 14057 14406 17076 7282 2764 13025 15655 17335 1144 2714 7853 5200 5445 17935 12193
4936 7180 12078 14364 17017 75 12494 16858 7898 17374 7198 1473 10925 13735 5453 5459 5900 6363 6146 9421 16750 11030 7624 1434 5331 12778
12936 14347 13407 1452 2906 4950 17272 759 13872 16251 19315 6999 19899 7019 7800 14337 2143 14033 16015 5066 6352 18078 17770 3181 18220 5073
8830 5113 3042 15336 4054 11780 3518 16955 18340 1839 18878 10640 2465 3369 19624 4210 4526 9626 15510 4182 11509 17491 6310 7627 10803 7426
3745 7228 8562 15659 8114 10315 19588 11805 1973 227 10046 13195 13935 16791 7280 15504 13741 15506 5245 18293 8783 18765 3248 11157 16018 15526
12480 18627 14261 12793 438 18717 7051 29 13767 14856 15433 15868 11895 11858 14916 613 16768 19014 11919 9869 8268 15382 3187 11415 993 13045
10798 14533 6675 12257 9161 13974 4496 16971 13906 12019 10944 10601 18595 10052 11541 11521 10584 3121 13154 19607 4918 15139 12122 4255 7470 12298
10022 3800 6713 3834 7197 13333 18630 5124 2312 3145 7985 12041 7881 19551 16516 3054 19249 16153 4747 17511 17759 1873 14176 13859 1361 15136
10550 6799 10874 12147 1538 984 3804 5882 9841 16277 589 13006 15496 3171 2157 9851 7629 3687 1575 7402 18054 2060 15308 14035 13914 19944
15593 14053 16114 15306 8480 4934 17529 19227 3369 7198 17573 7881 17179 15814 18244 7007 2227 2639 16811 14321 9640 8518 6062 5573 18309 13170
7534 2703 6143 10283 2293 12629 16816 5348 13787 8519 6778 1213 16107 3571 13346 848 3753 700 13201 187 6490 14898 7644 8886 19083 11588
13992 7427 6282 9471 18910 17369 13567 7798 10264 1496 5300 13418 11590 12616 19614 10856 14193 3372 2048 8249 16084 3435 16333 157 0 14446
16971 11270 12081 3035 3053 17376 6736 3207 2601 1073 2736 7050 5701 12023 7712 4472 1974 15742 4452 5041 14015 5087 11152 12012 13922 2340
17354 8193 14853 18988 234 6312 7843 9906 12053 13695 4721 6609 12398 14800 16433 3819 281 3413 1183 6041 19678 8637 1481 2189 14791 18090
18920 6143 8514 19891 7934 14790 19612 18290 11431 4708 16101 15374 13960 9665 14871 5277 7362 16933 11328 16958 695 10353 13248 6314 16453 5320
6214 1509 14810 11975 6886 4117 11074 11315 5475 11807 3332 13355 5832 12916 19951 7929 17266 4905 13788 1284 13476 14146 7170 3198 15147 6735
19460 18880 16017 4546 5263 19778 16749 11342 14689 5736 1280 13145 1521 3591 11140 11816 16930 6291 596 15539 15862 15296 3026 10016 5304 3186
1895 3697 14614 17282 14722 10864 14902 18007 14770 9587 10316 18248 16968 15226 13292 5959 17318 19204 6792 13581 7962 19265 18363 3273 1189 11263
14737 3272 476 9159 19973 12243 12837 2296 13426 18998 11349 17510 686 3641 12548 954 14832 15816 8317 19557 9738 10024 12163 4491 12204 7170
9683 19697 6674 2816 8937 16818 12277 17158 12748 1713 10980 7412 8385 16172 4512 2989 11747 15441 12239 3226 3144 8101 15642 8329 16804 2120
18565 16234 2068 6715 19080 15257 18597 14215 4337 9746 17245 3361 18622 217 11372 19864 6619 16456 12808 3353 11135 11526 1544 2654 2778 7197
10231 1678 9417 12302 10203 12276 16741 19135 3495 322 4157 3063 13780 3569 10155 19494 1263 8824 2239 194 1757 15214 13939 13475 3752 5026
11943 7223 2380 6875 13549 14870 7029 5659 7125 11643 4414 2781 7171 4130 16585 3905 19287 17688 19319 8493 2294 8877 15338 2587 16401 17007
7613 8891 15051 1044 3036 4561 7616 17136 18612 12690 3672 19702 17597 8382 14482 16244 14638 17301 1549 17158 7972 15222 17188 11901 18600 16639
2788 14044 19042 12448 14743 12066 3102 10212 2068 7892 12538 19709 428 10795 18867 12024 12555 12424 17849 19865 6796 13460 12648 15989 10355 18859
16132 6580 1666 6503 7444 10390 21 10325 14076 7944 17745 12723 14903 4502 1700 15220 12225 5815 9942 6726 3884 3452 3067 8421 16363 13988
16433 1186 7580 17102 2249 3512 440 12915 7974 15802 3102 12208 12138 17741 9497 6777 19358 11376 12781 15176 16274 8675 14279 3405 18381 2208
13416 9980 18025 18116 10060 5818 4829 12018 12629 6506 4239 452 19190 682 17994 11983 4531 12827 1341 2887 1054 8585 15651 170 7078 4630
263 6853 19759 18093 6450 672 10407 18305 14966 3849 1381 4500 16696 19914 8550 12231 4396 11881 18973 7450 2487 19021 2404 5299 12640 19826
7072 12241 19199 12935 542 16316 6340 19923 19215 13549 12632 11417 14045 3513 3670 11162 8491 14521 12513 19253 764 4970 17559 17921 14319 4046
1810 11349 14746 15598 15231 7658 16442 19254 10249 19860 5495 5485 2251 14029 4993 369 2335 6266 12047 10561 16893 10690 14475 11058 4004 6041
7150 11519 11548 12291 9683 11869 3227 3675 3274 3360 7881 10264 3636 18481 13899 6147 19240 11961 16959 18267 13431 458 18934 16802 6853 6599
10176 19545 7023 11894 8750 12650 16936 16358 15688 15477 3079 905 17086 31 9207 3941 14061 579 3058 4222 7387 7371 4103 6731 4291 18970
11254 7774 5768 19787 3072 11390 8421 19994 12743 2997 13928 6917 12527 10479 16909 9316 2454 14221 7297 17708 8200 12072 625 974 12916 8474
2356 12217 16859 1529 4047 17171 13874 16377 2188 5379 12782 16285 13320 10971 5003 11891 11444 6914 310 10215 16078 11239 14198 3297 13907 13536
415 6106 3991 6845 17518 4918 3294 11313 17595 19771 2790 4136 6930 13897 5605 18055 19831 6502 13089 19561 6211 12477 3316 458 17364 2645
17211 11019 19237 706 5505 18187 15227 10502 16002 10465 6464 17958 8941 7702 13279 19408 222 18290 11947 3834 6116 6762 4474 13357 10554 2399
4143 4895 1753 15995 11668 13462 1391 12736 12531 3792 7566 1225 15067 13190 18328 12684 5999 17733 2624 14214 1330 16348 1189 2596 19979 14434
12831 8902 3880 15115 4418 13108 13527 1604 16026 17908 9542 723 19592 2989 10212 1742 3781 17165 352 972 15919 17903 7606 10690 1002 6786
19323 15547 8296 17824 9854 11125 8401 6275 8229 16327 5889 18709 13377 16581 8270 9614 5626 5692 14072 3322 6637 17000 15666 15679 14706 10782
7564 10396 16186 18448 9259 652 10328 16044 10255 16117 4804 14180 6151 5357 5689 1786 16005 4365 1568 1548 16713 17110 11571 11339 12872 11615
14278 16053 13603 5661 4078 3789 15778 12037 19726 13701 14373 11945 13000 11539 16976 17273 7458 7725 5111 18744 4251 19956 3650 13970 1683 8359
1151 1078 11454 3420 96 7381 3190 13632 2954 15409 11210 7527 3948 11285 3212 8563 4139 14681 16675 19865 17595 11873 6586 16872 18519 17508
13352 7417 8431 5056 7227 12179 179 18430 493 8224 19240 11160 18078 19143 18595 7467 2555 7756 15574 2781 10665 1758 13282 6011 13497 7910
19786 2510 8029 3774 2922 8420 17841 15572 18087 5242 9775 82 7876 7579 12897 3780 15659 19882 18216 13607 16272 5336 2054 17376 4560 10649
8747 15036 18756 6160 13283 15849 19962 16912 4393 12439 19339 3578 12235 6204 2433 9037 4283 17058 371 11083 2479 7930 16227 1668 4480 3665
12204 7531 15311 4025 7960 3355 11686 18484 3275 11559 2963 19027 3813 3429 11655 18433 1282 1745 19788 385 2589 11630 19846 9764 8755 5083
8986 18089 8698 10607 3106 8747 2845 4802 4696 3873 13404 16833 9674 13803 11699 14721 6406 6819 3895 4811 1710 1518 2776 5154 2112 15974
16720 8739 17973 19819 8667 14816 5972 5445 15846 17470 18629 13119 15677 51 12864 5166 3062 16569 369 11038 19811 9811 615 2594 9174 16944
16281 19483 2126 19422 19759 5928 18340 14481 11416 11115 15620 14798 10121 13490 6509 17118 13419 19546 3199 6281 2428 12202 7472 12921 12806 2530
19464 13956 2836 4087 5337 11626 9867 16244 7484 11444 7369 6774 3142 17886 7418 10449 2062 14774 17386 4248 13032 459 7268 972 8219 7748
92 11657 7814 17968 435 9020 12845 17199 1048 14654 13230 15161 17242 14456 14151 8682 7835 18624 10854 18320 761 1739 11454 4291 19294 7625
7495 9145 4065 17196 4799 3474 670 15349 10779 9646 11053 13664 19271 2029 16262 9722 8031 13374 16970 19030 17239 6017 14909 2200 14908 12606
177 1593 175 15409 1970 18096 361 1612 4660 1702 2441 2936 562 8422 5681 19382 8275 7962 16786 10115 3354 1136 10289 876 17654 2871
18647 3974 3896 11337 16840 10735 16773 16198 14015 9415 10582 3894 13782 3207 2763 8666 8510 18084 2105 5579 10796 9812 8875 8051 12597 8760
15646 17752 18601 9169 10616 3715 14134 8506 16925 15518 19067 100 10087 16373 16185 4146 17758 6453 16996 15137 15687 18998 15992 17146 13892 12076
6518 11392 13315 7084 4818 12122 12125 13036 7677 11054 8514 14026 19197 10096 7459 2995 2883 10602 9637 6218 233 8765 15363 1183 15962 13075
16577 18451 5882 962 19248 13652 8456 19104 6721 10891 17488 16177 8718 18030 18324 1539 19324 16678 7926 2946 16866 19971 18833 2006 4469 17285
3278 17246 17496 7839 12414 14529 9963 9310 15775 8445 14790 18788 9712 15389 10420 3346 5461 15740 12546 8047 6719 14352 6455 13241 19504 2863
2122 14295 5335 3200 14283 5615 2333 1132 16393 16561 16926 9093 11081 9585 7325 1122 9363 3043 13124 7927 16618 8876 7041 8226 14176 4691
3950 17582 16760 12506 3717 4617 7982 13062 6679 625 10752 2555 1783 1974 4429 4435 19041 18608 18039 12814 8208 4631 19424 8217 12624 790
964 19006 4943 18976 16645 4309 18657 11767 18956 14151 14388 3166 14141 16522 13861 1506 14090 5293 5029 13177 11736 17824 2071 10995 9624 6581
18311 11586 8987 4554 2525 19844 17977 15671 5970 10078 12391 9388 3214 12724 10176 3393 13000 19387 8980 14463 4466 12455 8656 18784 19300 19544
1344 5931 9483 5812 9061 10698 5224 14516 18447 3396 4755 7787 3545 15514 11367 70 12632 19771 1724 8787 8088 18663 15823 11802 13806 13163
18237 7987 19581 10105 16022 18416 16333 882 10299 2753 19076 11576 10532 9377 5150 5067 10103 748 13187 11367 17015 18697 19641 8962 8469 9802
14272 15461 115 14148 6478 12146 13188 15680 8203 19591 11782 6661 10040 4189 16454 7423 13587 12918 16298 5825 10225 2660 12319 15979 3271 16761
3610 15115 1329 19816 7317 135 9377 19338 6450 3516 7010 2880 18530 3268 16357 17139 5127 19155 8214 478 19392 19240 19941 2384 14333 6014
8065 9657 4056 17318 165 15459 11032 13200 13668 8883 16779 9872 16221 4019 9581 13929 12866 19685 1513 17495 17036 10015 13751 16084 14088 1367
8784 7905 1228 17201 11411 9325 12663 9279 6300 5533 18604 10269 7326 10119 17127 5487 9269 8020 6370 11993 11001 570 14344 16435 14848 14633
7083 8637 19706 17555 15142 6769 10458 3740 1680 13506 18540 534 7723 17216 6159 10635 4638 5724 13541 12211 15350 10950 105 9734 11386 5576
8133 6268 13755 7057 11413 14883 17856 16706 12311 11211 16815 508 8063 16855 8430 14729 14849 12769 11916 15297 11417 6932 11226 5678 13815 7249
3147 2992 19690 14857 2680 14380 2976 6489 15606 19821 9056 5405 19467 17237 471 13898 6060 2989 17024 13260 4020 3430 4582 10195 5130 9704
5388 15048 1911 9073 11206 1914 19074 7350 302 1069 16286 3230 5277 17458 4292 15112 18856 15000 6157 3944 16099 19889 14271 16655 10575 3104
1581 18508 5863 14752 9385 5802 10829 5165 17970 1833 3655 6752 18033 19198 11942 10870 9628 1175 10408 10674 14788 19263 8682 8209 13573 7053
9946 10056 11000 3990 12464 18268 16443 19947 13564 1577 10557 6151 5660 6242 1384 3289 11041 14971 13533 6507 9700 16411 11011 12664 13760 3504
4776 13984 17353 12856 19592 16172 1006 389 17915 18044 15617 18305 1915 15182 9643 1715 1595 6688 3233 17448 13480 8943 9416 3390 13092 8096
2188 3154 17642 2199 11014 14077 19143 17794 18594 16108 15398 1879 13774 13265 5999 4284 4876 287 5707 17434 11504 19997 14861 17747 5955 16013
2549 3741 6573 12254 48 6289 5621 5226 19757 8873 6673 7796 15475 3178 8108 13082 1253 5552 2789 15553 6391 4153 4953 5057 7666 13912
12384 2711 14024 2645 13405 6338 7502 7092 11239 10097 11213 7104 4018 2677 9643 17629 930 15861 13337 19234 11671 11779 15941 9877 7153 6304
16873 12470 394 1896 17754 17353 8369 12921 10281 11541 2630 12326 1599 6512 16375 5384 3028 1647 4197 9508 9087 794 14911 5154 17578 183
19836 268 9476 7901 8689 10207 11674 4436 9348 585 12617 13135 14436 17897 10260 6585 5735 13609 4402 19106 19467 10100 8748 4866 14697 17322
11347 9198 12603 18687 4575 17956 3943 10103 15496 739 9101 19885 13196 11297 960 8507 1470 4890 2997 18320 263 9007 16371 2079 12937 11129
14052 14456 4645 18229 11097 14156 4600 17225 7875 6974 6899 4081 15901 3807 18437 472 2092 19618 14630 3549 10379 17840 13005 19875 19813 10971
60 17063 10663 6448 529 13061 3528 3449 860 14806 6362 18232 15737 19735 4709 13928 18327 3132 17188 3477 4381 4111 5807 2789 18958 4203
10181 13041 5175 4528 6516 843 6440 7673 15128 2804 3451 14151 10247 6757 16528 6680 15658 13940 8563 2107 15176 3980 6770 2317 4975 15423
8570 2807 17751 7977 17648 12506 17818 4129 9794 4453 4568 11378 13844 7243 3772 5798 18297 1563 8627 13768 3039 4044 15713 7644 589 774
10418 16452 12715 9481 18958 18029 16728 11250 10407 2607 19679 13209 10185 9989 7674 12617 8938 18193 12467 16037 18449 6795 13965 19258 15821 14629
11871 2518 15922 12576 19261 11980 12946 15179 12453 6612 15884 17877 10986 11434 2237 8425 11055 15012 13745 12913 949 7557 4108 1381 9928 4935
1111 14013 13476 6176 12265 1330 16530 9515 18345 1952 17874 15253 12155 11586 11099 17655 8245 17784 2136 17798 4016 6651 3604 12422 4145 10221
16700 19490 2976 15307 2165 12660 5562 15760 523 16388 13082 10693 6659 14998 16864 10169 6318 3863 9112 1595 19881 15591 277 15440 10953 1154
4656 14571 18429 18719 13427 14320 9597 12180 9296 12033 14440 19197 8684 1594 19291 689 16861 16297 2633 19273 2417 433 11918 19321 16387 13191
13646 18502 9170 3152 1072 1861 11058 9555 6981 17180 8003 9527 3194 913 5502 2060 16111 4321 13538 17241 18097 7540 14961 13678 11772 16792
740 16983 12654 1344 5410 19232 19542 4532 9904 17522 6252 11588 17664 7575 10793 11894 1275 14777 15306 9857 16212 17867 1264 6445 1602 8087
10493 13591 5401 18319 17969 1165 17462 12306 18100 8466 1010 3504 4785 15660 13967 5804 14138 11323 9343 1099 10589 6646 18584 14924 18661 11181
2247 11733 70 836 932 1372 10451 11069 17202 8081 3598 10584 6383 4953 2435 17470 5187 7678 1452 2919 2438 8060 12378 7354 1472 15199
16873 3405 19343 5757 10226 7217 14830 15593 14920 4004 17865 14438 13589 16426 8945 19865 13295 4288 12727 7091 14997 9833 9487 1311 6078 15799
13689 5215 15883 2837 14049 5120 3178 9580 19026 12912 16220 10069 18182 13499 10534 15402 8461 3157 2676 8171 5167 7418 16519 1147 3192 3743
18580 9568 6475 16871 4093 15467 8461 9586 16802 99 1936 13291 11307 14774 10648 16205 311 7699 2174 16967 1271 17814 8237 17782 18447 13680
5245 13733 9426 18476 9624 9573 14332 11332 11019 1934 12656 1102 1098 10365 9438 9395 4807 19452 19939 2517 7037 3875 11072 4909 14804 17552
12264 3182 3482 13672 4317 17667 3257 5195 11622 303 19394 9311 17801 18123 8360 15077 14616 9817 883 5206 14474 10318 9814 18526 3047 6578
10183 9879 10742 18961 1286 2350 6060 6296 11510 3004 3548 19580 7290 15438 14344 7042 11935 14209 13122 13445 7334 10590 2833 6658 19815 9716
4323 3981 17877 1667 4075 5460 11031 19536 17513 19595 9211 19598 18075 18696 54 15341 19386 13810 17934 11519 610 11900 1717 17192 2858 11980
2466 10230 1527 18991 5873 8450 15646 14512 868 71 13536 18214 1447 18587 8271 4175 19440 2249 1901 11161 18532 14509 11737 9669 10626 19253
2756 1929 1112 15760 14679 5637 12090 2265 18531 8194 13681 12600 1702 2294 12050 4409 5841 16162 7898 429 7918 7356 11342 11140 603 5271
12757 2138 17959 15633 7340 12634 8245 7126 19730 4447 15367 821 14913 19499 19861 4222 10969 16666 11209 11433 18927 11888 14486 16404 7849 6950
6490 1389 11754 16203 6679 8526 753 951 14119 6038 12795 1617 6933 15479 7756 11649 19813 14893 1212 17516 5798 1928 1887 15569 17491 18939
1094 19363 8973 9249 17791 2633 8798 7320 1777 508 6576 4095 6940 7242 11722 404 8851 10095 11558 10698 272 7260 10866 6249 8054 19196
19328 14144 11116 16099 11279 17656 15787 17449 8402 13312 19251 2190 14390 3507 1702 985 12671 6915 2372 12621 9689 7589 1308 6714 12660 13616
17772 18396 15552 10948 16201 3262 17842 5758 2249 8199 8030 1724 19054 18418 19929 11489 2149 4405 4554 18788 1495 14482 3133 3840 1045 9827
17174 6423 16959 7470 7028 16606 15663 2360 7150 2338 9916 8800 5375 11669 1543 16867 13713 15415 3595 7464 8022 2629 5864 16201 6045 12222
11771 6093 10339 16382 15303 10679 2121 9922 8805 1562 11803 4068 2520 16572 18471 17819 19671 16515 7145 17114 6697 9071 15715 11500 15991 7390
990 12073 2579 5593 1475 7401 13916 12750 6427 11728 8714 18571 5785 11355 19474 4248 10078 16561 2074 19554 11186 13100 11972 1779 1614 17572
16867 3690 5351 12286 8342 4471 2833 9810 3009 15422 3905 16963 17026 9150 1878 8650 2615 11053 4814 3332 1326 6586 16288 9301 11299 521
16970 7035 14762 11701 19341 13066 4889 2121 6345 13042 2396 16613 5396 18643 4385 3235 13884 16296 10312 18596 2125 14247 17469 5431 5172 16734
18236 17306 62 9735 11952 17629 3590 15990 16544 9025 1768 19280 9596 4434 12553 1845 8453 5274 16216 8158 10240 14971 7399 15537 2603 8744
5965 16582 1865 18943 2586 12118 14812 14932 3986 19830 10061 8793 16519 5973 10736 16293 14745 12239 8818 927 15758 19444 10396 4477 4441 622
5107 1919 7900 715 7004 19031 13092 19246 7178 16476 753 6319 811 8655 3773 4743 432 4835 13461 2362 17199 12432 1164 6779 16570 19888
14762 7342 10310 19597 5153 589 14593 8314 1326 14307 11489 459 3762 18026 12104 18980 6328 9890 6858 12587 13122 8289 7567 14762 12004 7625
2529 16385 1593 12176 65 6169 12035 17754 7235 2056 4962 8482 9026 2341 4743 3007 422 5026 10654 12799 3347 11559 5380 6929 11123 5067
17735 19422 13896 6284 14178 5286 9403 13861 13094 13462 3432 7349 7370 17775 309 5570 3083 15735 4461 7096 12763 3738 8113 17203 15505 13139
14496 4823 770 11958 5284 3272 15857 13294 17101 9923 13228 17314 3148 2102 5981 6141 4538 17833 771 7715 14146 2468 448 19719 6410 14234
11571 15653 2745 3533 7608 18100 11500 14055 4493 158 19927 8108 17014 5197 5310 7108 18377 11658 6084 17247 9546 17032 4336 11361 9816 6273
1807 10109 4850 8621 8041 8660 8329 15376 3667 2964 2287 17282 19704 11485 15616 8398 13198 16562 19813 17954 5600 14283 1998 6591 16523 19165
18969 7329 9740 7287 5798 8064 2611 19670 2702 9669 19134 10882 7062 12688 9482 7108 2870 11233 10905 6724 2029 3878 4473 15992 17472 18838
3518 73 18159 14567 18209 105 11657 19082 1660 5150 13864 5450 12580 3185 4552 14824 19116 11553 14009 1685 4656 16335 352 18942 10903 2808
19862 14778 2744 6804 8522 2066 4049 14844 16550 12886 11778 10781 15322 16263 13617 3566 13859 19410 19627 13844 17053 18868 1531 14101 10004 5957
16642 5875 15365 13619 9839 19532 12155 2413 11468 17804 19781 644 2539 17550 6616 6118 12232 17922 11027 14642 5020 15971 19729 16487 8485 15052
8379 1186 19026 6530 6249 7169 16362 3015 17676 18405 13164 1710 9169 1723 10165 5327 14829 19092 9002 16907 18904 18146 1221 7613 538 16404
19053 16716 10856 12247 19039 18641 5176 14232 5287 2799 14429 5024 13494 13357 18182 12588 105 18 4005 14389 4606 6781 3098 1005 7251 14595
9161 7588 13188 5173 2763 2025 4326 15718 17558 13546 424 4288 2482 19548 7465 9805 14087 7879 16256 4237 18112 15725 9295 7816 13474 9775
11953 6742 17776 895 6856 12843 4165 13267 593 5529 7642 2405 511 3498 7438 11904 15234 6047 12432 1168 14771 938 7553 6939 2339 14761
14023 14789 18200 5516 6079 4455 18459 18345 790 5416 4693 10222 11727 9574 10950 795 12590 3997 2568 16407 16240 19959 19117 715 13852 13539
1123 6777 1470 12936 8396 11300 13574 11762 13241 4014 4740 19960 232 18434 17152 19654 3861 589 14670 14290 2906 5350 13063 15486 16073 9469
14213 8462 18528 13726 6766 12550 12692 19389 2317 18071 12030 4571 1794 9419 14372 14964 5008 16920 6172 7338 9510 12995 11315 16289 19819 12020
11763 2845 732 563 6813 16304 14995 11760 8575 17241 3040 15440 17079 3245 2435 2999 9232 19134 1031 1622 16711 6472 11284 15820 4798 4656
762 2701 9160 17249 9167 3773 2213 16361 7613 17037 2676 18129 7112 11544 11850 11116 636 19992 3198 3923 9323 15687 11376 2654 2246 18128
18599 3306 16023 17121 18936 13326 1868 12173 4896 9235 12204 543 10797 417 938 3819 18041 15364 6750 13753 5427 10117 19929 14337 11020 4475
4172 6716 17047 11233 13852 4156 13267 18677 14205 908 8324 3011 18501 1532 15272 6567 13526 1141 7530 12364 19792 17300 6609 15218 454 8239
850 19348 675 8277 1690 5545 7763 3626 19420 11564 19758 5570 18381 19164 6424 13790 273 7182 5969 16462 9270 13835 17641 17481 10988 11757
11958 2624 7261 17105 13078 11543 13851 13643 514 5079 10556 6219 15770 15095 19560 8825 14490 6305 17747 1911 12636 13970 5897 9276 19951 15543
3119 17592 4007 3195 15549 9286 5679 3952 9923 6536 10487 4419 17558 18689 14860 17773 7614 19388 3003 18895 13860 4585 3429 19829 15972 17441
12679 10067 13630 2924 4316 1863 1516 17920 17294 7772 3155 2070 4419 6871 6637 9208 14220 2513 12610 17655 5996 3253 18962 11656 7146 17336
12223 18483 7642 6037 18893 14466 15208 17131 11193 17907 1673 17796 19678 5274 6273 14052 19384 15317 7507 8443 12380 18379 11261 156 16514 15321
10119 12499 5310 3892 14850 1763 12047 11500 9487 19899 16949 2616 19259 5999 11762 11258 960 14826 12976 8392 18944 4746 11543 11947 12914 13886
2282 3398 6744 17936 6612 5342 14518 5430 7730 4187 16130 14230 17472 12804 15932 9009 6842 3754 5692 7658 7725 10406 7590 3649 7487 11564
10528 15613 18871 14564 15768 10254 12561 12428 15477 14909 7685 12075 11149 728 12208 8152 279 13461 11749 3069 12473 14013 13022 1097 16661 10693
12765 11398 10743 11487 1854 12732 9442 13909 13693 965 19545 15142 7002 5490 11216 17762 11467 17509 16474 5174 7728 17694 11753 2331 12212 1302
14856 19379 2135 15179 15160 15492 10848 13964 4417 11206 12528 12758 17414 19010 17097 12352 8898 18360 6772 4923 14369 16600 16648 17819 10852 2792
1571 6670 10560 15336 8737 1415 13873 14400 6296 17757 4434 1492 1038 1478 6714 793 1454 16109 3235 18895 7986 11615 13487 17784 3818 2327
6179 5239 6739 11946 1670 1099 12165 9589 9572 7721 5615 11776 7428 292 9269 18720 10533 9560 6577 18368 15842 10169 4332 12388 5804 1447
2931 5331 14931 1746 6795 16929 9702 316 18051 19017 18869 10543 10898 12488 1946 14133 18255 17539 17547 132 5750 463 2136 19535 11543 19251
19784 15928 10566 18778 3931 2230 14647 2812 559 13235 15430 9329 4830 11878 11431 6224 19893 15017 14864 6056 17398 19814 9039 7745 7398 8772
10485 1398 6885 19678 10886 4979 5298 15799 17334 1733 15290 4868 17643 3341 16317 16988 265 13453 5209 17281 17428 6345 5239 10834 7035 15345
5247 5862 14452 13903 11178 8627 7071 10046 6375 10909 17383 5666 12260 12271 15348 16208 5417 77 15141 9043 8496 10515 3964 1881 7948 3410
1588 9897 17579 11134 15176 6899 16600 10605 10141 96 243 18646 14588 1777 16208 9106 4026 14724 18120 12050 1657 2989 4455 5396 10555 10466
5128 9056 18605 13333 6636 6382 8686 7293 12120 19601 14889 2727 12600 683 2721 15667 17149 12677 3922 19051 2815 16086 19667 9338 14752 3229
14221 10485 7763 4107 11226 18847 16636 15948 13997 10523 8669 12937 1897 11422 1929 6354 4487 2029 5201 19575 6082 17562 12657 15730 10871 5826
16407 18629 13186 16970 4451 12124 10863 117 960 9243 14266 13478 5814 5122 2036 8293 13061 19795 1350 18581 3616 14547 1514 5656 11084 8800
4620 13568 14080 4723 3817 12616 17972 12468 4874 4254 10324 1262 11766 9202 344 3755 9552 18752 17179 10291 1139 15091 16024 5602 2671 2410
13036 2587 19153 6676 5083 17038 2947 15105 13428 10662 10069 16784 927 17048 7360 14144 10637 7980 17365 14355 19647 4120 3184 4324 15769 15
6395 16496 5419 3602 2521 5170 2762 2087 3998 2059 1281 8482 8277 10437 12745 18943 7248 6756 19027 10198 16752 16339 2515 15814 718 4932
10215 18945 5237 7329 6669 2937 6328 3231 14579 5343 6379 17754 14194 7947 2599 11246 11211 19576 404 1779 18157 6232 2924 13316 17582 19580
18759 15511 19484 14085 12595 4705 621 17875 2933 13224 15059 8344 12373 12239 4662 7992 12885 10444 3897 5475 19672 11000 122 11274 3957 15717
11290 10053 16267 12526 10369 19095 16293 11393 13579 3859 18953 10273 12891 16679 17411 2409 9928 19372 19255 7688 7235 10945 5002 13462 13221 5025
5497 13295 14559 18679 8387 15059 8475 8474 7570 7953 17078 10605 18522 6491 17705 12719 2092 17940 8079 4312 18583 1390 10269 6562 5613 3988
17560 16441 13535 6649 18443 6962 2604 1955 5664 19816 8725 6446 17599 19919 18601 18400 10324 8848 7604 13158 19420 19196 12768 12895 10985 4924
17378 14118 9837 19599 14286 11674 1666 19738 4079 5104 15954 4168 9927 1392 11939 16062 11108 667 9829 13326 3669 2642 11774 10905 348 19623
9013 13577 16912 738 17670 7670 15094 4973 12219 3408 718 8452 19799 11700 12164 19318 3870 6945 3662 1654 5903 18286 8763 12626 16414 5279
333 1114 701 482 13677 10738 12246 11626 10630 1996 19527 357 5925 16076 1916 18532 18371 7047 19491 2124 12808 13193 2672 16454 14338 7397
16018 14586 18442 634 1636 11905 17099 18503 15916 6925 14064 16561 14386 7988 188 12717 1221 14592 318 16890 9208 17736 9796 8302 12327 11020
6184 11265 9925 16092 15787 19196 13397 8928 15709 15227 14311 16251 1424 10069 2266 8974 13354 7862 7281 7428 2950 11780 4929 14507 18049 4431
16116 16324 10607 16342 12994 18409 7094 14899 8972 10104 14145 18745 2857 2642 11117 11558 7635 929 8013 3768 17044 11834 783 3331 11665 555
11972 8025 10093 1863 8192 15524 3591 5778 18319 19091 15516 15680 4690 7596 16265 2497 7603 5587 16865 793 18758 63 3475 95 18820 10266
7702 7466 6745 17142 3210 8613 15217 17320 2751 14845 12058 3224 8568 13289 7721 12697 6439 15805 3437 14566 15812 7004 14015 15679 10103 14992
18729 810 18729 12131 3065 5988 1798 19008 10975 5663 948 14935 6935 15902 9066 2307 3100 5792 7554 15040 14764 650 18064 8872 3311 8310
15761 6459 11340 14078 12344 10528 2059 19998 10623 5727 162 16644 147 17008 16313 7691 7056 18089 15259 3691 5794 4368 3130 13272 13451 15040
1171 1793 5899 6704 15360 926 3647 9568 8957 8506 1064 14328 10131 13501 4144 16852 18954 14912 19275 6829 10224 7140 13969 9950 16912 482
2092 11425 7292 13238 966 6436 9691 11884 3532 12042 9480 12063 4629 11804 7535 2717 9030 15160 9195 13813 6878 3631 15033 1497 17460 6119
6660 11151 8172 13008 814 13053 9121 5815 14271 1055 17509 8536 4918 16584 11677 18337 19925 1033 17540 3112 2599 1690 5287 209 16364 13305
8684 6566 10126 3495 19927 17904 18631 16659 2478 2744 28 17848 9455 4338 15279 6848 3190 15673 13180 3689 102 7711 909 14141 14904 5670
18376 5984 9939 18646 11135 7847 18440 17138 12728 8355 19144 10691 16281 14854 8024 2449 7526 14547 11463 1065 18773 17162 2231 17088 14811 7163
7832 71 1997 7958 981 9940 12168 12694 17577 10193 2162 19504 5519 13467 15629 6686 18677 1688 5104 7132 19587 3189 6413 10789 4107 3411
6961 10880 1657 9582 16368 17949 13012 14492 3588 6528 1348 16705 2221 12001 6004 6375 8168 19907 2104 15033 15838 5402 10135 18111 16709 10793
18373 19569 9164 18239 13398 16716 12420 12390 17864 7052 6780 18454 2039 2267 5485 11150 2013 15750 12439 924 2901 19484 17881 15027 19796 6765
5670 6806 7917 8734 18828 1966 2512 18674 15836 8048 14046 9395 11749 5850 15700 16453 8814 4922 4141 3428 3088 16162 10210 601 4732 13470
263 11780 12167 6183 13561 18816 15765 13926 1109 4247 12511 6058 3882 7627 11422 9915 19795 11519 18069 8479 12225 15498 17785 296 12156 6468
12954 14721 11245 19642 2705 16973 9699 894 13136 4437 11768 10237 4617 5153 14048 6714 8586 18061 14756 15824 13413 4527 4588 13134 17146 4350
18857 10316 17710 152 2853 16842 14044 16215 13936 3475 1781 18457 19427 8013 4623 14770 9106 5462 14458 1423 10696 16105 1390 17752 12695 13616
19861 16384 7212 829 11664 340 6163 10219 13286 8252 10852 12327 15979 14498 6962 2991 632 16529 6850 12324 13061 10535 1576 17211 3137 3342
7569 9442 3947 16361 16361 10193 12251 4068 14169 19947 9213 16354 766 4479 14599 19068 2749 12156 273 5667 14684 18902 17873 11081 4595 1876
876 8736 2231 8439 1614 13969 11134 10499 3370 19136 9001 10322 2837 18244 1839 12341 19944 5794 898 2072 16692 18336 352 7010 51 10943
13536 15955 16911 17138 1483 2199 18067 11004 16702 12636 14664 6250 17033 2166 9994 3100 11415 6400 14292 11256 10911 5240 19378 11191 15758 2873
