365
25 89 78 13 41 24 28 59 99 98 44 74 28 87 48 68 68 28 99 87 75 76 73 59 77 55
3926 176 18428 2368 14118 15363 14827 15759 7421 7223 4161 13647 3595 11471 5334 370 12517 18531 4715 16428 18005 7511 1338 14993 10947 5233
1886 8583 3402 13629 5183 5690 11871 14041 18228 5481 8123 8123 11845 5786 9065 4809 15560 14776 3341 5183 1866 8813 10324 6595 5893 652
11330 12545 18399 17674 4499 5740 4166 4223 19749 9685 12096 8571 5894 17466 8515 1308 13032 2400 19070 16602 5041 16464 16801 17564 17344 19845
8935 7404 18680 14188 14518 11238 8190 7174 13768 15854 9613 8120 10219 15634 11436 16642 16300 4665 15421 8409 15139 6945 5313 6386 16368 10751
6500 11139 2247 7838 19757 6391 19395 10381 4086 1391 19804 686 4399 18576 13489 2866 2029 869 6124 12852 8438 18014 16192 2330 682 107
5254 18791 2726 8972 4858 1783 672 6935 12427 5218 4876 10489 4634 10086 3398 9890 2606 10237 7172 2572 3005 11230 5615 3473 17165 1188
4750 15200 9079 3564 7448 3638 8166 8399 15360 5813 2872 2183 12772 15232 12042 6831 667 18606 2385 19904 19142 15976 14054 12359 7777 19208
14305 19689 16202 16679 18139 17516 4149 17449 13747 12739 11193 7958 10823 6959 8791 8177 11974 11787 12420 15932 8216 13126 13850 4984 8858 18484
4960 7037 19338 18169 10799 4069 8103 264 19540 16296 5810 16370 2173 4009 2443 3569 6031 19907 6203 7485 9923 4761 4008 8425 7701 203
1415 8622 16821 10173 9559 571 9000 941 14782 18925 4633 8837 3576 11745 13207 7297 17746 13651 11394 16284 10008 12626 4429 2191 6416 18383
10848 5853 19326 11144 815 15016 7441 18299 16693 11691 5813 8485 3679 10873 7280 17825 1482 16511 12575 19158 12457 13343 15777 5250 18628 879
14456 17650 6066 4709 7922 15182 7233 3244 12227 4690 7806 16991 5160 9228 17070 13859 8319 12900 6967 7723 5026 10078 3988 8751 10955 15329
13920 14560 1474 13996 471 11252 10352 6509 7554 7583 13096 11843 17502 18902 11392 18477 6692 7051 8271 13435 3458 5969 9556 6269 7030 15199
19030 12791 15755 12724 18623 6361 7776 7694 17081 13732 12801 13865 14368 18888 13070 19766 19768 15398 6421 10078 17496 10056 1723 6974 18557 8356
9481 8882 4823 19429 10445 18620 17859 17022 839 931 12651 10598 18648 11081 4838 11689 14028 14511 16823 12697 432 19271 16867 11604 16326 2003
600 19273 15118 7320 11552 5405 13921 17023 15302 5355 14923 16317 11275 4958 2703 15115 14022 8630 2680 13144 15560 13973 4500 16491 1832 11257
15577 16327 13316 621 17904 12346 7816 1318 19438 7730 15632 3358 7932 4606 18711 7586 19057 9221 17377 13343 11293 5015 11338 9809 1327 7845
4825 17401 18445 12455 10748 6065 1722 15265 9895 4099 16814 7133 586 12359 10249 3290 7755 7330 12562 11291 7101 14282 5074 15300 15985 12997
12181 12702 266 19814 1011 6902 15965 15100 3033 11428 3014 10682 13601 3165 10220 15637 12515 4644 4010 9782 13957 19128 11230 1466 12641 19588
16136 5960 17872 4975 6318 12336 3646 9038 7062 9525 19488 591 10209 3343 7754 14476 2130 292 10543 3509 12954 11903 14279 2200 7672 4007
17140 8437 8068 4547 11695 17573 16053 10552 1205 4947 14577 18302 3565 18850 204 8183 12728 5375 11261 7779 2618 19048 11471 9626 5809 3822
5477 1198 18760 8420 9330 10724 11544 14229 11143 16765 12898 11817 9904 19993 10174 4727 13757 8496 981 18545 9012 12672 14507 12180 14682 13484
11830 10208 13525 19925 468 17433 19770 9163 13950 1817 18487 16116 954 17772 12261 7821 4862 17520 17388 19444 15285 395 10212 5138 11151 11286
8434 17497 18565 9111 7607 19655 16783 14874 12178 3657 15568 17146 6969 1997 14770 12307 16754 17359 13740 16067 14125 10038 10042 16702 1589 19459
7234 11571 4664 4896 10062 18204 13379 12028 13273 8567 8105 10135 11015 11510 16366 15135 8412 8096 13567 9290 15104 104 16547 9692 11485 10604
18247 6209 16791 15409 17965 6877 19196 19705 381 7697 5466 5348 6013 6906 15118 644 958 19242 15083 14267 10542 6117 9434 5030 4564 6032
1167 5964 16292 17696 14356 14226 3486 14960 9217 8703 1609 5968 17882 1058 6851 17179 9500 10448 11518 2796 5399 5089 15535 10992 6337 5327
4913 4379 17650 9325 14024 7846 3111 14920 12741 416 13087 16920 7006 5961 16831 15698 12010 16896 4479 14861 4049 18627 5787 11345 15575 19134
8923 5951 9590 1420 809 8416 1596 4330 5760 14444 15790 13246 13444 7917 4161 6580 14516 6196 15415 19723 14269 5307 9991 10462 15348 4442
1387 10262 14278 8669 15666 17139 1285 3925 4880 5729 19226 2074 12215 2569 1895 14849 14056 2439 19184 15469 9552 11542 13380 17729 4470 259
17664 6757 2608 11018 3937 10561 9407 19752 6948 13819 5845 16492 3648 10390 9258 10879 10586 6984 7882 10390 4229 7607 17745 17971 15898 7968
19393 18046 13057 8927 9729 5147 6795 15437 10581 13272 3228 15231 2827 4678 16799 5015 8780 2435 733 8387 10128 429 17132 2888 3776 8399
9297 524 12033 17945 11900 16833 1048 8188 18726 14518 17621 5104 11535 15856 4195 7852 6009 14963 536 8438 142 8912 12945 15421 15105 10097
17440 15991 19199 13247 12000 19639 6620 1538 19976 15616 11894 3840 19127 19737 5806 14902 286 3890 8157 8263 9321 785 5179 19299 19325 16669
18734 16535 8835 16698 6607 19475 7024 5346 18997 8040 10757 8477 16082 10174 10856 9617 8384 10519 6749 4270 11816 7804 19517 9816 9655 2557
969 19657 5848 15929 6831 17531 263 5425 11652 16893 336 19620 8108 14653 12700 4082 6486 16107 5208 7781 3507 19852 13041 15973 1384 12189
698 2793 10507 17232 4165 12438 18433 12489 17027 17121 13282 5124 1801 18319 14819 4313 5629 11827 12606 10567 11066 2092 10524 12982 13778 4791
18112 13941 15235 5567 15782 17590 7566 12792 18141 12678 5313 6071 4439 19402 17316 11918 1846 1619 19992 16467 4462 7885 15726 19019 4345 9371
2246 17980 18779 18328 6739 14808 11202 10542 3334 5443 19464 17911 10625 2994 1161 5303 16039 9098 869 18320 7571 8387 9390 14776 11266 14042
8967 10222 7928 13396 11155 11659 10273 6539 14888 15073 16869 18496 15383 17537 10830 10230 11985 11524 9642 19322 7756 18837 6170 13659 14226 18225
15707 1921 1666 14393 11428 9883 18430 15908 17945 14642 17304 10321 4979 2194 8812 2532 6993 12804 7589 14923 1908 9865 4634 7574 9608 16434
3624 203 5819 5380 19942 4978 11157 9339 3552 9707 10390 14853 14993 3614 9999 2458 1769 12862 6577 1293 3496 14855 8305 4516 16057 2389
11255 14825 9859 6478 8568 4242 14054 19393 14653 12242 5740 7611 12160 12969 4750 19215 7195 5353 19418 4234 18878 875 15590 7294 6502 5214
19171 19150 217 2766 7081 9320 2255 17558 17527 13884 1598 3954 7494 13907 2737 12645 19394 10407 13405 8214 15229 6571 2248 8192 942 11091
2621 8874 11427 12182 15766 10987 2250 14847 12076 5530 15409 7567 8042 15426 13908 5973 3267 5090 3456 6277 5709 8812 12776 2364 10540 6325
9879 9006 19950 13179 18029 5892 3149 12877 15450 7942 2178 13253 7949 16253 14132 15712 6203 12752 5862 14967 8864 9066 17106 9143 16089 10034
532 7832 7714 9875 13359 17086 6348 5293 19492 18424 6485 11640 4350 1540 13277 15551 17301 14782 13254 14850 13241 6132 8938 10820 19271 1382
12944 19160 18738 11059 1482 26 2220 249 11332 7615 7893 18653 16521 2000 18919 2732 6456 8640 7684 2888 128 7144 2989 6054 2416 7459
16018 17129 3907 12818 9461 5317 16966 14931 16428 13093 5208 2950 9377 6554 18558 6756 11205 9375 1117 6475 1214 2308 7285 3261 16286 139
16840 10325 5123 19332 12506 3365 7691 8592 13901 10161 17566 2703 15548 1108 12075 4312 8761 18160 19635 13344 7446 17164 2334 4913 1316 3457
11001 6551 11272 4314 14448 15035 9018 19485 18370 4996 10159 1833 474 11458 18311 4216 5478 5287 4743 1034 1856 6263 19844 10821 8671 7911
14007 9167 14003 4505 19336 16341 10205 6970 2291 10884 117 7586 15850 5772 3829 10705 8749 12824 15541 18137 9680 5984 7888 5907 1902 6334
1137 12184 13024 1109 15034 2668 3817 7392 5201 19883 8475 19110 671 17721 7335 6760 11874 17371 16423 10572 9017 17404 4827 19690 13802 2895
815 6113 7164 14720 16462 18971 18500 11819 11474 146 6996 7705 17948 7573 19486 10514 5940 5214 8269 15712 16364 15016 3436 1348 16531 8733
12468 5662 2130 15880 6570 16401 10292 16643 15822 12351 17170 15920 14753 18531 18782 15524 19876 17660 19968 8637 14453 2215 18367 19644 17140 6506
9535 462 16186 15970 16426 13476 2688 10261 4610 11640 16657 681 17270 5529 14719 6193 2964 9018 19026 18748 13553 11907 878 1327 17548 2131
15181 10360 11912 4182 926 18081 1863 12559 2627 6154 6323 19243 6889 1994 14500 12780 1050 16963 4083 6313 13802 7453 9367 11055 18218 15257
2568 18185 7703 5957 9193 13312 7391 5038 19184 13536 3869 8116 8184 10904 14947 1695 1845 19353 1649 19986 16589 11634 8113 10460 1401 8401
18994 5234 12577 7478 12677 10203 16905 6612 12007 3130 8898 13409 14615 8347 1712 6318 1990 17984 1261 3417 1777 9571 11955 5407 15475 2946
19763 6888 5059 1955 8807 7387 10435 13820 3795 2363 16306 11885 3695 5816 15934 6479 11423 11453 12628 2140 11967 9178 7268 9840 11085 1345
4300 17127 17634 15765 14595 3764 17863 13472 4049 7821 4659 375 19455 9849 16546 8917 6348 12310 4449 13302 6598 293 2603 3539 10484 9368
16322 14603 7031 14163 19089 11508 119 15587 16595 9100 1468 4366 830 7961 1966 5280 16114 15191 16848 16185 15373 111 18583 5836 10323 3222
771 17212 11998 1462 1987 16884 12327 1950 1466 1396 1915 17014 18821 13996 17037 18509 2885 9495 2642 192 721 11272 18950 685 19403 3280
6218 3693 3523 4872 19745 6248 4707 10283 16953 11665 3983 11947 17802 1741 15100 6979 9038 18496 14483 3022 10048 14391 12723 19994 4814 4262
8130 16390 4961 9172 1430 5055 13561 1550 5145 17336 8337 19077 964 17400 15966 13784 10915 7883 398 8288 9353 12838 7325 9351 5175 8946
6670 12240 10874 3013 19813 15575 19516 18650 1647 18120 4691 19352 13752 13671 7069 17321 8223 8175 12261 14439 2424 10547 9743 862 7425 1265
16151 5790 7178 15277 10689 18467 8367 485 4715 17865 4826 18076 19542 6814 8247 12019 2315 5125 7648 7370 14045 11916 13863 16567 18305 4183
11326 16395 977 17997 1752 5503 18007 15697 6735 10143 3669 3131 8827 8647 12634 1555 1623 18800 4514 18701 5195 17328 16598 12900 2680 17170
3008 2920 19106 3319 10384 13184 14268 13408 11228 16503 2942 17976 3247 11136 5414 4439 3623 5787 17943 9222 10752 8320 1476 10860 12794 9884
8341 6750 15818 2324 11530 1516 6096 15745 10561 11432 7901 18125 9472 8091 1186 17072 8496 1917 17148 13286 12523 13794 11400 11067 14765 634
8029 8245 4234 4216 14805 7523 6396 7658 10236 11340 14231 7929 2112 5321 3335 18471 8724 9365 13550 19659 6235 16090 14587 17119 7916 17903
9501 14388 19311 14236 15071 11119 3024 14720 15632 5928 2794 6867 17891 9433 17393 2374 14781 13999 13705 12659 12261 10434 192 16668 9117 19047
752 5431 13508 5781 8238 495 19288 19484 3147 8414 19194 1278 19285 2384 6319 19766 19198 16756 7466 16630 549 14243 4265 15435 7988 12935
1838 12232 4488 18929 10795 10879 8505 16002 8168 7268 1119 16345 11914 7545 2385 15688 16149 17758 11085 4686 12549 10236 7539 5826 2720 102
9337 15383 8941 4686 10022 9949 9839 1803 15695 11471 4552 14437 14687 3489 11663 4026 7538 13549 3805 12422 18338 2147 17108 4091 1158 9493
13790 4372 4296 9826 18589 3334 8464 1568 80 18574 16374 11419 707 5082 14471 19338 16603 4620 19938 15171 9670 6912 11789 19736 17973 50
18093 8092 864 10159 7503 13972 4096 13679 2150 2533 6387 2382 15572 15035 4883 340 9707 1245 13368 6127 1052 14256 16102 2674 13251 14010
17986 12570 3267 2665 9160 12149 11455 6857 476 17554 17519 11568 15273 12785 3904 8539 14788 12372 4131 222 12107 12695 13193 12562 9160 15061
16670 12482 17026 4973 18477 10452 14813 562 4875 17365 18243 13747 18634 19003 14416 18983 15950 6979 14804 18102 3037 12128 14918 13499 15416 537
17524 3212 9448 4891 18184 6444 8785 14320 10933 7459 2499 9876 8550 13117 17148 18048 2660 14867 15219 7785 15413 18300 2658 271 19332 9655
3012 19669 16312 15431 10663 13452 13502 14698 2905 8414 3800 1209 9885 7382 14638 18376 16387 17293 13082 2030 14720 9670 1376 14402 11524 15099
8801 14963 15044 17686 8667 6328 4033 4403 5930 17 7145 2317 8443 3377 11071 16399 8404 13339 5883 875 69 6742 18174 13545 8657 8185
7724 8664 410 12158 152 6821 1092 4686 17578 13257 4126 12671 12092 18504 7930 3898 17594 7073 6831 4881 9403 8368 15426 1544 15901 5958
2730 4363 18458 12092 18041 17822 8915 17917 6774 19350 12809 16673 17579 11751 12408 1573 5035 6101 2831 16707 10239 11665 16019 807 15871 11672
7513 89 1471 7302 11825 1400 8144 12915 17354 6780 7922 9502 4170 13438 8022 7359 8947 4876 12162 14056 16962 5692 2949 16488 1766 4656
10855 18595 12524 2956 6875 15542 14697 17598 1860 18484 10635 7477 179 14953 11753 1119 2963 17522 12779 12276 15992 17174 3909 10172 16727 9814
19495 18678 19225 12398 8687 14771 11935 11334 8087 9328 17452 2819 10859 10596 16420 15255 6483 16794 12429 14062 18177 14342 7168 4173 734 7912
6223 5891 6388 2204 1471 17795 18134 14252 11641 19061 10106 11920 11213 5008 4796 14792 7277 14487 14456 15194 325 12744 2546 414 4298 19026
16652 6254 14758 5829 10175 17816 14740 8352 9621 824 10103 17465 5436 10323 16974 10954 6679 19294 1909 8699 2868 6113 15235 16603 5618 361
7454 12031 18362 3927 17584 18587 17274 1056 16781 18473 14852 13800 4287 17206 19088 3390 11552 10662 3536 2841 19003 16509 8474 662 486 1063
9667 19965 13154 5841 4798 13267 1973 2345 4663 2099 6158 16154 4197 7657 9963 11917 10246 18750 9167 18358 14321 10667 19318 4821 7811 10910
19610 11054 5307 19935 17378 6449 12029 15332 17721 2244 8643 2336 10694 11828 16848 3469 11582 9209 10343 16784 19804 12003 16658 8886 11793 14980
26 4458 11161 16590 15627 17529 9132 6209 16242 4118 15500 4483 11979 7695 14834 19992 14111 11158 1582 16045 9496 2797 15730 16918 12257 8481
15806 4417 5635 16863 12154 5353 14404 1917 11305 16813 18989 839 11154 14663 15779 19513 6061 6770 18141 11610 5729 4708 9431 12120 2717 9407
9369 16052 1137 18168 6381 18731 3282 17215 1870 13498 12896 5720 16517 588 6512 10288 8565 19456 5285 19050 9269 13026 2478 9005 1468 257
5709 6870 3931 16582 14206 5687 16581 12693 12288 19951 6504 14272 9235 1665 3224 9641 5758 219 7701 2161 2551 5671 18952 12315 9259 10199
10110 6279 18772 1099 8907 7095 17684 5021 12500 7466 13936 17562 3722 11386 19465 9408 14247 4964 14519 13763 3572 5559 600 12696 15570 11611
12033 1265 6737 19330 12035 11893 21 15052 18422 5059 10110 17482 799 14304 12776 16026 13221 9764 14327 3840 11548 17328 10680 18947 1202 6088
917 8899 19389 11312 19621 9809 9461 9611 4186 7245 16432 9110 2637 10399 14652 10881 5814 7756 12752 3304 17181 896 7749 14821 16273 7372
18946 13504 10202 10556 1841 9625 2339 9572 8152 8256 8261 7066 1549 19878 8588 16064 17766 5665 565 18442 12559 9903 18043 15385 15354 8540
4802 835 14003 7797 5449 10711 11261 3851 3221 17445 7410 19522 6253 4262 3319 12366 3414 1365 17368 13778 9601 8912 12962 17366 10741 11370
10662 17010 17768 8475 10992 188 18178 18959 6245 14077 15441 7744 10677 3368 4961 13204 4275 7231 7138 18591 5448 14302 9606 10094 4303 1017
10451 505 15376 10497 17081 8884 6315 13715 3736 17449 4124 1363 15460 6347 2972 4848 6771 3230 15937 121 6258 14971 11515 5926 10536 6645
19881 16697 12371 2083 1830 1311 8269 10276 2037 2758 3322 7498 14028 7259 18625 11791 9702 12238 16046 4740 13863 3131 9641 18499 10079 11554
1053 7815 5674 4874 1938 2685 15488 5796 14417 6904 16362 568 2128 2262 19270 4902 1012 14411 17940 8477 18903 1123 9185 16544 9972 7866
430 9371 13466 949 13819 14756 62 2109 9775 6185 5920 1338 3748 9436 19903 10224 17534 13357 13053 7565 3508 8863 7131 12765 3612 14126
15043 16320 4224 4674 17536 8517 5660 11363 12739 9540 7740 443 13518 3222 10043 1868 11733 16318 475 2567 15297 5521 5445 11682 705 5840
18565 12483 5554 5153 7814 361 4158 4474 18025 8154 3578 16935 11006 11184 11464 4107 5096 1944 2732 15486 3381 4680 13126 15957 2140 17597
9020 10656 19709 9833 896 3221 6841 14375 4934 6945 4267 18566 6308 10905 7138 14598 1111 16907 4189 12923 8817 15475 16232 1825 17470 12583
8607 5276 765 16532 8114 7999 4097 978 5959 14265 11441 10271 12091 6337 1048 12446 3464 16235 10911 15968 4138 14704 17364 13728 7020 19919
10362 14071 12131 8190 4488 12394 3002 19619 2385 15527 7465 5070 12240 9874 10919 650 5210 15656 6624 1784 5596 2861 18880 6592 13924 895
878 207 7296 1522 11452 298 15085 9948 17790 4777 7363 13416 18440 4119 16832 12003 19541 3670 7303 17257 2506 4741 10810 10567 2340 4137
13362 17983 12488 8930 9441 11332 818 17358 9595 18735 17571 4434 10399 5840 14137 4341 14027 17618 1535 18534 14039 5361 14046 1725 11570 6347
15504 5400 14962 4957 8065 18431 7440 2998 1434 16502 17690 1738 13311 17332 1476 6769 14408 15009 7659 16962 13265 12071 9929 2852 1991 14897
13876 13443 6061 17265 16852 12888 15446 12714 15480 19718 5645 3503 5463 1431 5089 980 12963 3138 17337 11074 9555 13627 15057 4309 7418 4759
18899 1564 8265 3366 16653 16926 11489 11861 1035 16149 14527 3000 15831 5711 4384 4472 13776 7930 12294 16890 15191 1600 18992 974 14074 13367
17304 10435 4227 6933 8693 16991 11875 18934 10462 12483 12631 6479 11632 14478 420 3100 1118 18610 14095 14455 8405 8578 15402 4638 3258 16517
2843 19188 18062 9903 11998 11839 1523 212 7750 15259 16992 12860 10598 15558 16898 823 14883 666 12702 3863 1417 3021 13515 8577 1833 13830
13506 9117 11071 13754 2637 2262 4747 5689 4684 5455 9808 18790 17110 17979 4976 7357 7507 16153 11430 8527 6650 18484 15084 12837 11567 8654
12132 13345 7999 1473 6200 8893 4833 19703 62 18539 11706 16132 7308 15208 12255 14764 906 7718 3906 16649 5232 1579 576 17492 7901 12196
18559 2748 18526 5897 1908 7587 551 419 6479 1316 15392 6199 15930 8654 3702 10849 7010 13543 7747 12107 5125 4671 6620 6638 13831 2450
12435 6679 3388 49 12821 2222 13285 17847 10539 14870 9818 13242 12403 9142 1225 8085 8017 6396 2167 6643 7186 11216 17054 13663 9139 17246
18429 5835 17568 7274 2729 3133 19072 6657 19595 10892 13593 13839 11252 10001 17458 16416 14250 1134 16412 8344 16379 9107 10471 14950 18960 8881
12414 8154 2171 18767 5464 4702 3762 12517 11153 7121 8681 12912 2575 1741 11767 1603 8971 100 18548 5601 13964 17945 15714 5796 73 10707
4582 14904 19158 2722 19794 11564 10852 17443 14373 19741 9070 604 9689 7333 194 5316 528 1411 17182 6877 7731 19589 1268 886 295 19809
3751 14696 12689 14425 5833 1307 16763 8409 9609 6092 3375 4466 14464 17034 16114 13021 17105 9486 18017 15486 10775 3339 10701 9543 574 19727
9137 875 9345 12368 10338 26 6744 17401 18558 1571 6457 15289 9628 5334 8078 4412 16780 3224 7541 9627 10787 14221 1565 2893 2896 15096
13635 8998 14619 9220 15257 350 8802 19584 17218 18114 15000 2926 9900 4828 16582 10430 14149 10392 2062 14720 11777 4944 8280 6141 11360 11382
14941 12204 8354 14120 17930 1830 15829 9927 15096 5407 15430 10724 1221 3338 5446 5999 4311 18573 18253 6769 6543 14195 19320 14497 6373 14486
17679 11334 5407 12257 5367 16023 12850 3164 9324 16771 7858 11735 17370 2823 10861 8649 13507 2903 7597 5069 3283 14254 8855 7784 7248 6125
5526 12589 10654 15462 6030 2835 4492 554 9374 5446 2820 14245 19617 2058 8213 1051 4727 16614 12304 13776 4538 16322 18153 6505 17411 2470
4754 6990 766 18525 3433 15770 14882 2301 14538 4207 8276 10803 9130 544 9700 18614 5632 11349 4040 9412 3036 1411 2177 10518 17525 8697
7708 18174 15456 5263 12151 16488 19784 9849 12632 17884 10650 7078 16461 7646 4623 18247 1484 9785 5643 19156 14045 984 17245 15228 5029 7920
15600 18308 14087 12049 13994 935 6407 1321 7479 19802 18169 15991 9473 2687 7522 2195 5394 7534 1843 12963 15932 2672 10925 5239 4566 7207
691 4868 15939 8776 17914 8260 13061 1316 5116 9020 3630 5322 4654 3433 13665 19697 10062 9190 9299 10427 16117 1589 4998 18353 7952 7149
18520 2785 5406 17795 3174 19738 9788 9518 7282 18194 15446 12011 732 399 3693 19820 2557 1308 4998 67 7359 19139 3419 14234 16115 14010
16937 16292 14938 9075 17743 19741 17911 11256 1172 15836 8126 4217 14266 9096 5687 4307 12318 5280 9282 5640 13689 11910 1441 7371 6958 11858
364 15686 6488 2061 4739 1694 5871 15788 4029 5828 2122 5918 11833 8791 14838 4520 3755 16270 5350 3723 19515 8483 11727 17329 3693 17236
1171 6124 5406 8103 1779 13762 6625 19703 1784 11326 14794 15523 14160 8166 1175 8484 9292 4597 16969 9317 12647 17119 11214 11472 14997 10725
9735 3134 9115 12672 8880 18590 3366 3969 8919 521 5885 17152 7748 3986 3645 8191 9756 8875 10611 2326 9644 9091 19144 6381 11954 15564
3634 6019 4626 12374 6261 282 9448 3177 12110 14701 894 15518 12306 5924 11730 13912 12718 8845 4398 3140 2789 15728 18091 7194 10428 12307
10021 16325 16486 8240 243 3903 3664 17949 15109 8887 15470 4802 3388 14894 11448 4464 14178 5138 12582 2543 6915 375 8095 4358 2905 18575
12628 15615 367 16433 35 1157 18259 10664 13243 3417 11229 13931 10056 9174 6498 10552 8397 12112 15773 16417 17185 453 14030 18619 7186 4557
18211 16688 596 6844 10544 14821 9753 16878 5083 2874 16889 16412 19949 17797 15511 15631 17872 876 13573 15717 4570 4541 14904 7512 8478 13463
13936 14059 10165 5489 8286 13630 3857 15093 4147 11716 9840 14939 14769 12452 17803 9817 6366 3221 19293 3867 17947 1898 19676 194 17809 8788
10460 17505 19805 6111 13474 16104 6972 10899 1269 5478 15794 15422 9601 7692 7110 5900 9405 55 6035 13668 10662 18181 18398 11575 7402 19571
16214 30 7345 5677 18935 12067 3036 14412 5523 2258 196 3370 14401 2050 3226 19426 12609 12818 18373 571 6400 18782 147 3987 17887 8741
7643 92 1889 105 15843 17273 12891 10030 2352 1009 3506 16449 12414 12142 351 14724 5364 1961 3105 16786 12172 5747 13261 10807 19894 15618
14380 13274 12164 9372 17627 15138 15426 8359 13715 9099 8068 18675 12336 8183 11585 5242 7717 7161 6682 4529 3247 19314 19315 7031 12114 16999
13076 16384 11845 17794 4343 7312 16510 5860 12679 3793 9915 4691 15712 19155 7448 2449 13267 14320 5516 19407 15514 10776 15034 13402 19520 18418
17076 17419 829 11373 8375 555 8953 2262 17952 8625 11416 12267 2618 7147 18492 9254 9535 10403 9244 8288 17689 8381 3533 14041 11839 15812
10263 182 1080 1730 14997 16304 728 16815 2004 17827 9578 16566 10037 6243 15272 2685 15832 11975 17641 17992 4495 9814 6109 10149 11308 3159
15781 2133 16149 12468 19039 16434 3929 2374 8613 11210 354 3163 10112 3289 9478 9561 12470 10401 15268 13718 6270 10875 658 14407 8885 6437
2697 5131 138 18662 6056 10523 14415 2204 10863 19629 1911 10283 17227 6071 3379 5289 10448 11001 9671 14815 11783 18622 13520 19468 8378 2025
13075 9156 16382 16088 15427 19176 871 13480 347 5908 3817 14090 16166 4092 12927 9943 4770 6964 10167 6551 13121 16082 1730 15177 2568 19187
3945 2570 8306 11483 3817 7893 2468 10874 18733 588 1683 4108 4251 16487 15965 2768 343 8161 17955 4669 4347 11661 2952 11189 13043 22
5401 11952 7056 7114 1153 10960 3745 14226 3258 6654 7744 18709 4182 17124 10694 11061 4707 14625 3891 4051 770 130 9956 19116 5948 5431
2100 16103 2039 5139 3310 13944 4277 10300 2345 8965 1221 15398 17486 4749 933 10800 15187 11499 17054 14311 16201 10978 8375 15188 7676 6095
15021 18271 17799 7448 8983 18572 16776 12504 19173 13706 5599 15331 11077 11053 5894 317 19590 13649 17560 1250 11072 13297 13706 5709 4673 13661
19213 12275 17051 4524 11935 6790 6175 13970 3757 6673 17582 10547 16635 12286 5539 1475 7042 2487 18921 4151 14273 15786 19484 2152 13614 9670
5728 12942 2386 15482 16030 13091 2076 6668 1846 1740 14251 9632 283 13844 3400 18678 3447 11905 14737 10430 3008 1491 13920 9191 18161 17636
1781 17542 19857 1085 3118 10465 9711 1431 11474 14845 6279 15421 3929 8952 6715 11962 60 1417 3723 2723 1070 15763 19837 19269 18947 17127
1956 4037 19996 12995 2682 15245 15378 16463 14843 16281 18046 5231 8189 10897 2627 10247 18564 10675 2294 18566 11005 15395 13918 4564 10823 2179
16549 15795 14755 18771 3865 8775 17472 13992 5935 6508 9262 17904 15031 1722 7882 2833 11524 5770 12037 6864 3518 16735 7252 10203 12164 1790
10160 17666 2521 15166 10234 8649 5563 6010 5221 13581 586 15341 18732 19858 5799 18467 9846 5169 12214 3408 11775 19984 3389 2321 7605 16075
18713 1473 16101 5911 9277 11717 10636 2423 11513 14300 18965 17055 16566 6565 277 12567 12296 13648 4999 15344 4222 18664 16069 11848 5704 5185
14611 349 2928 1546 6411 16608 2348 16261 19519 12129 7703 16207 3838 16153 11375 679 15316 12019 11720 19952 10650 6307 14395 15828 15646 3559
14003 17110 18742 13188 12862 3156 311 8656 17590 14153 154 10782 3483 11936 18513 11865 8508 862 16792 19306 19104 10786 13928 14156 11929 7780
7716 11398 18992 15190 6760 4060 2589 18181 6779 13527 19891 16964 14442 5054 13683 16287 8439 1691 19513 15641 8011 14644 19669 18473 16998 5556
17343 7714 4095 7036 10162 18191 6120 12052 401 2117 14057 2607 9878 3465 15075 17198 10779 19359 6156 11631 15692 2730 14794 2343 4378 16703
11376 8559 2718 4306 814 18218 9288 18045 14685 4512 16898 18717 15295 16159 6685 16295 18934 17222 19838 17646 15106 3325 13773 7420 10922 6527
6339 19251 8504 17985 3766 8479 6910 9201 17519 7978 16036 13152 18125 13002 15785 11984 16215 9838 10526 13290 6190 14942 18493 19819 7890 998
14078 1026 1574 6155 1798 6902 19774 586 6218 6862 11969 19936 3857 6692 3684 18549 12138 9685 14110 2428 6428 19685 17685 12238 4618 714
10284 9503 16454 4404 7538 7370 7251 12733 13334 14902 19223 5239 17188 9366 3441 1587 15947 16126 7189 13134 16110 19728 15329 4108 16340 11523
9160 8655 3514 19053 7719 2554 6978 19436 15160 14026 5726 12488 2068 12946 1510 14074 16830 1072 14295 9433 18589 19974 2690 18529 8230 10383
5396 7664 9756 11007 4770 7854 4889 9850 12271 6622 3208 9781 4997 13224 8403 11873 3865 7151 4704 15096 18656 16590 16978 899 9537 19012
19385 14539 6964 15341 6274 15493 3874 7555 9024 6317 2231 9433 10192 1784 16808 10206 14913 6553 5175 18920 7489 14669 7179 15347 16139 11395
16101 10448 1159 2726 17309 10469 8774 14256 3973 7632 18600 2191 4320 2688 2872 13139 14637 2817 6532 5360 13998 1620 17302 12840 178 19348
1979 15929 8791 17711 1909 19867 19069 13051 982 16990 7406 2968 15864 12658 2790 645 6502 1956 16886 2467 14852 10797 4769 678 5846 7917
9925 9363 5538 16912 3931 7565 16620 13330 3412 13151 18313 16087 17833 6903 909 18635 17292 6325 5202 11127 2608 14192 14644 12530 17586 338
5841 10873 16018 11067 19557 7778 16558 3914 8667 8330 7414 3810 10909 9486 3977 8792 9798 15268 10086 6583 1140 12398 6442 4173 15675 9351
17186 1314 16229 4250 8689 2450 10135 10855 10647 345 3404 12199 8431 18960 16522 16285 16251 14784 16828 10894 1121 17766 10682 14688 11772 10632
16775 18769 4367 17912 17777 5212 11042 9005 18493 3240 9004 231 4801 12568 19080 10350 12300 8890 14092 6489 15335 7100 19720 2376 9484 18309
14696 14644 19875 9295 11953 14314 1139 5788 11914 17664 18335 19520 4248 5230 1120 11459 17769 1526 7967 17956 18479 11591 18934 7431 14430 8946
11794 14798 4361 14778 14937 12110 7794 6209 18055 8892 11531 321 16335 15199 4982 9147 16112 4800 5699 5675 5332 6417 17882 18028 7510 16827
1702 15791 15550 19133 490 11374 6240 10928 16044 15031 18939 8746 16606 13543 15813 2561 13539 952 7452 19127 16301 8958 6171 18936 16622 19634
7766 7777 15388 13228 4123 16068 2489 10804 13247 9988 18080 2171 3716 13196 18839 9167 3196 6477 19172 1310 1910 10454 10374 19099 4932 12146
11992 16533 5750 17016 10048 16933 3083 18406 4166 13157 1826 6013 15847 9896 16762 1108 11506 7436 9231 12780 2552 14587 18628 8633 11280 994
15891 2257 8423 14016 10797 18392 17506 8950 2803 13877 18885 17681 4512 19867 242 10705 19237 18905 10576 6331 1953 19096 8693 3669 4497 14588
5255 4221 12967 6916 3219 11553 17781 5020 16627 16662 7437 4630 1939 8335 15457 3048 6178 19225 5117 1260 4431 13361 9362 6073 7797 6223
13761 4483 1741 9560 4057 2608 19066 11757 18645 1765 10304 13331 11265 4282 13073 7380 6711 1109 750 7755 10361 3204 4010 4477 6849 10975
4286 16313 17336 15463 4055 14914 576 9840 1970 3556 12634 6898 5486 4998 17261 3034 5535 316 5567 9424 7565 13503 5199 17718 13276 10170
8989 97 5430 18926 4953 14192 14387 6209 5909 7902 159 19330 19657 5415 13906 16746 13775 9848 19387 7604 7692 5728 18480 7543 17837 10055
5228 446 10175 16941 4226 6604 11167 12876 5804 6478 17569 19793 19682 10863 14165 13125 2341 3998 5757 1414 13874 12043 6747 16815 17420 18424
14495 2215 3987 9358 12622 15097 14901 15099 18334 18603 9733 352 13313 5004 2990 14908 6847 13319 4345 8829 18369 11667 6474 19660 10862 19829
8162 2743 1940 4208 8106 16208 5395 17870 11262 17350 14100 3864 9962 3511 12974 2465 2497 13173 5347 6162 43 13538 17077 9948 19097 8923
17525 12399 2381 10086 16653 6175 1459 240 12905 1131 15823 17219 19674 11686 3588 2719 4565 4542 10582 8695 5618 3986 13891 4866 18991 609
11327 2038 2363 1278 18057 14924 6226 281 9927 477 14387 3670 9703 3954 18929 10092 6119 8411 7146 9885 10919 1290 14176 3199 10171 19135
6878 1458 9069 15078 7933 8487 14733 8327 17567 3911 5589 4569 4552 19282 15468 12460 7909 6415 8769 18856 11117 17916 17449 2139 12390 18036
3298 13375 16176 13348 19436 15287 13696 11506 10568 7594 14345 1584 1943 2121 11594 18750 842 9171 18890 919 7077 18160 7720 19783 1205 15074
7883 17684 17132 13249 7612 18590 16007 17843 15563 14040 6086 13717 12305 3956 19303 3471 12388 5451 6718 12174 5855 11607 3085 2365 19121 1806
14426 17126 15971 4794 10839 19873 12673 14139 7243 8577 15102 13296 13586 16621 1219 10189 7715 732 7357 17543 4932 11699 4577 16488 7806 15171
12166 16264 17739 14816 10569 19787 12951 1556 1704 10712 19210 15878 18864 15660 17258 1404 16144 7758 15353 6964 10478 11348 16805 13272 14823 16551
1908 11526 4522 12253 17977 5173 4546 17175 16800 11473 930 6549 7050 6525 12765 10139 17170 18585 9933 16707 16521 18334 3678 6838 7047 9767
17139 12660 10107 15391 2889 12293 14944 15393 2183 13970 10182 15275 17502 7136 16263 6444 17794 10659 5507 3077 9022 15608 18981 16747 2900 5325
9863 11607 16184 2361 3516 13693 2190 13203 3199 10218 1062 11384 4946 19487 11452 17643 2552 2713 7578 5145 18543 3696 6454 17131 1985 4493
8218 19471 12321 15611 18638 19124 14537 7224 13247 10480 13222 3008 2445 18066 10032 19567 9600 15296 10504 1031 10057 6404 7123 9541 12038 3418
13087 18274 817 13907 4617 19856 5586 1938 5227 17774 2610 12831 16961 11321 12101 4453 2085 12175 9224 14555 13141 12391 4567 6050 17871 1189
3945 18841 2085 13719 17378 18931 19724 11008 6535 12277 18281 4396 7850 13121 18417 10491 14662 1693 18956 2091 4653 3670 10110 14283 14236 15350
15100 13699 16390 15385 13300 8337 908 3062 7686 16388 17602 10678 14127 4428 7314 5779 10222 1696 4526 8899 18312 1564 10926 7977 13086 6977
15486 1726 11518 10070 1280 7108 9657 7069 13690 1578 18858 7116 9116 1434 738 17074 4652 1261 16553 2036 1836 15405 4548 15951 19972 16300
17848 15376 43 17741 16185 4189 10828 8605 18188 775 3655 9299 8566 3866 13238 3940 13200 7295 16447 13340 5420 10892 17061 1800 11783 18387
6396 18280 8027 8467 14388 225 9016 14937 10324 11949 16756 1814 1639 9561 5331 10129 1039 2840 11825 16443 2311 13743 15883 772 13382 9153
11234 19815 10952 289 8561 12672 11261 13915 7886 19464 12177 2123 8878 9148 2500 9149 12375 1412 14099 1382 16624 17155 6845 16627 7295 1392
8566 19873 3130 12689 7099 12700 18829 19805 16194 5130 7188 2153 5263 16843 6483 17251 11450 862 8165 10116 2774 17887 114 4484 5679 17939
7890 13519 19979 12795 13024 8718 3680 291 19101 7931 783 14002 1422 9547 18952 12665 11936 851 12808 19435 3828 18543 233 14024 5848 15593
17361 12048 11251 2240 19530 17966 15798 17350 7125 14107 14746 96 6554 17241 2749 5545 19807 19553 12735 4700 13453 7838 6537 9344 614 4463
3772 12601 356 6453 19146 18800 17511 18918 18381 16295 4253 18757 9553 2771 5537 3568 4043 8069 16293 17711 9763 9072 14648 11868 7409 7028
17198 18584 12631 10105 7878 4088 10058 9148 7058 19537 5355 6968 8970 18305 1755 1077 14670 13574 11590 3605 11279 17907 2517 661 14488 8095
12330 9800 18532 14517 15744 17027 9503 10723 5603 6605 10053 8924 8179 12376 438 8392 7359 13622 19714 11114 19450 11615 14385 7530 5799 6376
12278 3184 2312 8277 10833 18382 7675 14429 2870 458 3507 16267 7703 14135 18806 11430 3881 6791 5088 10426 1118 7907 431 9744 8367 15214
18930 15205 17788 17174 14155 10575 16725 2883 17021 4918 7790 101 12253 18033 16254 6185 16531 5092 7604 19054 13775 1480 18774 15513 18322 9851
5143 7154 17710 5678 2530 10225 6250 17663 17484 18273 13228 9843 8180 15824 2965 4528 3618 11155 6901 4470 19633 930 1184 9997 18320 15961
10956 3755 16598 13965 12956 5951 4762 1895 14651 14326 17425 15691 2712 1474 13043 919 2368 15033 6993 11829 18587 8247 8025 11019 12085 19403
5335 12376 9299 8865 4787 15428 18812 16419 1820 669 3681 9629 3400 276 7254 13123 19538 15948 14281 5487 9348 5622 18660 12047 13554 6867
10734 18647 13400 8774 548 9501 10253 19648 16459 19936 14976 1420 18289 6626 18478 12680 15740 11947 8068 2955 15275 19890 18208 18297 19794 16072
5503 2839 19655 8825 15033 12745 3495 5735 18614 3122 16975 18840 16899 18166 17186 3784 2706 1640 1745 4578 15093 1460 12679 11343 9191 133
4105 4985 11753 14406 11528 17230 12991 19243 8853 14718 3229 16736 14465 11242 5415 6339 3330 14905 15569 831 729 8113 12205 3845 10958 8584
2009 14024 13898 16891 15083 17527 11337 7159 7174 8436 466 12889 5590 12116 1814 19312 5237 17660 6655 7568 10828 4985 12255 4571 11293 11120
18861 17648 11215 7307 3402 15806 11159 17593 7620 176 4835 2898 12256 7098 15271 4554 6956 11004 13801 3424 6320 2437 6047 5223 13558 2945
7975 19168 18267 2027 19765 3340 17848 14103 13178 878 6950 4951 8878 17894 99 12556 1700 7442 8973 6163 12929 10191 12015 9173 15913 16055
2289 6781 16132 4368 18006 14578 13180 18216 15211 9849 12819 1839 14013 11100 18552 16418 15799 2301 19866 15615 16096 19533 12290 19319 8874 165
12288 2114 4959 7817 16378 17414 2982 10308 16633 1970 8586 13483 17924 15329 17845 13393 14078 10792 13233 14991 8712 2086 15365 17377 1692 8480
8175 14394 12848 7203 18176 17130 7493 9242 14950 8332 17829 8749 1476 13681 16294 13521 9557 5444 12904 6714 10848 6835 11338 8420 13469 11568
1053 4990 12453 2767 9540 15409 9567 16866 10532 8426 11679 14490 18394 14629 10592 12931 7545 18867 3747 17937 11661 5030 7006 4802 8475 9828
7263 6193 10228 1434 19260 13379 13244 10257 882 12429 1710 12813 6410 9045 162 1779 14350 14976 2430 4493 18033 18533 10069 8015 16888 15471
14249 9131 2739 15579 15103 10299 17511 16774 15560 4926 10440 8085 9530 11551 4412 9327 13250 5779 4935 4845 1132 19597 11792 14334 1427 2525
18254 1359 5823 3470 4662 16966 14297 10057 11428 805 11106 16240 19145 13988 4480 10981 9351 7144 7553 10634 11464 79 3027 11165 14893 7494
8350 2678 16394 7261 9321 5271 9397 7165 19775 14618 5466 10117 16813 16396 12810 15975 13718 10076 9442 12266 13139 19592 9289 13433 16413 5618
1745 13708 17346 5216 9109 14477 8991 15086 9867 17434 10308 2302 11476 12484 7131 5007 4225 1898 17653 8201 4523 8067 2451 5195 11131 7377
9086 19812 13878 341 2730 13989 14816 9403 8489 14210 3549 1874 14044 17150 6662 589 1910 9423 18942 5963 5641 10706 9469 4656 13457 11439
8950 3804 739 7600 9387 8924 735 13821 19276 522 8158 11230 15488 2189 7686 16468 3689 6204 16461 13071 9182 7267 9981 6324 2520 6401
9893 13038 382 9124 16376 7810 2888 10512 8205 10080 6359 8238 527 7493 17612 11196 8083 8771 143 14390 17667 4162 7568 1556 1071 16333
7246 12583 5718 13298 7253 5345 11016 5816 1367 14757 14563 15046 4744 7627 2905 2115 5525 5988 17949 12107 3946 10365 8770 10328 5498 16122
15410 5991 17396 6686 11253 4107 863 5979 8196 18681 4282 9033 1912 17879 6526 10586 5317 8829 6827 10631 9100 13911 3908 6108 2168 1508
1388 11501 13060 8492 16247 1189 18528 18083 6263 15783 4301 18999 13166 19092 9749 15463 82 15246 8411 11797 15309 14325 338 16279 18512 251
6275 10370 6278 14732 17913 17055 5529 384 47 16062 8630 18443 7546 12436 13059 15032 9507 11491 3960 18526 7713 9791 11616 11403 6248 3246
1910 7443 1497 12835 12867 14873 17709 6460 2167 9397 1406 73 12597 12263 7152 8757 19676 6403 14915 6147 8863 18283 18452 1965 7388 15795
17679 19387 15300 541 5218 18733 6134 12678 8456 10484 12953 8361 9656 1755 8918 8475 905 6501 13704 2979 16801 1917 4817 8355 4837 6324
6640 10523 12129 884 11901 16195 887 19060 7177 8085 19740 19517 4589 9714 17397 1802 11933 17839 991 15740 19721 14581 9840 8568 631 4845
5325 1814 14055 9688 3752 19279 15172 6329 8552 13115 7326 3894 17127 6337 7499 825 18087 13439 17191 16141 8491 16380 7183 15358 13111 1733
6235 19497 6989 9990 12020 13427 11296 11581 8415 12431 9284 9476 11637 1044 4855 10336 1647 3185 13919 13597 4788 5534 13730 17015 8488 18108
9403 11585 7685 13283 611 12712 14384 1106 8737 4415 15816 10350 17871 9740 16739 5384 13203 12280 18136 18050 14592 4608 9626 8279 11499 1703
7059 11940 14468 18460 12701 3893 13102 7134 17998 15435 15564 8233 3889 6782 17178 12687 9456 14405 14586 14165 4918 16143 6304 18661 5436 3064
10187 7298 2301 10546 766 15808 8601 9378 15120 2211 4921 6997 8391 15730 4828 13359 8591 10707 7307 8234 15899 15657 8431 7607 13257 2423
16697 5927 17646 9085 3256 643 15091 15726 15075 10868 19673 15496 2213 10652 12364 10488 11767 7758 8938 19946 9480 19609 3123 7197 6633 10928
4836 19011 8644 15127 15190 2822 13886 19212 8721 16003 5180 14139 4088 4786 6146 15511 5938 4847 2078 18320 10775 12864 1421 15052 10313 16773
7764 6493 2986 16067 406 13770 4319 13734 3171 7063 5382 2592 17262 3711 6431 11150 16369 7333 3410 18281 6245 15352 15339 11508 14180 2179
17048 393 4437 11857 17062 5036 15754 4483 19685 17761 16016 7418 6219 19162 2149 2423 16917 1409 14839 2038 15120 7426 12072 16481 1163 18145
16818 229 8381 6775 11555 10866 4972 15855 10867 891 13328 10647 2258 2190 14441 14459 5894 19872 12119 14995 1590 2921 5744 18543 924 15392
14966 13346 3739 337 2737 4542 14627 247 16680 7833 7584 16379 14431 17846 18982 12530 595 19540 10838 2201 5562 3665 17550 12613 14312 15797
15321 7755 9822 2675 14368 14537 17617 16980 4987 6437 13150 2665 12916 3802 15186 8727 6831 4138 145 2007 8473 4599 11682 15096 4414 8094
13131 15411 5005 16112 8216 11183 16779 18903 9698 5693 9209 9654 10339 4660 1185 12049 1312 14317 7989 14609 15303 912 11467 13340 11164 434
3609 13987 8252 17067 4352 11852 530 2816 9144 11167 11972 19222 3524 2506 15550 7490 14155 13905 15695 7370 2092 3502 13289 12080 10478 4930
10446 18396 14700 9481 5185 15874 14765 17762 14464 404 1031 10422 2101 16223 18463 19649 10578 16301 6620 14823 18392 19254 4822 8072 15400 13357
16408 537 1988 11404 51 2610 7518 18925 8597 6033 13847 6571 2823 4781 18672 13061 266 1220 4833 804 5312 14766 4421 14645 1070 4625
18310 711 15168 7742 7571 3427 7067 18789 18494 12695 8121 3339 3123 6607 11553 5080 5760 3650 10390 11285 12997 9827 19117 2413 14952 12151
6081 18738 17187 14692 12422 13065 7559 10093 14948 13266 9557 2371 17232 16417 1234 17795 3236 17174 4163 8671 6356 12130 7865 4510 12655 2181
300 2436 2213 18333 11629 7997 9950 8464 13324 7349 12420 14899 4314 14108 14531 16916 7420 5062 6760 16636 4810 15704 16563 14452 11798 4501
3633 5885 3083 1343 11475 10201 709 15255 3338 6011 18540 1819 16779 18124 7005 12396 9852 8684 7882 10977 2229 1692 18143 18109 7569 17582
5154 1757 10949 5269 19527 8167 4204 17967 2397 9863 9730 17462 18776 5820 8851 3226 16154 9405 8610 18209 12151 11009 6087 771 3192 233
3554 19743 5019 5334 3745 8949 5610 44 16356 1217 19728 5249 227 15707 4452 10900 4376 14182 19741 4415 12578 1773 1172 1370 16501 1059
19892 6786 2343 18182 15413 16310 11770 3818 18166 1729 4283 10688 5078 8887 2853 1224 1864 6147 9150 15821 19246 17128 19068 1021 14638 11189
10548 4949 16234 2734 18095 9821 3792 13817 7516 6061 7532 16891 2378 7592 3850 14472 16568 19606 14332 19436 16134 15068 19118 19548 15279 12557
662 1893 18497 11065 7159 12730 19031 4690 4023 12958 12506 18100 6977 1711 17401 15762 17818 7451 4071 5361 8105 12651 19704 864 13872 853
6569 17377 8749 8043 6669 7849 7983 18128 19937 920 2999 4023 19897 8237 10329 7975 2273 4684 16900 1289 6136 7907 4652 19773 15527 8877
4842 11781 17483 12703 2243 5152 5613 17061 5832 10281 388 283 1365 14485 7704 2144 13832 11124 14210 10916 7364 15792 12517 14411 14267 11559
19903 4507 15792 10036 1359 2375 9253 6493 1069 5239 8473 15911 6545 17409 7691 7256 8878 2951 5282 8535 18168 6208 15185 1961 13010 13216
7805 11304 6813 9681 6288 14025 6537 13718 19003 16151 14029 11856 2602 17351 4474 19667 2329 207 17537 16759 9125 19282 16564 8663 12904 19978
14389 3466 7870 7023 5996 10293 17395 16263 11172 11060 17071 6017 17716 9258 11569 16576 11153 8048 5967 16338 2700 7310 3208 1769 19797 15202
16500 8446 10033 3787 10134 951 3289 14336 2039 19488 6876 4965 7813 5639 16531 18651 5779 8427 11100 12712 10986 10011 9773 8815 5362 931
15284 2495 13591 14250 16621 4663 19463 10006 6184 5014 15335 11482 6337 18293 12221 3891 17068 11119 1931 6520 16691 8686 7072 12424 542 1287
5662 14117 6611 4495 16092 11858 16198 15366 8853 19260 12781 6038 7296 10512 2724 8574 19641 19875 17219 17073 19705 1406 11008 3051 3985 8786
7007 17487 571 5689 14590 8750 14905 19957 7738 6759 19224 7609 17229 3266 11057 2830 1383 12615 617 10720 2247 15545 5265 3229 16317 18228
15491 4888 18224 9330 19034 6478 15076 13436 11472 6512 6358 19397 14737 8407 12517 17847 17268 9567 2510 8827 3667 7952 5593 4572 5278 14354
846 5735 8796 12739 5509 12188 9323 6828 16423 8763 14348 10285 10758 11276 19906 9281 10659 1297 3613 1607 18 7781 10749 11050 16599 5202
7429 18539 3705 1738 18318 9955 15307 4789 18286 18094 9819 9780 4582 10427 11843 12058 14726 13832 4691 17247 5402 10721 18260 9911 9910 14836
12062 16452 1568 8924 7456 12412 14337 18555 11622 7207 12180 17277 1614 18070 11143 15423 17288 9527 1565 11754 8993 12302 5675 11233 4907 12144
17123 17535 16208 11156 6577 13348 10861 1811 18505 11649 15897 9234 17242 4975 13888 14579 5121 6458 5656 11882 15255 17765 10236 3156 599 9232
5449 1072 2040 8914 8540 12287 654 2410 11166 9102 16182 7971 3321 1430 12552 3240 18022 7370 16230 19884 8810 2308 19954 161 2873 7846
14672 1328 7021 15958 18915 5009 9006 19735 16293 4633 4887 15521 10196 8388 1689 16025 16784 14093 8557 12275 5083 847 5690 4844 357 8522
16895 4697 1522 7374 618 8698 1570 8335 10060 1649 11253 4933 10723 993 8752 13545 16317 7943 4986 5315 10085 3632 14412 18872 15091 5365
19613 7370 11947 2467 12176 19020 14637 11310 19573 2311 19086 875 10515 1737 7230 17509 10863 13990 7854 5324 19106 18297 1429 13047 15560 2743
14298 6820 14617 9683 17899 10591 9425 19668 7186 19392 10212 16432 9261 13496 19900 9358 8689 16922 3989 11345 14838 8037 15141 11670 11636 11521
10474 17533 6666 18804 15253 4056 6870 1693 9479 16460 2266 17159 9805 4536 12520 3844 16597 17291 13383 7998 14210 18016 19966 14384 151 11375
14249 1547 4405 11869 13009 13875 7561 6650 10623 5960 1307 9030 12936 2626 6883 19415 14953 13233 9341 5820 935 13574 13237 9076 5737 12136
7230 7207 6826 15663 6510 1075 1352 1115 6521 16518 2700 6408 14713 19067 17015 19531 10333 16703 1703 7510 14591 13366 12600 14546 7005 19964
13047 7805 14966 9606 7608 16034 782 12667 13549 9914 19398 455 4410 13297 5617 16540 15426 5177 1963 16093 8898 3668 14325 6141 15098 10235
19862 1491 4076 3835 10676 5236 293 4832 139 12561 17240 12169 15259 9876 13908 7064 12109 14983 13705 14083 13732 13843 18595 13368 10329 5446
11929 11906 5245 17684 6071 12350 18912 3833 19091 6673 7409 19849 9490 3699 14701 9786 12337 17484 6855 1421 8806 1735 18232 5153 8080 14411
9058 12546 19582 16353 16690 13963 14950 1949 10041 10166 13463 7943 8897 16281 1254 6456 2084 3228 570 17432 19242 1351 6650 16425 14480 18011
10975 16429 10593 14818 7134 17198 8933 6073 8502 7184 14337 3532 12744 11518 3129 19008 498 16291 19981 10279 7978 14762 4086 8203 13867 18777
5986 5622 6907 13829 14222 13315 4770 797 13800 19478 14333 17925 4106 7547 5806 12330 16405 18556 12161 11436 14441 4838 10375 8247 5141 7979
10608 10097 19871 1552 1325 13595 4970 11265 6038 16433 12788 3385 526 3602 5908 8210 7997 17122 14063 15570 15386 16016 12226 1793 29 11228
9372 10466 17715 16834 3163 632 5681 15447 8502 2075 10321 13446 14635 581 17824 12509 7637 11520 16416 17731 8733 13196 683 14292 8926 18350
17039 1771 11916 7461 7713 6510 19378 6802 13493 11244 1382 5590 1132 14384 6394 13881 18241 19628 7026 1648 8116 8986 4442 5235 15404 2152
19363 14590 2189 575 15645 1284 19207 6689 1787 9601 18300 15940 19357 16140 12574 10107 13329 13770 1865 15279 12733 3534 11434 17485 3704 4302
15205 7746 7962 16161 12569 11415 17162 12083 17981 18333 278 16027 17236 19490 932 18535 16355 17021 10296 5853 19243 3379 10795 3564 5788 10461
3063 4790 9649 5557 4175 13984 17305 18799 7251 9695 2932 10859 7481 14606 10695 8985 1213 15697 9351 10752 8447 14402 13375 13044 8374 4193
5505 14508 11294 19666 10733 7053 7615 15279 16916 2324 3679 10043 16163 7512 4803 2542 19811 9161 14947 1243 5304 7624 15367 17135 11642 5753
7390 9368 9982 8770 2248 486 13037 13757 11736 10196 17897 19274 19819 18453 2250 16894 5554 2032 13578 5705 17368 12492 14098 16619 18552 17987
7307 7304 1499 5344 8316 16859 10216 16377 13502 8420 5191 12909 7719 11198 6509 18244 2538 15651 1658 1578 2654 12591 12554 2753 18193 4928
7667 8636 10579 399 12481 8528 4283 17591 19710 6428 9038 11188 13505 6580 7912 14333 14580 12815 19357 6260 17288 7622 7883 6209 3486 18830
12385 3978 13789 19571 15330 17136 2352 19468 17146 19038 7991 5930 3253 9697 7495 11211 17799 4127 4570 12856 2108 3452 6588 16740 14529 7666
14632 3501 18846 4864 4520 7107 11072 5143 3363 1422 8263 15478 12996 7512 7791 7345 5122 10804 107 17911 15626 6944 644 319 1917 1252
6072 12171 15056 6244 9107 5297 10039 14272 3502 13211 3879 19754 19556 9248 7837 4550 18330 11803 4693 1751 9644 5035 15170 17251 11950 9248
5771 1985 617 19532 5529 14355 7270 16799 4029 14527 254 19679 16284 377 17925 8323 11430 8652 14093 17325 19130 12669 14194 11618 3211 17380
3006 10461 19033 16737 11170 6570 2460 8174 11696 5620 10374 10525 17449 18431 9322 11102 12201 13735 11879 16399 4186 12037 11699 2173 9477 15042
15609 6648 18223 1770 10353 14048 3466 6649 17746 18169 3457 11013 8759 9953 11380 16103 55 2136 19806 7936 17624 5382 10302 4139 16584 15915
2812 15502 1883 6578 1733 9070 13094 14203 1516 14857 13864 5042 18134 1080 2245 14538 14643 2966 7258 19880 14691 8807 11840 7701 1719 82
382 14125 10546 10309 12333 1997 12833 12556 5850 16081 12535 8739 18365 5827 3172 4157 7837 3751 11790 15729 9400 14144 12034 12798 273 19327
10574 5872 17246 8848 8753 18286 7128 11642 18736 515 19584 9677 2425 19789 17615 10064 15255 18293 6392 11400 19520 9285 13346 11240 755 13368
15738 2468 11888 9926 8564 19739 5448 11044 13929 8547 13073 15019 461 5545 3741 18990 5507 15326 15252 12090 19962 17424 19312 3416 16992 13669
8589 228 17516 10148 17006 1127 19342 19294 19179 19108 14755 9009 8106 1752 4123 5423 15299 14584 15255 5312 8284 8280 7129 17539 6517 5784
16922 18247 16058 1806 17748 12867 441 12530 10501 15159 16780 14461 15447 13766 10510 18324 16815 14413 804 13713 944 1222 14454 1426 9083 6004
17431 6810 9161 5522 18873 15049 9044 1997 18885 10642 3751 14511 7598 4973 5835 1210 6704 8738 18518 14726 5806 293 6261 3996 6037 18618
9798 5088 6589 2288 13968 15313 9105 13147 6170 875 18867 3838 16197 16729 15511 14125 14160 7358 11319 14742 15138 3410 16013 14529 16413 6948
3811 15319 7282 9032 16128 4056 6712 6173 14654 1024 14822 2738 8546 5161 10078 16980 1390 14152 3456 17780 15550 8375 1060 5525 7965 14345
2128 236 14674 17827 19832 7550 1315 9199 827 11466 4464 6096 10088 14939 6931 5006 8670 15629 12194 15832 10935 15368 4966 7032 12462 5118
4849 5513 632 381 12660 1491 6943 12695 11757 10207 12384 14114 14946 13321 617 5940 4318 1065 10311 6890 19752 19552 12705 8228 10201 13431
16441 18648 1424 7479 5557 4424 19049 16095 2628 5178 3930 13411 19659 10756 17387 2524 15981 8758 8934 15560 13768 1361 17772 8641 8426 11829
10740 15620 4125 6358 1000 13723 5605 11443 11287 2746 17290 17069 14331 2892 2154 8179 15221 6873 15699 18280 2436 61 809 8258 13988 12645
85 10029 6156 9529 14078 15207 16020 6239 19296 7719 14572 18752 19735 14216 14724 418 1795 10191 4254 12458 741 14045 9209 4077 16982 14892
1535 4699 11018 19208 10877 15299 1735 5304 2537 16660 3565 8314 8725 19229 2518 1753 2116 12109 5727 3624 5637 4004 18340 6765 2936 5781
17069 16087 3024 5265 9270 19109 636 3587 12701 3712 2848 4056 12158 6764 13461 15399 7224 14723 15437 1403 15828 16193 6935 9523 15237 14575
14494 5421 2577 17307 16579 40 8251 24 17174 18815 3161 8428 13406 12210 3336 9050 9548 13612 7530 13903 5578 74 19945 654 4400 16552
18671 784 2951 3816 7566 7455 13853 11642 7449 5952 2200 10099 14722 19005 16645 18248 10637 8253 17182 13761 13590 16769 17722 4002 3515 13102
13643 8923 2226 2108 18185 16216 11598 14448 2831 4026 11224 15036 6344 7275 5752 17919 14120 6739 2626 8735 1348 15652 112 4196 2009 3313
11939 6047 14544 4284 12405 5399 6772 6836 1557 2752 11994 8728 9322 11711 14451 577 598 16888 17949 11364 13186 16051 14807 18754 3146 3300
4888 12034 10903 11205 3771 10707 9728 5192 4272 12969 16721 18272 672 11964 15596 12839 16027 11879 13255 1968 3027 12467 1410 11804 15826 13112
236 4179 19987 6759 13269 10328 3525 10072 15971 17801 13693 14477 13139 10371 19269 18388 14974 10188 11790 16962 210 126 3250 16532 19064 10058
8555 6300 13741 200 3202 5228 209 19655 1638 18359 9047 6351 9723 9641 7725 9486 12237 6770 6766 8527 10785 9975 1964 16567 14077 11006
13390 14823 6871 1770 501 7655 11767 15801 1462 7954 10332 11067 19499 12581 6110 6820 1877 4761 15724 19525 13936 989 1652 17657 5215 19830
3622 5384 12698 12629 10683 3865 12034 552 8648 5743 19632 17745 12952 4346 16490 11523 4052 16383 11517 7465 16702 656 12440 18656 18942 486
15384 16050 2440 7156 7636 12360 18867 5754 6717 14372 8239 15038 11641 219 16845 5139 979 3319 13820 2936 17103 19925 16229 3451 15180 11970
16320 4702 6101 1194 14534 13984 6248 1347 11611 14719 9082 18797 8745 5905 1586 9095 7702 3051 7430 2787 10618 223 8982 6084 3565 9064
19705 10391 3991 13385 13994 19 7745 7285 3568 2823 10113 8539 5840 4303 5731 7999 18928 13886 12100 491 3846 13796 7114 10638 17268 16017
1078 13610 8913 18727 6856 19609 467 18331 3912 18912 9243 18922 9502 6283 16948 10493 7431 17950 4380 16133 19510 2844 18696 751 18462 18648
8676 13895 3892 3279 1035 1106 14449 5710 16756 8223 11736 250 872 12107 10997 4065 9615 2023 15525 1844 18057 18859 2906 16110 1611 9358
9374 13501 1354 17664 16276 10449 9836 12338 10898 3975 4862 19002 9213 7828 11449 2426 14529 7541 9298 11278 4398 12642 10872 16577 6721 5253
15928 965 14287 3190 3673 8210 17590 3718 173 3131 7219 9762 17544 18808 15384 18298 7373 3680 9674 6493 2197 10191 2952 3488 16572 8615
18143 2157 7079 10919 19846 11310 17427 4777 14649 16672 598 3716 4436 5648 12412 11745 32 11579 8337 17323 12689 4509 10060 3472 2212 6305
877 14027 14106 12401 6338 98 13996 3526 16068 19668 3591 3908 8720 15570 14079 1778 17619 240 1085 15552 18680 16044 12916 2358 650 5606
2555 4721 15313 19565 6048 14488 15917 8763 1758 4019 15734 15330 2840 5562 3059 4257 5702 18212 4523 10424 704 18624 3805 16484 3741 17478
16804 15372 17537 4866 1611 7368 4692 7338 16803 12585 2207 4308 5584 3397 5605 3643 10981 9207 3255 3626 5971 8888 8893 4823 14645 6747
9023 6440 1760 10643 10834 3043 17417 1720 16300 15475 2058 630 8472 8656 19827 6810 16080 17107 2930 15604 14585 2746 3593 11346 15215 6382
19857 7871 15849 16550 157 5655 13118 2409 19439 1431 17156 13024 16543 3661 857 13020 7615 865 1122 4341 19345 10262 8881 15536 11531 19569
13264 16804 18194 6473 11127 8151 1513 15795 16604 1368 14715 19483 8563 12463 7327 11228 9842 2100 9162 18221 6738 5066 7057 14723 8826 9770
6423 4 1401 154 5591 3390 19144 15832 9499 2114 19385 2950 491 8330 15186 11239 7486 7254 13934 8695 16081 5993 12772 4580 3116 11030
13163 18784 5247 11186 19614 5780 1113 18367 19273 17345 4692 7414 11162 14719 2731 17091 4256 3044 15992 5557 1048 2869 4894 17425 10648 93
18501 9415 19468 7709 12155 19060 13086 3181 13209 15138 3591 3891 15139 14322 13564 5394 17356 2600 11667 16368 2023 1314 3610 8519 1400 272
12204 6270 18074 949 8976 1373 3775 8100 2192 18262 10133 374 14122 5832 8815 18410 7537 18803 555 12382 19718 268 9497 7749 3669 4422
11391 8738 2001 2931 4111 15499 14002 4752 14114 723 1527 16372 3179 14021 3091 11492 7132 10418 6710 3519 11031 4699 16500 14648 7851 3839
16899 19590 10796 16494 913 10048 19451 18970 15478 14493 7895 2538 13033 6701 7644 19214 18841 11672 2582 9084 4234 11126 6851 12156 16608 19753
10701 6824 17383 12036 9163 9465 16382 15417 2202 10786 2650 2249 17421 16151 3173 19539 7796 14944 6926 18565 18037 15782 5693 18140 7431 5908
