365
10 98 77 90 33 17 44 8 19 53 42 26 38 88 87 42 9 73 21 59 79 0 28 18 74 59
1750 18299 10620 2981 2305 13513 15585 2709 13275 9097 11000 4503 193 695 4743 16398 7362 3042 4779 11222 206 11433 18420 5241 10202 18290
5682 17654 15882 13052 15433 11223 18201 17149 9437 6755 18302 16597 10232 16822 19984 7828 18776 19660 11698 14301 8692 5404 16519 9928 7932 12041
17920 18300 1496 14783 4382 10151 9889 19054 19072 9598 2284 18170 14030 6158 14223 19609 14360 1549 4133 7778 10209 15170 163 17175 2017 14513
7051 8283 12478 10867 2037 8403 3877 13597 194 18457 3415 16648 16476 12307 1623 2826 4527 4998 8966 19860 951 14321 8325 8009 6825 4401
19173 19074 1608 1272 590 9080 10697 12807 13398 9520 14038 15402 14423 4250 10205 13830 1304 10701 16913 3263 13723 15635 14881 16870 5311 7131
17831 5997 4341 8562 5663 16718 13328 7528 48 13687 19415 9951 10867 4151 10793 13769 7671 12981 2324 8926 6775 13982 1704 19033 13154 10590
19487 16030 17872 1621 6864 14097 6466 5968 3554 12612 14766 6824 16554 7935 17589 6345 4907 18341 6068 6725 12210 19681 4040 17640 16096 6024
8786 5464 8736 8640 13478 11843 12311 6616 6685 6004 1537 10244 19205 13771 822 17930 8843 19461 15629 17016 13215 8161 6696 6862 17761 11559
3301 16500 15826 5532 16159 19572 12831 19057 9197 11419 13344 4222 18172 5758 17497 11391 14507 16976 1020 1219 19013 3489 2701 18560 12752 4225
620 19126 1061 16457 18675 13231 5744 18490 11111 12697 10270 11998 7560 11220 5670 11505 7273 10449 18456 11013 13210 87 10287 10164 8740 13503
1494 12229 10904 11153 1583 15069 9151 3218 946 11603 2124 19943 2014 5789 11295 10920 13207 13775 6912 5596 466 5633 14480 2824 18920 15693
4635 5835 17968 14977 14035 6568 6191 7540 8493 10344 9200 8078 12618 3903 19534 12800 8309 14640 3634 5727 4408 7826 2694 17047 8195 3534
7614 5076 14890 9617 6071 5900 7106 7921 725 4140 7412 10273 5624 8914 8943 7376 10904 4346 14842 10743 15540 13314 5932 2599 16022 14401
2567 12619 2623 13589 13377 12912 19613 3939 1372 1753 8574 6594 11722 1521 2730 4327 16379 11289 3583 7118 4683 19157 1652 18593 8756 11174
19243 15913 17888 5621 9793 5687 16950 6481 6624 5301 18896 16348 6859 11640 4902 10580 13589 4129 6832 184 9837 14373 1404 16444 1457 17707
12493 11990 9103 10092 9512 849 4613 1902 14129 16716 5938 4061 4632 11803 14828 1537 11377 17211 251 9777 16192 10464 7518 8494 7774 6624
6719 2071 18227 2106 11960 15300 2128 1129 9587 14885 2870 943 5206 18770 11607 4370 3829 5183 1148 15191 17701 11101 155 15069 3860 3015
15326 1601 5888 19750 9364 18897 15139 13903 14611 10006 14797 1715 12219 8916 19393 14924 10892 7200 4578 3441 6415 18641 12595 1626 6835 9259
10518 3565 16445 14653 14988 19091 1245 1764 10878 8257 12917 12629 14083 8689 592 2949 7500 5457 17517 11769 6614 16585 12573 15236 8928 1474
10667 6377 16793 8735 18724 19902 12681 18830 10203 10347 4706 3292 13471 16124 16501 18901 16401 2116 16736 12851 16539 7163 13037 15274 1130 8247
9462 19984 5871 8695 13465 10823 9288 15180 2987 1842 18781 563 6629 11353 16518 16528 3214 8209 10881 1246 4994 18351 6214 17675 2611 1824
13635 1414 10451 10492 4240 817 16629 16842 1140 2120 2352 3951 13863 4805 7365 4521 16507 365 12156 9591 7418 4841 7165 677 10967 10566
12382 8534 324 7439 1443 297 4517 9729 3586 7156 7732 13166 376 14195 5986 87 16009 4919 1062 14857 17625 2 2887 6763 14544 15609
7369 9213 916 15922 9366 13444 271 3998 5377 14602 899 4679 14483 17200 17256 7533 4672 8406 5276 14255 6701 19462 3088 10779 19412 549
4724 11045 1673 19394 5507 8891 383 14585 17468 4514 11003 6429 19322 10551 9013 3181 5993 499 6375 12090 1853 5952 8220 5436 13931 4603
3989 5630 3623 19374 1118 6913 5434 10987 528 9141 8758 10466 9237 2246 1084 6822 19135 17143 16667 3177 10221 17324 503 12015 19986 5743
4759 15931 16048 965 7070 4584 17409 11561 9316 12949 11072 19737 5673 951 13814 2017 18157 2594 1102 4445 19976 15905 16852 4370 15466 1837
3178 5943 12167 16944 16458 10234 6299 11298 6736 10961 9988 16760 10025 2151 1244 861 13657 5033 13578 19842 18706 13284 170 14596 17650 5992
2439 16714 6513 15123 17369 6186 9150 6852 3364 5679 9531 11479 6644 15550 19704 14341 4262 714 10317 4703 9034 8856 3871 14087 14851 1524
18680 8726 8344 13398 17611 2961 19342 14271 14844 13194 16163 19886 16159 2205 10628 15021 10424 16836 18499 13732 14374 7512 2569 6483 11512 19190
14488 5686 14752 1051 9468 12305 6261 16145 7777 16096 9396 3715 704 1414 16776 11190 12112 10677 14514 16693 10458 4441 15829 6099 19171 7489
18694 15098 9631 12644 1739 7375 7990 2610 7422 3229 14214 3453 17412 15168 4350 7 7070 9118 13562 14437 17286 17885 535 7231 2158 2376
8143 3284 4210 141 6481 16541 8619 16811 318 10285 13818 7358 18490 4377 16968 19198 3694 8428 5467 1954 10980 1181 13575 15908 19677 5171
10766 1075 5899 11822 17032 11637 10735 14692 5260 6282 15904 3672 479 6548 3128 1251 2895 17025 14728 8080 11495 3541 990 18067 14892 1045
16441 6848 14472 17233 6160 12517 13379 2343 8460 2280 17600 17114 4477 19945 4037 1298 19859 19972 8732 1669 17000 8207 18091 3527 11139 6179
7541 4329 13827 12967 9100 10400 15829 8387 4638 4876 12448 212 5301 17654 10005 19245 14433 12799 1592 6955 14597 10014 16613 1133 12903 19651
13619 16716 2957 17708 14546 8766 17984 19440 13553 16596 89 1021 19556 6858 15794 15283 4133 17298 2444 4978 1093 4146 16879 11921 5265 5179
15649 6921 19372 3938 15208 15113 17642 18931 11630 11942 12770 17728 4078 5720 6685 101 10042 19786 12621 13059 14829 7249 10474 18111 19505 8583
19246 16991 16428 4270 16169 2512 19598 12404 16904 6992 19099 19965 16152 12878 8147 12404 6537 17882 5787 3668 8158 14661 4699 13557 13410 17885
8723 11128 9443 1298 16088 223 12232 14170 10573 7040 683 4856 14630 10234 13068 999 18476 14584 14489 15626 17582 17002 13714 4624 6499 8989
9114 6400 8089 9705 5914 17230 9289 19355 13675 18558 17623 5644 13285 7106 13348 11721 7425 3115 19093 10933 11104 5367 16598 362 17831 14683
330 11409 3703 17367 18144 15163 4344 728 1002 15078 1887 14494 14084 5911 6166 9471 13014 7386 3081 133 5771 8726 8381 8531 7753 14563
7764 4954 10921 11508 10635 9957 3432 11436 3026 18179 11725 11564 9090 4114 11132 2394 3734 4375 7276 12750 8904 13674 803 6069 6246 1319
9140 17609 11404 18811 15494 422 5997 16931 16777 4788 8370 17063 9169 3748 7440 12107 9591 12713 19222 2868 16493 18177 15376 18245 15885 11733
10245 11376 5702 14674 70 19078 9541 11705 6170 4534 8354 3277 17978 19329 2237 17959 7686 3719 18818 10300 15465 5744 16120 8678 18659 13064
5066 6682 16087 4694 2648 2178 13772 1703 15364 14407 2428 3191 3165 950 18774 13628 1331 9997 16824 13899 13642 6628 15946 7805 13133 10077
12746 3601 5119 3108 3086 2345 8201 1619 3245 18074 14651 11258 10537 1128 8014 14064 13166 9525 2402 4614 12032 18734 15961 4049 9180 1054
5909 2712 4671 4493 275 19623 9374 8680 4623 205 14971 11260 19243 7078 13201 5730 4488 5352 16415 5282 7575 13439 14057 12101 16367 16519
346 19118 5060 18671 11938 16859 15881 12871 5623 10639 18720 964 4080 13296 3788 10991 16219 7486 3577 5566 10561 17791 5417 10953 19514 13888
15217 19656 12495 3484 17582 5660 7421 11360 3900 5671 3606 15285 8550 4037 11823 11311 14092 17683 17128 10311 3000 2815 8349 2287 6676 12631
17293 13387 9454 19475 3973 11201 7272 2116 9671 6292 19893 10380 17672 1734 5083 7912 1911 12360 15945 6631 18959 15444 3883 6955 1096 11557
17273 12102 13146 16707 11777 9281 10702 18182 10145 16880 15210 16292 258 12649 4469 10584 1454 5577 5641 17661 8991 3101 2767 17416 10917 7871
3708 435 15293 9030 12961 4704 694 8938 2263 6494 18639 4067 13841 14363 9081 16463 3423 14124 15638 12776 6379 19010 10320 10142 2110 15983
8919 8296 967 16236 17609 16450 7181 2880 2204 2078 13342 3609 15584 11166 5348 4703 5648 18047 4059 6048 1463 11326 6662 19163 18917 9216
3214 456 11821 14811 10437 619 4238 16340 15650 15127 1601 17086 18252 2839 19682 15418 15914 12631 2276 19026 17953 18317 17428 7434 5580 8785
5267 12237 5340 15055 10239 17009 18844 4379 3714 17702 9216 9038 3948 5951 10600 3346 8713 6619 15259 2663 8902 15135 1521 13082 18979 11741
11565 18639 18201 7737 18784 290 12044 6476 645 19809 4889 9632 15282 6508 18196 18436 1096 17245 17755 8443 216 4398 409 3858 17228 4624
1174 6544 4243 14608 18319 2720 2365 1320 9995 4301 14331 12594 13057 360 13603 18065 6745 13475 8420 9770 18805 7661 5743 16744 283 6552
9329 4554 18974 13226 18347 1768 14508 11244 5015 19461 19402 13836 18695 18252 7126 15581 17476 19389 753 961 2551 16027 9268 7932 8308 13467
13320 3941 19256 4995 10006 16051 1630 7607 3958 9813 18453 15334 16318 11437 2798 14436 3114 11355 2054 8077 2551 1104 18116 17677 8667 19760
15601 17830 11424 11166 13588 8793 12312 10449 18393 3496 17962 4650 1167 11319 5371 4616 16362 9889 17001 2402 16516 5774 18937 1478 5468 16262
10821 950 7847 3970 14300 19167 9218 13585 5040 237 17695 5841 15567 10299 9639 10776 2976 11256 18979 12027 12302 16201 9418 14744 4398 5290
3313 10135 4862 12581 7017 2599 8957 8307 17802 10002 13543 12726 5406 12268 4550 5055 14330 17099 8478 6844 1687 10723 8978 13317 1965 17043
7240 10273 2186 15851 2644 10365 9904 11271 19051 11518 2993 7970 14411 7674 2764 14443 14913 19333 6326 14344 7095 17807 12895 1622 14881 6867
5162 14685 6335 14605 8615 18231 8228 17138 12416 3588 5563 12725 1737 16536 14536 2192 5673 1462 1473 7484 19360 6179 17609 11923 66 6976
12321 3756 4025 136 14446 13222 9362 1020 716 336 10516 11686 10753 12670 8706 11628 9539 12362 3392 7695 8903 1118 10307 6312 76 1874
4865 529 19239 8269 3236 18205 7016 18536 18398 7620 18609 19232 11586 11201 11118 14476 15321 9986 14632 3440 11910 10446 17309 14063 12069 6335
8614 14313 16403 10028 3910 4518 18164 19844 7463 11443 19482 4683 1393 10107 9735 9733 437 16690 13613 15494 7271 13193 2547 6602 1318 26
9451 2966 1144 19075 12283 6156 3881 15165 2513 1405 2478 11099 4115 14639 6182 578 14739 3209 5220 1854 9252 9163 14528 567 9098 13953
16345 5826 7638 18631 7905 15154 3617 18296 9169 6081 3007 18109 5052 526 6919 8018 6186 8099 14030 9482 17794 6623 16729 11021 10647 2908
3371 6268 2254 7059 4494 10964 14744 2117 177 630 19013 6220 7064 5102 6938 7993 3684 12703 13790 7766 18983 19249 13360 3919 14557 16399
16058 15499 8843 4908 2646 14752 4682 11024 17891 6156 7564 11005 15206 15290 7013 14775 5597 7616 11179 17030 14496 19099 12609 1390 1788 19316
110 14054 15566 11789 3661 6242 7348 1287 13526 12382 561 6787 3889 7321 5492 14843 3505 1686 16673 17024 15990 412 19110 14782 14761 10812
10851 9620 1253 17670 360 18798 8320 9354 8697 5904 13949 16629 10848 11018 3857 18738 715 8006 12782 852 4250 10681 4341 8569 3447 3091
11492 4584 15788 3751 17145 4404 6783 3531 2706 12046 2224 2117 18094 13668 3796 19547 7113 15306 2694 7400 14825 12476 8719 2527 6576 5397
14654 16116 12079 2593 7252 864 15990 5835 2417 12372 14290 13311 3740 10318 10962 12732 8174 10878 7875 13541 11400 14498 13545 11140 15493 9664
11177 9717 3536 19075 8046 18071 1095 762 2230 19129 6826 15502 14218 10929 7538 15815 19225 9182 14479 16686 1995 15167 1846 5631 9817 454
6944 14653 9067 11123 18226 8775 15545 8206 1029 9122 7558 16379 4649 66 19449 8324 7380 1543 10326 2884 18925 8912 19521 8422 7956 2037
10357 17487 1840 4007 18195 238 4353 13256 11490 17887 9180 18081 809 14998 10633 19983 16102 9978 666 10072 2648 18280 17719 11079 1175 780
18977 16991 6998 12049 3838 4552 19935 9706 10314 13052 5207 6343 1356 11879 19092 12428 10399 17057 14509 2020 5122 1845 5068 13272 18040 2997
3831 17044 10502 10267 19773 18354 13478 18587 13012 10959 3792 1651 117 1672 11159 6667 9492 9916 7173 12863 10957 18366 6354 1149 19622 17645
2876 10359 4975 15378 12454 15895 17316 4288 7555 16222 7666 19918 2356 13885 15042 12840 7750 7539 3465 6253 9611 6506 14541 10807 7601 15961
14201 3812 17451 9507 8643 11837 10242 19221 16690 893 3837 4407 6299 6956 605 8040 6862 13419 8202 12907 2331 6936 973 16941 13388 1127
18826 10320 7052 9260 11256 3490 6444 883 19488 11894 3596 16122 14224 18576 7771 12273 405 14341 7002 3509 18778 15085 2629 4264 2889 7426
7725 13962 18264 19282 17482 1919 19786 19957 7970 12184 2705 18541 3115 12639 8832 4594 18118 6628 2277 16369 18683 9760 10714 1070 1399 3493
16108 2033 10827 7481 11334 7572 17154 9627 19002 14235 2833 8786 16144 7808 10853 5334 16625 13510 15590 5747 9137 1149 13662 4309 7508 4341
4523 8556 7946 7958 1991 16710 10344 15553 8046 17791 6886 10589 12276 3773 2406 9539 3703 1574 19820 6523 4596 6549 17908 1988 14492 17671
12070 7527 4986 15196 8069 12128 4644 1482 11837 3035 1065 16594 9282 4189 17908 8269 13267 12363 18398 18699 15209 11773 17845 11260 16157 10496
15228 11632 17349 13623 8289 12211 8085 3816 3442 17154 978 19162 13332 8181 17972 1336 8826 4090 185 4089 12191 4508 13908 2910 17251 7821
4282 18542 19137 12776 16609 2071 13783 4883 5833 3075 1062 8939 11558 6259 4156 19217 1190 13091 13125 883 18861 12698 9537 17412 13169 19168
9414 6551 8950 19416 5755 6855 6675 19763 14807 1763 1911 16064 7580 3926 15951 12686 10770 9195 2894 4333 9681 8315 13413 17422 2379 7986
14334 17573 12266 661 13103 1328 17537 3683 8670 6312 19386 18704 611 14651 391 1939 10458 9244 3188 7599 19076 6285 18830 9986 12297 17107
14398 7727 19892 18019 10492 17859 13030 12935 7463 19922 14177 9168 19057 5226 12593 13620 2149 15258 1499 14759 16325 884 4329 4555 11727 11919
16865 651 4530 8475 19602 7486 10401 15317 8854 14208 18774 17563 17425 17882 1399 9001 2366 16101 12469 11607 10748 5645 5741 10158 5660 4133
12082 7392 6502 13858 693 13334 6486 14220 14700 9703 1207 16785 8592 14760 3952 9919 12941 11965 18508 18536 875 13584 2239 18450 2560 11717
9714 345 19321 17048 12529 3114 11499 13256 16237 9178 13155 14299 19295 5521 5556 5068 8905 9934 8936 1317 11860 6 16744 3914 15849 12387
1776 3492 10699 8536 15441 5076 1060 19568 1629 6408 14796 19180 19344 2663 6991 10033 8535 10744 15490 13729 12724 3056 1657 17057 6712 19185
7579 16472 4618 14561 5159 19804 19823 18632 6225 15758 15366 429 10094 2914 6181 4219 4033 9156 2250 16589 9438 2935 1433 17500 12370 13422
920 459 10804 16980 2031 6446 7603 11340 12868 14171 700 3141 646 8423 18463 14470 2512 7109 2240 9161 12710 17221 7476 15604 9797 7944
19112 1447 19985 6948 14012 19427 4557 5208 12127 15212 3272 7771 6095 2854 4390 19793 4579 1472 8965 18747 3433 13017 15071 8243 4621 8341
9000 16806 11078 19884 17745 10685 15779 17533 11330 1529 16694 569 15146 8123 9777 17575 16277 18441 16826 8981 17480 8705 3400 7190 16398 17783
16894 12709 467 1712 13423 15712 10987 6443 12775 14604 11744 13448 17125 5042 17662 7690 19614 7118 18880 16934 4505 2569 15462 9170 6236 10067
15940 17631 18034 13373 11971 12989 12425 1665 2165 706 17502 145 15271 838 9647 925 10231 5346 17356 16489 4667 1663 18649 11287 15155 5403
6322 19253 3455 6400 18367 15629 11365 18991 2233 13683 16514 12554 8595 13178 18563 16105 137 15596 341 2144 6119 3424 10514 11940 9900 4773
4409 4524 6781 5260 24 8652 3833 14066 10532 222 7641 19968 8157 12532 1658 15048 5200 1091 17731 12146 11648 10038 13597 15877 14973 18610
11957 11698 3506 11078 5688 14208 283 480 16570 10349 13287 5177 6742 13432 1661 3766 11914 19470 9374 13160 19590 13460 2000 1026 42 14988
5077 1209 17488 12038 5799 256 19815 12069 278 14437 1347 1855 17953 19781 16586 4248 14091 7237 9173 2667 7825 17536 16754 1887 18719 13597
12744 15254 16453 8533 14026 10739 17022 8433 9807 8449 16715 12737 9360 18709 5725 9115 18013 9944 14168 16176 14407 19370 19535 2215 1786 3016
14999 4691 18461 8299 3457 6510 3382 15823 18707 11907 7357 17239 721 1003 7185 10677 9157 1914 137 8867 2975 12399 7790 4000 10400 11037
14453 16120 75 18736 8080 13586 4721 7327 1319 3781 17581 6066 4126 752 7270 4376 16910 8850 18656 976 18812 5786 18966 16847 18478 10427
11539 8141 8289 19430 10911 3227 5456 4705 13552 621 737 5911 11224 12928 12341 8610 8129 18460 2622 17676 10144 2004 10469 16457 7697 6011
19396 18547 466 16981 18887 15481 537 14768 17909 5256 18574 16162 822 16125 100 7113 6707 16301 11344 17361 13358 17290 7932 7466 6868 1493
13996 15447 16777 6587 17548 12812 1262 3331 6696 10714 7891 1395 15344 14126 16621 8077 1217 2302 14336 19369 46 12579 1936 5614 15498 4833
5138 13751 13907 9050 15243 9425 6302 9359 6006 344 14683 12777 14332 7534 12794 9299 18894 9392 19900 3780 2201 7868 14188 6097 6769 14511
7745 8112 7140 17591 16742 11733 12999 12797 6474 4582 17535 6384 11464 15281 2141 10610 14586 2702 11069 13861 2436 11307 11002 8948 18048 5072
6499 355 11955 15166 3305 4295 4296 6315 13949 1592 1270 10574 950 15544 15445 5920 14924 13322 15573 10383 9665 16126 10694 10796 4310 9258
14483 6764 2893 5148 15677 5252 554 6955 257 14369 15514 19302 11505 16206 1960 9362 10324 15616 3556 16732 14843 3276 3332 12256 7451 15052
10531 18574 12199 1728 17149 432 5280 594 12565 3437 6388 13124 3254 214 9439 2916 2759 12560 8688 1951 13958 3782 13521 1202 18819 18695
7614 15066 9768 7322 187 15525 15553 10342 2643 8106 1029 10454 19413 187 768 12217 6527 14188 8313 737 5058 18178 19929 14984 16564 8436
11313 14451 16341 17191 6718 14269 19501 13511 19963 13718 8774 1604 13177 17013 7895 18563 18526 5307 9069 967 14147 3039 8635 5569 500 4039
19610 6434 15581 16100 9765 7549 19121 19142 6699 19875 11988 11355 583 444 13846 11617 14094 19783 10152 1293 14822 13080 15162 13677 16512 6552
7289 7654 5597 18047 6595 11195 10989 1711 12046 17367 12562 16585 12122 13172 13810 12984 8232 16855 13286 7523 19165 8996 19686 8956 16575 9963
3464 1180 17358 14351 5787 3435 10021 19657 11218 12505 38 15771 12309 10510 11933 9422 8941 10405 5312 8382 14329 11956 18352 7869 10855 12202
18312 17359 2173 1968 10614 3961 4356 16678 2918 2605 18053 901 17168 10946 831 167 1047 4927 1113 8268 380 1057 9976 9941 14673 7750
13087 1029 13938 9954 14689 1484 16918 9014 12015 7357 15895 12390 4251 2564 18253 17146 9373 12878 16052 19398 5290 9834 13713 11876 5599 4136
15320 12458 7107 10886 18893 838 9905 17255 19602 5866 4192 19287 16772 5543 1765 18411 3158 11568 3459 6059 974 15305 7828 14087 667 7244
8163 19984 6707 11221 8187 9217 10906 15689 4232 12698 1711 12147 5585 13001 8908 7093 17296 14615 17676 12737 12613 14704 3009 15341 9664 17345
8313 1662 17656 14638 10728 9612 8175 1914 13845 14497 1739 18263 18934 5755 12229 13185 11913 12305 12459 9677 14017 9801 4658 15819 12888 5185
10987 11608 1332 16685 15349 19005 2443 13724 19322 13529 14196 12966 19163 16390 15939 10179 9764 4749 19854 18292 3527 15424 8396 12333 2885 686
19339 1547 19321 13065 7613 7033 6263 8881 7985 4674 18734 5106 14128 4561 9702 11493 13361 13295 20 14567 18331 2875 7694 13855 14378 10215
16128 17377 14622 11397 18684 935 11621 3846 15962 3253 5583 7549 18883 3900 8294 12874 6428 17234 6035 11213 93 6875 9101 200 9580 1620
11479 17539 7312 12138 3743 5785 9032 2461 15484 1298 3901 15944 6989 12421 11096 17474 7773 15799 7627 19266 4674 3657 7125 4175 2788 18023
12358 16947 11614 15216 6404 5864 17777 6414 4385 2364 16205 4648 4819 17513 13917 8263 13630 5865 10305 13650 12007 2678 10214 16705 14957 16319
14003 3741 4796 13936 9368 3331 1804 6329 1866 11354 18493 13139 12685 1563 3614 4707 6814 3852 1805 7715 16919 5677 11937 3931 18835 17492
9163 11064 19591 10245 9261 1226 1844 18636 4095 15564 8879 14665 14845 11939 4633 15242 17519 18185 12729 7195 7928 3915 15499 4030 10972 14458
17080 840 1405 9681 14309 16619 11672 13916 6068 10483 18514 909 17541 7276 4502 8757 8002 7775 19550 823 8035 9590 8016 4986 2726 6879
6504 6150 19625 3095 18336 384 18891 8695 13372 10684 14713 14966 10964 18824 10200 1114 15693 735 2475 9711 7692 1272 12400 16713 17218 5207
8080 513 9352 10341 3370 8613 8782 15084 2730 2107 8030 9069 1010 9880 14847 3444 3868 9274 2170 17944 9660 17475 17858 1550 17170 13959
12613 10815 16030 3131 9727 10560 7213 9957 5313 14761 11495 5922 16741 16361 2879 17978 2536 2215 5906 11490 2237 583 8532 16383 14041 269
6027 2793 14767 7648 8951 6722 11190 3849 14124 5068 14120 8978 1933 10870 12790 19564 19094 10344 7515 4076 6319 15897 6207 15758 3660 19276
12594 10234 7248 7402 18043 15761 11120 3325 8843 3031 7807 5530 4936 18015 19851 15015 4686 4914 15756 11904 10559 15698 14862 15637 13361 15998
5562 9192 14763 5365 10227 17367 14849 19078 18242 15256 6647 16133 3618 1329 17146 19985 4286 325 7856 14467 2438 18578 4141 10168 576 4789
17196 14999 17927 10257 16273 12297 1893 19791 18962 14283 578 5319 19096 9923 14924 7126 12467 10292 865 6576 13622 3960 2740 5655 10462 10215
3347 16212 3909 11893 10920 8769 6350 8240 5265 19879 17135 1584 9506 14356 6235 17501 3786 17077 19344 19894 10402 8223 16873 12810 1825 15653
9953 1777 11176 11316 3396 10400 17174 6496 3225 17741 7603 822 8983 1608 17635 6480 13894 17658 7781 6676 16669 12539 2649 3811 1379 2917
18107 13187 12603 5903 19654 3821 12998 15072 7319 17615 10980 14250 18701 2046 1459 3895 3712 5425 17316 12342 15021 19818 15644 14636 14287 1457
18046 6226 19583 14666 6586 8453 16010 16236 7354 12170 11963 8987 9106 8595 10447 1786 2463 9738 7421 9739 8649 13981 11076 5296 16397 12575
12512 2715 2278 17190 7116 14963 17934 10443 7205 2058 13714 5956 17073 16875 6635 10663 9058 15536 13146 19809 18503 14525 6586 5451 10793 2375
3346 7521 1828 1135 347 10906 8257 1500 18856 9450 13320 6349 688 5189 7226 8232 3059 4919 2930 10234 317 1749 9782 15619 12848 14447
799 11905 3995 15843 6994 19812 63 17502 16983 2325 12094 12019 4454 11490 16190 1460 14513 14259 12978 14228 15959 19179 11769 15484 5527 15663
2946 17666 4315 18893 8904 10915 14703 10550 458 2830 16264 18626 19229 1573 15841 4636 9379 17182 17919 19612 4932 13951 13570 1327 11286 15180
11214 4324 6030 18982 19419 805 1145 3611 19134 10198 16763 3734 13992 7188 7688 19581 3943 4962 9264 13167 13876 1970 4643 10317 8770 9109
13897 542 13561 19664 2477 7602 8107 13062 8655 12824 2040 16770 18498 1110 10579 4471 8845 2101 5544 16845 2211 18673 6326 765 16753 7600
12322 2678 18962 15270 5353 14773 1620 13193 8356 13815 16109 17097 9390 16876 8765 6947 3967 13896 11970 1659 15427 19340 9952 11677 15546 16982
19240 5437 10802 17158 2770 12548 1578 19972 4168 3291 6250 14395 9519 11993 13655 1944 1945 5662 14296 12626 3604 5661 887 9152 9132 3851
4917 5405 1456 4979 9256 10121 13569 9395 9497 1049 5175 17217 558 1321 1759 5184 7838 18334 10562 14877 2070 18276 1666 18117 13590 6564
1076 14719 4082 3313 7584 13704 12797 19399 6928 786 4241 12827 4680 4972 17728 17283 3449 9027 15483 727 18884 1915 6801 16030 10789 444
14106 17595 2521 8683 13474 6783 14477 310 14339 15422 10910 9390 5091 16112 10060 12789 8353 11639 13729 2949 14036 4094 9287 4352 17001 4210
14854 12144 3112 3182 13732 13328 4715 16750 12984 11406 2038 3983 16126 3194 18594 16565 16277 4202 10236 5048 16211 3371 12639 15695 4790 18689
9908 450 12872 4875 18595 6906 10931 12088 8466 19607 19574 11758 8870 6004 12513 440 17443 1174 11693 1607 4596 19927 10357 15000 7354 14046
2517 9106 15979 6934 14349 7189 16856 1797 755 15977 5707 3026 16199 17192 16308 14764 10636 9049 5739 9652 10393 19009 8223 9837 2614 19490
1051 2678 2329 12106 13014 395 13780 15410 3239 18832 8639 17295 8208 5510 9124 8519 10409 18824 3764 10669 11716 1319 19428 17411 5341 8352
18256 9340 17234 3750 9009 10616 5198 18501 13791 7400 9061 7827 14408 18684 674 14918 3732 15295 16146 5245 2830 1925 19355 7230 11963 6255
15137 7501 2874 1259 11261 10499 8384 1322 8564 16767 19268 9486 6343 18524 3700 9072 15552 2259 17209 984 4923 6256 17924 18536 17096 19917
2240 6641 13934 12512 18417 19207 18195 771 3262 18243 11153 17060 9804 13398 17620 14928 18024 192 6368 4160 3240 819 7831 16636 135 12711
6479 9618 16145 6318 16297 8153 3801 4899 5872 19382 1823 3841 15828 4610 4398 16657 18408 9569 3831 16232 9559 16029 4319 19156 16772 4897
8389 7537 5102 14986 19813 10009 10807 1079 2114 12051 18270 15649 7897 7754 12936 4909 9827 6020 2550 258 17409 3288 220 3097 17296 16855
3881 6041 10960 19330 7829 6987 4440 9070 7695 15540 16503 3675 11753 15469 3864 4417 8855 685 19336 17559 9431 15461 365 1865 3300 19026
12076 5383 3540 14716 6889 3866 1611 11177 4847 12659 6449 5278 2535 5839 2442 14292 15045 12098 4684 13903 2063 4691 8026 9871 14467 16396
1714 13692 3672 7939 15114 4989 14804 16028 2661 8428 11811 2721 14833 8004 2770 6428 16558 13394 12343 15119 15740 732 11067 11901 14322 19000
6918 19329 1861 3774 8832 13123 3147 1447 5323 15008 10350 7583 8789 5288 2939 15330 4542 11058 7571 3621 11171 2328 19406 2101 11993 13083
1952 18718 6376 8520 15611 16803 7776 15532 8539 18626 11625 11186 2218 8975 6406 19626 2182 16270 17488 19499 16571 9269 12717 18685 10809 10616
15848 4815 13148 5484 3303 15975 6399 10271 10398 16817 15811 18230 3418 3654 19886 3252 676 7414 3537 8800 19521 19702 17400 13387 12905 6420
9683 6514 12820 14446 19873 10783 18062 2845 11658 15304 12470 8937 13347 14869 10092 11906 16129 8346 10307 11202 11796 16796 11070 429 8108 12875
2031 1602 6157 6462 17935 19377 16057 4383 19606 9977 15323 18966 19219 17553 5290 6734 4547 5960 6109 9175 504 16400 9318 10993 8152 8780
18146 3265 6672 13983 6658 14231 6023 11836 13651 15816 17094 5430 15842 7819 6509 15605 9549 1299 5560 4473 7129 6768 9039 10207 5151 6058
3813 16067 2204 3260 3861 17764 1613 10716 5414 881 3054 7686 8970 677 12983 15096 2541 14903 10042 63 3710 18444 15609 17392 6113 1149
13766 2229 12803 6519 3928 19466 3152 6828 13816 19961 17433 19620 3289 11964 5455 7570 15247 16641 14781 10373 11221 10149 15049 19399 12861 2225
5236 6460 11386 11792 17116 17616 6806 9149 12437 538 14767 4689 16880 1997 12034 6513 679 16224 11224 11905 7897 17724 9355 14408 12040 14268
2724 4158 3467 10249 16433 17575 9111 10711 15510 15481 8458 13634 14108 17128 19058 14589 11010 17910 1490 14931 5858 3025 13818 18579 19329 949
15968 14338 12575 16513 4298 13326 3734 7731 1004 11496 5608 19046 18658 13408 8240 10312 16279 3411 14520 3646 7534 6241 9831 16016 10557 17753
489 11771 19981 867 19983 7317 13594 6426 13658 1411 11092 9740 2832 18289 1289 18218 5286 18635 13178 13685 16696 9669 6106 411 17789 3782
13687 18666 731 14012 8463 4056 17442 4396 5535 1678 6867 6352 4247 11619 10958 16289 16880 17557 9315 649 13399 14536 13146 3695 11186 8998
445 7123 10889 13266 9040 3929 1368 16129 7612 3748 18539 395 13894 5915 18614 420 5874 18923 6491 7241 12013 3800 3578 14473 3327 13207
14471 17696 12616 9177 2379 13007 10988 18792 2450 9930 245 18140 13053 2774 12174 4058 4307 2336 8643 17116 4790 9429 872 3870 2430 6215
13949 4903 19204 9221 19683 12228 19584 3185 7171 1871 3625 12779 16558 13701 11362 3710 10363 1108 13504 10765 13850 1054 12581 7570 10845 18466
7414 4348 18709 4281 15355 9625 13420 19818 6561 2604 13670 1819 9238 522 9713 11676 15408 6126 11858 4136 19706 12424 19156 4062 8803 12189
7400 16605 10143 11186 3399 14151 2371 16468 1969 2564 10539 18747 2591 16590 7395 9912 9307 11082 4758 8637 11035 15508 17064 18851 1008 2878
18779 12259 2270 7764 11254 17661 15716 6798 14509 7103 16821 10735 12013 6103 16328 2184 13478 6048 8860 18076 19773 10708 1536 12376 16638 2838
6872 5122 6976 5498 15714 8110 8526 14573 8429 6796 14451 3381 18710 9435 10071 8185 9993 13517 10130 308 962 12694 1766 17818 4311 16000
12477 164 4727 17056 11161 2388 19244 15943 16972 15631 6128 3158 5428 17129 5513 19819 713 8392 12145 3623 2717 9712 9812 15635 4500 8392
14279 4319 14351 11313 17566 8516 17302 6317 4768 14056 10585 1295 2668 10259 7950 7717 9967 9250 17563 19442 18028 1670 7801 6159 16897 4154
1826 4548 8237 19888 12088 5831 9208 10904 18662 12519 9096 3457 17833 4226 242 8788 15177 16817 17302 16450 1897 13145 4907 1405 1819 3178
11008 5275 3122 6131 9262 17513 5662 11852 19127 10277 19474 4034 1481 1027 6809 520 8781 16461 17697 4523 4484 9023 10412 11376 3458 405
4430 9467 12674 3357 106 512 14450 6035 3858 10651 11047 19079 9819 5458 17962 3553 1425 14901 13720 1783 12816 13586 2885 17110 2388 12406
15024 2719 946 11954 19986 14286 12832 8749 16882 2914 8041 18510 5728 17113 16427 17259 17949 14663 489 5715 14880 16466 2783 3270 1441 5855
9613 14428 14167 9814 18260 13102 6328 18963 6668 16513 3044 11088 15336 11885 11803 4430 800 14456 4726 3115 14231 5258 14473 11369 1985 10362
17185 4604 15843 2608 13014 13622 17137 14518 7207 1366 10478 15697 18416 17875 5350 18266 19186 5483 12018 18117 18884 7779 3407 19601 11235 12178
14209 18562 3580 4192 16981 756 16950 5132 4339 11888 10204 2574 1530 15283 2911 1336 9870 8687 12650 18321 7222 1894 3907 2413 17181 17510
2614 2556 3045 15663 3066 15395 14802 4712 11403 12026 11794 10680 9689 16741 10290 8730 14046 1232 1436 7473 12730 775 13259 10041 7604 16718
6040 10800 13633 5822 15873 14995 19577 11781 7066 2939 5498 15762 6741 12309 7868 15991 4602 3156 9042 18764 137 2365 973 2874 17801 9910
1872 2459 16624 18335 6250 15187 11428 7162 9 16249 5061 15390 14648 15064 3116 13262 2682 2510 8701 4089 2652 18098 4680 8796 2312 3882
18614 14385 1509 16290 16911 14294 3320 19077 10032 13434 18872 13176 6738 17937 12524 5966 3204 6547 1292 5591 6943 6428 6872 13351 3026 5875
2823 1918 3189 19922 9065 14691 18794 1286 4758 1340 3906 11458 2618 13809 18733 13371 10626 13531 7829 19296 8252 18955 15588 6574 7370 18352
10055 12084 7231 5720 2998 17663 13532 420 15098 13345 3564 14856 13126 2138 10708 15771 12937 12560 9802 3469 13873 899 14019 17138 8972 11970
13226 18887 18108 1390 6014 9848 7061 6731 14436 3211 7970 1773 4605 18789 14111 4716 17228 1840 15447 3272 19351 3635 6136 17398 6675 5455
9503 1504 481 16130 5869 16574 2861 12134 7632 2499 561 1810 4426 4093 12124 16105 17691 3241 7474 6161 6233 16974 18788 5890 15110 5684
2880 16270 1512 15451 11203 14505 8226 4422 9916 5840 11421 9231 5386 8154 774 12552 844 4724 18305 18893 15317 6981 12201 9656 4161 17728
13223 7172 10656 13681 3630 716 1158 10711 7253 13505 9234 3684 7794 4685 6066 10982 1529 363 19680 2855 245 9727 15055 1837 12242 9618
2802 11179 757 5947 1462 5408 15280 16971 15061 2426 14494 17255 15282 15069 12589 10785 11675 9949 2138 8898 12172 9900 3315 1026 12622 18437
7974 14904 5944 4617 11328 10796 8592 15289 5372 12444 15925 18468 9406 4513 15465 6222 3641 4481 3839 13560 2081 1763 8659 16691 4249 6703
4363 11220 8075 7264 9713 16456 743 7569 1196 16485 18263 5158 13837 15334 8485 7074 17971 1042 535 6590 9947 4121 11311 737 13435 15932
14053 9504 19154 1372 17857 207 19656 14421 5113 8645 801 5929 1875 5590 3427 19826 8823 8594 10007 4877 19894 16303 16624 15790 14694 5763
14085 18833 9798 3346 14223 4027 18993 3620 16548 4313 13377 12830 9991 1344 1794 13392 2060 16150 2525 508 11605 10642 6152 14201 4433 17136
5730 7970 6010 1190 16862 13881 2119 2519 4480 7874 10684 15540 14842 6894 18420 12319 7974 10256 13026 10563 7524 2723 226 6230 6326 6127
16175 10350 7335 4045 7755 14296 13837 10586 9142 4155 19588 2587 18980 11058 14487 12978 18110 8636 10469 881 7365 3380 4419 14566 675 11435
8569 14685 11691 19582 5763 8288 9543 8510 2453 13998 18156 8586 12771 9665 16344 3452 6589 12364 4600 6538 8834 760 421 15613 7692 19193
11289 4056 13962 10375 4706 10290 3586 7772 16030 11716 6015 2945 18757 18524 18989 17765 9691 3745 14301 10123 16370 1593 6253 15862 3038 1785
6071 4733 12755 1949 17372 10706 9891 11117 2703 4031 14378 17110 6110 7448 6536 6329 11421 10566 13750 2706 16077 17751 7682 1288 9704 933
1216 13452 4672 16918 12560 14574 11297 7182 3438 17007 4192 8791 13517 11945 5889 7975 2917 17706 11178 6682 2766 13399 19752 4905 14986 2535
5189 1418 18063 13924 9659 17981 9346 19524 1384 19043 16565 3145 10764 9042 6750 7610 2295 14479 4347 7913 12064 6743 13396 2841 18622 8912
18728 3116 2193 19160 6837 8803 16565 15448 2621 10766 14658 14923 734 17244 5174 6478 14809 11325 11886 18968 9392 10875 7877 17904 15367 4190
9690 4980 6664 15353 15276 7882 19349 19638 19202 8305 5227 3531 785 3708 8696 997 4231 11830 17459 7501 1041 18171 8329 7464 13143 13395
7736 327 7676 370 3374 8199 3400 1642 4940 11481 17220 9424 10991 5333 4741 10887 825 17858 14190 6398 7700 7018 2063 9198 6471 10869
8515 4933 12045 928 10740 14672 7449 14764 19937 7433 921 4415 4595 18733 17793 10682 12927 11596 14926 1992 11648 2797 13455 11428 17530 10379
11553 2377 1323 15616 15832 8687 3616 5589 7570 670 16517 8431 3270 17998 18362 6362 12400 14542 979 15605 8929 4685 15720 15746 15943 6804
9402 18653 14748 12131 6587 13736 16198 4519 17134 17851 15899 12464 27 5517 14991 19427 5203 10289 11739 1301 18935 8646 19060 5778 14497 6777
5517 12660 10754 15526 3895 8534 13684 14405 8988 11574 17597 7905 12344 13834 8505 1246 15631 10926 18789 15406 10593 2019 15914 6162 14415 4319
7396 9941 19906 6391 2730 8339 13142 12319 8953 7926 16669 17991 17224 15127 474 19322 15348 18620 2347 9236 3557 7922 12350 4809 3466 15830
16341 92 11409 12517 2770 19292 7054 13989 15363 4146 9323 3911 10154 4612 7508 1328 7157 14946 7440 11773 8475 19521 15224 16003 4049 15959
10833 10355 877 2946 15975 15864 16059 11483 15528 12330 15217 9092 735 18295 17776 3583 15729 15962 18735 14759 16596 16413 9979 18658 6184 6915
17265 16594 1494 17996 14712 8318 7349 10557 7971 8068 8915 708 12232 17565 6905 6619 9329 2168 5405 16434 12598 11719 4166 14875 13274 5303
16924 4418 2232 17156 9725 16755 15796 12859 5405 8296 1054 16589 351 17951 2951 16529 4775 1358 4993 649 1033 1106 14019 18511 651 16441
14814 19162 10684 2516 13553 12189 1440 2119 15900 18333 15314 19656 15893 19148 4665 13941 10500 1009 9406 4226 7511 8454 10963 13732 4281 18510
16348 11608 16285 14231 19379 1401 7703 3228 15930 3545 3003 14037 15330 19283 9403 9888 14021 3441 19659 7742 13604 7939 7426 15772 4325 14125
6080 11623 3799 7388 18960 993 4985 9797 12217 3961 8965 11151 10159 2557 10674 9659 7821 18283 6359 1599 10766 10498 14987 8370 2444 6806
9078 11227 3844 3549 13263 718 4237 7991 5223 762 17645 11413 14577 9556 11074 5410 294 4145 7400 6574 18054 2516 7761 9539 1807 596
2603 7701 2459 9273 2945 12937 19277 12352 4909 17049 14665 16646 17803 13479 16113 17606 679 15032 17420 8255 12854 18980 10295 1199 8152 11261
15205 5566 16227 14690 12530 9002 14950 7005 3895 18354 15508 2863 12186 8608 8185 18500 13669 7766 4806 18417 7330 6215 19046 15147 19071 2391
3801 2977 9942 7139 9220 6944 14372 18315 17429 11244 17814 16266 5320 14173 69 15916 5377 10814 14048 5862 12388 11728 11581 17296 9298 4237
466 1307 14016 18435 8090 7583 17625 1703 11278 12402 7901 616 9047 16621 7989 5463 9496 1223 9418 18233 2114 1374 12218 11236 17174 9288
5875 16692 9521 4152 5389 11923 18941 10693 7072 18772 19176 18031 1052 19782 16944 6780 2243 3517 17491 5331 4278 13536 9629 16566 1325 11022
5479 19640 10956 10529 12097 1936 4871 11356 14300 3388 14501 13733 10 10756 14089 5141 4536 4122 886 1233 11483 3261 19489 8156 15608 4449
5815 3449 17967 3448 9642 9375 16403 10745 9894 13365 13312 16037 8149 10677 6068 3318 11030 12369 7942 535 6233 5261 1113 15884 5498 14738
8866 2541 5425 18041 4784 10689 15553 10192 15372 8836 18851 17710 6816 9988 19185 7206 18472 129 12300 7447 11724 7582 7489 541 5788 11780
1500 15194 5848 18124 1369 11187 17076 17161 14929 14709 12204 8291 17555 15011 18634 4403 13026 5204 10848 1841 9140 296 13806 2888 6211 2566
5684 1136 15553 18676 15132 7399 4001 9601 14643 4237 8191 18627 10224 17826 9057 1705 4975 9266 6472 11813 4727 13923 12685 5928 4202 3758
14025 3531 3789 3301 18395 5235 11390 8620 17088 12129 7834 8326 7936 2657 19790 11385 4507 12229 13630 116 1334 19003 2079 13742 7208 8181
5130 16046 6933 3268 1690 11126 648 11626 10548 19070 1829 119 3796 16393 17117 167 15431 10134 8924 4552 3011 6046 7561 19337 3254 3751
15834 2595 5316 9182 4580 11320 15301 17224 2012 13243 6079 19716 14541 16826 2109 8882 820 15963 10154 17941 7109 17404 13115 6302 19572 7517
12507 17775 262 3344 19858 8349 1089 6700 12976 15552 2348 7045 1621 11195 7314 6834 19397 12312 16328 11426 1067 1089 4686 6908 5014 19576
12130 752 9662 16134 12054 1686 13399 13449 12064 16133 9075 11354 18638 439 17860 6143 5241 14991 8829 6610 2758 1074 14434 14086 11370 17282
13182 2908 313 3133 3659 17183 11484 4805 14579 5266 4775 14323 10865 11766 14516 2742 5917 8451 8181 1215 14623 1515 11037 14761 484 2067
13013 14205 16330 15097 16237 12349 10822 15372 17615 15881 5845 941 6452 8802 11941 11646 10110 7752 9612 170 8868 2931 3734 19157 12231 9345
14558 16704 1720 758 14133 351 9697 826 18187 17640 7897 8352 4161 19683 14960 8371 4702 5856 1006 16983 4513 11553 16967 1778 10185 8731
6174 16253 16130 7165 16205 4997 12359 1960 595 7475 12486 9804 15018 15690 3488 3107 8077 1788 3504 2627 11430 956 4577 4414 4823 8942
18685 13328 17904 18768 14247 2441 531 4597 9493 4440 8737 10792 7314 12485 16053 18901 6825 10327 10390 12332 7517 12969 6197 3880 4618 12402
8208 10754 15885 10063 14409 15889 5930 10930 9827 6654 9883 11517 9810 14212 168 12396 8711 15518 12336 7584 18614 15544 10409 9031 10423 14252
13498 11209 7335 10595 2028 9224 15435 5459 19631 13504 19673 11021 6956 9168 11626 4092 19074 3112 7884 201 3335 10365 18584 6182 1236 4005
5792 13957 16412 11758 11387 7156 203 12487 12208 10237 14574 9527 12560 18847 19778 12573 8724 17374 9692 14414 13321 5917 10686 7926 16280 14748
12345 5603 11302 3427 19415 9187 11249 9441 17554 3597 9784 6306 15449 11619 7612 12433 1045 39 7142 18889 16763 9477 19635 16872 2190 3795
14357 1626 7579 18558 13603 5395 15546 1752 15531 10295 4407 6881 1053 16004 10147 16843 1535 12626 8154 17865 14205 273 16268 15092 7808 15355
19897 5679 15904 4797 14914 1740 10114 2051 8860 19108 16224 625 1498 937 1143 19302 7791 4694 3964 17807 17334 18793 7953 19627 16980 2266
5134 15550 18069 16316 11094 6799 7813 3206 12879 14926 3452 9367 15852 13709 17926 13383 3888 13565 16587 9289 2536 18001 13870 12342 2881 13503
12795 8073 13775 6270 12745 12142 14734 6911 13705 18905 6376 1268 13727 6193 14461 4744 11925 13645 18445 8453 6556 2078 3395 7465 8350 2401
18230 13269 1890 12580 1638 7297 424 447 17214 17278 16282 2164 19193 8177 9267 8415 2385 13176 13513 2508 12641 5081 17248 19893 4319 15999
3357 292 5380 11849 8398 2103 234 1987 9756 8075 4028 1992 17230 16459 19738 5530 13936 9010 14883 12600 3358 5070 7397 7023 12682 2808
12218 11925 10292 15896 9142 7822 9376 12531 461 13644 13979 3236 19885 7031 13427 13696 15867 1534 7188 18167 19333 17087 5589 13280 2891 18505
5411 12756 16494 4687 8425 9005 8026 8738 12685 1439 2143 19775 9679 11696 10245 2771 14381 13220 17117 9861 9 7332 561 14851 17830 19195
10769 13510 19709 10772 2379 19399 19342 3500 2803 3480 19432 8172 19530 18392 12041 11043 16844 5371 3573 12322 11070 823 3651 16057 12496 15392
15359 381 1628 10152 4517 16945 15094 15525 6801 1451 16609 3773 6672 14144 3941 9964 11126 2970 18955 17906 11236 14040 1956 18295 3166 16867
1546 10833 8572 13942 8482 19719 1949 12005 1121 12010 15492 8589 6637 7637 1713 312 896 15724 12676 5650 17834 2784 4621 16207 15091 14456
12025 6094 15991 184 2634 19374 8745 19666 12109 13072 10459 19031 11602 11179 8273 13193 11099 17552 10151 12974 15588 6218 4062 12113 8542 10423
13363 9176 11494 17269 12460 8630 9189 2563 2652 7366 16829 14398 6979 10633 11615 6267 12849 3504 5529 6213 11695 16146 7778 6446 8314 14915
3849 12725 16892 17857 12841 79 17699 10359 18106 5704 19390 696 17519 1799 17768 7607 15645 9654 6096 7149 16924 9158 16184 17834 4894 15027
19485 2797 3585 16092 15791 16090 11938 18659 13310 16033 3074 12844 18236 3590 19225 5819 10082 14647 9900 2700 855 7672 13610 14056 19989 14347
7134 14289 16661 498 10445 3721 19338 11178 17488 13845 12041 10398 4406 13663 4281 1368 11410 4017 18718 9890 17167 13489 6224 12852 10987 3639
2158 12138 4220 2677 936 8451 5214 18610 8619 14453 19447 11403 2278 9948 1246 15135 4941 16877 6130 1581 11463 16246 16648 3870 5883 4824
6722 12959 6453 15592 9761 18715 3483 11400 8653 18072 1519 11836 823 1177 3383 1000 18504 14650 4517 15130 7712 1916 5447 12436 11342 3526
9376 8594 2319 16305 8417 12747 3239 14610 5166 2538 7393 1575 8223 18341 14410 13625 7911 10559 18249 5912 13826 16478 16935 7155 2387 15903
5407 5030 2920 16241 10420 14152 10657 14905 13492 2021 4716 6578 15105 10022 7600 5123 8435 5025 4229 18209 15081 8837 11461 18449 4339 3057
6423 8607 10237 2110 14734 11934 8254 8085 14979 13345 10455 19142 8347 5553 4850 18588 1951 13336 6681 11325 4187 13074 12117 19666 14657 11367
8445 18396 3859 7518 8728 14017 16390 15008 14394 11532 3022 10677 6358 18060 12236 3480 12806 10114 17400 16914 12193 19445 14158 2524 15576 17546
11885 19990 8311 18086 1354 16815 4618 7494 12226 8668 9531 14384 14981 14516 18843 12423 7830 12620 13878 7073 7 12845 15044 2842 18127 11200
14911 12049 11666 5742 13822 4326 4987 7645 2367 1712 2480 3707 4890 7717 1646 19016 12942 17349 9700 19006 11411 9005 13694 718 10457 12903
6356 17010 11467 9913 15978 5957 15170 14084 2696 16042 4474 7601 16843 1225 1761 4414 12371 11580 6504 6714 14114 9205 6267 7377 15969 17895
10285 13031 11514 10853 15852 5090 9687 19198 11185 3786 4052 15555 16438 4373 2322 15320 7067 12539 2221 4157 17245 4384 3800 19245 550 9846
4747 307 14004 3794 12287 4438 17674 8171 14965 581 688 11021 3887 9648 13268 17708 65 11991 19979 1842 13823 9064 846 4378 13142 18383
4841 10042 1056 3013 9463 19273 2419 8594 8965 2071 16695 11581 10602 16298 7964 17006 6736 8674 14543 19055 3996 4144 15049 4250 17740 9501
16063 1821 2910 11370 15713 8648 2399 2852 12144 2623 11301 143 17018 15102 2260 13355 5202 19693 11678 12787 19519 16997 7095 14080 2445 17486
6878 2061 11871 17951 12852 16597 13919 10681 12848 15660 4067 17170 17153 2507 11413 8725 15279 10224 12905 6069 18973 12282 7542 7626 12772 6237
14151 15925 8896 16753 4323 5275 1476 3576 14456 10695 9016 4061 19795 11275 18449 1591 11750 4280 18298 19311 5757 12305 11648 3809 7814 5205
3200 5143 8904 224 12016 12152 6170 3094 2990 15580 374 4167 2278 10528 19026 8940 4209 4368 14110 5364 18960 654 9847 9819 14857 6551
16544 15523 6845 3741 12994 8081 13743 6500 7118 8202 10168 15843 9909 9940 1262 15085 16912 19675 8348 2130 9919 7504 2484 16966 837 14859
8496 3091 2975 11321 374 9291 16258 7259 9856 2403 5025 5970 101 18553 568 17681 19496 14190 19279 12165 12134 17617 17535 9461 8320 5033
445 19638 16164 12439 2711 18040 16658 15510 18191 14490 738 7512 6615 15746 7522 18352 17341 705 5236 2850 15146 9327 15685 15272 1248 9006
18688 6604 14279 16990 11514 3641 9248 1878 8772 6927 7674 17677 4520 9334 17669 8014 19356 12869 10876 11186 16332 9466 14706 4883 13186 11603
124 11445 5165 3858 6133 9369 309 13789 9466 11830 15347 404 11604 2959 3537 8545 2134 4867 5500 14861 7678 12602 19912 10553 12979 17127
1226 17926 15593 4985 7021 16790 17505 4354 5221 15806 2657 5367 12742 10893 3715 16986 10825 18914 19199 8293 10137 18566 1557 19246 2410 9749
1289 6847 14135 275 13951 8421 19842 8345 11527 6451 13970 14974 14160 4307 4655 1961 11006 5378 2237 7500 3825 15291 204 12244 1593 7080
19289 9072 622 15090 4283 7393 9041 5894 6464 19653 12769 16797 9866 5887 3149 19816 2061 4557 6908 4998 14676 2980 18364 10695 16895 10091
2634 4668 8371 2666 18378 13708 18973 12793 11814 2045 9652 11156 7347 7690 16956 17062 5151 5021 10914 13181 17791 5511 10303 8517 15300 17521
4611 7801 10890 3910 14168 10924 1577 4642 1144 5163 17302 16519 19278 6760 12639 11726 17396 4667 4336 17354 15128 15471 6418 19543 13696 17688
17305 7783 7269 9975 13435 2411 579 6412 7893 2296 12267 1808 8952 6161 17562 2662 16287 9640 332 9 12986 9057 195 4316 10852 16961
5897 17524 4447 4074 18639 7266 6163 1782 13817 16540 7424 15432 7995 6642 14232 10775 16520 14181 5525 1139 15464 603 1143 1232 16904 17105
19960 8371 10520 10762 19558 2265 18814 1637 7233 12638 2130 8427 16780 1676 7761 14831 6421 11502 9529 19877 15914 18830 9460 11527 2875 14335
17762 16577 17397 3804 979 10439 13058 18537 2234 14397 15351 6700 17619 18175 353 11895 3650 3520 924 1343 8755 1995 4164 6540 16206 12309
5219 17842 6136 2006 18653 3551 1217 12466 4493 18363 9789 9973 12391 18437 6248 8975 12923 16032 10727 14097 653 4627 8803 368 15788 16489
10942 19787 7611 12555 11105 19054 1526 4793 8106 1724 6068 1108 11457 3661 243 15015 19461 3165 3330 5590 4606 14088 17739 11269 2104 19367
9620 1683 17548 5589 14452 5562 11773 11147 5463 12712 4246 16261 13944 2125 13210 17703 13214 1864 11182 13701 11048 19667 13493 14469 4191 15184
12177 7111 15434 6920 15478 9581 1660 19064 18232 10365 8481 10026 11659 10928 7480 7475 10906 11446 4481 9628 6308 10688 6116 4379 2212 2469
8932 1839 7863 17167 5194 18787 7353 1810 8936 7096 1997 13471 9898 18082 5504 2136 688 7149 17308 17992 19890 14657 4918 4940 12696 9371
393 1638 11522 5803 13083 14591 2779 16492 17130 10275 2891 16820 5848 16721 11533 10336 6805 9744 13589 18915 11320 10807 724 12767 19168 11888
6264 18198 13479 19791 6779 8414 2205 17022 1059 2024 7933 8142 5883 3187 9134 1368 2372 12500 11823 336 13335 11522 10552 10020 6168 800
12758 8059 11612 7297 8780 16622 362 8837 13866 11541 6085 15773 11194 153 14016 4571 9736 12664 14174 7948 3254 10167 1334 11200 7897 2321
10929 490 9076 14657 5734 15095 18016 8869 5388 12277 19767 15536 12731 11675 9265 17833 7522 19063 3513 5916 13528 6618 9578 15015 17868 5949
299 5156 16620 8861 1989 3961 5875 5628 16304 12673 19379 10078 7159 6944 17039 4091 15062 16541 16236 9655 18385 13056 12653 11126 9410 6831
11668 12520 11709 13263 4547 17356 6235 7307 17091 7268 8118 15724 2677 11814 5000 7184 17376 6651 10336 17142 10275 7686 1100 14062 8086 16768
16782 8485 12180 15514 6580 8901 8625 9421 17435 2795 906 5622 11580 4232 13307 7280 15940 8674 13928 16829 3873 8933 7080 3169 7132 12936
19882 19652 8801 12138 7892 16503 11187 4909 8913 17458 10612 17022 3214 5804 3128 19165 18881 16606 11071 4962 11466 1977 1329 14877 8880 2153
12210 6181 9339 2636 8723 51 5492 6042 18989 15106 12577 839 4309 4172 16247 6004 20 13487 10333 4321 4777 19067 373 17565 69 8672
7197 8262 5023 10659 1264 16644 8731 9464 7337 13174 1628 7911 757 11604 11543 6613 2650 2459 3576 2054 6355 1519 6228 5508 1112 14052
15320 5520 5958 13464 16580 12495 12350 14514 16031 4376 9580 17855 15044 6683 14889 17289 17070 833 6927 11945 12796 8690 179 16564 4984 12476
18151 17138 16027 13813 12446 10236 1716 17584 7642 14441 15946 13354 89 10884 16868 13315 6069 15513 8379 3092 14331 1929 7002 6097 13958 4969
1688 11729 5263 1262 16152 14329 18034 12692 1690 11211 4814 16684 10395 3194 18282 3793 17456 16147 16405 4246 14031 2024 4998 6189 14444 14471
14051 4401 2999 3068 5189 17489 7177 645 13965 11479 1116 15093 7571 12649 7420 19005 16221 9390 5246 8153 12580 11823 18882 14749 19216 8940
2757 4432 16194 2453 10262 4468 5783 19539 9481 9299 7711 1202 9544 12478 10505 5001 14735 15403 8892 6770 4207 17531 16101 15086 6733 1288
9966 7145 18000 18799 19424 19578 17272 7715 7548 8843 1221 13963 11475 17575 15068 4743 222 10225 9920 14928 760 9922 643 18997 11324 4833
1082 19845 3638 10744 5723 5502 14163 14286 3486 15566 539 12650 12831 2944 677 19344 11442 6095 17241 10030 11332 6807 7973 4056 10150 6029
4970 7769 6839 13946 18444 17612 3016 1283 1884 1989 19025 14637 1663 555 10261 5708 11781 15392 3506 16954 17218 16316 479 18277 16927 18636
1634 2757 7228 894 17253 5393 12294 2466 8986 3379 16501 8407 12609 13647 10933 6033 3384 5057 1191 8933 6795 8698 5093 11534 5967 16894
2546 4898 14284 3768 10435 4108 17377 2212 1515 5121 4800 14950 19600 19701 5305 9694 1730 11937 228 15531 9482 15385 1376 15865 3301 3787
13688 17352 3722 9508 9316 3282 4434 5003 1592 17409 19616 11892 16127 16535 4247 10798 11420 12727 16357 15660 11488 8950 6030 18046 2389 10601
10682 3227 14070 2492 6521 15362 4067 10692 10501 2823 6007 1072 16095 3930 8116 17160 5207 10095 19893 5932 1576 9605 4062 19118 13605 17613
16883 11676 3907 12266 6784 5808 9987 5966 6880 6159 16111 1142 13573 5672 15117 12130 13911 377 1101 6752 16624 15794 8460 7338 207 10907
11360 4261 8181 7982 16775 13665 5486 19541 16319 19501 19600 19503 4627 5060 4068 12791 6348 1747 321 16858 2708 454 13377 10583 48 3767
5149 8196 6218 18092 11546 15380 13088 2973 12026 12606 19717 13703 867 17881 1190 8399 11134 10636 7383 10097 10201 3907 16328 12824 9696 19123
11700 12898 12584 5349 12363 6367 16909 2088 6311 5228 12451 19510 11329 17877 16972 12696 7647 10042 16512 18082 16981 13083 15396 7781 15350 811
10584 2001 6382 5863 5060 8262 17776 640 15195 10085 2896 8903 11401 13949 562 7763 8178 9210 9432 6933 12820 16793 14951 738 7151 219
15462 6400 7074 269 6470 3329 5489 62 11607 1213 17423 17357 11186 1227 19761 10084 16661 19922 19770 1902 4536 16758 12706 766 1419 13445
12715 14704 19729 5273 18734 15273 9042 14095 3807 18933 8138 17248 19746 251 17697 16036 3223 8043 767 10778 8 7732 7370 16141 18859 5922
18943 6130 14475 9435 19653 11385 4792 7136 9678 2460 10505 12667 10542 7994 14129 2792 124 5882 15887 11661 851 9263 12672 7352 12192 1142
12191 717 5415 8568 13100 1481 11385 5338 3581 10619 14474 15373 10476 11851 2039 6986 7871 18208 4607 19682 1539 1752 12156 11 18166 16685
17182 9236 309 5871 3925 6217 9562 9969 6131 8558 5195 5806 12889 6745 10227 16049 6477 7499 2843 1837 12125 11217 5133 738 4556 9526
13636 16773 17232 18354 4282 14361 16983 6971 15281 5777 8778 6536 9427 455 19082 732 16918 16992 8270 11986 4975 16332 5624 5101 15555 18581
6796 14532 4948 18385 237 4797 10301 931 4721 17651 11153 9327 11249 12779 14626 14659 4802 11805 7716 4683 10831 16704 2673 760 19078 8796
8733 18769 12545 1270 10567 5398 14542 452 14550 5852 10719 15329 15678 14825 19227 8965 2359 19753 5837 18322 10945 477 436 1192 19333 5884
12306 6227 18762 1977 1650 19578 36 9385 16821 19730 12143 19342 10538 10118 15276 1336 1565 7375 776 4801 1832 7611 16964 4252 184 11929
11880 18951 15199 16171 483 4644 5243 1458 7477 5019 14058 7787 13683 3795 18111 9220 2679 344 14923 655 3501 3240 3778 9640 13941 10215
16302 15157 3303 14368 18572 11013 2132 19687 8404 16646 2792 16883 211 11987 14727 16573 1026 14325 664 5157 723 11568 53 12750 7524 3885
4056 4078 15872 2289 13978 18183 10804 5421 11082 19313 19873 11159 8357 376 19016 11549 7888 13074 9891 7789 11903 5577 17551 9841 6674 17690
15206 15400 5785 11784 16900 5019 3575 12367 19994 19429 206 8474 14081 1327 17439 2354 13338 7721 6063 4182 6626 15019 8541 8457 1013 1792
10871 8635 10844 13078 10655 11226 14491 2464 8172 4191 2319 4168 11988 19721 1086 3555 1620 11884 14217 13301 18878 3235 231 6424 2868 15193
16548 4667 12829 5158 4913 7722 12236 12152 13430 664 3494 7234 18877 2254 13282 179 12011 13296 12328 1837 12789 15798 4914 12709 11952 8416
5028 3917 4951 11990 16380 1947 9901 19360 11672 11131 13687 13691 8101 8797 8762 11407 7773 14977 17443 4837 19538 10329 19233 5349 4939 7891
7491 18484 15468 982 3255 14412 1920 11871 8438 1771 17807 7551 3846 13444 10660 9978 15222 7328 2018 4263 13182 15154 6100 10398 10128 15905
16959 12732 11062 9644 7980 17972 16927 15893 8194 345 13584 9992 14052 14790 181 9594 9810 8132 867 15624 19212 9568 1677 16294 11254 7479
8190 2558 4120 17294 6266 2352 8214 6063 12931 9742 7062 14700 6460 17519 13543 14262 2096 10766 794 6864 18814 4070 5152 5896 10641 6703
14028 8905 5326 14757 12780 531 14236 9616 410 3674 4551 6841 10051 14852 15991 19519 2541 3690 15696 11939 17235 1844 3049 4879 5221 3736
6502 315 30 4574 894 5038 9320 1378 10666 16804 5647 6953 19209 10099 5867 13418 16097 6780 4327 919 9721 3478 12835 7972 10432 10960
12022 14295 7317 9887 11321 3529 6104 19531 5008 3344 14133 3933 6391 17665 15939 14799 9252 13675 8805 4367 13118 2256 3792 14411 8513 18924
12909 18438 17386 17042 18382 851 8752 3479 2947 14662 17489 15797 9319 2873 189 12706 18617 18374 11674 159 15751 5484 2441 11673 10273 10576
12185 14512 4028 12315 10864 1742 14303 10146 7020 2940 18392 15805 4543 1752 7257 17472 15872 2217 14987 12393 18 4463 13411 12975 3594 11402
7748 14636 14676 2556 758 15599 11339 5664 4086 14804 19192 13495 1224 9969 3447 9791 16306 4225 12510 11477 2880 7162 19765 10725 2076 18381
4151 6335 6124 1114 1451 7267 14658 5488 7024 7110 17109 3424 1778 16223 18994 8871 2815 3967 7074 5691 17330 3506 16038 11079 16485 3551
