365
26 91 11 61 84 73 75 39 81 45 57 73 39 33 62 34 47 9 69 93 18 5 86 81 48 47
15064 3471 4307 17886 17263 5919 1779 2522 809 3969 16541 9457 6973 4056 3369 13896 2448 262 123 2721 7985 5259 914 17980 14258 16520
2123 15649 10531 11060 18744 9013 5766 19767 12196 10208 14389 10467 17437 18697 13887 16370 17522 1855 16282 11221 18237 16336 14053 17901 5889 8532
6393 9861 1843 19143 13198 15658 5281 3785 18268 5079 18393 18316 4209 7390 18301 9868 6715 5841 11453 9454 8898 12457 3935 11655 1721 9885
16358 19826 161 13602 3979 18492 16072 12992 4273 755 5078 13330 18828 16595 2688 12293 10292 19682 12372 417 2636 9952 17933 14049 3327 6392
1303 5107 17900 2531 2831 11970 15764 5510 12424 13095 6814 1611 13180 5387 15266 14417 1998 14943 19525 19760 12623 7510 2771 8369 13681 15419
3680 7688 11757 15968 13348 10272 19553 19064 4712 3242 15767 8473 12838 4221 17784 11142 5211 11451 12917 12023 5933 19545 8550 16934 1832 7638
5307 943 16868 10128 6812 2117 5651 16695 4319 14453 7455 10053 11067 9746 16286 7105 14180 12648 12125 5478 4477 19681 456 2839 15619 8327
16387 11505 10383 18318 8072 17230 1439 14015 8743 6218 16369 19204 15710 104 10444 10937 12404 15644 10243 19325 4223 1724 9955 13195 9243 3852
13434 15963 18557 13202 18109 2697 8886 2285 64 11902 16638 18319 4960 8390 6859 5045 9116 6896 15955 12709 11755 6594 19838 7539 8295 6061
4635 7248 17663 3454 8947 1119 387 9568 3212 13627 18718 1589 10217 2800 1657 8944 9552 7440 15923 7735 11220 12486 11961 812 5900 19786
11113 17069 17946 34 253 12483 8116 12587 2340 9103 16253 15571 4112 12448 18682 535 3007 8339 3061 610 14444 18156 15648 5565 8636 8387
15474 8627 8040 10930 9810 14364 2251 19890 10766 9750 17609 18512 1268 15516 17839 13072 4122 17948 8120 2101 13463 1868 18666 10937 18624 18274
11740 11705 1053 7212 5699 16271 94 1100 5264 10315 14726 8934 11846 2870 17181 1536 12646 8416 3523 10252 13699 17835 14972 1482 792 5906
6388 864 13090 16166 9864 3062 12429 7483 8100 3212 4382 9058 15684 775 6612 10376 11277 8615 11216 17131 16104 19988 2121 5082 6146 17724
6873 13521 14434 8100 17468 7262 11228 8981 2040 11869 10017 6446 17875 950 18194 1544 11890 8647 3506 17865 1142 2662 15634 7224 4015 10949
8092 9334 15976 6404 12907 1573 12170 6553 14151 2896 17586 199 15176 9549 4112 9492 3160 5021 9185 13281 11999 12623 16860 17430 9928 14116
8728 1588 16585 9793 5746 6855 428 872 2574 2797 3002 18617 2544 12637 4365 2188 9342 12893 14918 14162 17929 11856 5649 9470 19502 13494
11170 9876 3262 1139 14876 10469 10723 19383 5598 3723 10223 3073 5965 15707 5930 14169 8926 17869 16551 5764 11366 9835 11608 4218 12007 1886
11518 11661 17011 1254 13145 679 17386 6531 5467 4302 2123 3022 13064 14599 8694 3918 2550 4935 15620 9194 12160 3823 5400 14908 10737 19673
15527 18842 770 5673 19469 1464 15566 7165 8442 13637 9692 4847 6902 14650 10842 18435 6157 16036 12648 2009 10633 12922 10348 17130 14826 12359
5302 8115 13289 7057 19621 1424 11585 60 12033 12384 3703 7635 16226 11860 4058 10429 9490 2999 4668 8541 7140 7290 1485 7337 13652 5901
2091 12561 9776 4395 17636 16771 7916 11860 5133 12517 7855 19315 10298 9147 7821 6461 14466 15089 5350 5418 13148 16135 8274 8197 17683 2479
18367 17468 12289 11264 11920 13047 12033 17456 1193 11145 8444 15223 15823 17328 7992 12740 1587 7261 12091 13445 13067 3366 7174 8643 15386 13147
14590 7721 6248 16120 5814 4968 18086 310 1770 16177 7575 14177 9297 9128 17576 3180 1943 1670 15550 11997 13063 3309 19064 13782 73 15937
6346 8586 8987 18184 4801 5241 18089 18271 13456 14277 992 18255 2983 4791 12911 2839 17550 7523 7947 13636 1790 3953 16266 19784 14322 19746
6443 10670 18836 6255 394 6889 15006 12392 12117 13724 10539 8703 2834 16719 8650 17302 2174 9674 15173 15754 1123 16828 14503 10348 6192 16925
1747 3666 2098 12458 8200 14300 12570 7262 18323 37 10978 9562 19857 14793 12490 17765 3533 1800 18769 18423 19227 8792 17459 5397 14118 12869
1353 12850 7402 15110 5508 16620 2656 2255 10320 3717 5132 15372 8491 7216 8796 6710 15043 12418 7791 14768 12104 3434 9364 7008 19837 2533
17695 16911 12876 18142 15843 9735 15246 2692 6780 708 10373 9509 9492 14042 16297 19377 3053 17880 2293 19308 2575 12306 6314 6469 4414 13377
7781 17150 12897 10038 4104 4730 5817 7894 3007 18394 10260 8511 10141 5495 6917 13474 1094 17467 11699 17163 11193 3396 8506 10509 3448 18912
11225 16809 13623 11632 9302 10842 1132 11980 6944 16740 14287 16043 10992 10874 18247 12761 6330 19931 8457 10190 5894 600 5330 1959 12978 13294
17886 6636 14207 5763 12226 14800 14963 18110 2083 17572 12678 15045 13278 12323 13658 19583 3663 4462 7733 8999 13505 5096 2529 620 10990 19338
11976 9252 11824 3414 1833 13218 13152 18175 14270 17861 11554 12120 8655 19752 8566 586 6750 18096 3884 13662 14482 15838 19330 8564 2806 19279
2242 13316 10345 16653 12876 719 18065 10879 14475 19059 11855 96 5103 9274 12013 1111 10915 8806 8171 12390 2852 11551 19052 15043 17670 1285
19302 11554 4057 6709 18342 5778 5675 11797 2903 9713 14625 1001 11921 2911 3889 9141 6480 6264 15717 7509 19589 11253 10823 12549 3808 256
6942 10453 14998 2817 16076 2391 5157 5312 16077 11910 9315 658 18639 3717 16362 15077 18240 1333 9539 5568 19830 14938 10553 47 13029 8698
4355 18509 3785 12359 1119 18955 5297 15399 19644 1289 13524 14742 16405 5999 19513 17003 10646 6599 19398 12036 10851 8261 2376 7494 19095 9066
14428 11764 4744 17284 13805 15766 1761 1238 10659 5197 10963 10368 18239 15140 5466 2632 16284 6714 8567 18273 16444 11108 12243 5716 9021 19015
10650 17491 19783 5756 12252 4051 4213 1289 2567 2133 6974 6336 11262 19954 3572 12831 6226 16397 10296 18377 8641 17215 3395 18362 1250 15891
15145 7244 3564 5350 18661 10069 4923 3237 7775 17590 3433 19940 18631 15805 1015 9593 19518 16698 9756 1882 18832 14374 3404 10824 19715 19173
832 16109 20 10661 5634 5225 18540 2524 19017 11511 12162 3278 18793 19545 3153 2099 14010 17585 17349 18379 8549 14046 14047 2986 3852 9126
15966 2200 15987 14876 9572 10077 6838 13844 5337 1699 1951 10541 3174 7236 3098 3967 2356 17512 11875 11557 3991 12188 4366 7691 1966 13097
8024 13676 9685 18956 9562 19321 1005 10014 14731 9933 9612 4770 4185 5723 2415 11933 4995 533 13590 1061 19621 3310 17912 15535 13080 8705
5406 4892 4733 16483 19412 12911 12033 13655 16762 8177 17404 11062 5186 17702 7839 17055 4833 17710 5416 7362 12782 19494 12385 8964 4937 8729
19302 16649 18261 1676 3900 4597 6430 5610 7665 14318 7459 9873 10407 10955 19727 13260 5022 16165 7380 3217 15954 346 2947 5104 11847 12793
9613 9308 13488 18237 9642 13171 285 9790 9811 1118 13748 377 19596 3322 10261 16954 4646 17805 3576 16088 14745 602 11894 7410 3876 6660
16839 2337 6317 19413 13316 999 11851 4563 8284 2373 11560 5345 13657 4068 7376 7252 11607 3956 7136 7098 9686 11899 19610 18502 2931 14292
5711 15755 1726 11631 1248 2641 17162 18057 18120 3600 5368 5124 11764 17056 1212 15291 19868 532 14063 7858 5212 19553 3366 547 14036 15559
13210 10854 9095 12963 15707 11782 12142 8087 34 15380 4783 11286 14689 797 15288 6306 1427 13730 9072 9904 7533 10062 14474 945 15537 2396
18013 19331 14605 8505 893 445 15355 1765 850 10749 14176 10567 1100 15057 2729 19461 514 4636 9349 4101 985 7409 15683 509 9714 13016
11082 13701 6154 5900 12598 17910 11568 12000 15880 529 10898 6050 17877 2866 13899 14257 1708 4444 8171 11469 7285 3774 12355 12837 11166 19568
15017 11918 10961 7103 2518 6873 17696 968 15952 10559 236 19282 9215 10329 12832 3075 1737 17701 9950 4619 9874 13344 11129 9673 6797 3757
379 10621 11012 16565 5951 13398 16864 540 5700 14061 7886 9935 15866 12045 12885 2987 17534 17948 7115 8707 13343 10809 6613 1047 3409 6896
17464 8385 8784 19589 6564 9866 6842 10042 4283 5940 9235 9075 9257 2556 10148 4120 10100 6732 12367 3007 5055 10747 13962 13181 1166 3205
10429 3603 9894 2036 17670 12868 4201 19724 17135 19316 7205 265 15184 14211 15688 4337 17328 8162 19760 7786 6491 11328 4288 17303 10071 19528
4708 2392 1692 15179 5475 1897 5563 1458 14068 394 14313 5035 5932 5467 15482 13972 14245 4651 8692 3203 5998 18310 1829 14430 17496 1801
6921 14560 5302 4244 5831 8521 11516 295 13579 91 5484 17425 11273 1766 619 9493 6597 18424 13313 14678 16760 15360 12515 14247 9554 1410
14904 7581 6347 13240 6076 2863 18885 19557 18607 9918 13642 7181 9870 7940 9733 9497 1046 2208 14124 3937 3828 4301 16290 18489 16983 17940
6927 18718 7218 16095 16277 4234 9389 3207 10155 220 6272 6106 7870 11867 634 10909 2130 16217 14920 1543 16479 2728 10987 7082 15424 1132
9107 19002 4095 19877 14778 1765 10873 6674 8753 12805 4930 17421 572 10852 2961 15746 13860 6066 931 603 8849 12997 2095 4786 5619 8455
1436 18112 4299 8363 5157 11931 19116 14503 19362 7263 8397 12028 6686 5131 11211 895 11002 19204 3367 11629 6958 17954 6547 14940 12542 2570
4762 8099 10975 8251 14146 6419 12194 15281 1418 17027 14641 6806 9950 2419 2136 19162 17756 16672 5352 13842 630 10048 6226 19715 6401 7715
11637 7146 13345 5748 6550 17346 18836 11199 3759 14188 18666 6715 12923 10844 3475 2470 12282 6700 10901 3243 2003 19975 2094 12227 12436 6040
13303 17952 12623 7871 13787 18124 15845 9295 17280 7706 573 14300 11072 4442 6640 3492 15959 9024 485 4513 18699 4682 4024 16396 1242 18947
15157 6152 12902 6303 18000 7155 19346 7002 15020 15337 3579 12998 11024 9392 8266 6189 14161 1449 3792 16665 18358 18146 1312 15705 2958 16224
17428 18552 2601 11176 7235 8150 6940 11932 4782 9929 19132 17083 4125 8956 1179 7057 12645 4639 6554 5872 3377 2121 6233 11058 15092 6349
19586 11024 8242 12836 2212 712 11767 10997 5533 7198 10689 18316 6885 16198 4253 11968 837 3771 18279 14988 17134 9686 6621 11518 13649 16473
1905 5076 19514 9019 1930 13331 18557 17784 5634 2847 14474 12063 914 17093 8091 11632 17554 7218 17334 8025 2153 4047 10945 15920 18464 4355
16526 10829 8459 12531 9771 4180 5082 5285 12717 8010 13008 3512 9410 6560 19880 6457 18410 6344 14402 17306 2623 6439 5478 8775 17218 2815
16265 18865 17668 11047 3532 3100 7218 15053 14164 6240 4994 15343 10765 13891 13063 15697 2758 8184 2297 3163 14643 6683 19145 8909 1919 1837
2895 10602 4219 7037 2265 12464 2920 12790 12259 8973 333 2500 13875 18398 13468 15788 4805 13492 2261 17578 3515 18821 368 7022 7946 18198
4178 18271 14507 9461 17800 19401 14623 12326 8089 9191 19709 6289 16385 6749 2094 16131 6602 1816 15213 1725 438 9542 4579 18223 10942 5295
17311 10332 8369 7901 5097 13485 11736 9317 14696 1569 1919 17577 6819 15180 19280 10352 18963 8347 14492 5955 10209 12741 19101 25 3251 13594
14387 1131 19170 3400 17276 7258 1085 476 3599 1785 12593 1066 14777 9553 18110 13208 7333 4079 2645 13933 3296 7089 4119 5344 13954 4605
8964 2964 2009 18982 7953 14507 12617 6815 9387 4588 19923 9192 2469 14418 953 13958 13886 7614 7446 3489 19500 5853 11928 17690 4883 16612
3642 8366 12196 19313 12439 17629 19008 11309 11213 18890 1197 18199 16850 12123 16743 16614 7315 14049 18502 4814 5552 18261 17758 6868 9224 18702
16763 13538 707 12920 13092 5196 14086 9227 11830 10255 16395 11390 10971 3531 12186 8457 7569 2455 10938 13767 5023 1513 12859 3109 17044 3940
16598 16278 15700 3727 4761 2971 6002 11122 13043 17479 16026 1352 1500 15368 3909 14169 19238 14930 19816 2947 15309 6269 14937 18707 3161 10952
4454 2072 12089 1998 8669 18952 2049 2210 9051 6284 16184 11586 11753 6582 10443 1461 18373 9346 11003 7696 6650 14207 2886 6953 11106 677
13161 601 5454 19690 6729 3888 2463 13324 15628 6280 11690 6375 11964 1270 9385 2531 1764 3470 7402 11756 16790 4724 2140 9797 916 3496
3853 12144 19606 13499 2816 12031 13626 17079 11084 16483 13390 17724 6908 15860 12155 8744 5535 16584 17945 8066 7661 5566 18661 4991 19657 10464
14124 5919 15456 1881 3569 4520 3270 6466 12356 13852 12661 7308 17826 6257 6190 14584 5778 10197 10006 6 2246 19985 34 9726 10866 10386
9953 208 15677 9401 15692 6943 2939 18492 15585 15821 2326 2977 7773 6806 9739 12845 15140 12963 1344 16268 7085 11002 8236 10806 6314 5858
4550 4266 8035 16415 13551 10346 402 17243 19795 1898 13540 14631 5441 6917 9344 3628 10511 5698 14907 5906 16637 10659 5130 11482 14574 541
9766 19410 3692 2097 1186 18472 17216 12941 9065 2076 598 11862 11527 9184 8833 7993 3348 603 7135 18303 13514 3124 17417 12228 1162 19857
8039 10404 2292 5365 14452 11039 2318 10918 11252 10702 16214 3514 12924 16290 13058 18682 18499 6351 17008 10431 1909 13686 6357 19416 16603 3859
17429 4427 11014 1386 3278 8840 17504 3094 16786 9793 1886 12340 10793 1861 13007 5727 1057 3178 17554 3150 13365 2361 11000 16676 14481 7960
14780 13757 7303 11387 18640 8647 569 3767 13089 9431 17736 4535 16654 3077 13843 8515 17369 11125 7991 2859 2981 8060 19339 226 11836 5603
8514 986 7431 13087 10479 2326 12263 14375 17445 19305 2790 11792 2710 8969 14926 17485 17603 8482 10942 16525 6333 12273 10818 1109 19342 3111
16524 8061 5307 10403 11848 10909 7608 7332 12080 1162 6673 13045 2767 16524 6529 13250 17471 4785 3482 6418 16615 6139 4938 9287 15574 9063
5688 13633 2168 14574 6677 13925 3173 15245 8793 13341 17944 12210 18338 7757 10574 18513 13604 18016 8970 11607 3770 15122 13631 11325 13153 1129
11724 5177 16029 11869 13936 7708 11994 18459 2567 9224 6457 7632 19084 2442 11011 11120 9359 13046 16677 13108 4429 4873 6511 19217 16844 250
9461 4458 11848 3913 3708 8808 8694 8741 15650 10049 19705 10187 12841 3349 4667 3774 12626 14676 14625 11318 19636 16174 15436 5545 6488 12983
8638 8702 10768 11768 8337 9998 9402 1264 19840 17562 5533 4893 14967 6053 8159 12711 15263 8117 405 14197 581 19713 19223 9192 310 10132
4608 6820 2689 1652 15173 7995 5648 4404 9637 15564 19321 4739 1840 5815 419 6267 709 16514 7076 4204 11545 16886 11211 12285 13773 8072
13009 13135 3202 2483 1087 4741 4302 7592 12392 13009 17458 19559 4607 7834 17974 10614 9995 15757 5006 11824 9631 4335 6699 12815 18437 12845
10386 15113 16750 9657 18239 14457 8378 15859 16349 10694 4 12155 17934 121 1029 6897 7807 18396 14769 3924 4133 19957 14880 9076 2894 6810
15531 10221 9373 17490 18332 13422 7244 18578 15433 8786 6056 13159 11677 9147 8507 10864 6672 17870 16283 14909 418 18739 5800 5354 8778 4503
10254 18625 11827 6624 713 4948 6235 1253 10494 18728 9133 16447 6294 16264 18866 7294 16858 656 13848 306 19861 9487 12988 5321 6674 10749
1877 19655 16151 6882 6542 15333 11067 1777 9678 18823 1789 13370 14556 12594 11600 13094 12833 14741 10700 332 7748 4459 6936 1804 18339 6732
1129 5924 14360 17854 14407 3839 15823 4940 17083 17064 3033 19504 8143 957 2968 3816 12987 15363 16472 3648 10965 12075 6353 2950 10190 5385
18988 1808 18014 14749 12389 9442 3782 13545 18568 9599 3296 13421 13849 10587 18605 18588 14308 19610 14261 6913 17871 13501 7771 1345 16548 8733
1541 3685 11805 14726 8685 1540 692 6869 15569 5270 5106 15789 2260 14039 9308 765 10332 15420 19455 10928 11642 12705 19905 4046 15865 2826
18346 18097 7396 4667 14464 16485 14391 6017 3483 9670 19471 11777 8507 1122 14878 17859 16321 16786 15503 8541 6674 18984 5564 16027 12319 1073
681 17162 9773 3921 13687 13406 826 4692 5439 18826 5241 10761 15924 18839 14534 5375 4133 4983 2579 343 712 12188 16091 7459 9989 13265
16294 8053 10077 8146 16686 15430 1248 12117 10957 6053 14671 16928 262 12027 9184 679 14248 1867 12555 12360 18393 19956 6046 10433 11848 2057
17468 13294 1973 15337 6367 15801 11031 4181 13315 19554 4743 5533 19191 11776 15684 17039 1342 954 13531 1969 11863 9429 9519 4089 8828 5134
2969 2691 17841 13276 2498 5198 16345 404 8752 3922 4201 2185 1817 4896 18147 18767 12318 13815 12337 3261 18705 11684 9661 7498 7187 8389
10309 16025 10375 18500 15427 1946 5821 14614 1066 5416 9378 18778 2127 16281 11453 5267 6194 7592 2834 8233 4449 1359 1775 4759 3803 9039
11187 18477 2015 10626 2332 11872 6581 12626 19517 3097 2720 17983 11164 3099 3602 6075 601 10837 14238 15535 15068 18325 13479 4179 9763 15613
7946 18892 4146 5357 13678 8957 19328 2694 2026 4795 7032 5872 2226 12765 13028 12642 19833 16011 3247 15737 8582 15576 12774 10648 15430 10216
11691 8626 11824 16732 6298 14473 3593 6424 15521 16029 11277 19295 15590 17186 6356 18066 18304 13574 18417 14019 6993 12237 17634 6292 271 11944
5626 5483 8911 699 19770 17642 19627 14969 2084 1776 3719 15124 10561 6264 12346 13052 10600 11738 15903 1227 9206 12468 2857 10960 17376 11549
16849 3023 12872 412 2499 12434 15263 4945 482 12163 5077 10215 5334 10412 8770 14719 9584 5195 10784 2784 16542 2377 784 7278 5654 14523
6151 857 6787 15177 8039 17805 5645 10597 1756 4173 3196 17297 18147 11311 2742 6628 12395 17021 11876 12434 12198 12347 13136 14577 4030 3226
8714 15718 6783 16807 13049 15374 10344 12500 14268 13970 7594 6748 6818 15225 4829 6943 18539 11174 11687 9665 6335 14684 2402 3062 3421 2354
9285 9218 7209 5029 10903 19514 18055 2218 311 15820 11811 6543 13674 18227 3700 17015 4450 12394 11723 17869 18350 3145 494 8055 19583 11958
18003 3975 6312 3974 13106 18965 9366 9805 17662 15277 19856 15273 9956 12328 3966 4513 18190 2669 13758 4910 17972 1699 13656 18625 9446 7498
12361 4386 12033 8388 13021 1636 8074 6641 4538 10213 16772 8322 15028 13583 5036 19223 1079 14302 8314 747 19295 6824 11321 14453 14091 3073
7533 13800 9252 18676 10744 12325 3657 2533 868 13081 14166 11221 9050 792 16588 9534 10172 11016 11774 8018 8 12731 1723 15969 1401 14490
4124 14969 10410 5529 5974 16067 6740 13159 2080 5112 12712 5378 426 18182 16315 16877 1130 5699 15759 13087 19813 15748 13004 5038 8231 15214
301 14296 857 1519 16595 4925 14894 9076 19492 15955 19710 17203 144 6099 16813 9396 5499 15708 14287 15315 19854 19601 8666 5892 15333 16281
6438 11675 19206 17219 3527 13071 3096 1279 5287 8648 9755 863 13620 10858 7946 12673 10219 15490 11577 2744 850 15663 19841 13861 11769 19382
18687 3143 7240 6203 12057 19381 105 6213 6825 19148 18977 13498 11325 15480 972 12222 16923 3538 16104 17289 9192 1440 4139 3275 14128 16418
16941 5919 450 3597 7413 14601 7617 17370 10573 12862 7697 12915 3086 15213 1547 1279 9044 2603 5782 8013 2529 18181 14825 13671 11343 12849
243 14433 8509 17395 6514 19218 16266 10014 10192 9261 851 19694 2564 5678 10177 8468 16602 2671 8268 11238 14368 15093 6804 3677 7970 9927
13586 230 4399 18289 10425 11906 9095 10101 2320 16237 15995 9247 19804 6733 12179 11515 3835 18634 10308 4357 7845 15997 1623 12844 4517 3914
13297 1382 5612 9998 18075 10737 7867 19507 11957 10933 16812 13221 3040 7174 11137 8042 6579 3849 14015 8699 16037 6096 1109 11766 15653 9395
11126 18608 943 17865 4542 19212 6952 1113 18345 9040 9961 14626 9854 1086 19345 17543 11549 4034 7900 8727 10785 13228 4 4046 18068 13656
7934 9640 9039 12731 18040 8076 13470 15562 2460 6954 1174 6773 769 907 6031 11240 14713 15711 12491 13880 9459 4356 1657 17264 8733 17576
1578 5197 5214 19298 11818 16197 14983 6389 13428 406 17810 5743 5010 1415 8377 2508 13935 4788 873 4444 3399 11385 10915 17745 18480 17168
4838 15118 6367 17501 7962 14914 14065 1795 6154 2542 16732 1164 2519 6480 66 17485 2345 19624 2588 7648 8289 1585 757 2875 14895 1702
8154 10699 16346 18686 3933 12520 5101 17230 6846 11721 6981 8327 387 4688 8563 1242 3297 15679 11196 14680 4392 8830 11153 6469 2450 17086
5945 18613 7718 4116 13878 18144 19683 11633 11806 8239 1973 14752 8377 9946 380 16893 431 8600 2086 14596 12758 1913 11824 370 10454 17257
794 16875 1587 6612 13327 17207 17466 9680 14258 17406 12825 9910 6405 4863 15601 10443 15273 18308 254 5901 16871 2006 14185 15742 2981 8782
6940 19660 1885 8198 2630 10343 14361 12662 12318 11518 2220 8857 17942 3886 12506 957 11983 17429 13939 4160 11538 7391 16278 19820 12070 176
6233 15942 8442 14382 4071 5493 303 16956 7327 14708 14927 15602 11174 13777 5873 10409 13271 8313 11891 10216 12066 19594 9402 4384 17654 16337
4751 8745 4052 10544 12105 14479 3914 7633 9560 11105 10042 1606 15089 4362 16246 4446 10197 19077 11818 16842 10871 11102 16392 7457 9210 9527
3647 16560 8241 17922 5037 18745 7256 10609 16946 18622 14462 12396 9937 11000 5757 12971 11865 273 7618 10989 10295 17081 2527 544 10317 19664
8437 15994 19082 2266 438 2313 11963 7428 8167 475 10600 13836 1141 8803 7574 1945 9986 6369 13173 9905 8987 2428 8433 16883 2734 13659
12861 16513 17846 5378 17601 9902 18881 5803 19704 15168 1951 10170 9419 10828 17002 17586 4087 9885 6447 10466 18397 14092 12946 7472 17037 18266
8969 12989 19643 15340 11505 7071 9180 5743 6235 3667 15945 2936 18905 15231 8874 19655 14487 4334 8493 18769 11988 18652 7595 9707 17053 909
7427 11727 5381 15735 13004 5210 5944 912 18015 12252 2870 1881 6664 5803 12624 5039 2207 10807 19354 19927 6213 5302 18634 19756 1289 15161
7386 14120 15169 14236 4187 11473 967 17255 11021 9547 11497 14240 11103 163 15211 17788 15009 14188 2993 14921 18895 2639 4582 17278 5554 4526
3936 1587 10907 6558 15710 17585 12473 2891 283 60 11073 18141 2514 7468 12499 9739 5278 7334 929 2669 9249 7467 1135 18490 17387 15748
9926 12760 19055 14630 8232 12824 16533 13940 13706 8201 12816 17804 8310 14351 19474 8557 18514 5020 10955 6028 3596 7384 17182 19934 17606 2725
11643 8520 15610 15994 1589 11512 3366 19929 13333 1313 17652 12780 18737 1550 6527 904 1237 17083 14569 19099 15599 10499 10084 17425 6771 8027
13164 11939 6271 8151 5354 19761 1853 1174 10938 12541 10062 8892 3431 19751 7992 2274 14587 1989 3467 13380 13171 2454 4012 4251 16827 2491
4883 13582 22 15401 8850 4911 5989 2886 3100 5299 10287 2814 11689 10306 3564 9324 2226 4624 19548 2862 15132 6501 7558 9371 19972 10797
8795 18793 2115 11322 9433 18000 3543 6171 11221 15032 7793 6088 13511 13481 17451 8273 19687 18895 13573 7499 11034 2193 3458 14242 7421 14031
9141 19935 5414 19689 11353 581 11052 3923 14483 5069 15517 1925 1936 9450 7759 16628 3396 11112 13046 4460 18439 17384 19872 13220 6159 8406
11262 8863 11207 16191 4558 18891 19066 2122 1761 17784 1032 14425 8959 17283 3539 8107 18703 2118 11434 5519 14752 9608 10439 4207 14463 6755
704 14632 19336 1702 5294 5816 3719 10669 5333 16382 316 6984 6979 18253 13496 15234 10710 6947 16228 3228 13982 15631 5335 16419 5836 19684
3273 195 9205 8055 5145 7266 13061 18730 17881 9765 2919 10597 15600 5874 3885 10924 11486 18323 17405 13082 4098 2643 3473 1333 7618 12942
11902 16183 1071 2402 18097 7283 13595 9567 18394 17752 7793 19729 16658 10590 3240 2068 17225 14066 4673 12332 1026 6358 507 11544 19508 12669
19206 12631 3469 13986 16105 6257 4089 5468 9074 15506 3808 10355 9225 16236 16557 4402 11249 11465 18095 5619 3805 1243 2122 965 14206 15026
15723 6135 1726 1785 6941 19337 14289 8659 4381 5515 17988 17138 8134 8273 17460 11871 999 1635 9377 14751 16941 14152 355 3660 3426 15257
8288 19342 10103 9698 15397 18020 4584 9732 11985 17010 979 12590 19671 18017 677 11193 9644 723 12636 13038 18770 3016 12703 17461 16836 2873
18124 14874 7081 3961 11630 12829 3790 10136 9597 6242 14484 5797 1131 3734 13167 2370 13079 9483 11991 11026 13664 1124 4178 13328 13803 13848
19247 9704 3503 1758 10337 16565 9505 3065 3591 8577 3686 5037 10834 6393 5502 3853 5792 18427 19060 4548 1403 651 19657 3166 3109 11505
11929 2685 14056 10604 699 10078 424 16442 4304 13617 1010 4974 6923 1936 12434 15737 13239 14961 18674 4435 11081 8577 5358 4087 4919 8329
14936 1569 5958 9278 1148 9794 18042 7665 15603 17623 17385 8775 11766 9419 18257 11331 4296 18272 12312 19362 17051 18124 5480 7403 12520 7024
9246 16232 3335 13171 15703 1921 19779 9398 10125 2615 1228 178 1525 3576 5755 10138 12610 18081 13955 1329 19992 3307 18664 5868 15934 16626
1817 11797 14585 17737 15689 7267 7582 12231 10985 778 10676 19999 8371 16793 11222 10606 8688 8072 8833 6079 1722 17784 15028 7019 16779 15068
408 8693 1458 15062 14980 19017 17255 17466 17811 18304 7358 7922 19852 16808 9529 14163 18387 6158 13884 12929 7851 17134 19840 731 10497 18965
6106 7170 17753 11808 12293 3250 8389 18882 1499 12431 11623 1792 12756 13115 16038 12000 8870 891 963 12717 10921 9812 16441 2296 13343 3818
12700 15050 10738 15112 5171 5882 19377 8811 7558 11143 6195 6968 5242 12460 3465 2701 12089 16429 11244 7844 17951 18957 4291 11748 1209 6092
7571 8660 19574 11365 11169 16228 10874 6231 6774 16316 16185 10758 9356 10729 7734 6515 18088 8703 8706 12118 15855 7998 13763 16784 16165 5683
11437 15035 4847 5061 684 2684 19837 7019 2204 16321 10129 1423 6739 2874 10140 2018 5799 9464 17938 1981 16414 19146 2841 10014 17538 3064
5390 8162 18552 12920 4379 8637 6201 2310 18865 4798 15531 9848 16419 4595 5338 1812 8793 15439 7080 3842 3464 7475 10613 247 13399 13766
16252 8407 3480 1311 11397 9779 12134 18219 4464 6461 8758 5443 5058 14736 14646 8132 3951 87 16367 8609 19408 11010 17295 11581 13351 19474
16724 12532 6925 19353 2628 6346 6273 7212 16670 13245 19145 4665 19737 559 2704 12784 14966 8672 10061 17654 14 18088 3055 17538 13319 2451
14372 7142 723 14781 1726 13643 10337 13439 10944 11851 4831 10198 1824 3677 5744 5696 16925 6820 19533 8626 1342 953 18076 14580 1096 6505
18922 1212 2905 15748 18783 18122 13909 16833 16993 1586 4280 2044 12114 2726 3400 2672 1308 7677 10347 2498 2572 11411 18158 16961 6081 18310
12641 5183 3333 12497 7931 10497 14762 5491 11651 4149 928 12173 3240 6039 4482 435 12565 13897 1338 10937 14352 17224 1122 11769 2863 7550
8291 11577 15958 10376 5718 9248 11008 6116 11749 17670 12615 16827 17779 16205 19959 15442 8844 19147 476 3666 979 19586 501 1142 17823 11276
16635 7958 12130 12443 8481 15185 5100 2082 15868 2891 5187 14851 386 18595 353 3391 15112 4266 3750 415 5609 14055 12169 395 4572 6197
19663 10176 18412 9718 15374 8073 2895 14022 2884 21 11783 10092 11627 1622 16390 14832 7287 11229 10638 2161 12886 14065 3882 7385 7997 6583
13796 15841 5575 13451 223 2187 6829 2777 1170 8504 14904 14921 19489 7090 7629 11768 14301 12018 8087 15595 18692 5396 2679 9590 16072 3687
3711 345 8151 19527 5164 11446 4431 7586 17919 14577 14526 10254 17293 7936 1497 5651 928 12265 8840 10482 3389 15636 3826 5627 3683 1980
13198 7067 7749 11097 7485 15511 1988 18405 4114 4640 17695 16507 19863 18117 12472 3901 2485 17868 9144 3278 7180 3708 5663 1199 19205 4496
6282 9203 11280 1311 18255 19657 728 18163 8727 14984 678 13694 19581 3014 9408 9273 402 15507 11770 3178 9973 13753 14161 5224 13698 7612
12073 11356 9780 10830 4086 6047 19163 12351 17294 3212 13007 19859 9835 15286 16763 18969 19131 877 13717 13719 4655 12969 3542 17115 3024 18079
11216 8629 16344 8011 13771 4048 1877 6650 4794 17433 6911 9248 17966 13607 7740 14796 8140 7061 13184 17041 4790 3162 1254 8773 602 7748
8734 17609 18399 4234 14995 4464 9158 17862 4335 7115 14003 15071 19206 19108 4009 16228 5360 2548 13274 170 12869 16526 3541 19045 14159 2265
4067 19082 9816 13819 9947 13722 1651 6537 3586 6261 12433 4956 13249 5558 2402 5476 15988 16860 15449 19531 4796 19120 17460 18950 7865 4431
10657 10413 18680 10224 13791 2588 11481 12095 14868 6008 16021 11382 12769 963 9220 15426 14617 5726 814 15697 15925 15938 15661 6146 1771 10064
781 11444 3408 6808 5511 1615 6715 13724 11831 6009 9415 17361 5716 1326 17065 14769 13918 8303 9099 1142 10960 14371 679 15801 5715 3883
4360 9702 8001 3090 6861 14249 6191 2638 11879 2562 8243 4653 16738 9935 6942 3855 12492 5656 2782 6683 12379 15934 7198 6331 9791 6597
248 9317 9521 1711 8834 19208 2669 5095 3264 9023 4076 12713 17192 502 9162 10171 1952 19081 2048 3710 19345 635 18495 13879 14311 7793
15305 14958 8014 15042 4494 17745 12434 6481 6573 15263 1223 4802 9637 16089 3396 16707 13651 17762 1254 16313 18880 6720 8102 6239 6406 10797
10136 18413 7941 14959 7001 11849 17810 12624 2081 18708 11360 16885 11074 19632 70 8367 6668 5080 12035 16863 14248 18662 3849 12802 4592 19527
4178 19183 8286 2456 2430 11567 9108 10560 5744 18844 16978 4527 10730 14515 17649 5205 16372 15110 4700 13425 9000 10127 10530 14038 6079 18657
461 15006 19296 6386 2848 19336 14043 1325 12339 13061 12867 9790 13367 6681 9803 8477 12999 16282 2972 8685 18533 14477 1149 19414 2044 12011
16459 11350 2181 8115 3556 8888 8072 7375 12389 14383 10011 14367 17962 1838 9157 14087 14082 14409 2786 17977 15874 6689 907 15322 19145 14761
11379 19651 10426 9652 17719 1666 15670 9780 3667 9399 9051 19129 12315 10668 10177 14481 18587 4437 7901 3603 12301 13366 8272 2090 3878 43
620 18671 1114 8422 13772 19995 15877 637 15178 11268 6180 1335 7427 15382 3069 5891 9478 11202 4728 7639 8278 10243 10320 10768 6601 16576
11073 13542 3893 18528 19653 4029 12665 6184 6881 1274 5783 6671 4157 7194 19634 11944 4208 12294 8898 11802 18570 16585 4926 19822 19404 1078
11746 1750 5171 3752 3414 565 2665 13167 14143 13554 2893 14137 18576 1104 9374 5654 11261 5927 19237 15717 13149 10543 14375 17896 4568 17570
302 17845 5057 2863 3362 14303 13757 8119 18665 4184 856 17701 3752 17434 1162 17377 6260 3067 15752 7256 1121 8051 39 7418 14249 4174
19083 13047 13157 11911 14356 7732 3136 1431 3830 7658 18135 12100 3403 4330 4229 18858 9105 17490 895 3041 5781 16021 2199 14274 16081 8372
5003 7020 12733 2382 13334 18867 13641 10867 2937 6781 15820 9979 19056 15792 9389 8396 276 19995 15854 18879 19971 15212 15012 6076 7320 4953
4775 13846 10816 1524 13960 18665 9766 4710 11681 18095 19592 17759 17726 7057 2033 19475 12900 11059 2609 4980 4786 7107 7341 18009 9033 17566
5114 19650 3171 16647 17918 18322 19000 16785 14322 17939 10288 19626 17754 8517 10743 4844 1725 12036 3692 7739 16277 14928 13754 11473 13426 2178
18409 7323 12305 2870 16081 5194 13427 19393 6366 19638 17847 11365 8242 10240 6751 4375 6485 7820 18081 16350 9626 19136 2156 6024 2058 8059
9705 17288 14432 19745 7211 13626 17090 12921 15764 3077 17558 18753 2126 3530 10931 13078 19742 13016 5402 261 4695 16767 19566 11613 13993 15170
9645 2331 19290 15794 9758 16142 12136 9264 6951 916 10396 2080 5997 2860 4748 14708 5291 5039 2527 9920 13932 6728 6823 4921 13875 15644
2835 6460 6995 396 3864 3393 9838 6707 19388 9454 12320 11728 16594 1461 8444 4038 13912 17518 526 1171 5810 9902 18215 12381 14368 18262
19686 7024 8294 15511 2268 2828 9017 11302 15304 8811 6548 10685 7686 14270 1037 15248 7520 1641 3507 7924 994 8129 3053 1125 11545 10801
19187 689 1795 12534 2603 12396 1919 10910 7063 6231 2689 14053 18172 11607 4347 2992 1938 10354 9079 3880 12972 4279 10345 10073 1542 13965
4043 493 10264 19639 14346 19742 3961 9064 1145 2591 5634 17715 19542 12813 14906 5931 12775 3899 10274 14657 4656 18135 3716 4091 10255 19503
1841 15947 10817 8080 1556 757 11565 2546 12595 10791 10981 2755 5739 15423 10834 6155 2713 362 13763 15002 15513 4200 1461 2508 9818 7469
16531 18314 6242 14911 9608 19978 6705 6935 13064 3298 7677 17241 16704 3505 5909 8664 9286 12054 11228 14264 14307 18535 4054 13491 15518 11491
3330 17540 19929 14 10854 15998 12507 9985 2670 16859 5824 14344 14567 11235 8509 3775 15363 678 16216 13214 16739 8011 330 11232 10424 8837
2470 18926 10718 16579 19576 2382 4042 18079 10417 3332 1369 11032 15905 10542 16784 4839 5714 7588 8985 7771 9279 6959 5594 8131 8759 295
19009 8403 4399 7852 17219 1313 4518 15663 7701 4257 3783 8844 10468 4711 11756 18744 7170 10336 15802 19073 9226 15471 16967 6860 12418 1282
19005 3198 1747 5269 7484 18925 6402 14971 6844 7220 2274 6704 7042 11629 8433 13003 8954 9502 5382 8498 19376 15857 1703 9572 1160 16922
13538 724 16859 7685 2465 16944 6907 18497 5914 13528 2215 13239 5552 7813 19833 4380 1557 11952 8659 18459 9587 14088 5005 1712 16154 19804
8032 7029 17352 8606 8808 15253 17631 1787 18213 2171 19401 8000 19717 10675 19843 14372 4737 16690 13883 12001 3087 9678 15763 8698 1954 3392
18807 12961 13030 10064 13323 3691 8069 4029 11265 18357 11362 17167 10416 18185 7452 9395 19882 961 8158 18471 13284 12882 3870 12685 15023 1546
15975 18908 14803 16522 3204 10341 17896 17929 17745 11448 89 17492 3547 2380 11866 13941 15165 17752 898 3210 8184 9557 7976 14361 5452 911
3618 12775 5980 5774 6591 6902 15549 5024 8776 15066 17158 16270 14475 1943 15270 8365 16087 4596 1983 14442 9150 13505 19144 10525 5549 1241
13719 11557 19880 5791 18991 7154 15249 19461 1400 7902 17989 15405 3193 19228 19410 4832 1792 19434 10680 2480 5128 15401 1379 846 6786 19253
18600 4541 13355 3024 6314 13195 10188 12493 7869 14570 16318 1492 18455 16099 11504 17898 14173 8601 17326 17751 8208 14923 12028 17126 9652 19196
6363 11935 3739 7859 6986 13578 12756 11863 1184 1192 13546 8581 4695 9279 15451 3303 16881 10703 8592 14884 14497 10773 10716 18231 4856 1787
15791 16892 18402 3852 17251 9081 19403 16272 7986 10345 18836 527 7160 11360 455 16539 664 2233 4882 1477 5708 15175 8734 16085 18997 15663
19685 1153 12536 12464 9671 9220 7190 11965 16969 10747 18068 8694 19226 13651 6626 16190 14235 8514 6085 19168 7804 13973 19207 7257 2181 1684
1694 4398 15967 5872 14674 8753 12326 2068 8007 19921 5298 6309 5528 13021 8370 19353 513 3912 6527 11419 727 11381 12980 13081 4582 4976
14007 17493 1468 11764 11550 11293 17863 704 14748 653 556 9184 3456 864 12602 14272 9769 3588 17632 5510 19460 4927 8883 10787 18028 19552
7604 3484 14414 18013 5094 16694 5051 5300 8810 14259 8968 12971 1738 7930 16104 5533 1276 9003 736 11784 1899 5041 11593 6305 10892 1968
18014 3867 10637 6280 8494 2543 7991 8839 1896 12408 3872 19868 16766 1400 3014 5906 13328 9316 12901 12204 8669 19586 9462 7587 11746 16213
4078 9718 17595 18248 15211 16980 8820 653 6155 2139 1243 19755 9010 11976 4388 18471 884 1344 5285 10771 7084 16287 17800 19229 14759 19964
14638 19537 8792 13204 2015 13861 15902 6383 10346 19254 13520 19249 15115 6606 9034 7860 18095 7384 8323 12417 12366 9133 15878 18464 7005 8944
1296 9284 9525 13675 6064 2730 13903 17810 15180 19109 9473 7598 13173 16858 17454 14115 16569 1916 834 1827 9606 15620 15603 16996 15452 3104
19920 6643 9961 14005 11452 14100 753 18518 12021 12846 17849 13394 8522 11175 8539 18631 19403 3806 18682 12758 7443 13267 1499 2411 4673 12491
1043 15062 18864 17839 13409 12436 7311 6969 15402 3027 15064 3338 2471 18220 13769 10905 11900 3506 16824 17485 13225 19548 754 14216 403 9476
6999 5914 3601 10727 1633 433 15862 3725 221 17522 4 14042 3348 3156 4578 2506 6154 5558 18677 18594 4399 5430 16550 14768 16645 2549
2698 14815 14106 12278 19007 10125 18977 11215 1781 2944 11228 7347 5935 12325 8656 17794 17779 8986 10404 8377 11466 5217 12003 5421 16716 9895
16336 11863 14863 3447 472 2616 5153 15739 5392 17903 321 3090 11859 16834 14778 14214 12298 12312 5143 3978 13577 13531 3070 16654 17685 4728
18033 13972 1570 2403 7554 18286 46 18879 5576 12058 15659 12256 13796 14004 10853 7110 15393 17285 8887 16957 1445 2200 17897 15315 16226 3836
16277 17334 3190 11993 16799 9005 996 19532 7409 4746 9137 16301 19806 8178 6075 1333 6096 10704 8068 13307 5199 16830 14403 13940 8710 4956
13778 10773 434 1959 18001 639 4414 19768 5915 12848 8162 14697 7984 339 11886 2444 18304 2572 9494 10909 6797 7734 11206 8531 802 19958
3453 16312 14501 6389 3960 11923 15884 19968 10529 15341 17989 19992 17100 369 7640 12022 13260 3154 6220 14923 2671 9352 10046 15221 10094 7193
16804 1499 6602 5856 782 9469 14980 15895 16899 11143 7803 255 16856 3514 8692 18508 10698 4104 3335 8604 13000 123 355 10201 4431 9843
6990 11120 9682 5234 16396 9687 9537 8484 14093 6316 9439 6518 12656 5523 8995 12008 19043 468 16621 12463 9836 8858 1124 2377 2247 2132
10707 118 1282 12121 12033 2871 8112 2147 7694 10601 18357 4443 18555 9428 10947 13760 478 2930 3057 1020 3970 2474 2349 3266 3465 1809
6220 6849 13168 13262 15043 15533 13574 5903 10495 9886 18147 12781 15815 15928 2043 1509 4895 4671 18267 8674 7689 8260 17789 5893 11518 7881
19625 16035 17693 10277 701 14286 15777 1834 16267 13598 18798 11529 721 19348 16192 19846 1768 6274 2064 16165 9353 13491 4978 325 10642 18403
2637 6691 18094 5217 7379 8767 12799 1574 7253 13328 16589 18014 18591 16857 10973 3940 11658 12092 11901 3736 1920 1824 3302 1152 18641 10166
17416 19993 654 15306 6938 7813 14504 11883 824 1373 13266 7347 18424 3404 19953 11862 9158 18073 6463 2695 9315 6965 4490 8448 13885 17696
19401 18420 13270 17351 1615 14098 3803 3135 13498 2860 19763 8708 12539 9101 14095 6951 284 18843 11598 15226 13659 18135 3651 418 3381 10648
17857 409 1594 7272 14959 8855 12795 11642 11112 17384 11539 17906 1452 6633 14465 3295 338 6876 19116 16901 9843 2108 6182 1574 5678 12683
15252 18596 3269 1220 6707 13951 16819 4168 8660 12594 3186 13929 8638 15380 1262 19202 6402 9733 13043 9601 17150 17496 16074 3657 2806 7767
208 8267 7616 14899 15106 16401 18993 14384 3969 13125 15619 11695 7293 8508 16830 18827 10805 5747 3721 19852 18485 15320 13156 16873 14980 6314
3889 16379 1066 4733 5605 17060 15549 6465 5974 3509 132 9586 4043 12150 4185 19534 6365 11427 6054 4482 286 3362 6264 7652 18009 10513
11918 10922 14567 11028 7174 10346 10884 8817 19423 693 4761 12692 6409 17246 13323 18743 3115 10270 511 1595 8672 12989 3338 2628 1665 6298
16048 12298 960 18628 8829 15327 3241 8468 3939 17050 744 19587 13593 14710 6139 7855 7776 9556 6949 18949 6068 18803 15717 8467 13923 12598
6012 9833 2811 17120 18686 15439 16733 7018 8195 9769 588 16363 10621 8205 13190 4630 14055 6343 11224 15902 6011 2854 12063 10184 16649 2768
7833 18694 14213 17002 6022 55 7559 14375 10909 190 14928 3928 11792 8194 15562 2116 15803 6511 16666 1171 18930 16674 14910 36 1350 14969
17590 2079 12835 13555 6780 13360 15355 904 11458 10026 4013 16172 2542 8204 11247 5554 9268 388 11904 10704 12341 3897 16650 4592 19933 13996
16520 8844 7089 191 1405 12480 6971 18447 2760 3866 10184 12493 4321 4420 10348 15527 1908 19549 4876 6128 5974 511 2292 5548 11030 8391
6041 11795 9134 6487 19469 1283 5087 11276 17990 6442 12224 19127 4010 8693 19576 10395 8480 2991 10512 11062 5240 17970 9893 289 2133 7233
5305 10869 16351 9757 14436 16621 6082 5606 14098 14792 18978 1599 2644 115 10423 1866 4304 2684 11147 17731 6610 19205 3827 7257 2872 6219
2353 14349 13363 5244 2331 8989 8155 9047 6235 16486 17769 19026 10619 497 15079 10218 13018 4411 10760 5502 15729 16531 15334 1656 14519 15605
17251 15154 448 18705 15199 14237 7885 3330 18676 13815 1715 16489 17748 7265 12179 9986 15397 14383 2315 17107 14436 5961 18000 11278 10300 12211
7333 3454 7413 4378 8395 4295 11525 1286 16777 13933 1682 16804 19284 7419 17322 19252 9976 11324 6645 6772 9949 3167 10681 18269 18125 6118
3875 230 12428 19995 9997 6452 777 7983 19549 19404 11417 2988 12656 3348 2945 18076 16683 13140 1159 18 1173 14826 16617 4802 6723 12684
9573 17445 13542 1718 17398 7942 6470 2398 5960 54 13925 2339 14150 14840 904 18810 3690 14950 15307 4971 1173 7322 16239 12100 15922 10863
14221 15099 5866 18025 16702 1879 1512 3174 10189 200 4290 14737 43 151 3851 13505 17692 14314 18560 12827 14984 8966 18140 16587 15561 556
11065 11966 8838 19107 6303 19904 17291 218 9783 10149 12455 14212 18685 7225 1249 13180 3259 19589 511 14056 18093 19473 2738 17434 9997 12568
9931 16367 12512 10390 9890 18414 18173 10146 19145 10111 4175 4505 1180 15718 10333 209 11750 10946 2740 19086 18896 19620 3112 14967 4002 10185
7008 1978 2025 1022 11206 15637 3401 8589 4955 3221 7860 13777 7633 1819 8264 14565 11977 5097 17181 12694 2390 13381 8160 12472 19500 7093
17766 2961 14174 610 7699 11556 1796 5537 17561 17793 10670 4136 13549 19063 4114 17965 3389 6393 2432 1759 2076 15476 4665 15160 12375 16628
16604 9624 4488 242 3642 1480 6107 4077 19941 18068 10970 18484 6821 7838 6335 8290 1978 4881 10950 10847 3419 13966 3059 17898 10453 3212
6188 4202 4520 4315 6040 5774 804 3991 2466 8305 11083 15471 15365 13034 13803 16568 9952 4857 3662 19107 10725 15722 10158 18398 18166 2464
16999 6784 10661 10713 4559 7330 1473 10370 1512 6401 18785 4689 11128 19882 3167 13237 12353 19138 1772 5105 18097 7217 9097 5361 1602 13740
6755 904 584 14394 11764 13195 10413 8034 9831 12831 5870 16155 7487 8988 3579 13331 391 15620 8070 13370 19994 2392 13350 17072 3507 8362
18277 8383 12981 18400 8519 18089 19172 17687 15096 19852 3069 12144 9454 7286 16066 11133 2929 5272 7244 2713 17280 1534 13039 13746 8604 2707
769 10753 4822 6271 7307 19010 12294 12287 4738 2500 15884 13378 12423 4736 18837 3696 8023 907 6703 12249 3407 6964 4015 13424 13937 851
8213 963 14444 14390 2239 10971 9748 9235 1022 15311 2760 14729 5095 19617 6807 19134 274 3763 17450 11304 3923 14014 9979 19870 6512 10434
5621 1259 6016 3396 3907 9179 1572 6003 4412 17511 6881 8245 5344 10400 14620 8402 6080 11238 9926 5407 7267 14092 19843 14943 2579 829
6326 3212 3033 3945 8727 5036 4173 12267 2706 7417 16906 11989 13587 10007 18306 16159 13320 4056 6876 1874 19559 3267 1297 1480 14407 7340
13109 3993 3380 10867 209 7779 14741 11939 10346 5631 4578 15539 15545 12476 8664 12318 2975 9402 4899 1955 13930 8483 10258 13185 3539 5059
8348 8768 18064 1274 5182 9255 2188 9082 15988 6611 440 1001 8888 18351 6568 2304 5528 11325 6308 16157 10252 15197 3324 14679 7157 16382
3293 10830 258 11982 1995 7624 13474 12990 10511 4291 1485 11299 12067 16992 18354 18957 1244 541 8267 18681 3185 13588 4053 10202 13768 1333
12244 15405 4466 4323 18774 1379 3684 2573 7749 6671 18166 7449 5532 7891 8303 5947 918 12316 345 14962 1201 423 6920 5588 3817 537
3707 1604 7822 6071 8194 18516 9920 4890 18539 18164 17106 13278 157 6967 19196 9196 18222 5594 13066 18875 8811 5774 15117 10648 4151 14415
18588 19675 16489 8124 5871 10074 13252 273 1047 7909 10987 3934 11807 5295 6350 1993 4690 12536 18471 5183 8062 9587 407 4214 3166 19268
12410 3736 14481 19242 14660 8572 18070 11855 2850 14483 11155 1245 2801 14849 7982 5226 19384 15162 12557 10372 2133 5529 5485 9760 2863 13298
19228 4155 11907 13022 1112 12560 17672 11088 13680 12108 2599 4656 7654 12067 5902 10872 12677 8219 10887 4442 16177 3178 2114 2024 9790 14464
10027 9775 2947 8450 7742 4884 1832 2209 884 4187 1834 1726 9295 7131 19976 29 9092 848 8204 4863 11619 6329 9831 11562 7032 6307
15458 10726 12553 2864 8435 15148 10731 16675 3546 18250 14821 12200 3353 16868 14362 13184 3474 15768 10508 9349 1445 7765 817 8357 12312 904
12349 10336 2903 11891 15178 5360 13520 15320 2488 14969 6785 10742 7277 9848 19731 7477 5939 14946 7339 3832 18557 10963 10249 3900 9501 17732
8227 15415 13813 419 7222 9627 16158 14785 10054 10638 2482 18825 7113 12408 11950 6636 17403 3621 17413 17517 15222 12003 19700 4323 13542 8730
1117 79 9083 12729 13294 15764 12462 1392 7308 1453 12865 2712 9214 15805 7632 6755 13563 9536 15922 5638 14181 13326 12329 8088 407 16584
5312 14976 7161 17991 18611 7341 11260 3306 11333 5931 16095 12364 11031 9338 8722 13199 1525 17190 11695 8039 17922 1446 4447 15815 7144 15476
5586 5729 1000 15102 9379 281 13291 5056 19805 12863 7963 8123 8078 18094 13422 9130 17308 15354 18852 15734 7279 3164 7988 2189 14745 4247
9211 2821 19358 13904 18846 6260 11091 11147 2867 9470 17407 3580 799 10284 1622 7800 7665 8364 9391 9077 6522 11345 3060 5440 4162 8826
19241 1930 13652 5061 17914 2708 4314 59 11030 3906 14980 13046 4885 11978 9129 12462 14444 265 12570 19155 15925 19359 11257 8225 5499 6802
1506 12301 2170 7298 1340 19501 13636 2056 10229 2259 17554 5897 8123 783 9630 9503 18779 17993 9347 18664 18695 15891 40 19361 15333 18761
15263 12988 11813 1748 188 6676 10492 10632 14640 2792 3490 10224 19301 11365 7741 10666 18850 11247 16681 11235 3182 19282 18213 9492 15517 18282
10688 16333 5513 5703 19332 3440 8555 11649 2224 92 10267 2213 7186 18096 2626 15577 2262 15139 14174 16877 13887 16234 11333 5998 6071 11721
8387 17456 17925 8801 12564 3923 18894 10226 18317 17470 19872 4467 1906 18233 13179 16573 13582 5147 16799 18309 9934 11966 5544 16830 2018 14697
14898 10590 1996 3443 8604 7788 16229 15778 7523 14027 594 476 19240 5761 13504 18273 4926 1451 19146 2929 15029 10419 7361 11439 13861 11883
3657 11876 791 18098 640 1282 1014 11880 6556 6416 3786 707 5570 6235 8260 13775 6608 17109 8672 17489 387 11555 5890 7827 11892 5847
17855 15143 8196 18381 14122 8175 14200 4196 2043 4198 6126 6458 7421 13786 19024 2344 6435 18628 18488 16405 13754 3194 4598 18530 14317 7347
13956 13563 5222 17443 17164 1398 650 2086 19070 14758 8286 858 1561 13327 16529 1303 15337 16575 12694 11043 6657 2200 15750 2398 29 5166
1183 8860 11221 14778 8284 8026 1607 19251 7770 8006 19424 5344 19062 15268 1700 13335 3205 7732 5771 13585 14447 1873 10143 3300 10317 9741
14072 469 11465 10575 17041 6328 12880 8940 16111 11615 4092 1733 4622 17194 10087 11892 2169 16070 10662 9402 3949 15872 8376 14134 10876 14435
16327 578 874 19352 17382 10543 1757 17945 16566 2943 5750 10111 4616 2819 12900 19475 10513 19312 17196 12387 17143 17648 10088 14461 9568 14494
6331 9259 17831 6654 17623 9037 18935 1095 10485 12807 12445 15238 7329 3083 16621 3103 1490 7528 9070 19937 15188 2694 4987 15736 4681 181
12002 7980 17654 7828 12646 8038 4800 15306 5392 9806 2822 17762 3908 5945 13474 15441 4573 16815 13502 10750 17197 11665 8505 17694 11894 13079
13712 12286 9062 15815 5183 5008 10423 15649 10026 76 19086 15257 16218 9729 14952 9500 5015 1179 15121 10965 12817 7870 9519 19337 12522 7079
6718 19260 16899 13733 10036 14084 12433 17967 9202 3293 16610 12019 7436 15049 3623 6371 178 16964 8010 52 12940 1206 4926 4060 11508 9091
11418 15753 17773 7342 3672 14348 3912 16904 18218 10168 19514 7134 2638 17828 13951 19262 15337 4321 1506 17859 2434 9929 7156 17339 374 345
2407 8626 17426 13891 744 11013 6356 11180 4768 12063 10786 13228 2144 6094 6892 16146 1589 5056 11411 9697 16993 5066 17700 4930 13585 12054
11775 9685 14269 14038 10070 9384 19801 6613 17854 7810 5345 10816 7626 17898 8032 10364 542 18900 7305 2760 6700 7019 13491 15464 14638 16720
16476 11496 3877 202 5346 9346 17138 15283 18636 5381 9481 9757 8900 18515 2688 4697 6965 9619 15218 1638 2643 11809 18295 15952 19276 701
13662 18653 14346 9614 3432 7197 713 3643 18477 14063 1588 12997 6974 14711 14285 13595 6259 12657 2239 3835 9094 9245 16471 12593 8971 6743
17606 7999 16591 3580 10059 582 6097 9902 9398 2047 7866 14582 8278 11184 1529 10289 2486 4082 15771 5646 7625 14351 13246 9945 4840 10606
7630 18018 3692 8634 7920 17923 14527 3380 18291 18030 16558 8559 5698 4683 4763 12165 1708 8835 17753 17641 2820 13088 18068 459 7185 3032
15988 11163 11065 10948 5572 3761 4363 11221 2132 1321 13307 366 12558 11861 1381 5492 18529 2056 6444 1133 13838 9833 12266 15181 1244 5322
674 15683 3151 3372 5978 18595 2197 5889 4812 14803 4177 3591 977 6227 9300 2554 16868 19481 2880 12590 16321 9955 864 6485 12292 3488
6212 6717 9694 888 1973 14966 8921 4901 14858 5606 2759 10705 15443 6952 17763 1574 6826 19855 8983 16123 1002 10024 12963 11705 6598 3168
12164 14766 15525 7608 10045 18430 12802 14453 18528 4977 15216 17876 3508 10228 11644 5570 136 10755 17517 3156 19963 19222 4826 7745 1162 11683
19665 1043 10654 7351 9595 11896 9955 13930 3438 17459 9694 10277 17810 815 13439 5375 10558 9857 10151 17775 14739 7307 15731 9229 12908 2851
11220 15429 10960 2432 7185 11029 14267 11317 2055 15985 9033 12370 6102 15130 11967 5572 18952 9591 19193 302 17134 1977 3163 1561 7513 14091
18591 7994 4328 18091 10744 9874 4604 18422 7448 19738 8861 10833 19835 2289 949 17684 18699 19863 9113 17765 1715 12380 2850 13607 6721 10651
16292 2419 11218 4329 5994 11602 14244 10031 1050 5645 1716 19153 3616 1964 17620 15438 8505 13871 17251 10412 1885 1097 16428 11710 4572 15562
13717 1368 5554 10274 6142 18930 13656 16042 18797 4296 5613 16745 12955 7722 6614 10211 18295 900 10683 5279 18756 10400 8788 11387 10557 13241
2298 8930 2947 3500 7311 6794 8342 11190 6067 293 16300 778 3170 7950 633 11101 1423 1012 513 15855 13158 3727 13595 11920 386 1685
9732 3027 1359 11558 1047 7249 16585 18905 10411 13424 10727 12564 19274 8349 7563 17112 4687 2105 4089 18195 10608 5315 18936 14710 10828 14265
15106 3713 5261 16068 18184 16359 14907 19812 11505 7485 2075 9998 5671 4634 5761 12550 10441 8028 253 10305 2033 14656 15554 19939 15235 10724
12410 7849 9132 17448 18109 1983 9217 1037 688 7276 10843 6971 3043 18582 15344 17114 2701 5954 13355 10992 16643 19302 707 11845 5349 14418
4085 7643 3404 8584 4648 4340 13231 1906 2109 4718 9846 10396 12865 3811 2108 12875 1384 1242 5655 7247 9323 19635 2702 5594 19625 3813
16189 8720 10596 7335 153 9969 17584 17754 19612 14862 9531 18161 17572 17521 17476 11444 6052 315 4549 1072 2652 2633 17254 541 17501 18046
4135 17145 7305 4041 3812 8669 1512 4095 7894 5613 1710 12060 884 6 15631 15668 10349 19602 7782 6240 15273 1033 5061 1563 4506 3203
13278 19221 8447 3407 4514 9621 19440 18311 8293 18027 8535 11556 15399 1410 11804 430 6819 2267 16827 19271 907 3944 18920 18071 19969 7077
8223 3081 9817 651 12436 11701 6732 9619 4385 12358 16563 14625 14743 9873 6730 2753 14919 15837 5456 17433 13853 952 16308 7108 10060 3869
4533 19991 16937 14131 8011 3188 18415 803 13577 942 15486 19246 11744 915 4536 18633 16199 11264 3107 10345 5808 6819 5739 19947 9678 16050
7955 9145 12591 4935 1003 14475 5165 994 8021 7650 11232 7881 4728 10526 5048 6869 8617 19613 9464 2009 16477 19848 17589 15073 17061 19196
12040 15661 16090 13869 4862 326 543 18878 9578 4787 16277 84 11544 264 2432 1145 5182 15388 10798 17916 2308 18791 11586 2977 17531 3629
14374 12716 8341 8964 1747 7676 10404 1443 13098 5917 1196 8091 15004 19650 14650 6726 11411 2217 959 11668 13652 8658 1652 14891 10101 1554
14822 4435 6459 803 12753 13360 19285 13004 18291 17577 2809 17366 7161 4320 4894 13463 13098 19273 2463 14333 13012 10346 8738 16965 6736 6413
2730 1610 10294 14276 9503 6711 19280 1056 11402 18360 2338 19436 6112 6188 1584 16178 17110 15440 11566 11228 5823 6987 2222 17360 5362 10592
13877 17575 14989 3940 6070 15039 4322 1112 12061 12801 18327 15874 7168 15769 4043 1584 640 15552 9470 1794 13249 11928 17653 18234 19266 5231
13582 2572 17655 5188 4292 3514 11071 11576 7341 12949 18626 12300 2357 1846 6454 6459 8549 9496 3651 9646 3958 2009 6234 1099 575 12378
14732 13573 17794 11209 6956 6708 4522 14356 8730 11727 2312 15405 7184 13997 1464 16273 9822 17797 9352 10109 7681 17732 16994 13262 3265 18628
9253 19433 7061 16642 7686 18052 4850 19291 6557 3283 19037 2083 16762 3425 15144 10369 13138 5510 7168 590 14253 18570 19535 17467 15407 19750
19904 14933 2400 14980 12214 1567 1570 14884 5838 8782 4336 19162 12027 1290 4026 10899 2091 11710 17172 623 18849 1006 6430 5495 11780 575
4674 10022 10364 190 6736 9656 5519 15684 13939 9117 7918 1733 15239 18122 16018 8864 14815 19512 13841 16602 9609 12353 13809 3760 18476 5632
11902 8701 14960 16185 7222 19744 9156 11909 2278 6534 8100 6462 2972 16065 17221 9804 12522 387 18943 7887 4218 7919 17309 4610 14929 19735
9445 6630 14451 347 8345 1668 5685 19372 14367 4283 1610 2885 18666 9765 6647 12003 19949 3345 6538 4759 6471 12278 351 12656 17077 16250
5036 17422 18106 14867 9071 2839 12013 8039 12811 10122 5224 14075 9642 18030 11521 14934 12241 618 1928 10276 19566 11402 5334 7972 192 15867
2176 1305 15092 13912 3031 2916 12285 11243 7800 7419 14636 3560 15808 15096 297 11649 19255 14304 18617 11865 9027 3928 10534 5885 11446 17633
17814 8730 12002 2520 2275 10444 17534 18587 11771 18080 7820 4915 7645 5446 12266 10451 4952 855 9753 2791 16499 8984 16728 15154 655 2520
8797 12543 2973 7822 869 5967 11941 14674 11983 11009 19962 13688 5112 1703 8337 12523 2566 8173 15146 8802 17807 14902 19500 12373 4641 9148
7983 4334 13894 16938 18023 2857 6469 7301 17385 348 11820 19531 14375 8157 14220 19065 17052 11650 10038 15496 15013 9418 5434 17431 18377 12698
10918 5842 17214 3758 3147 6306 12643 9307 7995 5472 18609 3343 355 4998 19070 19066 1604 2429 17307 10969 1819 1164 19957 12616 10815 18067
18605 16275 15484 16547 5725 7393 19946 3199 16605 2169 7731 7963 16239 7582 19069 1218 4693 11629 5179 9846 12304 695 1739 10164 939 5791
13214 19823 19713 16453 14302 11539 15826 4799 1362 19232 3739 16386 14410 14507 19025 12841 3593 10059 11073 6646 18169 2478 9987 5008 13994 16287
1622 4262 3771 16644 3122 19779 4739 19706 6009 11266 19976 17793 16869 5301 11563 12148 12962 15659 1200 7594 13679 19983 17208 200 18936 13216
2700 738 15924 1657 9323 4255 13744 18756 19496 16874 6264 14342 3905 15167 13467 14338 3069 13881 6309 8519 45 13894 2471 6229 3408 13725
12489 12493 1202 10450 5863 18357 16315 6188 10141 357 2567 16773 1974 13334 17996 9009 9378 3357 13654 13033 4763 7493 3498 12555 15327 4324
6959 18764 5873 3076 2879 6958 12185 15865 9319 14786 13662 4941 14923 6751 6631 8109 4534 10453 3030 7512 2564 13581 13557 12028 6640 8777
