365
53 66 72 70 71 75 34 86 97 12 72 66 60 20 9 73 85 80 43 7 5 3 82 81 21 74
5223 19855 5137 13485 15820 5429 3890 5072 15171 2236 14195 11873 13474 1152 8943 5378 5882 7195 19472 5879 7459 19928 4644 15762 222 12448
9389 9492 9407 3246 18658 17381 1829 11282 12348 4555 19909 19714 10053 10704 2382 3066 16225 16044 5010 9727 10485 4558 12024 7171 18430 17932
15929 7033 6057 10402 284 1481 2402 4559 17973 19692 11612 15937 3196 2947 6034 16634 10999 17683 3407 807 17193 3392 13401 13288 17980 6366
7290 11934 15119 13596 18036 10235 5620 6720 13392 19578 12828 17710 5875 19130 14825 2222 17797 11094 6069 10745 19314 6203 17107 13079 1245 2997
10041 13074 115 6184 6387 18401 4335 10397 15134 19562 2258 6691 14268 11027 5171 12545 12856 10228 3824 1233 16747 11564 9852 13903 16707 18029
319 19392 11997 17674 7758 10270 8484 9374 10497 18800 6253 10904 236 11159 4568 6857 13861 10051 14314 15181 15246 7060 14400 15053 8328 3227
888 8780 2752 3790 7793 15480 10669 15138 8375 6922 15959 12202 2015 13846 19598 3576 18556 9840 2626 8312 1105 1960 14007 1075 19718 562
7648 7334 1993 16087 3070 5410 11328 11714 6515 6648 14942 19949 808 6010 9070 8512 19322 1277 8144 1247 9967 9750 12773 18730 74 2799
2442 15086 299 4295 16753 5469 16346 6745 6233 13994 707 17821 4070 11067 19714 13112 18329 15564 1108 12414 14731 15332 19171 4724 17259 7420
5324 14653 13866 12403 723 19066 8418 18073 5196 1233 12323 16879 7439 7140 12294 10956 17529 996 13218 9871 13381 6088 13095 13181 16974 12875
12462 5800 9899 6982 8019 10193 17572 19583 17497 12010 17547 4664 11958 14806 263 18770 19837 4617 10218 8293 4789 17449 4076 18493 14179 15978
7085 6855 18207 11140 11573 5990 12278 14822 14854 16698 7206 14885 16539 4382 15990 8690 19416 12548 14997 364 11491 18564 3287 14296 3055 13064
13309 735 13463 8182 4173 16365 5612 9474 14807 10056 8105 13412 9455 11426 15149 10058 16191 19383 17361 14707 9970 2434 974 15959 9005 988
12059 11162 2531 18984 7839 15549 1946 8914 12672 237 12863 17886 1487 10753 11042 11426 8493 5101 12416 4249 7598 18747 7975 7083 14969 7344
16499 7289 1138 6272 10641 12749 4684 7133 16444 5725 13754 16106 14858 7767 15280 16366 8835 6062 12095 10574 15817 6326 6239 11483 12597 5881
6536 7179 17590 15797 18084 686 18518 13192 19573 3920 4053 366 17230 9767 9233 2512 12990 9530 13655 10624 3778 940 8258 15791 7172 14041
13564 4398 15671 4813 7732 16657 10390 16943 7571 14395 8063 9144 2665 2934 12013 2241 8670 15660 3388 16958 10370 18316 12217 10671 8043 11050
19036 7616 11112 6126 18782 3264 217 15228 18172 10066 6882 19919 17029 2742 8702 17824 14609 18666 15333 19119 4418 9650 15547 12246 5896 18001
1755 18305 3795 13458 4349 184 8566 4607 17407 2876 5718 14277 15681 4890 15992 8474 13708 5547 14569 6261 1621 13823 14794 9296 14041 16413
3402 8972 7293 19412 15492 15411 5371 8177 10213 15995 13172 6332 10319 10204 17767 5542 6250 783 7874 6898 8514 421 14241 13815 11520 7602
13802 19010 5212 2937 9527 19152 18975 12764 11981 14442 13723 5224 12463 6733 12162 1930 14728 8413 3008 9369 3880 4071 406 2235 9011 6423
16599 7796 18299 12054 557 18119 12863 6024 18207 9901 12647 17496 18372 11537 9819 24 17157 5982 17158 14881 13302 1942 11525 6515 11104 17305
5277 730 15545 19163 6367 18524 13071 9389 6120 7820 17416 18000 1550 7178 6490 1052 12597 6147 11813 3295 6793 11161 13703 14525 2401 7206
16437 15826 8767 17324 10716 7550 10953 4432 895 10097 1354 2536 111 7470 2099 4093 4194 1179 9762 5873 2908 6362 13345 17220 3226 5383
14373 19339 7952 824 11532 2388 17063 7322 6530 13125 11516 19510 18906 4770 11340 10311 13419 16776 17194 17823 10098 14732 18631 19171 2032 5927
12649 16569 9637 17820 7705 16478 6509 10485 12584 19255 18964 4664 17724 17030 3624 19406 10590 11577 1648 5655 7479 11923 4375 16720 18123 19983
8050 5582 6874 14740 2764 7181 4614 11279 1228 14774 10911 52 7967 10810 6657 10589 3289 18881 13711 15002 15157 12992 2404 15524 11268 436
15247 7402 6944 4367 17118 3676 13258 2995 12015 7787 9256 9204 9294 1931 7777 14165 8787 10745 15591 6752 5974 11668 6706 461 5267 9493
2315 19216 15880 5234 7282 1149 16280 10763 18221 265 12440 1466 13382 3770 9139 2417 16360 13920 18184 17659 10360 1357 589 10157 14331 1825
287 1794 6551 17164 7109 7381 14267 2256 15130 2744 3478 664 3604 13770 18849 19400 14002 3522 10569 5393 2270 15347 13290 8884 18490 631
8393 17194 14321 1757 16291 10906 5174 14343 11299 16361 11127 2309 3760 18605 5218 5800 1945 6276 14259 18111 6457 13169 7679 6844 774 13337
11180 290 16622 6630 8998 8623 4075 14064 10724 15430 4325 6326 13654 19011 4797 7426 10419 357 1094 13190 9282 17539 13190 6573 19994 13466
16834 9305 11890 1416 15921 12247 415 17006 18668 10216 7022 2806 17144 2806 17067 1708 8526 12670 16481 4832 19474 13677 18460 4232 7970 19604
692 11565 15942 755 13903 6619 10925 15051 5436 3197 10042 11720 7192 4573 16841 7290 570 3335 13576 5928 18798 17750 6929 475 10460 11525
6787 6845 17388 18261 4010 348 2930 17834 2795 822 19250 6073 16635 8780 16223 3873 53 6481 3524 15080 3533 13462 2033 19807 18132 13183
2819 7513 15617 1743 12944 11874 9430 582 8601 11402 1161 4324 17729 9345 1934 14431 19366 1027 5755 15634 13974 7052 18178 14623 16180 17468
9113 13662 2920 19560 14930 8966 12367 12792 5153 5472 14504 1365 17434 9051 19930 12473 5380 7399 7141 18739 10519 11212 12986 4786 10431 14888
3044 995 6657 7784 12204 7564 2667 2601 12900 16609 2066 559 4552 15675 16957 4111 15161 11232 10761 15882 4454 10940 17937 19645 19793 18965
4866 16034 2690 19053 19334 4703 8443 7374 18376 11015 1360 11107 3064 15475 3834 4216 953 11465 9670 10870 17783 1402 10259 10515 15138 15762
19312 14275 13630 12949 4391 11872 1973 16698 7086 19121 13907 736 3275 9421 2792 5649 12119 3397 15294 19654 3706 17966 15174 17772 1736 13968
2849 14050 12038 9628 5010 14983 15741 17750 19314 16606 3570 4512 442 19998 6306 10580 8535 16109 11419 1990 12423 10694 5216 14462 16996 3607
274 9475 7763 3949 7666 9956 15577 4325 12048 18339 7559 11437 10212 12966 14430 1248 17282 14249 11223 18766 18040 7266 12167 11576 11097 17772
14881 8776 13530 14186 835 14963 17070 16463 3850 13597 10207 3399 17271 17142 3463 18150 2487 759 17970 15415 10150 17675 5260 19917 9457 12015
14407 1219 5177 12003 1830 2197 428 11359 10070 10677 18173 7015 9171 6268 19446 12239 12417 10577 11036 10386 4639 7980 19027 10575 5911 17688
12566 18301 9765 10567 8009 9664 17930 14856 19726 19045 12142 16875 14237 3138 4923 4665 724 4042 17235 8097 5188 18793 112 5308 3279 8774
192 19031 14983 13908 10127 10092 928 3488 16619 15264 6061 16863 1217 5942 6503 12922 13076 975 19702 1725 7305 17497 13526 19299 9938 14631
16489 18114 19341 13216 6108 11495 19619 8773 6481 17431 541 18428 14976 14422 19431 11537 7524 10581 19503 13323 16005 14738 2410 9847 14521 19941
3696 3656 1317 9484 19149 8440 19512 4716 15087 1100 14625 3215 7357 19431 18810 6600 3491 6022 15410 18489 17800 5658 18146 2660 9895 14429
9866 5841 8041 19058 539 2864 10758 5336 10207 8085 341 19646 10100 11694 14445 5731 12833 3018 7110 3148 19704 2908 4892 2948 11716 15246
3017 14118 9447 13382 14134 9643 16525 12298 16074 13437 16975 9974 7958 4923 17832 2309 7617 14305 17272 17479 2781 14681 12123 3887 14853 17102
15234 14218 4062 9375 3537 7244 10828 12095 8099 12776 8338 4177 1165 544 1088 1312 13773 8217 12489 17278 5712 11144 15465 4677 7272 16911
8475 3974 19915 17209 19781 15893 12061 2622 11543 10502 9494 1809 8828 1807 9840 1258 11011 15526 18248 17887 2148 8932 12210 7168 6197 14667
14151 2913 12274 11165 4670 2620 12300 2675 14551 13345 4234 4563 11623 1943 3260 4240 15442 11759 901 15205 4034 6063 18196 7514 12652 11834
14655 16744 10177 2058 1726 6972 3218 11649 13152 935 3705 11257 9342 17154 5651 9436 16271 6535 10035 17601 7482 10270 7152 19212 7970 16776
12793 15869 339 1882 12207 14427 704 9545 16058 19371 9968 19290 15268 14270 18523 19704 15129 17847 6839 16132 13193 8990 7555 17941 15746 7443
10852 18060 5225 4133 16434 11178 7976 18604 5100 7562 7968 15571 9281 11884 2197 16823 6065 7220 13573 1251 11889 12484 1403 14968 13762 10022
17324 14131 6357 12819 14386 3686 3159 9967 15595 12318 10964 19547 17899 17037 3128 14326 19917 7637 1456 10996 2802 6388 1344 10819 13832 10911
17281 5285 8321 13977 14353 1138 15402 6308 2300 10529 12359 17497 13417 7051 19541 4922 19114 6026 18137 794 1228 10569 15666 10770 11350 7943
14093 18065 6045 2923 14812 13989 8543 14798 12299 3996 7406 10737 2832 2372 8592 1277 12430 16431 7356 15270 19545 12060 5469 7510 3747 3676
1663 5260 11962 8303 5570 665 17332 14560 4864 19655 19640 19679 7898 9953 13164 436 9043 562 13927 18076 17750 15038 16407 17968 5942 7207
7022 15301 8585 4955 12860 19252 14131 5492 14171 13390 3275 191 5459 10462 5312 9307 17183 5779 8011 2644 18558 19912 13081 14175 13641 17652
360 11135 5149 15120 13678 9050 12422 8937 4834 16984 6330 12850 11828 15872 14876 12031 8599 2855 3122 10059 18331 14749 17764 6289 2349 10785
18793 1630 17595 8978 9294 17421 8853 10156 11790 19975 5279 7496 6937 12845 2341 14062 3931 8651 8471 785 15235 14461 12016 19794 11164 5813
7775 16686 15300 7335 5689 15708 5511 17447 11353 7811 5611 955 8815 10906 136 5889 10530 13529 4200 14510 4757 12335 7815 10629 9752 7854
3241 8741 2354 2581 15964 17700 11279 6120 5553 637 10185 7523 10422 12462 8975 6201 4725 12202 16144 16135 3673 15141 17447 12745 9877 4659
1396 312 7329 3680 4995 2286 18601 1221 100 2383 7179 18226 18685 1385 16530 977 13413 16572 16062 5521 11015 13807 18417 15636 17307 8169
384 9269 958 12185 513 14095 19133 13270 3897 16347 6901 10038 8407 6202 14732 5577 9512 15106 5543 12516 12655 10463 559 19906 10625 19045
3049 17239 5781 2396 5386 132 8661 490 3930 18179 11037 15018 15753 18556 17471 2474 9605 16228 13572 19162 13767 14430 9164 12054 19386 8382
18427 15804 875 14205 841 17154 5108 17099 6166 8473 4732 646 19410 19954 9305 13755 7774 5769 765 5137 8441 5939 10211 8251 9383 14427
6679 2288 5140 17602 19775 1009 1156 3624 11302 5605 27 19824 12142 12249 15715 7242 9814 12104 18065 8196 9886 11992 3461 7820 8027 15703
17820 8836 11717 13327 14774 2879 7488 16279 14187 5631 13649 9664 10772 17026 3231 12673 8248 3303 19614 11617 5542 17342 2164 18422 18240 8
3850 16 5761 8486 18407 19061 15877 16810 18265 15909 5985 8763 18687 14606 19913 4627 1983 3119 14376 17982 16493 34 16428 12438 10443 3963
8205 505 18660 12722 13833 17354 1304 10076 10502 15639 536 11863 13286 12862 987 16651 12989 18751 16696 2086 14095 11769 10720 7606 19982 12618
292 10420 16161 9629 10438 883 13657 15099 18006 9667 4851 10742 16345 15988 16862 11655 4613 13452 8118 12098 18915 3161 757 7506 5626 10083
15761 17859 926 11767 7703 6349 856 5778 15275 19353 19001 3528 2281 19552 2464 7519 6925 4873 10011 11302 3599 5283 6353 17381 8435 6961
2240 9473 12722 558 7085 12067 4066 8873 7675 17924 580 630 2878 5980 14407 4766 8308 1412 19235 731 11734 2177 16155 19174 3922 4519
3479 7282 3424 7098 5596 18217 1754 4079 8552 287 12696 12593 15329 5818 9043 3852 6614 10236 959 13403 7021 13125 9940 6553 647 9342
7194 783 9689 14666 10330 2769 13222 3560 10872 540 19116 15885 14601 8074 19073 1036 17975 11557 11678 16689 16407 17166 12271 2863 18246 19824
19430 13736 18326 2715 15733 15463 12596 14228 19090 48 12305 17904 11893 1628 18119 7266 4454 1832 1894 4753 10400 1515 15161 9154 788 3964
5894 1795 10471 6404 7291 14522 12027 6560 15403 2638 4721 12579 18037 3031 12986 11754 6621 18192 15525 19734 7126 1854 19753 2470 16614 9245
7414 7148 19608 17465 19736 7455 2873 769 16 5852 11457 10163 3650 10046 13894 6292 12294 5658 10114 14640 2885 19072 7591 2384 3570 4503
3036 12377 3724 8714 9723 13818 3198 7587 108 14911 19567 19233 16410 5518 6847 2854 11798 15760 18003 12283 12215 3276 14590 2180 11478 17277
7319 10908 2521 8273 1221 10904 16954 11875 3621 8486 16042 328 16579 2372 14179 11823 18372 19890 14369 1563 9832 17880 303 14236 9124 14243
4670 1562 16922 11877 5070 8497 14067 11767 2602 18839 8537 10780 16381 6582 7288 6493 7029 7423 5851 6092 9638 8927 18782 11140 19709 3587
7291 14280 3667 3753 3700 6918 4787 14151 6437 9964 10257 8763 18454 16595 6533 15296 4784 7757 14965 11492 14701 13889 3546 15809 11228 5213
12099 18188 7775 4054 2663 18235 15225 9736 13367 13909 9070 9584 1413 13114 8327 1993 4874 13857 1904 9051 1195 3929 10499 10903 14043 13365
2209 10516 19380 15362 14164 18352 0 10063 7783 8103 12765 11305 3942 9835 18241 19611 17668 17594 12216 626 18531 13577 13298 6905 14579 4801
1323 7992 8794 19161 18597 8440 6548 9654 14889 12785 13199 17919 13737 16133 18527 13283 3767 8559 17663 382 3239 9954 18873 10983 6294 4493
16911 1636 12245 2349 3256 875 4774 6666 18536 8672 15186 9800 2776 915 17347 5704 3510 8347 8894 2161 2240 18360 1654 10812 8818 2980
8643 279 1896 12369 16986 11954 904 18843 10940 3000 18643 10730 13596 16877 4838 10701 18265 16202 16495 7436 5721 8150 15259 18354 4335 13900
7850 2767 8885 7896 19277 8225 15158 19116 2659 14359 9758 13459 5261 3587 9076 6679 1554 6383 1178 12001 4800 14861 6316 1843 7546 6433
4672 16510 17923 11286 1958 2553 16881 3272 3972 4059 7214 8556 12010 9238 1002 19512 499 14028 2122 12224 18387 13303 7830 14044 13257 9418
857 10268 7938 18069 14430 10266 8473 5592 5245 9764 6338 18949 10561 3723 2239 17504 12222 5655 10026 5797 2344 15956 1931 4088 1116 5326
19488 7428 6129 12464 15175 12940 2860 12968 13500 3270 13459 810 1112 4633 14611 4251 9046 11500 16318 5775 15641 17498 7702 7785 8445 11139
17830 13617 11677 15468 11160 6650 7451 17278 18300 9924 19168 3183 12947 9178 15534 14618 5136 15593 6022 10644 2499 503 7496 10724 16165 3739
13125 1953 16111 7714 18525 11293 15476 17687 12661 19759 19629 2808 14072 5848 18838 4211 12327 7135 3894 16777 15804 16059 3898 5883 16156 8704
12141 6835 16653 18530 14500 13714 11691 2392 19839 11065 10182 10084 11053 17481 14720 8365 16981 3690 11272 14447 12895 10754 4169 12250 9693 12658
1821 12972 1316 15890 16916 9234 1717 14411 19578 15071 17669 14120 10219 19286 7061 8426 12060 18965 10559 12472 10115 19829 3234 3120 5308 3638
2151 2798 18536 16250 7433 15931 213 6672 10544 11890 11589 10263 11770 15219 15403 11834 5157 4869 17607 19243 3047 2642 4557 1091 8235 11753
19510 6500 14807 4401 4997 969 12397 16298 5982 13094 14847 5236 16062 14935 16711 12777 18048 6573 9428 18858 18746 8065 15770 8060 17045 14709
15291 5673 1999 1629 15800 18971 9252 17131 3564 18797 7428 15173 2657 3461 9725 16072 3401 5277 17241 6366 19043 8642 3511 14564 681 19833
291 3687 19590 6371 17249 3181 11523 9843 16219 6859 9580 14713 11034 18860 6723 14154 13916 191 16041 4703 19808 10470 2127 14717 4390 4351
3991 19751 16886 12948 6454 13393 13406 14442 2466 17224 4663 9589 7990 4073 4626 15063 2790 18734 7618 18901 8956 1480 8841 17465 10520 1173
14047 14700 17129 14168 16186 3220 246 4572 457 11968 10143 14125 3164 18673 6071 10506 9966 15718 19056 2814 10717 14720 1261 5619 6499 5144
8845 2531 15504 1288 16623 15545 1134 232 9026 13102 14060 2634 4035 11670 15521 8851 5489 19586 17776 32 11594 19911 9820 12609 7000 17321
4991 14716 15979 8757 19729 8304 9086 5955 17038 9183 16145 5529 15557 7612 2539 6642 13614 4085 3686 2511 544 16469 8538 1007 19892 2210
16159 17942 14560 16228 3395 6445 17619 7 1783 5558 1691 3905 11937 11220 13966 18478 18536 2323 14875 8077 13781 9918 15315 6989 12184 15204
8994 18467 6027 14852 1716 19819 1597 7122 2188 16891 9327 542 10953 7812 10428 12528 6957 3484 9769 3627 13252 17889 5387 16827 14371 15471
7508 13342 17147 16312 131 4592 1634 15885 1356 2076 9105 10951 6679 8525 16194 12139 10898 15424 2816 15432 11186 6827 19175 2420 4648 14309
6428 1172 6392 12662 6231 19419 19846 5134 1828 4372 11062 8134 15755 13813 16644 9942 15124 803 19768 3268 7067 15740 7489 2833 9600 5274
2195 14440 4217 3773 2319 6652 5397 11128 12342 10710 15563 19310 1654 1288 12645 951 9394 16949 6608 8058 9435 9013 6993 13931 62 12660
15882 12294 9504 16246 8072 14891 15789 14931 1893 2824 16104 12905 19489 18024 4811 6049 19366 6523 3286 11242 2889 3203 10086 9217 2789 18438
19804 14165 1786 9143 14758 8620 11180 1084 12258 15871 16297 5240 17607 5833 11553 7078 17321 13987 19782 5125 5331 6096 10892 17639 18571 7456
15793 19349 381 12691 5381 2752 6304 19533 14182 13840 8093 17953 15851 1036 7205 1744 10839 1779 16485 8891 13083 10701 19278 1610 11829 17047
313 527 1237 7988 14368 1517 14007 19746 10846 13475 4001 19979 8159 8737 18355 13232 816 13446 19327 10366 7426 513 5680 11409 15796 2875
14983 15206 8005 18937 8992 19323 12555 8576 15200 10745 7321 5504 2276 18884 15190 3434 7697 2682 17773 17551 7770 2843 19484 1978 19302 12084
1412 12106 3420 8188 18288 3817 9746 13971 14221 2218 18244 8561 7399 8389 7576 17492 17322 4568 8104 7019 7598 7890 13921 6738 18115 10830
13838 6331 6994 13903 17603 4618 11688 12502 8972 2383 3754 9017 16319 11133 2466 6219 3915 2650 14543 6162 7992 11626 6723 2827 2686 16568
10695 7279 16969 18143 17271 15879 1567 9084 1517 8503 11740 18603 10214 4127 7627 2815 15696 19623 7867 12864 3964 16987 9084 15140 10233 1464
3311 16874 805 12894 11133 5320 15055 4176 19044 13674 19230 11618 12917 7386 15893 16843 7598 18010 8739 18158 4936 9320 7330 10478 4478 16500
15627 14095 12568 18412 16667 11555 4961 13102 12901 8333 7123 1693 16894 19087 6361 4736 9229 4575 641 2086 6096 5977 18876 10671 17386 18444
9371 14181 916 9512 3799 11195 15973 13717 4176 14530 16282 4794 4019 16080 2730 14090 14583 18016 6874 7204 9009 11118 17705 3875 17765 16140
15001 19795 4592 16674 11878 6156 18379 13652 13534 19320 2896 1828 7526 3677 16316 17166 7498 12325 6232 7202 471 15443 11299 18207 4841 18424
6733 10462 10175 13507 6054 3925 13974 9886 5676 19762 15638 12181 13619 619 17119 8882 1483 2143 19286 14270 19532 5221 16853 8864 18042 3826
13912 611 6737 16702 1448 15556 7076 4514 1684 15583 11953 17395 11929 19498 13476 4668 12427 13665 14465 19694 16849 12873 2571 12471 8891 10879
16789 2777 7630 6366 15754 7588 5853 7872 1558 5989 9881 18447 13503 14445 16018 9362 1642 691 17542 798 6009 6381 18840 15073 16153 2309
16911 7031 4163 8872 11101 749 6910 4134 11168 17195 5911 9924 11537 17819 12863 8982 7742 14090 7402 6972 13465 11657 2539 3977 3091 7357
8551 16556 5886 6078 14752 16386 12498 35 8026 4050 7178 16214 15988 17569 13229 2527 18582 12902 14380 7789 15933 951 9461 16694 295 3070
14647 12478 18434 6254 15047 14133 18278 10376 16539 16919 7123 2187 12018 61 4487 19779 6387 1481 4528 7416 547 14879 19706 14074 8799 1519
14572 14369 2602 16971 17733 12905 5672 17931 13585 3014 10126 11417 14708 8498 3749 12407 7027 9074 2101 10926 14701 8167 3644 17989 10255 11814
3697 1848 14090 19964 9329 11277 3164 12644 9673 12573 17257 16520 17581 1257 7791 6478 2945 1826 18896 16943 17729 17356 11674 14417 2325 1839
7104 8434 12131 16796 6002 11448 1381 6897 1706 4570 12890 14436 14302 4838 2440 18508 12805 3445 14846 9108 15561 12563 2116 1248 17074 727
16251 18895 3384 14099 16788 912 9023 7163 19493 11705 15935 5545 16712 8373 17027 18049 8432 7659 19828 3627 18096 678 8209 2923 7374 19163
19451 18722 7363 19694 1038 13026 12400 16211 15569 10425 15949 569 4505 13165 6739 16975 3894 17732 7679 8707 13100 11120 8307 16024 1340 14281
18490 6164 5762 13684 16734 12597 15466 8975 9898 4136 17388 129 4948 982 6602 3764 10426 4788 16079 731 18855 2663 16754 11409 5531 4309
10971 16087 76 2845 1728 13649 12564 9752 17934 19983 13005 18699 15898 3747 9318 15915 16821 15605 6313 6037 16907 9223 6947 12175 4153 14647
14232 3969 3470 399 4829 8753 9527 18426 17379 6262 4641 1694 19801 15434 5530 3760 172 3764 11132 13250 5989 14717 17947 16407 5287 18074
19485 10418 15274 16966 645 6607 16710 8753 16386 11453 6502 12762 1929 15681 11673 14434 17856 19314 19372 12216 13533 13566 14580 15331 11893 11773
19627 18405 2062 7691 6143 12877 19402 1535 4062 2984 18764 14013 9678 7851 9711 18553 12232 3022 2880 10993 5131 4343 15009 10870 16782 18296
6660 11162 12360 2146 3668 3922 3076 18973 18854 15249 2351 6265 13214 2078 12520 4039 4117 5255 11354 6711 19763 3356 15190 13867 1007 8093
15388 2770 7764 11608 9191 16172 472 18115 1841 9063 12962 6801 3588 11624 6391 16020 16209 1850 10662 7740 10221 1512 17262 1414 19214 11326
19397 8460 13373 11687 19420 1699 16414 9795 18458 12777 10254 3763 6201 12612 14395 13243 19444 19416 1586 11145 3578 15686 18125 4971 17198 18744
8466 15243 15511 1600 10019 12741 17076 2715 16382 13202 6553 5481 436 11199 9591 13843 2449 5947 2249 13539 19977 14973 9388 6478 2968 7545
14977 9419 9213 6185 18705 11035 15582 7970 6903 1058 16565 5232 14608 5353 7901 1744 9020 8723 7204 18829 15309 2370 9375 9332 5963 14268
18090 9905 1668 7977 17854 6518 15847 5662 4817 15471 1505 9621 19384 19527 17738 4644 6228 8618 3230 1368 16407 18567 14419 17777 2231 10904
15412 17360 8744 13524 19159 10424 15053 4954 9073 4226 6710 2564 3113 996 4291 7941 10587 13851 4851 13658 1964 16254 11225 12136 10122 5741
19070 61 10427 5203 1084 960 4964 1392 3842 13039 13554 888 8783 7671 16928 12534 463 12205 18815 12525 16687 10346 18423 11682 7401 14046
13328 17517 17715 18928 12417 9107 5535 7754 14298 14858 678 18611 14448 17 13376 10982 8046 9267 18882 1310 10674 14408 2325 19672 903 9688
660 12782 19471 9467 7860 161 15042 10682 4273 19535 16290 13567 9726 16692 5233 16890 11864 3328 5984 17024 14958 14657 1789 12715 12631 11913
1276 9888 12392 7720 3176 10925 10082 4538 19359 14751 11536 6386 14945 19646 8560 10594 841 15402 18723 7232 1276 317 7023 5345 10092 5293
11671 5760 3027 12167 4156 989 7792 12843 16304 10587 13 16983 19556 7886 16749 12733 5488 13940 6424 11315 6380 7476 4696 17823 13467 7691
15693 12869 2375 8381 16277 4716 1432 608 4276 14390 18268 10894 16871 5323 11845 5793 16189 1609 10653 4748 9699 9150 15291 3463 11681 7858
19281 7063 16177 4356 6535 9718 8805 11127 18078 1644 14674 13732 369 7752 19303 1973 17034 7552 13738 182 9355 19766 17181 11313 17012 14337
19128 16447 5518 17751 15666 10698 7556 6553 7082 1586 2150 7806 17815 15722 16646 8678 19772 16813 471 6703 11370 12110 19318 5689 10309 9572
610 5326 1768 177 958 16501 5573 3078 367 6974 66 4052 19473 8184 11173 8881 3895 13923 5817 12066 18079 16434 14125 11876 13405 11618
2897 14337 4819 16134 16846 4439 12925 18090 8173 1522 10518 17579 1793 15719 13623 12884 5196 13454 4899 13696 2895 4896 5104 16938 8842 17987
10219 15391 7239 11435 4172 16752 7543 6641 1550 13174 9899 17999 179 16672 9727 6892 1073 10594 3439 17412 2622 15183 17616 14041 13454 14086
11577 19352 1022 10596 4365 14882 10254 5160 16801 16644 13483 10068 15357 14656 11671 18227 8783 3451 11050 16377 11817 12533 16145 6496 18513 13062
8120 11733 1831 7705 16992 2964 5946 9005 10352 14987 14039 8545 19664 16711 1420 3901 18079 17778 7036 11153 18798 11999 1634 8858 12059 6216
18504 6170 15073 3894 4889 3937 19470 5979 4217 473 675 5601 10732 10867 12866 13637 3470 7607 8818 11942 6276 16817 3510 6326 7127 4480
2327 5385 16493 11226 11417 2802 14470 14458 121 947 15558 10146 7624 15327 19149 3330 1579 531 3218 9470 11647 112 12263 1652 19315 18323
9495 3016 19993 8674 13722 2232 12554 16454 10421 636 15617 5662 9739 19793 11899 18197 6164 13139 19162 2558 4200 18479 8228 4177 14818 6819
3284 764 5525 17199 8809 5658 741 965 10319 9725 7259 4048 3675 7525 8790 12083 13047 9660 11744 17652 17670 15308 18542 7514 12993 11556
11924 18825 6507 19641 5308 19297 5656 11848 17469 106 1702 17322 5287 1517 10397 2095 14883 13785 1708 4924 9142 13993 14522 17837 16318 11815
16028 8076 4584 10029 19703 2931 4795 3523 14785 18067 5505 16890 17604 19645 10518 18271 709 12893 6900 5562 4155 54 15169 5058 8921 16708
18699 11768 18376 3241 11291 439 12849 12177 14728 16924 1719 8998 17753 7883 15242 433 11965 12671 2594 914 5168 16725 8357 362 12276 18880
19097 3700 18102 2506 11616 19550 2596 14632 9719 15559 4709 14980 3254 19590 17809 12121 19480 2929 15274 5496 12944 10077 13894 19277 13430 7044
5097 6423 4015 9378 17831 16116 6575 12666 3527 17884 12248 16759 14286 2382 998 6569 3002 11565 10541 7043 7767 4565 15096 15596 15569 15122
631 17734 8290 5069 19901 1576 3272 9695 18428 2925 14876 4801 19620 6650 11656 15232 17756 5409 6846 2427 10234 5521 17782 8162 2196 16830
18100 14035 2412 736 17642 12947 9969 8960 4556 17667 7593 15309 3605 2505 9266 15774 1395 9145 14294 15581 16748 7463 13371 15265 1282 14922
15100 16621 8814 17730 11946 13520 900 14471 18405 12807 18980 6166 1828 3924 4081 552 10581 2118 10204 16084 5622 1626 18285 13085 7033 13404
1096 15600 11435 8177 14207 2735 2924 3765 18726 18589 11681 18949 18869 4397 10876 7033 12002 6880 5556 16442 19733 11026 543 8514 5325 14594
18048 8717 17293 6935 18066 16343 10343 13071 15154 19542 11831 18532 3461 10304 18209 6679 1082 12186 17109 4924 3941 8394 6010 13611 15013 19877
10911 7568 3525 3433 1840 1547 9315 12403 22 9865 15094 18451 4321 3541 14268 5761 7684 14171 479 15371 13409 19460 18398 5970 9478 8274
18532 11745 10575 18417 12756 10542 1638 2194 6031 8451 4125 15157 5499 15578 6756 11419 14386 16400 16248 14707 12255 18495 212 370 6506 12672
19469 7660 8308 15749 6177 7387 4512 1350 9467 1915 19125 1421 578 5587 16896 11680 9333 2344 19419 4837 10604 19722 14382 7323 252 11784
11574 2190 3623 3441 12298 11336 19498 1173 11975 6006 16528 6814 11749 9773 11885 5129 14026 19290 12675 13891 3773 13630 4634 19333 16454 18414
10384 7264 1389 11902 5847 7441 14022 4005 2791 12995 6606 9674 5376 12747 2330 2634 14716 3038 5469 14622 18011 19430 6465 6980 6994 14516
19327 15796 7496 206 4422 19328 16400 7253 15496 10040 11412 14534 16881 10540 16779 12095 16654 8170 1689 14882 967 8863 15580 4778 7916 17469
7972 906 10257 18320 14247 8172 14797 1707 9442 8058 13569 17464 18088 15586 2085 4139 4113 1023 5618 9056 7221 19885 7768 1383 4653 10098
317 647 7447 6585 19730 17204 4734 13414 11612 9786 9000 10369 8330 2660 9337 19896 18424 11793 10947 4421 10 8759 2120 15615 15545 5157
15859 13133 18335 1871 5890 1574 12642 415 3540 6840 15662 14025 12497 1775 15531 18710 8926 18015 11438 18198 1434 10746 1208 13195 4881 14666
17307 4415 8148 13724 16391 18984 18561 1259 4097 18993 14214 703 4179 8843 11869 14010 181 630 9471 18606 9297 6326 12957 17016 460 2739
16813 8860 18758 3660 13377 16764 14544 6082 8412 4870 10053 16159 3401 15314 6804 3231 859 17371 15292 11537 2853 1206 7517 1553 2639 11642
19409 15507 11351 8492 4956 12231 10377 8408 9143 14574 4374 18616 17994 9810 12864 17595 6819 1194 1997 733 5755 10323 10367 3871 11874 8822
7636 8300 16405 1494 1696 6940 14075 13772 13687 15569 9008 3733 9370 11606 17518 4175 7427 7085 2346 2285 7286 14947 1014 18921 16336 10558
17967 605 3474 967 15823 16443 14402 2933 18796 7170 5815 3764 15325 11872 19711 8942 6801 10155 19097 12083 466 11335 6923 11335 1688 9232
6882 8129 14262 14266 19700 11326 7943 14161 3986 19215 18127 10583 15022 13723 10593 12779 10390 19807 14686 415 6084 15800 134 17146 11807 15842
3953 11386 2133 19972 2814 11837 17152 17861 1070 15177 4755 156 1203 18145 14884 11974 8634 11029 6545 9563 15190 1414 5319 6467 18631 16961
2219 15927 11232 16435 17260 16507 1212 2541 17159 2650 4853 283 14629 2995 18952 8714 2649 12067 16285 14338 9953 1848 11356 1269 10385 8791
13362 13320 2237 16618 12584 9138 10770 8205 10426 18923 15959 12635 10413 212 14177 17024 2479 12198 6012 5038 12156 15107 19544 8169 6280 9273
1568 9098 4186 459 12839 19614 17669 7393 9947 5809 5055 10711 11337 14535 9804 3215 5408 12323 491 9854 12525 14660 9907 3932 10078 18382
11754 12557 6083 14795 17599 11900 1533 17590 7050 12227 13605 12952 9526 17991 9715 9093 17649 10751 11000 15906 134 16949 3796 3302 5543 7411
19985 14066 7753 13602 16262 7853 4307 11438 10799 5479 4283 13286 10118 9735 7243 13550 14129 5872 14028 324 1856 17761 18651 11045 14837 12180
4613 8076 11150 3814 8021 12690 3517 4985 19546 11714 13795 17779 8371 17768 9403 2251 4812 9913 7964 17075 4198 5033 5093 16320 5004 1914
5571 12116 15124 1672 8540 16539 18296 19564 14447 66 15495 14552 18207 11673 17112 18422 450 16200 13645 639 8702 287 18360 15072 11736 9115
572 3514 2043 18427 11077 10167 15130 14475 8522 10618 7078 8093 5214 15984 13570 1282 1090 8355 19087 7846 2473 19295 5864 584 13200 5259
2174 10504 17535 1451 3620 1159 11185 1696 3612 6066 13658 14477 7570 767 17624 17577 18948 13456 10695 16646 7334 12231 13713 5393 10487 6684
14377 9202 13393 4743 10549 11785 5649 19344 13056 13649 14101 18708 19718 1540 10239 18232 4399 10251 11302 6612 7512 16961 2455 18446 15006 12069
6168 4894 7564 7091 16100 7637 7603 5314 5501 5579 1556 15406 10569 16721 12428 11479 13167 14093 11543 5449 9865 18181 3229 15753 6341 10279
11962 892 7045 14578 4492 19686 9640 834 5096 19470 5600 13487 19349 9771 11718 12356 2131 5018 10083 8278 10402 5421 15241 16198 16339 9428
7773 16392 15295 12257 1402 5213 19101 19030 10535 6691 9586 18778 18232 19547 18630 14855 1539 6467 15524 9441 1441 3666 7022 2495 13686 9960
4417 17616 14079 77 3625 8938 4338 17380 5744 6051 99 3727 1930 2282 3392 8956 1256 19476 19479 10971 6728 9195 17764 582 5401 18851
13406 7220 11248 18829 15781 7336 8787 14170 2977 4994 16029 16701 9478 7323 10498 5093 11067 3839 8859 18283 10720 12547 19618 6816 1732 15818
19671 7526 4440 468 10537 15229 61 688 13846 5827 18622 1258 9647 5990 13351 6086 18338 471 4675 16970 4760 15474 10170 4369 9003 13770
4902 3800 14779 2753 11981 16701 15177 15148 8872 792 13914 337 619 1247 16990 18781 14773 925 12333 7742 9612 11520 4418 11128 5291 11107
13929 17775 16675 13573 11206 1864 9003 11381 17061 6916 541 10050 13482 13204 3632 19564 17304 6676 6872 630 11232 11946 9252 13181 5439 15462
3537 16782 17649 15695 7857 11902 9292 18707 14921 6287 6868 13791 3401 15351 4665 1060 1881 18187 8301 11948 14846 4153 4712 7929 18974 653
6708 5787 357 9166 13859 18284 4470 9082 17941 14322 8373 6674 16341 8124 10965 16502 12980 9663 16035 6091 391 15059 5391 4315 9261 9207
6465 327 19252 13462 9803 16392 822 11792 10831 11040 8514 10713 14820 3046 996 280 2073 18287 5708 10302 19648 5996 14684 12144 2651 15292
18034 1430 15296 6456 16118 356 15891 17083 10950 10719 2073 16159 15145 18140 7415 17986 11067 5757 5767 9779 12080 9926 4477 17448 331 19696
7084 18438 12369 1145 1277 14289 14150 8713 11952 3287 2751 3568 10137 13942 9913 7728 8721 17207 5901 16814 4904 14717 8249 9087 17657 14013
12672 13676 1570 15567 1396 18261 7630 15872 10708 15839 12018 13662 14361 1324 8497 5633 7919 18830 16812 2178 4364 18794 14580 5185 8498 2906
6183 17922 10543 19436 18416 9587 18625 10073 14662 4238 7562 8660 19791 17797 16672 2327 2524 10246 18025 3491 9775 3570 3465 15359 8447 16194
18082 4461 15784 211 2797 6737 16319 7609 7467 14134 4873 12839 18055 14943 7929 18298 15207 14079 6485 16683 12517 8411 11803 13392 14386 17617
14771 9089 6785 13869 12772 8506 18090 5623 2681 18400 8234 19277 11763 19236 1455 14563 3217 13888 5279 18902 13509 17809 16514 9522 11217 18292
19647 15758 19458 13961 5739 3213 2666 16633 500 13253 17679 8607 13976 17232 9518 7897 763 1516 5118 15605 4740 3479 18622 17761 10672 17995
12409 383 1550 9936 17004 19819 5440 12436 7224 6489 4937 1917 4064 8641 3310 19937 5881 7282 3566 4027 2599 119 15952 16230 17104 3039
17816 706 2449 19226 16396 17891 2848 8043 13816 14325 626 19800 11946 4417 18047 18216 13122 1124 19221 15114 18299 12221 2958 8816 3863 15052
19367 9652 14914 18070 939 10797 16353 14777 2744 11386 2034 5552 16126 7399 10384 15662 14845 19581 13125 14192 7128 15556 6894 14817 13449 4086
118 15983 19687 10561 15180 540 18340 5124 3545 2147 17039 8945 6714 3462 10617 15728 10715 15168 3438 19505 3429 6396 602 19447 18858 12293
3544 12943 10939 3167 15849 17224 18498 12137 1941 19307 4888 16833 8919 6907 17346 2384 14762 18589 15351 14305 18605 6401 9375 4319 8506 7112
13666 18603 8610 10246 12503 6366 16858 11940 19524 13367 13979 4681 14164 11020 15166 19510 17526 19932 19565 7719 381 17525 11823 18335 11962 8229
9143 4993 19047 13972 16538 18846 18303 19135 9673 2181 10308 17191 19037 13476 13392 7405 3258 8857 12751 4071 5111 5652 12421 19 1080 14330
3423 9057 18962 3779 9551 13606 15848 19965 13352 16839 1387 6354 9800 15433 7707 17709 3457 1261 14967 2022 8153 12416 15071 5668 4011 13942
1772 18172 537 4259 6273 15478 12484 18550 1214 16192 9207 12925 15826 7909 6295 5074 3676 2835 15965 17591 9140 15797 2489 19716 7550 18292
15554 14425 19372 5245 5441 3206 6450 1404 12299 15904 12540 14410 1461 2849 7803 1503 3445 8448 4081 11928 3724 3920 4520 17848 3144 120
13247 1112 18093 13145 7428 15411 6780 9569 18727 17816 7857 7069 4102 2793 1523 6583 16805 8140 19546 4532 17528 4315 11241 3153 17714 9582
14028 14645 573 10145 11201 4643 4073 9595 12026 19915 12406 10799 18558 18296 14179 9902 10795 7684 19821 16229 18765 17078 19118 3731 15614 11867
1944 15569 7551 15810 16522 17455 12031 18089 10190 4662 8153 8734 14520 17268 8835 210 10815 1660 8632 552 11245 16114 19640 5491 10425 10949
8629 18178 10363 18984 3941 2444 8220 11693 1372 13468 7746 19996 6107 2939 11212 13288 15345 8425 8814 16080 2432 16901 6421 13386 16431 3752
10667 16872 5121 1298 3713 14396 8213 6147 3579 11044 14895 14110 3311 19830 15872 7831 6446 15219 699 14918 12385 14457 17934 11285 5783 18608
15848 1020 9093 12288 2793 16510 6190 7445 14034 16054 5685 16121 8965 8840 13471 4289 7486 12729 4041 2548 10152 4153 16259 19233 13676 2047
1129 65 6792 19463 1969 5822 10205 13044 12668 3504 9538 992 2268 8191 16619 6349 16390 12529 6236 6675 15795 14001 14307 19485 4390 14926
11504 7291 6962 17335 13361 18749 18933 18142 14892 1793 16001 8451 2388 10525 515 16988 2255 3991 13571 1782 10014 9081 11510 17849 8215 8842
949 3184 4389 2040 13526 3367 13437 9954 1513 9968 17855 15843 12929 8720 16360 7779 829 8376 14653 11100 18530 8905 3729 14025 9571 10516
2258 14243 4304 15211 1843 1848 12307 6348 1824 3838 11406 2034 9221 12859 6413 7641 1311 3228 16218 17814 10020 2585 12364 12207 10689 5606
4600 14110 19453 11668 8743 7186 14721 10740 14085 15953 17801 6946 4404 10446 8439 2541 8156 14372 8059 18628 1618 15048 4702 16085 6541 7628
6350 11255 19959 9819 877 16403 9521 5109 5078 397 15794 14663 11232 14326 2835 8557 13621 18566 5610 16023 453 2306 18209 16971 818 12893
8274 19688 3232 4290 10544 15471 11905 4974 8116 5125 8078 16138 19955 4782 2521 19339 7437 6799 5914 17375 9147 14949 725 9926 16269 9828
17204 2666 308 19972 10741 11610 2977 9811 7722 2078 12687 12088 11813 15421 63 7113 12683 5427 3979 11086 7210 4698 1292 8417 17835 6108
19999 16154 10847 13095 15279 7083 15319 14517 1868 2292 8121 466 14217 13026 6702 1896 8664 7123 15873 12918 15608 13778 324 18083 4059 4886
2465 19676 7882 19697 4701 6514 19366 16713 14591 8001 7310 12334 18538 11159 4727 12986 19054 15058 14577 568 1820 10327 10322 15082 2092 5957
13928 5477 3642 9835 16448 8988 14402 1665 886 16476 9861 18648 906 3212 6945 16815 7798 4356 14789 1543 7776 7010 4168 16202 9552 10990
17823 4848 6214 13239 1293 5584 10916 10732 11210 7496 7813 9151 8577 8630 13358 11049 15898 19691 16103 2114 6083 9999 14728 4227 15606 8867
14689 1541 208 4608 14823 19501 13827 10766 2192 8721 6299 4767 8698 13426 15306 9417 11069 9016 402 14560 646 13970 4111 16483 17442 5852
13417 17155 9417 11195 18921 1293 11256 5077 13914 14093 17399 10259 2136 14250 1996 6933 19230 18471 6493 15906 6752 13293 13692 5776 9340 6192
16920 13669 17132 5879 160 726 7702 4903 3216 560 10426 17901 15032 17754 10195 184 7201 9493 9100 1521 10319 8367 2490 2935 1434 13486
19899 11963 12358 17183 6690 17488 2913 4299 5503 17417 10191 6591 9994 15225 4676 19854 670 15998 6397 11539 697 11452 11457 11364 11292 4964
3829 14434 9363 6364 14363 4535 15015 12585 7514 17348 12475 17124 10147 13172 17621 4344 6023 2888 19230 11199 12247 6614 9115 7852 19917 9319
13160 6518 462 14217 4636 4305 12693 6229 12174 15900 10937 5879 7457 4444 10137 2006 9413 932 9919 4084 11288 4190 1527 1661 17571 19861
16765 15750 14229 16387 5495 4281 12554 5503 11023 16565 11317 12709 15899 2890 2052 5073 2705 7895 10863 15213 9015 6641 15133 19332 2435 1844
18868 2223 11754 8557 7298 18478 10401 3177 1902 19124 19628 861 1585 19910 9178 3942 1908 18342 144 5257 1798 33 15707 17452 10321 4988
10255 9507 16475 18902 7854 7145 13994 2528 16733 12383 4978 6326 16265 8748 1789 14216 2344 2214 17336 13042 9312 2822 56 517 435 17270
5970 12732 11927 3916 4947 9741 5525 6229 8821 1958 2169 9362 14748 13277 14307 7290 9976 15569 10808 15643 11251 14366 15441 13317 18959 7102
5639 5063 11653 13652 17061 7168 2694 14380 114 16724 12720 14331 17404 4221 4453 2910 8037 15955 12915 967 19282 16865 13146 2140 4729 1343
18293 13506 9420 17710 1214 6287 15295 4994 786 3948 7467 8806 2871 16505 3057 7119 11661 15509 593 15176 9985 16300 8250 17433 2729 4854
15379 1477 3296 2888 11739 14326 9963 5649 18397 7983 17168 12605 9108 18652 6992 6637 1591 13672 7678 14057 11266 13264 5986 5232 11665 2476
17321 10856 4633 2471 5043 5542 1973 11516 12272 1824 15778 18130 12958 5278 1929 14884 11332 11524 16873 4922 18779 9441 2644 2568 9513 12596
6342 10840 4487 19904 9859 12261 9704 2940 15234 5272 9978 19546 8203 2289 14563 18490 6820 2900 2373 12692 8168 2722 18124 11297 9208 19352
16445 18138 18095 12070 15959 7074 4011 6955 313 6013 2979 6531 19874 7309 13683 18080 408 11795 7904 16247 7929 16240 17641 4544 3479 14969
1416 18936 17458 12646 15048 10532 7466 2383 11852 5668 4411 6581 11315 4448 14860 4617 11390 7536 5009 19402 9807 11147 19704 16611 2023 8372
1423 19066 14716 6472 5594 12338 3707 17918 7329 3139 19994 11795 19908 12753 11064 16234 6199 19335 13193 8958 15089 1866 12544 5370 3494 12413
18761 16502 636 6283 16610 17394 4771 5587 16217 1959 7243 19284 2428 17582 19029 2315 14772 3797 9118 14516 16765 12347 18848 6396 16358 12504
16239 11394 12422 11517 554 16281 19560 18409 1609 6640 15130 16775 16264 15378 18556 18434 5447 7635 7345 10475 1968 4503 2351 17010 4335 3176
14789 19706 6409 18389 17951 19822 8671 5622 17006 11865 15511 13040 12269 18955 15168 8210 15696 12050 3659 3127 18007 5088 804 1056 5964 6770
4875 11245 3647 299 17573 4776 1227 16206 17894 4289 7215 19600 18438 7885 644 15891 18461 14203 18303 8329 7245 11502 4521 2087 15225 10380
7859 7244 1912 17531 8454 18246 9511 4004 17174 15935 8862 2844 19085 8544 2628 696 11646 14955 16350 4789 6785 4808 10316 2571 19402 12637
5618 19498 13824 53 9585 4421 15134 12132 8309 1655 17529 8932 1443 13255 18994 2419 17398 8427 15687 19227 7503 3136 7927 19751 8925 14334
2571 3413 19559 11263 11357 71 916 6955 9613 12607 12082 15927 7805 18121 12195 8398 16458 11057 11801 7661 16061 14864 5756 10296 1072 13618
2355 17512 12786 7377 5855 11280 10417 14457 5230 4160 5095 1498 19338 14460 13489 11044 2590 14025 6634 18874 9311 4263 7461 4455 17115 16816
12002 10290 8140 2614 12835 5189 13623 7576 9735 15049 2507 17182 18688 8894 8713 4070 4733 19016 7139 11195 2822 14205 12937 18863 18370 12828
6544 13199 3136 15206 15418 10040 1458 17966 17554 17726 1995 18111 2765 6073 492 6780 12260 3527 476 16310 3827 9405 10379 1306 12444 4223
8205 5209 18192 16273 5381 2039 13219 19808 6914 8045 2463 12236 8737 12627 17425 15717 2856 16882 1611 12559 11298 2610 4976 8880 14757 10375
3445 6979 4168 15934 8027 17688 18087 5461 10193 12989 19411 2133 14032 1156 15321 2181 1344 7942 18403 15511 10540 4194 19012 9508 11371 131
58 5804 1985 18490 3843 1759 1026 4983 8811 3024 3316 2468 16405 350 18774 5945 13929 15348 12075 14048 10555 262 4082 12183 6914 5976
15516 2585 694 8584 7196 12305 9227 6996 10104 11045 19083 17800 18654 2708 15065 679 17481 10580 7620 3288 17791 13249 5488 7145 15367 8296
7031 6147 3927 2079 19044 12656 12386 18126 14526 18203 8063 1541 19067 6818 10614 11900 5774 13358 12107 5608 17780 15252 9615 4000 7205 17409
9144 7763 1885 17201 9636 7364 7070 12277 10547 10335 10959 10711 11180 8081 6942 7168 13827 4666 13850 12089 973 13552 2547 1122 3260 13494
12591 11506 6213 53 6624 4670 2428 17699 14163 8250 10827 16010 650 765 14919 8793 18767 6970 17213 14633 18451 4116 10133 2043 259 13910
3130 3953 3566 17068 5046 19493 19549 1976 8370 13861 4168 1110 8676 8674 183 19333 793 2439 11373 9437 10334 6762 10753 18873 15768 16413
19479 14504 5768 7977 1928 1128 1155 15837 13920 11224 12639 16581 1089 7125 1884 19249 5655 17507 18743 15268 16047 663 14624 15469 760 6482
10953 2872 16924 3357 18855 15160 19554 12495 4230 4393 8123 15956 11997 5161 9574 17766 16859 19470 6296 13767 11672 16620 10865 18609 4175 8799
9627 17557 9895 128 5258 5536 917 15333 2932 4592 7605 9813 6463 2384 13601 19543 17744 13960 8004 19548 3995 15096 7253 7152 4427 2936
16703 12595 6887 1829 4052 1976 10079 9482 8049 8328 7099 10002 16955 3051 3750 19867 9772 4875 3994 13918 11685 10344 10863 11740 3109 18925
9007 9849 1331 9966 16245 3000 17202 14522 11866 1180 14001 2546 15369 19120 9655 2999 371 10917 12599 9620 17592 14710 11864 1114 6459 10504
5388 9912 13990 17121 681 5922 469 17382 9088 14420 19525 6707 12842 15327 15832 13746 17148 15641 12163 3504 3162 11192 1098 8575 19662 2964
19820 9391 18491 17932 537 13247 2077 3403 10283 16127 19925 16564 7969 14099 17636 2969 4776 16215 2492 15267 12626 4090 16208 4508 5842 10521
4258 19426 9395 4761 2233 8097 16673 19411 7037 17017 10753 7791 6672 13811 18559 3248 14880 1801 6215 2672 18180 15157 15940 940 12258 9231
4247 17793 14873 9403 14460 7408 6976 17989 12402 2046 9436 10356 10261 17785 4421 12926 19835 238 18888 11104 3806 2799 15183 7563 8352 10239
18529 5373 4077 14810 15962 4910 18958 15673 16843 17259 331 18550 15517 7151 655 15945 12467 10173 12927 17444 13669 16756 19298 5698 19541 14130
12843 10148 960 12104 4122 6441 18249 2452 1472 8289 15497 10698 16246 13906 3810 6329 19037 3390 10778 16385 3143 5463 699 14033 18544 3924
2406 18173 1578 2708 6273 18988 8248 13274 7841 13802 15161 19403 8116 5466 3950 7420 5982 14863 10286 16644 14195 8242 6404 10408 13363 7431
8246 16001 1370 12827 1923 16494 15244 18859 4726 7884 14154 10589 13889 15491 5195 5980 15794 2681 5512 15994 8999 883 9757 11399 19013 9812
1167 7682 13870 12554 14151 771 316 17452 7615 3901 12747 6252 8408 4271 2733 8139 5447 18951 10972 3220 9081 11310 7139 19127 2533 8482
973 11452 15076 5678 6694 8185 18386 9019 14409 1802 6477 14312 13066 6 15077 7070 18805 6494 17213 371 13802 53 18196 12380 15129 3312
17856 16688 11085 7452 19735 4599 12977 14836 2347 410 1879 10936 8029 19057 7235 6725 4263 6496 419 11821 240 1350 16833 2991 696 5645
11137 18956 11743 11250 14395 19195 19661 4383 16392 17261 13649 14711 1861 6630 19432 11147 10471 13779 10868 7866 18258 12507 11121 11961 1612 15662
6517 3124 347 18312 12872 15482 18388 11269 16842 15378 6463 19273 9703 17920 9018 5113 2331 15019 6847 1165 17272 2857 2738 13304 16034 1158
18566 7877 4505 19759 8552 977 3187 1065 1608 8494 13435 12139 4549 10525 14119 5733 15826 1918 18254 13861 5388 17768 830 3106 11113 18799
635 15934 10552 11343 7264 9446 8568 4987 7218 17476 159 3437 7770 4624 15929 14072 13109 2908 6291 5538 19748 7968 2991 4630 19039 4415
11320 337 16032 4111 3945 10408 3780 19765 4134 17517 14251 8447 6157 4765 9762 8760 18513 13954 16279 17777 11987 14807 15103 7697 15334 11913
11040 14465 9676 1282 12623 8094 6074 18387 8425 17748 6878 11122 514 3064 9136 11570 15796 4581 14094 8011 3474 18372 9599 15726 17702 8801
17084 5071 6622 9782 1265 17706 13014 11116 3093 1957 4747 1475 7896 7053 9941 15128 14823 2030 5969 4581 5896 13943 11259 13369 16815 2825
2448 6262 3135 17145 18580 3430 12633 8781 47 16738 10625 15300 9196 6424 10664 9659 5802 14533 16844 9967 1853 4082 7770 4469 16949 19005
10372 17481 6349 8906 8798 11153 4085 13925 18907 12316 11896 14365 14836 2209 7232 23 8476 11409 17454 9531 18154 2886 15772 13207 14586 15339
16886 3469 6886 7717 17891 6405 16701 2158 12887 11095 3771 13364 10300 5927 5006 3391 486 12167 15803 12593 8517 8430 2843 4409 15536 319
15581 8358 17822 3844 13791 1801 8645 8192 746 14958 460 14492 13676 15954 16558 16057 10865 11163 7715 1198 11535 2464 10344 205 6768 17559
7510 18271 11276 4709 16182 12092 18558 10623 10240 18221 5815 13011 1953 8685 5356 15186 9177 16299 19056 3815 9571 8690 8466 18623 15717 11448
13293 18235 11223 9335 344 14566 2592 2764 4277 745 13964 17904 1668 17013 17666 2076 4720 1473 7821 10500 17589 2354 845 12524 18758 14523
13541 12422 17687 17338 8389 12840 9101 7161 13213 12305 5129 11602 9956 14206 1068 12120 16451 1799 17942 659 11279 19383 13312 16971 9567 2699
10321 6706 315 8435 10643 3215 6867 16731 17312 11017 19164 5986 17458 15322 18021 5638 8019 17547 13566 9549 6997 18850 9019 5956 9394 17711
14646 7447 5317 8744 10844 2981 11963 8995 60 12560 10893 8850 5212 6206 9955 7356 17659 669 12338 9444 8492 734 14245 17145 17417 11364
8649 2790 5792 18832 14357 14330 18480 16204 1937 17377 17109 5838 18937 7727 15133 15277 15575 3482 9271 15033 14669 18493 7928 6707 14565 17886
15798 15889 6221 11937 13685 15623 7599 6485 621 7292 11451 5540 1511 9887 4733 2391 8209 10218 14877 3072 4740 9234 5166 10535 11570 19674
19283 511 5444 8714 4943 2958 8307 4212 12676 12152 5964 12569 10430 5349 15887 16739 9253 5412 16859 7133 16226 18947 9330 17383 2782 4364
4901 1257 1984 5701 315 15592 14986 18192 14930 1568 9689 9712 15014 19547 6938 12185 12911 7755 16650 4765 5690 10196 4558 8629 11611 13862
15116 13277 3937 4897 2857 13900 7460 1685 6768 14609 14166 4404 9514 159 2787 5354 10253 16823 11764 18850 16413 14793 17854 14741 7318 17846
1786 949 3132 3472 17366 9709 11884 3674 3613 16523 11659 14306 1474 5525 15914 13569 1351 17415 19950 12358 14952 17549 4330 13504 11845 4321
14455 5378 16516 13032 4103 11207 7659 4163 1591 15224 6052 3754 14719 14558 498 6079 16217 163 17875 18481 8541 16686 6942 7742 12826 4253
1233 8541 9741 4265 16469 13612 14387 7435 1177 932 690 11618 4822 15973 16502 5134 17589 16192 11578 19795 4371 4190 10148 2365 4698 2977
9740 19222 8661 17619 9877 10334 16863 11376 9423 15373 16841 9892 7940 15093 4477 4091 15316 10896 10929 9911 304 1591 13220 11155 10628 9893
10640 19751 16366 18388 6978 16213 7359 9226 5418 10742 15506 9238 8576 15868 16422 14516 1678 5817 12521 4777 18246 5600 14803 19912 2820 852
7331 1180 8755 14776 310 8888 12471 292 15876 19412 4004 425 17217 8960 16391 13623 8223 12254 18912 13796 955 18279 15823 18943 18630 7482
1830 9605 15804 18867 9238 13949 5428 12538 5998 7340 1918 9005 16711 15520 10370 15069 15653 1439 7781 4399 18679 1782 13653 5433 12579 8457
16393 4129 14551 13033 17720 7386 13751 13105 10003 10228 16061 8259 18406 7859 4402 5765 13916 7095 2758 6325 6027 17262 14922 9330 14086 11147
11092 9406 985 4226 10687 12163 8876 15574 10584 2380 16451 17285 92 18417 1119 2817 18116 18913 12068 7490 5909 885 4312 5871 9355 10741
5023 8702 3697 9188 6828 7889 8013 16526 10518 12914 17 8848 13943 7526 19276 1533 16834 1849 2428 19369 11297 13757 855 3960 14492 1387
8221 17588 13672 5556 9540 14715 9270 9673 14173 1336 14611 1801 17191 10393 7279 10711 3482 10364 4862 8449 16560 4261 15287 14972 2227 4361
16136 18613 17945 14323 951 7737 3396 4414 5559 10217 1489 13546 2972 1028 9999 17844 1572 14242 939 4298 10779 16816 2046 10143 10120 14943
18409 7750 1866 9171 18035 9121 13721 16721 5507 17810 10478 9161 1576 11061 725 10487 697 11945 4299 16302 11234 12296 1384 19468 13880 9823
16587 16630 10718 1542 11646 12179 3266 6498 6362 11576 15109 17042 7274 19697 14880 9861 5954 711 17059 3128 2737 13795 11100 19489 18895 18918
1870 88 1985 4025 3636 16151 16218 10078 16813 3461 15453 7714 11682 10028 329 1364 12561 16963 2413 10581 17343 6909 18135 14551 5882 14276
17450 8135 17808 2560 8183 18280 11079 18141 8503 6269 2170 6353 9086 6052 15871 8012 17288 16195 18135 8507 15698 726 14009 16520 15471 7380
2760 6752 11256 12355 3669 10324 14526 19436 19508 3435 7566 13812 8999 7299 9765 6521 16182 1172 16470 1664 100 17336 496 10527 5789 887
6562 8547 3953 10249 485 17235 12818 15835 5075 15420 14856 6386 10182 13618 8177 4284 15042 19024 16910 9697 7997 12995 18288 13893 15261 14894
1430 2149 14894 8965 11695 517 1328 14485 736 12507 7756 16996 19899 15372 7475 10328 14113 17493 1444 15087 12421 7601 15496 15655 1940 1747
8990 5367 18592 15594 1391 9180 1759 5593 16729 14050 1562 5605 5030 1700 13675 14407 1497 11065 9399 7170 18745 1970 14486 19300 14292 15711
6973 2322 16033 19491 1080 2270 17891 17243 2528 18150 10182 1741 19255 769 10411 19589 12091 11302 1918 15089 10156 3676 2892 2028 17960 12383
19291 8860 10086 19243 11478 15463 9245 329 4222 18081 7088 13719 14408 2504 9615 14761 14373 12222 14833 3534 7210 7204 9138 15875 6010 18869
11249 3830 7950 2085 1792 18425 17160 7210 7845 13784 11953 17088 11531 13933 17908 4683 1078 15087 2026 15267 8888 19139 3344 1070 11949 2659
19043 14213 4412 16900 4677 12436 18457 13107 10969 19850 12157 15292 10439 12355 9135 5507 15354 945 13284 3983 18359 18074 14789 18599 1591 18234
10007 15363 14449 1328 4896 4311 19320 10205 17572 16634 1960 11804 18563 7725 12898 702 3380 2620 7652 9221 15209 16140 3253 1889 15921 4814
7460 1210 18943 5250 5632 8529 15989 7216 14729 13099 4874 3596 14650 1316 18997 4955 17165 12625 444 11879 18584 1375 11732 15518 16909 14148
7325 15826 19105 8377 3823 19142 12942 18980 8203 6169 14850 11264 6243 1187 16195 15347 2406 10477 7379 15096 10102 9425 450 12712 6517 5145
14932 3537 17161 5261 1730 4944 5792 6034 10048 14272 15420 7193 8630 1698 5903 14302 2472 1606 16587 8770 12374 12822 16911 4348 11334 9562
2723 2638 9104 13043 4194 1278 2782 17489 15413 10550 18942 2028 2394 14415 3404 10490 4688 8058 13022 4033 924 11527 18417 14900 15257 9053
15817 16070 4220 10610 1731 10210 2390 18983 9314 602 7465 2173 5701 5041 17622 19527 18133 13835 10286 4021 13470 9495 9079 3504 14762 8202
1718 17976 16437 15116 8409 13740 11898 18980 16060 18561 12900 6762 6297 7850 15583 4150 15479 1593 10920 4014 14290 3459 16322 5907 15515 2428
2125 4281 8014 2121 9555 7452 487 800 4757 10355 1200 15712 4100 9209 5242 14109 15130 16792 2443 2334 19608 15377 16504 5491 5783 12826
4005 9632 17172 11491 17820 5287 17331 10498 9974 17363 3847 4761 6956 8436 1151 8764 13304 4889 19108 19382 5659 3403 11966 9039 14484 11449
3960 9400 2917 11996 12479 4864 3529 10456 666 9904 11498 6207 3249 3830 3617 19775 14010 5264 5541 18771 9032 5669 18304 6053 17058 18643
410 19516 16783 229 10480 16728 6790 18151 14211 1675 5686 15319 5880 12793 18340 19293 637 10586 18000 8882 1053 687 7538 19395 11678 3180
328 18847 13630 15974 848 13575 13172 6068 12630 9664 8660 16072 9414 9348 19259 1400 249 14121 5097 8960 12016 9072 17220 15890 2292 4041
13849 12664 17915 6796 15457 15393 12362 967 889 9592 8815 14806 12678 14909 10206 13581 15337 8373 11771 14459 11922 9689 12793 1620 13157 1636
18256 11612 4713 17811 13786 18266 3082 7063 17019 9629 17096 9584 3626 17248 17393 2536 12974 6847 3931 16605 941 16707 7219 9904 13584 8635
10384 8081 2782 3191 19332 5370 2258 9566 7373 6474 978 787 15291 9963 1044 19100 14063 1962 17304 17288 4391 6495 15363 4220 9589 11032
18467 18483 2461 16277 18994 5637 13944 16185 14786 1055 17855 14689 1453 16187 11146 1443 3092 18118 1517 18977 7275 18860 11024 14804 16627 11993
1272 5471 2321 14402 7573 13054 19239 18566 19682 13226 1810 13387 15664 7757 2709 13855 6206 9900 4383 3746 11606 14421 287 15370 1186 16211
17311 11074 14684 18853 11576 4259 19504 19527 1631 16054 16312 17267 15968 1808 9165 8869 4673 2756 4986 8834 11614 11701 10845 8184 7232 14617
5444 17119 7241 18593 3834 19293 14473 11443 17972 17279 355 537 19975 16249 7870 1656 19329 5691 6607 4233 15628 19304 14631 5000 1203 15793
16391 2143 5149 14430 7506 5504 1406 8558 13119 12491 19702 19056 18393 15796 7826 17604 3987 648 8725 8312 8397 6544 311 9316 1941 8277
13106 7286 14782 18293 5346 7001 2419 9960 18570 7910 5729 19649 17867 17521 6738 7668 5434 96 9772 17642 11711 10756 16242 6282 11632 14980
333 417 13893 7242 2241 8418 7696 7063 10096 1460 2532 16562 10574 9275 5162 8048 4698 9446 4437 12690 3086 3121 17330 9898 8734 5185
11762 19994 13590 19711 8672 14510 12447 11082 4990 12087 14995 13212 9433 10624 10443 5221 8686 7120 12962 9440 189 5754 4975 7163 300 216
