365
24 54 47 6 73 2 71 99 5 2 95 34 47 3 9 81 56 60 86 14 40 31 39 23 32 97
13503 17564 6152 5776 3515 7682 18628 17852 4205 2141 4583 3581 2107 17743 17428 9108 2667 2032 14837 2514 7863 5935 680 19101 4973 16604
6479 11926 2591 19449 7991 385 4612 68 5103 16236 302 19324 16833 15463 759 1584 18198 14432 14135 3136 1469 17398 373 1573 17482 17661
18214 18435 7801 17955 13958 13375 11743 5810 14442 4025 11694 19744 9235 11188 1540 6818 7906 6137 10850 9675 2723 16497 17750 16547 18984 3401
18900 6864 15851 2779 749 18064 14554 669 14853 9611 16969 1313 5868 17616 9818 16690 1051 3232 17489 8847 13253 6154 12240 2800 17121 19825
5265 12665 16493 321 5047 14426 6682 16945 14258 107 4310 6265 5624 15458 5790 2305 12336 9787 5289 6147 1041 69 8427 6255 8248 3060
19322 15449 8810 4475 3493 1948 8935 18535 10206 4563 3858 4563 19061 4603 14227 5075 10236 4091 19693 4171 8276 5422 3940 5205 7301 4999
13360 78 15674 12759 13160 18378 5097 17059 15461 18434 12808 19837 17410 14505 9323 13831 12596 12308 17440 7514 7256 14475 9578 6688 18928 14982
16283 15540 5251 6963 5963 6824 14592 7419 14338 6961 7239 16670 2468 11802 18548 12796 4654 3194 19425 5608 14056 3308 18115 3565 16574 14941
10820 16110 16540 16139 8278 14790 17857 803 8759 901 19126 9023 16623 11284 6662 8160 10633 2542 12963 15871 17705 13844 10796 6669 116 10769
8994 5078 16850 11137 7016 1827 3938 6636 17138 8512 2494 18851 6964 16891 7920 9965 8944 3828 7745 9678 17020 5528 5779 17197 670 14259
7829 17483 17417 19233 7190 15831 17788 13584 3618 17684 9765 13860 7499 7265 13632 10306 3834 11722 17109 1886 18995 6799 2859 951 6495 4830
9138 14718 1607 11465 18239 13311 17823 5990 6048 12201 10443 6764 18524 4328 4832 5966 1131 4388 19654 3912 5088 440 12927 4486 4551 18214
8348 2517 934 17724 7697 16159 12215 3543 193 1938 7566 941 4442 15069 10705 2614 5586 10184 11638 18730 11255 5242 6246 16390 2788 17836
1793 11598 11291 12754 13335 5440 1951 4715 5393 4129 447 1655 6555 17983 13832 6905 17701 12466 7061 8651 17091 2729 15672 7596 15260 2151
19095 988 10804 1863 5736 1575 6010 9207 6803 1051 12408 14604 9907 9207 6024 11030 620 14492 12125 15285 806 10925 12633 10490 13832 8697
128 16696 13523 16667 5524 9539 19506 19512 13496 15282 8289 17692 10082 16956 11725 13336 13351 18193 12226 17948 14388 8888 10757 1538 4628 7762
2573 1122 19128 2582 15944 9932 7540 15079 17372 8785 16282 2345 2614 19020 6767 14150 11282 5995 18920 11737 19026 17140 13838 3400 3947 9470
17562 19482 6436 7690 10383 3519 17095 5312 12021 8911 13344 7325 2299 19616 12891 5147 12718 17358 4451 19148 13384 14627 7563 6943 3808 4709
18797 5687 19064 19327 7886 18814 10013 1503 16018 17953 1640 5291 19980 10876 12210 8168 6848 7849 19178 19467 15329 8076 4090 13820 14360 8605
19999 9302 7867 9411 7657 13704 9873 15347 12109 7861 18553 10217 16976 12869 1080 18150 2492 2044 14551 2834 18884 19313 4529 1081 4372 17670
11250 7391 18067 9519 11696 8477 14617 1725 12560 9057 10536 4360 9653 8075 1541 7045 15784 17047 3994 19804 4907 17062 11333 12934 3183 3125
14392 11434 6525 6570 15828 14876 3908 3648 19988 9044 4842 14908 462 1671 12124 8059 16678 9638 2163 17155 9424 13659 12442 7509 17216 8239
19634 3026 14052 5856 7073 12139 5779 1843 19955 17037 3636 2933 12477 5231 19975 8140 4037 17289 14245 11733 14438 4091 14098 18999 6758 16237
6349 5414 11020 3741 14640 13763 19172 18869 11034 5606 13111 13690 3744 7673 3725 7427 9646 18670 3246 2781 15880 18742 1604 17228 6893 17249
16568 984 10591 15938 11669 2354 2004 11791 19501 16158 104 13551 5422 12303 13095 19485 15282 2913 3621 2955 15624 11610 19792 6529 5918 5540
9244 16977 17597 6183 15113 15138 15530 63 466 3433 18212 10797 12819 5103 16332 18039 2496 14602 6974 4137 8809 2500 320 2155 2589 19307
4127 19740 3382 6247 8397 4001 16286 11691 12653 2206 16847 7275 9110 14107 15932 600 19278 10183 14382 2706 10238 4206 4844 8886 18413 14122
11067 3048 16212 9193 1477 19454 17964 17914 12446 12473 670 17443 14044 8169 7420 10204 2810 15890 4705 9036 6177 8500 964 6921 6998 9720
6344 6666 16876 11796 11454 9841 15364 18827 11609 10102 9289 11782 7119 13225 697 16797 17576 8897 17593 1293 17220 9934 13562 10986 15722 17003
9579 5773 12044 5250 16515 13743 16427 5026 8030 19151 19555 12047 1521 19223 13627 118 413 3271 40 7338 19060 2150 6923 4079 10558 5563
8903 12217 10435 14519 9688 536 16750 19443 17489 8441 15563 9891 2869 18254 9969 5161 19229 10881 19934 19715 15114 7602 15792 14815 7714 17224
9455 13432 10714 18790 7713 773 8198 7124 11255 15306 8190 19586 16499 1771 16790 3311 9990 5758 1129 8486 15345 10550 19079 18614 16483 13983
17588 8518 6571 4695 7591 86 16914 14085 12652 18523 9582 11441 7622 4922 17344 6253 7727 15857 670 18338 1397 16345 5172 11648 1245 15315
5603 17746 6923 7199 11292 15074 10830 808 19277 5865 142 19540 9607 1498 12819 12897 14833 1165 19886 13845 16829 18491 10619 16547 18724 11485
16376 11115 13361 3506 16269 14191 4231 2099 1822 6419 19351 4625 16523 11514 10102 13945 18194 9025 11206 6233 16344 12601 5880 2490 7079 4938
18834 14349 126 4175 13703 3893 17632 11825 17990 16437 12206 3928 2941 17481 8369 10168 10217 3076 11729 14189 1360 11765 4291 19858 3475 11672
2279 12685 465 18598 5779 18046 12580 15906 6902 14968 4353 9460 12175 9193 10754 10192 7374 2803 3837 2019 5312 15987 18964 6188 789 17528
4702 1214 7614 2151 3079 17745 6072 6171 6533 15141 1481 18257 4397 13867 13747 5194 6394 10707 18284 18713 16474 2314 10417 2826 1128 14981
7469 15689 16637 1377 7982 733 19622 14617 5698 17996 14217 14246 7289 4254 1588 10363 15800 3006 10955 7609 16150 19664 578 2290 4627 7142
5991 1720 8491 12768 2314 4641 1586 13229 16767 18302 18510 915 18264 13985 11024 3930 6989 16203 6880 16043 4885 12504 183 16108 10947 18030
19680 11860 10061 10519 935 8775 5567 13263 13277 138 852 5477 17810 1619 19475 13685 8149 8211 15154 3583 17440 5484 11868 3379 2225 8903
15102 6752 13429 6622 10457 3393 13842 464 16746 12790 7649 7693 15017 3074 12100 11945 5599 7055 12787 5777 18036 3512 4639 17176 9327 10471
18369 7617 627 13344 1973 9627 9879 4477 7219 17219 18217 15710 3735 10414 10718 18729 17674 399 19763 11148 15690 9779 15739 19509 8434 1291
8145 16269 2502 18946 11125 3732 13830 862 2172 9827 5960 18522 412 4359 2888 12367 18223 2424 10597 19692 16133 14295 5418 1156 14220 1906
10997 5617 18418 18498 5197 10309 12687 15627 1316 17343 12306 1772 2182 11440 16748 3220 2225 3520 6589 18868 14764 2104 11760 12913 2655 10515
16209 9111 3931 17327 1593 14038 1964 1595 3797 3679 11899 12902 15696 4665 12849 15569 10114 4626 13379 13603 1116 3425 15050 8015 18332 8425
17897 10130 13690 11690 5418 18673 9156 11978 14397 12470 8955 6346 3781 11469 17863 19810 269 13484 19552 11179 10383 15793 12516 2406 3426 2208
10787 2111 2451 9801 17305 6818 5419 8965 11770 12866 6674 1555 5333 7528 2561 12106 2401 17037 17737 20000 17571 19372 11997 363 9301 16681
8705 7258 10303 17862 15813 15039 3759 4629 19276 19830 16774 4842 16981 14526 7617 9213 14429 16300 8172 8319 3754 17427 11213 12069 19921 5981
15736 17688 15572 11532 3620 10578 14056 9296 4216 4751 2158 6235 17313 8560 17478 10866 14149 3052 3812 10372 9573 11959 10439 15491 12240 16632
6777 11248 14447 4634 8995 12886 13669 3914 4815 14564 2914 14953 19549 18424 10630 19735 7394 9208 17846 17064 2112 7396 19887 12526 13266 13438
5330 6598 2122 14056 17786 5970 4785 12522 18151 9011 8613 19884 19560 3980 4964 17121 13140 9313 18141 568 3793 3407 17905 6224 19541 9012
848 11407 7405 3089 10175 201 19170 18056 18417 15339 4572 15076 251 14519 16754 5047 9928 15945 11487 7997 12861 737 18546 17057 14211 4324
6071 11505 8186 4530 14221 17611 1116 3593 10145 18596 2156 2313 15456 3797 17992 19297 8484 10039 13942 9998 10536 17134 881 6521 10275 9412
15552 17828 13984 3247 7066 12636 3753 4549 4741 9625 11053 3629 4926 12969 8945 13215 5065 11361 12769 8620 3539 10798 15617 1953 2672 3689
19739 17538 12343 5444 3035 16545 12818 12295 1507 14198 11352 1804 8621 19788 9629 17430 13951 19855 14615 6393 16883 15778 5291 1057 5822 5983
8228 6849 3830 5481 6895 18063 18660 7256 15171 5367 1408 12867 12006 18769 11738 7463 18937 18573 9905 15099 13117 16845 6737 18850 15850 2497
11632 19188 15776 1888 1842 11807 15096 17859 2155 2515 11838 9618 18519 15015 19387 2603 4722 4267 5578 11684 11324 1143 13617 11541 19388 16855
17683 5625 662 7873 6110 7552 12537 6555 842 6711 17549 19038 3980 12608 18815 12058 5783 15666 13834 11737 8329 17268 4881 6296 1098 11871
10430 8377 16891 1045 14281 15895 18721 120 14189 18248 8507 16685 10414 15069 18944 9935 3075 9867 17934 1880 16420 5286 2289 10671 14316 19534
10231 12393 14106 17300 19664 12167 15481 5720 17781 12155 16123 18976 6312 3629 7986 19775 9861 1350 137 5521 2669 14575 11402 7498 10605 7501
5933 4774 14021 14014 7386 17555 7861 9774 5674 8871 14816 11319 19014 12007 1322 8800 3155 3326 1616 8075 565 17217 3495 7414 416 12260
18786 6661 16716 8927 2948 12474 14999 12484 16272 9447 11104 14954 13672 26 12938 10725 17620 6797 6916 10623 14272 10024 12778 8911 15815 11846
14202 7028 2141 11915 4083 19359 8755 19877 1331 2296 18224 34 14059 12815 9393 19551 12843 16623 7735 6254 12764 13397 4597 6504 10529 6658
19834 3931 6148 12574 18655 3220 5229 4664 6426 6252 14768 4010 383 3912 8976 5158 19640 11744 15483 10512 10072 9940 16969 17098 9109 4318
6247 9955 8125 17593 16909 9854 5821 12689 3282 4424 14029 4524 4012 13845 15446 12821 14556 15848 16631 10565 19447 16479 19150 10512 18941 6357
7616 18487 146 15017 10265 16968 17565 1449 11152 12404 4440 6998 19768 5512 6499 8053 5158 10982 1052 5399 9438 15463 3997 14876 10557 13470
1159 12830 18034 11762 9919 15312 7720 2999 6539 2372 3726 8617 3409 1932 9008 5174 1723 11753 17255 18579 4574 17489 15143 13239 18401 7748
17815 18597 16096 3625 19450 1555 8079 15827 17718 3457 15937 17842 17730 6991 5991 3388 15625 5617 5298 14778 12537 10066 19988 3423 2489 13749
18202 1822 18966 15293 8519 11270 10877 5268 15082 11393 17070 16365 13214 14120 13436 18872 8460 10489 9886 6057 11924 19649 11772 9896 8668 6605
12727 6018 811 14562 10846 16642 16311 17890 15413 2825 4098 116 4806 4993 11342 14858 14483 4811 830 16900 81 9992 14290 2297 6144 8859
2421 19042 10181 13037 10749 17858 15052 2432 5183 9598 1098 1027 8084 9363 19483 13720 5454 8423 13975 7104 402 19344 936 15365 9226 17131
6300 19114 13494 5772 275 2408 4241 19109 19993 983 8823 15775 18220 13625 9269 15445 17884 7045 18607 8181 1616 5507 206 12372 19690 5760
8782 13079 14330 2399 7180 12004 13754 15860 19428 710 11143 7090 6567 16684 14224 2188 6214 16832 18754 13523 15937 9215 19182 5565 392 10467
16485 12181 9627 7201 2610 19883 3185 9494 14889 19174 19193 2859 4304 19908 19956 13882 18821 18210 452 4138 3735 1107 13612 9679 17319 8851
16117 11667 2688 15246 19727 6600 16652 13475 68 6329 11808 16516 9464 4351 2013 9304 16151 1821 10783 9694 6824 4131 9148 86 7086 4972
14755 13449 8065 492 16117 13704 7823 16268 4422 10983 7450 7533 4970 15146 14498 4429 10619 1057 19948 12541 14082 11148 1227 14931 10224 19460
11366 10311 4338 3160 9988 19478 14100 19828 17886 18987 2401 5058 7791 7610 11178 9750 12669 18098 3861 18402 19553 14136 11688 16182 12439 18466
11576 5567 15042 14415 19885 4163 19452 12796 2780 17082 5811 7526 9768 5300 9306 11136 18690 12972 9944 19461 4157 10251 15079 6861 15701 16874
8173 7070 13075 18618 7727 18628 14617 15396 13480 11500 19091 7411 17404 15206 19104 11634 17327 10781 7943 77 6113 249 12938 11121 1559 9709
7714 17871 10820 9322 11825 17945 3518 13922 7309 6276 11722 12066 11851 19940 4394 9739 2704 11989 10426 10719 4124 4951 9906 4214 10119 5889
4552 7171 19664 3705 9840 14198 9443 10551 9080 7983 5934 5973 19550 14194 9149 971 5172 1950 2338 5420 14943 2071 13190 8315 11861 14716
1791 9113 12308 18129 8312 13347 14487 16243 8813 15918 553 2146 12672 10160 16019 10084 5075 12199 6206 7932 9984 18820 12950 1482 15188 10234
9920 10333 6630 4702 16613 322 3315 185 3850 14817 19981 308 2325 2004 2492 1441 15910 14448 17372 5941 7763 13158 690 16427 3558 8315
8819 2708 16558 15052 12273 17302 17543 4861 10243 16624 8580 4530 7389 16987 10690 16785 16184 17385 14119 3340 6833 13321 1032 11281 3126 7800
10577 5988 527 14502 14994 14188 10721 10858 15880 12120 6279 380 10204 8280 18976 16792 13746 2818 86 13202 4014 7662 8703 872 107 15825
9761 13497 7437 3110 3938 593 3769 19800 17364 5360 13499 17564 4718 12620 14144 10630 15696 19543 19015 9225 16780 7108 11227 17365 749 11906
17773 17165 466 10309 17787 2260 1762 3272 15075 8623 1205 7796 14123 15608 13829 13673 2439 3719 19685 4680 15590 14893 4931 12690 7898 722
3762 17892 6303 15410 5240 9759 18717 11524 11605 4629 16098 10574 9138 19120 7642 13993 6850 12397 14289 349 9829 6693 17998 2854 14823 17790
17587 10105 14887 1194 4735 7225 11007 2734 7974 13942 10096 3916 16138 5600 12849 7973 18061 14960 4534 16404 4423 6290 12733 19217 7782 16212
11578 1786 11132 393 19499 7155 16213 15521 8277 15655 7737 5020 3872 15347 4313 17892 11461 12649 6526 10521 3307 18833 8111 14224 15344 2554
5565 14717 9809 16529 12654 12606 19831 12557 19405 13243 7295 12608 14458 4062 10185 11675 4302 5809 8205 3894 5638 6137 1306 13208 2737 5220
15702 8176 13622 1755 18205 5411 10998 17062 7305 17912 12394 443 16785 812 11744 5204 1950 18092 1317 15955 4085 7940 19036 2443 11769 14946
9922 8419 3485 16107 15853 6922 1725 10958 1142 1113 8442 5167 3387 7876 9971 3696 8285 17507 2903 6767 1342 10154 18132 17786 10408 6119
100 3555 13370 16636 7283 14593 9466 1087 16883 16179 19969 7495 15345 9244 16476 6786 19468 9510 4973 7050 12435 7991 13358 5541 6592 3530
7482 1460 2712 15832 19821 2482 8476 15361 3696 17714 2869 3231 14034 16814 5422 5399 13270 16708 5823 1906 11328 10755 3507 14991 1958 8663
6568 19514 778 6172 3961 17082 4456 17438 15422 13133 16388 10948 7859 17698 16155 9027 5941 16933 2799 16929 443 19611 18890 17219 5640 19329
15962 2017 320 3398 698 18146 198 18368 6857 15778 17101 14557 18251 191 4810 7427 4960 4644 5687 10733 19957 12878 17080 15706 12503 17367
3043 19255 19310 2964 13226 5515 16386 660 10331 2576 3580 15785 14529 1884 6980 18624 10969 19596 6044 17451 4684 16159 6506 407 17762 15474
14456 16217 17715 2458 11632 19946 15126 1787 5755 6159 5585 7360 11276 16476 9982 3800 1004 19514 13951 3564 96 19865 19840 10528 9298 5850
19293 18888 5890 19854 16994 10504 3089 4094 14773 6426 13335 19791 19747 3948 14784 10390 13067 15576 13696 1641 15235 11711 12752 10207 1513 17191
4539 14991 3969 8537 7239 15786 13587 4898 14955 7514 14678 18963 9379 16959 18433 530 18917 7086 19494 10724 7565 4818 13724 11163 8263 11206
17115 17041 7884 9495 19963 17108 5152 5343 13834 11650 2008 4946 19547 17308 11582 16135 11437 1983 677 19638 12092 10940 2362 16022 13232 10545
1630 15602 15393 16146 19937 11322 7231 7725 13157 12648 5188 1182 10715 18602 16612 14593 14114 3546 6774 7355 1605 13576 4452 186 1901 9535
11270 9230 19061 16380 4205 8664 2331 9121 1001 3735 7740 3181 90 2640 4534 13162 18019 16130 4872 16969 10617 13588 1294 7714 3571 12376
6039 14034 1798 53 391 5305 10307 16515 2380 4701 17043 285 18631 8738 3448 10185 6407 12783 2002 17493 1919 9236 12813 14050 12104 5289
2243 13774 4782 1470 10625 19706 8415 6509 2124 9799 7281 13464 4001 1719 17992 1323 18893 12985 9851 6666 13547 10131 16971 9944 13588 19742
7830 10745 19804 9804 4157 606 14679 13417 15836 17536 16218 8009 9413 19931 3644 17837 13971 16328 12526 15977 4641 19104 7658 15635 725 3536
7308 61 5479 14140 15391 19764 17685 3918 19598 4174 5589 10747 928 5329 15920 12570 18509 7899 18862 16840 7496 7076 3500 8327 4054 1835
7355 13992 12421 5317 13191 19504 5465 15539 4334 15841 16930 17438 15685 19299 5660 4815 207 7240 15900 12733 17002 19001 3606 12140 13810 1353
16604 8911 6554 19696 16904 8340 15270 14159 15686 9288 19066 19555 13658 19246 14383 7509 18654 11334 9114 14697 6549 15417 6742 6469 62 1547
3381 8491 4742 2109 9785 15169 14095 16744 6331 4300 19737 16906 2289 15330 4031 1602 13039 8593 19116 4983 3123 13673 17048 17359 14939 8327
16349 18241 16303 16335 8006 8239 781 13053 15562 4026 12278 18509 17249 10545 14593 2292 3365 13095 4211 1407 2919 19739 9411 15623 12778 17112
6111 8889 10468 4301 19116 11411 11784 4452 9472 13409 9561 15089 8123 16517 16534 18565 2021 4264 9179 8523 3591 6005 8534 3877 10448 10411
16587 6852 1007 2391 4308 14165 18002 17547 18160 836 9329 1380 10062 1080 10273 12277 9790 1325 5822 15653 7338 9396 6880 7748 8719 18854
13916 9965 9895 5511 2705 3203 502 14587 4852 18228 915 10691 18160 7113 4876 15839 13118 13120 6783 11695 13428 8430 11297 3008 3645 2332
15956 16672 14642 5254 11982 15423 19087 6960 9226 8768 12176 15016 10422 883 11959 9010 7088 2154 14467 4653 14444 3461 8845 9143 7860 4767
9234 10353 5702 12648 18783 6057 2926 10807 18421 4068 4567 9590 10109 13596 9280 16728 959 17500 18189 12928 9088 7723 12063 3815 8838 18572
13153 10081 6948 19263 12895 17234 15571 14513 15621 924 19794 6141 13309 10099 7938 4726 11052 12234 4176 19127 7882 18635 14450 8377 15291 3412
8079 10139 14130 17258 1241 3283 17440 17568 18503 2180 5423 4274 1726 5241 11916 19338 17446 2475 6330 14700 18312 10173 19126 101 8068 17659
2992 1666 13507 3625 5894 16480 13777 13297 16079 18179 363 13913 129 6389 10839 12507 9096 14257 17168 4853 2932 19566 13554 11212 9412 17843
17738 6754 13944 6775 2432 14829 11293 14705 18924 17908 11778 15220 19694 4336 2323 19238 1677 11591 18386 232 11752 16859 19400 3314 6535 5762
13206 5897 2641 11393 12566 7435 2277 371 3032 9340 6249 9896 12565 5761 3291 8347 19060 19643 2107 14096 9672 9499 14270 8432 12595 2493
11849 1231 6893 4793 6711 306 14984 18526 10184 12204 5806 13462 14130 1560 17144 13716 3969 8748 7443 2491 14595 13714 15838 10349 7382 4531
9222 16930 5338 2292 9695 10687 491 4854 16602 13653 1898 8005 11048 2520 5028 16263 19139 6138 15609 11192 83 19865 11525 6979 13139 171
16950 9373 9383 18960 7535 16633 3879 16785 17188 19624 2767 12825 18386 10941 7398 19967 7135 4313 4372 9973 13124 4773 18907 10828 10130 15866
13664 8409 14761 17438 5883 19690 18185 8885 18883 15349 640 17623 18555 357 3171 8855 7011 5651 11086 17433 17401 5984 434 3257 19967 6890
13600 4048 10148 4738 5932 14939 9340 1150 4345 8502 1051 8090 13005 17547 4131 9867 18282 11589 15980 9723 10067 14921 9373 3833 4186 14087
9510 5188 1989 13172 7505 19486 6743 8746 15922 3941 9012 10923 10414 19693 16852 13861 11979 381 5882 1155 6660 19478 15817 12923 1164 1055
1384 798 8107 19443 3506 18848 667 10934 11530 8820 16525 10679 7227 13102 15607 9610 168 17535 19090 6163 1157 11054 10121 16636 4744 13185
8692 15070 8526 9623 11215 15220 11940 11738 5133 16782 17175 4706 15571 19324 2014 2391 10812 9400 10681 8988 820 3971 7692 8028 15036 4316
10524 5096 7841 14293 6062 10264 1980 12777 11432 9227 11099 13261 13627 12203 1470 8168 3096 2479 19492 10257 749 9008 6228 2380 5412 16265
11467 18012 18879 8174 9429 12552 19545 4733 2505 3453 7688 3148 5727 15300 4179 9172 19939 14071 5715 17849 11204 2427 6040 15343 2790 15211
15748 8347 3974 15052 10944 5834 19430 17651 15683 8807 13320 8322 13873 10055 8575 9050 12352 5559 14196 9969 16422 13838 16744 15596 18019 8911
8053 5329 8895 15701 1946 8051 15703 3705 9447 16283 11169 12007 1725 3713 19132 2031 6291 7551 995 8847 11381 4711 14436 13004 6811 14600
12544 1824 2764 849 11424 1548 4116 16930 14781 14487 12585 3949 7172 11852 16967 6169 8379 15526 10786 7259 2032 2496 9728 3202 355 15652
8407 5056 2179 18858 14365 4547 9472 10652 11935 4177 2045 9325 18969 9380 6766 7106 19150 7708 15946 2382 6988 2197 7832 20000 6392 14866
17433 7045 8245 7621 5641 3324 16200 8075 14585 14379 8980 6238 14478 13133 10803 9042 8041 13598 12201 5518 19815 11115 2110 10135 9189 1520
15317 18128 3093 2450 19125 16005 5107 19040 5655 4759 2187 14204 7760 10044 19361 3405 12367 5582 4557 14365 6393 4632 15621 2237 12217 7444
9094 12644 6673 4309 5694 13566 15222 16263 6509 11913 11480 12408 319 8355 19460 5393 1393 19033 10010 16296 3358 12357 2770 3001 12009 4525
12246 12498 13098 12300 14353 3144 4024 12105 18479 15598 17620 3629 5700 1864 19228 16674 18390 6356 7842 14532 12016 10129 14438 14523 9993 5121
10897 7007 6880 8240 76 15666 14472 6356 16769 6324 1521 13216 4356 9269 18712 15044 3120 5592 5101 8900 5883 12801 1094 11028 1666 12062
15216 1031 13427 2604 13235 14107 4383 19209 13770 14149 11227 4798 9506 3456 11675 10292 17004 10251 11380 2093 4393 10320 6404 326 9061 2870
2953 11469 18074 2495 4024 19536 13675 3543 14653 13728 1536 2566 4913 7991 19114 16405 5285 2889 11067 8190 8951 18077 8629 7037 6824 16443
17822 11083 1416 19223 4597 13172 6642 17648 13278 9722 3871 3625 16748 8170 7452 11011 18045 12618 3039 8938 10804 12907 2000 18336 14820 18742
3723 9286 13058 1724 10839 12553 14283 4282 6261 1141 13262 9909 7735 7248 10557 12382 15975 6747 1166 15690 16376 1819 12367 5341 9016 14017
10712 2583 4666 6069 16912 12102 5639 3324 7597 3886 13585 6827 7496 15278 14391 16478 10722 1966 17568 582 1217 7608 3983 5672 5417 14112
1176 14065 4922 18075 12943 3506 8369 8947 11608 9887 7438 5482 344 9746 1136 6732 6014 3920 13906 15290 7388 11684 13668 992 9099 14297
6034 756 19795 13634 11555 5859 14433 18671 9988 8389 11119 6892 8932 13346 15424 994 9412 9664 15817 8413 12985 19792 2401 15161 6689 2524
10298 13534 15965 12181 8104 10244 18703 1640 15152 3210 17263 3413 1596 18845 14688 1098 17922 15859 10950 12366 6933 1882 6306 20000 3433 9713
11149 1698 5867 17714 7094 13589 9614 12986 19998 10479 2022 9345 9381 13160 496 14684 3371 13083 4345 16626 16411 10161 13830 1357 4778 13743
3885 16162 13021 7677 9532 15677 13922 2179 14125 3576 17010 12253 8547 2595 1225 13389 7341 14156 19704 13544 11244 3405 16033 3964 14503 5600
10424 19610 16407 11188 4032 17478 6896 14301 17151 14020 370 946 14675 17687 12529 12497 14486 7168 19224 3043 9367 11357 1811 581 7221 15176
5127 15645 6536 7503 2566 17785 2801 3462 19186 2552 6657 5071 17503 16248 11526 18963 11093 17068 11000 17081 2377 19941 19884 16479 13852 1762
8120 2479 15807 15257 6546 11330 18961 4749 6133 12815 18944 5658 15744 10771 2408 16430 16210 7487 18013 372 6187 11120 1251 4933 2055 12306
5844 5789 7282 5345 3013 3670 93 11637 16700 9451 11870 6381 11235 6587 17928 4432 3731 11618 19922 15880 1709 17394 13188 7100 12828 19519
15148 13654 7189 13819 11347 202 15953 8843 6906 16909 7851 668 16169 17080 13058 6687 12709 6262 7066 18984 10157 7008 16525 18212 17320 8009
2072 17943 9463 6664 11457 19258 3616 632 6206 18820 16063 873 394 7268 11030 13628 363 3665 12392 5874 17990 70 7878 7871 16722 18010
16490 2983 5738 2685 11143 3680 14868 981 8033 3570 1456 14051 6584 6937 19363 5741 7980 17426 1339 7870 2365 8711 3254 17448 10654 4258
11146 261 7796 1186 3333 8 16629 10755 11596 1685 13273 19440 11673 19749 10367 19520 11941 8323 1044 4938 19270 11377 16418 7664 1077 18196
16805 19219 2155 1853 703 11175 4250 7098 2864 6635 13549 12781 14338 19678 16433 12303 136 6523 19863 14611 18150 9785 15911 6427 9104 10201
11404 9261 872 9006 14681 4297 1788 2046 17181 16380 12382 11768 1416 17406 1896 10056 17585 8487 14730 8127 5734 143 18865 6290 7303 18964
7690 13088 15749 10232 5481 12836 5381 5409 16146 1881 7767 19671 16977 2003 18053 14707 17497 18665 315 14020 16613 12247 6466 17905 383 1308
11200 15436 7036 157 1107 19544 19350 3832 17788 9160 13607 5881 2299 3782 2205 9932 12549 15048 13136 5184 6454 19668 6521 5849 6172 16729
2845 9152 16783 870 650 18888 372 12715 7662 8112 3818 1730 672 4110 18899 17525 4099 12687 16351 14545 10767 14466 9982 17747 9369 3795
7465 9806 3959 3701 8795 3788 2388 11422 4592 6763 3990 15714 9538 9761 6188 7013 17254 11370 5181 17231 16150 7925 5010 10074 17825 845
2987 14611 7207 1505 17119 4621 3821 13224 15355 16479 424 16841 4855 4023 82 8067 8532 19487 2168 14416 6951 11601 4916 11089 5192 10691
4494 2155 15663 7542 5722 1283 1656 12851 17751 13509 10058 16157 14815 13823 2688 15797 11396 14984 1677 12290 4635 14793 8344 7047 12093 19580
10899 8417 4671 14312 13812 11972 11722 15916 14200 6187 5563 6501 12965 9585 18190 11711 2742 15546 1825 5660 4445 17177 11712 14174 19742 13065
2478 19203 12172 18383 9259 3974 2828 7863 147 11144 10492 15675 2970 15520 6042 11184 919 14151 19443 4938 11626 9060 7885 1169 14351 3543
8432 16799 19708 13639 9413 6063 5214 17459 4462 4110 13946 1594 2734 18196 12034 408 12141 13410 16897 17619 19023 9083 12923 18430 11277 10837
13851 17220 6298 13029 14108 16603 11181 19946 16264 5256 111 952 6209 9838 16357 10530 11359 7593 14146 13049 5105 9031 15522 7349 4826 5359
8937 15160 8563 3761 14148 8257 6381 13684 16171 12777 2029 8818 1809 2309 16581 11069 486 17911 3120 8571 10167 8823 2808 2487 1862 15103
7792 1433 6883 1982 9069 883 918 4086 16587 955 16753 19855 11323 7025 15383 18203 2156 1835 3201 19531 6212 7464 12791 19646 7184 3631
16921 10282 12927 17813 3885 7967 15828 14092 719 16854 4861 10140 4746 19607 4817 16993 16979 6505 9023 16324 14129 1076 17151 15336 8858 5652
15746 3384 6556 5272 3287 19337 11603 18062 11273 61 1300 5449 5880 7765 1505 548 18461 5092 17164 17391 5833 18261 3097 9797 2123 9940
17888 15519 13526 429 4056 2988 6465 3140 18285 5668 2583 19694 5329 6880 15900 15263 2258 17482 7326 10344 6087 7977 18831 3852 9909 19322
12389 2381 9345 18478 18408 15757 409 10879 1891 19964 10562 6245 6823 5400 14873 10613 10538 13603 17132 4868 17435 7764 4507 13774 3666 5204
14022 6150 15153 8297 11664 11270 13716 14389 9964 699 8230 9916 18895 220 9476 18805 19075 18200 15912 2053 4259 15707 14605 3680 11615 18605
5595 10800 15873 5808 7360 9078 4059 17981 1560 6668 12344 3873 4308 12629 10475 5919 3173 11089 2527 9890 2240 10935 7633 11023 6441 10865
8194 18586 6296 18149 15564 6992 18582 16467 17305 19244 13050 13152 10260 16153 19358 9731 4121 7936 14313 8380 9371 18117 4032 15444 9434 10955
18801 1370 4634 16020 11069 6345 472 15237 15298 11266 7418 880 243 9921 3830 16289 6708 1352 3934 11745 6505 5399 18595 14268 14371 18401
9586 9423 3772 14597 7291 2593 9286 17243 7973 11372 11348 8452 15357 4280 4215 3375 10019 3868 7552 18273 9502 11317 2075 10054 8773 11105
17288 324 11666 13824 9902 16892 5414 2509 576 15267 17371 70 13229 4018 17995 3231 13126 3984 2926 7271 3524 10177 9207 10056 1609 12007
2610 8223 14326 14083 9358 17120 14644 16369 16740 8853 6984 15425 9865 18552 5264 14358 14137 2827 946 19390 14242 16027 8344 13518 2126 5582
13413 6478 11477 17506 8319 14025 12225 4047 337 85 12722 1634 18365 10637 1273 15963 11408 2256 14988 5922 17463 13888 9224 16265 16704 13220
15478 8547 4781 33 318 9642 8199 17984 1377 17745 3731 8783 1316 11900 14836 15690 7563 16610 13691 83 17359 8974 15019 16106 9180 1589
1920 15397 860 1059 1896 2485 14917 6477 6485 5782 12539 3188 4575 12971 3845 13266 18202 15821 405 10130 14318 8660 5323 19067 5195 870
7762 18470 8849 9543 9942 11387 14771 8790 17964 1142 13327 2179 16023 1803 18107 818 1461 5479 11578 2931 2241 11277 715 10669 11012 7386
7432 9807 11017 17396 16195 4200 4530 11448 12679 15155 15771 12661 7142 6051 7031 5733 9145 16918 10738 8331 12686 4828 3835 19335 3468 5087
15659 13973 19656 13742 534 8701 8588 8685 7435 1448 996 2680 6614 13203 7260 1587 19071 2330 14240 13242 5573 10622 1357 10968 965 6465
15763 1940 13602 11022 9609 7075 735 3779 5637 11597 10473 10673 562 1499 14043 14016 15918 12673 8002 190 6847 7272 330 4100 19911 10962
9124 12433 891 1891 5263 10188 16828 135 12450 12252 15072 3793 5729 18513 17719 7281 11970 6873 5671 5618 5507 14720 3351 8616 19718 9203
12280 8534 19463 10914 76 14923 4412 18372 16039 10680 12048 12153 15659 10925 17375 16190 17812 3260 14696 13297 10223 3888 2523 19512 13531 19250
11302 14315 6913 8414 2581 1338 8542 4757 832 15481 4029 14463 18264 6170 13769 9415 15929 18982 6582 7713 14029 16841 10186 3079 7691 6657
2667 3767 11997 11587 14999 15521 15764 13140 1092 8471 6171 10131 11058 12675 7802 17993 15045 2903 16922 9130 3445 18107 7475 1682 18053 6326
1442 11912 18758 5202 6281 12823 8835 18546 16070 16611 8224 8807 3309 11293 4760 8746 14831 12731 12 19881 4459 11079 494 4015 2775 6783
4343 9889 14422 7150 2623 12733 3682 19801 7117 885 16248 15866 3566 11054 15327 8619 4412 2065 8956 11049 640 19711 5396 542 17011 19211
14751 13473 157 17950 12137 17398 15209 8484 5530 16515 19757 19601 8424 1479 4968 9543 4490 2013 6507 15554 18426 4969 7134 846 4454 10923
93 4970 15725 1189 13748 8862 8512 14694 18839 12454 5610 9038 18133 1163 490 18897 17103 14950 18197 16267 18586 2077 4321 5409 19712 12039
11104 11858 9274 18246 19007 9885 13921 1943 16446 5013 14805 537 2118 16885 16818 12533 13282 14111 10463 7821 5765 19701 11362 7341 1477 6424
10179 9179 6880 6174 3898 5127 8854 11377 10766 10925 2721 4539 15184 18564 19334 386 19174 10922 19042 12616 7528 8134 15798 15429 9525 9451
1591 17366 10262 16211 11054 1820 15010 4148 5347 11806 10753 11891 19780 11542 16848 8012 14601 19838 18725 17530 9104 19804 15100 5499 16723 6593
3106 14630 14562 3353 13843 4787 18156 17210 6085 14523 11644 5279 13319 17472 9401 793 12173 11778 2953 2005 5517 11196 2430 631 5371 4953
6577 4422 6428 4992 9850 2976 114 19402 14262 13189 3366 6002 554 14888 10970 18065 14227 12477 8770 946 8954 17587 13142 513 7112 12002
15514 10019 19063 1549 1353 15381 3382 4805 5280 1410 17857 6937 15239 12097 14265 2974 4416 15310 12662 18063 17494 14271 7556 12049 3731 10488
8240 9849 7752 2629 10214 306 10140 6873 15538 16692 18831 378 8557 12954 3116 16759 12136 9346 11904 15813 93 6440 5045 14016 3192 1620
18154 15999 4293 10799 14572 4160 7726 12077 3374 11281 12425 11718 7801 3121 7686 10812 10037 18605 8695 273 14932 11354 6553 15389 19692 19881
12934 11437 12446 17140 4743 714 14981 17885 3109 4368 7208 8715 12347 2555 7019 14904 2205 13926 15940 17764 7482 10835 19252 6386 3887 18745
18805 465 16898 12687 9373 13621 19238 1261 15944 3802 4264 18140 13338 17490 15810 17077 14086 5184 14495 18954 18431 12266 4844 1240 15786 9761
17822 5705 2251 19605 9533 12922 19174 5263 4437 8362 16410 17290 4316 18023 6590 9462 11364 7252 10553 19892 4282 2086 1690 8359 17360 14392
10507 8311 13634 18962 13351 4048 1759 15317 6668 1943 19948 13635 7745 15866 18028 4316 19369 18415 12927 3132 14496 1993 10672 9459 1337 12610
10880 6932 8400 6168 1527 15427 6535 2537 15098 12969 2595 12430 824 5108 11848 6641 4536 19420 15234 10943 12420 1909 17828 2947 1679 8165
15047 17160 16687 4763 4729 17261 7110 5860 1345 19683 2492 18069 9112 9087 2381 9958 12614 6719 8083 8046 18468 15098 2085 14081 179 12120
11315 19191 2458 11511 2075 17813 7107 18092 129 6224 14787 10508 18311 11609 19416 3412 1973 17996 10097 17850 5009 469 2394 5533 9578 19598
17412 1505 13017 7920 12479 3542 19235 7767 374 19424 4114 11110 17814 1421 19624 4647 8363 3753 15185 18046 15564 2529 3221 9149 18127 10894
5520 6061 15510 4074 12263 17786 17611 11226 6125 2686 4352 10046 16915 3360 9111 12493 18358 2064 12249 18593 833 4908 15992 10885 16643 9776
5499 11390 17016 1311 2172 13873 15590 10358 9266 6137 13416 10901 4114 14480 17869 384 4671 13529 7413 7342 9127 1838 4885 14118 14551 6558
4796 31 18086 5399 10927 8998 16784 6268 11304 992 2005 14668 14369 5212 4396 5366 13307 8009 14759 18943 10609 12765 2338 2983 19572 1073
5500 1742 5168 9482 7851 1400 5764 10449 4474 2526 16616 18601 6831 7224 7398 796 16641 11297 1568 8988 9905 1388 14847 14274 10960 3810
9277 12320 6218 16408 7807 8608 10134 13731 13141 9761 14292 18310 6953 14679 4343 13922 19494 13230 15468 16718 11185 19302 16890 5027 14967 2174
5632 6818 13344 17768 13141 12610 3175 802 7686 19573 15502 7290 3953 12465 18598 10310 15451 5846 6231 2874 5355 10953 1640 12888 19339 17079
14882 19504 1237 14449 17080 1857 11301 12730 702 10243 7170 9779 13815 7639 10538 4713 15304 10475 8584 9772 15449 1523 7414 15760 6372 346
14944 10809 13484 3391 10308 925 1724 12345 12751 3383 15772 11479 9644 7113 206 13007 4486 6275 13814 3878 307 12402 14571 14259 10558 16932
14328 15993 2298 5472 16933 1520 17184 6128 10643 10295 6438 14919 7535 12276 9250 10488 10035 12850 5605 8515 9832 11430 6756 15868 15887 8053
18628 13727 6646 7143 13497 9375 1885 10518 8028 16860 19964 12725 1974 14245 11133 13580 9815 14690 13863 17578 12272 7465 17970 6274 6742 17084
4334 11325 14896 6343 16471 2650 7663 18415 11742 15445 2634 1159 2430 15147 5768 18940 3804 9475 5998 10326 268 7586 9365 4704 16956 17343
18702 14050 3781 668 10265 13611 2342 19685 17779 4089 1072 10790 6525 7985 3402 5076 12485 4937 18704 12789 2868 532 711 9230 12471 11933
8870 19615 11192 18751 307 10075 14260 6533 1337 2022 4158 1959 14250 10677 8948 160 1533 1514 9954 18808 1107 5295 6042 18038 12154 14283
10882 15861 3974 6870 9907 6902 6481 4635 9654 7748 13682 9686 10825 2696 11557 18006 18580 14656 7521 17482 3481 17298 12569 8836 199 12187
8876 12397 3849 14956 11022 1377 10627 10827 4892 5358 7544 11151 19962 5092 19228 7328 19287 1848 2486 16652 16230 12522 7271 2898 18099 5679
3134 6649 10861 3123 18822 8254 9411 5543 5702 7001 15299 1003 19539 11927 2013 16624 14168 227 10483 6932 734 18016 19161 12766 5337 458
16723 1889 5592 19023 5138 4178 15348 3673 13279 11090 13903 10644 7007 18380 3720 18309 3709 12512 12910 15600 931 55 15719 17837 3736 9187
7369 1161 5908 4750 9330 4171 17744 16441 17646 3962 15239 4724 7980 15063 17933 7789 11266 14138 3426 796 3452 1354 6525 10416 4462 17499
5802 15225 7636 11707 4454 7605 8224 8761 14888 5236 12560 14706 4037 2661 1434 11614 16751 3272 7832 9577 1193 5218 2861 3317 17688 9154
16102 19830 6537 6538 104 19229 1771 5806 12210 11956 11482 11115 5771 10109 19947 8711 10022 18356 13580 13340 6286 5259 17806 19513 14610 6381
11262 6982 8736 4040 15481 9231 10803 3324 19635 18492 19495 5723 9067 333 7862 1789 15964 17830 19329 1304 4397 18693 3279 11627 18823 13055
14948 19106 4678 19698 7627 12639 18982 11816 10663 15355 11308 13121 3116 5974 10861 1560 244 8046 844 14369 1421 17378 17770 2981 1708 9648
4614 12776 5902 445 8757 17244 11684 10685 8490 4270 19722 1337 5758 9292 298 12520 6760 9604 7681 6993 10531 18810 14341 13891 13418 9701
7837 11572 9808 15026 13382 6073 19490 2310 11718 8845 8238 15995 6295 6781 3633 16215 13250 5706 7892 1296 18196 19947 18314 11092 4466 2452
19991 13530 872 14437 8975 10068 9225 2005 10817 13442 16971 7595 9618 19355 6753 9514 16911 12046 11046 15766 11019 17984 18140 7288 2307 8617
13655 18688 6307 3409 7157 1460 12332 7734 4224 16594 5834 9447 12125 16289 17609 9572 4511 9369 7375 18943 19672 3549 14979 12715 16583 12447
16326 13169 9948 1483 9254 16012 16706 9774 7657 19029 12068 6499 124 7944 9225 8925 1510 14194 18113 12217 17259 4042 16100 12586 14168 10771
16253 11168 1571 13815 7111 5788 10369 19787 4210 3229 608 1120 14794 5148 15972 5621 11368 9762 7792 13216 11302 17039 7961 13060 16436 5797
3372 17951 14413 96 3115 17188 19509 19853 16760 531 10260 11674 3413 3473 16800 830 7297 4877 2866 14363 11829 14843 13195 11236 7155 14260
6166 18191 16929 1813 17013 2989 8949 17763 4858 14196 11725 2221 16428 19349 13928 19247 9703 4468 4260 12971 9196 1076 11737 8881 6569 1994
1812 1140 6768 15320 16230 3249 17269 3484 7142 4957 3954 8592 4179 6983 7148 11131 6392 2236 18556 13379 11108 9533 18796 12686 16515 3353
4482 7536 14820 11581 17289 3897 7920 1410 5982 1665 16787 3861 19150 18682 5743 1160 892 13798 7840 17289 8061 13136 15838 7856 12816 7710
5230 2609 13237 19422 4647 7198 13863 9620 3417 7527 981 18477 18362 18946 19864 9646 6157 531 10782 13209 1500 140 1259 12332 11105 367
860 4943 8112 3423 17635 17132 18431 18349 5978 10897 7620 17583 16304 12558 12317 11928 8370 9329 8589 3553 19565 4885 4958 1278 6465 14989
11657 15101 15333 12020 39 10974 10430 13922 3639 4729 18625 8393 6015 1751 6090 3757 1323 1511 13406 14651 1902 19820 4868 7491 7708 7702
10201 12434 17267 13502 4937 13026 14319 5147 18506 14660 6908 19115 18225 4739 12295 13352 452 31 15748 1800 8850 8708 2797 11699 18257 19731
2178 14026 4646 7825 13548 5172 797 17008 7240 3956 1516 11142 15576 11689 2635 2202 1600 18948 1588 15516 1158 19422 1219 17693 5345 10617
19559 17050 1673 9785 12368 14647 12470 10461 18573 19536 13661 11128 728 16455 18189 8412 18222 5987 8321 19601 6971 9849 3692 12349 15780 76
12525 12603 1005 3775 3193 12717 1411 18574 13243 14505 11649 8389 10454 3537 16418 13970 13325 10436 18183 4005 8964 8630 15090 1399 16574 6646
2984 4369 19159 14458 12102 10534 1213 17968 14052 15420 2780 13107 13300 16448 10148 8081 470 10414 283 16310 726 91 19408 5646 4593 9722
11688 9004 18280 18025 6334 14701 1350 18033 13223 18482 10704 10343 16707 18852 18929 9190 18769 5851 15349 11554 6528 16600 7093 19673 2961 11117
1217 15994 8506 3119 16213 18621 10048 966 3594 7126 2570 7816 15113 11764 15370 18901 15064 11091 2432 3157 10176 13570 17989 11864 12249 18592
15650 15340 14206 16955 1967 7614 12571 11276 6677 12466 838 9537 19177 554 14115 889 9360 4466 2059 7104 8529 12048 18233 12528 9091 923
4209 11803 14749 13917 15935 4019 14325 2551 19348 14063 12063 19812 14927 3791 13417 19476 4826 6637 11027 10961 8862 1126 18053 10850 689 12929
19897 5254 4691 12851 9257 8676 14884 12030 2862 17345 17378 6075 17315 7010 17098 5455 5651 9763 11033 6389 18661 3514 8007 17663 10135 12309
8461 9010 11757 110 14580 7654 15458 7959 13951 11758 8750 14884 10078 10439 11468 18332 5065 9146 12651 1703 17913 12055 7822 19641 14375 0
9814 19758 9840 14347 18222 12253 10431 2257 5196 6960 13943 14606 7444 13436 16843 11123 14621 5112 18185 10698 17938 11719 16382 11602 7221 17391
4305 9854 15357 9305 12975 16092 8898 7139 16343 15511 568 5329 17306 8345 3648 190 400 13058 2722 15172 5686 12822 17023 15309 3330 7953
4959 18459 9533 10159 693 2711 10840 3207 9710 17642 908 16163 6765 6263 1840 9526 5198 11596 4222 10837 18280 12046 8733 1549 3133 16763
19447 5122 11854 17724 1835 18302 19351 15659 3292 8288 13623 2005 16612 11390 9770 5880 10705 2470 9393 17456 2427 2088 4908 10215 1068 4625
5183 1557 12261 4905 5634 19510 16016 11950 8481 7784 5652 5867 5246 11812 2004 19928 3500 17972 6771 1605 3501 11341 1852 17554 10236 17727
14340 4003 15766 15853 13319 12610 4123 18609 19830 6524 8465 19035 4258 6703 4881 12426 191 1341 4876 6045 6947 2565 1611 1868 4635 18483
758 2226 958 4365 3460 12556 13555 2 18862 5458 16794 11881 71 16117 19862 2034 18102 6694 2114 3217 2872 7469 4759 10420 1578 8449
17314 8688 4239 7206 5523 6675 7586 17535 2115 626 18249 16426 13333 6170 4978 3023 4052 13558 16015 18167 14332 5203 1798 18390 17087 17519
1210 17555 9879 5092 10175 4468 7359 7217 17234 17525 18345 5622 1537 4248 12117 9928 10486 11339 17308 5894 13287 16529 11197 16840 18261 15022
1159 9684 6050 19684 16001 6284 1927 10282 3086 5367 16818 15616 4974 15173 12674 19037 17250 4968 10948 18923 1831 14505 17363 1213 13890 5019
13351 12319 12460 10927 8698 4136 7108 4855 5138 14542 10259 13810 3092 18510 665 16699 965 4206 13965 1588 3420 1913 9480 15434 10788 6501
6477 12364 11372 5678 13641 19442 18405 5294 1257 13189 4262 19486 10772 17181 453 10540 7348 18068 12388 13300 9748 2683 12006 16747 14660 8917
12610 14961 10832 4460 15673 8612 636 14355 10302 17006 15851 12687 9220 14815 10312 17783 793 9461 5137 11219 10259 17312 14487 1279 4620 8929
14018 18343 15649 17938 8204 5926 9536 14166 8883 6706 14782 9391 15418 18315 9295 18394 852 5467 13795 104 4678 152 13209 17887 10529 8733
13253 7561 7825 6698 3820 17206 6181 5341 12801 18406 620 13201 7146 1071 17478 11150 8293 9893 9321 17711 11370 19318 6631 12527 17971 9507
12994 13404 13210 19538 1741 4742 8312 5270 2966 8011 2459 12086 12904 7788 12414 583 14160 13880 19189 16254 3788 2335 6871 15133 16434 8661
8364 3788 18308 5107 8385 9179 2306 890 13955 10166 3719 4996 364 17375 2709 6319 2370 1475 10927 19974 8690 7779 17381 16514 1645 6893
3892 15608 10041 7700 16294 15458 19285 19583 17128 6146 12783 13236 16959 9193 3829 17373 12946 15062 839 16739 1376 13954 6502 14173 17582 5414
18020 9178 13240 4935 4397 10043 10480 5064 19916 7753 10855 11839 5170 14187 7026 1585 3873 195 14700 16918 14953 16571 9926 1441 9720 1439
6399 4808 6484 3091 1818 19859 10240 7733 17832 10545 3810 12909 5845 5398 18600 16857 9277 6101 4815 17908 4564 10459 4820 4495 17310 2459
5835 16901 3177 13876 4864 7787 10354 5098 14992 13527 19535 7477 4920 18190 17802 15695 17489 1530 18642 14528 11705 18639 5846 16688 5234 1319
6749 11013 6277 8542 5283 5322 18600 3815 4197 14922 942 6934 14618 15400 4688 6043 6879 6590 13385 18329 13665 17233 18802 1917 12936 4223
8723 4659 13690 4629 12815 14659 2685 7755 5610 3330 6035 17905 11686 8155 14143 5003 12979 14248 14722 14875 9950 8144 3589 9233 9315 19454
12846 14601 4201 1543 12208 18163 8585 7960 15404 13873 18006 11350 6563 6178 18115 6570 14374 7945 2791 14915 14053 12517 19299 1235 14880 5331
14094 10224 3999 15448 15677 1909 19771 12948 11185 240 16575 10292 15765 2833 9545 9144 2754 14636 19305 10425 12924 1831 11197 11173 12963 19219
7377 19198 12931 17094 13227 19980 11007 130 14067 1171 9690 1240 17471 9481 6332 18158 8242 3873 15757 2718 4875 3923 6818 10882 16825 19951
14778 7115 9683 17467 16827 4887 15037 14073 19592 287 10357 10814 3153 13280 6625 4517 14045 17201 13906 1297 15049 19099 3620 8820 9771 18352
16717 14315 8802 9653 11786 10609 10021 2879 10682 10918 18197 11038 4959 14250 5573 2099 17900 11198 15566 14994 4305 14884 11329 3626 8417 8636
16952 14769 16743 19888 18955 10152 5883 7409 15978 6954 15207 11494 4064 15250 4169 1968 498 4673 8683 14475 14791 15400 17529 12382 11734 11897
1296 14105 12878 3729 14333 4244 4707 3666 3293 12521 15821 16208 8327 18515 16567 16821 6036 17417 13734 13501 19662 4894 13805 16908 1073 2503
832 13034 18238 15007 2832 13691 2705 9376 3770 11119 12429 1740 12582 11930 6435 19555 10821 11750 10784 6391 8606 2858 3644 1366 17228 8548
11706 164 19726 11933 10423 17464 2987 10161 10411 8626 15580 232 14452 8737 15330 12977 7923 6576 14533 17809 5734 1780 13333 3798 7793 5964
10716 10974 6661 9151 13868 6641 19086 7995 625 848 9587 4392 250 17645 16929 2306 10940 14828 3476 7609 6191 365 9660 8289 17779 16338
4288 5742 3054 1610 803 13861 14464 17749 6023 10377 13307 12495 13788 8687 53 11181 579 2435 798 3135 2544 9100 9084 15207 13605 19778
3918 1797 6897 5124 4945 17924 7086 3700 6565 1017 12233 6741 1088 4566 9335 18841 19150 8100 12502 12489 1189 12988 19923 8644 9174 19916
4249 15679 14118 6644 9207 14585 6680 8977 4627 6537 18710 6987 1630 14434 8438 14705 2470 748 19141 11675 9208 3502 1463 4675 483 6875
7151 12744 8902 270 12737 10593 2845 18286 15144 10075 18963 1355 6001 8895 5533 16961 9888 3948 12850 19505 12675 2976 19547 12174 928 8243
17443 1969 12524 3696 15758 10587 6642 16173 4594 18726 7699 6907 270 195 14090 7434 3183 8759 548 1281 1472 14136 124 17268 5167 19951
5546 9952 10427 11192 2294 7937 11563 1368 16448 12577 1707 7912 9002 1644 14582 12254 2681 16530 9477 17093 7218 5994 18927 4138 15572 12400
13424 7979 1128 18971 11247 16908 13346 2270 15219 5999 8146 5950 18378 19215 15866 10390 2005 215 11203 2326 18588 13982 14984 7061 4184 6306
9942 18431 16838 11910 11004 8491 13232 1592 15559 9227 8297 4967 12651 9609 7251 10762 11954 9864 9418 17693 14655 3332 7112 5898 16553 4028
4589 2479 14509 1743 15552 17455 1378 10870 8971 10372 3443 2054 11053 11590 877 8986 13851 8102 18166 9776 2993 12196 3201 14186 2589 4499
8165 10004 1529 3765 13902 4001 17986 1845 2255 3503 1008 6443 14737 14076 10466 2110 10989 600 10863 9882 1304 8805 2841 9587 19863 6039
16832 16584 19124 14439 369 5922 10216 2993 5204 12293 14941 4777 6940 3609 15167 1230 18767 4590 13980 9837 5559 5947 16873 12705 9226 436
4284 14234 5806 4305 5703 6903 16066 14376 16947 6595 12104 15828 7191 17602 12722 14769 19190 16146 15644 10490 2824 8021 411 2130 14944 6563
9776 532 16147 6521 3221 15322 17413 13198 8168 8037 18180 10743 15014 17945 13411 4415 2300 6397 2178 12811 16282 6995 4058 11252 5781 16060
2105 3253 4369 10171 15988 16273 3414 12344 586 7642 4513 15218 11225 1417 16998 15906 2727 18860 12266 5262 2152 13836 14348 3689 13657 14616
6228 10176 13285 17790 9931 14752 18959 16190 5755 11536 12229 16688 18890 12826 13074 13927 18498 10683 1910 12541 3218 6369 1043 11010 17769 14928
12743 4356 18232 4581 5622 10035 17211 7315 15671 15707 3701 19478 6642 953 14752 5581 10097 4799 10223 12758 15141 5346 2675 19799 11847 17756
9011 1967 12086 13153 8683 4333 747 15372 5546 6049 4127 1 8672 14534 17257 16584 14562 339 10762 15702 6609 19650 16118 12276 15441 16796
12143 16949 17662 10049 16488 17248 12797 8540 17079 19102 8392 13017 19691 14674 5430 10135 9691 16824 3367 12859 16342 5416 13526 11027 10081 8681
5534 10808 4402 16247 15476 826 8245 3500 6615 9987 13775 19005 9459 7652 11366 10671 2748 3846 18082 5984 4172 10209 8093 18059 2472 14926
6981 9344 18300 12089 11352 6367 12219 12401 947 12713 6839 9751 10095 13157 11447 16104 19608 7168 3614 7472 37 14131 2029 10847 12973 7629
17538 6736 13146 1731 17851 4737 10159 17587 4604 1370 9094 14168 3065 15069 11890 5250 5141 4012 17331 4363 18186 2772 14005 5634 12064 16818
8 8179 4395 12656 1505 13495 12840 1277 8224 9827 16638 16306 3144 397 16445 12997 16496 19010 10593 14381 16790 17548 14610 14521 123 19760
1836 3104 13715 6352 14528 5538 1617 16075 14479 18737 13272 16103 13604 16117 3796 17890 16078 1774 15161 17055 11754 16272 3705 14654 9730 12969
2488 8012 2814 1957 3519 1828 265 18635 7543 136 913 15667 2923 6833 11884 256 366 7204 8406 854 5831 19841 16074 3407 2654 5780
9675 7315 5350 16782 15250 1504 1172 18085 15336 1672 9453 2314 767 5294 10931 4742 2813 18820 15445 11616 1071 3357 18812 17117 9024 17552
15587 14107 17935 7812 17132 2038 11371 13557 17090 16962 11961 18373 17944 3603 10906 15647 16571 13214 11113 13820 900 6839 7782 6864 18257 14093
18287 14922 9525 12659 8814 15819 18267 18904 17659 11156 13406 1447 16057 3765 16272 6656 12169 14828 9307 16508 19099 19735 18569 17396 1462 10340
10780 18012 10532 10697 1971 15310 2642 15553 9102 12719 4566 6474 8398 18814 8598 319 6569 1836 883 15278 16524 14473 19836 6147 6653 14599
8069 9377 19648 7370 18099 3061 5187 6633 19781 2472 17751 1029 4051 14310 18440 19593 17852 9584 1106 1505 13151 8916 19730 19114 14219 19817
7895 3000 11521 14197 376 9827 10600 16921 1779 15488 15989 12806 11165 11141 17713 6468 4656 19008 6472 173 6395 3880 17145 6639 14181 13002
10166 2849 17900 15223 17958 15197 7273 16025 18214 2548 3837 2284 14384 1499 10179 2003 15275 15878 19217 8346 17892 15902 12032 16034 15758 19449
9496 15545 16519 6822 7981 8408 11431 7200 19814 11930 9990 8596 328 1846 15522 13998 5515 7724 7307 7576 30 10858 13727 8877 63 7475
13028 15213 6475 6504 9450 12731 5150 129 18970 4493 1212 477 19858 14923 12231 18322 13476 12535 6866 4218 674 45 897 6314 9590 7801
2850 15101 1044 8599 17093 5557 7877 10144 10742 14677 1668 554 19876 7078 17382 18869 18673 1805 6743 15565 7592 18686 19505 4581 15890 12646
13868 18328 19970 5411 4021 15860 18356 9115 17182 2013 9532 12836 16408 11125 16719 4713 415 19287 18011 12032 17213 15547 19024 10502 18658 18001
4181 1116 13721 17636 9908 15966 14712 9294 18186 3676 2765 6608 12706 12534 5114 17780 13628 6245 10165 6336 664 1096 11227 4560 8301 9975
12121 15225 17813 6270 11717 19256 10699 1292 6475 3022 2349 15577 2420 5108 308 19190 16834 16884 13719 6217 9541 5581 18511 10032 15557 11662
16402 6641 12988 15692 7107 6375 9680 3481 18644 16131 10983 12700 13395 19742 14347 11594 4255 16594 13567 19450 9499 9885 14130 8751 2835 15693
723 7918 10902 12209 18326 16364 8781 4635 19767 1871 16211 4877 19041 17356 1524 19406 18973 16833 2147 14541 5158 12321 12686 7388 3851 3997
12969 11205 14997 322 9883 6814 5578 2183 6812 9184 2578 15683 11912 15886 11773 931 7785 227 9312 15323 3701 6136 14475 3035 12974 150
12748 12503 3795 3279 11464 2997 11008 10648 6264 2335 127 16621 524 13692 16001 10014 4325 13458 11686 12336 13251 6595 11932 7949 18362 15248
7552 4621 14345 5597 10777 8218 14216 12427 16883 2028 8453 5276 18275 3922 1286 580 15337 1220 10334 13885 12378 4900 443 12352 8789 3264
17469 19108 13854 1951 16787 3480 1215 6793 7295 15545 6118 4644 7480 1003 14919 17634 6365 11436 722 2571 4980 6852 968 14279 11841 11915
18720 8226 19752 3365 851 8834 15223 12205 7003 16570 19819 12144 15037 15019 15142 9008 2820 19359 19726 2457 16977 8576 10012 4618 17903 17903
11964 220 12724 2207 1577 15430 862 14137 14319 13846 3115 15681 12612 17492 1255 10911 15490 14393 17997 13117 7959 3993 15792 10023 8989 15998
2691 4494 7385 6139 9857 14721 13600 5227 10903 18676 4505 2497 19448 2529 8831 1841 4626 19396 18952 4456 9920 1212 7551 17110 9293 5809
1306 13356 19707 1799 5016 4953 1346 16186 10395 1786 16053 14544 798 7619 14105 11165 3118 777 7649 19196 5337 6064 10019 1826 18139 4563
16387 8301 15623 18790 11936 9867 8793 12937 5960 19268 2038 6005 13404 2726 8185 14528 8563 19642 11929 101 3786 6708 16090 6749 17221 9155
7451 14029 169 9975 8182 19757 19090 7884 4910 3530 2243 4503 2394 15586 9052 16816 862 4738 18880 13385 6560 16551 16953 5827 18160 17019
12851 8016 43 3102 951 4715 15049 12600 15919 18851 12326 2592 13363 12433 4297 18258 1248 18254 10047 11524 7619 2498 4221 7177 8372 15699
18455 16925 7784 5223 9364 212 4971 15017 8804 16741 7904 11500 2955 11603 7907 11621 11471 16716 15238 3148 17047 3674 15742 567 13636 440
7027 6339 14867 16230 1019 17374 12108 10860 690 9630 3285 15235 15678 5488 9548 11172 6116 17110 3571 19377 6191 13784 12966 17764 19361 14336
7785 11137 17625 2624 4229 6020 1083 18228 17808 6814 14224 10388 16129 11262 4171 12980 6627 6878 18852 9815 13144 14647 18530 5150 8496 15014
13065 18202 19824 17590 16164 16344 9732 16580 13410 6941 9807 6445 14715 6829 5418 10033 3299 7420 18012 5551 18815 8563 1912 6777 2082 10990
1995 19894 6872 320 16140 17971 12573 18881 9047 16098 5752 5421 9129 3418 878 8770 5008 7145 19573 15537 9484 115 4855 17517 13172 71
2327 3304 5903 19029 1387 19368 4343 10830 13453 11120 6184 15723 14674 3702 12415 7058 9541 828 6061 5693 18690 9528 12862 18290 14168 16467
3775 5959 16181 16727 2485 14948 16344 17860 13556 9451 19762 6117 15051 12944 6008 9137 8547 17526 11586 552 5658 12177 13873 10638 16378 8404
7854 4487 17952 11725 15387 6453 19130 12732 3001 4992 9035 15362 7368 11654 6546 245 12412 7945 13576 16181 7326 7255 18048 5801 12292 15224
14265 19065 17907 12240 821 18956 7615 4156 17118 5801 8776 5526 15472 13404 7975 19732 1081 6937 9444 16784 3545 7653 7447 13422 19214 17584
1547 15957 14371 5486 5054 11254 17073 9731 14093 7081 19683 17419 986 8661 11174 10482 15290 4246 12204 8426 8742 3090 6856 6063 5740 990
16291 686 2348 18315 13264 17375 5449 12363 17927 2107 2788 9068 17172 15143 3733 17719 13812 8415 12746 19617 14300 3637 8854 3743 15640 939
11876 14114 7476 11401 18724 13559 10246 2064 1827 14912 13741 3237 1068 1411 9409 12346 55 2016 16428 13920 14764 8585 13502 491 9086 13382
7821 8698 13611 14836 10131 8176 919 16598 18453 5162 658 14799 8446 19348 15540 6464 18297 9922 16716 19740 3060 10366 13452 8088 17811 2754
164 7787 3011 12216 4357 7302 16495 15005 13091 16530 17222 4174 11162 18979 15370 16577 2258 14782 19132 14599 8714 175 12650 4809 15469 19944
15163 3891 7679 12218 10338 13677 4782 2579 13360 19595 14758 3806 742 18722 7578 6131 17877 15006 5925 15086 10691 19233 3583 15281 15091 1428
12953 6096 89 8065 19370 6627 9725 17914 17299 2221 18555 11861 9089 10170 401 17789 1173 7062 10502 9536 4363 16094 4658 12919 558 1685
11899 11738 6195 10613 17575 9821 2336 4599 12284 11872 4854 15286 16298 15864 17981 7689 6417 416 9073 5143 15579 17130 919 616 19073 4923
3786 10902 16117 12689 2301 6868 5217 16330 15973 19106 19608 7842 9018 17052 8881 9624 15959 5800 16986 18875 11 16439 7158 15012 2812 4634
8040 9397 4274 6664 7192 13446 12261 10207 11283 12745 6278 4958 4923 10419 12424 11420 10885 9344 7066 3998 3078 13538 730 4528 14199 8637
18328 16549 4494 2145 6034 11640 15107 15487 13778 911 5899 14332 19475 16507 11984 6548 13242 3829 9993 10325 5047 5211 12647 4468 2652 6382
