365
45 73 5 45 53 7 60 36 93 86 71 8 100 63 25 50 4 83 90 97 46 0 99 99 0 96
12560 9981 10952 1513 15908 6308 17718 5627 13201 5849 18664 16386 6168 8799 16817 4100 6991 17721 6427 13444 17689 3373 17011 5192 12656 5175
10272 16180 5838 9681 17337 2536 6082 1530 14670 16124 17313 12197 18350 413 17777 1993 17466 7550 10737 9935 6982 8293 1403 3974 19890 1149
15302 14030 15612 11767 13816 1053 12529 9143 11025 8662 6748 465 10810 18804 353 10436 4031 13923 6973 13714 3204 17847 2879 3759 14276 13819
7266 14921 7215 15936 14540 9448 13300 15908 15709 13475 13925 12527 763 14704 1026 5693 1569 4905 18796 8425 16237 17740 11722 19909 6049 18091
4275 10234 15545 16484 11389 3983 10841 5863 10302 10523 16812 18930 7456 6333 198 10788 15280 13416 2261 17676 11562 3994 1841 5299 10918 1299
12959 3282 9675 1797 4923 491 19294 7700 14541 10949 16009 1061 6281 17397 646 3300 14374 4528 5054 15344 16054 6374 4041 17439 79 2345
17270 13862 18914 16949 4012 9510 5924 14943 13692 1960 4320 10490 13385 11646 2553 977 13167 6858 6698 4649 15021 4863 10739 10184 12173 5852
14480 3366 12983 8932 3306 3478 9246 2285 2964 4736 10488 732 5484 8077 15825 17689 6500 15307 18961 18335 1516 9747 5828 9996 12481 6718
16614 17231 14058 16400 3585 17406 15636 8245 3078 17939 1365 3202 846 17293 7512 3429 13992 903 18296 14974 8384 5504 9068 13283 5070 12503
18498 7057 954 16154 9889 13401 18432 12035 16897 6764 8453 14223 18468 7272 136 10643 10652 1606 3982 4257 5305 19824 16358 2664 5859 13802
11783 14501 14334 6440 19342 17851 13880 13119 7534 19641 10831 1242 19483 10250 12389 11786 12831 17284 18975 12193 7972 18542 16023 1460 19566 7534
2059 11268 6366 3995 107 4668 13355 17336 7326 19664 19989 8019 19660 6972 13744 12141 19222 2977 16077 239 13502 8799 8239 18415 16476 10646
11930 6695 13473 4301 8934 10635 18522 3417 9383 4687 6361 16869 14982 16930 2103 17978 556 7096 4469 2532 15380 10705 922 17140 4107 10065
5375 16816 15454 6416 9739 13088 12862 14709 7008 4670 4528 1822 3233 3472 5932 7450 9380 3503 16086 2264 4811 14605 1527 19682 503 4923
10085 9879 11371 15231 17453 3448 7781 9102 4222 3268 10345 1042 13619 8501 16188 16427 13110 19418 6249 3426 6183 11967 12329 1867 19189 5782
5947 15776 3925 16250 13171 8419 2341 14914 14740 15951 16491 6282 8583 8789 13207 4332 4467 6264 17833 9017 13860 337 18060 6343 11047 1027
6878 3649 3892 9850 3544 3754 2678 8076 10563 15727 13711 3854 6797 2472 4567 3028 18636 4472 6413 4296 7514 14561 7764 14973 5853 1778
2141 14648 18169 983 8015 3150 126 1219 240 6729 7159 12011 17531 16273 5306 18669 16730 13949 14994 5101 434 17410 15904 9975 2918 5243
18403 12370 4242 9951 19880 8345 1361 18403 8252 10933 14243 4208 4794 11792 19486 8783 3999 130 13938 11796 11587 19616 18475 17299 9729 5688
16135 8660 1041 15666 16471 16789 13648 16782 127 8681 14818 14097 6109 17200 17664 16349 1822 17797 5895 853 6424 503 19914 2426 18684 11488
8856 15142 6805 9281 6024 15935 5153 15626 3693 7168 19490 1852 14987 6731 19052 7023 5815 9780 17425 12341 9891 2958 12596 8831 17860 19594
456 3304 1922 14324 6112 14053 15378 14545 10448 7737 16665 17411 10329 3140 8488 17369 7203 11778 1621 9386 1282 5017 16891 17368 4158 1126
2479 11396 17261 13178 17283 12761 18993 1373 2966 4872 16808 595 4699 425 10400 11571 2241 13094 2830 5013 1777 4332 3038 8179 16752 15707
17697 15068 8605 5181 1304 11097 9386 4120 14020 692 4015 2647 4755 19420 9959 17604 15126 7557 14629 1303 909 8332 14941 14814 16640 8372
10686 4837 8296 12838 9541 4758 50 19113 6811 7512 1895 18480 18466 11335 10898 7057 17668 18029 11403 11259 11329 9553 4563 11861 10595 8144
19719 9108 17537 16414 5649 10158 502 16959 7484 5450 351 17869 2940 19266 6307 14817 16215 10367 16054 11290 19060 12882 11163 15695 1124 6496
17287 18430 18350 10958 18151 12342 4592 1678 3198 5872 2966 5898 689 11944 7014 11572 2622 4888 19956 9045 9695 13894 13990 1889 17484 11959
7329 10499 8419 5824 9157 9749 7067 182 17972 9241 1301 11345 3158 13478 1516 17085 6143 10188 18482 8767 15470 2415 17727 7232 1990 5480
2915 9073 2871 6352 7667 9694 4238 8779 6329 13419 18881 2954 4909 19525 15590 7639 13627 13481 10394 4251 7338 17980 5006 5054 4152 3874
2457 7820 2222 5800 13361 3383 618 9606 15062 17073 7430 2768 1508 19888 5920 4683 10895 16054 16386 5901 13375 16790 10402 16756 2756 6265
10870 17767 2184 13854 14155 19195 313 12541 19621 7824 17806 12689 2250 18550 10603 7983 9967 19728 18240 5589 11049 14703 17239 15519 4658 7324
10879 12446 1251 16366 10019 7134 10443 14239 6597 12206 10995 18254 15536 11431 9978 3358 3464 15541 13602 9263 17956 17485 10333 5509 1042 19789
3410 9390 9994 562 2176 14242 3385 5936 10756 15552 6145 1235 17227 1999 10410 14932 19870 3533 8193 11559 10702 1210 5481 17914 2200 4371
14617 18427 12269 19364 12975 5930 16917 3866 8840 1640 8155 17868 10767 10991 19155 18688 6722 12654 6495 9226 9393 16114 14598 16295 7202 9985
15538 6905 11550 11017 1790 13800 2580 6828 9366 6209 16183 19517 14784 15079 11171 15107 9764 8629 1360 17865 4744 4036 7561 9137 2171 2478
108 11017 3985 11885 11473 10327 16673 14400 18592 17581 8480 2421 8579 13509 885 19331 11064 1999 1168 16626 2254 16764 12246 4885 16146 7000
12937 1847 17301 17331 19470 4795 8352 14713 12091 19060 456 17899 15385 1865 19504 16575 6979 17588 11691 18385 5742 10441 16380 3912 12220 3716
17474 18866 851 5165 9268 4157 17210 10878 15880 17273 17536 7318 12857 1811 11940 1248 5482 3485 3337 6890 13841 8071 2274 6937 18987 866
973 11766 7951 9525 6869 4512 16957 4199 8858 12578 8097 13582 4613 1906 4182 7114 9915 4418 16826 18478 19143 11823 4107 3375 88 12899
12091 14339 10813 15405 901 3684 15401 9205 4005 14086 4535 5108 2841 1331 12857 1417 19396 9331 5684 18529 10136 963 17641 7620 18949 7820
19709 16900 16745 14010 10305 19068 12086 18884 6962 16036 7768 5445 12616 2925 3000 13183 4906 13650 9756 9572 4615 13474 15775 12735 18803 14177
12856 19919 16417 11423 3484 4283 12744 12497 3080 17067 7896 8857 19951 11454 7619 15276 14100 18411 7661 12385 8802 8544 15227 10440 1209 541
19532 14487 2962 4563 2497 7144 1542 5881 17481 6541 5016 12979 10722 9092 4384 4100 18431 10776 13415 2878 5502 13349 3501 15108 5084 17300
12282 1002 9125 14411 17242 13041 6172 12782 19692 3730 16254 173 2897 12780 12157 3128 7894 1659 10288 14187 11367 7707 11496 6113 12599 18365
8202 9039 14867 18021 14654 9273 15188 11666 16832 16991 10791 12719 7159 13029 12498 12078 11557 259 1551 1338 4486 18808 16717 1379 3284 15071
9324 14094 12092 2280 11398 10246 7839 727 7302 5067 2496 6669 7358 10690 8918 6145 2215 2160 19934 13235 10794 15203 11889 10717 14313 10290
7711 8395 17513 5702 17595 13730 19653 18089 14959 2983 9176 3790 10379 14580 19904 6768 19514 18192 18128 8229 16207 8860 14301 14398 18383 8786
1475 1915 19713 13972 15985 13481 1188 14627 7448 9737 578 15450 18363 15224 8808 13011 11674 15611 15324 7484 17351 16007 2832 15988 17026 9731
2554 749 17259 6034 15956 14375 17619 4090 11870 13584 16333 16718 14435 19058 11043 2029 11533 11171 10874 8095 14711 19431 15916 19564 9213 19501
8785 2125 598 12438 5384 9121 7138 17130 18429 12525 567 9555 16476 9451 41 12615 1528 12180 6442 19357 9970 19305 8662 19168 1345 19552
1602 3939 13193 11833 3921 8959 18730 5203 3702 8774 18009 19937 11381 11093 17198 18329 7541 18676 5942 2688 8548 1864 14312 15217 9491 2202
2451 1281 16568 17588 17888 8359 1325 18354 4417 14530 16620 6141 3481 5428 16441 11153 19448 6145 12702 11802 3868 1263 14651 5853 11358 13871
13507 4777 6490 6825 6284 11257 16349 5467 3347 6525 13721 17509 13019 19958 5270 8106 4999 4642 1872 18226 770 5066 2775 9330 16892 12182
13564 19634 2735 5798 14603 15405 3327 7460 16641 15480 13774 18943 15525 1451 8940 7585 11577 777 3323 14020 17183 9509 17168 13921 9836 4745
3874 9278 17049 7395 8212 1978 11072 16808 3866 3369 9709 7120 15398 8814 6776 5474 11968 3710 3924 18500 14715 9225 10321 17384 13845 17475
1193 8521 3214 7432 2499 15895 2649 16604 2245 16758 4034 2534 14438 4319 14691 11650 12062 15933 17506 4041 19752 585 8789 19289 17555 821
6096 2313 12062 12647 19240 16433 12098 15844 13878 739 6481 2629 19800 11092 17259 1429 13405 11387 10775 18346 4583 5516 8430 4197 10969 3172
15192 10611 3415 7820 18439 8243 15329 14236 16802 16315 1666 4658 16727 11595 2060 13178 11602 11846 1979 13137 3370 18918 14778 9614 19755 15880
1227 15392 1187 18902 5061 10791 9284 9400 9479 3438 1638 9610 6647 7064 16036 2634 9889 13677 6834 16874 6274 5897 76 18265 2153 13699
14573 18266 15238 13691 8900 3382 8912 5553 5299 9027 431 6141 14283 10790 13381 4330 10417 15875 18023 10977 8710 601 8092 12358 6792 18144
3776 471 2832 17541 10706 4086 1140 10928 8105 19663 12015 8486 8908 6971 11599 17014 8598 6379 17009 3801 4455 4432 14188 11191 8807 2271
15202 922 6773 7926 18743 11893 19620 4307 1649 9991 17042 18562 11234 3339 9653 19357 18841 16624 778 207 17977 11036 4487 3547 15086 8412
10642 15893 8613 7361 457 19772 4166 5144 2190 7205 7053 12798 2983 10303 16753 16275 11720 10587 5507 4074 14670 7460 6616 3399 1869 6215
3071 9306 13892 8550 11447 18986 4910 4161 15010 18776 6757 18566 15307 3297 18934 5041 8625 19574 2751 8450 10586 1720 8686 2723 1780 8799
6790 5647 17686 13943 19870 19749 19104 10684 9674 17082 9376 5330 3318 8682 6304 19316 15995 8003 8917 6149 17447 7163 9599 5707 4801 5412
13981 11600 7331 13007 19550 17703 954 711 19711 5383 11071 1024 17017 3917 14850 888 17628 9635 19197 13866 7008 1383 1389 1656 19971 14219
13252 4969 14712 12777 6101 16496 11909 14272 12901 12152 1980 19371 4917 1877 19287 6608 11422 10461 8191 5555 1849 3982 11681 13789 12801 19265
8405 10461 2874 16692 8725 9654 8526 5749 10266 9595 9046 3517 10167 9714 12525 7883 5288 10035 12044 8082 10607 6787 14472 1007 4104 18268
3270 17133 16755 14834 14974 4927 15438 9671 6651 10832 19189 15139 7439 2020 13790 9084 5115 11952 8531 10834 3521 15107 4590 7406 3979 9190
12890 14802 9978 2250 10827 10503 1374 14361 2361 3117 3250 19640 12711 4279 6714 17569 3074 17103 6149 11718 3316 5239 14521 7090 18585 18247
16442 4341 18952 16772 16951 4814 5949 13293 3560 4172 6997 19228 993 13730 344 16713 16920 5145 273 15412 3304 19043 17284 7950 18042 11486
11062 4322 9691 6082 13574 15550 5498 9440 3969 12274 5412 6205 19437 10654 8098 10234 17452 13061 1042 10857 3123 388 3742 7978 18834 19283
11058 15468 19254 6374 675 4013 18140 15821 12153 5186 14835 7880 12537 5850 15920 4892 12281 18365 17840 757 2660 11472 18267 16788 8129 12199
2281 13487 19764 1536 10946 15281 15715 671 10515 18183 5452 3624 14532 18230 10304 2834 9935 15045 9226 11516 11979 4013 12762 6957 11439 1784
285 3612 12563 15082 17934 6673 12032 1166 8193 17712 9512 13887 14974 17132 6999 11374 18445 7259 4818 430 12317 7573 15719 4337 2903 13228
4740 13253 19846 6831 16400 7684 10737 11856 15204 16675 349 482 18405 415 13243 6581 13095 6937 5301 10293 6502 2050 4124 12879 17686 18764
12030 13199 6920 15316 12016 3629 8874 9656 8471 7551 18958 16170 15401 2057 6007 6153 15541 18607 3629 11177 19674 3295 13949 16823 7432 2353
15070 11402 5293 8313 8926 19311 3023 5200 10584 11770 2350 17221 12042 16047 17646 1241 18628 15124 16288 9919 1615 6270 7430 1700 19563 12374
13929 9962 13271 12070 6535 7218 9281 11183 15806 12589 2316 14687 12831 8237 13577 8430 19730 5314 17560 10203 17554 1750 5255 12317 629 18713
17836 7505 2937 5978 5772 5046 1205 6610 9592 19415 5482 15598 4716 12592 8431 5994 10007 14583 3972 14732 16118 15199 58 7021 14191 8534
2852 11608 12670 4870 1658 11061 16404 3695 4947 12886 7174 16604 19198 3060 14363 17081 1455 17091 5217 14879 764 11621 12457 14305 10261 16499
6003 5250 1371 3709 853 7232 8356 30 13045 11807 15999 19337 1022 19229 7406 5457 2463 10942 3895 16111 4796 16440 3861 337 19776 10843
11520 12860 12363 5335 4640 5996 11328 8167 17964 12510 7428 17368 15916 5758 274 12285 15076 13293 17212 5148 13465 5449 19040 685 1429 137
7762 11121 14669 15110 12074 10915 3242 13523 5502 658 11550 15656 11992 10952 8243 371 10022 19604 12159 5150 17592 18124 9489 6177 15624 1304
373 12204 12512 19096 7366 6477 11560 15256 5487 186 11514 15130 9636 7179 19979 11905 11459 1250 12566 3538 15734 6653 18319 14624 6471 8023
9401 5145 19240 9546 17174 10360 10558 16421 13954 1642 6504 18850 54 4174 19063 19405 15821 4925 14408 9343 13348 3060 6450 14589 1897 12376
3405 17119 4687 18542 12198 16273 11914 17915 12716 620 16875 5646 8103 8800 13777 11750 157 14287 15945 11909 19761 10932 5102 2146 14892 16393
2855 9641 13027 7226 6577 3294 19000 7160 6884 5513 7645 9260 16501 4442 17014 18238 13727 18940 12903 19517 17340 9423 16199 944 10349 19105
14939 12369 18062 7479 18983 7711 15022 14445 14917 14449 1304 13926 1717 5710 17249 8536 19019 2970 11591 10871 3516 6655 1669 18693 6584 9669
13497 12249 4966 13394 9466 10329 4582 19137 18183 18587 190 16818 9523 6036 13647 11346 12074 2650 17822 17846 980 9766 14262 9549 2823 18796
13930 10894 14993 11303 2703 17816 15481 1245 2858 1624 14210 1653 6718 2130 19554 19864 2497 6472 13805 1467 6705 6580 16646 9690 4009 16649
2878 9378 19880 15514 2385 15897 2492 1426 15661 16754 18037 10800 3901 4338 7635 16013 8153 3605 11760 94 19321 19206 19319 4619 3297 695
14173 3624 5235 13501 15425 13846 13045 2130 19957 8311 485 13427 17749 15180 19726 14797 18969 11052 14 9468 13567 18140 18450 10863 11876 8002
4335 11179 2935 6204 4937 2741 14812 5201 7396 3100 2862 8010 15317 19836 617 10958 1204 12987 11462 14364 2673 17967 4551 2547 4878 3235
9386 2859 17822 571 14722 17930 14844 17165 9766 18508 9493 6446 13909 9843 8040 12550 18751 13141 12029 8492 16653 17588 10025 13216 18708 18723
14704 2769 11355 751 4989 9402 2634 12117 15104 6282 18680 8294 11825 17906 17161 8395 13747 6331 5759 10426 16830 14787 17804 8468 6675 19332
12735 19266 17274 3260 12947 11349 3127 1649 14685 4865 1913 8336 15744 3438 6306 15035 7502 17543 13831 2092 17822 8441 14600 115 11571 13831
1077 10395 15580 974 12319 17536 15000 7731 19438 5299 10662 4111 12236 13266 367 17008 7050 695 2790 13117 19260 16695 15051 5379 13091 11772
18867 3579 3317 9866 12907 5616 3617 4374 17640 18297 15901 17354 17703 11003 6645 164 3841 914 12387 10092 17530 8681 8672 13916 6064 6942
12222 7801 592 6406 2389 9727 11312 18791 3574 6606 5725 226 19793 4585 8607 7979 3745 16135 15716 16440 7918 9154 4104 11863 9253 10909
18423 10217 10561 13945 19991 16812 3257 2888 5653 9265 12417 9440 13465 5896 10119 4008 15113 12462 13154 8173 9112 14209 15696 9548 15257 15603
6012 9054 9883 15007 11585 14749 8202 7693 16296 8198 3976 5943 2884 13252 11658 1968 9004 10274 19018 9524 15317 18662 11376 6915 5493 14492
11662 19466 9040 6338 13964 552 6303 13094 8450 12542 2893 2395 12558 10567 12956 14388 13993 4790 10439 18972 14096 9713 7655 11436 483 9546
6908 14582 277 1582 1754 6898 18664 13479 10007 4439 14208 15946 14716 17809 3768 8522 12901 4894 11646 9700 15851 12489 1769 5917 177 6187
9936 3733 2085 7552 18770 11507 5429 11725 12127 7595 11114 6599 13510 13598 17245 11033 19751 5757 6400 1172 15665 3552 16786 14186 17306 2950
12335 413 4530 7237 17834 18615 16420 4351 14562 14039 10466 1514 15615 1330 3554 8343 8176 14839 5288 9068 9895 4323 1874 15381 9811 14874
13842 10733 16307 6700 4979 9751 12846 12392 8512 14573 7956 8507 11275 18432 7979 1423 17877 15442 15865 2196 55 3851 8377 5411 7980 11210
15994 7063 17477 16019 14879 18456 4917 17557 10505 18573 6451 8818 15129 18449 7876 9603 8937 14254 19418 2222 6476 18332 10398 8242 15161 1425
17998 9147 7368 2386 13023 12918 5301 17020 18626 18162 13894 7901 1817 14190 17365 7151 1994 19732 10531 2589 4018 19800 19662 6672 242 6049
18556 19244 5877 11819 9523 1641 8450 18733 5906 6470 11774 17410 13601 15340 19119 10349 19574 6232 4037 6690 2950 16555 1102 1318 18409 19348
5760 7877 3421 4398 10288 9216 13830 15241 9323 14523 5990 9803 15446 15888 5976 18570 3196 14395 19746 6401 18377 5457 4163 19668 2034 11686
12319 18331 12999 12194 153 9419 5240 3289 8836 19864 7327 4984 8245 12917 4161 18334 4143 5396 924 16548 12080 889 1485 9989 11093 10705
11896 13029 15579 7782 16213 10702 10247 11171 6001 13402 1361 3829 4183 18753 14427 7353 8676 14001 14405 15253 18078 19100 14281 19614 16751 13518
12842 1198 13561 6882 14200 14554 10650 20 4771 18779 6512 15016 8161 19525 1630 2913 226 8616 13278 16821 1273 3372 11780 3330 14457 13030
2750 6744 3024 2593 9260 14030 9693 897 13068 10650 5750 1590 2823 10048 7698 18589 10826 11884 7892 11213 3808 19280 12174 5843 3475 5284
9704 12419 14308 10149 15682 3702 13147 3473 15090 19767 5017 11173 19853 12896 7782 14106 1950 13999 5440 3768 3967 6090 6432 16708 8996 1395
18558 13069 16333 10247 15305 7514 16482 400 3609 17367 4173 19239 17997 3410 208 11758 2545 1658 19863 16963 13466 14239 7894 3557 4008 5789
6245 8375 1846 18753 6854 3830 9656 19081 2972 10779 15377 4553 15775 17008 17971 16462 4028 104 8598 13215 2159 1049 2728 2189 4438 4529
18161 19985 5483 8836 3921 7085 2374 11990 7790 2660 16152 16916 5387 1748 1669 10939 14990 7907 19902 19257 10250 1957 13011 8625 14755 13339
14836 16178 9785 4675 10512 3728 14524 19781 17280 1587 7540 16849 10876 18565 3770 10560 12984 6512 13426 18641 13542 5280 16599 12585 5700 6363
13660 10603 2649 14671 17602 2552 12892 16779 8289 904 11961 2508 16487 3473 2286 15791 19514 15393 706 12345 6610 4259 16999 8174 11185 13788
18241 5186 5667 1259 4733 11043 12795 4375 16204 4102 12365 4633 8757 17403 19881 15773 4269 9182 15271 11651 31 19097 3243 8279 10122 5563
4052 9111 9786 13774 12771 4642 16999 7027 6139 18554 3191 15533 13716 14770 1728 12311 10261 6884 5483 3101 8018 12458 7506 14562 7853 4382
3956 3445 7995 8579 15863 4058 6669 15188 7235 10774 17105 11979 13180 18297 19774 17600 10181 13290 2455 7433 344 8106 9333 12141 8811 8420
292 5466 1560 2723 16591 15082 10771 18491 16775 12873 4895 6192 6875 7292 1700 3315 12012 5192 5584 5734 5036 5865 19612 16110 2605 11159
14350 18588 18847 16329 13492 3320 534 7632 19203 19873 12382 15022 14194 12620 3033 18142 7889 5390 12321 2467 18904 16230 17062 13627 3622 18764
1024 7354 16909 12636 431 77 2236 12541 10371 14215 8030 10469 19340 8118 7124 19170 6283 11049 4010 13129 4825 1298 9736 18900 6785 527
6190 7540 5713 16850 4596 2784 6995 8755 3336 7692 14203 8836 5442 10638 10522 5627 18287 9307 11038 2465 5889 18151 837 13479 18169 14057
1553 8721 16116 7104 11056 11641 5625 18934 10421 19064 6743 12512 9648 18006 9508 9288 10975 3951 7504 1143 3052 7440 7343 10938 10212 19083
3811 7244 2633 12092 10914 10916 4592 2817 14368 10593 5262 2972 2336 16723 11713 7045 1703 15003 36 16352 11919 8389 14985 14971 13342 4614
9118 11331 321 3374 14883 19942 19226 8693 108 14045 6373 17753 18701 1234 14705 3420 4580 15531 812 17365 9691 19087 15916 15635 9004 17639
928 2906 16100 12419 15960 19476 19806 1065 10558 17681 13736 4089 19547 1298 6895 18325 17288 17106 19111 16432 5970 13952 3569 1151 19714 17797
11556 9875 13576 8300 2906 10199 17864 14202 10066 11157 13036 1070 16938 17471 16939 11204 345 3022 11040 14961 7020 1586 19721 2457 17438 2156
14112 16513 19973 16758 4318 8947 3912 7679 15460 6756 8366 3599 18743 12577 14273 15781 18755 9104 7882 2631 5642 18180 18898 13460 16548 6493
9275 1151 10851 1196 3329 15336 4094 5378 11776 10742 7470 8489 871 18601 105 11482 17813 1673 8780 13596 4541 1938 16092 16621 16 18393
874 3930 4231 14116 8098 11341 13672 2980 3791 4004 13548 2180 1978 5109 14419 17842 2086 13012 2298 397 11484 1476 17581 6514 5877 5754
13213 8777 19435 8228 3914 14001 4941 11595 8762 8627 8121 258 1405 3553 16369 10950 4794 6717 12658 4868 7255 19659 11222 15090 9807 10959
5055 12733 8382 14855 8326 3690 14441 9866 16442 15231 1748 16817 17008 14705 1225 11393 9299 18923 15756 7711 436 10435 425 7450 17920 9988
18984 6430 15419 13493 11920 18965 13427 6928 4989 10314 9508 8491 18542 11829 7926 12327 4727 3787 799 13801 15368 4836 2102 15837 5919 7233
600 19509 18825 17302 2091 10389 8144 13595 10771 183 8529 2658 5289 12297 4441 12236 2877 4931 3148 18327 10016 17423 19515 927 2714 9767
16657 1720 5480 4817 16717 1263 11354 15343 5663 5297 6137 12782 4919 602 13378 15813 1607 2342 15871 16635 12330 17616 3504 6892 17478 3310
12149 13831 6619 4719 10522 6556 7909 1074 14287 17534 1823 15936 14018 11278 5699 3857 15398 6703 13044 4199 15500 18492 6517 13494 8104 9933
1665 10964 7505 8666 5842 11491 75 2417 9226 8828 16126 5473 451 14154 13933 8532 7239 13108 19729 15009 17348 9789 7129 11477 3120 5193
13395 4995 5468 15103 9464 12027 8493 7857 12610 11560 11499 10513 17624 13091 5130 14337 3770 6419 3677 18928 17573 15127 4295 746 9963 12156
18918 4851 5889 14439 13907 12798 14641 2899 9751 7551 733 17463 10182 977 15338 11425 10285 15146 3169 4743 6165 10097 18426 16041 9815 3475
13076 11610 8836 7156 1784 2987 13030 2561 938 13620 14024 164 1486 11308 12941 8499 14959 17692 430 7461 7856 1582 16916 2980 4793 2704
5583 2560 8798 12330 18545 16780 3282 5157 17841 10930 7029 8233 1343 272 2824 11241 9062 17778 19488 7736 16202 14971 13175 16822 19566 3634
2257 2460 11663 2241 5603 18530 14876 15914 3046 11103 119 8903 4335 6793 4834 7059 18272 15410 11489 8920 10384 2350 9262 17217 490 4417
4830 9588 1416 5070 16564 507 14698 11772 12416 12001 13221 10330 9160 5507 1757 13472 17361 7858 14220 15138 14766 2964 855 4531 12570 6324
11626 15950 2318 1452 11648 7244 13116 5100 10490 13590 5988 14099 19910 151 12836 19750 1826 1681 9614 10178 10484 18020 15709 16277 205 807
247 17557 18509 11310 10647 9429 7307 18200 508 19552 17172 15399 9030 14652 1289 3638 11468 2620 8914 6892 10564 51 11401 8799 19355 5191
17285 3659 17175 14417 19671 9264 4738 6560 7266 17762 19841 1903 1879 7018 4151 19860 9228 318 17897 15187 9623 12489 17172 4903 1811 17239
14015 14657 4583 50 19376 14616 7122 1351 13817 2755 1634 10592 7406 19770 14207 14286 18198 10564 507 6855 10080 14365 6369 7917 17946 2325
8621 13251 950 17389 3361 19869 2250 753 5156 4594 14818 19288 6244 2323 3450 10284 5146 13134 11538 11339 4235 4000 591 15205 797 2427
17998 16847 6950 2075 843 838 2217 4132 2073 12653 4520 2640 7140 8831 19119 1436 9414 14711 3329 1867 13089 7699 8342 2909 6977 11473
8857 6927 11170 12339 19589 1933 2692 5551 13276 4814 9288 12898 7832 6700 11457 5063 15436 10958 16699 3956 19979 1780 7173 709 15035 10931
3552 1421 15019 17926 639 4736 5276 14466 13848 14011 956 9328 13457 4112 3810 5491 6932 6467 6300 19750 12898 12337 14092 14319 19985 9632
3019 12623 16125 14960 2604 3969 14907 15920 8871 15912 11947 17753 12820 5996 16980 14150 7418 8977 1715 12175 5096 7865 405 8830 7278 3157
19818 3607 4718 15078 5301 17410 18651 19145 7522 2815 18298 15006 5971 10675 10903 5389 9567 541 8883 18999 17034 11994 11864 12103 5550 10717
9854 1049 18855 12826 4277 462 19902 5255 1253 7391 17717 10142 12690 2822 14551 14621 13473 13362 1291 18414 10372 9572 3583 11630 4746 7586
5343 14578 3889 19089 17932 9655 17314 15584 7563 14729 10818 11849 3749 13946 14091 9355 18867 4552 1174 3890 14307 4135 7681 7222 14403 10220
8209 13259 5583 6926 6664 1329 11411 5201 5947 2196 18740 2720 7125 10194 16441 12872 10827 18740 19934 14443 4306 8343 19791 16215 8709 1802
16174 16750 10918 5856 12996 13500 19731 6137 1061 7775 19896 1962 14982 11355 16402 14001 5294 2572 11366 8094 13576 7235 1718 16443 6202 14671
1298 19816 19150 2808 19234 6099 17495 15362 7086 5451 7122 577 18479 7017 14540 4898 5587 19152 2140 19698 12825 2886 16633 7149 5472 11593
10102 14711 7380 7665 8524 18383 1308 6890 18280 1236 11303 4230 18359 19328 16903 19008 6351 5498 10196 1447 126 6974 15206 19907 18104 14709
6707 3755 15041 15764 10715 3847 9599 172 3437 12827 17843 8487 18190 5820 14250 18447 15230 10026 11947 7719 11704 9017 17432 17324 12993 1
16192 16733 13287 7453 84 6386 7396 4267 14024 15603 6162 10432 18083 16771 7720 17397 10461 5487 18029 11955 2116 13525 14559 5578 13782 10525
6799 16985 9766 13841 5796 17052 18858 16073 17759 14210 10936 19943 11211 8581 1440 2860 17565 4226 8256 12027 17503 8388 16160 11626 7134 2879
1925 411 10826 19909 8284 5846 979 14522 7446 12460 11580 1872 11020 12280 8250 16543 9563 15343 13907 18442 9786 6303 14281 11909 16553 8719
8252 971 35 11421 15387 8034 6068 1563 14385 7366 5577 7770 16852 167 3310 13478 7565 10900 6136 5258 14532 15324 13014 19784 18849 5369
4977 2592 4398 6384 17753 3012 5611 10540 5520 17446 16874 18071 1287 18250 19610 16464 12263 17343 8334 18639 10808 6321 101 11155 6974 8928
11715 17395 153 2511 16284 7681 14022 11260 5214 15434 8459 11514 13342 15678 9390 10194 18237 17816 12722 2400 3289 14331 14964 5686 14192 5423
16918 230 12515 10664 1722 216 4386 5972 8245 7892 15384 5241 18264 16902 18697 1196 1593 15191 10958 19053 10757 7360 16006 19333 9496 11808
251 864 9563 8038 3417 14949 1375 8748 220 13795 1728 6352 19041 16297 10493 15284 295 8386 14174 18096 6006 1186 2572 8613 4350 10545
19064 18693 10151 10169 17013 2751 6389 3588 10697 10805 15882 859 1227 7381 4537 17483 12823 2285 10426 15219 16985 7004 4767 17240 5990 17455
3810 16722 13468 10977 6650 6136 18474 10070 1151 16027 5689 4729 9315 18399 3283 38 16968 19192 14234 15915 7675 19543 16363 17665 12065 18820
6657 6754 1673 19802 8829 18689 7573 11997 19800 7966 13279 6562 15241 2787 10352 4883 3772 13421 3750 11761 11322 1342 11265 18114 1118 3094
10220 15092 15099 1452 10134 11869 14685 19322 8959 15550 6422 2788 13838 1499 4087 18146 6141 8910 8244 8697 16264 6692 8339 6064 1908 3884
7373 15527 10267 5604 14016 6815 6077 9069 15930 656 9971 8638 18950 15816 16664 2650 15802 15557 8540 7117 19019 16528 19933 7325 18238 12780
7513 19055 18803 16767 18929 13289 12133 1696 16655 2375 3194 1289 3930 16223 4696 8480 2180 4159 19946 16462 10481 17601 11431 5003 13422 7840
8530 11314 11720 10667 6230 15053 2112 17148 1986 6586 10898 9009 861 11505 855 2024 12422 11399 10385 3517 19731 12475 19314 15179 16511 13873
2169 6884 12804 5774 15307 2146 16602 10545 6290 19641 6842 15414 11279 7138 13191 15196 10221 3103 2603 13751 3282 6924 4759 19993 14084 11686
14475 4559 16413 18 230 16461 18713 1551 16002 8849 5489 9250 13553 13899 15181 9376 17675 9560 8626 11252 10127 15779 7464 14706 19336 19489
3781 6572 19445 2771 5286 14407 9489 15148 16748 17295 16830 5783 7319 15508 16345 806 9868 406 6945 14120 7951 6118 10911 11354 14618 1266
12145 835 4101 9419 7985 15455 16554 17078 1946 12761 16046 3449 18669 19428 6708 14950 10990 15561 8394 6838 6652 18524 15880 16803 14166 13532
476 9457 7409 6433 9141 11289 5322 4252 12396 9203 10362 77 3598 10999 4250 657 16487 19544 10612 14611 9809 1075 1643 4682 1263 13910
1050 8938 17816 9264 15222 16479 7580 9307 8668 7218 6174 5604 17183 6164 14977 7928 13151 1889 13232 15744 18095 8813 18208 12926 5568 15237
11783 6898 11653 2237 104 17250 4599 5435 10715 3597 11827 11228 19975 12701 9479 17573 950 10487 13268 18652 10748 9200 31 15482 47 11963
2364 2720 539 19957 3598 2537 17398 2272 12471 7523 9478 12380 2960 15403 10535 16372 5666 8154 1166 16496 33 3405 14796 19734 6341 11891
19646 15892 472 6206 4427 8103 3989 10817 891 14193 1257 10680 17542 16313 13999 191 9232 8637 13939 1282 7022 9169 6455 2078 6571 6421
7281 14746 175 10903 18262 9746 9690 12714 16480 4470 18552 7044 10989 4206 4815 5464 4951 13769 10205 6407 12084 19183 870 11413 8634 12786
4672 7207 14070 486 4747 19450 2450 8938 6652 4507 2944 19237 10201 6739 5738 351 649 19748 264 9175 18838 13555 2982 10811 12114 12960
13401 18196 14838 19665 11973 10588 18164 521 11198 7043 3826 19417 4559 14147 13101 14190 18291 13689 9950 8998 5517 2158 6231 5241 17205 16073
5787 2128 12558 5015 14389 1516 2457 18843 1184 10654 17287 11197 5642 9670 15869 13499 14887 14507 7449 2349 548 2247 6530 11527 2620 4809
12611 214 18331 923 15680 3172 4366 17039 4899 474 2993 10692 15242 265 18753 13346 13920 19106 3008 10595 8716 7216 5592 15376 3794 13687
11957 15547 14078 13083 487 7981 3380 689 7545 11187 19006 13686 16794 7990 8369 7115 14078 17793 13391 12408 5514 2857 4055 7786 1875 17514
16426 3863 16667 11083 15935 13725 3975 7788 2136 15211 7536 11163 12678 1259 574 14513 14332 6908 8798 10893 6573 7351 3609 10318 706 9624
541 3801 5380 3205 1996 12950 16492 16283 3766 1051 5468 4804 971 2988 10819 14507 4824 4458 122 18556 8086 14263 19703 18459 1447 14163
10310 9098 19156 2610 12509 15918 19721 9204 446 2668 19700 6845 10212 5498 8321 5001 18194 15351 19421 11775 1610 2639 6235 16625 13238 8421
9831 15878 3729 12201 825 8588 10855 12307 13887 13842 1889 36 5298 3772 11870 12618 13547 944 4272 479 3374 3892 13623 10642 6033 12997
16412 5899 9783 15768 10561 5539 4447 9959 4010 5024 17406 18614 8563 17444 5642 2525 10208 14623 8863 4734 3493 741 3167 580 11109 12836
6066 16729 7561 15953 7191 7809 11846 11374 13658 18945 10200 4660 9631 19033 5465 5095 9174 10817 17304 13755 17671 7759 18741 8966 17047 13456
6863 8139 18176 1847 17123 4404 12150 3510 16461 15349 13083 7241 4332 8090 7673 17119 7759 16800 7805 13086 15500 18757 3599 18713 14288 6370
15790 3744 1288 7271 1971 10834 17967 16527 9579 14597 5014 21 7688 19603 12035 19407 2877 10118 145 13247 2434 16924 14686 14762 7785 4184
11124 6549 12158 4532 5505 5166 314 13265 12886 12710 8547 3777 19808 12635 7777 2498 16169 12773 17858 10476 10393 3943 12711 15873 1747 9406
7599 13717 3989 10878 13376 7604 8250 13767 2400 13890 4510 14056 3869 14477 16954 161 2130 1051 13611 18443 2938 7268 5662 19026 3943 13043
14317 2830 3743 3871 9697 9676 3954 16691 16080 584 13137 18218 9545 19985 2995 3295 15571 5576 4160 4781 9447 10470 1877 14551 9712 4674
6218 4991 16466 11252 4777 2780 15741 12919 15267 5704 15204 6681 8642 668 17501 19827 18008 3688 4999 445 7516 6353 3321 4500 18142 19750
16472 11455 13447 2552 14248 5204 5591 13897 19164 6601 3793 19519 6267 16004 18325 11234 17397 15303 7062 9235 7261 14905 6291 17885 16173 13000
5483 10082 17239 11492 17832 9870 9569 3457 9599 8263 10436 2469 1666 10682 8283 8086 13681 908 11685 8875 13585 11173 2538 13784 15278 8782
15889 3375 5888 1759 13316 19006 16931 19173 8958 2241 9242 16358 13742 6816 10261 5586 10593 15170 599 16973 7150 11939 10223 7066 3513 7738
10663 15654 13555 14172 9106 6667 12380 4138 5308 15848 14587 16852 2853 10260 8425 3686 15967 9155 4857 14280 5628 3654 10458 2306 17995 5001
9489 16429 6176 5333 18173 18900 19488 18621 12014 15510 10293 766 5028 19310 16533 7584 8295 6353 17246 7602 15128 8998 10228 10728 6438 18940
14440 18120 148 13325 9613 16080 8551 8852 3236 13306 10716 5514 2323 6842 125 3754 4581 18263 11242 9121 17357 2435 9728 19153 1898 7641
508 14771 8986 15974 17516 13503 17548 2151 13384 4178 8495 14273 6410 16139 5485 11683 5212 1131 1696 1244 1443 3079 19926 8896 6591 3567
2812 1635 618 18484 19156 9238 18580 2850 131 16931 9070 12725 17836 282 2969 5811 6378 8377 10778 5674 5255 11015 19387 17622 1130 3290
7299 9094 6000 19293 11635 17960 15493 16663 19846 2769 1050 12839 16298 2232 12755 8362 377 12102 6484 8465 12330 19537 5796 3134 17826 18396
17821 12055 17637 13288 884 13905 8347 1253 4194 6372 8055 5624 8075 19508 17769 19991 19693 18797 16884 12984 11863 11913 16041 747 17932 16142
15750 12678 17846 11647 3756 7730 9294 10243 8291 1531 15043 2937 1447 17224 15799 14537 3215 13414 18770 951 13035 18392 463 6806 15510 19676
17599 3468 17312 2824 8405 8211 11341 16702 17578 2311 13064 2502 3321 11854 15763 247 19465 19773 18038 6033 12287 13238 1440 6370 14431 5442
15249 1398 11487 3400 16306 4783 7999 17007 11728 5097 14945 19455 1385 17411 3878 2997 3661 2488 13211 15846 4807 4321 9180 7150 14146 9594
1723 18119 7690 1786 12002 12324 12186 13048 19931 659 3002 19785 12787 11924 1411 11647 12657 3283 4711 4985 12121 2432 10613 9634 16091 17920
12492 12970 3546 6021 566 2966 7464 4505 11696 5933 4871 15034 5432 18958 6855 16591 4317 12158 5088 10319 5688 13382 19487 19928 8664 4503
19971 10088 11701 15585 6063 1303 11354 6048 14749 8074 17394 5327 2749 9606 172 17133 8413 7582 9379 11481 9475 7803 2485 2395 3722 6076
2988 7251 3032 4406 6764 13654 6565 1955 4766 8246 13463 1634 8331 12663 9886 11497 1321 16343 1646 1378 17367 16697 4519 4924 16272 6948
5228 725 5722 5960 4136 12379 13480 11501 16161 9512 11132 6275 10722 16700 272 2891 326 10574 2651 3672 5053 2432 16008 9548 6688 5753
16228 8085 6473 19479 127 4538 16565 6350 2664 5755 1502 13116 17011 2449 12953 11272 8965 18496 13132 5134 4304 1431 10203 18661 1631 9232
8655 18542 5771 459 19873 17543 2765 10028 2577 7930 14707 13180 18259 4906 17228 1650 15573 12908 16811 14415 3412 151 11985 977 604 5659
11119 9866 2312 10273 16815 5920 5336 12244 10307 12369 3737 7905 15986 13709 18386 3542 13450 13671 2271 19534 9999 19571 4999 4506 8553 9512
1330 15571 18985 3107 4040 2459 2547 16709 19108 8332 5520 10629 17474 11741 17067 17543 9042 12776 7880 1828 9047 10070 10208 5264 14380 10549
19235 19523 14582 15998 7973 11254 4795 4948 11352 1159 15026 14287 1615 19119 9933 19665 8384 1669 12351 16694 7235 15719 3308 8206 18049 7806
6793 17820 5762 14326 14929 5429 14809 436 3743 11283 18244 16804 8512 13143 12930 13388 2878 5813 2181 8859 12214 2052 7323 3418 454 4036
3626 5123 11883 5498 3008 5234 1334 12529 1011 11019 4668 16144 4008 7406 16789 7830 8910 18717 6674 9310 4147 19782 18931 1984 3912 17331
15125 1285 17509 3292 16478 12404 9791 12466 1236 8011 11442 16991 7678 7760 1420 4938 9419 589 3252 4077 4861 3163 9075 14176 15791 17356
14220 18771 5454 9402 13328 11639 15811 9101 1602 18254 18190 16044 14630 2523 15351 9578 10968 6658 555 2858 16354 407 6390 10318 8015 13626
9061 6537 4616 3050 13984 17014 5901 5509 13768 9466 7608 5060 13540 5490 8563 19222 12807 1898 11822 3435 7375 12789 5669 15989 13489 8536
14565 4253 8339 19786 1968 10304 9843 4107 3266 7783 19022 15651 18873 10220 14954 11502 13294 11953 10725 11446 4906 16858 17077 14797 13721 1117
17926 14208 10855 4713 14146 6730 19523 4634 18309 14333 9409 1828 18747 17302 17051 7099 8122 19262 18792 14594 13838 8365 17757 1012 18897 5021
9747 3958 2768 5306 17437 2637 4233 11270 8758 1127 5857 19332 18670 1519 12608 18656 2504 17106 1459 5458 10090 2812 10180 19599 3594 7446
6975 8537 15148 11681 2361 19053 3913 19384 2385 11886 14170 9308 10541 1766 3912 15084 15040 9241 17423 668 1927 19905 2718 9694 5757 17641
18368 6523 15085 540 941 18666 11991 12496 18167 2054 7252 14236 2384 18510 15836 15322 5178 1273 16579 19664 18959 18080 1953 7345 3620 881
6132 19222 3474 17091 7377 696 6043 4665 19455 12145 4375 10332 17879 5503 14487 813 6144 11219 14522 14065 13668 12704 3492 8084 12264 6345
3476 18924 680 9801 16675 6601 70 8532 14701 368 7846 15058 14774 483 496 14470 5118 1515 2613 9393 9355 2537 10800 14012 661 5606
3972 11565 531 9632 2988 17948 16016 4521 3940 17623 2160 11565 8809 19461 1616 3214 7710 15879 18834 6683 11923 6911 16473 11855 8836 19239
15539 17269 31 15885 15763 2691 4952 6403 7183 7586 13544 9458 12266 17395 878 12100 5750 15224 5117 8734 2750 19117 18491 873 19843 19426
19575 14830 1190 17541 10218 19189 19149 16002 12731 5885 4695 13317 14970 15409 8976 10908 14885 4824 13960 18316 8093 5769 15107 4877 18132 17773
3886 9869 11573 5867 8951 2917 19214 10236 14825 2394 11919 10357 15364 14210 15276 201 13129 14475 11185 13610 19987 9065 5540 11611 28 17475
3151 962 19306 18258 848 4922 2896 18866 6521 2336 1674 5556 5425 6291 5375 7615 3800 19272 4179 5568 11337 9830 17986 16914 8379 1730
17024 17727 10111 9857 452 18240 6203 11277 15011 5299 6690 6791 16469 11496 3237 9369 19938 5149 19876 3230 17675 14587 10228 10124 7618 16010
14500 15612 1330 2162 11423 11291 18744 8034 7536 4947 4146 18190 14247 11813 17215 12315 5743 5205 15580 10416 12129 17309 1484 9201 13372 10355
2819 16705 10874 12669 10630 10225 7726 15029 2592 13 7226 19868 15543 17116 3649 17831 14765 2212 17687 15186 19734 91 162 736 5421 13734
10031 6198 2702 18262 4485 4262 6970 3728 18835 13851 7758 10885 16434 2000 8085 14407 5013 483 18 1544 3520 988 13609 14277 17287 9744
3654 19748 7894 8666 12018 15189 16107 3413 11406 15420 19709 14784 19153 1673 17466 12552 3525 2665 14698 6974 11521 12679 14756 16483 5894 14678
4937 15968 5226 10934 16008 11106 4709 12504 8545 6508 9420 766 7918 268 15697 15496 15917 14366 12642 4659 2174 12862 3809 15857 5852 14682
17152 6806 1596 525 17002 2511 7569 2215 7977 260 6615 1083 19660 734 2647 12389 3127 6004 11505 15729 18869 12566 6730 15039 14030 9882
16368 9465 466 9994 10181 4490 8040 19511 14164 14551 12368 2122 15829 5942 2337 13727 2211 1634 12920 14524 10619 10907 19843 8888 17991 13990
13401 3474 14864 13031 3366 15668 8243 16470 12943 2778 5858 14518 15803 10574 18499 1359 14565 6913 5707 13763 1583 9378 13516 18454 13802 11610
10967 16194 15470 7232 4016 19694 8611 9451 267 3796 11985 7766 7285 13057 17922 2444 7198 2921 5289 4690 13421 9010 8845 19729 16872 4715
7935 439 19741 12462 8061 7312 5410 17892 14289 790 7763 3869 15604 8153 17451 3134 11784 2984 11853 9900 7412 15426 1616 5222 17760 18237
12644 15309 17697 17144 12531 13105 16665 4320 7821 19811 3040 13279 9581 11757 18555 17078 6794 3379 11136 15136 15786 15335 14958 7430 18509 14709
5893 19694 5276 18029 14014 4398 17511 12493 7697 11191 6658 18336 1934 18724 5894 15979 3082 4314 2685 15999 3973 2494 12484 3645 16908 18968
16309 19594 9596 6804 4971 3495 8556 14680 8173 11828 14726 11373 2355 5772 16359 11371 17378 8619 19679 2708 11981 9864 2868 13403 10820 19446
658 4976 3242 132 19605 16831 16183 2642 5721 18605 16986 3834 3886 11752 17192 6929 14711 7473 15107 10462 9629 17046 1187 6939 15760 2543
8311 10518 6055 3463 10869 17708 1959 11685 14150 1656 17971 12487 14585 721 5639 5724 19690 16847 4277 3871 16918 5856 19316 8078 4907 10919
16076 18409 18587 8869 15704 14381 7369 7263 17742 14828 5229 8257 17374 4481 16670 12523 15226 11418 16099 5590 11707 19062 10596 5849 9586 5310
16655 15419 7211 5756 16353 8330 14459 1194 9489 7924 17779 12299 3652 3077 18691 3165 6811 7165 8861 11440 180 18851 14154 15143 7702 16700
123 6841 9545 19538 14197 4180 11347 3674 11205 6348 5109 4474 10231 17248 9466 11868 15546 7856 13963 19986 14959 11408 14276 9440 9796 2615
13621 8547 4589 19189 12058 14156 13507 17645 5411 12784 2219 5124 9580 12995 5893 12088 9536 17995 5488 8397 4192 8319 16909 16043 5806 16525
15601 12708 5652 15203 2687 638 9529 5982 5071 9201 6289 9193 12155 17751 11371 9460 8878 8037 15839 1773 16922 5963 8364 13341 12153 12850
6706 10071 3266 9223 628 1740 14202 17901 15325 13484 6551 16029 10529 1896 5888 19812 16584 19954 18525 8294 1704 3765 3249 5180 11326 8461
13601 6599 12155 1882 17296 6087 15011 14463 4233 15775 8057 3057 16782 19164 10652 8883 3071 17980 16033 12077 17365 18588 19586 11882 10885 13867
8244 15603 15223 11358 565 17406 7167 11553 2935 3160 10021 9984 17345 3612 10209 11364 7696 5554 17131 33 877 17690 4235 6034 15001 2923
5425 18065 11700 13636 16838 8217 1593 2066 11803 4099 17941 18958 16248 14637 8046 17528 19070 14539 3852 18440 7933 19053 15567 5273 3281 11135
620 6007 4925 19270 406 11692 14630 18391 353 1184 8104 13073 13476 19602 16291 19427 11988 10834 2767 6976 9101 10973 12200 18590 3239 6711
19570 1663 8892 16125 10577 11304 5375 8467 12468 6311 8616 1404 1617 18314 8957 10578 888 823 2871 9170 14806 15427 14781 3418 10317 7064
7581 17893 7242 14784 8049 11164 14072 10907 12976 11168 12496 17372 4040 15720 19476 4683 7974 11200 11348 18614 16013 5366 2579 11115 4972 17984
3799 1338 14229 14713 12806 19996 11875 8237 1083 7350 6753 12760 12001 5688 16342 4802 17896 14334 14030 15186 18179 5209 14410 10818 2381 11908
350 16154 18551 12813 14585 387 6005 3290 2422 2152 3005 6505 450 11213 14892 15739 13480 10267 6822 2018 11042 2660 5675 19773 10410 7456
2408 14686 19566 14231 5378 2753 15697 17 7744 1751 3913 19939 12803 283 14963 15669 13653 2017 5908 7404 6132 19452 15853 11321 6521 3558
72 10236 11946 19586 8091 14545 12750 17367 7663 8922 17448 5453 16553 12897 10723 18713 11391 17293 10815 8923 16496 5124 9220 935 10466 9965
894 15768 17652 17767 17997 1007 2759 16651 1313 12118 4495 11044 17072 15776 8340 8284 11598 524 5923 14684 7048 3402 4859 3247 4152 5703
6653 5032 12615 18159 7763 9960 2208 940 17117 6538 8263 18156 18681 954 17144 3534 6765 8121 4278 14827 15610 14178 18373 3843 7144 18005
13613 11359 17421 14264 375 13559 8865 8609 8080 3591 8756 10991 17643 13337 12576 17919 15394 19474 3310 5238 16314 19871 19076 2513 14256 2981
13547 5539 7177 9337 6256 12178 11599 7160 8399 19955 19473 19484 3008 19741 3434 14359 3931 3961 225 12706 1686 1884 13547 8400 4602 9522
12815 17633 10069 981 16463 10839 12794 17837 8404 269 163 16998 10662 2666 18768 4528 10599 13592 8288 6486 12275 9319 14456 15872 5525 3294
9626 4591 8421 13606 11021 9273 5504 5914 15904 16675 507 8208 13920 1566 10433 12454 16478 19965 16859 14450 4430 7219 16875 8637 7833 2693
5203 19686 16796 19457 11419 6344 13297 9382 13239 10461 3792 4595 4663 18007 1122 8976 11143 11173 11590 16338 6562 12840 14755 14181 14223 1102
10121 7772 12773 3489 1736 19175 10887 16011 17719 8100 1731 17850 4633 3903 1595 15183 16971 11461 316 5863 13566 17376 3339 6082 19481 14220
13953 13244 3849 12929 2317 3464 18476 12442 18019 1774 15472 459 14735 2390 19375 15641 7013 11112 8211 4924 12230 11488 5364 13887 16277 16945
18323 4999 7053 13937 11975 9036 15008 17637 16490 2010 14026 9947 2177 5557 16882 10411 11750 10664 7980 5952 13270 320 13899 19304 3554 5852
7021 10296 884 10991 3150 1977 18402 12107 15421 6403 114 2181 3230 17235 18764 14785 7407 19528 12252 12824 1636 301 17040 8906 8337 11300
1736 7093 16977 16586 10546 18785 14903 4400 2254 5756 19431 14458 3923 5884 19423 15899 1867 8229 9515 19491 9766 15836 11674 7140 8056 10445
11432 17693 9176 591 5757 8946 14349 932 598 19736 15633 816 14012 17069 713 4240 6123 19088 8449 8034 8985 5859 4335 2467 4672 1852
818 8940 18039 30 14214 17576 14031 4602 4709 653 17142 14963 5244 15134 14650 14655 292 7836 2586 1145 17515 18736 1873 12854 14505 10950
16371 11529 8504 10249 17271 8649 14875 7898 15053 12493 11925 11296 1686 3832 8966 19136 9106 980 8958 16412 3802 7386 8109 15061 6012 13048
3710 10291 5789 18696 17637 6300 3309 9948 1591 11328 8963 19077 19913 14187 12138 12930 16033 3938 9628 12005 4451 14587 13809 6700 13383 13380
18499 5481 14922 18176 16195 3571 2274 476 14020 11310 4602 14653 11235 8985 8633 19819 13728 12693 18839 16942 11084 6297 7808 17784 1743 19988
10838 10503 17138 5131 6678 6980 19695 8582 10249 9980 9169 11819 13878 14315 18078 4599 9529 9232 15596 18311 9350 207 7349 6594 14522 15449
6566 13087 8559 7041 8450 14876 5684 16325 18361 18686 1120 7138 5551 12867 3877 15810 8972 8772 16436 17866 17416 11247 19764 19885 17934 19498
3515 5664 5022 10611 18095 3516 9355 19375 10747 19647 15813 15619 19964 18254 17856 13735 8264 17711 5498 3249 1896 1235 16497 1103 18769 17381
9904 4223 6870 18447 537 15906 12310 4968 16179 11982 9343 13230 8071 590 4409 9494 449 36 630 18618 17661 8809 4835 18642 13409 16095
12514 16951 18851 6988 6483 15823 1076 4392 2702 13644 2925 2338 2998 13429 9139 14821 678 19150 13948 8396 15672 13535 8645 2695 5700 18600
16885 5719 3294 11005 12811 11112 883 13905 11800 3387 14782 3487 9392 17622 3623 1659 17287 13571 9626 9991 5851 16108 5378 1674 14203 14593
18688 17104 1929 19763 1396 6 4669 6187 1865 17775 11032 14074 10657 1333 1781 15490 8315 9890 9098 2273 18639 6936 6844 13324 17887 5734
14854 7849 16704 8960 9669 11346 3193 19352 3734 873 3358 3110 14467 511 13218 18401 8428 8271 12511 9982 13660 18349 15563 10466 17186 18372
6536 13524 668 12710 17227 4395 4911 5527 3331 15566 6763 2039 10958 5417 12182 12074 15428 1587 9013 12658 3675 5466 3094 6957 1377 4804
4081 5349 19112 2792 9540 7776 2004 17236 18999 6949 17491 8330 9080 6633 15527 2924 8335 4007 3224 9311 19392 7555 16644 18406 7288 9462
6865 558 1531 7335 608 3996 16654 7775 16553 18893 4828 11179 2778 7504 13560 2133 9236 16144 16842 13478 7195 5071 1104 3873 13177 10190
10854 512 15182 1759 2081 7008 17113 12487 1606 2449 19198 4215 4720 16739 5944 19577 4691 6245 6074 5859 14393 2250 8291 11229 15055 13731
12300 16741 18374 10785 4785 1429 5292 14676 5598 18861 7906 14868 337 13054 4536 19579 13494 9854 11413 4412 3776 5788 9638 19019 16423 12917
1858 5996 19162 3878 8888 6016 7131 2455 162 13810 3184 6498 2519 6947 14506 9662 4216 4447 18614 4629 12341 4978 1735 7568 18399 12016
2978 18628 2758 8177 17526 180 3880 862 1653 3241 5511 1960 3821 11060 8832 9238 19369 1264 14245 9052 6061 11033 177 6979 2651 8464
17966 12603 2371 19904 18362 8068 18619 8293 692 8410 18937 18376 18645 17796 5238 16079 7973 16669 3024 6292 6429 19850 17946 14548 17030 9749
78 16586 18490 12554 17453 6005 17904 562 7209 11273 1914 10256 16646 15040 13963 1284 10864 15462 5386 2020 15670 17770 721 8685 5386 17469
11830 18663 9958 14214 12019 17365 16169 16559 3258 18753 14598 5286 608 17395 15916 18584 15957 13753 1273 13224 348 18573 18407 6218 4298 15986
16118 8025 1875 10042 3055 11945 14866 14492 8550 4487 4417 12493 13680 979 18837 11971 16537 12127 12057 4108 10175 5204 3605 3820 4180 7203
9395 85 18181 15389 4349 6948 9487 10116 8488 19855 12078 4438 11478 1332 13935 10456 10192 19211 17132 9459 5437 7932 176 16807 16794 10438
16094 17513 11053 6627 14084 19604 13433 16734 15017 8636 14162 9106 10196 15861 4106 19212 4128 15030 7781 1053 16787 12018 19799 1938 4082 14914
13312 4602 13322 8783 12775 10764 12563 4820 2118 2399 15685 13520 16601 16985 5389 15179 16779 16574 2530 13248 12191 7890 15399 1358 5624 18609
17524 17675 7548 16321 12785 5965 12710 2347 13513 16331 1861 10906 18795 15174 11968 3287 4111 17047 10933 13029 15798 7320 16894 4630 14757 17876
449 2983 9616 15115 9823 16605 7318 4063 7215 9650 11406 12391 17987 12213 8419 6230 11731 6721 6702 7488 11758 5070 17193 19185 18835 15534
1501 17080 5875 9004 4166 19697 16421 2189 12054 4451 5228 2511 7428 15309 11711 6099 11318 8413 16330 6166 7809 3718 2152 4409 14706 12161
3401 12272 9359 10585 14808 19743 17805 10281 16870 16260 10954 1922 17290 15023 1891 1483 17889 9590 12035 8523 17326 11731 2750 18923 17013 19900
17631 12930 16795 480 11729 6674 12363 2735 11593 12180 13161 19985 19697 6260 9053 10578 19103 18268 3924 17931 13364 4214 4449 10811 1351 4566
4791 2625 2415 7586 368 14476 1669 6796 4689 17459 18003 13043 14499 19528 17916 18579 13507 18505 16859 377 538 18285 16554 13019 15243 13069
5329 14335 16990 15955 7312 6155 2944 4426 16983 11354 6950 13744 3362 12942 1520 3875 9112 3272 19583 614 705 2379 1283 13063 6429 5565
2559 9112 13307 4376 39 5704 6002 145 18161 5283 2253 6398 13209 9240 18652 10646 19629 12483 748 14310 10165 17073 8800 1737 10706 12077
13918 17073 11653 12984 10634 17465 2784 3266 14376 7352 16475 7817 10534 9414 10674 11101 12651 5185 2242 1826 7218 12858 5329 13304 17014 16310
983 18146 888 18115 13633 7527 11350 10999 8074 926 109 14803 13912 15455 11374 16956 8068 13946 5747 11059 19416 10393 5026 8330 10547 16008
15421 10552 13483 3427 9902 6352 8371 7781 14678 15979 13804 11800 19560 1762 7885 5281 2940 13360 15891 4481 17613 577 16881 3036 7875 18699
3263 13937 784 4948 16554 4730 16371 17131 14149 3258 3052 19533 19243 2630 3215 16959 12568 10696 7166 4001 15084 12971 1377 13083 13304 2727
7051 10655 10572 17990 16608 2120 2940 18408 16135 18281 941 14802 13956 16291 18762 19337 8287 13277 8507 9229 10797 5276 11743 131 10593 15957
18701 16072 18330 13732 2514 4659 18281 10663 8348 6870 9479 10815 11771 18785 6728 10388 12186 15655 14933 8019 17285 10205 47 4818 13132 5265
896 19759 9993 13104 15036 10710 15384 16134 5321 13448 4802 18850 14954 15341 16855 10136 10113 18926 14965 5759 11303 2351 4703 9913 13107 10000
16461 13084 12218 17467 15663 10196 12236 16474 16666 12190 7731 19198 6041 19402 14027 3664 15069 3709 15838 8740 12251 7964 16401 6277 7656 10283
10758 18581 6095 9954 15503 8382 8065 7769 5190 7997 18977 7719 399 8353 11876 243 6045 2781 4362 17172 14291 5283 12406 7003 2313 9950
5762 10239 1227 18992 7883 16966 11014 9812 12717 1140 19913 17147 2996 16528 15126 14395 8122 18817 499 451 10941 5340 9076 12017 13347 17028
5085 1894 12734 4103 11932 3438 16949 11376 9517 16814 11427 2016 8499 1049 9856 15738 1979 9938 3317 5238 7751 18635 7675 1073 15126 1105
14226 3597 13464 1751 1792 18825 4741 6468 17786 4308 10923 1546 13281 3437 9072 14827 5792 5592 4352 15316 13239 19077 16887 1969 9348 9051
19623 18251 11666 19436 18170 561 16168 5550 4972 13735 7212 10688 15109 11917 2418 5512 19642 1778 13440 6754 9216 15265 12307 7786 14882 4426
3763 1550 11574 11535 2755 17168 13363 2491 8500 8695 13116 9055 4726 5361 7214 19618 540 14627 8925 16921 19725 13234 11409 9077 17427 10009
6981 9468 1723 5845 609 7359 502 602 8546 17430 8125 16211 10272 3659 17597 8342 7977 17612 90 13185 4604 1186 11874 9490 14091 15818
1393 19356 40 1025 13949 8657 14342 15859 15151 3042 8400 10201 3506 14531 6902 4595 11842 4454 5568 1493 17815 10378 17325 14055 9167 9147
5045 11240 9304 15483 12871 16482 12202 12867 19296 7435 19667 4635 19190 9482 19507 17925 15863 1753 17908 6852 4292 10993 19918 6107 3265 11425
12035 19467 5967 8418 16205 15205 5885 7918 2907 19578 18526 18138 853 18841 13967 17900 6965 2986 10160 16407 14991 13288 18494 11411 1744 15534
5718 8821 9940 6691 14086 12021 13597 9841 12530 10780 16194 6203 12303 18056 9681 6413 12395 8905 13085 12103 12082 17458 17251 16224 19008 14827
15804 14801 10507 12014 16004 11801 15275 10196 19395 7924 4390 12087 4716 1375 12713 16737 1817 11184 2238 8697 14614 18250 5050 15315 16471 315
14976 8488 5608 6717 14569 11172 3474 11923 12746 9257 17399 18703 6997 1811 2659 10168 6336 6238 4781 19289 17496 3529 12973 9374 8059 11491
13961 2783 3870 19085 1574 1452 14239 15613 15591 5530 14275 13388 14987 18137 16472 15637 8682 9055 174 16395 10244 4546 10073 454 12606 6680
14649 12686 13871 14584 18765 17240 17595 15785 10126 17429 4393 13677 17989 14925 19549 4137 1250 17168 10548 16195 7236 17257 18568 4186 3804 10824
7625 18011 11708 10434 12724 7483 16020 14969 18186 17824 11170 11120 14224 6615 3202 12092 112 13653 11331 17857 14222 14821 3814 4134 8276 2850
12300 8065 14458 13333 11256 9523 1878 12034 6522 13556 7371 2650 11668 4763 6719 6415 9736 15362 97 17793 6142 14670 19522 5347 16214 17328
13602 11230 18767 11751 19483 1501 10596 5031 11443 14949 15560 8783 3466 4399 1350 17719 14866 5962 6582 17471 11440 4540 10188 18654 11738 1568
9289 18977 19222 8457 17368 11410 19660 15806 5417 16330 1054 767 15894 15477 18004 1988 15981 19608 7459 18186 11826 13573 3813 2338 6495 14234
3144 18260 9320 15750 15898 19212 9035 4639 14557 13335 8548 6064 14778 17839 2720 5708 15506 12450 16761 5920 10906 4423 14307 13310 10995 7982
6185 9044 5295 1049 16048 4976 9932 5385 2904 2585 11292 9873 4588 7583 11079 8536 6746 11617 13633 9428 9672 15869 2744 15050 4056 10884
5186 11800 7471 12551 17367 8746 15699 4313 4270 5160 6659 15884 8331 8097 14244 1052 9934 7309 14688 14924 16285 627 7880 15484 2691 9769
2318 13003 6306 16127 4612 4311 18664 3933 8847 5711 10983 16320 12839 6257 406 7792 11366 16741 14348 19330 14716 14601 10561 18053 19679 11492
9952 18937 10715 16958 9079 1851 8803 9497 16130 482 10285 5895 11679 3575 5483 4829 3214 17728 3704 17793 7806 916 3299 10199 4520 2378
7624 5407 7401 12106 18768 18864 8977 17375 12120 12237 6410 6610 2026 19038 18792 12343 12874 16649 12320 12380 13172 1484 10094 1654 16300 7280
6770 168 8403 9744 8187 9824 9440 12992 3236 1037 5970 1455 3470 13183 12724 10044 9761 5716 1006 18679 732 10679 4987 4480 13929 17988
7813 19774 13666 15933 10662 8530 17390 4974 3121 12502 2642 1605 4046 10873 12533 9376 741 9193 4798 5981 3095 15488 13441 15121 18288 19063
5356 10996 10829 4590 17780 19356 6999 10621 6530 17734 18651 10628 6918 19412 16267 19541 10043 12151 19435 19630 19527 1466 10200 8102 346 690
17263 9865 1340 13330 2334 10052 18048 6174 19293 9983 15142 14649 8633 13726 9550 3905 3548 15589 19389 7801 6064 11647 7086 11895 11272 10890
7700 15305 9533 6709 19267 10750 16450 3508 9053 1793 13217 2829 19740 16400 11406 535 2317 11469 2590 15361 14734 16428 1736 14267 16790 6994
